4 0.051562 0.050000 0.079687 0.050000 0.079687 0.125000 0.051562 0.125000
4 0.070312 0.046875 0.098437 0.046875 0.098437 0.121875 0.070312 0.121875
4 0.100000 0.045312 0.128125 0.045312 0.128125 0.120313 0.100000 0.120313
4 0.123438 0.043750 0.151562 0.043750 0.151562 0.118750 0.123438 0.118750
4 0.148438 0.050000 0.176563 0.050000 0.176563 0.125000 0.148438 0.125000
4 0.173437 0.046875 0.201563 0.046875 0.201563 0.121875 0.173437 0.121875
4 0.196875 0.045312 0.225000 0.045312 0.225000 0.120313 0.196875 0.120313
4 0.226562 0.045312 0.254688 0.045312 0.254688 0.120313 0.226562 0.120313
4 0.250000 0.042188 0.278125 0.042188 0.278125 0.117188 0.250000 0.117188
4 0.273438 0.040625 0.301563 0.040625 0.301563 0.115625 0.273438 0.115625
4 0.295312 0.050000 0.323437 0.050000 0.323437 0.125000 0.295312 0.125000
4 0.325000 0.043750 0.353125 0.043750 0.353125 0.118750 0.325000 0.118750
4 0.350000 0.043750 0.378125 0.043750 0.378125 0.118750 0.350000 0.118750
4 0.373437 0.048438 0.401562 0.048438 0.401562 0.123438 0.373437 0.123438
4 0.396875 0.046875 0.425000 0.046875 0.425000 0.121875 0.396875 0.121875
4 0.420312 0.046875 0.448437 0.046875 0.448437 0.121875 0.420312 0.121875
4 0.451562 0.048438 0.479687 0.048438 0.479687 0.123438 0.451562 0.123438
4 0.470313 0.048438 0.498437 0.048438 0.498437 0.123438 0.470313 0.123438
4 0.501563 0.042188 0.529687 0.042188 0.529687 0.117188 0.501563 0.117188
4 0.523438 0.040625 0.551562 0.040625 0.551562 0.115625 0.523438 0.115625
4 0.548438 0.046875 0.576562 0.046875 0.576562 0.121875 0.548438 0.121875
4 0.575000 0.046875 0.603125 0.046875 0.603125 0.121875 0.575000 0.121875
4 0.595313 0.048438 0.623437 0.048438 0.623437 0.123438 0.595313 0.123438
4 0.621875 0.050000 0.650000 0.050000 0.650000 0.125000 0.621875 0.125000
4 0.650000 0.040625 0.678125 0.040625 0.678125 0.115625 0.650000 0.115625
3 0.039844 0.114844 0.091406 0.114844 0.091406 0.203906 0.039844 0.203906
3 0.083594 0.119531 0.135156 0.119531 0.135156 0.208594 0.083594 0.208594
3 0.136719 0.114844 0.188281 0.114844 0.188281 0.203906 0.136719 0.203906
3 0.185156 0.113281 0.236719 0.113281 0.236719 0.202344 0.185156 0.202344
3 0.232031 0.117969 0.283594 0.117969 0.283594 0.207031 0.232031 0.207031
3 0.278906 0.117969 0.330469 0.117969 0.330469 0.207031 0.278906 0.207031
3 0.328906 0.111719 0.380469 0.111719 0.380469 0.200781 0.328906 0.200781
3 0.372656 0.119531 0.424219 0.119531 0.424219 0.208594 0.372656 0.208594
3 0.422656 0.117969 0.474219 0.117969 0.474219 0.207031 0.422656 0.207031
3 0.472656 0.116406 0.524219 0.116406 0.524219 0.205469 0.472656 0.205469
3 0.522656 0.117969 0.574219 0.117969 0.574219 0.207031 0.522656 0.207031
3 0.572656 0.117969 0.624219 0.117969 0.624219 0.207031 0.572656 0.207031
3 0.621094 0.114844 0.672656 0.114844 0.672656 0.203906 0.621094 0.203906
3 0.664844 0.119531 0.716406 0.119531 0.716406 0.208594 0.664844 0.208594
3 0.717969 0.119531 0.769531 0.119531 0.769531 0.208594 0.717969 0.208594
3 0.763281 0.121094 0.814844 0.121094 0.814844 0.210156 0.763281 0.210156
3 0.813281 0.119531 0.864844 0.119531 0.864844 0.208594 0.813281 0.208594
3 0.861719 0.117969 0.913281 0.117969 0.913281 0.207031 0.861719 0.207031
4 0.044531 0.211719 0.074219 0.211719 0.074219 0.300781 0.044531 0.300781
4 0.071094 0.203906 0.100781 0.203906 0.100781 0.292969 0.071094 0.292969
4 0.100781 0.202344 0.130469 0.202344 0.130469 0.291406 0.100781 0.291406
4 0.122656 0.208594 0.152344 0.208594 0.152344 0.297656 0.122656 0.297656
4 0.146094 0.208594 0.175781 0.208594 0.175781 0.297656 0.146094 0.297656
4 0.171094 0.202344 0.200781 0.202344 0.200781 0.291406 0.171094 0.291406
4 0.194531 0.207031 0.224219 0.207031 0.224219 0.296094 0.194531 0.296094
4 0.219531 0.210156 0.249219 0.210156 0.249219 0.299219 0.219531 0.299219
4 0.246094 0.208594 0.275781 0.208594 0.275781 0.297656 0.246094 0.297656
4 0.272656 0.211719 0.302344 0.211719 0.302344 0.300781 0.272656 0.300781
4 0.300781 0.210156 0.330469 0.210156 0.330469 0.299219 0.300781 0.299219
4 0.321094 0.208594 0.350781 0.208594 0.350781 0.297656 0.321094 0.297656
4 0.349219 0.208594 0.378906 0.208594 0.378906 0.297656 0.349219 0.297656
4 0.372656 0.211719 0.402344 0.211719 0.402344 0.300781 0.372656 0.300781
4 0.396094 0.205469 0.425781 0.205469 0.425781 0.294531 0.396094 0.294531
4 0.422656 0.205469 0.452344 0.205469 0.452344 0.294531 0.422656 0.294531
4 0.444531 0.205469 0.474219 0.205469 0.474219 0.294531 0.444531 0.294531
4 0.471094 0.203906 0.500781 0.203906 0.500781 0.292969 0.471094 0.292969
4 0.499219 0.202344 0.528906 0.202344 0.528906 0.291406 0.499219 0.291406
4 0.521094 0.203906 0.550781 0.203906 0.550781 0.292969 0.521094 0.292969
4 0.547656 0.207031 0.577344 0.207031 0.577344 0.296094 0.547656 0.296094
4 0.574219 0.203906 0.603906 0.203906 0.603906 0.292969 0.574219 0.292969
4 0.600781 0.202344 0.630469 0.202344 0.630469 0.291406 0.600781 0.291406
4 0.624219 0.211719 0.653906 0.211719 0.653906 0.300781 0.624219 0.300781
4 0.650781 0.202344 0.680469 0.202344 0.680469 0.291406 0.650781 0.291406