4 0.004890 0.013802 0.024694 0.001267 0.061464 0.059357 0.041661 0.071893
4 0.078431 0.001267 0.098235 0.013802 0.061464 0.071893 0.041661 0.059357
4 0.095288 0.011293 0.110818 0.028847 0.059328 0.074402 0.043797 0.056848
0 0.033594 0.058594 0.069531 0.058594 0.069531 0.072656 0.033594 0.072656
4 0.089182 0.028847 0.104712 0.011293 0.156203 0.056848 0.140672 0.074402
4 0.101765 0.013802 0.121569 0.001267 0.158339 0.059357 0.138536 0.071893
4 0.175306 0.001267 0.195110 0.013802 0.158339 0.071893 0.138536 0.059357
4 0.192163 0.011293 0.207693 0.028847 0.156203 0.074402 0.140672 0.056848
0 0.130469 0.058594 0.166406 0.058594 0.166406 0.072656 0.130469 0.072656
4 0.186057 0.028847 0.201587 0.011293 0.253078 0.056848 0.237547 0.074402
4 0.198640 0.013802 0.218444 0.001267 0.255214 0.059357 0.235411 0.071893
4 0.272181 0.001267 0.291985 0.013802 0.255214 0.071893 0.235411 0.059357
4 0.289038 0.011293 0.304568 0.028847 0.253078 0.074402 0.237547 0.056848
0 0.227344 0.058594 0.263281 0.058594 0.263281 0.072656 0.227344 0.072656
4 0.282932 0.028847 0.298462 0.011293 0.349953 0.056848 0.334422 0.074402
4 0.295515 0.013802 0.315319 0.001267 0.352089 0.059357 0.332286 0.071893
4 0.369056 0.001267 0.388860 0.013802 0.352089 0.071893 0.332286 0.059357
4 0.385913 0.011293 0.401443 0.028847 0.349953 0.074402 0.334422 0.056848
0 0.324219 0.058594 0.360156 0.058594 0.360156 0.072656 0.324219 0.072656
4 0.379807 0.028847 0.395337 0.011293 0.446828 0.056848 0.431297 0.074402
4 0.392390 0.013802 0.412194 0.001267 0.448964 0.059357 0.429161 0.071893
4 0.465931 0.001267 0.485735 0.013802 0.448964 0.071893 0.429161 0.059357
4 0.482788 0.011293 0.498318 0.028847 0.446828 0.074402 0.431297 0.056848
0 0.421094 0.058594 0.457031 0.058594 0.457031 0.072656 0.421094 0.072656
4 0.476682 0.028847 0.492212 0.011293 0.543703 0.056848 0.528172 0.074402
4 0.489265 0.013802 0.509069 0.001267 0.545839 0.059357 0.526036 0.071893
4 0.562806 0.001267 0.582610 0.013802 0.545839 0.071893 0.526036 0.059357
4 0.579663 0.011293 0.595193 0.028847 0.543703 0.074402 0.528172 0.056848
0 0.517969 0.058594 0.553906 0.058594 0.553906 0.072656 0.517969 0.072656
4 0.573557 0.028847 0.589087 0.011293 0.640578 0.056848 0.625047 0.074402
4 0.586140 0.013802 0.605944 0.001267 0.642714 0.059357 0.622911 0.071893
4 0.659681 0.001267 0.679485 0.013802 0.642714 0.071893 0.622911 0.059357
4 0.676538 0.011293 0.692068 0.028847 0.640578 0.074402 0.625047 0.056848
0 0.614844 0.058594 0.650781 0.058594 0.650781 0.072656 0.614844 0.072656
4 0.670432 0.028847 0.685962 0.011293 0.737453 0.056848 0.721922 0.074402
4 0.683015 0.013802 0.702819 0.001267 0.739589 0.059357 0.719786 0.071893
4 0.756556 0.001267 0.776360 0.013802 0.739589 0.071893 0.719786 0.059357
4 0.773413 0.011293 0.788943 0.028847 0.737453 0.074402 0.721922 0.056848
0 0.711719 0.058594 0.747656 0.058594 0.747656 0.072656 0.711719 0.072656
4 0.767307 0.028847 0.782837 0.011293 0.834328 0.056848 0.818797 0.074402
4 0.779890 0.013802 0.799694 0.001267 0.836464 0.059357 0.816661 0.071893
4 0.853431 0.001267 0.873235 0.013802 0.836464 0.071893 0.816661 0.059357
4 0.870288 0.011293 0.885818 0.028847 0.834328 0.074402 0.818797 0.056848
0 0.808594 0.058594 0.844531 0.058594 0.844531 0.072656 0.808594 0.072656
4 0.864182 0.028847 0.879712 0.011293 0.931203 0.056848 0.915672 0.074402
4 0.876765 0.013802 0.896569 0.001267 0.933339 0.059357 0.913536 0.071893
4 0.950306 0.001267 0.970110 0.013802 0.933339 0.071893 0.913536 0.059357
4 0.967163 0.011293 0.982693 0.028847 0.931203 0.074402 0.915672 0.056848
0 0.905469 0.058594 0.941406 0.058594 0.941406 0.072656 0.905469 0.072656
4 0.040744 0.089784 0.056274 0.072231 0.107765 0.117786 0.092235 0.135339
4 0.053328 0.074740 0.073131 0.062204 0.109902 0.120295 0.090098 0.132830
4 0.069602 0.063794 0.092113 0.057268 0.111255 0.123300 0.088745 0.129825
4 0.088281 0.057813 0.111719 0.057813 0.111719 0.126562 0.088281 0.126562
4 0.107887 0.057268 0.130398 0.063794 0.111255 0.129825 0.088745 0.123300
4 0.126869 0.062204 0.146672 0.074740 0.109902 0.132830 0.090098 0.120295
4 0.143726 0.072231 0.159256 0.089784 0.107765 0.135339 0.092235 0.117786
0 0.082031 0.119531 0.117969 0.119531 0.117969 0.133594 0.082031 0.133594
4 0.137619 0.089784 0.153149 0.072231 0.204640 0.117786 0.189110 0.135339
4 0.150203 0.074740 0.170006 0.062204 0.206777 0.120295 0.186973 0.132830
4 0.166477 0.063794 0.188988 0.057268 0.208130 0.123300 0.185620 0.129825
4 0.185156 0.057813 0.208594 0.057813 0.208594 0.126562 0.185156 0.126562
4 0.204762 0.057268 0.227273 0.063794 0.208130 0.129825 0.185620 0.123300
4 0.223744 0.062204 0.243547 0.074740 0.206777 0.132830 0.186973 0.120295
4 0.240601 0.072231 0.256131 0.089784 0.204640 0.135339 0.189110 0.117786
0 0.178906 0.119531 0.214844 0.119531 0.214844 0.133594 0.178906 0.133594
4 0.234494 0.089784 0.250024 0.072231 0.301515 0.117786 0.285985 0.135339
4 0.247078 0.074740 0.266881 0.062204 0.303652 0.120295 0.283848 0.132830
4 0.263352 0.063794 0.285863 0.057268 0.305005 0.123300 0.282495 0.129825
4 0.282031 0.057813 0.305469 0.057813 0.305469 0.126562 0.282031 0.126562
4 0.301637 0.057268 0.324148 0.063794 0.305005 0.129825 0.282495 0.123300
4 0.320619 0.062204 0.340422 0.074740 0.303652 0.132830 0.283848 0.120295
4 0.337476 0.072231 0.353006 0.089784 0.301515 0.135339 0.285985 0.117786
0 0.275781 0.119531 0.311719 0.119531 0.311719 0.133594 0.275781 0.133594
4 0.331369 0.089784 0.346899 0.072231 0.398390 0.117786 0.382860 0.135339
4 0.343953 0.074740 0.363756 0.062204 0.400527 0.120295 0.380723 0.132830
4 0.360227 0.063794 0.382738 0.057268 0.401880 0.123300 0.379370 0.129825
4 0.378906 0.057813 0.402344 0.057813 0.402344 0.126562 0.378906 0.126562
4 0.398512 0.057268 0.421023 0.063794 0.401880 0.129825 0.379370 0.123300
4 0.417494 0.062204 0.437297 0.074740 0.400527 0.132830 0.380723 0.120295
4 0.434351 0.072231 0.449881 0.089784 0.398390 0.135339 0.382860 0.117786
0 0.372656 0.119531 0.408594 0.119531 0.408594 0.133594 0.372656 0.133594
4 0.428244 0.089784 0.443774 0.072231 0.495265 0.117786 0.479735 0.135339
4 0.440828 0.074740 0.460631 0.062204 0.497402 0.120295 0.477598 0.132830
4 0.457102 0.063794 0.479613 0.057268 0.498755 0.123300 0.476245 0.129825
4 0.475781 0.057813 0.499219 0.057813 0.499219 0.126562 0.475781 0.126562
4 0.495387 0.057268 0.517898 0.063794 0.498755 0.129825 0.476245 0.123300
4 0.514369 0.062204 0.534172 0.074740 0.497402 0.132830 0.477598 0.120295
4 0.531226 0.072231 0.546756 0.089784 0.495265 0.135339 0.479735 0.117786
0 0.469531 0.119531 0.505469 0.119531 0.505469 0.133594 0.469531 0.133594
4 0.525119 0.089784 0.540649 0.072231 0.592140 0.117786 0.576610 0.135339
4 0.537703 0.074740 0.557506 0.062204 0.594277 0.120295 0.574473 0.132830
4 0.553977 0.063794 0.576488 0.057268 0.595630 0.123300 0.573120 0.129825
4 0.572656 0.057813 0.596094 0.057813 0.596094 0.126562 0.572656 0.126562
4 0.592262 0.057268 0.614773 0.063794 0.595630 0.129825 0.573120 0.123300
4 0.611244 0.062204 0.631047 0.074740 0.594277 0.132830 0.574473 0.120295
4 0.628101 0.072231 0.643631 0.089784 0.592140 0.135339 0.576610 0.117786
0 0.566406 0.119531 0.602344 0.119531 0.602344 0.133594 0.566406 0.133594
4 0.621994 0.089784 0.637524 0.072231 0.689015 0.117786 0.673485 0.135339
4 0.634578 0.074740 0.654381 0.062204 0.691152 0.120295 0.671348 0.132830
4 0.650852 0.063794 0.673363 0.057268 0.692505 0.123300 0.669995 0.129825
4 0.669531 0.057813 0.692969 0.057813 0.692969 0.126562 0.669531 0.126562
4 0.689137 0.057268 0.711648 0.063794 0.692505 0.129825 0.669995 0.123300
4 0.708119 0.062204 0.727922 0.074740 0.691152 0.132830 0.671348 0.120295
4 0.724976 0.072231 0.740506 0.089784 0.689015 0.135339 0.673485 0.117786
0 0.663281 0.119531 0.699219 0.119531 0.699219 0.133594 0.663281 0.133594
4 0.718869 0.089784 0.734399 0.072231 0.785890 0.117786 0.770360 0.135339
4 0.731453 0.074740 0.751256 0.062204 0.788027 0.120295 0.768223 0.132830
4 0.747727 0.063794 0.770238 0.057268 0.789380 0.123300 0.766870 0.129825
4 0.766406 0.057813 0.789844 0.057813 0.789844 0.126562 0.766406 0.126562
4 0.786012 0.057268 0.808523 0.063794 0.789380 0.129825 0.766870 0.123300
4 0.804994 0.062204 0.824797 0.074740 0.788027 0.132830 0.768223 0.120295
4 0.821851 0.072231 0.837381 0.089784 0.785890 0.135339 0.770360 0.117786
0 0.760156 0.119531 0.796094 0.119531 0.796094 0.133594 0.760156 0.133594
4 0.815744 0.089784 0.831274 0.072231 0.882765 0.117786 0.867235 0.135339
4 0.828328 0.074740 0.848131 0.062204 0.884902 0.120295 0.865098 0.132830
4 0.844602 0.063794 0.867113 0.057268 0.886255 0.123300 0.863745 0.129825
4 0.863281 0.057813 0.886719 0.057813 0.886719 0.126562 0.863281 0.126562
4 0.882887 0.057268 0.905398 0.063794 0.886255 0.129825 0.863745 0.123300
4 0.901869 0.062204 0.921672 0.074740 0.884902 0.132830 0.865098 0.120295
4 0.918726 0.072231 0.934256 0.089784 0.882765 0.135339 0.867235 0.117786
0 0.857031 0.119531 0.892969 0.119531 0.892969 0.133594 0.857031 0.133594
4 0.912619 0.089784 0.928149 0.072231 0.979640 0.117786 0.964110 0.135339
4 0.925203 0.074740 0.945006 0.062204 0.981777 0.120295 0.961973 0.132830
4 0.941477 0.063794 0.963988 0.057268 0.983130 0.123300 0.960620 0.129825
4 0.960156 0.057813 0.983594 0.057813 0.983594 0.126562 0.960156 0.126562
0 0.953906 0.119531 0.989844 0.119531 0.989844 0.133594 0.953906 0.133594
4 0.004890 0.135677 0.024694 0.123142 0.061464 0.181232 0.041661 0.193768
4 0.021165 0.124732 0.043676 0.118206 0.062818 0.184237 0.040307 0.190763
4 0.039844 0.118750 0.063281 0.118750 0.063281 0.187500 0.039844 0.187500
4 0.059449 0.118206 0.081960 0.124732 0.062818 0.190763 0.040307 0.184237
4 0.078431 0.123142 0.098235 0.135677 0.061464 0.193768 0.041661 0.181232
4 0.095288 0.133168 0.110818 0.150722 0.059328 0.196277 0.043797 0.178723
0 0.033594 0.180469 0.069531 0.180469 0.069531 0.194531 0.033594 0.194531
4 0.089182 0.150722 0.104712 0.133168 0.156203 0.178723 0.140672 0.196277
4 0.101765 0.135677 0.121569 0.123142 0.158339 0.181232 0.138536 0.193768
4 0.118040 0.124732 0.140551 0.118206 0.159693 0.184237 0.137182 0.190763
4 0.136719 0.118750 0.160156 0.118750 0.160156 0.187500 0.136719 0.187500
4 0.156324 0.118206 0.178835 0.124732 0.159693 0.190763 0.137182 0.184237
4 0.175306 0.123142 0.195110 0.135677 0.158339 0.193768 0.138536 0.181232
4 0.192163 0.133168 0.207693 0.150722 0.156203 0.196277 0.140672 0.178723
0 0.130469 0.180469 0.166406 0.180469 0.166406 0.194531 0.130469 0.194531
4 0.186057 0.150722 0.201587 0.133168 0.253078 0.178723 0.237547 0.196277
4 0.198640 0.135677 0.218444 0.123142 0.255214 0.181232 0.235411 0.193768
4 0.214915 0.124732 0.237426 0.118206 0.256568 0.184237 0.234057 0.190763
4 0.233594 0.118750 0.257031 0.118750 0.257031 0.187500 0.233594 0.187500
4 0.253199 0.118206 0.275710 0.124732 0.256568 0.190763 0.234057 0.184237
4 0.272181 0.123142 0.291985 0.135677 0.255214 0.193768 0.235411 0.181232
4 0.289038 0.133168 0.304568 0.150722 0.253078 0.196277 0.237547 0.178723
0 0.227344 0.180469 0.263281 0.180469 0.263281 0.194531 0.227344 0.194531
4 0.282932 0.150722 0.298462 0.133168 0.349953 0.178723 0.334422 0.196277
4 0.295515 0.135677 0.315319 0.123142 0.352089 0.181232 0.332286 0.193768
4 0.311790 0.124732 0.334301 0.118206 0.353443 0.184237 0.330932 0.190763
4 0.330469 0.118750 0.353906 0.118750 0.353906 0.187500 0.330469 0.187500
4 0.350074 0.118206 0.372585 0.124732 0.353443 0.190763 0.330932 0.184237
4 0.369056 0.123142 0.388860 0.135677 0.352089 0.193768 0.332286 0.181232
4 0.385913 0.133168 0.401443 0.150722 0.349953 0.196277 0.334422 0.178723
0 0.324219 0.180469 0.360156 0.180469 0.360156 0.194531 0.324219 0.194531
4 0.379807 0.150722 0.395337 0.133168 0.446828 0.178723 0.431297 0.196277
4 0.392390 0.135677 0.412194 0.123142 0.448964 0.181232 0.429161 0.193768
4 0.408665 0.124732 0.431176 0.118206 0.450318 0.184237 0.427807 0.190763
4 0.427344 0.118750 0.450781 0.118750 0.450781 0.187500 0.427344 0.187500
4 0.446949 0.118206 0.469460 0.124732 0.450318 0.190763 0.427807 0.184237
4 0.465931 0.123142 0.485735 0.135677 0.448964 0.193768 0.429161 0.181232
4 0.482788 0.133168 0.498318 0.150722 0.446828 0.196277 0.431297 0.178723
0 0.421094 0.180469 0.457031 0.180469 0.457031 0.194531 0.421094 0.194531
4 0.476682 0.150722 0.492212 0.133168 0.543703 0.178723 0.528172 0.196277
4 0.489265 0.135677 0.509069 0.123142 0.545839 0.181232 0.526036 0.193768
4 0.505540 0.124732 0.528051 0.118206 0.547193 0.184237 0.524682 0.190763
4 0.524219 0.118750 0.547656 0.118750 0.547656 0.187500 0.524219 0.187500
4 0.543824 0.118206 0.566335 0.124732 0.547193 0.190763 0.524682 0.184237
4 0.562806 0.123142 0.582610 0.135677 0.545839 0.193768 0.526036 0.181232
4 0.579663 0.133168 0.595193 0.150722 0.543703 0.196277 0.528172 0.178723
0 0.517969 0.180469 0.553906 0.180469 0.553906 0.194531 0.517969 0.194531
4 0.573557 0.150722 0.589087 0.133168 0.640578 0.178723 0.625047 0.196277
4 0.586140 0.135677 0.605944 0.123142 0.642714 0.181232 0.622911 0.193768
4 0.602415 0.124732 0.624926 0.118206 0.644068 0.184237 0.621557 0.190763
4 0.621094 0.118750 0.644531 0.118750 0.644531 0.187500 0.621094 0.187500
4 0.640699 0.118206 0.663210 0.124732 0.644068 0.190763 0.621557 0.184237
4 0.659681 0.123142 0.679485 0.135677 0.642714 0.193768 0.622911 0.181232
4 0.676538 0.133168 0.692068 0.150722 0.640578 0.196277 0.625047 0.178723
0 0.614844 0.180469 0.650781 0.180469 0.650781 0.194531 0.614844 0.194531
4 0.670432 0.150722 0.685962 0.133168 0.737453 0.178723 0.721922 0.196277
4 0.683015 0.135677 0.702819 0.123142 0.739589 0.181232 0.719786 0.193768
4 0.699290 0.124732 0.721801 0.118206 0.740943 0.184237 0.718432 0.190763
4 0.717969 0.118750 0.741406 0.118750 0.741406 0.187500 0.717969 0.187500
4 0.737574 0.118206 0.760085 0.124732 0.740943 0.190763 0.718432 0.184237
4 0.756556 0.123142 0.776360 0.135677 0.739589 0.193768 0.719786 0.181232
4 0.773413 0.133168 0.788943 0.150722 0.737453 0.196277 0.721922 0.178723
0 0.711719 0.180469 0.747656 0.180469 0.747656 0.194531 0.711719 0.194531
4 0.767307 0.150722 0.782837 0.133168 0.834328 0.178723 0.818797 0.196277
4 0.779890 0.135677 0.799694 0.123142 0.836464 0.181232 0.816661 0.193768
4 0.796165 0.124732 0.818676 0.118206 0.837818 0.184237 0.815307 0.190763
4 0.814844 0.118750 0.838281 0.118750 0.838281 0.187500 0.814844 0.187500
4 0.834449 0.118206 0.856960 0.124732 0.837818 0.190763 0.815307 0.184237
4 0.853431 0.123142 0.873235 0.135677 0.836464 0.193768 0.816661 0.181232
4 0.870288 0.133168 0.885818 0.150722 0.834328 0.196277 0.818797 0.178723
0 0.808594 0.180469 0.844531 0.180469 0.844531 0.194531 0.808594 0.194531
4 0.864182 0.150722 0.879712 0.133168 0.931203 0.178723 0.915672 0.196277
4 0.876765 0.135677 0.896569 0.123142 0.933339 0.181232 0.913536 0.193768
4 0.893040 0.124732 0.915551 0.118206 0.934693 0.184237 0.912182 0.190763
4 0.911719 0.118750 0.935156 0.118750 0.935156 0.187500 0.911719 0.187500
4 0.931324 0.118206 0.953835 0.124732 0.934693 0.190763 0.912182 0.184237
4 0.950306 0.123142 0.970110 0.135677 0.933339 0.193768 0.913536 0.181232
4 0.967163 0.133168 0.982693 0.150722 0.931203 0.196277 0.915672 0.178723
0 0.905469 0.180469 0.941406 0.180469 0.941406 0.194531 0.905469 0.194531
4 0.040744 0.211659 0.056274 0.194106 0.107765 0.239661 0.092235 0.257214
4 0.053328 0.196615 0.073131 0.184079 0.109902 0.242170 0.090098 0.254705
4 0.069602 0.185669 0.092113 0.179143 0.111255 0.245175 0.088745 0.251700
4 0.088281 0.179688 0.111719 0.179688 0.111719 0.248438 0.088281 0.248438
4 0.107887 0.179143 0.130398 0.185669 0.111255 0.251700 0.088745 0.245175
4 0.126869 0.184079 0.146672 0.196615 0.109902 0.254705 0.090098 0.242170
4 0.143726 0.194106 0.159256 0.211659 0.107765 0.257214 0.092235 0.239661
0 0.082031 0.241406 0.117969 0.241406 0.117969 0.255469 0.082031 0.255469
4 0.137619 0.211659 0.153149 0.194106 0.204640 0.239661 0.189110 0.257214
4 0.150203 0.196615 0.170006 0.184079 0.206777 0.242170 0.186973 0.254705
4 0.166477 0.185669 0.188988 0.179143 0.208130 0.245175 0.185620 0.251700
4 0.185156 0.179688 0.208594 0.179688 0.208594 0.248438 0.185156 0.248438
4 0.204762 0.179143 0.227273 0.185669 0.208130 0.251700 0.185620 0.245175
4 0.223744 0.184079 0.243547 0.196615 0.206777 0.254705 0.186973 0.242170
4 0.240601 0.194106 0.256131 0.211659 0.204640 0.257214 0.189110 0.239661
0 0.178906 0.241406 0.214844 0.241406 0.214844 0.255469 0.178906 0.255469
4 0.234494 0.211659 0.250024 0.194106 0.301515 0.239661 0.285985 0.257214
4 0.247078 0.196615 0.266881 0.184079 0.303652 0.242170 0.283848 0.254705
4 0.263352 0.185669 0.285863 0.179143 0.305005 0.245175 0.282495 0.251700
4 0.282031 0.179688 0.305469 0.179688 0.305469 0.248438 0.282031 0.248438
4 0.301637 0.179143 0.324148 0.185669 0.305005 0.251700 0.282495 0.245175
4 0.320619 0.184079 0.340422 0.196615 0.303652 0.254705 0.283848 0.242170
4 0.337476 0.194106 0.353006 0.211659 0.301515 0.257214 0.285985 0.239661
0 0.275781 0.241406 0.311719 0.241406 0.311719 0.255469 0.275781 0.255469
4 0.331369 0.211659 0.346899 0.194106 0.398390 0.239661 0.382860 0.257214
4 0.343953 0.196615 0.363756 0.184079 0.400527 0.242170 0.380723 0.254705
4 0.360227 0.185669 0.382738 0.179143 0.401880 0.245175 0.379370 0.251700
4 0.378906 0.179688 0.402344 0.179688 0.402344 0.248438 0.378906 0.248438
4 0.398512 0.179143 0.421023 0.185669 0.401880 0.251700 0.379370 0.245175
4 0.417494 0.184079 0.437297 0.196615 0.400527 0.254705 0.380723 0.242170
4 0.434351 0.194106 0.449881 0.211659 0.398390 0.257214 0.382860 0.239661
0 0.372656 0.241406 0.408594 0.241406 0.408594 0.255469 0.372656 0.255469
4 0.428244 0.211659 0.443774 0.194106 0.495265 0.239661 0.479735 0.257214
4 0.440828 0.196615 0.460631 0.184079 0.497402 0.242170 0.477598 0.254705
4 0.457102 0.185669 0.479613 0.179143 0.498755 0.245175 0.476245 0.251700
4 0.475781 0.179688 0.499219 0.179688 0.499219 0.248438 0.475781 0.248438
4 0.495387 0.179143 0.517898 0.185669 0.498755 0.251700 0.476245 0.245175
4 0.514369 0.184079 0.534172 0.196615 0.497402 0.254705 0.477598 0.242170
4 0.531226 0.194106 0.546756 0.211659 0.495265 0.257214 0.479735 0.239661
0 0.469531 0.241406 0.505469 0.241406 0.505469 0.255469 0.469531 0.255469
4 0.525119 0.211659 0.540649 0.194106 0.592140 0.239661 0.576610 0.257214
4 0.537703 0.196615 0.557506 0.184079 0.594277 0.242170 0.574473 0.254705
4 0.553977 0.185669 0.576488 0.179143 0.595630 0.245175 0.573120 0.251700
4 0.572656 0.179688 0.596094 0.179688 0.596094 0.248438 0.572656 0.248438
4 0.592262 0.179143 0.614773 0.185669 0.595630 0.251700 0.573120 0.245175
4 0.611244 0.184079 0.631047 0.196615 0.594277 0.254705 0.574473 0.242170
4 0.628101 0.194106 0.643631 0.211659 0.592140 0.257214 0.576610 0.239661
0 0.566406 0.241406 0.602344 0.241406 0.602344 0.255469 0.566406 0.255469
4 0.621994 0.211659 0.637524 0.194106 0.689015 0.239661 0.673485 0.257214
4 0.634578 0.196615 0.654381 0.184079 0.691152 0.242170 0.671348 0.254705
4 0.650852 0.185669 0.673363 0.179143 0.692505 0.245175 0.669995 0.251700
4 0.669531 0.179688 0.692969 0.179688 0.692969 0.248438 0.669531 0.248438
4 0.689137 0.179143 0.711648 0.185669 0.692505 0.251700 0.669995 0.245175
4 0.708119 0.184079 0.727922 0.196615 0.691152 0.254705 0.671348 0.242170
4 0.724976 0.194106 0.740506 0.211659 0.689015 0.257214 0.673485 0.239661
0 0.663281 0.241406 0.699219 0.241406 0.699219 0.255469 0.663281 0.255469
4 0.718869 0.211659 0.734399 0.194106 0.785890 0.239661 0.770360 0.257214
4 0.731453 0.196615 0.751256 0.184079 0.788027 0.242170 0.768223 0.254705
4 0.747727 0.185669 0.770238 0.179143 0.789380 0.245175 0.766870 0.251700
4 0.766406 0.179688 0.789844 0.179688 0.789844 0.248438 0.766406 0.248438
4 0.786012 0.179143 0.808523 0.185669 0.789380 0.251700 0.766870 0.245175
4 0.804994 0.184079 0.824797 0.196615 0.788027 0.254705 0.768223 0.242170
4 0.821851 0.194106 0.837381 0.211659 0.785890 0.257214 0.770360 0.239661
0 0.760156 0.241406 0.796094 0.241406 0.796094 0.255469 0.760156 0.255469
4 0.815744 0.211659 0.831274 0.194106 0.882765 0.239661 0.867235 0.257214
4 0.828328 0.196615 0.848131 0.184079 0.884902 0.242170 0.865098 0.254705
4 0.844602 0.185669 0.867113 0.179143 0.886255 0.245175 0.863745 0.251700
4 0.863281 0.179688 0.886719 0.179688 0.886719 0.248438 0.863281 0.248438
4 0.882887 0.179143 0.905398 0.185669 0.886255 0.251700 0.863745 0.245175
4 0.901869 0.184079 0.921672 0.196615 0.884902 0.254705 0.865098 0.242170
4 0.918726 0.194106 0.934256 0.211659 0.882765 0.257214 0.867235 0.239661
0 0.857031 0.241406 0.892969 0.241406 0.892969 0.255469 0.857031 0.255469
4 0.912619 0.211659 0.928149 0.194106 0.979640 0.239661 0.964110 0.257214
4 0.925203 0.196615 0.945006 0.184079 0.981777 0.242170 0.961973 0.254705
4 0.941477 0.185669 0.963988 0.179143 0.983130 0.245175 0.960620 0.251700
4 0.960156 0.179688 0.983594 0.179688 0.983594 0.248438 0.960156 0.248438
0 0.953906 0.241406 0.989844 0.241406 0.989844 0.255469 0.953906 0.255469
4 0.004890 0.257552 0.024694 0.245017 0.061464 0.303107 0.041661 0.315643
4 0.021165 0.246607 0.043676 0.240081 0.062818 0.306112 0.040307 0.312638
4 0.039844 0.240625 0.063281 0.240625 0.063281 0.309375 0.039844 0.309375
4 0.059449 0.240081 0.081960 0.246607 0.062818 0.312638 0.040307 0.306112
4 0.078431 0.245017 0.098235 0.257552 0.061464 0.315643 0.041661 0.303107
4 0.095288 0.255043 0.110818 0.272597 0.059328 0.318152 0.043797 0.300598
0 0.033594 0.302344 0.069531 0.302344 0.069531 0.316406 0.033594 0.316406
4 0.089182 0.272597 0.104712 0.255043 0.156203 0.300598 0.140672 0.318152
4 0.101765 0.257552 0.121569 0.245017 0.158339 0.303107 0.138536 0.315643
4 0.118040 0.246607 0.140551 0.240081 0.159693 0.306112 0.137182 0.312638
4 0.136719 0.240625 0.160156 0.240625 0.160156 0.309375 0.136719 0.309375
4 0.156324 0.240081 0.178835 0.246607 0.159693 0.312638 0.137182 0.306112
4 0.175306 0.245017 0.195110 0.257552 0.158339 0.315643 0.138536 0.303107
4 0.192163 0.255043 0.207693 0.272597 0.156203 0.318152 0.140672 0.300598
0 0.130469 0.302344 0.166406 0.302344 0.166406 0.316406 0.130469 0.316406
4 0.186057 0.272597 0.201587 0.255043 0.253078 0.300598 0.237547 0.318152
4 0.198640 0.257552 0.218444 0.245017 0.255214 0.303107 0.235411 0.315643
4 0.214915 0.246607 0.237426 0.240081 0.256568 0.306112 0.234057 0.312638
4 0.233594 0.240625 0.257031 0.240625 0.257031 0.309375 0.233594 0.309375
4 0.253199 0.240081 0.275710 0.246607 0.256568 0.312638 0.234057 0.306112
4 0.272181 0.245017 0.291985 0.257552 0.255214 0.315643 0.235411 0.303107
4 0.289038 0.255043 0.304568 0.272597 0.253078 0.318152 0.237547 0.300598
0 0.227344 0.302344 0.263281 0.302344 0.263281 0.316406 0.227344 0.316406
4 0.282932 0.272597 0.298462 0.255043 0.349953 0.300598 0.334422 0.318152
4 0.295515 0.257552 0.315319 0.245017 0.352089 0.303107 0.332286 0.315643
4 0.311790 0.246607 0.334301 0.240081 0.353443 0.306112 0.330932 0.312638
4 0.330469 0.240625 0.353906 0.240625 0.353906 0.309375 0.330469 0.309375
4 0.350074 0.240081 0.372585 0.246607 0.353443 0.312638 0.330932 0.306112
4 0.369056 0.245017 0.388860 0.257552 0.352089 0.315643 0.332286 0.303107
4 0.385913 0.255043 0.401443 0.272597 0.349953 0.318152 0.334422 0.300598
0 0.324219 0.302344 0.360156 0.302344 0.360156 0.316406 0.324219 0.316406
4 0.379807 0.272597 0.395337 0.255043 0.446828 0.300598 0.431297 0.318152
4 0.392390 0.257552 0.412194 0.245017 0.448964 0.303107 0.429161 0.315643
4 0.408665 0.246607 0.431176 0.240081 0.450318 0.306112 0.427807 0.312638
4 0.427344 0.240625 0.450781 0.240625 0.450781 0.309375 0.427344 0.309375
4 0.446949 0.240081 0.469460 0.246607 0.450318 0.312638 0.427807 0.306112
4 0.465931 0.245017 0.485735 0.257552 0.448964 0.315643 0.429161 0.303107
4 0.482788 0.255043 0.498318 0.272597 0.446828 0.318152 0.431297 0.300598
0 0.421094 0.302344 0.457031 0.302344 0.457031 0.316406 0.421094 0.316406
4 0.476682 0.272597 0.492212 0.255043 0.543703 0.300598 0.528172 0.318152
4 0.489265 0.257552 0.509069 0.245017 0.545839 0.303107 0.526036 0.315643
4 0.505540 0.246607 0.528051 0.240081 0.547193 0.306112 0.524682 0.312638
4 0.524219 0.240625 0.547656 0.240625 0.547656 0.309375 0.524219 0.309375
4 0.543824 0.240081 0.566335 0.246607 0.547193 0.312638 0.524682 0.306112
4 0.562806 0.245017 0.582610 0.257552 0.545839 0.315643 0.526036 0.303107
4 0.579663 0.255043 0.595193 0.272597 0.543703 0.318152 0.528172 0.300598
0 0.517969 0.302344 0.553906 0.302344 0.553906 0.316406 0.517969 0.316406
4 0.573557 0.272597 0.589087 0.255043 0.640578 0.300598 0.625047 0.318152
4 0.586140 0.257552 0.605944 0.245017 0.642714 0.303107 0.622911 0.315643
4 0.602415 0.246607 0.624926 0.240081 0.644068 0.306112 0.621557 0.312638
4 0.621094 0.240625 0.644531 0.240625 0.644531 0.309375 0.621094 0.309375
4 0.640699 0.240081 0.663210 0.246607 0.644068 0.312638 0.621557 0.306112
4 0.659681 0.245017 0.679485 0.257552 0.642714 0.315643 0.622911 0.303107
4 0.676538 0.255043 0.692068 0.272597 0.640578 0.318152 0.625047 0.300598
0 0.614844 0.302344 0.650781 0.302344 0.650781 0.316406 0.614844 0.316406
4 0.670432 0.272597 0.685962 0.255043 0.737453 0.300598 0.721922 0.318152
4 0.683015 0.257552 0.702819 0.245017 0.739589 0.303107 0.719786 0.315643
4 0.699290 0.246607 0.721801 0.240081 0.740943 0.306112 0.718432 0.312638
4 0.717969 0.240625 0.741406 0.240625 0.741406 0.309375 0.717969 0.309375
4 0.737574 0.240081 0.760085 0.246607 0.740943 0.312638 0.718432 0.306112
4 0.756556 0.245017 0.776360 0.257552 0.739589 0.315643 0.719786 0.303107
4 0.773413 0.255043 0.788943 0.272597 0.737453 0.318152 0.721922 0.300598
0 0.711719 0.302344 0.747656 0.302344 0.747656 0.316406 0.711719 0.316406
4 0.767307 0.272597 0.782837 0.255043 0.834328 0.300598 0.818797 0.318152
4 0.779890 0.257552 0.799694 0.245017 0.836464 0.303107 0.816661 0.315643
4 0.796165 0.246607 0.818676 0.240081 0.837818 0.306112 0.815307 0.312638
4 0.814844 0.240625 0.838281 0.240625 0.838281 0.309375 0.814844 0.309375
4 0.834449 0.240081 0.856960 0.246607 0.837818 0.312638 0.815307 0.306112
4 0.853431 0.245017 0.873235 0.257552 0.836464 0.315643 0.816661 0.303107
4 0.870288 0.255043 0.885818 0.272597 0.834328 0.318152 0.818797 0.300598
0 0.808594 0.302344 0.844531 0.302344 0.844531 0.316406 0.808594 0.316406
4 0.864182 0.272597 0.879712 0.255043 0.931203 0.300598 0.915672 0.318152
4 0.876765 0.257552 0.896569 0.245017 0.933339 0.303107 0.913536 0.315643
4 0.893040 0.246607 0.915551 0.240081 0.934693 0.306112 0.912182 0.312638
4 0.911719 0.240625 0.935156 0.240625 0.935156 0.309375 0.911719 0.309375
4 0.931324 0.240081 0.953835 0.246607 0.934693 0.312638 0.912182 0.306112
4 0.950306 0.245017 0.970110 0.257552 0.933339 0.315643 0.913536 0.303107
4 0.967163 0.255043 0.982693 0.272597 0.931203 0.318152 0.915672 0.300598
0 0.905469 0.302344 0.941406 0.302344 0.941406 0.316406 0.905469 0.316406
4 0.040744 0.333534 0.056274 0.315981 0.107765 0.361536 0.092235 0.379089
4 0.053328 0.318490 0.073131 0.305954 0.109902 0.364045 0.090098 0.376580
4 0.069602 0.307544 0.092113 0.301018 0.111255 0.367050 0.088745 0.373575
4 0.088281 0.301563 0.111719 0.301563 0.111719 0.370312 0.088281 0.370312
4 0.107887 0.301018 0.130398 0.307544 0.111255 0.373575 0.088745 0.367050
4 0.126869 0.305954 0.146672 0.318490 0.109902 0.376580 0.090098 0.364045
4 0.143726 0.315981 0.159256 0.333534 0.107765 0.379089 0.092235 0.361536
0 0.082031 0.363281 0.117969 0.363281 0.117969 0.377344 0.082031 0.377344
4 0.137619 0.333534 0.153149 0.315981 0.204640 0.361536 0.189110 0.379089
4 0.150203 0.318490 0.170006 0.305954 0.206777 0.364045 0.186973 0.376580
4 0.166477 0.307544 0.188988 0.301018 0.208130 0.367050 0.185620 0.373575
4 0.185156 0.301563 0.208594 0.301563 0.208594 0.370312 0.185156 0.370312
4 0.204762 0.301018 0.227273 0.307544 0.208130 0.373575 0.185620 0.367050
4 0.223744 0.305954 0.243547 0.318490 0.206777 0.376580 0.186973 0.364045
4 0.240601 0.315981 0.256131 0.333534 0.204640 0.379089 0.189110 0.361536
0 0.178906 0.363281 0.214844 0.363281 0.214844 0.377344 0.178906 0.377344
4 0.234494 0.333534 0.250024 0.315981 0.301515 0.361536 0.285985 0.379089
4 0.247078 0.318490 0.266881 0.305954 0.303652 0.364045 0.283848 0.376580
4 0.263352 0.307544 0.285863 0.301018 0.305005 0.367050 0.282495 0.373575
4 0.282031 0.301563 0.305469 0.301563 0.305469 0.370312 0.282031 0.370312
4 0.301637 0.301018 0.324148 0.307544 0.305005 0.373575 0.282495 0.367050
4 0.320619 0.305954 0.340422 0.318490 0.303652 0.376580 0.283848 0.364045
4 0.337476 0.315981 0.353006 0.333534 0.301515 0.379089 0.285985 0.361536
0 0.275781 0.363281 0.311719 0.363281 0.311719 0.377344 0.275781 0.377344
4 0.331369 0.333534 0.346899 0.315981 0.398390 0.361536 0.382860 0.379089
4 0.343953 0.318490 0.363756 0.305954 0.400527 0.364045 0.380723 0.376580
4 0.360227 0.307544 0.382738 0.301018 0.401880 0.367050 0.379370 0.373575
4 0.378906 0.301563 0.402344 0.301563 0.402344 0.370312 0.378906 0.370312
4 0.398512 0.301018 0.421023 0.307544 0.401880 0.373575 0.379370 0.367050
4 0.417494 0.305954 0.437297 0.318490 0.400527 0.376580 0.380723 0.364045
4 0.434351 0.315981 0.449881 0.333534 0.398390 0.379089 0.382860 0.361536
0 0.372656 0.363281 0.408594 0.363281 0.408594 0.377344 0.372656 0.377344
4 0.428244 0.333534 0.443774 0.315981 0.495265 0.361536 0.479735 0.379089
4 0.440828 0.318490 0.460631 0.305954 0.497402 0.364045 0.477598 0.376580
4 0.457102 0.307544 0.479613 0.301018 0.498755 0.367050 0.476245 0.373575
4 0.475781 0.301563 0.499219 0.301563 0.499219 0.370312 0.475781 0.370312
4 0.495387 0.301018 0.517898 0.307544 0.498755 0.373575 0.476245 0.367050
4 0.514369 0.305954 0.534172 0.318490 0.497402 0.376580 0.477598 0.364045
4 0.531226 0.315981 0.546756 0.333534 0.495265 0.379089 0.479735 0.361536
0 0.469531 0.363281 0.505469 0.363281 0.505469 0.377344 0.469531 0.377344
4 0.525119 0.333534 0.540649 0.315981 0.592140 0.361536 0.576610 0.379089
4 0.537703 0.318490 0.557506 0.305954 0.594277 0.364045 0.574473 0.376580
4 0.553977 0.307544 0.576488 0.301018 0.595630 0.367050 0.573120 0.373575
4 0.572656 0.301563 0.596094 0.301563 0.596094 0.370312 0.572656 0.370312
4 0.592262 0.301018 0.614773 0.307544 0.595630 0.373575 0.573120 0.367050
4 0.611244 0.305954 0.631047 0.318490 0.594277 0.376580 0.574473 0.364045
4 0.628101 0.315981 0.643631 0.333534 0.592140 0.379089 0.576610 0.361536
0 0.566406 0.363281 0.602344 0.363281 0.602344 0.377344 0.566406 0.377344
4 0.621994 0.333534 0.637524 0.315981 0.689015 0.361536 0.673485 0.379089
4 0.634578 0.318490 0.654381 0.305954 0.691152 0.364045 0.671348 0.376580
4 0.650852 0.307544 0.673363 0.301018 0.692505 0.367050 0.669995 0.373575
4 0.669531 0.301563 0.692969 0.301563 0.692969 0.370312 0.669531 0.370312
4 0.689137 0.301018 0.711648 0.307544 0.692505 0.373575 0.669995 0.367050
4 0.708119 0.305954 0.727922 0.318490 0.691152 0.376580 0.671348 0.364045
4 0.724976 0.315981 0.740506 0.333534 0.689015 0.379089 0.673485 0.361536
0 0.663281 0.363281 0.699219 0.363281 0.699219 0.377344 0.663281 0.377344
4 0.718869 0.333534 0.734399 0.315981 0.785890 0.361536 0.770360 0.379089
4 0.731453 0.318490 0.751256 0.305954 0.788027 0.364045 0.768223 0.376580
4 0.747727 0.307544 0.770238 0.301018 0.789380 0.367050 0.766870 0.373575
4 0.766406 0.301563 0.789844 0.301563 0.789844 0.370312 0.766406 0.370312
4 0.786012 0.301018 0.808523 0.307544 0.789380 0.373575 0.766870 0.367050
4 0.804994 0.305954 0.824797 0.318490 0.788027 0.376580 0.768223 0.364045
4 0.821851 0.315981 0.837381 0.333534 0.785890 0.379089 0.770360 0.361536
0 0.760156 0.363281 0.796094 0.363281 0.796094 0.377344 0.760156 0.377344
4 0.815744 0.333534 0.831274 0.315981 0.882765 0.361536 0.867235 0.379089
4 0.828328 0.318490 0.848131 0.305954 0.884902 0.364045 0.865098 0.376580
4 0.844602 0.307544 0.867113 0.301018 0.886255 0.367050 0.863745 0.373575
4 0.863281 0.301563 0.886719 0.301563 0.886719 0.370312 0.863281 0.370312
4 0.882887 0.301018 0.905398 0.307544 0.886255 0.373575 0.863745 0.367050
4 0.901869 0.305954 0.921672 0.318490 0.884902 0.376580 0.865098 0.364045
4 0.918726 0.315981 0.934256 0.333534 0.882765 0.379089 0.867235 0.361536
0 0.857031 0.363281 0.892969 0.363281 0.892969 0.377344 0.857031 0.377344
4 0.912619 0.333534 0.928149 0.315981 0.979640 0.361536 0.964110 0.379089
4 0.925203 0.318490 0.945006 0.305954 0.981777 0.364045 0.961973 0.376580
4 0.941477 0.307544 0.963988 0.301018 0.983130 0.367050 0.960620 0.373575
4 0.960156 0.301563 0.983594 0.301563 0.983594 0.370312 0.960156 0.370312
0 0.953906 0.363281 0.989844 0.363281 0.989844 0.377344 0.953906 0.377344
4 0.004890 0.379427 0.024694 0.366892 0.061464 0.424982 0.041661 0.437518
4 0.021165 0.368482 0.043676 0.361956 0.062818 0.427987 0.040307 0.434513
4 0.039844 0.362500 0.063281 0.362500 0.063281 0.431250 0.039844 0.431250
4 0.059449 0.361956 0.081960 0.368482 0.062818 0.434513 0.040307 0.427987
4 0.078431 0.366892 0.098235 0.379427 0.061464 0.437518 0.041661 0.424982
4 0.095288 0.376918 0.110818 0.394472 0.059328 0.440027 0.043797 0.422473
0 0.033594 0.424219 0.069531 0.424219 0.069531 0.438281 0.033594 0.438281
4 0.089182 0.394472 0.104712 0.376918 0.156203 0.422473 0.140672 0.440027
4 0.101765 0.379427 0.121569 0.366892 0.158339 0.424982 0.138536 0.437518
4 0.118040 0.368482 0.140551 0.361956 0.159693 0.427987 0.137182 0.434513
4 0.136719 0.362500 0.160156 0.362500 0.160156 0.431250 0.136719 0.431250
4 0.156324 0.361956 0.178835 0.368482 0.159693 0.434513 0.137182 0.427987
4 0.175306 0.366892 0.195110 0.379427 0.158339 0.437518 0.138536 0.424982
4 0.192163 0.376918 0.207693 0.394472 0.156203 0.440027 0.140672 0.422473
0 0.130469 0.424219 0.166406 0.424219 0.166406 0.438281 0.130469 0.438281
4 0.186057 0.394472 0.201587 0.376918 0.253078 0.422473 0.237547 0.440027
4 0.198640 0.379427 0.218444 0.366892 0.255214 0.424982 0.235411 0.437518
4 0.214915 0.368482 0.237426 0.361956 0.256568 0.427987 0.234057 0.434513
4 0.233594 0.362500 0.257031 0.362500 0.257031 0.431250 0.233594 0.431250
4 0.253199 0.361956 0.275710 0.368482 0.256568 0.434513 0.234057 0.427987
4 0.272181 0.366892 0.291985 0.379427 0.255214 0.437518 0.235411 0.424982
4 0.289038 0.376918 0.304568 0.394472 0.253078 0.440027 0.237547 0.422473
0 0.227344 0.424219 0.263281 0.424219 0.263281 0.438281 0.227344 0.438281
4 0.282932 0.394472 0.298462 0.376918 0.349953 0.422473 0.334422 0.440027
4 0.295515 0.379427 0.315319 0.366892 0.352089 0.424982 0.332286 0.437518
4 0.311790 0.368482 0.334301 0.361956 0.353443 0.427987 0.330932 0.434513
4 0.330469 0.362500 0.353906 0.362500 0.353906 0.431250 0.330469 0.431250
4 0.350074 0.361956 0.372585 0.368482 0.353443 0.434513 0.330932 0.427987
4 0.369056 0.366892 0.388860 0.379427 0.352089 0.437518 0.332286 0.424982
4 0.385913 0.376918 0.401443 0.394472 0.349953 0.440027 0.334422 0.422473
0 0.324219 0.424219 0.360156 0.424219 0.360156 0.438281 0.324219 0.438281
4 0.379807 0.394472 0.395337 0.376918 0.446828 0.422473 0.431297 0.440027
4 0.392390 0.379427 0.412194 0.366892 0.448964 0.424982 0.429161 0.437518
4 0.408665 0.368482 0.431176 0.361956 0.450318 0.427987 0.427807 0.434513
4 0.427344 0.362500 0.450781 0.362500 0.450781 0.431250 0.427344 0.431250
4 0.446949 0.361956 0.469460 0.368482 0.450318 0.434513 0.427807 0.427987
4 0.465931 0.366892 0.485735 0.379427 0.448964 0.437518 0.429161 0.424982
4 0.482788 0.376918 0.498318 0.394472 0.446828 0.440027 0.431297 0.422473
0 0.421094 0.424219 0.457031 0.424219 0.457031 0.438281 0.421094 0.438281
4 0.476682 0.394472 0.492212 0.376918 0.543703 0.422473 0.528172 0.440027
4 0.489265 0.379427 0.509069 0.366892 0.545839 0.424982 0.526036 0.437518
4 0.505540 0.368482 0.528051 0.361956 0.547193 0.427987 0.524682 0.434513
4 0.524219 0.362500 0.547656 0.362500 0.547656 0.431250 0.524219 0.431250
4 0.543824 0.361956 0.566335 0.368482 0.547193 0.434513 0.524682 0.427987
4 0.562806 0.366892 0.582610 0.379427 0.545839 0.437518 0.526036 0.424982
4 0.579663 0.376918 0.595193 0.394472 0.543703 0.440027 0.528172 0.422473
0 0.517969 0.424219 0.553906 0.424219 0.553906 0.438281 0.517969 0.438281
4 0.573557 0.394472 0.589087 0.376918 0.640578 0.422473 0.625047 0.440027
4 0.586140 0.379427 0.605944 0.366892 0.642714 0.424982 0.622911 0.437518
4 0.602415 0.368482 0.624926 0.361956 0.644068 0.427987 0.621557 0.434513
4 0.621094 0.362500 0.644531 0.362500 0.644531 0.431250 0.621094 0.431250
4 0.640699 0.361956 0.663210 0.368482 0.644068 0.434513 0.621557 0.427987
4 0.659681 0.366892 0.679485 0.379427 0.642714 0.437518 0.622911 0.424982
4 0.676538 0.376918 0.692068 0.394472 0.640578 0.440027 0.625047 0.422473
0 0.614844 0.424219 0.650781 0.424219 0.650781 0.438281 0.614844 0.438281
4 0.670432 0.394472 0.685962 0.376918 0.737453 0.422473 0.721922 0.440027
4 0.683015 0.379427 0.702819 0.366892 0.739589 0.424982 0.719786 0.437518
4 0.699290 0.368482 0.721801 0.361956 0.740943 0.427987 0.718432 0.434513
4 0.717969 0.362500 0.741406 0.362500 0.741406 0.431250 0.717969 0.431250
4 0.737574 0.361956 0.760085 0.368482 0.740943 0.434513 0.718432 0.427987
4 0.756556 0.366892 0.776360 0.379427 0.739589 0.437518 0.719786 0.424982
4 0.773413 0.376918 0.788943 0.394472 0.737453 0.440027 0.721922 0.422473
0 0.711719 0.424219 0.747656 0.424219 0.747656 0.438281 0.711719 0.438281
4 0.767307 0.394472 0.782837 0.376918 0.834328 0.422473 0.818797 0.440027
4 0.779890 0.379427 0.799694 0.366892 0.836464 0.424982 0.816661 0.437518
4 0.796165 0.368482 0.818676 0.361956 0.837818 0.427987 0.815307 0.434513
4 0.814844 0.362500 0.838281 0.362500 0.838281 0.431250 0.814844 0.431250
4 0.834449 0.361956 0.856960 0.368482 0.837818 0.434513 0.815307 0.427987
4 0.853431 0.366892 0.873235 0.379427 0.836464 0.437518 0.816661 0.424982
4 0.870288 0.376918 0.885818 0.394472 0.834328 0.440027 0.818797 0.422473
0 0.808594 0.424219 0.844531 0.424219 0.844531 0.438281 0.808594 0.438281
4 0.864182 0.394472 0.879712 0.376918 0.931203 0.422473 0.915672 0.440027
4 0.876765 0.379427 0.896569 0.366892 0.933339 0.424982 0.913536 0.437518
4 0.893040 0.368482 0.915551 0.361956 0.934693 0.427987 0.912182 0.434513
4 0.911719 0.362500 0.935156 0.362500 0.935156 0.431250 0.911719 0.431250
4 0.931324 0.361956 0.953835 0.368482 0.934693 0.434513 0.912182 0.427987
4 0.950306 0.366892 0.970110 0.379427 0.933339 0.437518 0.913536 0.424982
4 0.967163 0.376918 0.982693 0.394472 0.931203 0.440027 0.915672 0.422473
0 0.905469 0.424219 0.941406 0.424219 0.941406 0.438281 0.905469 0.438281
4 0.040744 0.455409 0.056274 0.437856 0.107765 0.483411 0.092235 0.500964
4 0.053328 0.440365 0.073131 0.427829 0.109902 0.485920 0.090098 0.498455
4 0.069602 0.429419 0.092113 0.422893 0.111255 0.488925 0.088745 0.495450
4 0.088281 0.423438 0.111719 0.423438 0.111719 0.492188 0.088281 0.492188
4 0.107887 0.422893 0.130398 0.429419 0.111255 0.495450 0.088745 0.488925
4 0.126869 0.427829 0.146672 0.440365 0.109902 0.498455 0.090098 0.485920
4 0.143726 0.437856 0.159256 0.455409 0.107765 0.500964 0.092235 0.483411
0 0.082031 0.485156 0.117969 0.485156 0.117969 0.499219 0.082031 0.499219
4 0.137619 0.455409 0.153149 0.437856 0.204640 0.483411 0.189110 0.500964
4 0.150203 0.440365 0.170006 0.427829 0.206777 0.485920 0.186973 0.498455
4 0.166477 0.429419 0.188988 0.422893 0.208130 0.488925 0.185620 0.495450
4 0.185156 0.423438 0.208594 0.423438 0.208594 0.492188 0.185156 0.492188
4 0.204762 0.422893 0.227273 0.429419 0.208130 0.495450 0.185620 0.488925
4 0.223744 0.427829 0.243547 0.440365 0.206777 0.498455 0.186973 0.485920
4 0.240601 0.437856 0.256131 0.455409 0.204640 0.500964 0.189110 0.483411
0 0.178906 0.485156 0.214844 0.485156 0.214844 0.499219 0.178906 0.499219
4 0.234494 0.455409 0.250024 0.437856 0.301515 0.483411 0.285985 0.500964
4 0.247078 0.440365 0.266881 0.427829 0.303652 0.485920 0.283848 0.498455
4 0.263352 0.429419 0.285863 0.422893 0.305005 0.488925 0.282495 0.495450
4 0.282031 0.423438 0.305469 0.423438 0.305469 0.492188 0.282031 0.492188
4 0.301637 0.422893 0.324148 0.429419 0.305005 0.495450 0.282495 0.488925
4 0.320619 0.427829 0.340422 0.440365 0.303652 0.498455 0.283848 0.485920
4 0.337476 0.437856 0.353006 0.455409 0.301515 0.500964 0.285985 0.483411
0 0.275781 0.485156 0.311719 0.485156 0.311719 0.499219 0.275781 0.499219
4 0.331369 0.455409 0.346899 0.437856 0.398390 0.483411 0.382860 0.500964
4 0.343953 0.440365 0.363756 0.427829 0.400527 0.485920 0.380723 0.498455
4 0.360227 0.429419 0.382738 0.422893 0.401880 0.488925 0.379370 0.495450
4 0.378906 0.423438 0.402344 0.423438 0.402344 0.492188 0.378906 0.492188
4 0.398512 0.422893 0.421023 0.429419 0.401880 0.495450 0.379370 0.488925
4 0.417494 0.427829 0.437297 0.440365 0.400527 0.498455 0.380723 0.485920
4 0.434351 0.437856 0.449881 0.455409 0.398390 0.500964 0.382860 0.483411
0 0.372656 0.485156 0.408594 0.485156 0.408594 0.499219 0.372656 0.499219
4 0.428244 0.455409 0.443774 0.437856 0.495265 0.483411 0.479735 0.500964
4 0.440828 0.440365 0.460631 0.427829 0.497402 0.485920 0.477598 0.498455
4 0.457102 0.429419 0.479613 0.422893 0.498755 0.488925 0.476245 0.495450
4 0.475781 0.423438 0.499219 0.423438 0.499219 0.492188 0.475781 0.492188
4 0.495387 0.422893 0.517898 0.429419 0.498755 0.495450 0.476245 0.488925
4 0.514369 0.427829 0.534172 0.440365 0.497402 0.498455 0.477598 0.485920
4 0.531226 0.437856 0.546756 0.455409 0.495265 0.500964 0.479735 0.483411
0 0.469531 0.485156 0.505469 0.485156 0.505469 0.499219 0.469531 0.499219
4 0.525119 0.455409 0.540649 0.437856 0.592140 0.483411 0.576610 0.500964
4 0.537703 0.440365 0.557506 0.427829 0.594277 0.485920 0.574473 0.498455
4 0.553977 0.429419 0.576488 0.422893 0.595630 0.488925 0.573120 0.495450
4 0.572656 0.423438 0.596094 0.423438 0.596094 0.492188 0.572656 0.492188
4 0.592262 0.422893 0.614773 0.429419 0.595630 0.495450 0.573120 0.488925
4 0.611244 0.427829 0.631047 0.440365 0.594277 0.498455 0.574473 0.485920
4 0.628101 0.437856 0.643631 0.455409 0.592140 0.500964 0.576610 0.483411
0 0.566406 0.485156 0.602344 0.485156 0.602344 0.499219 0.566406 0.499219
4 0.621994 0.455409 0.637524 0.437856 0.689015 0.483411 0.673485 0.500964
4 0.634578 0.440365 0.654381 0.427829 0.691152 0.485920 0.671348 0.498455
4 0.650852 0.429419 0.673363 0.422893 0.692505 0.488925 0.669995 0.495450
4 0.669531 0.423438 0.692969 0.423438 0.692969 0.492188 0.669531 0.492188
4 0.689137 0.422893 0.711648 0.429419 0.692505 0.495450 0.669995 0.488925
4 0.708119 0.427829 0.727922 0.440365 0.691152 0.498455 0.671348 0.485920
4 0.724976 0.437856 0.740506 0.455409 0.689015 0.500964 0.673485 0.483411
0 0.663281 0.485156 0.699219 0.485156 0.699219 0.499219 0.663281 0.499219
4 0.718869 0.455409 0.734399 0.437856 0.785890 0.483411 0.770360 0.500964
4 0.731453 0.440365 0.751256 0.427829 0.788027 0.485920 0.768223 0.498455
4 0.747727 0.429419 0.770238 0.422893 0.789380 0.488925 0.766870 0.495450
4 0.766406 0.423438 0.789844 0.423438 0.789844 0.492188 0.766406 0.492188
4 0.786012 0.422893 0.808523 0.429419 0.789380 0.495450 0.766870 0.488925
4 0.804994 0.427829 0.824797 0.440365 0.788027 0.498455 0.768223 0.485920
4 0.821851 0.437856 0.837381 0.455409 0.785890 0.500964 0.770360 0.483411
0 0.760156 0.485156 0.796094 0.485156 0.796094 0.499219 0.760156 0.499219
4 0.815744 0.455409 0.831274 0.437856 0.882765 0.483411 0.867235 0.500964
4 0.828328 0.440365 0.848131 0.427829 0.884902 0.485920 0.865098 0.498455
4 0.844602 0.429419 0.867113 0.422893 0.886255 0.488925 0.863745 0.495450
4 0.863281 0.423438 0.886719 0.423438 0.886719 0.492188 0.863281 0.492188
4 0.882887 0.422893 0.905398 0.429419 0.886255 0.495450 0.863745 0.488925
4 0.901869 0.427829 0.921672 0.440365 0.884902 0.498455 0.865098 0.485920
4 0.918726 0.437856 0.934256 0.455409 0.882765 0.500964 0.867235 0.483411
0 0.857031 0.485156 0.892969 0.485156 0.892969 0.499219 0.857031 0.499219
4 0.912619 0.455409 0.928149 0.437856 0.979640 0.483411 0.964110 0.500964
4 0.925203 0.440365 0.945006 0.427829 0.981777 0.485920 0.961973 0.498455
4 0.941477 0.429419 0.963988 0.422893 0.983130 0.488925 0.960620 0.495450
4 0.960156 0.423438 0.983594 0.423438 0.983594 0.492188 0.960156 0.492188
0 0.953906 0.485156 0.989844 0.485156 0.989844 0.499219 0.953906 0.499219
4 0.004890 0.501302 0.024694 0.488767 0.061464 0.546857 0.041661 0.559393
4 0.021165 0.490357 0.043676 0.483831 0.062818 0.549862 0.040307 0.556388
4 0.039844 0.484375 0.063281 0.484375 0.063281 0.553125 0.039844 0.553125
4 0.059449 0.483831 0.081960 0.490357 0.062818 0.556388 0.040307 0.549862
4 0.078431 0.488767 0.098235 0.501302 0.061464 0.559393 0.041661 0.546857
4 0.095288 0.498793 0.110818 0.516347 0.059328 0.561902 0.043797 0.544348
0 0.033594 0.546094 0.069531 0.546094 0.069531 0.560156 0.033594 0.560156
4 0.089182 0.516347 0.104712 0.498793 0.156203 0.544348 0.140672 0.561902
4 0.101765 0.501302 0.121569 0.488767 0.158339 0.546857 0.138536 0.559393
4 0.118040 0.490357 0.140551 0.483831 0.159693 0.549862 0.137182 0.556388
4 0.136719 0.484375 0.160156 0.484375 0.160156 0.553125 0.136719 0.553125
4 0.156324 0.483831 0.178835 0.490357 0.159693 0.556388 0.137182 0.549862
4 0.175306 0.488767 0.195110 0.501302 0.158339 0.559393 0.138536 0.546857
4 0.192163 0.498793 0.207693 0.516347 0.156203 0.561902 0.140672 0.544348
0 0.130469 0.546094 0.166406 0.546094 0.166406 0.560156 0.130469 0.560156
4 0.186057 0.516347 0.201587 0.498793 0.253078 0.544348 0.237547 0.561902
4 0.198640 0.501302 0.218444 0.488767 0.255214 0.546857 0.235411 0.559393
4 0.214915 0.490357 0.237426 0.483831 0.256568 0.549862 0.234057 0.556388
4 0.233594 0.484375 0.257031 0.484375 0.257031 0.553125 0.233594 0.553125
4 0.253199 0.483831 0.275710 0.490357 0.256568 0.556388 0.234057 0.549862
4 0.272181 0.488767 0.291985 0.501302 0.255214 0.559393 0.235411 0.546857
4 0.289038 0.498793 0.304568 0.516347 0.253078 0.561902 0.237547 0.544348
0 0.227344 0.546094 0.263281 0.546094 0.263281 0.560156 0.227344 0.560156
4 0.282932 0.516347 0.298462 0.498793 0.349953 0.544348 0.334422 0.561902
4 0.295515 0.501302 0.315319 0.488767 0.352089 0.546857 0.332286 0.559393
4 0.311790 0.490357 0.334301 0.483831 0.353443 0.549862 0.330932 0.556388
4 0.330469 0.484375 0.353906 0.484375 0.353906 0.553125 0.330469 0.553125
4 0.350074 0.483831 0.372585 0.490357 0.353443 0.556388 0.330932 0.549862
4 0.369056 0.488767 0.388860 0.501302 0.352089 0.559393 0.332286 0.546857
4 0.385913 0.498793 0.401443 0.516347 0.349953 0.561902 0.334422 0.544348
0 0.324219 0.546094 0.360156 0.546094 0.360156 0.560156 0.324219 0.560156
4 0.379807 0.516347 0.395337 0.498793 0.446828 0.544348 0.431297 0.561902
4 0.392390 0.501302 0.412194 0.488767 0.448964 0.546857 0.429161 0.559393
4 0.408665 0.490357 0.431176 0.483831 0.450318 0.549862 0.427807 0.556388
4 0.427344 0.484375 0.450781 0.484375 0.450781 0.553125 0.427344 0.553125
4 0.446949 0.483831 0.469460 0.490357 0.450318 0.556388 0.427807 0.549862
4 0.465931 0.488767 0.485735 0.501302 0.448964 0.559393 0.429161 0.546857
4 0.482788 0.498793 0.498318 0.516347 0.446828 0.561902 0.431297 0.544348
0 0.421094 0.546094 0.457031 0.546094 0.457031 0.560156 0.421094 0.560156
4 0.476682 0.516347 0.492212 0.498793 0.543703 0.544348 0.528172 0.561902
4 0.489265 0.501302 0.509069 0.488767 0.545839 0.546857 0.526036 0.559393
4 0.505540 0.490357 0.528051 0.483831 0.547193 0.549862 0.524682 0.556388
4 0.524219 0.484375 0.547656 0.484375 0.547656 0.553125 0.524219 0.553125
4 0.543824 0.483831 0.566335 0.490357 0.547193 0.556388 0.524682 0.549862
4 0.562806 0.488767 0.582610 0.501302 0.545839 0.559393 0.526036 0.546857
4 0.579663 0.498793 0.595193 0.516347 0.543703 0.561902 0.528172 0.544348
0 0.517969 0.546094 0.553906 0.546094 0.553906 0.560156 0.517969 0.560156
4 0.573557 0.516347 0.589087 0.498793 0.640578 0.544348 0.625047 0.561902
4 0.586140 0.501302 0.605944 0.488767 0.642714 0.546857 0.622911 0.559393
4 0.602415 0.490357 0.624926 0.483831 0.644068 0.549862 0.621557 0.556388
4 0.621094 0.484375 0.644531 0.484375 0.644531 0.553125 0.621094 0.553125
4 0.640699 0.483831 0.663210 0.490357 0.644068 0.556388 0.621557 0.549862
4 0.659681 0.488767 0.679485 0.501302 0.642714 0.559393 0.622911 0.546857
4 0.676538 0.498793 0.692068 0.516347 0.640578 0.561902 0.625047 0.544348
0 0.614844 0.546094 0.650781 0.546094 0.650781 0.560156 0.614844 0.560156
4 0.670432 0.516347 0.685962 0.498793 0.737453 0.544348 0.721922 0.561902
4 0.683015 0.501302 0.702819 0.488767 0.739589 0.546857 0.719786 0.559393
4 0.699290 0.490357 0.721801 0.483831 0.740943 0.549862 0.718432 0.556388
4 0.717969 0.484375 0.741406 0.484375 0.741406 0.553125 0.717969 0.553125
4 0.737574 0.483831 0.760085 0.490357 0.740943 0.556388 0.718432 0.549862
4 0.756556 0.488767 0.776360 0.501302 0.739589 0.559393 0.719786 0.546857
4 0.773413 0.498793 0.788943 0.516347 0.737453 0.561902 0.721922 0.544348
0 0.711719 0.546094 0.747656 0.546094 0.747656 0.560156 0.711719 0.560156
4 0.767307 0.516347 0.782837 0.498793 0.834328 0.544348 0.818797 0.561902
4 0.779890 0.501302 0.799694 0.488767 0.836464 0.546857 0.816661 0.559393
4 0.796165 0.490357 0.818676 0.483831 0.837818 0.549862 0.815307 0.556388
4 0.814844 0.484375 0.838281 0.484375 0.838281 0.553125 0.814844 0.553125
4 0.834449 0.483831 0.856960 0.490357 0.837818 0.556388 0.815307 0.549862
4 0.853431 0.488767 0.873235 0.501302 0.836464 0.559393 0.816661 0.546857
4 0.870288 0.498793 0.885818 0.516347 0.834328 0.561902 0.818797 0.544348
0 0.808594 0.546094 0.844531 0.546094 0.844531 0.560156 0.808594 0.560156
4 0.864182 0.516347 0.879712 0.498793 0.931203 0.544348 0.915672 0.561902
4 0.876765 0.501302 0.896569 0.488767 0.933339 0.546857 0.913536 0.559393
4 0.893040 0.490357 0.915551 0.483831 0.934693 0.549862 0.912182 0.556388
4 0.911719 0.484375 0.935156 0.484375 0.935156 0.553125 0.911719 0.553125
4 0.931324 0.483831 0.953835 0.490357 0.934693 0.556388 0.912182 0.549862
4 0.950306 0.488767 0.970110 0.501302 0.933339 0.559393 0.913536 0.546857
4 0.967163 0.498793 0.982693 0.516347 0.931203 0.561902 0.915672 0.544348
0 0.905469 0.546094 0.941406 0.546094 0.941406 0.560156 0.905469 0.560156
4 0.040744 0.577284 0.056274 0.559731 0.107765 0.605286 0.092235 0.622839
4 0.053328 0.562240 0.073131 0.549704 0.109902 0.607795 0.090098 0.620330
4 0.069602 0.551294 0.092113 0.544768 0.111255 0.610800 0.088745 0.617325
4 0.088281 0.545312 0.111719 0.545312 0.111719 0.614062 0.088281 0.614062
4 0.107887 0.544768 0.130398 0.551294 0.111255 0.617325 0.088745 0.610800
4 0.126869 0.549704 0.146672 0.562240 0.109902 0.620330 0.090098 0.607795
4 0.143726 0.559731 0.159256 0.577284 0.107765 0.622839 0.092235 0.605286
0 0.082031 0.607031 0.117969 0.607031 0.117969 0.621094 0.082031 0.621094
4 0.137619 0.577284 0.153149 0.559731 0.204640 0.605286 0.189110 0.622839
4 0.150203 0.562240 0.170006 0.549704 0.206777 0.607795 0.186973 0.620330
4 0.166477 0.551294 0.188988 0.544768 0.208130 0.610800 0.185620 0.617325
4 0.185156 0.545312 0.208594 0.545312 0.208594 0.614062 0.185156 0.614062
4 0.204762 0.544768 0.227273 0.551294 0.208130 0.617325 0.185620 0.610800
4 0.223744 0.549704 0.243547 0.562240 0.206777 0.620330 0.186973 0.607795
4 0.240601 0.559731 0.256131 0.577284 0.204640 0.622839 0.189110 0.605286
0 0.178906 0.607031 0.214844 0.607031 0.214844 0.621094 0.178906 0.621094
4 0.234494 0.577284 0.250024 0.559731 0.301515 0.605286 0.285985 0.622839
4 0.247078 0.562240 0.266881 0.549704 0.303652 0.607795 0.283848 0.620330
4 0.263352 0.551294 0.285863 0.544768 0.305005 0.610800 0.282495 0.617325
4 0.282031 0.545312 0.305469 0.545312 0.305469 0.614062 0.282031 0.614062
4 0.301637 0.544768 0.324148 0.551294 0.305005 0.617325 0.282495 0.610800
4 0.320619 0.549704 0.340422 0.562240 0.303652 0.620330 0.283848 0.607795
4 0.337476 0.559731 0.353006 0.577284 0.301515 0.622839 0.285985 0.605286
0 0.275781 0.607031 0.311719 0.607031 0.311719 0.621094 0.275781 0.621094
4 0.331369 0.577284 0.346899 0.559731 0.398390 0.605286 0.382860 0.622839
4 0.343953 0.562240 0.363756 0.549704 0.400527 0.607795 0.380723 0.620330
4 0.360227 0.551294 0.382738 0.544768 0.401880 0.610800 0.379370 0.617325
4 0.378906 0.545312 0.402344 0.545312 0.402344 0.614062 0.378906 0.614062
4 0.398512 0.544768 0.421023 0.551294 0.401880 0.617325 0.379370 0.610800
4 0.417494 0.549704 0.437297 0.562240 0.400527 0.620330 0.380723 0.607795
4 0.434351 0.559731 0.449881 0.577284 0.398390 0.622839 0.382860 0.605286
0 0.372656 0.607031 0.408594 0.607031 0.408594 0.621094 0.372656 0.621094
4 0.428244 0.577284 0.443774 0.559731 0.495265 0.605286 0.479735 0.622839
4 0.440828 0.562240 0.460631 0.549704 0.497402 0.607795 0.477598 0.620330
4 0.457102 0.551294 0.479613 0.544768 0.498755 0.610800 0.476245 0.617325
4 0.475781 0.545312 0.499219 0.545312 0.499219 0.614062 0.475781 0.614062
4 0.495387 0.544768 0.517898 0.551294 0.498755 0.617325 0.476245 0.610800
4 0.514369 0.549704 0.534172 0.562240 0.497402 0.620330 0.477598 0.607795
4 0.531226 0.559731 0.546756 0.577284 0.495265 0.622839 0.479735 0.605286
0 0.469531 0.607031 0.505469 0.607031 0.505469 0.621094 0.469531 0.621094
4 0.525119 0.577284 0.540649 0.559731 0.592140 0.605286 0.576610 0.622839
4 0.537703 0.562240 0.557506 0.549704 0.594277 0.607795 0.574473 0.620330
4 0.553977 0.551294 0.576488 0.544768 0.595630 0.610800 0.573120 0.617325
4 0.572656 0.545312 0.596094 0.545312 0.596094 0.614062 0.572656 0.614062
4 0.592262 0.544768 0.614773 0.551294 0.595630 0.617325 0.573120 0.610800
4 0.611244 0.549704 0.631047 0.562240 0.594277 0.620330 0.574473 0.607795
4 0.628101 0.559731 0.643631 0.577284 0.592140 0.622839 0.576610 0.605286
0 0.566406 0.607031 0.602344 0.607031 0.602344 0.621094 0.566406 0.621094
4 0.621994 0.577284 0.637524 0.559731 0.689015 0.605286 0.673485 0.622839
4 0.634578 0.562240 0.654381 0.549704 0.691152 0.607795 0.671348 0.620330
4 0.650852 0.551294 0.673363 0.544768 0.692505 0.610800 0.669995 0.617325
4 0.669531 0.545312 0.692969 0.545312 0.692969 0.614062 0.669531 0.614062
4 0.689137 0.544768 0.711648 0.551294 0.692505 0.617325 0.669995 0.610800
4 0.708119 0.549704 0.727922 0.562240 0.691152 0.620330 0.671348 0.607795
4 0.724976 0.559731 0.740506 0.577284 0.689015 0.622839 0.673485 0.605286
0 0.663281 0.607031 0.699219 0.607031 0.699219 0.621094 0.663281 0.621094
4 0.718869 0.577284 0.734399 0.559731 0.785890 0.605286 0.770360 0.622839
4 0.731453 0.562240 0.751256 0.549704 0.788027 0.607795 0.768223 0.620330
4 0.747727 0.551294 0.770238 0.544768 0.789380 0.610800 0.766870 0.617325
4 0.766406 0.545312 0.789844 0.545312 0.789844 0.614062 0.766406 0.614062
4 0.786012 0.544768 0.808523 0.551294 0.789380 0.617325 0.766870 0.610800
4 0.804994 0.549704 0.824797 0.562240 0.788027 0.620330 0.768223 0.607795
4 0.821851 0.559731 0.837381 0.577284 0.785890 0.622839 0.770360 0.605286
0 0.760156 0.607031 0.796094 0.607031 0.796094 0.621094 0.760156 0.621094
4 0.815744 0.577284 0.831274 0.559731 0.882765 0.605286 0.867235 0.622839
4 0.828328 0.562240 0.848131 0.549704 0.884902 0.607795 0.865098 0.620330
4 0.844602 0.551294 0.867113 0.544768 0.886255 0.610800 0.863745 0.617325
4 0.863281 0.545312 0.886719 0.545312 0.886719 0.614062 0.863281 0.614062
4 0.882887 0.544768 0.905398 0.551294 0.886255 0.617325 0.863745 0.610800
4 0.901869 0.549704 0.921672 0.562240 0.884902 0.620330 0.865098 0.607795
4 0.918726 0.559731 0.934256 0.577284 0.882765 0.622839 0.867235 0.605286
0 0.857031 0.607031 0.892969 0.607031 0.892969 0.621094 0.857031 0.621094
4 0.912619 0.577284 0.928149 0.559731 0.979640 0.605286 0.964110 0.622839
4 0.925203 0.562240 0.945006 0.549704 0.981777 0.607795 0.961973 0.620330
4 0.941477 0.551294 0.963988 0.544768 0.983130 0.610800 0.960620 0.617325
4 0.960156 0.545312 0.983594 0.545312 0.983594 0.614062 0.960156 0.614062
0 0.953906 0.607031 0.989844 0.607031 0.989844 0.621094 0.953906 0.621094