4 0.009982 0.063409 0.028117 0.051177 0.062193 0.101696 0.044057 0.113929
4 0.021632 0.054509 0.042135 0.046884 0.063377 0.104000 0.042873 0.111625
4 0.035049 0.048599 0.056770 0.046009 0.063986 0.106517 0.042264 0.109108
4 0.049480 0.046009 0.071201 0.048599 0.063986 0.109108 0.042264 0.106517
4 0.064115 0.046884 0.084618 0.054509 0.063377 0.111625 0.042873 0.104000
4 0.078133 0.051177 0.096268 0.063409 0.062193 0.113929 0.044057 0.101696
4 0.074044 0.063409 0.092179 0.051177 0.126255 0.101696 0.108120 0.113929
4 0.085695 0.054509 0.106198 0.046884 0.127439 0.104000 0.106936 0.111625
4 0.099112 0.048599 0.120833 0.046009 0.128048 0.106517 0.106327 0.109108
4 0.113542 0.046009 0.135263 0.048599 0.128048 0.109108 0.106327 0.106517
4 0.128177 0.046884 0.148680 0.054509 0.127439 0.111625 0.106936 0.104000
4 0.142196 0.051177 0.160331 0.063409 0.126255 0.113929 0.108120 0.101696
4 0.138107 0.063409 0.156242 0.051177 0.190318 0.101696 0.172182 0.113929
4 0.149757 0.054509 0.170260 0.046884 0.191502 0.104000 0.170998 0.111625
4 0.163174 0.048599 0.184895 0.046009 0.192111 0.106517 0.170389 0.109108
4 0.177605 0.046009 0.199326 0.048599 0.192111 0.109108 0.170389 0.106517
4 0.192240 0.046884 0.212743 0.054509 0.191502 0.111625 0.170998 0.104000
4 0.206258 0.051177 0.224393 0.063409 0.190318 0.113929 0.172182 0.101696
4 0.202169 0.063409 0.220304 0.051177 0.254380 0.101696 0.236245 0.113929
4 0.213820 0.054509 0.234323 0.046884 0.255564 0.104000 0.235061 0.111625
4 0.227237 0.048599 0.248958 0.046009 0.256173 0.106517 0.234452 0.109108
4 0.241667 0.046009 0.263388 0.048599 0.256173 0.109108 0.234452 0.106517
4 0.256302 0.046884 0.276805 0.054509 0.255564 0.111625 0.235061 0.104000
4 0.270321 0.051177 0.288456 0.063409 0.254380 0.113929 0.236245 0.101696
4 0.266232 0.063409 0.284367 0.051177 0.318443 0.101696 0.300307 0.113929
4 0.277882 0.054509 0.298385 0.046884 0.319627 0.104000 0.299123 0.111625
4 0.291299 0.048599 0.313020 0.046009 0.320236 0.106517 0.298514 0.109108
4 0.305730 0.046009 0.327451 0.048599 0.320236 0.109108 0.298514 0.106517
4 0.320365 0.046884 0.340868 0.054509 0.319627 0.111625 0.299123 0.104000
4 0.334383 0.051177 0.352518 0.063409 0.318443 0.113929 0.300307 0.101696
4 0.330294 0.063409 0.348429 0.051177 0.382505 0.101696 0.364370 0.113929
4 0.341945 0.054509 0.362448 0.046884 0.383689 0.104000 0.363186 0.111625
4 0.355362 0.048599 0.377083 0.046009 0.384298 0.106517 0.362577 0.109108
4 0.369792 0.046009 0.391513 0.048599 0.384298 0.109108 0.362577 0.106517
4 0.384427 0.046884 0.404930 0.054509 0.383689 0.111625 0.363186 0.104000
4 0.398446 0.051177 0.416581 0.063409 0.382505 0.113929 0.364370 0.101696
4 0.394357 0.063409 0.412492 0.051177 0.446568 0.101696 0.428432 0.113929
4 0.406007 0.054509 0.426510 0.046884 0.447752 0.104000 0.427248 0.111625
4 0.419424 0.048599 0.441145 0.046009 0.448361 0.106517 0.426639 0.109108
4 0.433855 0.046009 0.455576 0.048599 0.448361 0.109108 0.426639 0.106517
4 0.448490 0.046884 0.468993 0.054509 0.447752 0.111625 0.427248 0.104000
4 0.462508 0.051177 0.480643 0.063409 0.446568 0.113929 0.428432 0.101696
4 0.458419 0.063409 0.476554 0.051177 0.510630 0.101696 0.492495 0.113929
4 0.470070 0.054509 0.490573 0.046884 0.511814 0.104000 0.491311 0.111625
4 0.483487 0.048599 0.505208 0.046009 0.512423 0.106517 0.490702 0.109108
4 0.497917 0.046009 0.519638 0.048599 0.512423 0.109108 0.490702 0.106517
4 0.512552 0.046884 0.533055 0.054509 0.511814 0.111625 0.491311 0.104000
4 0.526571 0.051177 0.544706 0.063409 0.510630 0.113929 0.492495 0.101696
4 0.522482 0.063409 0.540617 0.051177 0.574693 0.101696 0.556557 0.113929
4 0.534132 0.054509 0.554635 0.046884 0.575877 0.104000 0.555373 0.111625
4 0.547549 0.048599 0.569270 0.046009 0.576486 0.106517 0.554764 0.109108
4 0.561980 0.046009 0.583701 0.048599 0.576486 0.109108 0.554764 0.106517
4 0.576615 0.046884 0.597118 0.054509 0.575877 0.111625 0.555373 0.104000
4 0.590633 0.051177 0.608768 0.063409 0.574693 0.113929 0.556557 0.101696
4 0.586544 0.063409 0.604679 0.051177 0.638755 0.101696 0.620620 0.113929
4 0.598195 0.054509 0.618698 0.046884 0.639939 0.104000 0.619436 0.111625
4 0.611612 0.048599 0.633333 0.046009 0.640548 0.106517 0.618827 0.109108
4 0.626042 0.046009 0.647763 0.048599 0.640548 0.109108 0.618827 0.106517
4 0.640677 0.046884 0.661180 0.054509 0.639939 0.111625 0.619436 0.104000
4 0.654696 0.051177 0.672831 0.063409 0.638755 0.113929 0.620620 0.101696
4 0.650607 0.063409 0.668742 0.051177 0.702818 0.101696 0.684682 0.113929
4 0.662257 0.054509 0.682760 0.046884 0.704002 0.104000 0.683498 0.111625
4 0.675674 0.048599 0.697395 0.046009 0.704611 0.106517 0.682889 0.109108
4 0.690105 0.046009 0.711826 0.048599 0.704611 0.109108 0.682889 0.106517
4 0.704740 0.046884 0.725243 0.054509 0.704002 0.111625 0.683498 0.104000
4 0.718758 0.051177 0.736893 0.063409 0.702818 0.113929 0.684682 0.101696
4 0.714669 0.063409 0.732804 0.051177 0.766880 0.101696 0.748745 0.113929
4 0.726320 0.054509 0.746823 0.046884 0.768064 0.104000 0.747561 0.111625
4 0.739737 0.048599 0.761458 0.046009 0.768673 0.106517 0.746952 0.109108
4 0.754167 0.046009 0.775888 0.048599 0.768673 0.109108 0.746952 0.106517
4 0.768802 0.046884 0.789305 0.054509 0.768064 0.111625 0.747561 0.104000
4 0.782821 0.051177 0.800956 0.063409 0.766880 0.113929 0.748745 0.101696
4 0.003799 0.103286 0.025520 0.100696 0.032736 0.161205 0.011014 0.163795
4 0.018230 0.100696 0.039951 0.103286 0.032736 0.163795 0.011014 0.161205
4 0.032865 0.101572 0.053368 0.109197 0.032127 0.166313 0.011623 0.158687
4 0.046883 0.105864 0.065018 0.118097 0.030943 0.168616 0.012807 0.156384
4 0.042794 0.118097 0.060929 0.105864 0.095005 0.156384 0.076870 0.168616
4 0.054445 0.109197 0.074948 0.101572 0.096189 0.158687 0.075686 0.166313
4 0.067862 0.103286 0.089583 0.100696 0.096798 0.161205 0.075077 0.163795
4 0.082292 0.100696 0.104013 0.103286 0.096798 0.163795 0.075077 0.161205
4 0.096927 0.101572 0.117430 0.109197 0.096189 0.166313 0.075686 0.158687
4 0.110946 0.105864 0.129081 0.118097 0.095005 0.168616 0.076870 0.156384
4 0.106857 0.118097 0.124992 0.105864 0.159068 0.156384 0.140932 0.168616
4 0.118507 0.109197 0.139010 0.101572 0.160252 0.158687 0.139748 0.166313
4 0.131924 0.103286 0.153645 0.100696 0.160861 0.161205 0.139139 0.163795
4 0.146355 0.100696 0.168076 0.103286 0.160861 0.163795 0.139139 0.161205
4 0.160990 0.101572 0.181493 0.109197 0.160252 0.166313 0.139748 0.158687
4 0.175008 0.105864 0.193143 0.118097 0.159068 0.168616 0.140932 0.156384
4 0.170919 0.118097 0.189054 0.105864 0.223130 0.156384 0.204995 0.168616
4 0.182570 0.109197 0.203073 0.101572 0.224314 0.158687 0.203811 0.166313
4 0.195987 0.103286 0.217708 0.100696 0.224923 0.161205 0.203202 0.163795
4 0.210417 0.100696 0.232138 0.103286 0.224923 0.163795 0.203202 0.161205
4 0.225052 0.101572 0.245555 0.109197 0.224314 0.166313 0.203811 0.158687
4 0.239071 0.105864 0.257206 0.118097 0.223130 0.168616 0.204995 0.156384
4 0.234982 0.118097 0.253117 0.105864 0.287193 0.156384 0.269057 0.168616
4 0.246632 0.109197 0.267135 0.101572 0.288377 0.158687 0.267873 0.166313
4 0.260049 0.103286 0.281770 0.100696 0.288986 0.161205 0.267264 0.163795
4 0.274480 0.100696 0.296201 0.103286 0.288986 0.163795 0.267264 0.161205
4 0.289115 0.101572 0.309618 0.109197 0.288377 0.166313 0.267873 0.158687
4 0.303133 0.105864 0.321268 0.118097 0.287193 0.168616 0.269057 0.156384
4 0.299044 0.118097 0.317179 0.105864 0.351255 0.156384 0.333120 0.168616
4 0.310695 0.109197 0.331198 0.101572 0.352439 0.158687 0.331936 0.166313
4 0.324112 0.103286 0.345833 0.100696 0.353048 0.161205 0.331327 0.163795
4 0.338542 0.100696 0.360263 0.103286 0.353048 0.163795 0.331327 0.161205
4 0.353177 0.101572 0.373680 0.109197 0.352439 0.166313 0.331936 0.158687
4 0.367196 0.105864 0.385331 0.118097 0.351255 0.168616 0.333120 0.156384
4 0.363107 0.118097 0.381242 0.105864 0.415318 0.156384 0.397182 0.168616
4 0.374757 0.109197 0.395260 0.101572 0.416502 0.158687 0.395998 0.166313
4 0.388174 0.103286 0.409895 0.100696 0.417111 0.161205 0.395389 0.163795
4 0.402605 0.100696 0.424326 0.103286 0.417111 0.163795 0.395389 0.161205
4 0.417240 0.101572 0.437743 0.109197 0.416502 0.166313 0.395998 0.158687
4 0.431258 0.105864 0.449393 0.118097 0.415318 0.168616 0.397182 0.156384
4 0.427169 0.118097 0.445304 0.105864 0.479380 0.156384 0.461245 0.168616
4 0.438820 0.109197 0.459323 0.101572 0.480564 0.158687 0.460061 0.166313
4 0.452237 0.103286 0.473958 0.100696 0.481173 0.161205 0.459452 0.163795
4 0.466667 0.100696 0.488388 0.103286 0.481173 0.163795 0.459452 0.161205
4 0.481302 0.101572 0.501805 0.109197 0.480564 0.166313 0.460061 0.158687
4 0.495321 0.105864 0.513456 0.118097 0.479380 0.168616 0.461245 0.156384
4 0.491232 0.118097 0.509367 0.105864 0.543443 0.156384 0.525307 0.168616
4 0.502882 0.109197 0.523385 0.101572 0.544627 0.158687 0.524123 0.166313
4 0.516299 0.103286 0.538020 0.100696 0.545236 0.161205 0.523514 0.163795
4 0.530730 0.100696 0.552451 0.103286 0.545236 0.163795 0.523514 0.161205
4 0.545365 0.101572 0.565868 0.109197 0.544627 0.166313 0.524123 0.158687
4 0.559383 0.105864 0.577518 0.118097 0.543443 0.168616 0.525307 0.156384
4 0.555294 0.118097 0.573429 0.105864 0.607505 0.156384 0.589370 0.168616
4 0.566945 0.109197 0.587448 0.101572 0.608689 0.158687 0.588186 0.166313
4 0.580362 0.103286 0.602083 0.100696 0.609298 0.161205 0.587577 0.163795
4 0.594792 0.100696 0.616513 0.103286 0.609298 0.163795 0.587577 0.161205
4 0.609427 0.101572 0.629930 0.109197 0.608689 0.166313 0.588186 0.158687
4 0.623446 0.105864 0.641581 0.118097 0.607505 0.168616 0.589370 0.156384
4 0.619357 0.118097 0.637492 0.105864 0.671568 0.156384 0.653432 0.168616
4 0.631007 0.109197 0.651510 0.101572 0.672752 0.158687 0.652248 0.166313
4 0.644424 0.103286 0.666145 0.100696 0.673361 0.161205 0.651639 0.163795
4 0.658855 0.100696 0.680576 0.103286 0.673361 0.163795 0.651639 0.161205
4 0.673490 0.101572 0.693993 0.109197 0.672752 0.166313 0.652248 0.158687
4 0.687508 0.105864 0.705643 0.118097 0.671568 0.168616 0.653432 0.156384
4 0.683419 0.118097 0.701554 0.105864 0.735630 0.156384 0.717495 0.168616
4 0.695070 0.109197 0.715573 0.101572 0.736814 0.158687 0.716311 0.166313
4 0.708487 0.103286 0.730208 0.100696 0.737423 0.161205 0.715702 0.163795
4 0.722917 0.100696 0.744638 0.103286 0.737423 0.163795 0.715702 0.161205
4 0.737552 0.101572 0.758055 0.109197 0.736814 0.166313 0.716311 0.158687
4 0.751571 0.105864 0.769706 0.118097 0.735630 0.168616 0.717495 0.156384
4 0.009982 0.172784 0.028117 0.160552 0.062193 0.211071 0.044057 0.223304
4 0.021632 0.163884 0.042135 0.156259 0.063377 0.213375 0.042873 0.221000
4 0.035049 0.157974 0.056770 0.155384 0.063986 0.215892 0.042264 0.218483
4 0.049480 0.155384 0.071201 0.157974 0.063986 0.218483 0.042264 0.215892
4 0.064115 0.156259 0.084618 0.163884 0.063377 0.221000 0.042873 0.213375
4 0.078133 0.160552 0.096268 0.172784 0.062193 0.223304 0.044057 0.211071
4 0.074044 0.172784 0.092179 0.160552 0.126255 0.211071 0.108120 0.223304
4 0.085695 0.163884 0.106198 0.156259 0.127439 0.213375 0.106936 0.221000
4 0.099112 0.157974 0.120833 0.155384 0.128048 0.215892 0.106327 0.218483
4 0.113542 0.155384 0.135263 0.157974 0.128048 0.218483 0.106327 0.215892
4 0.128177 0.156259 0.148680 0.163884 0.127439 0.221000 0.106936 0.213375
4 0.142196 0.160552 0.160331 0.172784 0.126255 0.223304 0.108120 0.211071
4 0.138107 0.172784 0.156242 0.160552 0.190318 0.211071 0.172182 0.223304
4 0.149757 0.163884 0.170260 0.156259 0.191502 0.213375 0.170998 0.221000
4 0.163174 0.157974 0.184895 0.155384 0.192111 0.215892 0.170389 0.218483
4 0.177605 0.155384 0.199326 0.157974 0.192111 0.218483 0.170389 0.215892
4 0.192240 0.156259 0.212743 0.163884 0.191502 0.221000 0.170998 0.213375
4 0.206258 0.160552 0.224393 0.172784 0.190318 0.223304 0.172182 0.211071
4 0.202169 0.172784 0.220304 0.160552 0.254380 0.211071 0.236245 0.223304
4 0.213820 0.163884 0.234323 0.156259 0.255564 0.213375 0.235061 0.221000
4 0.227237 0.157974 0.248958 0.155384 0.256173 0.215892 0.234452 0.218483
4 0.241667 0.155384 0.263388 0.157974 0.256173 0.218483 0.234452 0.215892
4 0.256302 0.156259 0.276805 0.163884 0.255564 0.221000 0.235061 0.213375
4 0.270321 0.160552 0.288456 0.172784 0.254380 0.223304 0.236245 0.211071
4 0.266232 0.172784 0.284367 0.160552 0.318443 0.211071 0.300307 0.223304
4 0.277882 0.163884 0.298385 0.156259 0.319627 0.213375 0.299123 0.221000
4 0.291299 0.157974 0.313020 0.155384 0.320236 0.215892 0.298514 0.218483
4 0.305730 0.155384 0.327451 0.157974 0.320236 0.218483 0.298514 0.215892
4 0.320365 0.156259 0.340868 0.163884 0.319627 0.221000 0.299123 0.213375
4 0.334383 0.160552 0.352518 0.172784 0.318443 0.223304 0.300307 0.211071
4 0.330294 0.172784 0.348429 0.160552 0.382505 0.211071 0.364370 0.223304
4 0.341945 0.163884 0.362448 0.156259 0.383689 0.213375 0.363186 0.221000
4 0.355362 0.157974 0.377083 0.155384 0.384298 0.215892 0.362577 0.218483
4 0.369792 0.155384 0.391513 0.157974 0.384298 0.218483 0.362577 0.215892
4 0.384427 0.156259 0.404930 0.163884 0.383689 0.221000 0.363186 0.213375
4 0.398446 0.160552 0.416581 0.172784 0.382505 0.223304 0.364370 0.211071
4 0.394357 0.172784 0.412492 0.160552 0.446568 0.211071 0.428432 0.223304
4 0.406007 0.163884 0.426510 0.156259 0.447752 0.213375 0.427248 0.221000
4 0.419424 0.157974 0.441145 0.155384 0.448361 0.215892 0.426639 0.218483
4 0.433855 0.155384 0.455576 0.157974 0.448361 0.218483 0.426639 0.215892
4 0.448490 0.156259 0.468993 0.163884 0.447752 0.221000 0.427248 0.213375
4 0.462508 0.160552 0.480643 0.172784 0.446568 0.223304 0.428432 0.211071
4 0.458419 0.172784 0.476554 0.160552 0.510630 0.211071 0.492495 0.223304
4 0.470070 0.163884 0.490573 0.156259 0.511814 0.213375 0.491311 0.221000
4 0.483487 0.157974 0.505208 0.155384 0.512423 0.215892 0.490702 0.218483
4 0.497917 0.155384 0.519638 0.157974 0.512423 0.218483 0.490702 0.215892
4 0.512552 0.156259 0.533055 0.163884 0.511814 0.221000 0.491311 0.213375
4 0.526571 0.160552 0.544706 0.172784 0.510630 0.223304 0.492495 0.211071
4 0.522482 0.172784 0.540617 0.160552 0.574693 0.211071 0.556557 0.223304
4 0.534132 0.163884 0.554635 0.156259 0.575877 0.213375 0.555373 0.221000
4 0.547549 0.157974 0.569270 0.155384 0.576486 0.215892 0.554764 0.218483
4 0.561980 0.155384 0.583701 0.157974 0.576486 0.218483 0.554764 0.215892
4 0.576615 0.156259 0.597118 0.163884 0.575877 0.221000 0.555373 0.213375
4 0.590633 0.160552 0.608768 0.172784 0.574693 0.223304 0.556557 0.211071
4 0.586544 0.172784 0.604679 0.160552 0.638755 0.211071 0.620620 0.223304
4 0.598195 0.163884 0.618698 0.156259 0.639939 0.213375 0.619436 0.221000
4 0.611612 0.157974 0.633333 0.155384 0.640548 0.215892 0.618827 0.218483
4 0.626042 0.155384 0.647763 0.157974 0.640548 0.218483 0.618827 0.215892
4 0.640677 0.156259 0.661180 0.163884 0.639939 0.221000 0.619436 0.213375
4 0.654696 0.160552 0.672831 0.172784 0.638755 0.223304 0.620620 0.211071
4 0.650607 0.172784 0.668742 0.160552 0.702818 0.211071 0.684682 0.223304
4 0.662257 0.163884 0.682760 0.156259 0.704002 0.213375 0.683498 0.221000
4 0.675674 0.157974 0.697395 0.155384 0.704611 0.215892 0.682889 0.218483
4 0.690105 0.155384 0.711826 0.157974 0.704611 0.218483 0.682889 0.215892
4 0.704740 0.156259 0.725243 0.163884 0.704002 0.221000 0.683498 0.213375
4 0.718758 0.160552 0.736893 0.172784 0.702818 0.223304 0.684682 0.211071
4 0.714669 0.172784 0.732804 0.160552 0.766880 0.211071 0.748745 0.223304
4 0.726320 0.163884 0.746823 0.156259 0.768064 0.213375 0.747561 0.221000
4 0.739737 0.157974 0.761458 0.155384 0.768673 0.215892 0.746952 0.218483
4 0.754167 0.155384 0.775888 0.157974 0.768673 0.218483 0.746952 0.215892
4 0.768802 0.156259 0.789305 0.163884 0.768064 0.221000 0.747561 0.213375
4 0.782821 0.160552 0.800956 0.172784 0.766880 0.223304 0.748745 0.211071
4 0.003799 0.212661 0.025520 0.210071 0.032736 0.270580 0.011014 0.273170
4 0.018230 0.210071 0.039951 0.212661 0.032736 0.273170 0.011014 0.270580
4 0.032865 0.210947 0.053368 0.218572 0.032127 0.275688 0.011623 0.268062
4 0.046883 0.215239 0.065018 0.227472 0.030943 0.277991 0.012807 0.265759
4 0.042794 0.227472 0.060929 0.215239 0.095005 0.265759 0.076870 0.277991
4 0.054445 0.218572 0.074948 0.210947 0.096189 0.268062 0.075686 0.275688
4 0.067862 0.212661 0.089583 0.210071 0.096798 0.270580 0.075077 0.273170
4 0.082292 0.210071 0.104013 0.212661 0.096798 0.273170 0.075077 0.270580
4 0.096927 0.210947 0.117430 0.218572 0.096189 0.275688 0.075686 0.268062
4 0.110946 0.215239 0.129081 0.227472 0.095005 0.277991 0.076870 0.265759
4 0.106857 0.227472 0.124992 0.215239 0.159068 0.265759 0.140932 0.277991
4 0.118507 0.218572 0.139010 0.210947 0.160252 0.268062 0.139748 0.275688
4 0.131924 0.212661 0.153645 0.210071 0.160861 0.270580 0.139139 0.273170
4 0.146355 0.210071 0.168076 0.212661 0.160861 0.273170 0.139139 0.270580
4 0.160990 0.210947 0.181493 0.218572 0.160252 0.275688 0.139748 0.268062
4 0.175008 0.215239 0.193143 0.227472 0.159068 0.277991 0.140932 0.265759
4 0.170919 0.227472 0.189054 0.215239 0.223130 0.265759 0.204995 0.277991
4 0.182570 0.218572 0.203073 0.210947 0.224314 0.268062 0.203811 0.275688
4 0.195987 0.212661 0.217708 0.210071 0.224923 0.270580 0.203202 0.273170
4 0.210417 0.210071 0.232138 0.212661 0.224923 0.273170 0.203202 0.270580
4 0.225052 0.210947 0.245555 0.218572 0.224314 0.275688 0.203811 0.268062
4 0.239071 0.215239 0.257206 0.227472 0.223130 0.277991 0.204995 0.265759
4 0.234982 0.227472 0.253117 0.215239 0.287193 0.265759 0.269057 0.277991
4 0.246632 0.218572 0.267135 0.210947 0.288377 0.268062 0.267873 0.275688
4 0.260049 0.212661 0.281770 0.210071 0.288986 0.270580 0.267264 0.273170
4 0.274480 0.210071 0.296201 0.212661 0.288986 0.273170 0.267264 0.270580
4 0.289115 0.210947 0.309618 0.218572 0.288377 0.275688 0.267873 0.268062
4 0.303133 0.215239 0.321268 0.227472 0.287193 0.277991 0.269057 0.265759
4 0.299044 0.227472 0.317179 0.215239 0.351255 0.265759 0.333120 0.277991
4 0.310695 0.218572 0.331198 0.210947 0.352439 0.268062 0.331936 0.275688
4 0.324112 0.212661 0.345833 0.210071 0.353048 0.270580 0.331327 0.273170
4 0.338542 0.210071 0.360263 0.212661 0.353048 0.273170 0.331327 0.270580
4 0.353177 0.210947 0.373680 0.218572 0.352439 0.275688 0.331936 0.268062
4 0.367196 0.215239 0.385331 0.227472 0.351255 0.277991 0.333120 0.265759
4 0.363107 0.227472 0.381242 0.215239 0.415318 0.265759 0.397182 0.277991
4 0.374757 0.218572 0.395260 0.210947 0.416502 0.268062 0.395998 0.275688
4 0.388174 0.212661 0.409895 0.210071 0.417111 0.270580 0.395389 0.273170
4 0.402605 0.210071 0.424326 0.212661 0.417111 0.273170 0.395389 0.270580
4 0.417240 0.210947 0.437743 0.218572 0.416502 0.275688 0.395998 0.268062
4 0.431258 0.215239 0.449393 0.227472 0.415318 0.277991 0.397182 0.265759
4 0.427169 0.227472 0.445304 0.215239 0.479380 0.265759 0.461245 0.277991
4 0.438820 0.218572 0.459323 0.210947 0.480564 0.268062 0.460061 0.275688
4 0.452237 0.212661 0.473958 0.210071 0.481173 0.270580 0.459452 0.273170
4 0.466667 0.210071 0.488388 0.212661 0.481173 0.273170 0.459452 0.270580
4 0.481302 0.210947 0.501805 0.218572 0.480564 0.275688 0.460061 0.268062
4 0.495321 0.215239 0.513456 0.227472 0.479380 0.277991 0.461245 0.265759
4 0.491232 0.227472 0.509367 0.215239 0.543443 0.265759 0.525307 0.277991
4 0.502882 0.218572 0.523385 0.210947 0.544627 0.268062 0.524123 0.275688
4 0.516299 0.212661 0.538020 0.210071 0.545236 0.270580 0.523514 0.273170
4 0.530730 0.210071 0.552451 0.212661 0.545236 0.273170 0.523514 0.270580
4 0.545365 0.210947 0.565868 0.218572 0.544627 0.275688 0.524123 0.268062
4 0.559383 0.215239 0.577518 0.227472 0.543443 0.277991 0.525307 0.265759
4 0.555294 0.227472 0.573429 0.215239 0.607505 0.265759 0.589370 0.277991
4 0.566945 0.218572 0.587448 0.210947 0.608689 0.268062 0.588186 0.275688
4 0.580362 0.212661 0.602083 0.210071 0.609298 0.270580 0.587577 0.273170
4 0.594792 0.210071 0.616513 0.212661 0.609298 0.273170 0.587577 0.270580
4 0.609427 0.210947 0.629930 0.218572 0.608689 0.275688 0.588186 0.268062
4 0.623446 0.215239 0.641581 0.227472 0.607505 0.277991 0.589370 0.265759
4 0.619357 0.227472 0.637492 0.215239 0.671568 0.265759 0.653432 0.277991
4 0.631007 0.218572 0.651510 0.210947 0.672752 0.268062 0.652248 0.275688
4 0.644424 0.212661 0.666145 0.210071 0.673361 0.270580 0.651639 0.273170
4 0.658855 0.210071 0.680576 0.212661 0.673361 0.273170 0.651639 0.270580
4 0.673490 0.210947 0.693993 0.218572 0.672752 0.275688 0.652248 0.268062
4 0.687508 0.215239 0.705643 0.227472 0.671568 0.277991 0.653432 0.265759
4 0.683419 0.227472 0.701554 0.215239 0.735630 0.265759 0.717495 0.277991
4 0.695070 0.218572 0.715573 0.210947 0.736814 0.268062 0.716311 0.275688
4 0.708487 0.212661 0.730208 0.210071 0.737423 0.270580 0.715702 0.273170
4 0.722917 0.210071 0.744638 0.212661 0.737423 0.273170 0.715702 0.270580
4 0.737552 0.210947 0.758055 0.218572 0.736814 0.275688 0.716311 0.268062
4 0.751571 0.215239 0.769706 0.227472 0.735630 0.277991 0.717495 0.265759
4 0.009982 0.282159 0.028117 0.269927 0.062193 0.320446 0.044057 0.332679
4 0.021632 0.273259 0.042135 0.265634 0.063377 0.322750 0.042873 0.330375
4 0.035049 0.267349 0.056770 0.264759 0.063986 0.325267 0.042264 0.327858
4 0.049480 0.264759 0.071201 0.267349 0.063986 0.327858 0.042264 0.325267
4 0.064115 0.265634 0.084618 0.273259 0.063377 0.330375 0.042873 0.322750
4 0.078133 0.269927 0.096268 0.282159 0.062193 0.332679 0.044057 0.320446
4 0.074044 0.282159 0.092179 0.269927 0.126255 0.320446 0.108120 0.332679
4 0.085695 0.273259 0.106198 0.265634 0.127439 0.322750 0.106936 0.330375
4 0.099112 0.267349 0.120833 0.264759 0.128048 0.325267 0.106327 0.327858
4 0.113542 0.264759 0.135263 0.267349 0.128048 0.327858 0.106327 0.325267
4 0.128177 0.265634 0.148680 0.273259 0.127439 0.330375 0.106936 0.322750
4 0.142196 0.269927 0.160331 0.282159 0.126255 0.332679 0.108120 0.320446
4 0.138107 0.282159 0.156242 0.269927 0.190318 0.320446 0.172182 0.332679
4 0.149757 0.273259 0.170260 0.265634 0.191502 0.322750 0.170998 0.330375
4 0.163174 0.267349 0.184895 0.264759 0.192111 0.325267 0.170389 0.327858
4 0.177605 0.264759 0.199326 0.267349 0.192111 0.327858 0.170389 0.325267
4 0.192240 0.265634 0.212743 0.273259 0.191502 0.330375 0.170998 0.322750
4 0.206258 0.269927 0.224393 0.282159 0.190318 0.332679 0.172182 0.320446
4 0.202169 0.282159 0.220304 0.269927 0.254380 0.320446 0.236245 0.332679
4 0.213820 0.273259 0.234323 0.265634 0.255564 0.322750 0.235061 0.330375
4 0.227237 0.267349 0.248958 0.264759 0.256173 0.325267 0.234452 0.327858
4 0.241667 0.264759 0.263388 0.267349 0.256173 0.327858 0.234452 0.325267
4 0.256302 0.265634 0.276805 0.273259 0.255564 0.330375 0.235061 0.322750
4 0.270321 0.269927 0.288456 0.282159 0.254380 0.332679 0.236245 0.320446
4 0.266232 0.282159 0.284367 0.269927 0.318443 0.320446 0.300307 0.332679
4 0.277882 0.273259 0.298385 0.265634 0.319627 0.322750 0.299123 0.330375
4 0.291299 0.267349 0.313020 0.264759 0.320236 0.325267 0.298514 0.327858
4 0.305730 0.264759 0.327451 0.267349 0.320236 0.327858 0.298514 0.325267
4 0.320365 0.265634 0.340868 0.273259 0.319627 0.330375 0.299123 0.322750
4 0.334383 0.269927 0.352518 0.282159 0.318443 0.332679 0.300307 0.320446
4 0.330294 0.282159 0.348429 0.269927 0.382505 0.320446 0.364370 0.332679
4 0.341945 0.273259 0.362448 0.265634 0.383689 0.322750 0.363186 0.330375
4 0.355362 0.267349 0.377083 0.264759 0.384298 0.325267 0.362577 0.327858
4 0.369792 0.264759 0.391513 0.267349 0.384298 0.327858 0.362577 0.325267
4 0.384427 0.265634 0.404930 0.273259 0.383689 0.330375 0.363186 0.322750
4 0.398446 0.269927 0.416581 0.282159 0.382505 0.332679 0.364370 0.320446
4 0.394357 0.282159 0.412492 0.269927 0.446568 0.320446 0.428432 0.332679
4 0.406007 0.273259 0.426510 0.265634 0.447752 0.322750 0.427248 0.330375
4 0.419424 0.267349 0.441145 0.264759 0.448361 0.325267 0.426639 0.327858
4 0.433855 0.264759 0.455576 0.267349 0.448361 0.327858 0.426639 0.325267
4 0.448490 0.265634 0.468993 0.273259 0.447752 0.330375 0.427248 0.322750
4 0.462508 0.269927 0.480643 0.282159 0.446568 0.332679 0.428432 0.320446
4 0.458419 0.282159 0.476554 0.269927 0.510630 0.320446 0.492495 0.332679
4 0.470070 0.273259 0.490573 0.265634 0.511814 0.322750 0.491311 0.330375
4 0.483487 0.267349 0.505208 0.264759 0.512423 0.325267 0.490702 0.327858
4 0.497917 0.264759 0.519638 0.267349 0.512423 0.327858 0.490702 0.325267
4 0.512552 0.265634 0.533055 0.273259 0.511814 0.330375 0.491311 0.322750
4 0.526571 0.269927 0.544706 0.282159 0.510630 0.332679 0.492495 0.320446
4 0.522482 0.282159 0.540617 0.269927 0.574693 0.320446 0.556557 0.332679
4 0.534132 0.273259 0.554635 0.265634 0.575877 0.322750 0.555373 0.330375
4 0.547549 0.267349 0.569270 0.264759 0.576486 0.325267 0.554764 0.327858
4 0.561980 0.264759 0.583701 0.267349 0.576486 0.327858 0.554764 0.325267
4 0.576615 0.265634 0.597118 0.273259 0.575877 0.330375 0.555373 0.322750
4 0.590633 0.269927 0.608768 0.282159 0.574693 0.332679 0.556557 0.320446
4 0.586544 0.282159 0.604679 0.269927 0.638755 0.320446 0.620620 0.332679
4 0.598195 0.273259 0.618698 0.265634 0.639939 0.322750 0.619436 0.330375
4 0.611612 0.267349 0.633333 0.264759 0.640548 0.325267 0.618827 0.327858
4 0.626042 0.264759 0.647763 0.267349 0.640548 0.327858 0.618827 0.325267
4 0.640677 0.265634 0.661180 0.273259 0.639939 0.330375 0.619436 0.322750
4 0.654696 0.269927 0.672831 0.282159 0.638755 0.332679 0.620620 0.320446
4 0.650607 0.282159 0.668742 0.269927 0.702818 0.320446 0.684682 0.332679
4 0.662257 0.273259 0.682760 0.265634 0.704002 0.322750 0.683498 0.330375
4 0.675674 0.267349 0.697395 0.264759 0.704611 0.325267 0.682889 0.327858
4 0.690105 0.264759 0.711826 0.267349 0.704611 0.327858 0.682889 0.325267
4 0.704740 0.265634 0.725243 0.273259 0.704002 0.330375 0.683498 0.322750
4 0.718758 0.269927 0.736893 0.282159 0.702818 0.332679 0.684682 0.320446
4 0.714669 0.282159 0.732804 0.269927 0.766880 0.320446 0.748745 0.332679
4 0.726320 0.273259 0.746823 0.265634 0.768064 0.322750 0.747561 0.330375
4 0.739737 0.267349 0.761458 0.264759 0.768673 0.325267 0.746952 0.327858
4 0.754167 0.264759 0.775888 0.267349 0.768673 0.327858 0.746952 0.325267
4 0.768802 0.265634 0.789305 0.273259 0.768064 0.330375 0.747561 0.322750
4 0.782821 0.269927 0.800956 0.282159 0.766880 0.332679 0.748745 0.320446
4 0.003799 0.322036 0.025520 0.319446 0.032736 0.379955 0.011014 0.382545
4 0.018230 0.319446 0.039951 0.322036 0.032736 0.382545 0.011014 0.379955
4 0.032865 0.320322 0.053368 0.327947 0.032127 0.385063 0.011623 0.377437
4 0.046883 0.324614 0.065018 0.336847 0.030943 0.387366 0.012807 0.375134
4 0.042794 0.336847 0.060929 0.324614 0.095005 0.375134 0.076870 0.387366
4 0.054445 0.327947 0.074948 0.320322 0.096189 0.377437 0.075686 0.385063
4 0.067862 0.322036 0.089583 0.319446 0.096798 0.379955 0.075077 0.382545
4 0.082292 0.319446 0.104013 0.322036 0.096798 0.382545 0.075077 0.379955
4 0.096927 0.320322 0.117430 0.327947 0.096189 0.385063 0.075686 0.377437
4 0.110946 0.324614 0.129081 0.336847 0.095005 0.387366 0.076870 0.375134
4 0.106857 0.336847 0.124992 0.324614 0.159068 0.375134 0.140932 0.387366
4 0.118507 0.327947 0.139010 0.320322 0.160252 0.377437 0.139748 0.385063
4 0.131924 0.322036 0.153645 0.319446 0.160861 0.379955 0.139139 0.382545
4 0.146355 0.319446 0.168076 0.322036 0.160861 0.382545 0.139139 0.379955
4 0.160990 0.320322 0.181493 0.327947 0.160252 0.385063 0.139748 0.377437
4 0.175008 0.324614 0.193143 0.336847 0.159068 0.387366 0.140932 0.375134
4 0.170919 0.336847 0.189054 0.324614 0.223130 0.375134 0.204995 0.387366
4 0.182570 0.327947 0.203073 0.320322 0.224314 0.377437 0.203811 0.385063
4 0.195987 0.322036 0.217708 0.319446 0.224923 0.379955 0.203202 0.382545
4 0.210417 0.319446 0.232138 0.322036 0.224923 0.382545 0.203202 0.379955
4 0.225052 0.320322 0.245555 0.327947 0.224314 0.385063 0.203811 0.377437
4 0.239071 0.324614 0.257206 0.336847 0.223130 0.387366 0.204995 0.375134
4 0.234982 0.336847 0.253117 0.324614 0.287193 0.375134 0.269057 0.387366
4 0.246632 0.327947 0.267135 0.320322 0.288377 0.377437 0.267873 0.385063
4 0.260049 0.322036 0.281770 0.319446 0.288986 0.379955 0.267264 0.382545
4 0.274480 0.319446 0.296201 0.322036 0.288986 0.382545 0.267264 0.379955
4 0.289115 0.320322 0.309618 0.327947 0.288377 0.385063 0.267873 0.377437
4 0.303133 0.324614 0.321268 0.336847 0.287193 0.387366 0.269057 0.375134
4 0.299044 0.336847 0.317179 0.324614 0.351255 0.375134 0.333120 0.387366
4 0.310695 0.327947 0.331198 0.320322 0.352439 0.377437 0.331936 0.385063
4 0.324112 0.322036 0.345833 0.319446 0.353048 0.379955 0.331327 0.382545
4 0.338542 0.319446 0.360263 0.322036 0.353048 0.382545 0.331327 0.379955
4 0.353177 0.320322 0.373680 0.327947 0.352439 0.385063 0.331936 0.377437
4 0.367196 0.324614 0.385331 0.336847 0.351255 0.387366 0.333120 0.375134
4 0.363107 0.336847 0.381242 0.324614 0.415318 0.375134 0.397182 0.387366
4 0.374757 0.327947 0.395260 0.320322 0.416502 0.377437 0.395998 0.385063
4 0.388174 0.322036 0.409895 0.319446 0.417111 0.379955 0.395389 0.382545
4 0.402605 0.319446 0.424326 0.322036 0.417111 0.382545 0.395389 0.379955
4 0.417240 0.320322 0.437743 0.327947 0.416502 0.385063 0.395998 0.377437
4 0.431258 0.324614 0.449393 0.336847 0.415318 0.387366 0.397182 0.375134
4 0.427169 0.336847 0.445304 0.324614 0.479380 0.375134 0.461245 0.387366
4 0.438820 0.327947 0.459323 0.320322 0.480564 0.377437 0.460061 0.385063
4 0.452237 0.322036 0.473958 0.319446 0.481173 0.379955 0.459452 0.382545
4 0.466667 0.319446 0.488388 0.322036 0.481173 0.382545 0.459452 0.379955
4 0.481302 0.320322 0.501805 0.327947 0.480564 0.385063 0.460061 0.377437
4 0.495321 0.324614 0.513456 0.336847 0.479380 0.387366 0.461245 0.375134
4 0.491232 0.336847 0.509367 0.324614 0.543443 0.375134 0.525307 0.387366
4 0.502882 0.327947 0.523385 0.320322 0.544627 0.377437 0.524123 0.385063
4 0.516299 0.322036 0.538020 0.319446 0.545236 0.379955 0.523514 0.382545
4 0.530730 0.319446 0.552451 0.322036 0.545236 0.382545 0.523514 0.379955
4 0.545365 0.320322 0.565868 0.327947 0.544627 0.385063 0.524123 0.377437
4 0.559383 0.324614 0.577518 0.336847 0.543443 0.387366 0.525307 0.375134
4 0.555294 0.336847 0.573429 0.324614 0.607505 0.375134 0.589370 0.387366
4 0.566945 0.327947 0.587448 0.320322 0.608689 0.377437 0.588186 0.385063
4 0.580362 0.322036 0.602083 0.319446 0.609298 0.379955 0.587577 0.382545
4 0.594792 0.319446 0.616513 0.322036 0.609298 0.382545 0.587577 0.379955
4 0.609427 0.320322 0.629930 0.327947 0.608689 0.385063 0.588186 0.377437
4 0.623446 0.324614 0.641581 0.336847 0.607505 0.387366 0.589370 0.375134
4 0.619357 0.336847 0.637492 0.324614 0.671568 0.375134 0.653432 0.387366
4 0.631007 0.327947 0.651510 0.320322 0.672752 0.377437 0.652248 0.385063
4 0.644424 0.322036 0.666145 0.319446 0.673361 0.379955 0.651639 0.382545
4 0.658855 0.319446 0.680576 0.322036 0.673361 0.382545 0.651639 0.379955
4 0.673490 0.320322 0.693993 0.327947 0.672752 0.385063 0.652248 0.377437
4 0.687508 0.324614 0.705643 0.336847 0.671568 0.387366 0.653432 0.375134
4 0.683419 0.336847 0.701554 0.324614 0.735630 0.375134 0.717495 0.387366
4 0.695070 0.327947 0.715573 0.320322 0.736814 0.377437 0.716311 0.385063
4 0.708487 0.322036 0.730208 0.319446 0.737423 0.379955 0.715702 0.382545
4 0.722917 0.319446 0.744638 0.322036 0.737423 0.382545 0.715702 0.379955
4 0.737552 0.320322 0.758055 0.327947 0.736814 0.385063 0.716311 0.377437
4 0.751571 0.324614 0.769706 0.336847 0.735630 0.387366 0.717495 0.375134
4 0.009982 0.391534 0.028117 0.379302 0.062193 0.429821 0.044057 0.442054
4 0.021632 0.382634 0.042135 0.375009 0.063377 0.432125 0.042873 0.439750
4 0.035049 0.376724 0.056770 0.374134 0.063986 0.434642 0.042264 0.437233
4 0.049480 0.374134 0.071201 0.376724 0.063986 0.437233 0.042264 0.434642
4 0.064115 0.375009 0.084618 0.382634 0.063377 0.439750 0.042873 0.432125
4 0.078133 0.379302 0.096268 0.391534 0.062193 0.442054 0.044057 0.429821
4 0.074044 0.391534 0.092179 0.379302 0.126255 0.429821 0.108120 0.442054
4 0.085695 0.382634 0.106198 0.375009 0.127439 0.432125 0.106936 0.439750
4 0.099112 0.376724 0.120833 0.374134 0.128048 0.434642 0.106327 0.437233
4 0.113542 0.374134 0.135263 0.376724 0.128048 0.437233 0.106327 0.434642
4 0.128177 0.375009 0.148680 0.382634 0.127439 0.439750 0.106936 0.432125
4 0.142196 0.379302 0.160331 0.391534 0.126255 0.442054 0.108120 0.429821
4 0.138107 0.391534 0.156242 0.379302 0.190318 0.429821 0.172182 0.442054
4 0.149757 0.382634 0.170260 0.375009 0.191502 0.432125 0.170998 0.439750
4 0.163174 0.376724 0.184895 0.374134 0.192111 0.434642 0.170389 0.437233
4 0.177605 0.374134 0.199326 0.376724 0.192111 0.437233 0.170389 0.434642
4 0.192240 0.375009 0.212743 0.382634 0.191502 0.439750 0.170998 0.432125
4 0.206258 0.379302 0.224393 0.391534 0.190318 0.442054 0.172182 0.429821
4 0.202169 0.391534 0.220304 0.379302 0.254380 0.429821 0.236245 0.442054
4 0.213820 0.382634 0.234323 0.375009 0.255564 0.432125 0.235061 0.439750
4 0.227237 0.376724 0.248958 0.374134 0.256173 0.434642 0.234452 0.437233
4 0.241667 0.374134 0.263388 0.376724 0.256173 0.437233 0.234452 0.434642
4 0.256302 0.375009 0.276805 0.382634 0.255564 0.439750 0.235061 0.432125
4 0.270321 0.379302 0.288456 0.391534 0.254380 0.442054 0.236245 0.429821
4 0.266232 0.391534 0.284367 0.379302 0.318443 0.429821 0.300307 0.442054
4 0.277882 0.382634 0.298385 0.375009 0.319627 0.432125 0.299123 0.439750
4 0.291299 0.376724 0.313020 0.374134 0.320236 0.434642 0.298514 0.437233
4 0.305730 0.374134 0.327451 0.376724 0.320236 0.437233 0.298514 0.434642
4 0.320365 0.375009 0.340868 0.382634 0.319627 0.439750 0.299123 0.432125
4 0.334383 0.379302 0.352518 0.391534 0.318443 0.442054 0.300307 0.429821
4 0.330294 0.391534 0.348429 0.379302 0.382505 0.429821 0.364370 0.442054
4 0.341945 0.382634 0.362448 0.375009 0.383689 0.432125 0.363186 0.439750
4 0.355362 0.376724 0.377083 0.374134 0.384298 0.434642 0.362577 0.437233
4 0.369792 0.374134 0.391513 0.376724 0.384298 0.437233 0.362577 0.434642
4 0.384427 0.375009 0.404930 0.382634 0.383689 0.439750 0.363186 0.432125
4 0.398446 0.379302 0.416581 0.391534 0.382505 0.442054 0.364370 0.429821
4 0.394357 0.391534 0.412492 0.379302 0.446568 0.429821 0.428432 0.442054
4 0.406007 0.382634 0.426510 0.375009 0.447752 0.432125 0.427248 0.439750
4 0.419424 0.376724 0.441145 0.374134 0.448361 0.434642 0.426639 0.437233
4 0.433855 0.374134 0.455576 0.376724 0.448361 0.437233 0.426639 0.434642
4 0.448490 0.375009 0.468993 0.382634 0.447752 0.439750 0.427248 0.432125
4 0.462508 0.379302 0.480643 0.391534 0.446568 0.442054 0.428432 0.429821
4 0.458419 0.391534 0.476554 0.379302 0.510630 0.429821 0.492495 0.442054
4 0.470070 0.382634 0.490573 0.375009 0.511814 0.432125 0.491311 0.439750
4 0.483487 0.376724 0.505208 0.374134 0.512423 0.434642 0.490702 0.437233
4 0.497917 0.374134 0.519638 0.376724 0.512423 0.437233 0.490702 0.434642
4 0.512552 0.375009 0.533055 0.382634 0.511814 0.439750 0.491311 0.432125
4 0.526571 0.379302 0.544706 0.391534 0.510630 0.442054 0.492495 0.429821
4 0.522482 0.391534 0.540617 0.379302 0.574693 0.429821 0.556557 0.442054
4 0.534132 0.382634 0.554635 0.375009 0.575877 0.432125 0.555373 0.439750
4 0.547549 0.376724 0.569270 0.374134 0.576486 0.434642 0.554764 0.437233
4 0.561980 0.374134 0.583701 0.376724 0.576486 0.437233 0.554764 0.434642
4 0.576615 0.375009 0.597118 0.382634 0.575877 0.439750 0.555373 0.432125
4 0.590633 0.379302 0.608768 0.391534 0.574693 0.442054 0.556557 0.429821
4 0.586544 0.391534 0.604679 0.379302 0.638755 0.429821 0.620620 0.442054
4 0.598195 0.382634 0.618698 0.375009 0.639939 0.432125 0.619436 0.439750
4 0.611612 0.376724 0.633333 0.374134 0.640548 0.434642 0.618827 0.437233
4 0.626042 0.374134 0.647763 0.376724 0.640548 0.437233 0.618827 0.434642
4 0.640677 0.375009 0.661180 0.382634 0.639939 0.439750 0.619436 0.432125
4 0.654696 0.379302 0.672831 0.391534 0.638755 0.442054 0.620620 0.429821
4 0.650607 0.391534 0.668742 0.379302 0.702818 0.429821 0.684682 0.442054
4 0.662257 0.382634 0.682760 0.375009 0.704002 0.432125 0.683498 0.439750
4 0.675674 0.376724 0.697395 0.374134 0.704611 0.434642 0.682889 0.437233
4 0.690105 0.374134 0.711826 0.376724 0.704611 0.437233 0.682889 0.434642
4 0.704740 0.375009 0.725243 0.382634 0.704002 0.439750 0.683498 0.432125
4 0.718758 0.379302 0.736893 0.391534 0.702818 0.442054 0.684682 0.429821
4 0.714669 0.391534 0.732804 0.379302 0.766880 0.429821 0.748745 0.442054
4 0.726320 0.382634 0.746823 0.375009 0.768064 0.432125 0.747561 0.439750
4 0.739737 0.376724 0.761458 0.374134 0.768673 0.434642 0.746952 0.437233
4 0.754167 0.374134 0.775888 0.376724 0.768673 0.437233 0.746952 0.434642
4 0.768802 0.375009 0.789305 0.382634 0.768064 0.439750 0.747561 0.432125
4 0.782821 0.379302 0.800956 0.391534 0.766880 0.442054 0.748745 0.429821
4 0.003799 0.431411 0.025520 0.428821 0.032736 0.489330 0.011014 0.491920
4 0.018230 0.428821 0.039951 0.431411 0.032736 0.491920 0.011014 0.489330
4 0.032865 0.429697 0.053368 0.437322 0.032127 0.494438 0.011623 0.486812
4 0.046883 0.433989 0.065018 0.446222 0.030943 0.496741 0.012807 0.484509
4 0.042794 0.446222 0.060929 0.433989 0.095005 0.484509 0.076870 0.496741
4 0.054445 0.437322 0.074948 0.429697 0.096189 0.486812 0.075686 0.494438
4 0.067862 0.431411 0.089583 0.428821 0.096798 0.489330 0.075077 0.491920
4 0.082292 0.428821 0.104013 0.431411 0.096798 0.491920 0.075077 0.489330
4 0.096927 0.429697 0.117430 0.437322 0.096189 0.494438 0.075686 0.486812
4 0.110946 0.433989 0.129081 0.446222 0.095005 0.496741 0.076870 0.484509
4 0.106857 0.446222 0.124992 0.433989 0.159068 0.484509 0.140932 0.496741
4 0.118507 0.437322 0.139010 0.429697 0.160252 0.486812 0.139748 0.494438
4 0.131924 0.431411 0.153645 0.428821 0.160861 0.489330 0.139139 0.491920
4 0.146355 0.428821 0.168076 0.431411 0.160861 0.491920 0.139139 0.489330
4 0.160990 0.429697 0.181493 0.437322 0.160252 0.494438 0.139748 0.486812
4 0.175008 0.433989 0.193143 0.446222 0.159068 0.496741 0.140932 0.484509
4 0.170919 0.446222 0.189054 0.433989 0.223130 0.484509 0.204995 0.496741
4 0.182570 0.437322 0.203073 0.429697 0.224314 0.486812 0.203811 0.494438
4 0.195987 0.431411 0.217708 0.428821 0.224923 0.489330 0.203202 0.491920
4 0.210417 0.428821 0.232138 0.431411 0.224923 0.491920 0.203202 0.489330
4 0.225052 0.429697 0.245555 0.437322 0.224314 0.494438 0.203811 0.486812
4 0.239071 0.433989 0.257206 0.446222 0.223130 0.496741 0.204995 0.484509
4 0.234982 0.446222 0.253117 0.433989 0.287193 0.484509 0.269057 0.496741
4 0.246632 0.437322 0.267135 0.429697 0.288377 0.486812 0.267873 0.494438
4 0.260049 0.431411 0.281770 0.428821 0.288986 0.489330 0.267264 0.491920
4 0.274480 0.428821 0.296201 0.431411 0.288986 0.491920 0.267264 0.489330
4 0.289115 0.429697 0.309618 0.437322 0.288377 0.494438 0.267873 0.486812
4 0.303133 0.433989 0.321268 0.446222 0.287193 0.496741 0.269057 0.484509
4 0.299044 0.446222 0.317179 0.433989 0.351255 0.484509 0.333120 0.496741
4 0.310695 0.437322 0.331198 0.429697 0.352439 0.486812 0.331936 0.494438
4 0.324112 0.431411 0.345833 0.428821 0.353048 0.489330 0.331327 0.491920
4 0.338542 0.428821 0.360263 0.431411 0.353048 0.491920 0.331327 0.489330
4 0.353177 0.429697 0.373680 0.437322 0.352439 0.494438 0.331936 0.486812
4 0.367196 0.433989 0.385331 0.446222 0.351255 0.496741 0.333120 0.484509
4 0.363107 0.446222 0.381242 0.433989 0.415318 0.484509 0.397182 0.496741
4 0.374757 0.437322 0.395260 0.429697 0.416502 0.486812 0.395998 0.494438
4 0.388174 0.431411 0.409895 0.428821 0.417111 0.489330 0.395389 0.491920
4 0.402605 0.428821 0.424326 0.431411 0.417111 0.491920 0.395389 0.489330
4 0.417240 0.429697 0.437743 0.437322 0.416502 0.494438 0.395998 0.486812
4 0.431258 0.433989 0.449393 0.446222 0.415318 0.496741 0.397182 0.484509
4 0.427169 0.446222 0.445304 0.433989 0.479380 0.484509 0.461245 0.496741
4 0.438820 0.437322 0.459323 0.429697 0.480564 0.486812 0.460061 0.494438
4 0.452237 0.431411 0.473958 0.428821 0.481173 0.489330 0.459452 0.491920
4 0.466667 0.428821 0.488388 0.431411 0.481173 0.491920 0.459452 0.489330
4 0.481302 0.429697 0.501805 0.437322 0.480564 0.494438 0.460061 0.486812
4 0.495321 0.433989 0.513456 0.446222 0.479380 0.496741 0.461245 0.484509
4 0.491232 0.446222 0.509367 0.433989 0.543443 0.484509 0.525307 0.496741
4 0.502882 0.437322 0.523385 0.429697 0.544627 0.486812 0.524123 0.494438
4 0.516299 0.431411 0.538020 0.428821 0.545236 0.489330 0.523514 0.491920
4 0.530730 0.428821 0.552451 0.431411 0.545236 0.491920 0.523514 0.489330
4 0.545365 0.429697 0.565868 0.437322 0.544627 0.494438 0.524123 0.486812
4 0.559383 0.433989 0.577518 0.446222 0.543443 0.496741 0.525307 0.484509
4 0.555294 0.446222 0.573429 0.433989 0.607505 0.484509 0.589370 0.496741
4 0.566945 0.437322 0.587448 0.429697 0.608689 0.486812 0.588186 0.494438
4 0.580362 0.431411 0.602083 0.428821 0.609298 0.489330 0.587577 0.491920
4 0.594792 0.428821 0.616513 0.431411 0.609298 0.491920 0.587577 0.489330
4 0.609427 0.429697 0.629930 0.437322 0.608689 0.494438 0.588186 0.486812
4 0.623446 0.433989 0.641581 0.446222 0.607505 0.496741 0.589370 0.484509
4 0.619357 0.446222 0.637492 0.433989 0.671568 0.484509 0.653432 0.496741
4 0.631007 0.437322 0.651510 0.429697 0.672752 0.486812 0.652248 0.494438
4 0.644424 0.431411 0.666145 0.428821 0.673361 0.489330 0.651639 0.491920
4 0.658855 0.428821 0.680576 0.431411 0.673361 0.491920 0.651639 0.489330
4 0.673490 0.429697 0.693993 0.437322 0.672752 0.494438 0.652248 0.486812
4 0.687508 0.433989 0.705643 0.446222 0.671568 0.496741 0.653432 0.484509
4 0.683419 0.446222 0.701554 0.433989 0.735630 0.484509 0.717495 0.496741
4 0.695070 0.437322 0.715573 0.429697 0.736814 0.486812 0.716311 0.494438
4 0.708487 0.431411 0.730208 0.428821 0.737423 0.489330 0.715702 0.491920
4 0.722917 0.428821 0.744638 0.431411 0.737423 0.491920 0.715702 0.489330
4 0.737552 0.429697 0.758055 0.437322 0.736814 0.494438 0.716311 0.486812
4 0.751571 0.433989 0.769706 0.446222 0.735630 0.496741 0.717495 0.484509
4 0.009982 0.500909 0.028117 0.488677 0.062193 0.539196 0.044057 0.551429
4 0.021632 0.492009 0.042135 0.484384 0.063377 0.541500 0.042873 0.549125
4 0.035049 0.486099 0.056770 0.483509 0.063986 0.544017 0.042264 0.546608
4 0.049480 0.483509 0.071201 0.486099 0.063986 0.546608 0.042264 0.544017
4 0.064115 0.484384 0.084618 0.492009 0.063377 0.549125 0.042873 0.541500
4 0.078133 0.488677 0.096268 0.500909 0.062193 0.551429 0.044057 0.539196
4 0.074044 0.500909 0.092179 0.488677 0.126255 0.539196 0.108120 0.551429
4 0.085695 0.492009 0.106198 0.484384 0.127439 0.541500 0.106936 0.549125
4 0.099112 0.486099 0.120833 0.483509 0.128048 0.544017 0.106327 0.546608
4 0.113542 0.483509 0.135263 0.486099 0.128048 0.546608 0.106327 0.544017
4 0.128177 0.484384 0.148680 0.492009 0.127439 0.549125 0.106936 0.541500
4 0.142196 0.488677 0.160331 0.500909 0.126255 0.551429 0.108120 0.539196
4 0.138107 0.500909 0.156242 0.488677 0.190318 0.539196 0.172182 0.551429
4 0.149757 0.492009 0.170260 0.484384 0.191502 0.541500 0.170998 0.549125
4 0.163174 0.486099 0.184895 0.483509 0.192111 0.544017 0.170389 0.546608
4 0.177605 0.483509 0.199326 0.486099 0.192111 0.546608 0.170389 0.544017
4 0.192240 0.484384 0.212743 0.492009 0.191502 0.549125 0.170998 0.541500
4 0.206258 0.488677 0.224393 0.500909 0.190318 0.551429 0.172182 0.539196
4 0.202169 0.500909 0.220304 0.488677 0.254380 0.539196 0.236245 0.551429
4 0.213820 0.492009 0.234323 0.484384 0.255564 0.541500 0.235061 0.549125
4 0.227237 0.486099 0.248958 0.483509 0.256173 0.544017 0.234452 0.546608
4 0.241667 0.483509 0.263388 0.486099 0.256173 0.546608 0.234452 0.544017
4 0.256302 0.484384 0.276805 0.492009 0.255564 0.549125 0.235061 0.541500
4 0.270321 0.488677 0.288456 0.500909 0.254380 0.551429 0.236245 0.539196
4 0.266232 0.500909 0.284367 0.488677 0.318443 0.539196 0.300307 0.551429
4 0.277882 0.492009 0.298385 0.484384 0.319627 0.541500 0.299123 0.549125
4 0.291299 0.486099 0.313020 0.483509 0.320236 0.544017 0.298514 0.546608
4 0.305730 0.483509 0.327451 0.486099 0.320236 0.546608 0.298514 0.544017
4 0.320365 0.484384 0.340868 0.492009 0.319627 0.549125 0.299123 0.541500
4 0.334383 0.488677 0.352518 0.500909 0.318443 0.551429 0.300307 0.539196
4 0.330294 0.500909 0.348429 0.488677 0.382505 0.539196 0.364370 0.551429
4 0.341945 0.492009 0.362448 0.484384 0.383689 0.541500 0.363186 0.549125
4 0.355362 0.486099 0.377083 0.483509 0.384298 0.544017 0.362577 0.546608
4 0.369792 0.483509 0.391513 0.486099 0.384298 0.546608 0.362577 0.544017
4 0.384427 0.484384 0.404930 0.492009 0.383689 0.549125 0.363186 0.541500
4 0.398446 0.488677 0.416581 0.500909 0.382505 0.551429 0.364370 0.539196
4 0.394357 0.500909 0.412492 0.488677 0.446568 0.539196 0.428432 0.551429
4 0.406007 0.492009 0.426510 0.484384 0.447752 0.541500 0.427248 0.549125
4 0.419424 0.486099 0.441145 0.483509 0.448361 0.544017 0.426639 0.546608
4 0.433855 0.483509 0.455576 0.486099 0.448361 0.546608 0.426639 0.544017
4 0.448490 0.484384 0.468993 0.492009 0.447752 0.549125 0.427248 0.541500
4 0.462508 0.488677 0.480643 0.500909 0.446568 0.551429 0.428432 0.539196
4 0.458419 0.500909 0.476554 0.488677 0.510630 0.539196 0.492495 0.551429
4 0.470070 0.492009 0.490573 0.484384 0.511814 0.541500 0.491311 0.549125
4 0.483487 0.486099 0.505208 0.483509 0.512423 0.544017 0.490702 0.546608
4 0.497917 0.483509 0.519638 0.486099 0.512423 0.546608 0.490702 0.544017
4 0.512552 0.484384 0.533055 0.492009 0.511814 0.549125 0.491311 0.541500
4 0.526571 0.488677 0.544706 0.500909 0.510630 0.551429 0.492495 0.539196
4 0.522482 0.500909 0.540617 0.488677 0.574693 0.539196 0.556557 0.551429
4 0.534132 0.492009 0.554635 0.484384 0.575877 0.541500 0.555373 0.549125
4 0.547549 0.486099 0.569270 0.483509 0.576486 0.544017 0.554764 0.546608
4 0.561980 0.483509 0.583701 0.486099 0.576486 0.546608 0.554764 0.544017
4 0.576615 0.484384 0.597118 0.492009 0.575877 0.549125 0.555373 0.541500
4 0.590633 0.488677 0.608768 0.500909 0.574693 0.551429 0.556557 0.539196
4 0.586544 0.500909 0.604679 0.488677 0.638755 0.539196 0.620620 0.551429
4 0.598195 0.492009 0.618698 0.484384 0.639939 0.541500 0.619436 0.549125
4 0.611612 0.486099 0.633333 0.483509 0.640548 0.544017 0.618827 0.546608
4 0.626042 0.483509 0.647763 0.486099 0.640548 0.546608 0.618827 0.544017
4 0.640677 0.484384 0.661180 0.492009 0.639939 0.549125 0.619436 0.541500
4 0.654696 0.488677 0.672831 0.500909 0.638755 0.551429 0.620620 0.539196
4 0.650607 0.500909 0.668742 0.488677 0.702818 0.539196 0.684682 0.551429
4 0.662257 0.492009 0.682760 0.484384 0.704002 0.541500 0.683498 0.549125
4 0.675674 0.486099 0.697395 0.483509 0.704611 0.544017 0.682889 0.546608
4 0.690105 0.483509 0.711826 0.486099 0.704611 0.546608 0.682889 0.544017
4 0.704740 0.484384 0.725243 0.492009 0.704002 0.549125 0.683498 0.541500
4 0.718758 0.488677 0.736893 0.500909 0.702818 0.551429 0.684682 0.539196
4 0.714669 0.500909 0.732804 0.488677 0.766880 0.539196 0.748745 0.551429
4 0.726320 0.492009 0.746823 0.484384 0.768064 0.541500 0.747561 0.549125
4 0.739737 0.486099 0.761458 0.483509 0.768673 0.544017 0.746952 0.546608
4 0.754167 0.483509 0.775888 0.486099 0.768673 0.546608 0.746952 0.544017
4 0.768802 0.484384 0.789305 0.492009 0.768064 0.549125 0.747561 0.541500
4 0.782821 0.488677 0.800956 0.500909 0.766880 0.551429 0.748745 0.539196