3 0.025748 0.096399 0.064702 0.051589 0.141352 0.118220 0.102398 0.163030
3 0.064824 0.051510 0.121802 0.034813 0.150364 0.132276 0.093386 0.148974
3 0.121948 0.034813 0.178926 0.051510 0.150364 0.148974 0.093386 0.132276
3 0.179048 0.051589 0.218002 0.096399 0.141352 0.163030 0.102398 0.118220
3 0.171061 0.096399 0.210014 0.051589 0.286664 0.118220 0.247711 0.163030
3 0.210136 0.051510 0.267115 0.034813 0.295677 0.132276 0.238698 0.148974
3 0.267260 0.034813 0.324239 0.051510 0.295677 0.148974 0.238698 0.132276
3 0.324361 0.051589 0.363314 0.096399 0.286664 0.163030 0.247711 0.118220
3 0.316373 0.096399 0.355327 0.051589 0.431977 0.118220 0.393023 0.163030
3 0.355449 0.051510 0.412427 0.034813 0.440989 0.132276 0.384011 0.148974
3 0.412573 0.034813 0.469551 0.051510 0.440989 0.148974 0.384011 0.132276
3 0.469673 0.051589 0.508627 0.096399 0.431977 0.163030 0.393023 0.118220
3 0.461686 0.096399 0.500639 0.051589 0.577289 0.118220 0.538336 0.163030
3 0.500761 0.051510 0.557740 0.034813 0.586302 0.132276 0.529323 0.148974
3 0.557885 0.034813 0.614864 0.051510 0.586302 0.148974 0.529323 0.132276
3 0.614986 0.051589 0.653939 0.096399 0.577289 0.163030 0.538336 0.118220
3 0.606998 0.096399 0.645952 0.051589 0.722602 0.118220 0.683648 0.163030
3 0.646074 0.051510 0.703052 0.034813 0.731614 0.132276 0.674636 0.148974
3 0.703198 0.034813 0.760176 0.051510 0.731614 0.148974 0.674636 0.132276
3 0.760298 0.051589 0.799252 0.096399 0.722602 0.163030 0.683648 0.118220
3 0.752311 0.096399 0.791264 0.051589 0.867914 0.118220 0.828961 0.163030
3 0.791386 0.051510 0.848365 0.034813 0.876927 0.132276 0.819948 0.148974
3 0.848510 0.034813 0.905489 0.051510 0.876927 0.148974 0.819948 0.132276
3 0.905611 0.051589 0.944564 0.096399 0.867914 0.163030 0.828961 0.118220
3 0.050073 0.125438 0.107051 0.142135 0.078489 0.239599 0.021511 0.222901
3 0.107173 0.142214 0.146127 0.187024 0.069477 0.253655 0.030523 0.208845
3 0.099186 0.187024 0.138139 0.142214 0.214789 0.208845 0.175836 0.253655
3 0.138261 0.142135 0.195240 0.125438 0.223802 0.222901 0.166823 0.239599
3 0.195385 0.125438 0.252364 0.142135 0.223802 0.239599 0.166823 0.222901
3 0.252486 0.142214 0.291439 0.187024 0.214789 0.253655 0.175836 0.208845
3 0.244498 0.187024 0.283452 0.142214 0.360102 0.208845 0.321148 0.253655
3 0.283574 0.142135 0.340552 0.125438 0.369114 0.222901 0.312136 0.239599
3 0.340698 0.125438 0.397676 0.142135 0.369114 0.239599 0.312136 0.222901
3 0.397798 0.142214 0.436752 0.187024 0.360102 0.253655 0.321148 0.208845
3 0.389811 0.187024 0.428764 0.142214 0.505414 0.208845 0.466461 0.253655
3 0.428886 0.142135 0.485865 0.125438 0.514427 0.222901 0.457448 0.239599
3 0.486010 0.125438 0.542989 0.142135 0.514427 0.239599 0.457448 0.222901
3 0.543111 0.142214 0.582064 0.187024 0.505414 0.253655 0.466461 0.208845
3 0.535123 0.187024 0.574077 0.142214 0.650727 0.208845 0.611773 0.253655
3 0.574199 0.142135 0.631177 0.125438 0.659739 0.222901 0.602761 0.239599
3 0.631323 0.125438 0.688301 0.142135 0.659739 0.239599 0.602761 0.222901
3 0.688423 0.142214 0.727377 0.187024 0.650727 0.253655 0.611773 0.208845
3 0.680436 0.187024 0.719389 0.142214 0.796039 0.208845 0.757086 0.253655
3 0.719511 0.142135 0.776490 0.125438 0.805052 0.222901 0.748073 0.239599
3 0.776635 0.125438 0.833614 0.142135 0.805052 0.239599 0.748073 0.222901
3 0.833736 0.142214 0.872689 0.187024 0.796039 0.253655 0.757086 0.208845
3 0.825748 0.187024 0.864702 0.142214 0.941352 0.208845 0.902398 0.253655
3 0.864824 0.142135 0.921802 0.125438 0.950364 0.222901 0.893386 0.239599
3 0.921948 0.125438 0.978926 0.142135 0.950364 0.239599 0.893386 0.222901
3 0.025748 0.277649 0.064702 0.232839 0.141352 0.299470 0.102398 0.344280
3 0.064824 0.232760 0.121802 0.216063 0.150364 0.313526 0.093386 0.330224
3 0.121948 0.216063 0.178926 0.232760 0.150364 0.330224 0.093386 0.313526
3 0.179048 0.232839 0.218002 0.277649 0.141352 0.344280 0.102398 0.299470
3 0.171061 0.277649 0.210014 0.232839 0.286664 0.299470 0.247711 0.344280
3 0.210136 0.232760 0.267115 0.216063 0.295677 0.313526 0.238698 0.330224
3 0.267260 0.216063 0.324239 0.232760 0.295677 0.330224 0.238698 0.313526
3 0.324361 0.232839 0.363314 0.277649 0.286664 0.344280 0.247711 0.299470
3 0.316373 0.277649 0.355327 0.232839 0.431977 0.299470 0.393023 0.344280
3 0.355449 0.232760 0.412427 0.216063 0.440989 0.313526 0.384011 0.330224
3 0.412573 0.216063 0.469551 0.232760 0.440989 0.330224 0.384011 0.313526
3 0.469673 0.232839 0.508627 0.277649 0.431977 0.344280 0.393023 0.299470
3 0.461686 0.277649 0.500639 0.232839 0.577289 0.299470 0.538336 0.344280
3 0.500761 0.232760 0.557740 0.216063 0.586302 0.313526 0.529323 0.330224
3 0.557885 0.216063 0.614864 0.232760 0.586302 0.330224 0.529323 0.313526
3 0.614986 0.232839 0.653939 0.277649 0.577289 0.344280 0.538336 0.299470
3 0.606998 0.277649 0.645952 0.232839 0.722602 0.299470 0.683648 0.344280
3 0.646074 0.232760 0.703052 0.216063 0.731614 0.313526 0.674636 0.330224
3 0.703198 0.216063 0.760176 0.232760 0.731614 0.330224 0.674636 0.313526
3 0.760298 0.232839 0.799252 0.277649 0.722602 0.344280 0.683648 0.299470
3 0.752311 0.277649 0.791264 0.232839 0.867914 0.299470 0.828961 0.344280
3 0.791386 0.232760 0.848365 0.216063 0.876927 0.313526 0.819948 0.330224
3 0.848510 0.216063 0.905489 0.232760 0.876927 0.330224 0.819948 0.313526
3 0.905611 0.232839 0.944564 0.277649 0.867914 0.344280 0.828961 0.299470
3 0.050073 0.306688 0.107051 0.323385 0.078489 0.420849 0.021511 0.404151
3 0.107173 0.323464 0.146127 0.368274 0.069477 0.434905 0.030523 0.390095
3 0.099186 0.368274 0.138139 0.323464 0.214789 0.390095 0.175836 0.434905
3 0.138261 0.323385 0.195240 0.306688 0.223802 0.404151 0.166823 0.420849
3 0.195385 0.306688 0.252364 0.323385 0.223802 0.420849 0.166823 0.404151
3 0.252486 0.323464 0.291439 0.368274 0.214789 0.434905 0.175836 0.390095
3 0.244498 0.368274 0.283452 0.323464 0.360102 0.390095 0.321148 0.434905
3 0.283574 0.323385 0.340552 0.306688 0.369114 0.404151 0.312136 0.420849
3 0.340698 0.306688 0.397676 0.323385 0.369114 0.420849 0.312136 0.404151
3 0.397798 0.323464 0.436752 0.368274 0.360102 0.434905 0.321148 0.390095
3 0.389811 0.368274 0.428764 0.323464 0.505414 0.390095 0.466461 0.434905
3 0.428886 0.323385 0.485865 0.306688 0.514427 0.404151 0.457448 0.420849
3 0.486010 0.306688 0.542989 0.323385 0.514427 0.420849 0.457448 0.404151
3 0.543111 0.323464 0.582064 0.368274 0.505414 0.434905 0.466461 0.390095
3 0.535123 0.368274 0.574077 0.323464 0.650727 0.390095 0.611773 0.434905
3 0.574199 0.323385 0.631177 0.306688 0.659739 0.404151 0.602761 0.420849
3 0.631323 0.306688 0.688301 0.323385 0.659739 0.420849 0.602761 0.404151
3 0.688423 0.323464 0.727377 0.368274 0.650727 0.434905 0.611773 0.390095
3 0.680436 0.368274 0.719389 0.323464 0.796039 0.390095 0.757086 0.434905
3 0.719511 0.323385 0.776490 0.306688 0.805052 0.404151 0.748073 0.420849
3 0.776635 0.306688 0.833614 0.323385 0.805052 0.420849 0.748073 0.404151
3 0.833736 0.323464 0.872689 0.368274 0.796039 0.434905 0.757086 0.390095
3 0.825748 0.368274 0.864702 0.323464 0.941352 0.390095 0.902398 0.434905
3 0.864824 0.323385 0.921802 0.306688 0.950364 0.404151 0.893386 0.420849
3 0.921948 0.306688 0.978926 0.323385 0.950364 0.420849 0.893386 0.404151
3 0.025748 0.458899 0.064702 0.414089 0.141352 0.480720 0.102398 0.525530
3 0.064824 0.414010 0.121802 0.397313 0.150364 0.494776 0.093386 0.511474
3 0.121948 0.397313 0.178926 0.414010 0.150364 0.511474 0.093386 0.494776
3 0.179048 0.414089 0.218002 0.458899 0.141352 0.525530 0.102398 0.480720
3 0.171061 0.458899 0.210014 0.414089 0.286664 0.480720 0.247711 0.525530
3 0.210136 0.414010 0.267115 0.397313 0.295677 0.494776 0.238698 0.511474
3 0.267260 0.397313 0.324239 0.414010 0.295677 0.511474 0.238698 0.494776
3 0.324361 0.414089 0.363314 0.458899 0.286664 0.525530 0.247711 0.480720
3 0.316373 0.458899 0.355327 0.414089 0.431977 0.480720 0.393023 0.525530
3 0.355449 0.414010 0.412427 0.397313 0.440989 0.494776 0.384011 0.511474
3 0.412573 0.397313 0.469551 0.414010 0.440989 0.511474 0.384011 0.494776
3 0.469673 0.414089 0.508627 0.458899 0.431977 0.525530 0.393023 0.480720
3 0.461686 0.458899 0.500639 0.414089 0.577289 0.480720 0.538336 0.525530
3 0.500761 0.414010 0.557740 0.397313 0.586302 0.494776 0.529323 0.511474
3 0.557885 0.397313 0.614864 0.414010 0.586302 0.511474 0.529323 0.494776
3 0.614986 0.414089 0.653939 0.458899 0.577289 0.525530 0.538336 0.480720
3 0.606998 0.458899 0.645952 0.414089 0.722602 0.480720 0.683648 0.525530
3 0.646074 0.414010 0.703052 0.397313 0.731614 0.494776 0.674636 0.511474
3 0.703198 0.397313 0.760176 0.414010 0.731614 0.511474 0.674636 0.494776
3 0.760298 0.414089 0.799252 0.458899 0.722602 0.525530 0.683648 0.480720
3 0.752311 0.458899 0.791264 0.414089 0.867914 0.480720 0.828961 0.525530
3 0.791386 0.414010 0.848365 0.397313 0.876927 0.494776 0.819948 0.511474
3 0.848510 0.397313 0.905489 0.414010 0.876927 0.511474 0.819948 0.494776
3 0.905611 0.414089 0.944564 0.458899 0.867914 0.525530 0.828961 0.480720
3 0.050073 0.487938 0.107051 0.504635 0.078489 0.602099 0.021511 0.585401
3 0.107173 0.504714 0.146127 0.549524 0.069477 0.616155 0.030523 0.571345
3 0.099186 0.549524 0.138139 0.504714 0.214789 0.571345 0.175836 0.616155
3 0.138261 0.504635 0.195240 0.487938 0.223802 0.585401 0.166823 0.602099
3 0.195385 0.487938 0.252364 0.504635 0.223802 0.602099 0.166823 0.585401
3 0.252486 0.504714 0.291439 0.549524 0.214789 0.616155 0.175836 0.571345
3 0.244498 0.549524 0.283452 0.504714 0.360102 0.571345 0.321148 0.616155
3 0.283574 0.504635 0.340552 0.487938 0.369114 0.585401 0.312136 0.602099
3 0.340698 0.487938 0.397676 0.504635 0.369114 0.602099 0.312136 0.585401
3 0.397798 0.504714 0.436752 0.549524 0.360102 0.616155 0.321148 0.571345
3 0.389811 0.549524 0.428764 0.504714 0.505414 0.571345 0.466461 0.616155
3 0.428886 0.504635 0.485865 0.487938 0.514427 0.585401 0.457448 0.602099
3 0.486010 0.487938 0.542989 0.504635 0.514427 0.602099 0.457448 0.585401
3 0.543111 0.504714 0.582064 0.549524 0.505414 0.616155 0.466461 0.571345
3 0.535123 0.549524 0.574077 0.504714 0.650727 0.571345 0.611773 0.616155
3 0.574199 0.504635 0.631177 0.487938 0.659739 0.585401 0.602761 0.602099
3 0.631323 0.487938 0.688301 0.504635 0.659739 0.602099 0.602761 0.585401
3 0.688423 0.504714 0.727377 0.549524 0.650727 0.616155 0.611773 0.571345
3 0.680436 0.549524 0.719389 0.504714 0.796039 0.571345 0.757086 0.616155
3 0.719511 0.504635 0.776490 0.487938 0.805052 0.585401 0.748073 0.602099
3 0.776635 0.487938 0.833614 0.504635 0.805052 0.602099 0.748073 0.585401
3 0.833736 0.504714 0.872689 0.549524 0.796039 0.616155 0.757086 0.571345
3 0.825748 0.549524 0.864702 0.504714 0.941352 0.571345 0.902398 0.616155
3 0.864824 0.504635 0.921802 0.487938 0.950364 0.585401 0.893386 0.602099
3 0.921948 0.487938 0.978926 0.504635 0.950364 0.602099 0.893386 0.585401
3 0.025748 0.640149 0.064702 0.595339 0.141352 0.661970 0.102398 0.706780
3 0.064824 0.595260 0.121802 0.578563 0.150364 0.676026 0.093386 0.692724
3 0.121948 0.578563 0.178926 0.595260 0.150364 0.692724 0.093386 0.676026
3 0.179048 0.595339 0.218002 0.640149 0.141352 0.706780 0.102398 0.661970
3 0.171061 0.640149 0.210014 0.595339 0.286664 0.661970 0.247711 0.706780
3 0.210136 0.595260 0.267115 0.578563 0.295677 0.676026 0.238698 0.692724
3 0.267260 0.578563 0.324239 0.595260 0.295677 0.692724 0.238698 0.676026
3 0.324361 0.595339 0.363314 0.640149 0.286664 0.706780 0.247711 0.661970
3 0.316373 0.640149 0.355327 0.595339 0.431977 0.661970 0.393023 0.706780
3 0.355449 0.595260 0.412427 0.578563 0.440989 0.676026 0.384011 0.692724
3 0.412573 0.578563 0.469551 0.595260 0.440989 0.692724 0.384011 0.676026
3 0.469673 0.595339 0.508627 0.640149 0.431977 0.706780 0.393023 0.661970
3 0.461686 0.640149 0.500639 0.595339 0.577289 0.661970 0.538336 0.706780
3 0.500761 0.595260 0.557740 0.578563 0.586302 0.676026 0.529323 0.692724
3 0.557885 0.578563 0.614864 0.595260 0.586302 0.692724 0.529323 0.676026
3 0.614986 0.595339 0.653939 0.640149 0.577289 0.706780 0.538336 0.661970
3 0.606998 0.640149 0.645952 0.595339 0.722602 0.661970 0.683648 0.706780
3 0.646074 0.595260 0.703052 0.578563 0.731614 0.676026 0.674636 0.692724
3 0.703198 0.578563 0.760176 0.595260 0.731614 0.692724 0.674636 0.676026
3 0.760298 0.595339 0.799252 0.640149 0.722602 0.706780 0.683648 0.661970
3 0.752311 0.640149 0.791264 0.595339 0.867914 0.661970 0.828961 0.706780
3 0.791386 0.595260 0.848365 0.578563 0.876927 0.676026 0.819948 0.692724
3 0.848510 0.578563 0.905489 0.595260 0.876927 0.692724 0.819948 0.676026
3 0.905611 0.595339 0.944564 0.640149 0.867914 0.706780 0.828961 0.661970
3 0.050073 0.669188 0.107051 0.685885 0.078489 0.783349 0.021511 0.766651
3 0.107173 0.685964 0.146127 0.730774 0.069477 0.797405 0.030523 0.752595
3 0.099186 0.730774 0.138139 0.685964 0.214789 0.752595 0.175836 0.797405
3 0.138261 0.685885 0.195240 0.669188 0.223802 0.766651 0.166823 0.783349
3 0.195385 0.669188 0.252364 0.685885 0.223802 0.783349 0.166823 0.766651
3 0.252486 0.685964 0.291439 0.730774 0.214789 0.797405 0.175836 0.752595
3 0.244498 0.730774 0.283452 0.685964 0.360102 0.752595 0.321148 0.797405
3 0.283574 0.685885 0.340552 0.669188 0.369114 0.766651 0.312136 0.783349
3 0.340698 0.669188 0.397676 0.685885 0.369114 0.783349 0.312136 0.766651
3 0.397798 0.685964 0.436752 0.730774 0.360102 0.797405 0.321148 0.752595
3 0.389811 0.730774 0.428764 0.685964 0.505414 0.752595 0.466461 0.797405
3 0.428886 0.685885 0.485865 0.669188 0.514427 0.766651 0.457448 0.783349
3 0.486010 0.669188 0.542989 0.685885 0.514427 0.783349 0.457448 0.766651
3 0.543111 0.685964 0.582064 0.730774 0.505414 0.797405 0.466461 0.752595
3 0.535123 0.730774 0.574077 0.685964 0.650727 0.752595 0.611773 0.797405
3 0.574199 0.685885 0.631177 0.669188 0.659739 0.766651 0.602761 0.783349
3 0.631323 0.669188 0.688301 0.685885 0.659739 0.783349 0.602761 0.766651
3 0.688423 0.685964 0.727377 0.730774 0.650727 0.797405 0.611773 0.752595
3 0.680436 0.730774 0.719389 0.685964 0.796039 0.752595 0.757086 0.797405
3 0.719511 0.685885 0.776490 0.669188 0.805052 0.766651 0.748073 0.783349
3 0.776635 0.669188 0.833614 0.685885 0.805052 0.783349 0.748073 0.766651
3 0.833736 0.685964 0.872689 0.730774 0.796039 0.797405 0.757086 0.752595
3 0.825748 0.730774 0.864702 0.685964 0.941352 0.752595 0.902398 0.797405
3 0.864824 0.685885 0.921802 0.669188 0.950364 0.766651 0.893386 0.783349
3 0.921948 0.669188 0.978926 0.685885 0.950364 0.783349 0.893386 0.766651
3 0.025748 0.821399 0.064702 0.776589 0.141352 0.843220 0.102398 0.888030
3 0.064824 0.776510 0.121802 0.759813 0.150364 0.857276 0.093386 0.873974
3 0.121948 0.759813 0.178926 0.776510 0.150364 0.873974 0.093386 0.857276
3 0.179048 0.776589 0.218002 0.821399 0.141352 0.888030 0.102398 0.843220
3 0.171061 0.821399 0.210014 0.776589 0.286664 0.843220 0.247711 0.888030
3 0.210136 0.776510 0.267115 0.759813 0.295677 0.857276 0.238698 0.873974
3 0.267260 0.759813 0.324239 0.776510 0.295677 0.873974 0.238698 0.857276
3 0.324361 0.776589 0.363314 0.821399 0.286664 0.888030 0.247711 0.843220
3 0.316373 0.821399 0.355327 0.776589 0.431977 0.843220 0.393023 0.888030
3 0.355449 0.776510 0.412427 0.759813 0.440989 0.857276 0.384011 0.873974
3 0.412573 0.759813 0.469551 0.776510 0.440989 0.873974 0.384011 0.857276
3 0.469673 0.776589 0.508627 0.821399 0.431977 0.888030 0.393023 0.843220
3 0.461686 0.821399 0.500639 0.776589 0.577289 0.843220 0.538336 0.888030
3 0.500761 0.776510 0.557740 0.759813 0.586302 0.857276 0.529323 0.873974
3 0.557885 0.759813 0.614864 0.776510 0.586302 0.873974 0.529323 0.857276
3 0.614986 0.776589 0.653939 0.821399 0.577289 0.888030 0.538336 0.843220
3 0.606998 0.821399 0.645952 0.776589 0.722602 0.843220 0.683648 0.888030
3 0.646074 0.776510 0.703052 0.759813 0.731614 0.857276 0.674636 0.873974
3 0.703198 0.759813 0.760176 0.776510 0.731614 0.873974 0.674636 0.857276
3 0.760298 0.776589 0.799252 0.821399 0.722602 0.888030 0.683648 0.843220
3 0.752311 0.821399 0.791264 0.776589 0.867914 0.843220 0.828961 0.888030
3 0.791386 0.776510 0.848365 0.759813 0.876927 0.857276 0.819948 0.873974
3 0.848510 0.759813 0.905489 0.776510 0.876927 0.873974 0.819948 0.857276
3 0.905611 0.776589 0.944564 0.821399 0.867914 0.888030 0.828961 0.843220