4 0.070162 -0.000404 0.091696 0.020031 0.035767 0.078968 0.014233 0.058532
4 0.064554 0.020031 0.086088 -0.000404 0.142017 0.058532 0.120483 0.078968
4 0.176412 -0.000404 0.197946 0.020031 0.142017 0.078968 0.120483 0.058532
4 0.170804 0.020031 0.192338 -0.000404 0.248267 0.058532 0.226733 0.078968
4 0.282662 -0.000404 0.304196 0.020031 0.248267 0.078968 0.226733 0.058532
4 0.277054 0.020031 0.298588 -0.000404 0.354517 0.058532 0.332983 0.078968
4 0.388912 -0.000404 0.410446 0.020031 0.354517 0.078968 0.332983 0.058532
4 0.383304 0.020031 0.404838 -0.000404 0.460767 0.058532 0.439233 0.078968
4 0.495162 -0.000404 0.516696 0.020031 0.460767 0.078968 0.439233 0.058532
4 0.489554 0.020031 0.511088 -0.000404 0.567017 0.058532 0.545483 0.078968
4 0.601412 -0.000404 0.622946 0.020031 0.567017 0.078968 0.545483 0.058532
4 0.595804 0.020031 0.617338 -0.000404 0.673267 0.058532 0.651733 0.078968
4 0.707662 -0.000404 0.729196 0.020031 0.673267 0.078968 0.651733 0.058532
4 0.702054 0.020031 0.723588 -0.000404 0.779517 0.058532 0.757983 0.078968
4 0.813912 -0.000404 0.835446 0.020031 0.779517 0.078968 0.757983 0.058532
4 0.808304 0.020031 0.829838 -0.000404 0.885767 0.058532 0.864233 0.078968
4 0.920162 -0.000404 0.941696 0.020031 0.885767 0.078968 0.864233 0.058532
4 0.914554 0.020031 0.936088 -0.000404 0.992017 0.058532 0.970483 0.078968
4 0.011429 0.091906 0.032963 0.071471 0.088892 0.130407 0.067358 0.150843
4 0.025752 0.076759 0.051717 0.062366 0.091108 0.133429 0.065142 0.147821
4 0.043411 0.065680 0.072153 0.058246 0.092496 0.136908 0.063754 0.144342
4 0.063281 0.059375 0.092969 0.059375 0.092969 0.140625 0.063281 0.140625
4 0.084097 0.058246 0.112839 0.065680 0.092496 0.144342 0.063754 0.136908
4 0.104533 0.062366 0.130498 0.076759 0.091108 0.147821 0.065142 0.133429
4 0.123287 0.071471 0.144821 0.091906 0.088892 0.150843 0.067358 0.130407
4 0.117679 0.091906 0.139213 0.071471 0.195142 0.130407 0.173608 0.150843
4 0.132002 0.076759 0.157967 0.062366 0.197358 0.133429 0.171392 0.147821
4 0.149661 0.065680 0.178403 0.058246 0.198746 0.136908 0.170004 0.144342
4 0.169531 0.059375 0.199219 0.059375 0.199219 0.140625 0.169531 0.140625
4 0.190347 0.058246 0.219089 0.065680 0.198746 0.144342 0.170004 0.136908
4 0.210783 0.062366 0.236748 0.076759 0.197358 0.147821 0.171392 0.133429
4 0.229537 0.071471 0.251071 0.091906 0.195142 0.150843 0.173608 0.130407
4 0.223929 0.091906 0.245463 0.071471 0.301392 0.130407 0.279858 0.150843
4 0.238252 0.076759 0.264217 0.062366 0.303608 0.133429 0.277642 0.147821
4 0.255911 0.065680 0.284653 0.058246 0.304996 0.136908 0.276254 0.144342
4 0.275781 0.059375 0.305469 0.059375 0.305469 0.140625 0.275781 0.140625
4 0.296597 0.058246 0.325339 0.065680 0.304996 0.144342 0.276254 0.136908
4 0.317033 0.062366 0.342998 0.076759 0.303608 0.147821 0.277642 0.133429
4 0.335787 0.071471 0.357321 0.091906 0.301392 0.150843 0.279858 0.130407
4 0.330179 0.091906 0.351713 0.071471 0.407642 0.130407 0.386108 0.150843
4 0.344502 0.076759 0.370467 0.062366 0.409858 0.133429 0.383892 0.147821
4 0.362161 0.065680 0.390903 0.058246 0.411246 0.136908 0.382504 0.144342
4 0.382031 0.059375 0.411719 0.059375 0.411719 0.140625 0.382031 0.140625
4 0.402847 0.058246 0.431589 0.065680 0.411246 0.144342 0.382504 0.136908
4 0.423283 0.062366 0.449248 0.076759 0.409858 0.147821 0.383892 0.133429
4 0.442037 0.071471 0.463571 0.091906 0.407642 0.150843 0.386108 0.130407
4 0.436429 0.091906 0.457963 0.071471 0.513892 0.130407 0.492358 0.150843
4 0.450752 0.076759 0.476717 0.062366 0.516108 0.133429 0.490142 0.147821
4 0.468411 0.065680 0.497153 0.058246 0.517496 0.136908 0.488754 0.144342
4 0.488281 0.059375 0.517969 0.059375 0.517969 0.140625 0.488281 0.140625
4 0.509097 0.058246 0.537839 0.065680 0.517496 0.144342 0.488754 0.136908
4 0.529533 0.062366 0.555498 0.076759 0.516108 0.147821 0.490142 0.133429
4 0.548287 0.071471 0.569821 0.091906 0.513892 0.150843 0.492358 0.130407
4 0.542679 0.091906 0.564213 0.071471 0.620142 0.130407 0.598608 0.150843
4 0.557002 0.076759 0.582967 0.062366 0.622358 0.133429 0.596392 0.147821
4 0.574661 0.065680 0.603403 0.058246 0.623746 0.136908 0.595004 0.144342
4 0.594531 0.059375 0.624219 0.059375 0.624219 0.140625 0.594531 0.140625
4 0.615347 0.058246 0.644089 0.065680 0.623746 0.144342 0.595004 0.136908
4 0.635783 0.062366 0.661748 0.076759 0.622358 0.147821 0.596392 0.133429
4 0.654537 0.071471 0.676071 0.091906 0.620142 0.150843 0.598608 0.130407
4 0.648929 0.091906 0.670463 0.071471 0.726392 0.130407 0.704858 0.150843
4 0.663252 0.076759 0.689217 0.062366 0.728608 0.133429 0.702642 0.147821
4 0.680911 0.065680 0.709653 0.058246 0.729996 0.136908 0.701254 0.144342
4 0.700781 0.059375 0.730469 0.059375 0.730469 0.140625 0.700781 0.140625
4 0.721597 0.058246 0.750339 0.065680 0.729996 0.144342 0.701254 0.136908
4 0.742033 0.062366 0.767998 0.076759 0.728608 0.147821 0.702642 0.133429
4 0.760787 0.071471 0.782321 0.091906 0.726392 0.150843 0.704858 0.130407
4 0.755179 0.091906 0.776713 0.071471 0.832642 0.130407 0.811108 0.150843
4 0.769502 0.076759 0.795467 0.062366 0.834858 0.133429 0.808892 0.147821
4 0.787161 0.065680 0.815903 0.058246 0.836246 0.136908 0.807504 0.144342
4 0.807031 0.059375 0.836719 0.059375 0.836719 0.140625 0.807031 0.140625
4 0.827847 0.058246 0.856589 0.065680 0.836246 0.144342 0.807504 0.136908
4 0.848283 0.062366 0.874248 0.076759 0.834858 0.147821 0.808892 0.133429
4 0.867037 0.071471 0.888571 0.091906 0.832642 0.150843 0.811108 0.130407
4 0.861429 0.091906 0.882963 0.071471 0.938892 0.130407 0.917358 0.150843
4 0.875752 0.076759 0.901717 0.062366 0.941108 0.133429 0.915142 0.147821
4 0.893411 0.065680 0.922153 0.058246 0.942496 0.136908 0.913754 0.144342
4 0.913281 0.059375 0.942969 0.059375 0.942969 0.140625 0.913281 0.140625
4 0.934097 0.058246 0.962839 0.065680 0.942496 0.144342 0.913754 0.136908
4 0.954533 0.062366 0.980498 0.076759 0.941108 0.147821 0.915142 0.133429
4 0.973287 0.071471 0.994821 0.091906 0.938892 0.150843 0.917358 0.130407
4 0.010156 0.131250 0.039844 0.131250 0.039844 0.212500 0.010156 0.212500
4 0.030972 0.130121 0.059714 0.137555 0.039371 0.216217 0.010629 0.208783
4 0.051408 0.134241 0.077373 0.148634 0.037983 0.219696 0.012017 0.205304
4 0.070162 0.143346 0.091696 0.163781 0.035767 0.222718 0.014233 0.202282
4 0.064554 0.163781 0.086088 0.143346 0.142017 0.202282 0.120483 0.222718
4 0.078877 0.148634 0.104842 0.134241 0.144233 0.205304 0.118267 0.219696
4 0.096536 0.137555 0.125278 0.130121 0.145621 0.208783 0.116879 0.216217
4 0.116406 0.131250 0.146094 0.131250 0.146094 0.212500 0.116406 0.212500
4 0.137222 0.130121 0.165964 0.137555 0.145621 0.216217 0.116879 0.208783
4 0.157658 0.134241 0.183623 0.148634 0.144233 0.219696 0.118267 0.205304
4 0.176412 0.143346 0.197946 0.163781 0.142017 0.222718 0.120483 0.202282
4 0.170804 0.163781 0.192338 0.143346 0.248267 0.202282 0.226733 0.222718
4 0.185127 0.148634 0.211092 0.134241 0.250483 0.205304 0.224517 0.219696
4 0.202786 0.137555 0.231528 0.130121 0.251871 0.208783 0.223129 0.216217
4 0.222656 0.131250 0.252344 0.131250 0.252344 0.212500 0.222656 0.212500
4 0.243472 0.130121 0.272214 0.137555 0.251871 0.216217 0.223129 0.208783
4 0.263908 0.134241 0.289873 0.148634 0.250483 0.219696 0.224517 0.205304
4 0.282662 0.143346 0.304196 0.163781 0.248267 0.222718 0.226733 0.202282
4 0.277054 0.163781 0.298588 0.143346 0.354517 0.202282 0.332983 0.222718
4 0.291377 0.148634 0.317342 0.134241 0.356733 0.205304 0.330767 0.219696
4 0.309036 0.137555 0.337778 0.130121 0.358121 0.208783 0.329379 0.216217
4 0.328906 0.131250 0.358594 0.131250 0.358594 0.212500 0.328906 0.212500
4 0.349722 0.130121 0.378464 0.137555 0.358121 0.216217 0.329379 0.208783
4 0.370158 0.134241 0.396123 0.148634 0.356733 0.219696 0.330767 0.205304
4 0.388912 0.143346 0.410446 0.163781 0.354517 0.222718 0.332983 0.202282
4 0.383304 0.163781 0.404838 0.143346 0.460767 0.202282 0.439233 0.222718
4 0.397627 0.148634 0.423592 0.134241 0.462983 0.205304 0.437017 0.219696
4 0.415286 0.137555 0.444028 0.130121 0.464371 0.208783 0.435629 0.216217
4 0.435156 0.131250 0.464844 0.131250 0.464844 0.212500 0.435156 0.212500
4 0.455972 0.130121 0.484714 0.137555 0.464371 0.216217 0.435629 0.208783
4 0.476408 0.134241 0.502373 0.148634 0.462983 0.219696 0.437017 0.205304
4 0.495162 0.143346 0.516696 0.163781 0.460767 0.222718 0.439233 0.202282
4 0.489554 0.163781 0.511088 0.143346 0.567017 0.202282 0.545483 0.222718
4 0.503877 0.148634 0.529842 0.134241 0.569233 0.205304 0.543267 0.219696
4 0.521536 0.137555 0.550278 0.130121 0.570621 0.208783 0.541879 0.216217
4 0.541406 0.131250 0.571094 0.131250 0.571094 0.212500 0.541406 0.212500
4 0.562222 0.130121 0.590964 0.137555 0.570621 0.216217 0.541879 0.208783
4 0.582658 0.134241 0.608623 0.148634 0.569233 0.219696 0.543267 0.205304
4 0.601412 0.143346 0.622946 0.163781 0.567017 0.222718 0.545483 0.202282
4 0.595804 0.163781 0.617338 0.143346 0.673267 0.202282 0.651733 0.222718
4 0.610127 0.148634 0.636092 0.134241 0.675483 0.205304 0.649517 0.219696
4 0.627786 0.137555 0.656528 0.130121 0.676871 0.208783 0.648129 0.216217
4 0.647656 0.131250 0.677344 0.131250 0.677344 0.212500 0.647656 0.212500
4 0.668472 0.130121 0.697214 0.137555 0.676871 0.216217 0.648129 0.208783
4 0.688908 0.134241 0.714873 0.148634 0.675483 0.219696 0.649517 0.205304
4 0.707662 0.143346 0.729196 0.163781 0.673267 0.222718 0.651733 0.202282
4 0.702054 0.163781 0.723588 0.143346 0.779517 0.202282 0.757983 0.222718
4 0.716377 0.148634 0.742342 0.134241 0.781733 0.205304 0.755767 0.219696
4 0.734036 0.137555 0.762778 0.130121 0.783121 0.208783 0.754379 0.216217
4 0.753906 0.131250 0.783594 0.131250 0.783594 0.212500 0.753906 0.212500
4 0.774722 0.130121 0.803464 0.137555 0.783121 0.216217 0.754379 0.208783
4 0.795158 0.134241 0.821123 0.148634 0.781733 0.219696 0.755767 0.205304
4 0.813912 0.143346 0.835446 0.163781 0.779517 0.222718 0.757983 0.202282
4 0.808304 0.163781 0.829838 0.143346 0.885767 0.202282 0.864233 0.222718
4 0.822627 0.148634 0.848592 0.134241 0.887983 0.205304 0.862017 0.219696
4 0.840286 0.137555 0.869028 0.130121 0.889371 0.208783 0.860629 0.216217
4 0.860156 0.131250 0.889844 0.131250 0.889844 0.212500 0.860156 0.212500
4 0.880972 0.130121 0.909714 0.137555 0.889371 0.216217 0.860629 0.208783
4 0.901408 0.134241 0.927373 0.148634 0.887983 0.219696 0.862017 0.205304
4 0.920162 0.143346 0.941696 0.163781 0.885767 0.222718 0.864233 0.202282
4 0.914554 0.163781 0.936088 0.143346 0.992017 0.202282 0.970483 0.222718
4 0.928877 0.148634 0.954842 0.134241 0.994233 0.205304 0.968267 0.219696
4 0.946536 0.137555 0.975278 0.130121 0.995621 0.208783 0.966879 0.216217
4 0.966406 0.131250 0.996094 0.131250 0.996094 0.212500 0.966406 0.212500
4 0.011429 0.235656 0.032963 0.215221 0.088892 0.274157 0.067358 0.294593
4 0.025752 0.220509 0.051717 0.206116 0.091108 0.277179 0.065142 0.291571
4 0.043411 0.209430 0.072153 0.201996 0.092496 0.280658 0.063754 0.288092
4 0.063281 0.203125 0.092969 0.203125 0.092969 0.284375 0.063281 0.284375
4 0.084097 0.201996 0.112839 0.209430 0.092496 0.288092 0.063754 0.280658
4 0.104533 0.206116 0.130498 0.220509 0.091108 0.291571 0.065142 0.277179
4 0.123287 0.215221 0.144821 0.235656 0.088892 0.294593 0.067358 0.274157
4 0.117679 0.235656 0.139213 0.215221 0.195142 0.274157 0.173608 0.294593
4 0.132002 0.220509 0.157967 0.206116 0.197358 0.277179 0.171392 0.291571
4 0.149661 0.209430 0.178403 0.201996 0.198746 0.280658 0.170004 0.288092
4 0.169531 0.203125 0.199219 0.203125 0.199219 0.284375 0.169531 0.284375
4 0.190347 0.201996 0.219089 0.209430 0.198746 0.288092 0.170004 0.280658
4 0.210783 0.206116 0.236748 0.220509 0.197358 0.291571 0.171392 0.277179
4 0.229537 0.215221 0.251071 0.235656 0.195142 0.294593 0.173608 0.274157
4 0.223929 0.235656 0.245463 0.215221 0.301392 0.274157 0.279858 0.294593
4 0.238252 0.220509 0.264217 0.206116 0.303608 0.277179 0.277642 0.291571
4 0.255911 0.209430 0.284653 0.201996 0.304996 0.280658 0.276254 0.288092
4 0.275781 0.203125 0.305469 0.203125 0.305469 0.284375 0.275781 0.284375
4 0.296597 0.201996 0.325339 0.209430 0.304996 0.288092 0.276254 0.280658
4 0.317033 0.206116 0.342998 0.220509 0.303608 0.291571 0.277642 0.277179
4 0.335787 0.215221 0.357321 0.235656 0.301392 0.294593 0.279858 0.274157
4 0.330179 0.235656 0.351713 0.215221 0.407642 0.274157 0.386108 0.294593
4 0.344502 0.220509 0.370467 0.206116 0.409858 0.277179 0.383892 0.291571
4 0.362161 0.209430 0.390903 0.201996 0.411246 0.280658 0.382504 0.288092
4 0.382031 0.203125 0.411719 0.203125 0.411719 0.284375 0.382031 0.284375
4 0.402847 0.201996 0.431589 0.209430 0.411246 0.288092 0.382504 0.280658
4 0.423283 0.206116 0.449248 0.220509 0.409858 0.291571 0.383892 0.277179
4 0.442037 0.215221 0.463571 0.235656 0.407642 0.294593 0.386108 0.274157
4 0.436429 0.235656 0.457963 0.215221 0.513892 0.274157 0.492358 0.294593
4 0.450752 0.220509 0.476717 0.206116 0.516108 0.277179 0.490142 0.291571
4 0.468411 0.209430 0.497153 0.201996 0.517496 0.280658 0.488754 0.288092
4 0.488281 0.203125 0.517969 0.203125 0.517969 0.284375 0.488281 0.284375
4 0.509097 0.201996 0.537839 0.209430 0.517496 0.288092 0.488754 0.280658
4 0.529533 0.206116 0.555498 0.220509 0.516108 0.291571 0.490142 0.277179
4 0.548287 0.215221 0.569821 0.235656 0.513892 0.294593 0.492358 0.274157
4 0.542679 0.235656 0.564213 0.215221 0.620142 0.274157 0.598608 0.294593
4 0.557002 0.220509 0.582967 0.206116 0.622358 0.277179 0.596392 0.291571
4 0.574661 0.209430 0.603403 0.201996 0.623746 0.280658 0.595004 0.288092
4 0.594531 0.203125 0.624219 0.203125 0.624219 0.284375 0.594531 0.284375
4 0.615347 0.201996 0.644089 0.209430 0.623746 0.288092 0.595004 0.280658
4 0.635783 0.206116 0.661748 0.220509 0.622358 0.291571 0.596392 0.277179
4 0.654537 0.215221 0.676071 0.235656 0.620142 0.294593 0.598608 0.274157
4 0.648929 0.235656 0.670463 0.215221 0.726392 0.274157 0.704858 0.294593
4 0.663252 0.220509 0.689217 0.206116 0.728608 0.277179 0.702642 0.291571
4 0.680911 0.209430 0.709653 0.201996 0.729996 0.280658 0.701254 0.288092
4 0.700781 0.203125 0.730469 0.203125 0.730469 0.284375 0.700781 0.284375
4 0.721597 0.201996 0.750339 0.209430 0.729996 0.288092 0.701254 0.280658
4 0.742033 0.206116 0.767998 0.220509 0.728608 0.291571 0.702642 0.277179
4 0.760787 0.215221 0.782321 0.235656 0.726392 0.294593 0.704858 0.274157
4 0.755179 0.235656 0.776713 0.215221 0.832642 0.274157 0.811108 0.294593
4 0.769502 0.220509 0.795467 0.206116 0.834858 0.277179 0.808892 0.291571
4 0.787161 0.209430 0.815903 0.201996 0.836246 0.280658 0.807504 0.288092
4 0.807031 0.203125 0.836719 0.203125 0.836719 0.284375 0.807031 0.284375
4 0.827847 0.201996 0.856589 0.209430 0.836246 0.288092 0.807504 0.280658
4 0.848283 0.206116 0.874248 0.220509 0.834858 0.291571 0.808892 0.277179
4 0.867037 0.215221 0.888571 0.235656 0.832642 0.294593 0.811108 0.274157
4 0.861429 0.235656 0.882963 0.215221 0.938892 0.274157 0.917358 0.294593
4 0.875752 0.220509 0.901717 0.206116 0.941108 0.277179 0.915142 0.291571
4 0.893411 0.209430 0.922153 0.201996 0.942496 0.280658 0.913754 0.288092
4 0.913281 0.203125 0.942969 0.203125 0.942969 0.284375 0.913281 0.284375
4 0.934097 0.201996 0.962839 0.209430 0.942496 0.288092 0.913754 0.280658
4 0.954533 0.206116 0.980498 0.220509 0.941108 0.291571 0.915142 0.277179
4 0.973287 0.215221 0.994821 0.235656 0.938892 0.294593 0.917358 0.274157
4 0.010156 0.275000 0.039844 0.275000 0.039844 0.356250 0.010156 0.356250
4 0.030972 0.273871 0.059714 0.281305 0.039371 0.359967 0.010629 0.352533
4 0.051408 0.277991 0.077373 0.292384 0.037983 0.363446 0.012017 0.349054
4 0.070162 0.287096 0.091696 0.307531 0.035767 0.366468 0.014233 0.346032
4 0.064554 0.307531 0.086088 0.287096 0.142017 0.346032 0.120483 0.366468
4 0.078877 0.292384 0.104842 0.277991 0.144233 0.349054 0.118267 0.363446
4 0.096536 0.281305 0.125278 0.273871 0.145621 0.352533 0.116879 0.359967
4 0.116406 0.275000 0.146094 0.275000 0.146094 0.356250 0.116406 0.356250
4 0.137222 0.273871 0.165964 0.281305 0.145621 0.359967 0.116879 0.352533
4 0.157658 0.277991 0.183623 0.292384 0.144233 0.363446 0.118267 0.349054
4 0.176412 0.287096 0.197946 0.307531 0.142017 0.366468 0.120483 0.346032
4 0.170804 0.307531 0.192338 0.287096 0.248267 0.346032 0.226733 0.366468
4 0.185127 0.292384 0.211092 0.277991 0.250483 0.349054 0.224517 0.363446
4 0.202786 0.281305 0.231528 0.273871 0.251871 0.352533 0.223129 0.359967
4 0.222656 0.275000 0.252344 0.275000 0.252344 0.356250 0.222656 0.356250
4 0.243472 0.273871 0.272214 0.281305 0.251871 0.359967 0.223129 0.352533
4 0.263908 0.277991 0.289873 0.292384 0.250483 0.363446 0.224517 0.349054
4 0.282662 0.287096 0.304196 0.307531 0.248267 0.366468 0.226733 0.346032
4 0.277054 0.307531 0.298588 0.287096 0.354517 0.346032 0.332983 0.366468
4 0.291377 0.292384 0.317342 0.277991 0.356733 0.349054 0.330767 0.363446
4 0.309036 0.281305 0.337778 0.273871 0.358121 0.352533 0.329379 0.359967
4 0.328906 0.275000 0.358594 0.275000 0.358594 0.356250 0.328906 0.356250
4 0.349722 0.273871 0.378464 0.281305 0.358121 0.359967 0.329379 0.352533
4 0.370158 0.277991 0.396123 0.292384 0.356733 0.363446 0.330767 0.349054
4 0.388912 0.287096 0.410446 0.307531 0.354517 0.366468 0.332983 0.346032
4 0.383304 0.307531 0.404838 0.287096 0.460767 0.346032 0.439233 0.366468
4 0.397627 0.292384 0.423592 0.277991 0.462983 0.349054 0.437017 0.363446
4 0.415286 0.281305 0.444028 0.273871 0.464371 0.352533 0.435629 0.359967
4 0.435156 0.275000 0.464844 0.275000 0.464844 0.356250 0.435156 0.356250
4 0.455972 0.273871 0.484714 0.281305 0.464371 0.359967 0.435629 0.352533
4 0.476408 0.277991 0.502373 0.292384 0.462983 0.363446 0.437017 0.349054
4 0.495162 0.287096 0.516696 0.307531 0.460767 0.366468 0.439233 0.346032
4 0.489554 0.307531 0.511088 0.287096 0.567017 0.346032 0.545483 0.366468
4 0.503877 0.292384 0.529842 0.277991 0.569233 0.349054 0.543267 0.363446
4 0.521536 0.281305 0.550278 0.273871 0.570621 0.352533 0.541879 0.359967
4 0.541406 0.275000 0.571094 0.275000 0.571094 0.356250 0.541406 0.356250
4 0.562222 0.273871 0.590964 0.281305 0.570621 0.359967 0.541879 0.352533
4 0.582658 0.277991 0.608623 0.292384 0.569233 0.363446 0.543267 0.349054
4 0.601412 0.287096 0.622946 0.307531 0.567017 0.366468 0.545483 0.346032
4 0.595804 0.307531 0.617338 0.287096 0.673267 0.346032 0.651733 0.366468
4 0.610127 0.292384 0.636092 0.277991 0.675483 0.349054 0.649517 0.363446
4 0.627786 0.281305 0.656528 0.273871 0.676871 0.352533 0.648129 0.359967
4 0.647656 0.275000 0.677344 0.275000 0.677344 0.356250 0.647656 0.356250
4 0.668472 0.273871 0.697214 0.281305 0.676871 0.359967 0.648129 0.352533
4 0.688908 0.277991 0.714873 0.292384 0.675483 0.363446 0.649517 0.349054
4 0.707662 0.287096 0.729196 0.307531 0.673267 0.366468 0.651733 0.346032
4 0.702054 0.307531 0.723588 0.287096 0.779517 0.346032 0.757983 0.366468
4 0.716377 0.292384 0.742342 0.277991 0.781733 0.349054 0.755767 0.363446
4 0.734036 0.281305 0.762778 0.273871 0.783121 0.352533 0.754379 0.359967
4 0.753906 0.275000 0.783594 0.275000 0.783594 0.356250 0.753906 0.356250
4 0.774722 0.273871 0.803464 0.281305 0.783121 0.359967 0.754379 0.352533
4 0.795158 0.277991 0.821123 0.292384 0.781733 0.363446 0.755767 0.349054
4 0.813912 0.287096 0.835446 0.307531 0.779517 0.366468 0.757983 0.346032
4 0.808304 0.307531 0.829838 0.287096 0.885767 0.346032 0.864233 0.366468
4 0.822627 0.292384 0.848592 0.277991 0.887983 0.349054 0.862017 0.363446
4 0.840286 0.281305 0.869028 0.273871 0.889371 0.352533 0.860629 0.359967
4 0.860156 0.275000 0.889844 0.275000 0.889844 0.356250 0.860156 0.356250
4 0.880972 0.273871 0.909714 0.281305 0.889371 0.359967 0.860629 0.352533
4 0.901408 0.277991 0.927373 0.292384 0.887983 0.363446 0.862017 0.349054
4 0.920162 0.287096 0.941696 0.307531 0.885767 0.366468 0.864233 0.346032
4 0.914554 0.307531 0.936088 0.287096 0.992017 0.346032 0.970483 0.366468
4 0.928877 0.292384 0.954842 0.277991 0.994233 0.349054 0.968267 0.363446
4 0.946536 0.281305 0.975278 0.273871 0.995621 0.352533 0.966879 0.359967
4 0.966406 0.275000 0.996094 0.275000 0.996094 0.356250 0.966406 0.356250
4 0.011429 0.379406 0.032963 0.358971 0.088892 0.417907 0.067358 0.438343
4 0.025752 0.364259 0.051717 0.349866 0.091108 0.420929 0.065142 0.435321
4 0.043411 0.353180 0.072153 0.345746 0.092496 0.424408 0.063754 0.431842
4 0.063281 0.346875 0.092969 0.346875 0.092969 0.428125 0.063281 0.428125
4 0.084097 0.345746 0.112839 0.353180 0.092496 0.431842 0.063754 0.424408
4 0.104533 0.349866 0.130498 0.364259 0.091108 0.435321 0.065142 0.420929
4 0.123287 0.358971 0.144821 0.379406 0.088892 0.438343 0.067358 0.417907
4 0.117679 0.379406 0.139213 0.358971 0.195142 0.417907 0.173608 0.438343
4 0.132002 0.364259 0.157967 0.349866 0.197358 0.420929 0.171392 0.435321
4 0.149661 0.353180 0.178403 0.345746 0.198746 0.424408 0.170004 0.431842
4 0.169531 0.346875 0.199219 0.346875 0.199219 0.428125 0.169531 0.428125
4 0.190347 0.345746 0.219089 0.353180 0.198746 0.431842 0.170004 0.424408
4 0.210783 0.349866 0.236748 0.364259 0.197358 0.435321 0.171392 0.420929
4 0.229537 0.358971 0.251071 0.379406 0.195142 0.438343 0.173608 0.417907
4 0.223929 0.379406 0.245463 0.358971 0.301392 0.417907 0.279858 0.438343
4 0.238252 0.364259 0.264217 0.349866 0.303608 0.420929 0.277642 0.435321
4 0.255911 0.353180 0.284653 0.345746 0.304996 0.424408 0.276254 0.431842
4 0.275781 0.346875 0.305469 0.346875 0.305469 0.428125 0.275781 0.428125
4 0.296597 0.345746 0.325339 0.353180 0.304996 0.431842 0.276254 0.424408
4 0.317033 0.349866 0.342998 0.364259 0.303608 0.435321 0.277642 0.420929
4 0.335787 0.358971 0.357321 0.379406 0.301392 0.438343 0.279858 0.417907
4 0.330179 0.379406 0.351713 0.358971 0.407642 0.417907 0.386108 0.438343
4 0.344502 0.364259 0.370467 0.349866 0.409858 0.420929 0.383892 0.435321
4 0.362161 0.353180 0.390903 0.345746 0.411246 0.424408 0.382504 0.431842
4 0.382031 0.346875 0.411719 0.346875 0.411719 0.428125 0.382031 0.428125
4 0.402847 0.345746 0.431589 0.353180 0.411246 0.431842 0.382504 0.424408
4 0.423283 0.349866 0.449248 0.364259 0.409858 0.435321 0.383892 0.420929
4 0.442037 0.358971 0.463571 0.379406 0.407642 0.438343 0.386108 0.417907
4 0.436429 0.379406 0.457963 0.358971 0.513892 0.417907 0.492358 0.438343
4 0.450752 0.364259 0.476717 0.349866 0.516108 0.420929 0.490142 0.435321
4 0.468411 0.353180 0.497153 0.345746 0.517496 0.424408 0.488754 0.431842
4 0.488281 0.346875 0.517969 0.346875 0.517969 0.428125 0.488281 0.428125
4 0.509097 0.345746 0.537839 0.353180 0.517496 0.431842 0.488754 0.424408
4 0.529533 0.349866 0.555498 0.364259 0.516108 0.435321 0.490142 0.420929
4 0.548287 0.358971 0.569821 0.379406 0.513892 0.438343 0.492358 0.417907
4 0.542679 0.379406 0.564213 0.358971 0.620142 0.417907 0.598608 0.438343
4 0.557002 0.364259 0.582967 0.349866 0.622358 0.420929 0.596392 0.435321
4 0.574661 0.353180 0.603403 0.345746 0.623746 0.424408 0.595004 0.431842
4 0.594531 0.346875 0.624219 0.346875 0.624219 0.428125 0.594531 0.428125
4 0.615347 0.345746 0.644089 0.353180 0.623746 0.431842 0.595004 0.424408
4 0.635783 0.349866 0.661748 0.364259 0.622358 0.435321 0.596392 0.420929
4 0.654537 0.358971 0.676071 0.379406 0.620142 0.438343 0.598608 0.417907
4 0.648929 0.379406 0.670463 0.358971 0.726392 0.417907 0.704858 0.438343
4 0.663252 0.364259 0.689217 0.349866 0.728608 0.420929 0.702642 0.435321
4 0.680911 0.353180 0.709653 0.345746 0.729996 0.424408 0.701254 0.431842
4 0.700781 0.346875 0.730469 0.346875 0.730469 0.428125 0.700781 0.428125
4 0.721597 0.345746 0.750339 0.353180 0.729996 0.431842 0.701254 0.424408
4 0.742033 0.349866 0.767998 0.364259 0.728608 0.435321 0.702642 0.420929
4 0.760787 0.358971 0.782321 0.379406 0.726392 0.438343 0.704858 0.417907
4 0.755179 0.379406 0.776713 0.358971 0.832642 0.417907 0.811108 0.438343
4 0.769502 0.364259 0.795467 0.349866 0.834858 0.420929 0.808892 0.435321
4 0.787161 0.353180 0.815903 0.345746 0.836246 0.424408 0.807504 0.431842
4 0.807031 0.346875 0.836719 0.346875 0.836719 0.428125 0.807031 0.428125
4 0.827847 0.345746 0.856589 0.353180 0.836246 0.431842 0.807504 0.424408
4 0.848283 0.349866 0.874248 0.364259 0.834858 0.435321 0.808892 0.420929
4 0.867037 0.358971 0.888571 0.379406 0.832642 0.438343 0.811108 0.417907
4 0.861429 0.379406 0.882963 0.358971 0.938892 0.417907 0.917358 0.438343
4 0.875752 0.364259 0.901717 0.349866 0.941108 0.420929 0.915142 0.435321
4 0.893411 0.353180 0.922153 0.345746 0.942496 0.424408 0.913754 0.431842
4 0.913281 0.346875 0.942969 0.346875 0.942969 0.428125 0.913281 0.428125
4 0.934097 0.345746 0.962839 0.353180 0.942496 0.431842 0.913754 0.424408
4 0.954533 0.349866 0.980498 0.364259 0.941108 0.435321 0.915142 0.420929
4 0.973287 0.358971 0.994821 0.379406 0.938892 0.438343 0.917358 0.417907
4 0.010156 0.418750 0.039844 0.418750 0.039844 0.500000 0.010156 0.500000
4 0.030972 0.417621 0.059714 0.425055 0.039371 0.503717 0.010629 0.496283
4 0.051408 0.421741 0.077373 0.436134 0.037983 0.507196 0.012017 0.492804
4 0.070162 0.430846 0.091696 0.451281 0.035767 0.510218 0.014233 0.489782
4 0.064554 0.451281 0.086088 0.430846 0.142017 0.489782 0.120483 0.510218
4 0.078877 0.436134 0.104842 0.421741 0.144233 0.492804 0.118267 0.507196
4 0.096536 0.425055 0.125278 0.417621 0.145621 0.496283 0.116879 0.503717
4 0.116406 0.418750 0.146094 0.418750 0.146094 0.500000 0.116406 0.500000
4 0.137222 0.417621 0.165964 0.425055 0.145621 0.503717 0.116879 0.496283
4 0.157658 0.421741 0.183623 0.436134 0.144233 0.507196 0.118267 0.492804
4 0.176412 0.430846 0.197946 0.451281 0.142017 0.510218 0.120483 0.489782
4 0.170804 0.451281 0.192338 0.430846 0.248267 0.489782 0.226733 0.510218
4 0.185127 0.436134 0.211092 0.421741 0.250483 0.492804 0.224517 0.507196
4 0.202786 0.425055 0.231528 0.417621 0.251871 0.496283 0.223129 0.503717
4 0.222656 0.418750 0.252344 0.418750 0.252344 0.500000 0.222656 0.500000
4 0.243472 0.417621 0.272214 0.425055 0.251871 0.503717 0.223129 0.496283
4 0.263908 0.421741 0.289873 0.436134 0.250483 0.507196 0.224517 0.492804
4 0.282662 0.430846 0.304196 0.451281 0.248267 0.510218 0.226733 0.489782
4 0.277054 0.451281 0.298588 0.430846 0.354517 0.489782 0.332983 0.510218
4 0.291377 0.436134 0.317342 0.421741 0.356733 0.492804 0.330767 0.507196
4 0.309036 0.425055 0.337778 0.417621 0.358121 0.496283 0.329379 0.503717
4 0.328906 0.418750 0.358594 0.418750 0.358594 0.500000 0.328906 0.500000
4 0.349722 0.417621 0.378464 0.425055 0.358121 0.503717 0.329379 0.496283
4 0.370158 0.421741 0.396123 0.436134 0.356733 0.507196 0.330767 0.492804
4 0.388912 0.430846 0.410446 0.451281 0.354517 0.510218 0.332983 0.489782
4 0.383304 0.451281 0.404838 0.430846 0.460767 0.489782 0.439233 0.510218
4 0.397627 0.436134 0.423592 0.421741 0.462983 0.492804 0.437017 0.507196
4 0.415286 0.425055 0.444028 0.417621 0.464371 0.496283 0.435629 0.503717
4 0.435156 0.418750 0.464844 0.418750 0.464844 0.500000 0.435156 0.500000
4 0.455972 0.417621 0.484714 0.425055 0.464371 0.503717 0.435629 0.496283
4 0.476408 0.421741 0.502373 0.436134 0.462983 0.507196 0.437017 0.492804
4 0.495162 0.430846 0.516696 0.451281 0.460767 0.510218 0.439233 0.489782
4 0.489554 0.451281 0.511088 0.430846 0.567017 0.489782 0.545483 0.510218
4 0.503877 0.436134 0.529842 0.421741 0.569233 0.492804 0.543267 0.507196
4 0.521536 0.425055 0.550278 0.417621 0.570621 0.496283 0.541879 0.503717
4 0.541406 0.418750 0.571094 0.418750 0.571094 0.500000 0.541406 0.500000
4 0.562222 0.417621 0.590964 0.425055 0.570621 0.503717 0.541879 0.496283
4 0.582658 0.421741 0.608623 0.436134 0.569233 0.507196 0.543267 0.492804
4 0.601412 0.430846 0.622946 0.451281 0.567017 0.510218 0.545483 0.489782
4 0.595804 0.451281 0.617338 0.430846 0.673267 0.489782 0.651733 0.510218
4 0.610127 0.436134 0.636092 0.421741 0.675483 0.492804 0.649517 0.507196
4 0.627786 0.425055 0.656528 0.417621 0.676871 0.496283 0.648129 0.503717
4 0.647656 0.418750 0.677344 0.418750 0.677344 0.500000 0.647656 0.500000
4 0.668472 0.417621 0.697214 0.425055 0.676871 0.503717 0.648129 0.496283
4 0.688908 0.421741 0.714873 0.436134 0.675483 0.507196 0.649517 0.492804
4 0.707662 0.430846 0.729196 0.451281 0.673267 0.510218 0.651733 0.489782
4 0.702054 0.451281 0.723588 0.430846 0.779517 0.489782 0.757983 0.510218
4 0.716377 0.436134 0.742342 0.421741 0.781733 0.492804 0.755767 0.507196
4 0.734036 0.425055 0.762778 0.417621 0.783121 0.496283 0.754379 0.503717
4 0.753906 0.418750 0.783594 0.418750 0.783594 0.500000 0.753906 0.500000
4 0.774722 0.417621 0.803464 0.425055 0.783121 0.503717 0.754379 0.496283
4 0.795158 0.421741 0.821123 0.436134 0.781733 0.507196 0.755767 0.492804
4 0.813912 0.430846 0.835446 0.451281 0.779517 0.510218 0.757983 0.489782
4 0.808304 0.451281 0.829838 0.430846 0.885767 0.489782 0.864233 0.510218
4 0.822627 0.436134 0.848592 0.421741 0.887983 0.492804 0.862017 0.507196
4 0.840286 0.425055 0.869028 0.417621 0.889371 0.496283 0.860629 0.503717
4 0.860156 0.418750 0.889844 0.418750 0.889844 0.500000 0.860156 0.500000
4 0.880972 0.417621 0.909714 0.425055 0.889371 0.503717 0.860629 0.496283
4 0.901408 0.421741 0.927373 0.436134 0.887983 0.507196 0.862017 0.492804
4 0.920162 0.430846 0.941696 0.451281 0.885767 0.510218 0.864233 0.489782
4 0.914554 0.451281 0.936088 0.430846 0.992017 0.489782 0.970483 0.510218
4 0.928877 0.436134 0.954842 0.421741 0.994233 0.492804 0.968267 0.507196
4 0.946536 0.425055 0.975278 0.417621 0.995621 0.496283 0.966879 0.503717
4 0.966406 0.418750 0.996094 0.418750 0.996094 0.500000 0.966406 0.500000
4 0.011429 0.523156 0.032963 0.502721 0.088892 0.561657 0.067358 0.582093
4 0.025752 0.508009 0.051717 0.493616 0.091108 0.564679 0.065142 0.579071
4 0.043411 0.496930 0.072153 0.489496 0.092496 0.568158 0.063754 0.575592
4 0.063281 0.490625 0.092969 0.490625 0.092969 0.571875 0.063281 0.571875
4 0.084097 0.489496 0.112839 0.496930 0.092496 0.575592 0.063754 0.568158
4 0.104533 0.493616 0.130498 0.508009 0.091108 0.579071 0.065142 0.564679
4 0.123287 0.502721 0.144821 0.523156 0.088892 0.582093 0.067358 0.561657
4 0.117679 0.523156 0.139213 0.502721 0.195142 0.561657 0.173608 0.582093
4 0.132002 0.508009 0.157967 0.493616 0.197358 0.564679 0.171392 0.579071
4 0.149661 0.496930 0.178403 0.489496 0.198746 0.568158 0.170004 0.575592
4 0.169531 0.490625 0.199219 0.490625 0.199219 0.571875 0.169531 0.571875
4 0.190347 0.489496 0.219089 0.496930 0.198746 0.575592 0.170004 0.568158
4 0.210783 0.493616 0.236748 0.508009 0.197358 0.579071 0.171392 0.564679
4 0.229537 0.502721 0.251071 0.523156 0.195142 0.582093 0.173608 0.561657
4 0.223929 0.523156 0.245463 0.502721 0.301392 0.561657 0.279858 0.582093
4 0.238252 0.508009 0.264217 0.493616 0.303608 0.564679 0.277642 0.579071
4 0.255911 0.496930 0.284653 0.489496 0.304996 0.568158 0.276254 0.575592
4 0.275781 0.490625 0.305469 0.490625 0.305469 0.571875 0.275781 0.571875
4 0.296597 0.489496 0.325339 0.496930 0.304996 0.575592 0.276254 0.568158
4 0.317033 0.493616 0.342998 0.508009 0.303608 0.579071 0.277642 0.564679
4 0.335787 0.502721 0.357321 0.523156 0.301392 0.582093 0.279858 0.561657
4 0.330179 0.523156 0.351713 0.502721 0.407642 0.561657 0.386108 0.582093
4 0.344502 0.508009 0.370467 0.493616 0.409858 0.564679 0.383892 0.579071
4 0.362161 0.496930 0.390903 0.489496 0.411246 0.568158 0.382504 0.575592
4 0.382031 0.490625 0.411719 0.490625 0.411719 0.571875 0.382031 0.571875
4 0.402847 0.489496 0.431589 0.496930 0.411246 0.575592 0.382504 0.568158
4 0.423283 0.493616 0.449248 0.508009 0.409858 0.579071 0.383892 0.564679
4 0.442037 0.502721 0.463571 0.523156 0.407642 0.582093 0.386108 0.561657
4 0.436429 0.523156 0.457963 0.502721 0.513892 0.561657 0.492358 0.582093
4 0.450752 0.508009 0.476717 0.493616 0.516108 0.564679 0.490142 0.579071
4 0.468411 0.496930 0.497153 0.489496 0.517496 0.568158 0.488754 0.575592
4 0.488281 0.490625 0.517969 0.490625 0.517969 0.571875 0.488281 0.571875
4 0.509097 0.489496 0.537839 0.496930 0.517496 0.575592 0.488754 0.568158
4 0.529533 0.493616 0.555498 0.508009 0.516108 0.579071 0.490142 0.564679
4 0.548287 0.502721 0.569821 0.523156 0.513892 0.582093 0.492358 0.561657
4 0.542679 0.523156 0.564213 0.502721 0.620142 0.561657 0.598608 0.582093
4 0.557002 0.508009 0.582967 0.493616 0.622358 0.564679 0.596392 0.579071
4 0.574661 0.496930 0.603403 0.489496 0.623746 0.568158 0.595004 0.575592
4 0.594531 0.490625 0.624219 0.490625 0.624219 0.571875 0.594531 0.571875
4 0.615347 0.489496 0.644089 0.496930 0.623746 0.575592 0.595004 0.568158
4 0.635783 0.493616 0.661748 0.508009 0.622358 0.579071 0.596392 0.564679
4 0.654537 0.502721 0.676071 0.523156 0.620142 0.582093 0.598608 0.561657
4 0.648929 0.523156 0.670463 0.502721 0.726392 0.561657 0.704858 0.582093
4 0.663252 0.508009 0.689217 0.493616 0.728608 0.564679 0.702642 0.579071
4 0.680911 0.496930 0.709653 0.489496 0.729996 0.568158 0.701254 0.575592
4 0.700781 0.490625 0.730469 0.490625 0.730469 0.571875 0.700781 0.571875
4 0.721597 0.489496 0.750339 0.496930 0.729996 0.575592 0.701254 0.568158
4 0.742033 0.493616 0.767998 0.508009 0.728608 0.579071 0.702642 0.564679
4 0.760787 0.502721 0.782321 0.523156 0.726392 0.582093 0.704858 0.561657
4 0.755179 0.523156 0.776713 0.502721 0.832642 0.561657 0.811108 0.582093
4 0.769502 0.508009 0.795467 0.493616 0.834858 0.564679 0.808892 0.579071
4 0.787161 0.496930 0.815903 0.489496 0.836246 0.568158 0.807504 0.575592
4 0.807031 0.490625 0.836719 0.490625 0.836719 0.571875 0.807031 0.571875
4 0.827847 0.489496 0.856589 0.496930 0.836246 0.575592 0.807504 0.568158
4 0.848283 0.493616 0.874248 0.508009 0.834858 0.579071 0.808892 0.564679
4 0.867037 0.502721 0.888571 0.523156 0.832642 0.582093 0.811108 0.561657
4 0.861429 0.523156 0.882963 0.502721 0.938892 0.561657 0.917358 0.582093
4 0.875752 0.508009 0.901717 0.493616 0.941108 0.564679 0.915142 0.579071
4 0.893411 0.496930 0.922153 0.489496 0.942496 0.568158 0.913754 0.575592
4 0.913281 0.490625 0.942969 0.490625 0.942969 0.571875 0.913281 0.571875
4 0.934097 0.489496 0.962839 0.496930 0.942496 0.575592 0.913754 0.568158
4 0.954533 0.493616 0.980498 0.508009 0.941108 0.579071 0.915142 0.564679
4 0.973287 0.502721 0.994821 0.523156 0.938892 0.582093 0.917358 0.561657
4 0.010156 0.562500 0.039844 0.562500 0.039844 0.643750 0.010156 0.643750
4 0.030972 0.561371 0.059714 0.568805 0.039371 0.647467 0.010629 0.640033
4 0.051408 0.565491 0.077373 0.579884 0.037983 0.650946 0.012017 0.636554
4 0.070162 0.574596 0.091696 0.595031 0.035767 0.653968 0.014233 0.633532
4 0.064554 0.595031 0.086088 0.574596 0.142017 0.633532 0.120483 0.653968
4 0.078877 0.579884 0.104842 0.565491 0.144233 0.636554 0.118267 0.650946
4 0.096536 0.568805 0.125278 0.561371 0.145621 0.640033 0.116879 0.647467
4 0.116406 0.562500 0.146094 0.562500 0.146094 0.643750 0.116406 0.643750
4 0.137222 0.561371 0.165964 0.568805 0.145621 0.647467 0.116879 0.640033
4 0.157658 0.565491 0.183623 0.579884 0.144233 0.650946 0.118267 0.636554
4 0.176412 0.574596 0.197946 0.595031 0.142017 0.653968 0.120483 0.633532
4 0.170804 0.595031 0.192338 0.574596 0.248267 0.633532 0.226733 0.653968
4 0.185127 0.579884 0.211092 0.565491 0.250483 0.636554 0.224517 0.650946
4 0.202786 0.568805 0.231528 0.561371 0.251871 0.640033 0.223129 0.647467
4 0.222656 0.562500 0.252344 0.562500 0.252344 0.643750 0.222656 0.643750
4 0.243472 0.561371 0.272214 0.568805 0.251871 0.647467 0.223129 0.640033
4 0.263908 0.565491 0.289873 0.579884 0.250483 0.650946 0.224517 0.636554
4 0.282662 0.574596 0.304196 0.595031 0.248267 0.653968 0.226733 0.633532
4 0.277054 0.595031 0.298588 0.574596 0.354517 0.633532 0.332983 0.653968
4 0.291377 0.579884 0.317342 0.565491 0.356733 0.636554 0.330767 0.650946
4 0.309036 0.568805 0.337778 0.561371 0.358121 0.640033 0.329379 0.647467
4 0.328906 0.562500 0.358594 0.562500 0.358594 0.643750 0.328906 0.643750
4 0.349722 0.561371 0.378464 0.568805 0.358121 0.647467 0.329379 0.640033
4 0.370158 0.565491 0.396123 0.579884 0.356733 0.650946 0.330767 0.636554
4 0.388912 0.574596 0.410446 0.595031 0.354517 0.653968 0.332983 0.633532
4 0.383304 0.595031 0.404838 0.574596 0.460767 0.633532 0.439233 0.653968
4 0.397627 0.579884 0.423592 0.565491 0.462983 0.636554 0.437017 0.650946
4 0.415286 0.568805 0.444028 0.561371 0.464371 0.640033 0.435629 0.647467
4 0.435156 0.562500 0.464844 0.562500 0.464844 0.643750 0.435156 0.643750
4 0.455972 0.561371 0.484714 0.568805 0.464371 0.647467 0.435629 0.640033
4 0.476408 0.565491 0.502373 0.579884 0.462983 0.650946 0.437017 0.636554
4 0.495162 0.574596 0.516696 0.595031 0.460767 0.653968 0.439233 0.633532
4 0.489554 0.595031 0.511088 0.574596 0.567017 0.633532 0.545483 0.653968
4 0.503877 0.579884 0.529842 0.565491 0.569233 0.636554 0.543267 0.650946
4 0.521536 0.568805 0.550278 0.561371 0.570621 0.640033 0.541879 0.647467
4 0.541406 0.562500 0.571094 0.562500 0.571094 0.643750 0.541406 0.643750
4 0.562222 0.561371 0.590964 0.568805 0.570621 0.647467 0.541879 0.640033
4 0.582658 0.565491 0.608623 0.579884 0.569233 0.650946 0.543267 0.636554
4 0.601412 0.574596 0.622946 0.595031 0.567017 0.653968 0.545483 0.633532
4 0.595804 0.595031 0.617338 0.574596 0.673267 0.633532 0.651733 0.653968
4 0.610127 0.579884 0.636092 0.565491 0.675483 0.636554 0.649517 0.650946
4 0.627786 0.568805 0.656528 0.561371 0.676871 0.640033 0.648129 0.647467
4 0.647656 0.562500 0.677344 0.562500 0.677344 0.643750 0.647656 0.643750
4 0.668472 0.561371 0.697214 0.568805 0.676871 0.647467 0.648129 0.640033
4 0.688908 0.565491 0.714873 0.579884 0.675483 0.650946 0.649517 0.636554
4 0.707662 0.574596 0.729196 0.595031 0.673267 0.653968 0.651733 0.633532
4 0.702054 0.595031 0.723588 0.574596 0.779517 0.633532 0.757983 0.653968
4 0.716377 0.579884 0.742342 0.565491 0.781733 0.636554 0.755767 0.650946
4 0.734036 0.568805 0.762778 0.561371 0.783121 0.640033 0.754379 0.647467
4 0.753906 0.562500 0.783594 0.562500 0.783594 0.643750 0.753906 0.643750
4 0.774722 0.561371 0.803464 0.568805 0.783121 0.647467 0.754379 0.640033
4 0.795158 0.565491 0.821123 0.579884 0.781733 0.650946 0.755767 0.636554
4 0.813912 0.574596 0.835446 0.595031 0.779517 0.653968 0.757983 0.633532
4 0.808304 0.595031 0.829838 0.574596 0.885767 0.633532 0.864233 0.653968
4 0.822627 0.579884 0.848592 0.565491 0.887983 0.636554 0.862017 0.650946
4 0.840286 0.568805 0.869028 0.561371 0.889371 0.640033 0.860629 0.647467
4 0.860156 0.562500 0.889844 0.562500 0.889844 0.643750 0.860156 0.643750
4 0.880972 0.561371 0.909714 0.568805 0.889371 0.647467 0.860629 0.640033
4 0.901408 0.565491 0.927373 0.579884 0.887983 0.650946 0.862017 0.636554
4 0.920162 0.574596 0.941696 0.595031 0.885767 0.653968 0.864233 0.633532
4 0.914554 0.595031 0.936088 0.574596 0.992017 0.633532 0.970483 0.653968
4 0.928877 0.579884 0.954842 0.565491 0.994233 0.636554 0.968267 0.650946
4 0.946536 0.568805 0.975278 0.561371 0.995621 0.640033 0.966879 0.647467
4 0.966406 0.562500 0.996094 0.562500 0.996094 0.643750 0.966406 0.643750
4 0.011429 0.666906 0.032963 0.646471 0.088892 0.705407 0.067358 0.725843
4 0.025752 0.651759 0.051717 0.637366 0.091108 0.708429 0.065142 0.722821
4 0.043411 0.640680 0.072153 0.633246 0.092496 0.711908 0.063754 0.719342
4 0.063281 0.634375 0.092969 0.634375 0.092969 0.715625 0.063281 0.715625
4 0.084097 0.633246 0.112839 0.640680 0.092496 0.719342 0.063754 0.711908
4 0.104533 0.637366 0.130498 0.651759 0.091108 0.722821 0.065142 0.708429
4 0.123287 0.646471 0.144821 0.666906 0.088892 0.725843 0.067358 0.705407
4 0.117679 0.666906 0.139213 0.646471 0.195142 0.705407 0.173608 0.725843
4 0.132002 0.651759 0.157967 0.637366 0.197358 0.708429 0.171392 0.722821
4 0.149661 0.640680 0.178403 0.633246 0.198746 0.711908 0.170004 0.719342
4 0.169531 0.634375 0.199219 0.634375 0.199219 0.715625 0.169531 0.715625
4 0.190347 0.633246 0.219089 0.640680 0.198746 0.719342 0.170004 0.711908
4 0.210783 0.637366 0.236748 0.651759 0.197358 0.722821 0.171392 0.708429
4 0.229537 0.646471 0.251071 0.666906 0.195142 0.725843 0.173608 0.705407
4 0.223929 0.666906 0.245463 0.646471 0.301392 0.705407 0.279858 0.725843
4 0.238252 0.651759 0.264217 0.637366 0.303608 0.708429 0.277642 0.722821
4 0.255911 0.640680 0.284653 0.633246 0.304996 0.711908 0.276254 0.719342
4 0.275781 0.634375 0.305469 0.634375 0.305469 0.715625 0.275781 0.715625
4 0.296597 0.633246 0.325339 0.640680 0.304996 0.719342 0.276254 0.711908
4 0.317033 0.637366 0.342998 0.651759 0.303608 0.722821 0.277642 0.708429
4 0.335787 0.646471 0.357321 0.666906 0.301392 0.725843 0.279858 0.705407
4 0.330179 0.666906 0.351713 0.646471 0.407642 0.705407 0.386108 0.725843
4 0.344502 0.651759 0.370467 0.637366 0.409858 0.708429 0.383892 0.722821
4 0.362161 0.640680 0.390903 0.633246 0.411246 0.711908 0.382504 0.719342
4 0.382031 0.634375 0.411719 0.634375 0.411719 0.715625 0.382031 0.715625
4 0.402847 0.633246 0.431589 0.640680 0.411246 0.719342 0.382504 0.711908
4 0.423283 0.637366 0.449248 0.651759 0.409858 0.722821 0.383892 0.708429
4 0.442037 0.646471 0.463571 0.666906 0.407642 0.725843 0.386108 0.705407
4 0.436429 0.666906 0.457963 0.646471 0.513892 0.705407 0.492358 0.725843
4 0.450752 0.651759 0.476717 0.637366 0.516108 0.708429 0.490142 0.722821
4 0.468411 0.640680 0.497153 0.633246 0.517496 0.711908 0.488754 0.719342
4 0.488281 0.634375 0.517969 0.634375 0.517969 0.715625 0.488281 0.715625
4 0.509097 0.633246 0.537839 0.640680 0.517496 0.719342 0.488754 0.711908
4 0.529533 0.637366 0.555498 0.651759 0.516108 0.722821 0.490142 0.708429
4 0.548287 0.646471 0.569821 0.666906 0.513892 0.725843 0.492358 0.705407
4 0.542679 0.666906 0.564213 0.646471 0.620142 0.705407 0.598608 0.725843
4 0.557002 0.651759 0.582967 0.637366 0.622358 0.708429 0.596392 0.722821
4 0.574661 0.640680 0.603403 0.633246 0.623746 0.711908 0.595004 0.719342
4 0.594531 0.634375 0.624219 0.634375 0.624219 0.715625 0.594531 0.715625
4 0.615347 0.633246 0.644089 0.640680 0.623746 0.719342 0.595004 0.711908
4 0.635783 0.637366 0.661748 0.651759 0.622358 0.722821 0.596392 0.708429
4 0.654537 0.646471 0.676071 0.666906 0.620142 0.725843 0.598608 0.705407
4 0.648929 0.666906 0.670463 0.646471 0.726392 0.705407 0.704858 0.725843
4 0.663252 0.651759 0.689217 0.637366 0.728608 0.708429 0.702642 0.722821
4 0.680911 0.640680 0.709653 0.633246 0.729996 0.711908 0.701254 0.719342
4 0.700781 0.634375 0.730469 0.634375 0.730469 0.715625 0.700781 0.715625
4 0.721597 0.633246 0.750339 0.640680 0.729996 0.719342 0.701254 0.711908
4 0.742033 0.637366 0.767998 0.651759 0.728608 0.722821 0.702642 0.708429
4 0.760787 0.646471 0.782321 0.666906 0.726392 0.725843 0.704858 0.705407
4 0.755179 0.666906 0.776713 0.646471 0.832642 0.705407 0.811108 0.725843
4 0.769502 0.651759 0.795467 0.637366 0.834858 0.708429 0.808892 0.722821
4 0.787161 0.640680 0.815903 0.633246 0.836246 0.711908 0.807504 0.719342
4 0.807031 0.634375 0.836719 0.634375 0.836719 0.715625 0.807031 0.715625
4 0.827847 0.633246 0.856589 0.640680 0.836246 0.719342 0.807504 0.711908
4 0.848283 0.637366 0.874248 0.651759 0.834858 0.722821 0.808892 0.708429
4 0.867037 0.646471 0.888571 0.666906 0.832642 0.725843 0.811108 0.705407
4 0.861429 0.666906 0.882963 0.646471 0.938892 0.705407 0.917358 0.725843
4 0.875752 0.651759 0.901717 0.637366 0.941108 0.708429 0.915142 0.722821
4 0.893411 0.640680 0.922153 0.633246 0.942496 0.711908 0.913754 0.719342
4 0.913281 0.634375 0.942969 0.634375 0.942969 0.715625 0.913281 0.715625
4 0.934097 0.633246 0.962839 0.640680 0.942496 0.719342 0.913754 0.711908
4 0.954533 0.637366 0.980498 0.651759 0.941108 0.722821 0.915142 0.708429
4 0.973287 0.646471 0.994821 0.666906 0.938892 0.725843 0.917358 0.705407