2 0.046094 0.025000 0.078906 0.025000 0.078906 0.125000 0.046094 0.125000
2 0.072656 0.021875 0.105469 0.021875 0.105469 0.121875 0.072656 0.121875
2 0.100781 0.026562 0.133594 0.026562 0.133594 0.126562 0.100781 0.126562
2 0.132031 0.028125 0.164844 0.028125 0.164844 0.128125 0.132031 0.128125
2 0.160156 0.029687 0.192969 0.029687 0.192969 0.129688 0.160156 0.129688
2 0.182031 0.020313 0.214844 0.020313 0.214844 0.120313 0.182031 0.120313
2 0.213281 0.023438 0.246094 0.023438 0.246094 0.123438 0.213281 0.123438
2 0.238281 0.025000 0.271094 0.025000 0.271094 0.125000 0.238281 0.125000
2 0.269531 0.026562 0.302344 0.026562 0.302344 0.126562 0.269531 0.126562
2 0.294531 0.029687 0.327344 0.029687 0.327344 0.129688 0.294531 0.129688
2 0.327344 0.029687 0.360156 0.029687 0.360156 0.129688 0.327344 0.129688
2 0.350781 0.023438 0.383594 0.023438 0.383594 0.123438 0.350781 0.123438
2 0.382031 0.021875 0.414844 0.021875 0.414844 0.121875 0.382031 0.121875
2 0.411719 0.026562 0.444531 0.026562 0.444531 0.126562 0.411719 0.126562
2 0.435156 0.021875 0.467969 0.021875 0.467969 0.121875 0.435156 0.121875
2 0.463281 0.029687 0.496094 0.029687 0.496094 0.129688 0.463281 0.129688
2 0.492969 0.029687 0.525781 0.029687 0.525781 0.129688 0.492969 0.129688
2 0.522656 0.028125 0.555469 0.028125 0.555469 0.128125 0.522656 0.128125
2 0.550781 0.026562 0.583594 0.026562 0.583594 0.126562 0.550781 0.126562
2 0.577344 0.025000 0.610156 0.025000 0.610156 0.125000 0.577344 0.125000
2 0.608594 0.029687 0.641406 0.029687 0.641406 0.129688 0.608594 0.129688
2 0.632031 0.023438 0.664844 0.023438 0.664844 0.123438 0.632031 0.123438
2 0.663281 0.025000 0.696094 0.025000 0.696094 0.125000 0.663281 0.125000
2 0.694531 0.021875 0.727344 0.021875 0.727344 0.121875 0.694531 0.121875
2 0.716406 0.029687 0.749219 0.029687 0.749219 0.129688 0.716406 0.129688
2 0.057813 0.167187 0.067187 0.167187 0.067187 0.185938 0.057813 0.185938
2 0.068750 0.168750 0.078125 0.168750 0.078125 0.187500 0.068750 0.187500
2 0.081250 0.162500 0.090625 0.162500 0.090625 0.181250 0.081250 0.181250
2 0.095312 0.159375 0.104688 0.159375 0.104688 0.178125 0.095312 0.178125
2 0.109375 0.162500 0.118750 0.162500 0.118750 0.181250 0.109375 0.181250
2 0.121875 0.162500 0.131250 0.162500 0.131250 0.181250 0.121875 0.181250
2 0.134375 0.167187 0.143750 0.167187 0.143750 0.185938 0.134375 0.185938
2 0.145313 0.168750 0.154688 0.168750 0.154688 0.187500 0.145313 0.187500
2 0.159375 0.162500 0.168750 0.162500 0.168750 0.181250 0.159375 0.181250
2 0.168750 0.159375 0.178125 0.159375 0.178125 0.178125 0.168750 0.178125
2 0.179688 0.165625 0.189062 0.165625 0.189062 0.184375 0.179688 0.184375
2 0.190625 0.168750 0.200000 0.168750 0.200000 0.187500 0.190625 0.187500
2 0.209375 0.160938 0.218750 0.160938 0.218750 0.179688 0.209375 0.179688
2 0.220312 0.162500 0.229687 0.162500 0.229687 0.181250 0.220312 0.181250
2 0.229687 0.165625 0.239063 0.165625 0.239063 0.184375 0.229687 0.184375
2 0.243750 0.162500 0.253125 0.162500 0.253125 0.181250 0.243750 0.181250
2 0.259375 0.165625 0.268750 0.165625 0.268750 0.184375 0.259375 0.184375
2 0.267188 0.159375 0.276562 0.159375 0.276562 0.178125 0.267188 0.178125
2 0.279687 0.165625 0.289062 0.165625 0.289062 0.184375 0.279687 0.184375
2 0.295312 0.165625 0.304688 0.165625 0.304688 0.184375 0.295312 0.184375
2 0.304688 0.165625 0.314063 0.165625 0.314063 0.184375 0.304688 0.184375
2 0.317188 0.168750 0.326562 0.168750 0.326562 0.187500 0.317188 0.187500
2 0.332813 0.162500 0.342187 0.162500 0.342187 0.181250 0.332813 0.181250
2 0.343750 0.168750 0.353125 0.168750 0.353125 0.187500 0.343750 0.187500
2 0.356250 0.162500 0.365625 0.162500 0.365625 0.181250 0.356250 0.181250