1 0.048438 0.017188 0.114062 0.017188 0.114062 0.101562 0.048438 0.101562
1 0.103125 0.015625 0.168750 0.015625 0.168750 0.100000 0.103125 0.100000
1 0.156250 0.018750 0.221875 0.018750 0.221875 0.103125 0.156250 0.103125
1 0.210938 0.020313 0.276562 0.020313 0.276562 0.104688 0.210938 0.104688
1 0.257812 0.025000 0.323437 0.025000 0.323437 0.109375 0.257812 0.109375
1 0.315625 0.018750 0.381250 0.018750 0.381250 0.103125 0.315625 0.103125
1 0.370312 0.025000 0.435937 0.025000 0.435937 0.109375 0.370312 0.109375
1 0.420312 0.020313 0.485938 0.020313 0.485938 0.104688 0.420312 0.104688
1 0.473438 0.023438 0.539062 0.023438 0.539062 0.107813 0.473438 0.107813
1 0.525000 0.025000 0.590625 0.025000 0.590625 0.109375 0.525000 0.109375
1 0.582812 0.015625 0.648438 0.015625 0.648438 0.100000 0.582812 0.100000
1 0.634375 0.021875 0.700000 0.021875 0.700000 0.106250 0.634375 0.106250
1 0.685937 0.015625 0.751563 0.015625 0.751563 0.100000 0.685937 0.100000
1 0.735938 0.023438 0.801562 0.023438 0.801562 0.107813 0.735938 0.107813
1 0.792188 0.015625 0.857812 0.015625 0.857812 0.100000 0.792188 0.100000
1 0.843750 0.021875 0.909375 0.021875 0.909375 0.106250 0.843750 0.106250