1 0.030469 0.017969 0.094531 0.017969 0.094531 0.100781 0.030469 0.100781
1 0.082031 0.021094 0.146094 0.021094 0.146094 0.103906 0.082031 0.103906
1 0.136719 0.024219 0.200781 0.024219 0.200781 0.107031 0.136719 0.107031
1 0.185156 0.024219 0.249219 0.024219 0.249219 0.107031 0.185156 0.107031
1 0.236719 0.021094 0.300781 0.021094 0.300781 0.103906 0.236719 0.103906
1 0.285156 0.019531 0.349219 0.019531 0.349219 0.102344 0.285156 0.102344
1 0.338281 0.021094 0.402344 0.021094 0.402344 0.103906 0.338281 0.103906
1 0.394531 0.021094 0.458594 0.021094 0.458594 0.103906 0.394531 0.103906
1 0.441406 0.025781 0.505469 0.025781 0.505469 0.108594 0.441406 0.108594
1 0.492969 0.021094 0.557031 0.021094 0.557031 0.103906 0.492969 0.103906
1 0.546094 0.016406 0.610156 0.016406 0.610156 0.099219 0.546094 0.099219
1 0.600781 0.025781 0.664844 0.025781 0.664844 0.108594 0.600781 0.108594
1 0.647656 0.016406 0.711719 0.016406 0.711719 0.099219 0.647656 0.099219
1 0.700781 0.016406 0.764844 0.016406 0.764844 0.099219 0.700781 0.099219
1 0.749219 0.017969 0.813281 0.017969 0.813281 0.100781 0.749219 0.100781
1 0.807031 0.024219 0.871094 0.024219 0.871094 0.107031 0.807031 0.107031
1 0.853906 0.022656 0.917969 0.022656 0.917969 0.105469 0.853906 0.105469
4 0.042969 0.088281 0.075781 0.088281 0.075781 0.183594 0.042969 0.183594
4 0.078906 0.091406 0.111719 0.091406 0.111719 0.186719 0.078906 0.186719
4 0.108594 0.092969 0.141406 0.092969 0.141406 0.188281 0.108594 0.188281
4 0.136719 0.091406 0.169531 0.091406 0.169531 0.186719 0.136719 0.186719
4 0.172656 0.089844 0.205469 0.089844 0.205469 0.185156 0.172656 0.185156
4 0.203906 0.085156 0.236719 0.085156 0.236719 0.180469 0.203906 0.180469
4 0.235156 0.091406 0.267969 0.091406 0.267969 0.186719 0.235156 0.186719
4 0.266406 0.088281 0.299219 0.088281 0.299219 0.183594 0.266406 0.183594
4 0.297656 0.086719 0.330469 0.086719 0.330469 0.182031 0.297656 0.182031
4 0.324219 0.086719 0.357031 0.086719 0.357031 0.182031 0.324219 0.182031
4 0.357031 0.086719 0.389844 0.086719 0.389844 0.182031 0.357031 0.182031
4 0.386719 0.088281 0.419531 0.088281 0.419531 0.183594 0.386719 0.183594
4 0.422656 0.089844 0.455469 0.089844 0.455469 0.185156 0.422656 0.185156
4 0.453906 0.089844 0.486719 0.089844 0.486719 0.185156 0.453906 0.185156
4 0.486719 0.092969 0.519531 0.092969 0.519531 0.188281 0.486719 0.188281
4 0.511719 0.088281 0.544531 0.088281 0.544531 0.183594 0.511719 0.183594
4 0.549219 0.091406 0.582031 0.091406 0.582031 0.186719 0.549219 0.186719
4 0.580469 0.092969 0.613281 0.092969 0.613281 0.188281 0.580469 0.188281
4 0.610156 0.086719 0.642969 0.086719 0.642969 0.182031 0.610156 0.182031
4 0.639844 0.089844 0.672656 0.089844 0.672656 0.185156 0.639844 0.185156
4 0.669531 0.091406 0.702344 0.091406 0.702344 0.186719 0.669531 0.186719
4 0.699219 0.088281 0.732031 0.088281 0.732031 0.183594 0.699219 0.183594
4 0.730469 0.085156 0.763281 0.085156 0.763281 0.180469 0.730469 0.180469
4 0.767969 0.088281 0.800781 0.088281 0.800781 0.183594 0.767969 0.183594
4 0.794531 0.092969 0.827344 0.092969 0.827344 0.188281 0.794531 0.188281
4 0.047656 0.182812 0.080469 0.182812 0.080469 0.276562 0.047656 0.276562
4 0.071094 0.176563 0.103906 0.176563 0.103906 0.270313 0.071094 0.270313
4 0.099219 0.181250 0.132031 0.181250 0.132031 0.275000 0.099219 0.275000
4 0.124219 0.175000 0.157031 0.175000 0.157031 0.268750 0.124219 0.268750
4 0.155469 0.173437 0.188281 0.173437 0.188281 0.267188 0.155469 0.267188
4 0.177344 0.175000 0.210156 0.175000 0.210156 0.268750 0.177344 0.268750
4 0.205469 0.175000 0.238281 0.175000 0.238281 0.268750 0.205469 0.268750
4 0.232031 0.182812 0.264844 0.182812 0.264844 0.276562 0.232031 0.276562
4 0.257031 0.175000 0.289844 0.175000 0.289844 0.268750 0.257031 0.268750
4 0.282031 0.179688 0.314844 0.179688 0.314844 0.273438 0.282031 0.273438
4 0.310156 0.176563 0.342969 0.176563 0.342969 0.270313 0.310156 0.270313
4 0.336719 0.175000 0.369531 0.175000 0.369531 0.268750 0.336719 0.268750
4 0.361719 0.179688 0.394531 0.179688 0.394531 0.273438 0.361719 0.273438
4 0.389844 0.176563 0.422656 0.176563 0.422656 0.270313 0.389844 0.270313
4 0.416406 0.176563 0.449219 0.176563 0.449219 0.270313 0.416406 0.270313
4 0.446094 0.175000 0.478906 0.175000 0.478906 0.268750 0.446094 0.268750
4 0.467969 0.175000 0.500781 0.175000 0.500781 0.268750 0.467969 0.268750
4 0.494531 0.173437 0.527344 0.173437 0.527344 0.267188 0.494531 0.267188
4 0.522656 0.179688 0.555469 0.179688 0.555469 0.273438 0.522656 0.273438
4 0.549219 0.173437 0.582031 0.173437 0.582031 0.267188 0.549219 0.267188
4 0.578906 0.182812 0.611719 0.182812 0.611719 0.276562 0.578906 0.276562
4 0.602344 0.176563 0.635156 0.176563 0.635156 0.270313 0.602344 0.270313
4 0.630469 0.182812 0.663281 0.182812 0.663281 0.276562 0.630469 0.276562
4 0.657031 0.173437 0.689844 0.173437 0.689844 0.267188 0.657031 0.267188
4 0.682031 0.179688 0.714844 0.179688 0.714844 0.273438 0.682031 0.273438
4 0.052344 0.285156 0.075781 0.285156 0.075781 0.355469 0.052344 0.355469
4 0.067969 0.285156 0.091406 0.285156 0.091406 0.355469 0.067969 0.355469
4 0.088281 0.282031 0.111719 0.282031 0.111719 0.352344 0.088281 0.352344
4 0.114844 0.275781 0.138281 0.275781 0.138281 0.346094 0.114844 0.346094
4 0.133594 0.280469 0.157031 0.280469 0.157031 0.350781 0.133594 0.350781
4 0.150781 0.277344 0.174219 0.277344 0.174219 0.347656 0.150781 0.347656
4 0.169531 0.275781 0.192969 0.275781 0.192969 0.346094 0.169531 0.346094
4 0.189844 0.282031 0.213281 0.282031 0.213281 0.352344 0.189844 0.352344
4 0.211719 0.283594 0.235156 0.283594 0.235156 0.353906 0.211719 0.353906
4 0.235156 0.275781 0.258594 0.275781 0.258594 0.346094 0.235156 0.346094
4 0.253906 0.275781 0.277344 0.275781 0.277344 0.346094 0.253906 0.346094
4 0.272656 0.277344 0.296094 0.277344 0.296094 0.347656 0.272656 0.347656
4 0.294531 0.277344 0.317969 0.277344 0.317969 0.347656 0.294531 0.347656
4 0.314844 0.278906 0.338281 0.278906 0.338281 0.349219 0.314844 0.349219
4 0.336719 0.282031 0.360156 0.282031 0.360156 0.352344 0.336719 0.352344
4 0.358594 0.278906 0.382031 0.278906 0.382031 0.349219 0.358594 0.349219
4 0.375781 0.283594 0.399219 0.283594 0.399219 0.353906 0.375781 0.353906
4 0.394531 0.282031 0.417969 0.282031 0.417969 0.352344 0.394531 0.352344
4 0.414844 0.283594 0.438281 0.283594 0.438281 0.353906 0.414844 0.353906
4 0.435156 0.283594 0.458594 0.283594 0.458594 0.353906 0.435156 0.353906
4 0.453906 0.282031 0.477344 0.282031 0.477344 0.352344 0.453906 0.352344
4 0.478906 0.285156 0.502344 0.285156 0.502344 0.355469 0.478906 0.355469
4 0.497656 0.283594 0.521094 0.283594 0.521094 0.353906 0.497656 0.353906
4 0.517969 0.283594 0.541406 0.283594 0.541406 0.353906 0.517969 0.353906
4 0.539844 0.280469 0.563281 0.280469 0.563281 0.350781 0.539844 0.350781
1 0.056250 0.367969 0.065625 0.367969 0.065625 0.375781 0.056250 0.375781
1 0.067187 0.372656 0.076563 0.372656 0.076563 0.380469 0.067187 0.380469
1 0.085938 0.372656 0.095312 0.372656 0.095312 0.380469 0.085938 0.380469
1 0.098437 0.372656 0.107813 0.372656 0.107813 0.380469 0.098437 0.380469
1 0.110937 0.372656 0.120313 0.372656 0.120313 0.380469 0.110937 0.380469
1 0.117188 0.372656 0.126562 0.372656 0.126562 0.380469 0.117188 0.380469
1 0.134375 0.366406 0.143750 0.366406 0.143750 0.374219 0.134375 0.374219
1 0.142187 0.369531 0.151562 0.369531 0.151562 0.377344 0.142187 0.377344
1 0.159375 0.371094 0.168750 0.371094 0.168750 0.378906 0.159375 0.378906
1 0.168750 0.375781 0.178125 0.375781 0.178125 0.383594 0.168750 0.383594
1 0.184375 0.369531 0.193750 0.369531 0.193750 0.377344 0.184375 0.377344
1 0.198437 0.367969 0.207813 0.367969 0.207813 0.375781 0.198437 0.375781
1 0.206250 0.375781 0.215625 0.375781 0.215625 0.383594 0.206250 0.383594
1 0.220312 0.371094 0.229687 0.371094 0.229687 0.378906 0.220312 0.378906
1 0.231250 0.371094 0.240625 0.371094 0.240625 0.378906 0.231250 0.378906
1 0.248438 0.366406 0.257812 0.366406 0.257812 0.374219 0.248438 0.374219
1 0.254688 0.366406 0.264062 0.366406 0.264062 0.374219 0.254688 0.374219
1 0.273438 0.369531 0.282813 0.369531 0.282813 0.377344 0.273438 0.377344
1 0.285938 0.369531 0.295312 0.369531 0.295312 0.377344 0.285938 0.377344
1 0.293750 0.372656 0.303125 0.372656 0.303125 0.380469 0.293750 0.380469
1 0.310937 0.366406 0.320312 0.366406 0.320312 0.374219 0.310937 0.374219
1 0.318750 0.367969 0.328125 0.367969 0.328125 0.375781 0.318750 0.375781
1 0.335938 0.375781 0.345313 0.375781 0.345313 0.383594 0.335938 0.383594
1 0.346875 0.372656 0.356250 0.372656 0.356250 0.380469 0.346875 0.380469
1 0.354687 0.367969 0.364063 0.367969 0.364063 0.375781 0.354687 0.375781
4 0.052344 0.356250 0.078906 0.356250 0.078906 0.428125 0.052344 0.428125
4 0.074219 0.354687 0.100781 0.354687 0.100781 0.426563 0.074219 0.426563
4 0.094531 0.346875 0.121094 0.346875 0.121094 0.418750 0.094531 0.418750
4 0.114844 0.351562 0.141406 0.351562 0.141406 0.423438 0.114844 0.423438
4 0.138281 0.351562 0.164844 0.351562 0.164844 0.423438 0.138281 0.423438
4 0.161719 0.350000 0.188281 0.350000 0.188281 0.421875 0.161719 0.421875
4 0.180469 0.348438 0.207031 0.348438 0.207031 0.420312 0.180469 0.420312
4 0.200781 0.348438 0.227344 0.348438 0.227344 0.420312 0.200781 0.420312
4 0.224219 0.346875 0.250781 0.346875 0.250781 0.418750 0.224219 0.418750
4 0.246094 0.353125 0.272656 0.353125 0.272656 0.425000 0.246094 0.425000
4 0.271094 0.346875 0.297656 0.346875 0.297656 0.418750 0.271094 0.418750
4 0.288281 0.356250 0.314844 0.356250 0.314844 0.428125 0.288281 0.428125
4 0.308594 0.351562 0.335156 0.351562 0.335156 0.423438 0.308594 0.423438
4 0.330469 0.351562 0.357031 0.351562 0.357031 0.423438 0.330469 0.423438
4 0.358594 0.346875 0.385156 0.346875 0.385156 0.418750 0.358594 0.418750
4 0.378906 0.354687 0.405469 0.354687 0.405469 0.426563 0.378906 0.426563
4 0.396094 0.353125 0.422656 0.353125 0.422656 0.425000 0.396094 0.425000
4 0.417969 0.354687 0.444531 0.354687 0.444531 0.426563 0.417969 0.426563
4 0.442969 0.351562 0.469531 0.351562 0.469531 0.423438 0.442969 0.423438
4 0.467969 0.348438 0.494531 0.348438 0.494531 0.420312 0.467969 0.420312
4 0.486719 0.346875 0.513281 0.346875 0.513281 0.418750 0.486719 0.418750
4 0.511719 0.354687 0.538281 0.354687 0.538281 0.426563 0.511719 0.426563
4 0.527344 0.356250 0.553906 0.356250 0.553906 0.428125 0.527344 0.428125
4 0.552344 0.348438 0.578906 0.348438 0.578906 0.420312 0.552344 0.420312
4 0.577344 0.346875 0.603906 0.346875 0.603906 0.418750 0.577344 0.418750