4 0.002821 0.073560 0.024173 0.057760 0.066926 0.115538 0.045574 0.131337
4 0.014533 0.063420 0.038736 0.052475 0.068351 0.117965 0.044149 0.128910
4 0.028119 0.055976 0.054085 0.050378 0.069233 0.120638 0.043267 0.126237
4 0.042969 0.051562 0.069531 0.051562 0.069531 0.123438 0.042969 0.123438
4 0.058415 0.050378 0.084381 0.055976 0.069233 0.126237 0.043267 0.120638
4 0.073764 0.052475 0.097967 0.063420 0.068351 0.128910 0.044149 0.117965
4 0.088327 0.057760 0.109679 0.073560 0.066926 0.131337 0.045574 0.115538
4 0.082508 0.073560 0.103861 0.057760 0.146614 0.115538 0.125261 0.131337
4 0.094220 0.063420 0.118423 0.052475 0.148039 0.117965 0.123836 0.128910
4 0.107806 0.055976 0.133772 0.050378 0.148920 0.120638 0.122955 0.126237
4 0.122656 0.051562 0.149219 0.051562 0.149219 0.123438 0.122656 0.123438
4 0.138103 0.050378 0.164069 0.055976 0.148920 0.126237 0.122955 0.120638
4 0.153452 0.052475 0.177655 0.063420 0.148039 0.128910 0.123836 0.117965
4 0.168014 0.057760 0.189367 0.073560 0.146614 0.131337 0.125261 0.115538
4 0.162196 0.073560 0.183548 0.057760 0.226301 0.115538 0.204949 0.131337
4 0.173908 0.063420 0.198111 0.052475 0.227726 0.117965 0.203524 0.128910
4 0.187494 0.055976 0.213460 0.050378 0.228608 0.120638 0.202642 0.126237
4 0.202344 0.051562 0.228906 0.051562 0.228906 0.123438 0.202344 0.123438
4 0.217790 0.050378 0.243756 0.055976 0.228608 0.126237 0.202642 0.120638
4 0.233139 0.052475 0.257342 0.063420 0.227726 0.128910 0.203524 0.117965
4 0.247702 0.057760 0.269054 0.073560 0.226301 0.131337 0.204949 0.115538
4 0.241883 0.073560 0.263236 0.057760 0.305989 0.115538 0.284636 0.131337
4 0.253595 0.063420 0.277798 0.052475 0.307414 0.117965 0.283211 0.128910
4 0.267181 0.055976 0.293147 0.050378 0.308295 0.120638 0.282330 0.126237
4 0.282031 0.051562 0.308594 0.051562 0.308594 0.123438 0.282031 0.123438
4 0.297478 0.050378 0.323444 0.055976 0.308295 0.126237 0.282330 0.120638
4 0.312827 0.052475 0.337030 0.063420 0.307414 0.128910 0.283211 0.117965
4 0.327389 0.057760 0.348742 0.073560 0.305989 0.131337 0.284636 0.115538
4 0.321571 0.073560 0.342923 0.057760 0.385676 0.115538 0.364324 0.131337
4 0.333283 0.063420 0.357486 0.052475 0.387101 0.117965 0.362899 0.128910
4 0.346869 0.055976 0.372835 0.050378 0.387983 0.120638 0.362017 0.126237
4 0.361719 0.051562 0.388281 0.051562 0.388281 0.123438 0.361719 0.123438
4 0.377165 0.050378 0.403131 0.055976 0.387983 0.126237 0.362017 0.120638
4 0.392514 0.052475 0.416717 0.063420 0.387101 0.128910 0.362899 0.117965
4 0.407077 0.057760 0.428429 0.073560 0.385676 0.131337 0.364324 0.115538
4 0.401258 0.073560 0.422611 0.057760 0.465364 0.115538 0.444011 0.131337
4 0.412970 0.063420 0.437173 0.052475 0.466789 0.117965 0.442586 0.128910
4 0.426556 0.055976 0.452522 0.050378 0.467670 0.120638 0.441705 0.126237
4 0.441406 0.051562 0.467969 0.051562 0.467969 0.123438 0.441406 0.123438
4 0.456853 0.050378 0.482819 0.055976 0.467670 0.126237 0.441705 0.120638
4 0.472202 0.052475 0.496405 0.063420 0.466789 0.128910 0.442586 0.117965
4 0.486764 0.057760 0.508117 0.073560 0.465364 0.131337 0.444011 0.115538
4 0.480946 0.073560 0.502298 0.057760 0.545051 0.115538 0.523699 0.131337
4 0.492658 0.063420 0.516861 0.052475 0.546476 0.117965 0.522274 0.128910
4 0.506244 0.055976 0.532210 0.050378 0.547358 0.120638 0.521392 0.126237
4 0.521094 0.051562 0.547656 0.051562 0.547656 0.123438 0.521094 0.123438
4 0.536540 0.050378 0.562506 0.055976 0.547358 0.126237 0.521392 0.120638
4 0.551889 0.052475 0.576092 0.063420 0.546476 0.128910 0.522274 0.117965
4 0.566452 0.057760 0.587804 0.073560 0.545051 0.131337 0.523699 0.115538
4 0.560633 0.073560 0.581986 0.057760 0.624739 0.115538 0.603386 0.131337
4 0.572345 0.063420 0.596548 0.052475 0.626164 0.117965 0.601961 0.128910
4 0.585931 0.055976 0.611897 0.050378 0.627045 0.120638 0.601080 0.126237
4 0.600781 0.051562 0.627344 0.051562 0.627344 0.123438 0.600781 0.123438
4 0.616228 0.050378 0.642194 0.055976 0.627045 0.126237 0.601080 0.120638
4 0.631577 0.052475 0.655780 0.063420 0.626164 0.128910 0.601961 0.117965
4 0.646139 0.057760 0.667492 0.073560 0.624739 0.131337 0.603386 0.115538
4 0.640321 0.073560 0.661673 0.057760 0.704426 0.115538 0.683074 0.131337
4 0.652033 0.063420 0.676236 0.052475 0.705851 0.117965 0.681649 0.128910
4 0.665619 0.055976 0.691585 0.050378 0.706733 0.120638 0.680767 0.126237
4 0.680469 0.051562 0.707031 0.051562 0.707031 0.123438 0.680469 0.123438
4 0.695915 0.050378 0.721881 0.055976 0.706733 0.126237 0.680767 0.120638
4 0.711264 0.052475 0.735467 0.063420 0.705851 0.128910 0.681649 0.117965
4 0.725827 0.057760 0.747179 0.073560 0.704426 0.131337 0.683074 0.115538
4 0.720008 0.073560 0.741361 0.057760 0.784114 0.115538 0.762761 0.131337
4 0.731720 0.063420 0.755923 0.052475 0.785539 0.117965 0.761336 0.128910
4 0.745306 0.055976 0.771272 0.050378 0.786420 0.120638 0.760455 0.126237
4 0.760156 0.051562 0.786719 0.051562 0.786719 0.123438 0.760156 0.123438
4 0.775603 0.050378 0.801569 0.055976 0.786420 0.126237 0.760455 0.120638
4 0.790952 0.052475 0.815155 0.063420 0.785539 0.128910 0.761336 0.117965
4 0.805514 0.057760 0.826867 0.073560 0.784114 0.131337 0.762761 0.115538
4 0.799696 0.073560 0.821048 0.057760 0.863801 0.115538 0.842449 0.131337
4 0.811408 0.063420 0.835611 0.052475 0.865226 0.117965 0.841024 0.128910
4 0.824994 0.055976 0.850960 0.050378 0.866108 0.120638 0.840142 0.126237
4 0.839844 0.051562 0.866406 0.051562 0.866406 0.123438 0.839844 0.123438
4 0.855290 0.050378 0.881256 0.055976 0.866108 0.126237 0.840142 0.120638
4 0.870639 0.052475 0.894842 0.063420 0.865226 0.128910 0.841024 0.117965
4 0.885202 0.057760 0.906554 0.073560 0.863801 0.131337 0.842449 0.115538
4 0.879383 0.073560 0.900736 0.057760 0.943489 0.115538 0.922136 0.131337
4 0.891095 0.063420 0.915298 0.052475 0.944914 0.117965 0.920711 0.128910
4 0.904681 0.055976 0.930647 0.050378 0.945795 0.120638 0.919830 0.126237
4 0.919531 0.051562 0.946094 0.051562 0.946094 0.123438 0.919531 0.123438
4 0.934978 0.050378 0.960944 0.055976 0.945795 0.126237 0.919830 0.120638
4 0.950327 0.052475 0.974530 0.063420 0.944914 0.128910 0.920711 0.117965
4 0.964889 0.057760 0.986242 0.073560 0.943489 0.131337 0.922136 0.115538
4 0.003906 0.115625 0.030469 0.115625 0.030469 0.187500 0.003906 0.187500
4 0.019353 0.114440 0.045319 0.120039 0.030170 0.190299 0.004205 0.184701
4 0.034702 0.116538 0.058905 0.127483 0.029289 0.192972 0.005086 0.182028
4 0.049264 0.121823 0.070617 0.137623 0.027864 0.195400 0.006511 0.179600
4 0.043446 0.137623 0.064798 0.121823 0.107551 0.179600 0.086199 0.195400
4 0.055158 0.127483 0.079361 0.116538 0.108976 0.182028 0.084774 0.192972
4 0.068744 0.120039 0.094710 0.114440 0.109858 0.184701 0.083892 0.190299
4 0.083594 0.115625 0.110156 0.115625 0.110156 0.187500 0.083594 0.187500
4 0.099040 0.114440 0.125006 0.120039 0.109858 0.190299 0.083892 0.184701
4 0.114389 0.116538 0.138592 0.127483 0.108976 0.192972 0.084774 0.182028
4 0.128952 0.121823 0.150304 0.137623 0.107551 0.195400 0.086199 0.179600
4 0.123133 0.137623 0.144486 0.121823 0.187239 0.179600 0.165886 0.195400
4 0.134845 0.127483 0.159048 0.116538 0.188664 0.182028 0.164461 0.192972
4 0.148431 0.120039 0.174397 0.114440 0.189545 0.184701 0.163580 0.190299
4 0.163281 0.115625 0.189844 0.115625 0.189844 0.187500 0.163281 0.187500
4 0.178728 0.114440 0.204694 0.120039 0.189545 0.190299 0.163580 0.184701
4 0.194077 0.116538 0.218280 0.127483 0.188664 0.192972 0.164461 0.182028
4 0.208639 0.121823 0.229992 0.137623 0.187239 0.195400 0.165886 0.179600
4 0.202821 0.137623 0.224173 0.121823 0.266926 0.179600 0.245574 0.195400
4 0.214533 0.127483 0.238736 0.116538 0.268351 0.182028 0.244149 0.192972
4 0.228119 0.120039 0.254085 0.114440 0.269233 0.184701 0.243267 0.190299
4 0.242969 0.115625 0.269531 0.115625 0.269531 0.187500 0.242969 0.187500
4 0.258415 0.114440 0.284381 0.120039 0.269233 0.190299 0.243267 0.184701
4 0.273764 0.116538 0.297967 0.127483 0.268351 0.192972 0.244149 0.182028
4 0.288327 0.121823 0.309679 0.137623 0.266926 0.195400 0.245574 0.179600
4 0.282508 0.137623 0.303861 0.121823 0.346614 0.179600 0.325261 0.195400
4 0.294220 0.127483 0.318423 0.116538 0.348039 0.182028 0.323836 0.192972
4 0.307806 0.120039 0.333772 0.114440 0.348920 0.184701 0.322955 0.190299
4 0.322656 0.115625 0.349219 0.115625 0.349219 0.187500 0.322656 0.187500
4 0.338103 0.114440 0.364069 0.120039 0.348920 0.190299 0.322955 0.184701
4 0.353452 0.116538 0.377655 0.127483 0.348039 0.192972 0.323836 0.182028
4 0.368014 0.121823 0.389367 0.137623 0.346614 0.195400 0.325261 0.179600
4 0.362196 0.137623 0.383548 0.121823 0.426301 0.179600 0.404949 0.195400
4 0.373908 0.127483 0.398111 0.116538 0.427726 0.182028 0.403524 0.192972
4 0.387494 0.120039 0.413460 0.114440 0.428608 0.184701 0.402642 0.190299
4 0.402344 0.115625 0.428906 0.115625 0.428906 0.187500 0.402344 0.187500
4 0.417790 0.114440 0.443756 0.120039 0.428608 0.190299 0.402642 0.184701
4 0.433139 0.116538 0.457342 0.127483 0.427726 0.192972 0.403524 0.182028
4 0.447702 0.121823 0.469054 0.137623 0.426301 0.195400 0.404949 0.179600
4 0.441883 0.137623 0.463236 0.121823 0.505989 0.179600 0.484636 0.195400
4 0.453595 0.127483 0.477798 0.116538 0.507414 0.182028 0.483211 0.192972
4 0.467181 0.120039 0.493147 0.114440 0.508295 0.184701 0.482330 0.190299
4 0.482031 0.115625 0.508594 0.115625 0.508594 0.187500 0.482031 0.187500
4 0.497478 0.114440 0.523444 0.120039 0.508295 0.190299 0.482330 0.184701
4 0.512827 0.116538 0.537030 0.127483 0.507414 0.192972 0.483211 0.182028
4 0.527389 0.121823 0.548742 0.137623 0.505989 0.195400 0.484636 0.179600
4 0.521571 0.137623 0.542923 0.121823 0.585676 0.179600 0.564324 0.195400
4 0.533283 0.127483 0.557486 0.116538 0.587101 0.182028 0.562899 0.192972
4 0.546869 0.120039 0.572835 0.114440 0.587983 0.184701 0.562017 0.190299
4 0.561719 0.115625 0.588281 0.115625 0.588281 0.187500 0.561719 0.187500
4 0.577165 0.114440 0.603131 0.120039 0.587983 0.190299 0.562017 0.184701
4 0.592514 0.116538 0.616717 0.127483 0.587101 0.192972 0.562899 0.182028
4 0.607077 0.121823 0.628429 0.137623 0.585676 0.195400 0.564324 0.179600
4 0.601258 0.137623 0.622611 0.121823 0.665364 0.179600 0.644011 0.195400
4 0.612970 0.127483 0.637173 0.116538 0.666789 0.182028 0.642586 0.192972
4 0.626556 0.120039 0.652522 0.114440 0.667670 0.184701 0.641705 0.190299
4 0.641406 0.115625 0.667969 0.115625 0.667969 0.187500 0.641406 0.187500
4 0.656853 0.114440 0.682819 0.120039 0.667670 0.190299 0.641705 0.184701
4 0.672202 0.116538 0.696405 0.127483 0.666789 0.192972 0.642586 0.182028
4 0.686764 0.121823 0.708117 0.137623 0.665364 0.195400 0.644011 0.179600
4 0.680946 0.137623 0.702298 0.121823 0.745051 0.179600 0.723699 0.195400
4 0.692658 0.127483 0.716861 0.116538 0.746476 0.182028 0.722274 0.192972
4 0.706244 0.120039 0.732210 0.114440 0.747358 0.184701 0.721392 0.190299
4 0.721094 0.115625 0.747656 0.115625 0.747656 0.187500 0.721094 0.187500
4 0.736540 0.114440 0.762506 0.120039 0.747358 0.190299 0.721392 0.184701
4 0.751889 0.116538 0.776092 0.127483 0.746476 0.192972 0.722274 0.182028
4 0.766452 0.121823 0.787804 0.137623 0.745051 0.195400 0.723699 0.179600
4 0.760633 0.137623 0.781986 0.121823 0.824739 0.179600 0.803386 0.195400
4 0.772345 0.127483 0.796548 0.116538 0.826164 0.182028 0.801961 0.192972
4 0.785931 0.120039 0.811897 0.114440 0.827045 0.184701 0.801080 0.190299
4 0.800781 0.115625 0.827344 0.115625 0.827344 0.187500 0.800781 0.187500
4 0.816228 0.114440 0.842194 0.120039 0.827045 0.190299 0.801080 0.184701
4 0.831577 0.116538 0.855780 0.127483 0.826164 0.192972 0.801961 0.182028
4 0.846139 0.121823 0.867492 0.137623 0.824739 0.195400 0.803386 0.179600
4 0.840321 0.137623 0.861673 0.121823 0.904426 0.179600 0.883074 0.195400
4 0.852033 0.127483 0.876236 0.116538 0.905851 0.182028 0.881649 0.192972
4 0.865619 0.120039 0.891585 0.114440 0.906733 0.184701 0.880767 0.190299
4 0.880469 0.115625 0.907031 0.115625 0.907031 0.187500 0.880469 0.187500
4 0.895915 0.114440 0.921881 0.120039 0.906733 0.190299 0.880767 0.184701
4 0.911264 0.116538 0.935467 0.127483 0.905851 0.192972 0.881649 0.182028
4 0.925827 0.121823 0.947179 0.137623 0.904426 0.195400 0.883074 0.179600
4 0.002821 0.201685 0.024173 0.185885 0.066926 0.243663 0.045574 0.259462
4 0.014533 0.191545 0.038736 0.180600 0.068351 0.246090 0.044149 0.257035
4 0.028119 0.184101 0.054085 0.178503 0.069233 0.248763 0.043267 0.254362
4 0.042969 0.179688 0.069531 0.179688 0.069531 0.251563 0.042969 0.251563
4 0.058415 0.178503 0.084381 0.184101 0.069233 0.254362 0.043267 0.248763
4 0.073764 0.180600 0.097967 0.191545 0.068351 0.257035 0.044149 0.246090
4 0.088327 0.185885 0.109679 0.201685 0.066926 0.259462 0.045574 0.243663
4 0.082508 0.201685 0.103861 0.185885 0.146614 0.243663 0.125261 0.259462
4 0.094220 0.191545 0.118423 0.180600 0.148039 0.246090 0.123836 0.257035
4 0.107806 0.184101 0.133772 0.178503 0.148920 0.248763 0.122955 0.254362
4 0.122656 0.179688 0.149219 0.179688 0.149219 0.251563 0.122656 0.251563
4 0.138103 0.178503 0.164069 0.184101 0.148920 0.254362 0.122955 0.248763
4 0.153452 0.180600 0.177655 0.191545 0.148039 0.257035 0.123836 0.246090
4 0.168014 0.185885 0.189367 0.201685 0.146614 0.259462 0.125261 0.243663
4 0.162196 0.201685 0.183548 0.185885 0.226301 0.243663 0.204949 0.259462
4 0.173908 0.191545 0.198111 0.180600 0.227726 0.246090 0.203524 0.257035
4 0.187494 0.184101 0.213460 0.178503 0.228608 0.248763 0.202642 0.254362
4 0.202344 0.179688 0.228906 0.179688 0.228906 0.251563 0.202344 0.251563
4 0.217790 0.178503 0.243756 0.184101 0.228608 0.254362 0.202642 0.248763
4 0.233139 0.180600 0.257342 0.191545 0.227726 0.257035 0.203524 0.246090
4 0.247702 0.185885 0.269054 0.201685 0.226301 0.259462 0.204949 0.243663
4 0.241883 0.201685 0.263236 0.185885 0.305989 0.243663 0.284636 0.259462
4 0.253595 0.191545 0.277798 0.180600 0.307414 0.246090 0.283211 0.257035
4 0.267181 0.184101 0.293147 0.178503 0.308295 0.248763 0.282330 0.254362
4 0.282031 0.179688 0.308594 0.179688 0.308594 0.251563 0.282031 0.251563
4 0.297478 0.178503 0.323444 0.184101 0.308295 0.254362 0.282330 0.248763
4 0.312827 0.180600 0.337030 0.191545 0.307414 0.257035 0.283211 0.246090
4 0.327389 0.185885 0.348742 0.201685 0.305989 0.259462 0.284636 0.243663
4 0.321571 0.201685 0.342923 0.185885 0.385676 0.243663 0.364324 0.259462
4 0.333283 0.191545 0.357486 0.180600 0.387101 0.246090 0.362899 0.257035
4 0.346869 0.184101 0.372835 0.178503 0.387983 0.248763 0.362017 0.254362
4 0.361719 0.179688 0.388281 0.179688 0.388281 0.251563 0.361719 0.251563
4 0.377165 0.178503 0.403131 0.184101 0.387983 0.254362 0.362017 0.248763
4 0.392514 0.180600 0.416717 0.191545 0.387101 0.257035 0.362899 0.246090
4 0.407077 0.185885 0.428429 0.201685 0.385676 0.259462 0.364324 0.243663
4 0.401258 0.201685 0.422611 0.185885 0.465364 0.243663 0.444011 0.259462
4 0.412970 0.191545 0.437173 0.180600 0.466789 0.246090 0.442586 0.257035
4 0.426556 0.184101 0.452522 0.178503 0.467670 0.248763 0.441705 0.254362
4 0.441406 0.179688 0.467969 0.179688 0.467969 0.251563 0.441406 0.251563
4 0.456853 0.178503 0.482819 0.184101 0.467670 0.254362 0.441705 0.248763
4 0.472202 0.180600 0.496405 0.191545 0.466789 0.257035 0.442586 0.246090
4 0.486764 0.185885 0.508117 0.201685 0.465364 0.259462 0.444011 0.243663
4 0.480946 0.201685 0.502298 0.185885 0.545051 0.243663 0.523699 0.259462
4 0.492658 0.191545 0.516861 0.180600 0.546476 0.246090 0.522274 0.257035
4 0.506244 0.184101 0.532210 0.178503 0.547358 0.248763 0.521392 0.254362
4 0.521094 0.179688 0.547656 0.179688 0.547656 0.251563 0.521094 0.251563
4 0.536540 0.178503 0.562506 0.184101 0.547358 0.254362 0.521392 0.248763
4 0.551889 0.180600 0.576092 0.191545 0.546476 0.257035 0.522274 0.246090
4 0.566452 0.185885 0.587804 0.201685 0.545051 0.259462 0.523699 0.243663
4 0.560633 0.201685 0.581986 0.185885 0.624739 0.243663 0.603386 0.259462
4 0.572345 0.191545 0.596548 0.180600 0.626164 0.246090 0.601961 0.257035
4 0.585931 0.184101 0.611897 0.178503 0.627045 0.248763 0.601080 0.254362
4 0.600781 0.179688 0.627344 0.179688 0.627344 0.251563 0.600781 0.251563
4 0.616228 0.178503 0.642194 0.184101 0.627045 0.254362 0.601080 0.248763
4 0.631577 0.180600 0.655780 0.191545 0.626164 0.257035 0.601961 0.246090
4 0.646139 0.185885 0.667492 0.201685 0.624739 0.259462 0.603386 0.243663
4 0.640321 0.201685 0.661673 0.185885 0.704426 0.243663 0.683074 0.259462
4 0.652033 0.191545 0.676236 0.180600 0.705851 0.246090 0.681649 0.257035
4 0.665619 0.184101 0.691585 0.178503 0.706733 0.248763 0.680767 0.254362
4 0.680469 0.179688 0.707031 0.179688 0.707031 0.251563 0.680469 0.251563
4 0.695915 0.178503 0.721881 0.184101 0.706733 0.254362 0.680767 0.248763
4 0.711264 0.180600 0.735467 0.191545 0.705851 0.257035 0.681649 0.246090
4 0.725827 0.185885 0.747179 0.201685 0.704426 0.259462 0.683074 0.243663
4 0.720008 0.201685 0.741361 0.185885 0.784114 0.243663 0.762761 0.259462
4 0.731720 0.191545 0.755923 0.180600 0.785539 0.246090 0.761336 0.257035
4 0.745306 0.184101 0.771272 0.178503 0.786420 0.248763 0.760455 0.254362
4 0.760156 0.179688 0.786719 0.179688 0.786719 0.251563 0.760156 0.251563
4 0.775603 0.178503 0.801569 0.184101 0.786420 0.254362 0.760455 0.248763
4 0.790952 0.180600 0.815155 0.191545 0.785539 0.257035 0.761336 0.246090
4 0.805514 0.185885 0.826867 0.201685 0.784114 0.259462 0.762761 0.243663
4 0.799696 0.201685 0.821048 0.185885 0.863801 0.243663 0.842449 0.259462
4 0.811408 0.191545 0.835611 0.180600 0.865226 0.246090 0.841024 0.257035
4 0.824994 0.184101 0.850960 0.178503 0.866108 0.248763 0.840142 0.254362
4 0.839844 0.179688 0.866406 0.179688 0.866406 0.251563 0.839844 0.251563
4 0.855290 0.178503 0.881256 0.184101 0.866108 0.254362 0.840142 0.248763
4 0.870639 0.180600 0.894842 0.191545 0.865226 0.257035 0.841024 0.246090
4 0.885202 0.185885 0.906554 0.201685 0.863801 0.259462 0.842449 0.243663
4 0.879383 0.201685 0.900736 0.185885 0.943489 0.243663 0.922136 0.259462
4 0.891095 0.191545 0.915298 0.180600 0.944914 0.246090 0.920711 0.257035
4 0.904681 0.184101 0.930647 0.178503 0.945795 0.248763 0.919830 0.254362
4 0.919531 0.179688 0.946094 0.179688 0.946094 0.251563 0.919531 0.251563
4 0.934978 0.178503 0.960944 0.184101 0.945795 0.254362 0.919830 0.248763
4 0.950327 0.180600 0.974530 0.191545 0.944914 0.257035 0.920711 0.246090
4 0.964889 0.185885 0.986242 0.201685 0.943489 0.259462 0.922136 0.243663
4 0.003906 0.243750 0.030469 0.243750 0.030469 0.315625 0.003906 0.315625
4 0.019353 0.242565 0.045319 0.248164 0.030170 0.318424 0.004205 0.312826
4 0.034702 0.244663 0.058905 0.255608 0.029289 0.321097 0.005086 0.310153
4 0.049264 0.249948 0.070617 0.265748 0.027864 0.323525 0.006511 0.307725
4 0.043446 0.265748 0.064798 0.249948 0.107551 0.307725 0.086199 0.323525
4 0.055158 0.255608 0.079361 0.244663 0.108976 0.310153 0.084774 0.321097
4 0.068744 0.248164 0.094710 0.242565 0.109858 0.312826 0.083892 0.318424
4 0.083594 0.243750 0.110156 0.243750 0.110156 0.315625 0.083594 0.315625
4 0.099040 0.242565 0.125006 0.248164 0.109858 0.318424 0.083892 0.312826
4 0.114389 0.244663 0.138592 0.255608 0.108976 0.321097 0.084774 0.310153
4 0.128952 0.249948 0.150304 0.265748 0.107551 0.323525 0.086199 0.307725
4 0.123133 0.265748 0.144486 0.249948 0.187239 0.307725 0.165886 0.323525
4 0.134845 0.255608 0.159048 0.244663 0.188664 0.310153 0.164461 0.321097
4 0.148431 0.248164 0.174397 0.242565 0.189545 0.312826 0.163580 0.318424
4 0.163281 0.243750 0.189844 0.243750 0.189844 0.315625 0.163281 0.315625
4 0.178728 0.242565 0.204694 0.248164 0.189545 0.318424 0.163580 0.312826
4 0.194077 0.244663 0.218280 0.255608 0.188664 0.321097 0.164461 0.310153
4 0.208639 0.249948 0.229992 0.265748 0.187239 0.323525 0.165886 0.307725
4 0.202821 0.265748 0.224173 0.249948 0.266926 0.307725 0.245574 0.323525
4 0.214533 0.255608 0.238736 0.244663 0.268351 0.310153 0.244149 0.321097
4 0.228119 0.248164 0.254085 0.242565 0.269233 0.312826 0.243267 0.318424
4 0.242969 0.243750 0.269531 0.243750 0.269531 0.315625 0.242969 0.315625
4 0.258415 0.242565 0.284381 0.248164 0.269233 0.318424 0.243267 0.312826
4 0.273764 0.244663 0.297967 0.255608 0.268351 0.321097 0.244149 0.310153
4 0.288327 0.249948 0.309679 0.265748 0.266926 0.323525 0.245574 0.307725
4 0.282508 0.265748 0.303861 0.249948 0.346614 0.307725 0.325261 0.323525
4 0.294220 0.255608 0.318423 0.244663 0.348039 0.310153 0.323836 0.321097
4 0.307806 0.248164 0.333772 0.242565 0.348920 0.312826 0.322955 0.318424
4 0.322656 0.243750 0.349219 0.243750 0.349219 0.315625 0.322656 0.315625
4 0.338103 0.242565 0.364069 0.248164 0.348920 0.318424 0.322955 0.312826
4 0.353452 0.244663 0.377655 0.255608 0.348039 0.321097 0.323836 0.310153
4 0.368014 0.249948 0.389367 0.265748 0.346614 0.323525 0.325261 0.307725
4 0.362196 0.265748 0.383548 0.249948 0.426301 0.307725 0.404949 0.323525
4 0.373908 0.255608 0.398111 0.244663 0.427726 0.310153 0.403524 0.321097
4 0.387494 0.248164 0.413460 0.242565 0.428608 0.312826 0.402642 0.318424
4 0.402344 0.243750 0.428906 0.243750 0.428906 0.315625 0.402344 0.315625
4 0.417790 0.242565 0.443756 0.248164 0.428608 0.318424 0.402642 0.312826
4 0.433139 0.244663 0.457342 0.255608 0.427726 0.321097 0.403524 0.310153
4 0.447702 0.249948 0.469054 0.265748 0.426301 0.323525 0.404949 0.307725
4 0.441883 0.265748 0.463236 0.249948 0.505989 0.307725 0.484636 0.323525
4 0.453595 0.255608 0.477798 0.244663 0.507414 0.310153 0.483211 0.321097
4 0.467181 0.248164 0.493147 0.242565 0.508295 0.312826 0.482330 0.318424
4 0.482031 0.243750 0.508594 0.243750 0.508594 0.315625 0.482031 0.315625
4 0.497478 0.242565 0.523444 0.248164 0.508295 0.318424 0.482330 0.312826
4 0.512827 0.244663 0.537030 0.255608 0.507414 0.321097 0.483211 0.310153
4 0.527389 0.249948 0.548742 0.265748 0.505989 0.323525 0.484636 0.307725
4 0.521571 0.265748 0.542923 0.249948 0.585676 0.307725 0.564324 0.323525
4 0.533283 0.255608 0.557486 0.244663 0.587101 0.310153 0.562899 0.321097
4 0.546869 0.248164 0.572835 0.242565 0.587983 0.312826 0.562017 0.318424
4 0.561719 0.243750 0.588281 0.243750 0.588281 0.315625 0.561719 0.315625
4 0.577165 0.242565 0.603131 0.248164 0.587983 0.318424 0.562017 0.312826
4 0.592514 0.244663 0.616717 0.255608 0.587101 0.321097 0.562899 0.310153
4 0.607077 0.249948 0.628429 0.265748 0.585676 0.323525 0.564324 0.307725
4 0.601258 0.265748 0.622611 0.249948 0.665364 0.307725 0.644011 0.323525
4 0.612970 0.255608 0.637173 0.244663 0.666789 0.310153 0.642586 0.321097
4 0.626556 0.248164 0.652522 0.242565 0.667670 0.312826 0.641705 0.318424
4 0.641406 0.243750 0.667969 0.243750 0.667969 0.315625 0.641406 0.315625
4 0.656853 0.242565 0.682819 0.248164 0.667670 0.318424 0.641705 0.312826
4 0.672202 0.244663 0.696405 0.255608 0.666789 0.321097 0.642586 0.310153
4 0.686764 0.249948 0.708117 0.265748 0.665364 0.323525 0.644011 0.307725
4 0.680946 0.265748 0.702298 0.249948 0.745051 0.307725 0.723699 0.323525
4 0.692658 0.255608 0.716861 0.244663 0.746476 0.310153 0.722274 0.321097
4 0.706244 0.248164 0.732210 0.242565 0.747358 0.312826 0.721392 0.318424
4 0.721094 0.243750 0.747656 0.243750 0.747656 0.315625 0.721094 0.315625
4 0.736540 0.242565 0.762506 0.248164 0.747358 0.318424 0.721392 0.312826
4 0.751889 0.244663 0.776092 0.255608 0.746476 0.321097 0.722274 0.310153
4 0.766452 0.249948 0.787804 0.265748 0.745051 0.323525 0.723699 0.307725
4 0.760633 0.265748 0.781986 0.249948 0.824739 0.307725 0.803386 0.323525
4 0.772345 0.255608 0.796548 0.244663 0.826164 0.310153 0.801961 0.321097
4 0.785931 0.248164 0.811897 0.242565 0.827045 0.312826 0.801080 0.318424
4 0.800781 0.243750 0.827344 0.243750 0.827344 0.315625 0.800781 0.315625
4 0.816228 0.242565 0.842194 0.248164 0.827045 0.318424 0.801080 0.312826
4 0.831577 0.244663 0.855780 0.255608 0.826164 0.321097 0.801961 0.310153
4 0.846139 0.249948 0.867492 0.265748 0.824739 0.323525 0.803386 0.307725
4 0.840321 0.265748 0.861673 0.249948 0.904426 0.307725 0.883074 0.323525
4 0.852033 0.255608 0.876236 0.244663 0.905851 0.310153 0.881649 0.321097
4 0.865619 0.248164 0.891585 0.242565 0.906733 0.312826 0.880767 0.318424
4 0.880469 0.243750 0.907031 0.243750 0.907031 0.315625 0.880469 0.315625
4 0.895915 0.242565 0.921881 0.248164 0.906733 0.318424 0.880767 0.312826
4 0.911264 0.244663 0.935467 0.255608 0.905851 0.321097 0.881649 0.310153
4 0.925827 0.249948 0.947179 0.265748 0.904426 0.323525 0.883074 0.307725
4 0.002821 0.329810 0.024173 0.314010 0.066926 0.371788 0.045574 0.387587
4 0.014533 0.319670 0.038736 0.308725 0.068351 0.374215 0.044149 0.385160
4 0.028119 0.312226 0.054085 0.306628 0.069233 0.376888 0.043267 0.382487
4 0.042969 0.307812 0.069531 0.307812 0.069531 0.379688 0.042969 0.379688
4 0.058415 0.306628 0.084381 0.312226 0.069233 0.382487 0.043267 0.376888
4 0.073764 0.308725 0.097967 0.319670 0.068351 0.385160 0.044149 0.374215
4 0.088327 0.314010 0.109679 0.329810 0.066926 0.387587 0.045574 0.371788
4 0.082508 0.329810 0.103861 0.314010 0.146614 0.371788 0.125261 0.387587
4 0.094220 0.319670 0.118423 0.308725 0.148039 0.374215 0.123836 0.385160
4 0.107806 0.312226 0.133772 0.306628 0.148920 0.376888 0.122955 0.382487
4 0.122656 0.307812 0.149219 0.307812 0.149219 0.379688 0.122656 0.379688
4 0.138103 0.306628 0.164069 0.312226 0.148920 0.382487 0.122955 0.376888
4 0.153452 0.308725 0.177655 0.319670 0.148039 0.385160 0.123836 0.374215
4 0.168014 0.314010 0.189367 0.329810 0.146614 0.387587 0.125261 0.371788
4 0.162196 0.329810 0.183548 0.314010 0.226301 0.371788 0.204949 0.387587
4 0.173908 0.319670 0.198111 0.308725 0.227726 0.374215 0.203524 0.385160
4 0.187494 0.312226 0.213460 0.306628 0.228608 0.376888 0.202642 0.382487
4 0.202344 0.307812 0.228906 0.307812 0.228906 0.379688 0.202344 0.379688
4 0.217790 0.306628 0.243756 0.312226 0.228608 0.382487 0.202642 0.376888
4 0.233139 0.308725 0.257342 0.319670 0.227726 0.385160 0.203524 0.374215
4 0.247702 0.314010 0.269054 0.329810 0.226301 0.387587 0.204949 0.371788
4 0.241883 0.329810 0.263236 0.314010 0.305989 0.371788 0.284636 0.387587
4 0.253595 0.319670 0.277798 0.308725 0.307414 0.374215 0.283211 0.385160
4 0.267181 0.312226 0.293147 0.306628 0.308295 0.376888 0.282330 0.382487
4 0.282031 0.307812 0.308594 0.307812 0.308594 0.379688 0.282031 0.379688
4 0.297478 0.306628 0.323444 0.312226 0.308295 0.382487 0.282330 0.376888
4 0.312827 0.308725 0.337030 0.319670 0.307414 0.385160 0.283211 0.374215
4 0.327389 0.314010 0.348742 0.329810 0.305989 0.387587 0.284636 0.371788
4 0.321571 0.329810 0.342923 0.314010 0.385676 0.371788 0.364324 0.387587
4 0.333283 0.319670 0.357486 0.308725 0.387101 0.374215 0.362899 0.385160
4 0.346869 0.312226 0.372835 0.306628 0.387983 0.376888 0.362017 0.382487
4 0.361719 0.307812 0.388281 0.307812 0.388281 0.379688 0.361719 0.379688
4 0.377165 0.306628 0.403131 0.312226 0.387983 0.382487 0.362017 0.376888
4 0.392514 0.308725 0.416717 0.319670 0.387101 0.385160 0.362899 0.374215
4 0.407077 0.314010 0.428429 0.329810 0.385676 0.387587 0.364324 0.371788
4 0.401258 0.329810 0.422611 0.314010 0.465364 0.371788 0.444011 0.387587
4 0.412970 0.319670 0.437173 0.308725 0.466789 0.374215 0.442586 0.385160
4 0.426556 0.312226 0.452522 0.306628 0.467670 0.376888 0.441705 0.382487
4 0.441406 0.307812 0.467969 0.307812 0.467969 0.379688 0.441406 0.379688
4 0.456853 0.306628 0.482819 0.312226 0.467670 0.382487 0.441705 0.376888
4 0.472202 0.308725 0.496405 0.319670 0.466789 0.385160 0.442586 0.374215
4 0.486764 0.314010 0.508117 0.329810 0.465364 0.387587 0.444011 0.371788
4 0.480946 0.329810 0.502298 0.314010 0.545051 0.371788 0.523699 0.387587
4 0.492658 0.319670 0.516861 0.308725 0.546476 0.374215 0.522274 0.385160
4 0.506244 0.312226 0.532210 0.306628 0.547358 0.376888 0.521392 0.382487
4 0.521094 0.307812 0.547656 0.307812 0.547656 0.379688 0.521094 0.379688
4 0.536540 0.306628 0.562506 0.312226 0.547358 0.382487 0.521392 0.376888
4 0.551889 0.308725 0.576092 0.319670 0.546476 0.385160 0.522274 0.374215
4 0.566452 0.314010 0.587804 0.329810 0.545051 0.387587 0.523699 0.371788
4 0.560633 0.329810 0.581986 0.314010 0.624739 0.371788 0.603386 0.387587
4 0.572345 0.319670 0.596548 0.308725 0.626164 0.374215 0.601961 0.385160
4 0.585931 0.312226 0.611897 0.306628 0.627045 0.376888 0.601080 0.382487
4 0.600781 0.307812 0.627344 0.307812 0.627344 0.379688 0.600781 0.379688
4 0.616228 0.306628 0.642194 0.312226 0.627045 0.382487 0.601080 0.376888
4 0.631577 0.308725 0.655780 0.319670 0.626164 0.385160 0.601961 0.374215
4 0.646139 0.314010 0.667492 0.329810 0.624739 0.387587 0.603386 0.371788
4 0.640321 0.329810 0.661673 0.314010 0.704426 0.371788 0.683074 0.387587
4 0.652033 0.319670 0.676236 0.308725 0.705851 0.374215 0.681649 0.385160
4 0.665619 0.312226 0.691585 0.306628 0.706733 0.376888 0.680767 0.382487
4 0.680469 0.307812 0.707031 0.307812 0.707031 0.379688 0.680469 0.379688
4 0.695915 0.306628 0.721881 0.312226 0.706733 0.382487 0.680767 0.376888
4 0.711264 0.308725 0.735467 0.319670 0.705851 0.385160 0.681649 0.374215
4 0.725827 0.314010 0.747179 0.329810 0.704426 0.387587 0.683074 0.371788
4 0.720008 0.329810 0.741361 0.314010 0.784114 0.371788 0.762761 0.387587
4 0.731720 0.319670 0.755923 0.308725 0.785539 0.374215 0.761336 0.385160
4 0.745306 0.312226 0.771272 0.306628 0.786420 0.376888 0.760455 0.382487
4 0.760156 0.307812 0.786719 0.307812 0.786719 0.379688 0.760156 0.379688
4 0.775603 0.306628 0.801569 0.312226 0.786420 0.382487 0.760455 0.376888
4 0.790952 0.308725 0.815155 0.319670 0.785539 0.385160 0.761336 0.374215
4 0.805514 0.314010 0.826867 0.329810 0.784114 0.387587 0.762761 0.371788
4 0.799696 0.329810 0.821048 0.314010 0.863801 0.371788 0.842449 0.387587
4 0.811408 0.319670 0.835611 0.308725 0.865226 0.374215 0.841024 0.385160
4 0.824994 0.312226 0.850960 0.306628 0.866108 0.376888 0.840142 0.382487
4 0.839844 0.307812 0.866406 0.307812 0.866406 0.379688 0.839844 0.379688
4 0.855290 0.306628 0.881256 0.312226 0.866108 0.382487 0.840142 0.376888
4 0.870639 0.308725 0.894842 0.319670 0.865226 0.385160 0.841024 0.374215
4 0.885202 0.314010 0.906554 0.329810 0.863801 0.387587 0.842449 0.371788
4 0.879383 0.329810 0.900736 0.314010 0.943489 0.371788 0.922136 0.387587
4 0.891095 0.319670 0.915298 0.308725 0.944914 0.374215 0.920711 0.385160
4 0.904681 0.312226 0.930647 0.306628 0.945795 0.376888 0.919830 0.382487
4 0.919531 0.307812 0.946094 0.307812 0.946094 0.379688 0.919531 0.379688
4 0.934978 0.306628 0.960944 0.312226 0.945795 0.382487 0.919830 0.376888
4 0.950327 0.308725 0.974530 0.319670 0.944914 0.385160 0.920711 0.374215
4 0.964889 0.314010 0.986242 0.329810 0.943489 0.387587 0.922136 0.371788
4 0.003906 0.371875 0.030469 0.371875 0.030469 0.443750 0.003906 0.443750
4 0.019353 0.370690 0.045319 0.376289 0.030170 0.446549 0.004205 0.440951
4 0.034702 0.372788 0.058905 0.383733 0.029289 0.449222 0.005086 0.438278
4 0.049264 0.378073 0.070617 0.393873 0.027864 0.451650 0.006511 0.435850
4 0.043446 0.393873 0.064798 0.378073 0.107551 0.435850 0.086199 0.451650
4 0.055158 0.383733 0.079361 0.372788 0.108976 0.438278 0.084774 0.449222
4 0.068744 0.376289 0.094710 0.370690 0.109858 0.440951 0.083892 0.446549
4 0.083594 0.371875 0.110156 0.371875 0.110156 0.443750 0.083594 0.443750
4 0.099040 0.370690 0.125006 0.376289 0.109858 0.446549 0.083892 0.440951
4 0.114389 0.372788 0.138592 0.383733 0.108976 0.449222 0.084774 0.438278
4 0.128952 0.378073 0.150304 0.393873 0.107551 0.451650 0.086199 0.435850
4 0.123133 0.393873 0.144486 0.378073 0.187239 0.435850 0.165886 0.451650
4 0.134845 0.383733 0.159048 0.372788 0.188664 0.438278 0.164461 0.449222
4 0.148431 0.376289 0.174397 0.370690 0.189545 0.440951 0.163580 0.446549
4 0.163281 0.371875 0.189844 0.371875 0.189844 0.443750 0.163281 0.443750
4 0.178728 0.370690 0.204694 0.376289 0.189545 0.446549 0.163580 0.440951
4 0.194077 0.372788 0.218280 0.383733 0.188664 0.449222 0.164461 0.438278
4 0.208639 0.378073 0.229992 0.393873 0.187239 0.451650 0.165886 0.435850
4 0.202821 0.393873 0.224173 0.378073 0.266926 0.435850 0.245574 0.451650
4 0.214533 0.383733 0.238736 0.372788 0.268351 0.438278 0.244149 0.449222
4 0.228119 0.376289 0.254085 0.370690 0.269233 0.440951 0.243267 0.446549
4 0.242969 0.371875 0.269531 0.371875 0.269531 0.443750 0.242969 0.443750
4 0.258415 0.370690 0.284381 0.376289 0.269233 0.446549 0.243267 0.440951
4 0.273764 0.372788 0.297967 0.383733 0.268351 0.449222 0.244149 0.438278
4 0.288327 0.378073 0.309679 0.393873 0.266926 0.451650 0.245574 0.435850
4 0.282508 0.393873 0.303861 0.378073 0.346614 0.435850 0.325261 0.451650
4 0.294220 0.383733 0.318423 0.372788 0.348039 0.438278 0.323836 0.449222
4 0.307806 0.376289 0.333772 0.370690 0.348920 0.440951 0.322955 0.446549
4 0.322656 0.371875 0.349219 0.371875 0.349219 0.443750 0.322656 0.443750
4 0.338103 0.370690 0.364069 0.376289 0.348920 0.446549 0.322955 0.440951
4 0.353452 0.372788 0.377655 0.383733 0.348039 0.449222 0.323836 0.438278
4 0.368014 0.378073 0.389367 0.393873 0.346614 0.451650 0.325261 0.435850
4 0.362196 0.393873 0.383548 0.378073 0.426301 0.435850 0.404949 0.451650
4 0.373908 0.383733 0.398111 0.372788 0.427726 0.438278 0.403524 0.449222
4 0.387494 0.376289 0.413460 0.370690 0.428608 0.440951 0.402642 0.446549
4 0.402344 0.371875 0.428906 0.371875 0.428906 0.443750 0.402344 0.443750
4 0.417790 0.370690 0.443756 0.376289 0.428608 0.446549 0.402642 0.440951
4 0.433139 0.372788 0.457342 0.383733 0.427726 0.449222 0.403524 0.438278
4 0.447702 0.378073 0.469054 0.393873 0.426301 0.451650 0.404949 0.435850
4 0.441883 0.393873 0.463236 0.378073 0.505989 0.435850 0.484636 0.451650
4 0.453595 0.383733 0.477798 0.372788 0.507414 0.438278 0.483211 0.449222
4 0.467181 0.376289 0.493147 0.370690 0.508295 0.440951 0.482330 0.446549
4 0.482031 0.371875 0.508594 0.371875 0.508594 0.443750 0.482031 0.443750
4 0.497478 0.370690 0.523444 0.376289 0.508295 0.446549 0.482330 0.440951
4 0.512827 0.372788 0.537030 0.383733 0.507414 0.449222 0.483211 0.438278
4 0.527389 0.378073 0.548742 0.393873 0.505989 0.451650 0.484636 0.435850
4 0.521571 0.393873 0.542923 0.378073 0.585676 0.435850 0.564324 0.451650
4 0.533283 0.383733 0.557486 0.372788 0.587101 0.438278 0.562899 0.449222
4 0.546869 0.376289 0.572835 0.370690 0.587983 0.440951 0.562017 0.446549
4 0.561719 0.371875 0.588281 0.371875 0.588281 0.443750 0.561719 0.443750
4 0.577165 0.370690 0.603131 0.376289 0.587983 0.446549 0.562017 0.440951
4 0.592514 0.372788 0.616717 0.383733 0.587101 0.449222 0.562899 0.438278
4 0.607077 0.378073 0.628429 0.393873 0.585676 0.451650 0.564324 0.435850
4 0.601258 0.393873 0.622611 0.378073 0.665364 0.435850 0.644011 0.451650
4 0.612970 0.383733 0.637173 0.372788 0.666789 0.438278 0.642586 0.449222
4 0.626556 0.376289 0.652522 0.370690 0.667670 0.440951 0.641705 0.446549
4 0.641406 0.371875 0.667969 0.371875 0.667969 0.443750 0.641406 0.443750
4 0.656853 0.370690 0.682819 0.376289 0.667670 0.446549 0.641705 0.440951
4 0.672202 0.372788 0.696405 0.383733 0.666789 0.449222 0.642586 0.438278
4 0.686764 0.378073 0.708117 0.393873 0.665364 0.451650 0.644011 0.435850
4 0.680946 0.393873 0.702298 0.378073 0.745051 0.435850 0.723699 0.451650
4 0.692658 0.383733 0.716861 0.372788 0.746476 0.438278 0.722274 0.449222
4 0.706244 0.376289 0.732210 0.370690 0.747358 0.440951 0.721392 0.446549
4 0.721094 0.371875 0.747656 0.371875 0.747656 0.443750 0.721094 0.443750
4 0.736540 0.370690 0.762506 0.376289 0.747358 0.446549 0.721392 0.440951
4 0.751889 0.372788 0.776092 0.383733 0.746476 0.449222 0.722274 0.438278
4 0.766452 0.378073 0.787804 0.393873 0.745051 0.451650 0.723699 0.435850
4 0.760633 0.393873 0.781986 0.378073 0.824739 0.435850 0.803386 0.451650
4 0.772345 0.383733 0.796548 0.372788 0.826164 0.438278 0.801961 0.449222
4 0.785931 0.376289 0.811897 0.370690 0.827045 0.440951 0.801080 0.446549
4 0.800781 0.371875 0.827344 0.371875 0.827344 0.443750 0.800781 0.443750
4 0.816228 0.370690 0.842194 0.376289 0.827045 0.446549 0.801080 0.440951
4 0.831577 0.372788 0.855780 0.383733 0.826164 0.449222 0.801961 0.438278
4 0.846139 0.378073 0.867492 0.393873 0.824739 0.451650 0.803386 0.435850
4 0.840321 0.393873 0.861673 0.378073 0.904426 0.435850 0.883074 0.451650
4 0.852033 0.383733 0.876236 0.372788 0.905851 0.438278 0.881649 0.449222
4 0.865619 0.376289 0.891585 0.370690 0.906733 0.440951 0.880767 0.446549
4 0.880469 0.371875 0.907031 0.371875 0.907031 0.443750 0.880469 0.443750
4 0.895915 0.370690 0.921881 0.376289 0.906733 0.446549 0.880767 0.440951
4 0.911264 0.372788 0.935467 0.383733 0.905851 0.449222 0.881649 0.438278
4 0.925827 0.378073 0.947179 0.393873 0.904426 0.451650 0.883074 0.435850
4 0.002821 0.457935 0.024173 0.442135 0.066926 0.499913 0.045574 0.515712
4 0.014533 0.447795 0.038736 0.436850 0.068351 0.502340 0.044149 0.513285
4 0.028119 0.440351 0.054085 0.434753 0.069233 0.505013 0.043267 0.510612
4 0.042969 0.435937 0.069531 0.435937 0.069531 0.507812 0.042969 0.507812
4 0.058415 0.434753 0.084381 0.440351 0.069233 0.510612 0.043267 0.505013
4 0.073764 0.436850 0.097967 0.447795 0.068351 0.513285 0.044149 0.502340
4 0.088327 0.442135 0.109679 0.457935 0.066926 0.515712 0.045574 0.499913
4 0.082508 0.457935 0.103861 0.442135 0.146614 0.499913 0.125261 0.515712
4 0.094220 0.447795 0.118423 0.436850 0.148039 0.502340 0.123836 0.513285
4 0.107806 0.440351 0.133772 0.434753 0.148920 0.505013 0.122955 0.510612
4 0.122656 0.435937 0.149219 0.435937 0.149219 0.507812 0.122656 0.507812
4 0.138103 0.434753 0.164069 0.440351 0.148920 0.510612 0.122955 0.505013
4 0.153452 0.436850 0.177655 0.447795 0.148039 0.513285 0.123836 0.502340
4 0.168014 0.442135 0.189367 0.457935 0.146614 0.515712 0.125261 0.499913
4 0.162196 0.457935 0.183548 0.442135 0.226301 0.499913 0.204949 0.515712
4 0.173908 0.447795 0.198111 0.436850 0.227726 0.502340 0.203524 0.513285
4 0.187494 0.440351 0.213460 0.434753 0.228608 0.505013 0.202642 0.510612
4 0.202344 0.435937 0.228906 0.435937 0.228906 0.507812 0.202344 0.507812
4 0.217790 0.434753 0.243756 0.440351 0.228608 0.510612 0.202642 0.505013
4 0.233139 0.436850 0.257342 0.447795 0.227726 0.513285 0.203524 0.502340
4 0.247702 0.442135 0.269054 0.457935 0.226301 0.515712 0.204949 0.499913
4 0.241883 0.457935 0.263236 0.442135 0.305989 0.499913 0.284636 0.515712
4 0.253595 0.447795 0.277798 0.436850 0.307414 0.502340 0.283211 0.513285
4 0.267181 0.440351 0.293147 0.434753 0.308295 0.505013 0.282330 0.510612
4 0.282031 0.435937 0.308594 0.435937 0.308594 0.507812 0.282031 0.507812
4 0.297478 0.434753 0.323444 0.440351 0.308295 0.510612 0.282330 0.505013
4 0.312827 0.436850 0.337030 0.447795 0.307414 0.513285 0.283211 0.502340
4 0.327389 0.442135 0.348742 0.457935 0.305989 0.515712 0.284636 0.499913
4 0.321571 0.457935 0.342923 0.442135 0.385676 0.499913 0.364324 0.515712
4 0.333283 0.447795 0.357486 0.436850 0.387101 0.502340 0.362899 0.513285
4 0.346869 0.440351 0.372835 0.434753 0.387983 0.505013 0.362017 0.510612
4 0.361719 0.435937 0.388281 0.435937 0.388281 0.507812 0.361719 0.507812
4 0.377165 0.434753 0.403131 0.440351 0.387983 0.510612 0.362017 0.505013
4 0.392514 0.436850 0.416717 0.447795 0.387101 0.513285 0.362899 0.502340
4 0.407077 0.442135 0.428429 0.457935 0.385676 0.515712 0.364324 0.499913
4 0.401258 0.457935 0.422611 0.442135 0.465364 0.499913 0.444011 0.515712
4 0.412970 0.447795 0.437173 0.436850 0.466789 0.502340 0.442586 0.513285
4 0.426556 0.440351 0.452522 0.434753 0.467670 0.505013 0.441705 0.510612
4 0.441406 0.435937 0.467969 0.435937 0.467969 0.507812 0.441406 0.507812
4 0.456853 0.434753 0.482819 0.440351 0.467670 0.510612 0.441705 0.505013
4 0.472202 0.436850 0.496405 0.447795 0.466789 0.513285 0.442586 0.502340
4 0.486764 0.442135 0.508117 0.457935 0.465364 0.515712 0.444011 0.499913
4 0.480946 0.457935 0.502298 0.442135 0.545051 0.499913 0.523699 0.515712
4 0.492658 0.447795 0.516861 0.436850 0.546476 0.502340 0.522274 0.513285
4 0.506244 0.440351 0.532210 0.434753 0.547358 0.505013 0.521392 0.510612
4 0.521094 0.435937 0.547656 0.435937 0.547656 0.507812 0.521094 0.507812
4 0.536540 0.434753 0.562506 0.440351 0.547358 0.510612 0.521392 0.505013
4 0.551889 0.436850 0.576092 0.447795 0.546476 0.513285 0.522274 0.502340
4 0.566452 0.442135 0.587804 0.457935 0.545051 0.515712 0.523699 0.499913
4 0.560633 0.457935 0.581986 0.442135 0.624739 0.499913 0.603386 0.515712
4 0.572345 0.447795 0.596548 0.436850 0.626164 0.502340 0.601961 0.513285
4 0.585931 0.440351 0.611897 0.434753 0.627045 0.505013 0.601080 0.510612
4 0.600781 0.435937 0.627344 0.435937 0.627344 0.507812 0.600781 0.507812
4 0.616228 0.434753 0.642194 0.440351 0.627045 0.510612 0.601080 0.505013
4 0.631577 0.436850 0.655780 0.447795 0.626164 0.513285 0.601961 0.502340
4 0.646139 0.442135 0.667492 0.457935 0.624739 0.515712 0.603386 0.499913
4 0.640321 0.457935 0.661673 0.442135 0.704426 0.499913 0.683074 0.515712
4 0.652033 0.447795 0.676236 0.436850 0.705851 0.502340 0.681649 0.513285
4 0.665619 0.440351 0.691585 0.434753 0.706733 0.505013 0.680767 0.510612
4 0.680469 0.435937 0.707031 0.435937 0.707031 0.507812 0.680469 0.507812
4 0.695915 0.434753 0.721881 0.440351 0.706733 0.510612 0.680767 0.505013
4 0.711264 0.436850 0.735467 0.447795 0.705851 0.513285 0.681649 0.502340
4 0.725827 0.442135 0.747179 0.457935 0.704426 0.515712 0.683074 0.499913
4 0.720008 0.457935 0.741361 0.442135 0.784114 0.499913 0.762761 0.515712
4 0.731720 0.447795 0.755923 0.436850 0.785539 0.502340 0.761336 0.513285
4 0.745306 0.440351 0.771272 0.434753 0.786420 0.505013 0.760455 0.510612
4 0.760156 0.435937 0.786719 0.435937 0.786719 0.507812 0.760156 0.507812
4 0.775603 0.434753 0.801569 0.440351 0.786420 0.510612 0.760455 0.505013
4 0.790952 0.436850 0.815155 0.447795 0.785539 0.513285 0.761336 0.502340
4 0.805514 0.442135 0.826867 0.457935 0.784114 0.515712 0.762761 0.499913
4 0.799696 0.457935 0.821048 0.442135 0.863801 0.499913 0.842449 0.515712
4 0.811408 0.447795 0.835611 0.436850 0.865226 0.502340 0.841024 0.513285
4 0.824994 0.440351 0.850960 0.434753 0.866108 0.505013 0.840142 0.510612
4 0.839844 0.435937 0.866406 0.435937 0.866406 0.507812 0.839844 0.507812
4 0.855290 0.434753 0.881256 0.440351 0.866108 0.510612 0.840142 0.505013
4 0.870639 0.436850 0.894842 0.447795 0.865226 0.513285 0.841024 0.502340
4 0.885202 0.442135 0.906554 0.457935 0.863801 0.515712 0.842449 0.499913
4 0.879383 0.457935 0.900736 0.442135 0.943489 0.499913 0.922136 0.515712
4 0.891095 0.447795 0.915298 0.436850 0.944914 0.502340 0.920711 0.513285
4 0.904681 0.440351 0.930647 0.434753 0.945795 0.505013 0.919830 0.510612
4 0.919531 0.435937 0.946094 0.435937 0.946094 0.507812 0.919531 0.507812
4 0.934978 0.434753 0.960944 0.440351 0.945795 0.510612 0.919830 0.505013
4 0.950327 0.436850 0.974530 0.447795 0.944914 0.513285 0.920711 0.502340
4 0.964889 0.442135 0.986242 0.457935 0.943489 0.515712 0.922136 0.499913
4 0.003906 0.500000 0.030469 0.500000 0.030469 0.571875 0.003906 0.571875
4 0.019353 0.498815 0.045319 0.504414 0.030170 0.574674 0.004205 0.569076
4 0.034702 0.500913 0.058905 0.511858 0.029289 0.577347 0.005086 0.566403
4 0.049264 0.506198 0.070617 0.521998 0.027864 0.579775 0.006511 0.563975
4 0.043446 0.521998 0.064798 0.506198 0.107551 0.563975 0.086199 0.579775
4 0.055158 0.511858 0.079361 0.500913 0.108976 0.566403 0.084774 0.577347
4 0.068744 0.504414 0.094710 0.498815 0.109858 0.569076 0.083892 0.574674
4 0.083594 0.500000 0.110156 0.500000 0.110156 0.571875 0.083594 0.571875
4 0.099040 0.498815 0.125006 0.504414 0.109858 0.574674 0.083892 0.569076
4 0.114389 0.500913 0.138592 0.511858 0.108976 0.577347 0.084774 0.566403
4 0.128952 0.506198 0.150304 0.521998 0.107551 0.579775 0.086199 0.563975
4 0.123133 0.521998 0.144486 0.506198 0.187239 0.563975 0.165886 0.579775
4 0.134845 0.511858 0.159048 0.500913 0.188664 0.566403 0.164461 0.577347
4 0.148431 0.504414 0.174397 0.498815 0.189545 0.569076 0.163580 0.574674
4 0.163281 0.500000 0.189844 0.500000 0.189844 0.571875 0.163281 0.571875
4 0.178728 0.498815 0.204694 0.504414 0.189545 0.574674 0.163580 0.569076
4 0.194077 0.500913 0.218280 0.511858 0.188664 0.577347 0.164461 0.566403
4 0.208639 0.506198 0.229992 0.521998 0.187239 0.579775 0.165886 0.563975
4 0.202821 0.521998 0.224173 0.506198 0.266926 0.563975 0.245574 0.579775
4 0.214533 0.511858 0.238736 0.500913 0.268351 0.566403 0.244149 0.577347
4 0.228119 0.504414 0.254085 0.498815 0.269233 0.569076 0.243267 0.574674
4 0.242969 0.500000 0.269531 0.500000 0.269531 0.571875 0.242969 0.571875
4 0.258415 0.498815 0.284381 0.504414 0.269233 0.574674 0.243267 0.569076
4 0.273764 0.500913 0.297967 0.511858 0.268351 0.577347 0.244149 0.566403
4 0.288327 0.506198 0.309679 0.521998 0.266926 0.579775 0.245574 0.563975
4 0.282508 0.521998 0.303861 0.506198 0.346614 0.563975 0.325261 0.579775
4 0.294220 0.511858 0.318423 0.500913 0.348039 0.566403 0.323836 0.577347
4 0.307806 0.504414 0.333772 0.498815 0.348920 0.569076 0.322955 0.574674
4 0.322656 0.500000 0.349219 0.500000 0.349219 0.571875 0.322656 0.571875
4 0.338103 0.498815 0.364069 0.504414 0.348920 0.574674 0.322955 0.569076
4 0.353452 0.500913 0.377655 0.511858 0.348039 0.577347 0.323836 0.566403
4 0.368014 0.506198 0.389367 0.521998 0.346614 0.579775 0.325261 0.563975
4 0.362196 0.521998 0.383548 0.506198 0.426301 0.563975 0.404949 0.579775
4 0.373908 0.511858 0.398111 0.500913 0.427726 0.566403 0.403524 0.577347
4 0.387494 0.504414 0.413460 0.498815 0.428608 0.569076 0.402642 0.574674
4 0.402344 0.500000 0.428906 0.500000 0.428906 0.571875 0.402344 0.571875
4 0.417790 0.498815 0.443756 0.504414 0.428608 0.574674 0.402642 0.569076
4 0.433139 0.500913 0.457342 0.511858 0.427726 0.577347 0.403524 0.566403
4 0.447702 0.506198 0.469054 0.521998 0.426301 0.579775 0.404949 0.563975
4 0.441883 0.521998 0.463236 0.506198 0.505989 0.563975 0.484636 0.579775
4 0.453595 0.511858 0.477798 0.500913 0.507414 0.566403 0.483211 0.577347
4 0.467181 0.504414 0.493147 0.498815 0.508295 0.569076 0.482330 0.574674
4 0.482031 0.500000 0.508594 0.500000 0.508594 0.571875 0.482031 0.571875
4 0.497478 0.498815 0.523444 0.504414 0.508295 0.574674 0.482330 0.569076
4 0.512827 0.500913 0.537030 0.511858 0.507414 0.577347 0.483211 0.566403
4 0.527389 0.506198 0.548742 0.521998 0.505989 0.579775 0.484636 0.563975
4 0.521571 0.521998 0.542923 0.506198 0.585676 0.563975 0.564324 0.579775
4 0.533283 0.511858 0.557486 0.500913 0.587101 0.566403 0.562899 0.577347
4 0.546869 0.504414 0.572835 0.498815 0.587983 0.569076 0.562017 0.574674
4 0.561719 0.500000 0.588281 0.500000 0.588281 0.571875 0.561719 0.571875
4 0.577165 0.498815 0.603131 0.504414 0.587983 0.574674 0.562017 0.569076
4 0.592514 0.500913 0.616717 0.511858 0.587101 0.577347 0.562899 0.566403
4 0.607077 0.506198 0.628429 0.521998 0.585676 0.579775 0.564324 0.563975
4 0.601258 0.521998 0.622611 0.506198 0.665364 0.563975 0.644011 0.579775
4 0.612970 0.511858 0.637173 0.500913 0.666789 0.566403 0.642586 0.577347
4 0.626556 0.504414 0.652522 0.498815 0.667670 0.569076 0.641705 0.574674
4 0.641406 0.500000 0.667969 0.500000 0.667969 0.571875 0.641406 0.571875
4 0.656853 0.498815 0.682819 0.504414 0.667670 0.574674 0.641705 0.569076
4 0.672202 0.500913 0.696405 0.511858 0.666789 0.577347 0.642586 0.566403
4 0.686764 0.506198 0.708117 0.521998 0.665364 0.579775 0.644011 0.563975
4 0.680946 0.521998 0.702298 0.506198 0.745051 0.563975 0.723699 0.579775
4 0.692658 0.511858 0.716861 0.500913 0.746476 0.566403 0.722274 0.577347
4 0.706244 0.504414 0.732210 0.498815 0.747358 0.569076 0.721392 0.574674
4 0.721094 0.500000 0.747656 0.500000 0.747656 0.571875 0.721094 0.571875
4 0.736540 0.498815 0.762506 0.504414 0.747358 0.574674 0.721392 0.569076
4 0.751889 0.500913 0.776092 0.511858 0.746476 0.577347 0.722274 0.566403
4 0.766452 0.506198 0.787804 0.521998 0.745051 0.579775 0.723699 0.563975
4 0.760633 0.521998 0.781986 0.506198 0.824739 0.563975 0.803386 0.579775
4 0.772345 0.511858 0.796548 0.500913 0.826164 0.566403 0.801961 0.577347
4 0.785931 0.504414 0.811897 0.498815 0.827045 0.569076 0.801080 0.574674
4 0.800781 0.500000 0.827344 0.500000 0.827344 0.571875 0.800781 0.571875
4 0.816228 0.498815 0.842194 0.504414 0.827045 0.574674 0.801080 0.569076
4 0.831577 0.500913 0.855780 0.511858 0.826164 0.577347 0.801961 0.566403
4 0.846139 0.506198 0.867492 0.521998 0.824739 0.579775 0.803386 0.563975
4 0.840321 0.521998 0.861673 0.506198 0.904426 0.563975 0.883074 0.579775
4 0.852033 0.511858 0.876236 0.500913 0.905851 0.566403 0.881649 0.577347
4 0.865619 0.504414 0.891585 0.498815 0.906733 0.569076 0.880767 0.574674
4 0.880469 0.500000 0.907031 0.500000 0.907031 0.571875 0.880469 0.571875
4 0.895915 0.498815 0.921881 0.504414 0.906733 0.574674 0.880767 0.569076
4 0.911264 0.500913 0.935467 0.511858 0.905851 0.577347 0.881649 0.566403
4 0.925827 0.506198 0.947179 0.521998 0.904426 0.579775 0.883074 0.563975
4 0.002821 0.586060 0.024173 0.570260 0.066926 0.628038 0.045574 0.643837
4 0.014533 0.575920 0.038736 0.564975 0.068351 0.630465 0.044149 0.641410
4 0.028119 0.568476 0.054085 0.562878 0.069233 0.633138 0.043267 0.638737
4 0.042969 0.564063 0.069531 0.564063 0.069531 0.635938 0.042969 0.635938
4 0.058415 0.562878 0.084381 0.568476 0.069233 0.638737 0.043267 0.633138
4 0.073764 0.564975 0.097967 0.575920 0.068351 0.641410 0.044149 0.630465
4 0.088327 0.570260 0.109679 0.586060 0.066926 0.643837 0.045574 0.628038
4 0.082508 0.586060 0.103861 0.570260 0.146614 0.628038 0.125261 0.643837
4 0.094220 0.575920 0.118423 0.564975 0.148039 0.630465 0.123836 0.641410
4 0.107806 0.568476 0.133772 0.562878 0.148920 0.633138 0.122955 0.638737
4 0.122656 0.564063 0.149219 0.564063 0.149219 0.635938 0.122656 0.635938
4 0.138103 0.562878 0.164069 0.568476 0.148920 0.638737 0.122955 0.633138
4 0.153452 0.564975 0.177655 0.575920 0.148039 0.641410 0.123836 0.630465
4 0.168014 0.570260 0.189367 0.586060 0.146614 0.643837 0.125261 0.628038
4 0.162196 0.586060 0.183548 0.570260 0.226301 0.628038 0.204949 0.643837
4 0.173908 0.575920 0.198111 0.564975 0.227726 0.630465 0.203524 0.641410
4 0.187494 0.568476 0.213460 0.562878 0.228608 0.633138 0.202642 0.638737
4 0.202344 0.564063 0.228906 0.564063 0.228906 0.635938 0.202344 0.635938
4 0.217790 0.562878 0.243756 0.568476 0.228608 0.638737 0.202642 0.633138
4 0.233139 0.564975 0.257342 0.575920 0.227726 0.641410 0.203524 0.630465
4 0.247702 0.570260 0.269054 0.586060 0.226301 0.643837 0.204949 0.628038
4 0.241883 0.586060 0.263236 0.570260 0.305989 0.628038 0.284636 0.643837
4 0.253595 0.575920 0.277798 0.564975 0.307414 0.630465 0.283211 0.641410
4 0.267181 0.568476 0.293147 0.562878 0.308295 0.633138 0.282330 0.638737
4 0.282031 0.564063 0.308594 0.564063 0.308594 0.635938 0.282031 0.635938
4 0.297478 0.562878 0.323444 0.568476 0.308295 0.638737 0.282330 0.633138
4 0.312827 0.564975 0.337030 0.575920 0.307414 0.641410 0.283211 0.630465
4 0.327389 0.570260 0.348742 0.586060 0.305989 0.643837 0.284636 0.628038
4 0.321571 0.586060 0.342923 0.570260 0.385676 0.628038 0.364324 0.643837
4 0.333283 0.575920 0.357486 0.564975 0.387101 0.630465 0.362899 0.641410
4 0.346869 0.568476 0.372835 0.562878 0.387983 0.633138 0.362017 0.638737
4 0.361719 0.564063 0.388281 0.564063 0.388281 0.635938 0.361719 0.635938
4 0.377165 0.562878 0.403131 0.568476 0.387983 0.638737 0.362017 0.633138
4 0.392514 0.564975 0.416717 0.575920 0.387101 0.641410 0.362899 0.630465
4 0.407077 0.570260 0.428429 0.586060 0.385676 0.643837 0.364324 0.628038
4 0.401258 0.586060 0.422611 0.570260 0.465364 0.628038 0.444011 0.643837
4 0.412970 0.575920 0.437173 0.564975 0.466789 0.630465 0.442586 0.641410
4 0.426556 0.568476 0.452522 0.562878 0.467670 0.633138 0.441705 0.638737
4 0.441406 0.564063 0.467969 0.564063 0.467969 0.635938 0.441406 0.635938
4 0.456853 0.562878 0.482819 0.568476 0.467670 0.638737 0.441705 0.633138
4 0.472202 0.564975 0.496405 0.575920 0.466789 0.641410 0.442586 0.630465
4 0.486764 0.570260 0.508117 0.586060 0.465364 0.643837 0.444011 0.628038
4 0.480946 0.586060 0.502298 0.570260 0.545051 0.628038 0.523699 0.643837
4 0.492658 0.575920 0.516861 0.564975 0.546476 0.630465 0.522274 0.641410
4 0.506244 0.568476 0.532210 0.562878 0.547358 0.633138 0.521392 0.638737
4 0.521094 0.564063 0.547656 0.564063 0.547656 0.635938 0.521094 0.635938
4 0.536540 0.562878 0.562506 0.568476 0.547358 0.638737 0.521392 0.633138
4 0.551889 0.564975 0.576092 0.575920 0.546476 0.641410 0.522274 0.630465
4 0.566452 0.570260 0.587804 0.586060 0.545051 0.643837 0.523699 0.628038
4 0.560633 0.586060 0.581986 0.570260 0.624739 0.628038 0.603386 0.643837
4 0.572345 0.575920 0.596548 0.564975 0.626164 0.630465 0.601961 0.641410
4 0.585931 0.568476 0.611897 0.562878 0.627045 0.633138 0.601080 0.638737
4 0.600781 0.564063 0.627344 0.564063 0.627344 0.635938 0.600781 0.635938
4 0.616228 0.562878 0.642194 0.568476 0.627045 0.638737 0.601080 0.633138
4 0.631577 0.564975 0.655780 0.575920 0.626164 0.641410 0.601961 0.630465
4 0.646139 0.570260 0.667492 0.586060 0.624739 0.643837 0.603386 0.628038
4 0.640321 0.586060 0.661673 0.570260 0.704426 0.628038 0.683074 0.643837
4 0.652033 0.575920 0.676236 0.564975 0.705851 0.630465 0.681649 0.641410
4 0.665619 0.568476 0.691585 0.562878 0.706733 0.633138 0.680767 0.638737
4 0.680469 0.564063 0.707031 0.564063 0.707031 0.635938 0.680469 0.635938
4 0.695915 0.562878 0.721881 0.568476 0.706733 0.638737 0.680767 0.633138
4 0.711264 0.564975 0.735467 0.575920 0.705851 0.641410 0.681649 0.630465
4 0.725827 0.570260 0.747179 0.586060 0.704426 0.643837 0.683074 0.628038
4 0.720008 0.586060 0.741361 0.570260 0.784114 0.628038 0.762761 0.643837
4 0.731720 0.575920 0.755923 0.564975 0.785539 0.630465 0.761336 0.641410
4 0.745306 0.568476 0.771272 0.562878 0.786420 0.633138 0.760455 0.638737
4 0.760156 0.564063 0.786719 0.564063 0.786719 0.635938 0.760156 0.635938
4 0.775603 0.562878 0.801569 0.568476 0.786420 0.638737 0.760455 0.633138
4 0.790952 0.564975 0.815155 0.575920 0.785539 0.641410 0.761336 0.630465
4 0.805514 0.570260 0.826867 0.586060 0.784114 0.643837 0.762761 0.628038
4 0.799696 0.586060 0.821048 0.570260 0.863801 0.628038 0.842449 0.643837
4 0.811408 0.575920 0.835611 0.564975 0.865226 0.630465 0.841024 0.641410
4 0.824994 0.568476 0.850960 0.562878 0.866108 0.633138 0.840142 0.638737
4 0.839844 0.564063 0.866406 0.564063 0.866406 0.635938 0.839844 0.635938
4 0.855290 0.562878 0.881256 0.568476 0.866108 0.638737 0.840142 0.633138
4 0.870639 0.564975 0.894842 0.575920 0.865226 0.641410 0.841024 0.630465
4 0.885202 0.570260 0.906554 0.586060 0.863801 0.643837 0.842449 0.628038
4 0.879383 0.586060 0.900736 0.570260 0.943489 0.628038 0.922136 0.643837
4 0.891095 0.575920 0.915298 0.564975 0.944914 0.630465 0.920711 0.641410
4 0.904681 0.568476 0.930647 0.562878 0.945795 0.633138 0.919830 0.638737
4 0.919531 0.564063 0.946094 0.564063 0.946094 0.635938 0.919531 0.635938
4 0.934978 0.562878 0.960944 0.568476 0.945795 0.638737 0.919830 0.633138
4 0.950327 0.564975 0.974530 0.575920 0.944914 0.641410 0.920711 0.630465
4 0.964889 0.570260 0.986242 0.586060 0.943489 0.643837 0.922136 0.628038