1 0.007031 0.011719 0.071094 0.011719 0.071094 0.094531 0.007031 0.094531
1 0.063281 0.019531 0.127344 0.019531 0.127344 0.102344 0.063281 0.102344
1 0.121094 0.016406 0.185156 0.016406 0.185156 0.099219 0.121094 0.099219
1 0.174219 0.021094 0.238281 0.021094 0.238281 0.103906 0.174219 0.103906
1 0.232031 0.019531 0.296094 0.019531 0.296094 0.102344 0.232031 0.102344
1 0.286719 0.011719 0.350781 0.011719 0.350781 0.094531 0.286719 0.094531
1 0.338281 0.011719 0.402344 0.011719 0.402344 0.094531 0.338281 0.094531
1 0.392969 0.016406 0.457031 0.016406 0.457031 0.099219 0.392969 0.099219
1 0.450781 0.013281 0.514844 0.013281 0.514844 0.096094 0.450781 0.096094
1 0.505469 0.014844 0.569531 0.014844 0.569531 0.097656 0.505469 0.097656
1 0.553906 0.011719 0.617969 0.011719 0.617969 0.094531 0.553906 0.094531
1 0.611719 0.016406 0.675781 0.016406 0.675781 0.099219 0.611719 0.099219
1 0.663281 0.016406 0.727344 0.016406 0.727344 0.099219 0.663281 0.099219
1 0.719531 0.017969 0.783594 0.017969 0.783594 0.100781 0.719531 0.100781
1 0.778906 0.014844 0.842969 0.014844 0.842969 0.097656 0.778906 0.097656
1 0.828906 0.014844 0.892969 0.014844 0.892969 0.097656 0.828906 0.097656
1 0.033594 0.129688 0.044531 0.129688 0.044531 0.139063 0.033594 0.139063
1 0.046094 0.131250 0.057031 0.131250 0.057031 0.140625 0.046094 0.140625
1 0.063281 0.131250 0.074219 0.131250 0.074219 0.140625 0.063281 0.140625
1 0.075781 0.125000 0.086719 0.125000 0.086719 0.134375 0.075781 0.134375
1 0.089844 0.128125 0.100781 0.128125 0.100781 0.137500 0.089844 0.137500
1 0.099219 0.126562 0.110156 0.126562 0.110156 0.135937 0.099219 0.135937
1 0.114844 0.131250 0.125781 0.131250 0.125781 0.140625 0.114844 0.140625
1 0.125781 0.125000 0.136719 0.125000 0.136719 0.134375 0.125781 0.134375
1 0.133594 0.128125 0.144531 0.128125 0.144531 0.137500 0.133594 0.137500
1 0.146094 0.129688 0.157031 0.129688 0.157031 0.139063 0.146094 0.139063
1 0.163281 0.128125 0.174219 0.128125 0.174219 0.137500 0.163281 0.137500
1 0.174219 0.125000 0.185156 0.125000 0.185156 0.134375 0.174219 0.134375
1 0.185156 0.132812 0.196094 0.132812 0.196094 0.142187 0.185156 0.142187
1 0.199219 0.131250 0.210156 0.131250 0.210156 0.140625 0.199219 0.140625
1 0.214844 0.131250 0.225781 0.131250 0.225781 0.140625 0.214844 0.140625
1 0.222656 0.129688 0.233594 0.129688 0.233594 0.139063 0.222656 0.139063
1 0.238281 0.125000 0.249219 0.125000 0.249219 0.134375 0.238281 0.134375
1 0.250781 0.125000 0.261719 0.125000 0.261719 0.134375 0.250781 0.134375
1 0.260156 0.131250 0.271094 0.131250 0.271094 0.140625 0.260156 0.140625
1 0.275781 0.128125 0.286719 0.128125 0.286719 0.137500 0.275781 0.137500
1 0.289844 0.128125 0.300781 0.128125 0.300781 0.137500 0.289844 0.137500
1 0.297656 0.131250 0.308594 0.131250 0.308594 0.140625 0.297656 0.140625
1 0.314844 0.128125 0.325781 0.128125 0.325781 0.137500 0.314844 0.137500
1 0.324219 0.134375 0.335156 0.134375 0.335156 0.143750 0.324219 0.143750
1 0.335156 0.126562 0.346094 0.126562 0.346094 0.135937 0.335156 0.135937
0 0.035156 0.141406 0.055469 0.141406 0.055469 0.155469 0.035156 0.155469
0 0.053906 0.144531 0.074219 0.144531 0.074219 0.158594 0.053906 0.158594
0 0.066406 0.135156 0.086719 0.135156 0.086719 0.149219 0.066406 0.149219
0 0.091406 0.139844 0.111719 0.139844 0.111719 0.153906 0.091406 0.153906
0 0.107031 0.136719 0.127344 0.136719 0.127344 0.150781 0.107031 0.150781
0 0.128906 0.139844 0.149219 0.139844 0.149219 0.153906 0.128906 0.153906
0 0.142969 0.141406 0.163281 0.141406 0.163281 0.155469 0.142969 0.155469
0 0.164844 0.142969 0.185156 0.142969 0.185156 0.157031 0.164844 0.157031
0 0.180469 0.144531 0.200781 0.144531 0.200781 0.158594 0.180469 0.158594
0 0.197656 0.139844 0.217969 0.139844 0.217969 0.153906 0.197656 0.153906
0 0.221094 0.141406 0.241406 0.141406 0.241406 0.155469 0.221094 0.155469
0 0.241406 0.135156 0.261719 0.135156 0.261719 0.149219 0.241406 0.149219
0 0.257031 0.135156 0.277344 0.135156 0.277344 0.149219 0.257031 0.149219
0 0.275781 0.141406 0.296094 0.141406 0.296094 0.155469 0.275781 0.155469
0 0.294531 0.138281 0.314844 0.138281 0.314844 0.152344 0.294531 0.152344
0 0.314844 0.141406 0.335156 0.141406 0.335156 0.155469 0.314844 0.155469
0 0.335156 0.135156 0.355469 0.135156 0.355469 0.149219 0.335156 0.149219
0 0.350781 0.144531 0.371094 0.144531 0.371094 0.158594 0.350781 0.158594
0 0.369531 0.138281 0.389844 0.138281 0.389844 0.152344 0.369531 0.152344
0 0.389844 0.142969 0.410156 0.142969 0.410156 0.157031 0.389844 0.157031
0 0.410156 0.144531 0.430469 0.144531 0.430469 0.158594 0.410156 0.158594
0 0.424219 0.144531 0.444531 0.144531 0.444531 0.158594 0.424219 0.158594
0 0.441406 0.141406 0.461719 0.141406 0.461719 0.155469 0.441406 0.155469
0 0.460156 0.136719 0.480469 0.136719 0.480469 0.150781 0.460156 0.150781
0 0.485156 0.141406 0.505469 0.141406 0.505469 0.155469 0.485156 0.155469