1 0.029687 0.039844 0.039062 0.039844 0.039062 0.047656 0.029687 0.047656
1 0.039062 0.039844 0.048438 0.039844 0.048438 0.047656 0.039062 0.047656
1 0.051562 0.041406 0.060937 0.041406 0.060937 0.049219 0.051562 0.049219
1 0.065625 0.046094 0.075000 0.046094 0.075000 0.053906 0.065625 0.053906
1 0.076563 0.046094 0.085938 0.046094 0.085938 0.053906 0.076563 0.053906
1 0.090625 0.039844 0.100000 0.039844 0.100000 0.047656 0.090625 0.047656
1 0.101562 0.047656 0.110937 0.047656 0.110937 0.055469 0.101562 0.055469
1 0.115625 0.047656 0.125000 0.047656 0.125000 0.055469 0.115625 0.055469
1 0.128125 0.047656 0.137500 0.047656 0.137500 0.055469 0.128125 0.055469
1 0.142187 0.038281 0.151562 0.038281 0.151562 0.046094 0.142187 0.046094
1 0.151562 0.042969 0.160938 0.042969 0.160938 0.050781 0.151562 0.050781
1 0.165625 0.041406 0.175000 0.041406 0.175000 0.049219 0.165625 0.049219
1 0.179688 0.047656 0.189062 0.047656 0.189062 0.055469 0.179688 0.055469
1 0.189062 0.047656 0.198437 0.047656 0.198437 0.055469 0.189062 0.055469
1 0.201563 0.038281 0.210938 0.038281 0.210938 0.046094 0.201563 0.046094
1 0.218750 0.041406 0.228125 0.041406 0.228125 0.049219 0.218750 0.049219
1 0.226562 0.047656 0.235937 0.047656 0.235937 0.055469 0.226562 0.055469
1 0.240625 0.038281 0.250000 0.038281 0.250000 0.046094 0.240625 0.046094
1 0.253125 0.041406 0.262500 0.041406 0.262500 0.049219 0.253125 0.049219
1 0.267188 0.039844 0.276562 0.039844 0.276562 0.047656 0.267188 0.047656
1 0.279687 0.046094 0.289062 0.046094 0.289062 0.053906 0.279687 0.053906
1 0.293750 0.038281 0.303125 0.038281 0.303125 0.046094 0.293750 0.046094
1 0.303125 0.041406 0.312500 0.041406 0.312500 0.049219 0.303125 0.049219
1 0.320312 0.044531 0.329688 0.044531 0.329688 0.052344 0.320312 0.052344
1 0.332813 0.042969 0.342187 0.042969 0.342187 0.050781 0.332813 0.050781
1 0.027344 0.050000 0.038281 0.050000 0.038281 0.059375 0.027344 0.059375
1 0.042969 0.057813 0.053906 0.057813 0.053906 0.067187 0.042969 0.067187
1 0.052344 0.054688 0.063281 0.054688 0.063281 0.064062 0.052344 0.064062
1 0.064844 0.056250 0.075781 0.056250 0.075781 0.065625 0.064844 0.065625
1 0.078906 0.059375 0.089844 0.059375 0.089844 0.068750 0.078906 0.068750
1 0.089844 0.056250 0.100781 0.056250 0.100781 0.065625 0.089844 0.065625
1 0.102344 0.056250 0.113281 0.056250 0.113281 0.065625 0.102344 0.065625
1 0.116406 0.056250 0.127344 0.056250 0.127344 0.065625 0.116406 0.065625
1 0.125781 0.054688 0.136719 0.054688 0.136719 0.064062 0.125781 0.064062
1 0.144531 0.051562 0.155469 0.051562 0.155469 0.060937 0.144531 0.060937
1 0.152344 0.056250 0.163281 0.056250 0.163281 0.065625 0.152344 0.065625
1 0.163281 0.050000 0.174219 0.050000 0.174219 0.059375 0.163281 0.059375
1 0.182031 0.056250 0.192969 0.056250 0.192969 0.065625 0.182031 0.065625
1 0.189844 0.054688 0.200781 0.054688 0.200781 0.064062 0.189844 0.064062
1 0.200781 0.050000 0.211719 0.050000 0.211719 0.059375 0.200781 0.059375
1 0.214844 0.057813 0.225781 0.057813 0.225781 0.067187 0.214844 0.067187
1 0.225781 0.056250 0.236719 0.056250 0.236719 0.065625 0.225781 0.065625
1 0.239844 0.057813 0.250781 0.057813 0.250781 0.067187 0.239844 0.067187
1 0.253906 0.056250 0.264844 0.056250 0.264844 0.065625 0.253906 0.065625
1 0.266406 0.051562 0.277344 0.051562 0.277344 0.060937 0.266406 0.060937
1 0.275781 0.051562 0.286719 0.051562 0.286719 0.060937 0.275781 0.060937
1 0.292969 0.050000 0.303906 0.050000 0.303906 0.059375 0.292969 0.059375
1 0.303906 0.057813 0.314844 0.057813 0.314844 0.067187 0.303906 0.067187
1 0.313281 0.056250 0.324219 0.056250 0.324219 0.065625 0.313281 0.065625
1 0.328906 0.054688 0.339844 0.054688 0.339844 0.064062 0.328906 0.064062
1 0.033594 0.072656 0.041406 0.072656 0.041406 0.080469 0.033594 0.080469
1 0.046094 0.067969 0.053906 0.067969 0.053906 0.075781 0.046094 0.075781
1 0.052344 0.069531 0.060156 0.069531 0.060156 0.077344 0.052344 0.077344
1 0.066406 0.072656 0.074219 0.072656 0.074219 0.080469 0.066406 0.080469
1 0.078906 0.069531 0.086719 0.069531 0.086719 0.077344 0.078906 0.077344
1 0.094531 0.072656 0.102344 0.072656 0.102344 0.080469 0.094531 0.080469
1 0.108594 0.069531 0.116406 0.069531 0.116406 0.077344 0.108594 0.077344
1 0.119531 0.071094 0.127344 0.071094 0.127344 0.078906 0.119531 0.078906
1 0.132031 0.064844 0.139844 0.064844 0.139844 0.072656 0.132031 0.072656
1 0.139844 0.066406 0.147656 0.066406 0.147656 0.074219 0.139844 0.074219
1 0.155469 0.064844 0.163281 0.064844 0.163281 0.072656 0.155469 0.072656
1 0.164844 0.067969 0.172656 0.067969 0.172656 0.075781 0.164844 0.075781
1 0.182031 0.063281 0.189844 0.063281 0.189844 0.071094 0.182031 0.071094
1 0.191406 0.063281 0.199219 0.063281 0.199219 0.071094 0.191406 0.071094
1 0.202344 0.069531 0.210156 0.069531 0.210156 0.077344 0.202344 0.077344
1 0.217969 0.064844 0.225781 0.064844 0.225781 0.072656 0.217969 0.072656
1 0.230469 0.067969 0.238281 0.067969 0.238281 0.075781 0.230469 0.075781
1 0.242969 0.064844 0.250781 0.064844 0.250781 0.072656 0.242969 0.072656
1 0.253906 0.066406 0.261719 0.066406 0.261719 0.074219 0.253906 0.074219
1 0.269531 0.063281 0.277344 0.063281 0.277344 0.071094 0.269531 0.071094
1 0.277344 0.064844 0.285156 0.064844 0.285156 0.072656 0.277344 0.072656
1 0.296094 0.064844 0.303906 0.064844 0.303906 0.072656 0.296094 0.072656
1 0.303906 0.067969 0.311719 0.067969 0.311719 0.075781 0.303906 0.075781
1 0.316406 0.069531 0.324219 0.069531 0.324219 0.077344 0.316406 0.077344
1 0.330469 0.066406 0.338281 0.066406 0.338281 0.074219 0.330469 0.074219
1 0.026562 0.078906 0.035937 0.078906 0.035937 0.086719 0.026562 0.086719
1 0.039062 0.077344 0.048438 0.077344 0.048438 0.085156 0.039062 0.085156
1 0.057813 0.083594 0.067187 0.083594 0.067187 0.091406 0.057813 0.091406
1 0.067187 0.077344 0.076563 0.077344 0.076563 0.085156 0.067187 0.085156
1 0.076563 0.080469 0.085938 0.080469 0.085938 0.088281 0.076563 0.088281
1 0.090625 0.078906 0.100000 0.078906 0.100000 0.086719 0.090625 0.086719
1 0.104688 0.082031 0.114062 0.082031 0.114062 0.089844 0.104688 0.089844
1 0.115625 0.085156 0.125000 0.085156 0.125000 0.092969 0.115625 0.092969
1 0.129688 0.083594 0.139063 0.083594 0.139063 0.091406 0.129688 0.091406
1 0.143750 0.080469 0.153125 0.080469 0.153125 0.088281 0.143750 0.088281
1 0.156250 0.078906 0.165625 0.078906 0.165625 0.086719 0.156250 0.086719
1 0.164062 0.085156 0.173437 0.085156 0.173437 0.092969 0.164062 0.092969
1 0.179688 0.078906 0.189062 0.078906 0.189062 0.086719 0.179688 0.086719
1 0.190625 0.083594 0.200000 0.083594 0.200000 0.091406 0.190625 0.091406
1 0.206250 0.083594 0.215625 0.083594 0.215625 0.091406 0.206250 0.091406
1 0.218750 0.077344 0.228125 0.077344 0.228125 0.085156 0.218750 0.085156
1 0.231250 0.083594 0.240625 0.083594 0.240625 0.091406 0.231250 0.091406
1 0.242188 0.083594 0.251563 0.083594 0.251563 0.091406 0.242188 0.091406
1 0.257812 0.082031 0.267188 0.082031 0.267188 0.089844 0.257812 0.089844
1 0.267188 0.083594 0.276562 0.083594 0.276562 0.091406 0.267188 0.091406
1 0.278125 0.082031 0.287500 0.082031 0.287500 0.089844 0.278125 0.089844
1 0.295312 0.080469 0.304688 0.080469 0.304688 0.088281 0.295312 0.088281
1 0.306250 0.085156 0.315625 0.085156 0.315625 0.092969 0.306250 0.092969
1 0.320312 0.075781 0.329688 0.075781 0.329688 0.083594 0.320312 0.083594
1 0.329688 0.085156 0.339062 0.085156 0.339062 0.092969 0.329688 0.092969