1 0.026562 0.094531 0.035937 0.094531 0.035937 0.102344 0.026562 0.102344
1 0.039062 0.100781 0.048438 0.100781 0.048438 0.108594 0.039062 0.108594
1 0.045312 0.094531 0.054688 0.094531 0.054688 0.102344 0.045312 0.102344
1 0.062500 0.092969 0.071875 0.092969 0.071875 0.100781 0.062500 0.100781
1 0.071875 0.102344 0.081250 0.102344 0.081250 0.110156 0.071875 0.110156
1 0.089063 0.102344 0.098437 0.102344 0.098437 0.110156 0.089063 0.110156
1 0.100000 0.099219 0.109375 0.099219 0.109375 0.107031 0.100000 0.107031
1 0.114062 0.097656 0.123438 0.097656 0.123438 0.105469 0.114062 0.105469
1 0.121875 0.099219 0.131250 0.099219 0.131250 0.107031 0.121875 0.107031
1 0.135937 0.100781 0.145313 0.100781 0.145313 0.108594 0.135937 0.108594
1 0.145313 0.097656 0.154688 0.097656 0.154688 0.105469 0.145313 0.105469
1 0.162500 0.094531 0.171875 0.094531 0.171875 0.102344 0.162500 0.102344
1 0.173437 0.100781 0.182812 0.100781 0.182812 0.108594 0.173437 0.108594
1 0.187500 0.092969 0.196875 0.092969 0.196875 0.100781 0.187500 0.100781
1 0.195312 0.092969 0.204687 0.092969 0.204687 0.100781 0.195312 0.100781
1 0.214062 0.097656 0.223438 0.097656 0.223438 0.105469 0.214062 0.105469
1 0.226562 0.097656 0.235937 0.097656 0.235937 0.105469 0.226562 0.105469
1 0.237500 0.100781 0.246875 0.100781 0.246875 0.108594 0.237500 0.108594
1 0.248438 0.094531 0.257812 0.094531 0.257812 0.102344 0.248438 0.102344
1 0.264062 0.094531 0.273438 0.094531 0.273438 0.102344 0.264062 0.102344
1 0.273438 0.099219 0.282813 0.099219 0.282813 0.107031 0.273438 0.107031
1 0.285938 0.096094 0.295312 0.096094 0.295312 0.103906 0.285938 0.103906
1 0.301563 0.092969 0.310937 0.092969 0.310937 0.100781 0.301563 0.100781
1 0.310937 0.100781 0.320312 0.100781 0.320312 0.108594 0.310937 0.108594
1 0.320312 0.097656 0.329688 0.097656 0.329688 0.105469 0.320312 0.105469
1 0.025000 0.108594 0.034375 0.108594 0.034375 0.116406 0.025000 0.116406
1 0.039062 0.108594 0.048438 0.108594 0.048438 0.116406 0.039062 0.116406
1 0.048438 0.105469 0.057813 0.105469 0.057813 0.113281 0.048438 0.113281
1 0.060937 0.107031 0.070312 0.107031 0.070312 0.114844 0.060937 0.114844
1 0.071875 0.110156 0.081250 0.110156 0.081250 0.117969 0.071875 0.117969
1 0.087500 0.108594 0.096875 0.108594 0.096875 0.116406 0.087500 0.116406
1 0.095312 0.113281 0.104688 0.113281 0.104688 0.121094 0.095312 0.121094
1 0.114062 0.108594 0.123438 0.108594 0.123438 0.116406 0.114062 0.116406
1 0.126562 0.107031 0.135937 0.107031 0.135937 0.114844 0.126562 0.114844
1 0.139063 0.113281 0.148438 0.113281 0.148438 0.121094 0.139063 0.121094
1 0.151562 0.111719 0.160938 0.111719 0.160938 0.119531 0.151562 0.119531
1 0.164062 0.107031 0.173437 0.107031 0.173437 0.114844 0.164062 0.114844
1 0.173437 0.114844 0.182812 0.114844 0.182812 0.122656 0.173437 0.122656
1 0.189062 0.111719 0.198437 0.111719 0.198437 0.119531 0.189062 0.119531
1 0.201563 0.107031 0.210938 0.107031 0.210938 0.114844 0.201563 0.114844
1 0.210938 0.110156 0.220312 0.110156 0.220312 0.117969 0.210938 0.117969
1 0.226562 0.113281 0.235937 0.113281 0.235937 0.121094 0.226562 0.121094
1 0.237500 0.107031 0.246875 0.107031 0.246875 0.114844 0.237500 0.114844
1 0.245312 0.107031 0.254688 0.107031 0.254688 0.114844 0.245312 0.114844
1 0.264062 0.107031 0.273438 0.107031 0.273438 0.114844 0.264062 0.114844
1 0.270313 0.113281 0.279687 0.113281 0.279687 0.121094 0.270313 0.121094
1 0.287500 0.107031 0.296875 0.107031 0.296875 0.114844 0.287500 0.114844
1 0.300000 0.113281 0.309375 0.113281 0.309375 0.121094 0.300000 0.121094
1 0.312500 0.107031 0.321875 0.107031 0.321875 0.114844 0.312500 0.114844
1 0.321875 0.110156 0.331250 0.110156 0.331250 0.117969 0.321875 0.117969