4 0.007812 0.040625 0.051562 0.040625 0.051562 0.165625 0.007812 0.165625
4 0.050000 0.039062 0.093750 0.039062 0.093750 0.164062 0.050000 0.164062
4 0.082812 0.045312 0.126562 0.045312 0.126562 0.170313 0.082812 0.170313
4 0.115625 0.043750 0.159375 0.043750 0.159375 0.168750 0.115625 0.168750
4 0.154688 0.048438 0.198437 0.048438 0.198437 0.173437 0.154688 0.173437
4 0.189062 0.042188 0.232813 0.042188 0.232813 0.167187 0.189062 0.167187
4 0.228125 0.039062 0.271875 0.039062 0.271875 0.164062 0.228125 0.164062
4 0.259375 0.039062 0.303125 0.039062 0.303125 0.164062 0.259375 0.164062
4 0.296875 0.043750 0.340625 0.043750 0.340625 0.168750 0.296875 0.168750
4 0.331250 0.039062 0.375000 0.039062 0.375000 0.164062 0.331250 0.164062
4 0.368750 0.046875 0.412500 0.046875 0.412500 0.171875 0.368750 0.171875
4 0.409375 0.039062 0.453125 0.039062 0.453125 0.164062 0.409375 0.164062
4 0.440625 0.046875 0.484375 0.046875 0.484375 0.171875 0.440625 0.171875
4 0.479687 0.046875 0.523438 0.046875 0.523438 0.171875 0.479687 0.171875
4 0.515625 0.039062 0.559375 0.039062 0.559375 0.164062 0.515625 0.164062
4 0.546875 0.043750 0.590625 0.043750 0.590625 0.168750 0.546875 0.168750
4 0.589063 0.040625 0.632812 0.040625 0.632812 0.165625 0.589063 0.165625
4 0.620313 0.046875 0.664062 0.046875 0.664062 0.171875 0.620313 0.171875
4 0.657813 0.040625 0.701562 0.040625 0.701562 0.165625 0.657813 0.165625
4 0.690625 0.048438 0.734375 0.048438 0.734375 0.173437 0.690625 0.173437
4 0.728125 0.048438 0.771875 0.048438 0.771875 0.173437 0.728125 0.173437
4 0.764062 0.045312 0.807813 0.045312 0.807813 0.170313 0.764062 0.170313
4 0.800000 0.042188 0.843750 0.042188 0.843750 0.167187 0.800000 0.167187
4 0.840625 0.043750 0.884375 0.043750 0.884375 0.168750 0.840625 0.168750
4 0.876563 0.043750 0.920312 0.043750 0.920312 0.168750 0.876563 0.168750
4 0.012500 0.182812 0.050000 0.182812 0.050000 0.292187 0.012500 0.292187
4 0.043750 0.176563 0.081250 0.176563 0.081250 0.285938 0.043750 0.285938
4 0.073438 0.175000 0.110937 0.175000 0.110937 0.284375 0.073438 0.284375
4 0.100000 0.182812 0.137500 0.182812 0.137500 0.292187 0.100000 0.292187
4 0.129688 0.179688 0.167187 0.179688 0.167187 0.289062 0.129688 0.289062
4 0.160938 0.176563 0.198437 0.176563 0.198437 0.285938 0.160938 0.285938
4 0.193750 0.179688 0.231250 0.179688 0.231250 0.289062 0.193750 0.289062
4 0.225000 0.181250 0.262500 0.181250 0.262500 0.290625 0.225000 0.290625
4 0.254688 0.181250 0.292187 0.181250 0.292187 0.290625 0.254688 0.290625
4 0.281250 0.178125 0.318750 0.178125 0.318750 0.287500 0.281250 0.287500
4 0.314063 0.175000 0.351562 0.175000 0.351562 0.284375 0.314063 0.284375
4 0.337500 0.179688 0.375000 0.179688 0.375000 0.289062 0.337500 0.289062
4 0.373437 0.182812 0.410938 0.182812 0.410938 0.292187 0.373437 0.292187
4 0.400000 0.181250 0.437500 0.181250 0.437500 0.290625 0.400000 0.290625
4 0.426563 0.176563 0.464062 0.176563 0.464062 0.285938 0.426563 0.285938
4 0.460938 0.175000 0.498437 0.175000 0.498437 0.284375 0.460938 0.284375
4 0.485938 0.181250 0.523438 0.181250 0.523438 0.290625 0.485938 0.290625
4 0.520312 0.175000 0.557813 0.175000 0.557813 0.284375 0.520312 0.284375
4 0.548438 0.176563 0.585938 0.176563 0.585938 0.285938 0.548438 0.285938
4 0.576562 0.179688 0.614062 0.179688 0.614062 0.289062 0.576562 0.289062
4 0.609375 0.178125 0.646875 0.178125 0.646875 0.287500 0.609375 0.287500
4 0.640625 0.179688 0.678125 0.179688 0.678125 0.289062 0.640625 0.289062
4 0.670312 0.181250 0.707812 0.181250 0.707812 0.290625 0.670312 0.290625
4 0.695312 0.184375 0.732812 0.184375 0.732812 0.293750 0.695312 0.293750
4 0.725000 0.182812 0.762500 0.182812 0.762500 0.292187 0.725000 0.292187
4 0.018750 0.293750 0.046875 0.293750 0.046875 0.375000 0.018750 0.375000
4 0.045312 0.289062 0.073438 0.289062 0.073438 0.370312 0.045312 0.370312
4 0.067187 0.289062 0.095312 0.289062 0.095312 0.370312 0.067187 0.370312
4 0.087500 0.293750 0.115625 0.293750 0.115625 0.375000 0.087500 0.375000
4 0.109375 0.295312 0.137500 0.295312 0.137500 0.376563 0.109375 0.376563
4 0.132812 0.293750 0.160938 0.293750 0.160938 0.375000 0.132812 0.375000
4 0.156250 0.287500 0.184375 0.287500 0.184375 0.368750 0.156250 0.368750
4 0.181250 0.290625 0.209375 0.290625 0.209375 0.371875 0.181250 0.371875
4 0.209375 0.295312 0.237500 0.295312 0.237500 0.376563 0.209375 0.376563
4 0.229687 0.292187 0.257812 0.292187 0.257812 0.373437 0.229687 0.373437
4 0.256250 0.292187 0.284375 0.292187 0.284375 0.373437 0.256250 0.373437
4 0.273438 0.290625 0.301563 0.290625 0.301563 0.371875 0.273438 0.371875
4 0.301563 0.287500 0.329688 0.287500 0.329688 0.368750 0.301563 0.368750
4 0.323437 0.295312 0.351562 0.295312 0.351562 0.376563 0.323437 0.376563
4 0.343750 0.296875 0.371875 0.296875 0.371875 0.378125 0.343750 0.378125
4 0.370312 0.289062 0.398438 0.289062 0.398438 0.370312 0.370312 0.370312
4 0.396875 0.292187 0.425000 0.292187 0.425000 0.373437 0.396875 0.373437
4 0.420312 0.287500 0.448437 0.287500 0.448437 0.368750 0.420312 0.368750
4 0.437500 0.290625 0.465625 0.290625 0.465625 0.371875 0.437500 0.371875
4 0.465625 0.290625 0.493750 0.290625 0.493750 0.371875 0.465625 0.371875
4 0.487500 0.292187 0.515625 0.292187 0.515625 0.373437 0.487500 0.373437
4 0.507812 0.292187 0.535937 0.292187 0.535937 0.373437 0.507812 0.373437
4 0.532813 0.293750 0.560937 0.293750 0.560937 0.375000 0.532813 0.375000
4 0.559375 0.287500 0.587500 0.287500 0.587500 0.368750 0.559375 0.368750
4 0.581250 0.289062 0.609375 0.289062 0.609375 0.370312 0.581250 0.370312
4 0.009375 0.362500 0.050000 0.362500 0.050000 0.481250 0.009375 0.481250
4 0.048438 0.354687 0.089063 0.354687 0.089063 0.473438 0.048438 0.473438
4 0.081250 0.353125 0.121875 0.353125 0.121875 0.471875 0.081250 0.471875
4 0.112500 0.353125 0.153125 0.353125 0.153125 0.471875 0.112500 0.471875
4 0.146875 0.353125 0.187500 0.353125 0.187500 0.471875 0.146875 0.471875
4 0.181250 0.353125 0.221875 0.353125 0.221875 0.471875 0.181250 0.471875
4 0.217188 0.354687 0.257812 0.354687 0.257812 0.473438 0.217188 0.473438
4 0.253125 0.360938 0.293750 0.360938 0.293750 0.479687 0.253125 0.479687
4 0.289062 0.356250 0.329688 0.356250 0.329688 0.475000 0.289062 0.475000
4 0.320312 0.353125 0.360938 0.353125 0.360938 0.471875 0.320312 0.471875
4 0.356250 0.354687 0.396875 0.354687 0.396875 0.473438 0.356250 0.473438
4 0.392188 0.353125 0.432812 0.353125 0.432812 0.471875 0.392188 0.471875
4 0.421875 0.357812 0.462500 0.357812 0.462500 0.476562 0.421875 0.476562
4 0.460938 0.362500 0.501563 0.362500 0.501563 0.481250 0.460938 0.481250
4 0.490625 0.356250 0.531250 0.356250 0.531250 0.475000 0.490625 0.475000
4 0.525000 0.356250 0.565625 0.356250 0.565625 0.475000 0.525000 0.475000
4 0.559375 0.353125 0.600000 0.353125 0.600000 0.471875 0.559375 0.471875
4 0.596875 0.354687 0.637500 0.354687 0.637500 0.473438 0.596875 0.473438
4 0.628125 0.357812 0.668750 0.357812 0.668750 0.476562 0.628125 0.476562
4 0.662500 0.356250 0.703125 0.356250 0.703125 0.475000 0.662500 0.475000
4 0.700000 0.354687 0.740625 0.354687 0.740625 0.473438 0.700000 0.473438
4 0.731250 0.357812 0.771875 0.357812 0.771875 0.476562 0.731250 0.476562
4 0.765625 0.357812 0.806250 0.357812 0.806250 0.476562 0.765625 0.476562
4 0.806250 0.360938 0.846875 0.360938 0.846875 0.479687 0.806250 0.479687
4 0.837500 0.356250 0.878125 0.356250 0.878125 0.475000 0.837500 0.475000