2 0.022656 0.073438 0.030469 0.073438 0.030469 0.098437 0.022656 0.098437
2 0.038281 0.071875 0.046094 0.071875 0.046094 0.096875 0.038281 0.096875
2 0.044531 0.068750 0.052344 0.068750 0.052344 0.093750 0.044531 0.093750
2 0.061719 0.064062 0.069531 0.064062 0.069531 0.089063 0.061719 0.089063
2 0.075781 0.070312 0.083594 0.070312 0.083594 0.095312 0.075781 0.095312
2 0.088281 0.064062 0.096094 0.064062 0.096094 0.089063 0.088281 0.089063
2 0.096094 0.071875 0.103906 0.071875 0.103906 0.096875 0.096094 0.096875
2 0.108594 0.068750 0.116406 0.068750 0.116406 0.093750 0.108594 0.093750
2 0.119531 0.071875 0.127344 0.071875 0.127344 0.096875 0.119531 0.096875
2 0.138281 0.064062 0.146094 0.064062 0.146094 0.089063 0.138281 0.089063
2 0.149219 0.064062 0.157031 0.064062 0.157031 0.089063 0.149219 0.089063
2 0.158594 0.068750 0.166406 0.068750 0.166406 0.093750 0.158594 0.093750
2 0.174219 0.065625 0.182031 0.065625 0.182031 0.090625 0.174219 0.090625
2 0.185156 0.071875 0.192969 0.071875 0.192969 0.096875 0.185156 0.096875
2 0.196094 0.068750 0.203906 0.068750 0.203906 0.093750 0.196094 0.093750
2 0.210156 0.067187 0.217969 0.067187 0.217969 0.092188 0.210156 0.092188
2 0.225781 0.070312 0.233594 0.070312 0.233594 0.095312 0.225781 0.095312
2 0.236719 0.064062 0.244531 0.064062 0.244531 0.089063 0.236719 0.089063
2 0.250781 0.065625 0.258594 0.065625 0.258594 0.090625 0.250781 0.090625
2 0.258594 0.070312 0.266406 0.070312 0.266406 0.095312 0.258594 0.095312
2 0.272656 0.068750 0.280469 0.068750 0.280469 0.093750 0.272656 0.093750
2 0.288281 0.068750 0.296094 0.068750 0.296094 0.093750 0.288281 0.093750
2 0.299219 0.064062 0.307031 0.064062 0.307031 0.089063 0.299219 0.089063
2 0.313281 0.073438 0.321094 0.073438 0.321094 0.098437 0.313281 0.098437
2 0.319531 0.070312 0.327344 0.070312 0.327344 0.095312 0.319531 0.095312
2 0.012500 0.064844 0.040625 0.064844 0.040625 0.150781 0.012500 0.150781
2 0.034375 0.055469 0.062500 0.055469 0.062500 0.141406 0.034375 0.141406
2 0.064062 0.061719 0.092188 0.061719 0.092188 0.147656 0.064062 0.147656
2 0.087500 0.057031 0.115625 0.057031 0.115625 0.142969 0.087500 0.142969
2 0.109375 0.060156 0.137500 0.060156 0.137500 0.146094 0.109375 0.146094
2 0.134375 0.063281 0.162500 0.063281 0.162500 0.149219 0.134375 0.149219
2 0.160938 0.064844 0.189062 0.064844 0.189062 0.150781 0.160938 0.150781
2 0.187500 0.063281 0.215625 0.063281 0.215625 0.149219 0.187500 0.149219
2 0.212500 0.057031 0.240625 0.057031 0.240625 0.142969 0.212500 0.142969
2 0.239063 0.057031 0.267188 0.057031 0.267188 0.142969 0.239063 0.142969
2 0.265625 0.063281 0.293750 0.063281 0.293750 0.149219 0.265625 0.149219
2 0.289062 0.058594 0.317188 0.058594 0.317188 0.144531 0.289062 0.144531
2 0.315625 0.063281 0.343750 0.063281 0.343750 0.149219 0.315625 0.149219
2 0.334375 0.061719 0.362500 0.061719 0.362500 0.147656 0.334375 0.147656
2 0.359375 0.058594 0.387500 0.058594 0.387500 0.144531 0.359375 0.144531
2 0.390625 0.064844 0.418750 0.064844 0.418750 0.150781 0.390625 0.150781
2 0.414062 0.063281 0.442188 0.063281 0.442188 0.149219 0.414062 0.149219
2 0.439063 0.055469 0.467187 0.055469 0.467187 0.141406 0.439063 0.141406
2 0.459375 0.058594 0.487500 0.058594 0.487500 0.144531 0.459375 0.144531
2 0.484375 0.061719 0.512500 0.061719 0.512500 0.147656 0.484375 0.147656
2 0.515625 0.061719 0.543750 0.061719 0.543750 0.147656 0.515625 0.147656
2 0.539062 0.061719 0.567187 0.061719 0.567187 0.147656 0.539062 0.147656
2 0.562500 0.063281 0.590625 0.063281 0.590625 0.149219 0.562500 0.149219
2 0.590625 0.063281 0.618750 0.063281 0.618750 0.149219 0.590625 0.149219
2 0.609375 0.061719 0.637500 0.061719 0.637500 0.147656 0.609375 0.147656
0 0.022656 0.175000 0.036719 0.175000 0.036719 0.184375 0.022656 0.184375
0 0.030469 0.182812 0.044531 0.182812 0.044531 0.192188 0.030469 0.192188
0 0.044531 0.179688 0.058594 0.179688 0.058594 0.189062 0.044531 0.189062
0 0.057031 0.182812 0.071094 0.182812 0.071094 0.192188 0.057031 0.192188
0 0.071094 0.182812 0.085156 0.182812 0.085156 0.192188 0.071094 0.192188
0 0.080469 0.182812 0.094531 0.182812 0.094531 0.192188 0.080469 0.192188
0 0.094531 0.181250 0.108594 0.181250 0.108594 0.190625 0.094531 0.190625
0 0.107031 0.173437 0.121094 0.173437 0.121094 0.182812 0.107031 0.182812
0 0.122656 0.175000 0.136719 0.175000 0.136719 0.184375 0.122656 0.184375
0 0.132031 0.175000 0.146094 0.175000 0.146094 0.184375 0.132031 0.184375
0 0.141406 0.173437 0.155469 0.173437 0.155469 0.182812 0.141406 0.182812
0 0.153906 0.176563 0.167969 0.176563 0.167969 0.185938 0.153906 0.185938
0 0.167969 0.182812 0.182031 0.182812 0.182031 0.192188 0.167969 0.192188
0 0.180469 0.175000 0.194531 0.175000 0.194531 0.184375 0.180469 0.184375
0 0.194531 0.182812 0.208594 0.182812 0.208594 0.192188 0.194531 0.192188
0 0.203906 0.175000 0.217969 0.175000 0.217969 0.184375 0.203906 0.184375
0 0.217969 0.176563 0.232031 0.176563 0.232031 0.185938 0.217969 0.185938
0 0.228906 0.178125 0.242969 0.178125 0.242969 0.187500 0.228906 0.187500
0 0.247656 0.181250 0.261719 0.181250 0.261719 0.190625 0.247656 0.190625
0 0.255469 0.175000 0.269531 0.175000 0.269531 0.184375 0.255469 0.184375
0 0.269531 0.173437 0.283594 0.173437 0.283594 0.182812 0.269531 0.182812
0 0.283594 0.173437 0.297656 0.173437 0.297656 0.182812 0.283594 0.182812
0 0.292969 0.179688 0.307031 0.179688 0.307031 0.189062 0.292969 0.189062
0 0.305469 0.173437 0.319531 0.173437 0.319531 0.182812 0.305469 0.182812
0 0.321094 0.178125 0.335156 0.178125 0.335156 0.187500 0.321094 0.187500