2 0.069132 0.013586 0.079063 0.033077 0.020591 0.062870 0.010659 0.043380
2 0.063125 0.033077 0.073056 0.013586 0.131528 0.043380 0.121597 0.062870
2 0.180069 0.013586 0.190000 0.033077 0.131528 0.062870 0.121597 0.043380
2 0.174062 0.033077 0.183993 0.013586 0.242466 0.043380 0.232534 0.062870
2 0.291007 0.013586 0.300938 0.033077 0.242466 0.062870 0.232534 0.043380
2 0.285000 0.033077 0.294931 0.013586 0.353403 0.043380 0.343472 0.062870
2 0.401944 0.013586 0.411875 0.033077 0.353403 0.062870 0.343472 0.043380
2 0.395937 0.033077 0.405868 0.013586 0.464341 0.043380 0.454409 0.062870
2 0.512882 0.013586 0.522813 0.033077 0.464341 0.062870 0.454409 0.043380
2 0.506875 0.033077 0.516806 0.013586 0.575278 0.043380 0.565347 0.062870
2 0.623819 0.013586 0.633750 0.033077 0.575278 0.062870 0.565347 0.043380
2 0.617812 0.033077 0.627743 0.013586 0.686216 0.043380 0.676284 0.062870
2 0.734757 0.013586 0.744688 0.033077 0.686216 0.062870 0.676284 0.043380
2 0.728750 0.033077 0.738681 0.013586 0.797153 0.043380 0.787222 0.062870
2 0.845694 0.013586 0.855625 0.033077 0.797153 0.062870 0.787222 0.043380
2 0.839687 0.033077 0.849618 0.013586 0.908091 0.043380 0.898159 0.062870
2 0.956632 0.013586 0.966563 0.033077 0.908091 0.062870 0.898159 0.043380
2 0.006875 0.090890 0.016806 0.071399 0.075278 0.101192 0.065347 0.120683
2 0.021448 0.065787 0.038733 0.052380 0.078955 0.104234 0.061670 0.117641
2 0.045323 0.049279 0.066671 0.044507 0.080987 0.108552 0.059638 0.113323
2 0.073954 0.044507 0.095302 0.049279 0.080987 0.113323 0.059638 0.108552
2 0.101892 0.052380 0.119177 0.065787 0.078955 0.117641 0.061670 0.104234
2 0.123819 0.071399 0.133750 0.090890 0.075278 0.120683 0.065347 0.101192
2 0.117812 0.090890 0.127743 0.071399 0.186216 0.101192 0.176284 0.120683
2 0.132386 0.065787 0.149670 0.052380 0.189892 0.104234 0.172608 0.117641
2 0.156260 0.049279 0.177608 0.044507 0.191924 0.108552 0.170576 0.113323
2 0.184892 0.044507 0.206240 0.049279 0.191924 0.113323 0.170576 0.108552
2 0.212830 0.052380 0.230114 0.065787 0.189892 0.117641 0.172608 0.104234
2 0.234757 0.071399 0.244688 0.090890 0.186216 0.120683 0.176284 0.101192
2 0.228750 0.090890 0.238681 0.071399 0.297153 0.101192 0.287222 0.120683
2 0.243323 0.065787 0.260608 0.052380 0.300830 0.104234 0.283545 0.117641
2 0.267198 0.049279 0.288546 0.044507 0.302862 0.108552 0.281513 0.113323
2 0.295829 0.044507 0.317177 0.049279 0.302862 0.113323 0.281513 0.108552
2 0.323767 0.052380 0.341052 0.065787 0.300830 0.117641 0.283545 0.104234
2 0.345694 0.071399 0.355625 0.090890 0.297153 0.120683 0.287222 0.101192
2 0.339687 0.090890 0.349618 0.071399 0.408091 0.101192 0.398159 0.120683
2 0.354261 0.065787 0.371545 0.052380 0.411767 0.104234 0.394483 0.117641
2 0.378135 0.049279 0.399483 0.044507 0.413799 0.108552 0.392451 0.113323
2 0.406767 0.044507 0.428115 0.049279 0.413799 0.113323 0.392451 0.108552
2 0.434705 0.052380 0.451989 0.065787 0.411767 0.117641 0.394483 0.104234
2 0.456632 0.071399 0.466563 0.090890 0.408091 0.120683 0.398159 0.101192
2 0.450625 0.090890 0.460556 0.071399 0.519028 0.101192 0.509097 0.120683
2 0.465198 0.065787 0.482483 0.052380 0.522705 0.104234 0.505420 0.117641
2 0.489073 0.049279 0.510421 0.044507 0.524737 0.108552 0.503388 0.113323
2 0.517704 0.044507 0.539052 0.049279 0.524737 0.113323 0.503388 0.108552
2 0.545642 0.052380 0.562927 0.065787 0.522705 0.117641 0.505420 0.104234
2 0.567569 0.071399 0.577500 0.090890 0.519028 0.120683 0.509097 0.101192
2 0.561562 0.090890 0.571493 0.071399 0.629966 0.101192 0.620034 0.120683
2 0.576136 0.065787 0.593420 0.052380 0.633642 0.104234 0.616358 0.117641
2 0.600010 0.049279 0.621358 0.044507 0.635674 0.108552 0.614326 0.113323
2 0.628642 0.044507 0.649990 0.049279 0.635674 0.113323 0.614326 0.108552
2 0.656580 0.052380 0.673864 0.065787 0.633642 0.117641 0.616358 0.104234
2 0.678507 0.071399 0.688438 0.090890 0.629966 0.120683 0.620034 0.101192
2 0.672500 0.090890 0.682431 0.071399 0.740903 0.101192 0.730972 0.120683
2 0.687073 0.065787 0.704358 0.052380 0.744580 0.104234 0.727295 0.117641
2 0.710948 0.049279 0.732296 0.044507 0.746612 0.108552 0.725263 0.113323
2 0.739579 0.044507 0.760927 0.049279 0.746612 0.113323 0.725263 0.108552
2 0.767517 0.052380 0.784802 0.065787 0.744580 0.117641 0.727295 0.104234
2 0.789444 0.071399 0.799375 0.090890 0.740903 0.120683 0.730972 0.101192
2 0.783437 0.090890 0.793368 0.071399 0.851841 0.101192 0.841909 0.120683
2 0.798011 0.065787 0.815295 0.052380 0.855517 0.104234 0.838233 0.117641
2 0.821885 0.049279 0.843233 0.044507 0.857549 0.108552 0.836201 0.113323
2 0.850517 0.044507 0.871865 0.049279 0.857549 0.113323 0.836201 0.108552
2 0.878455 0.052380 0.895739 0.065787 0.855517 0.117641 0.838233 0.104234
2 0.900382 0.071399 0.910313 0.090890 0.851841 0.120683 0.841909 0.101192
2 0.894375 0.090890 0.904306 0.071399 0.962778 0.101192 0.952847 0.120683
2 0.908948 0.065787 0.926233 0.052380 0.966455 0.104234 0.949170 0.117641
2 0.932823 0.049279 0.954171 0.044507 0.968487 0.108552 0.947138 0.113323
2 0.961454 0.044507 0.982802 0.049279 0.968487 0.113323 0.947138 0.108552
2 0.019267 0.102320 0.040615 0.107091 0.026299 0.171136 0.004951 0.166364
2 0.047205 0.110192 0.064489 0.123600 0.024267 0.175454 0.006983 0.162046
2 0.069132 0.129211 0.079063 0.148702 0.020591 0.178495 0.010659 0.159005
2 0.063125 0.148702 0.073056 0.129211 0.131528 0.159005 0.121597 0.178495
2 0.077698 0.123600 0.094983 0.110192 0.135205 0.162046 0.117920 0.175454
2 0.101573 0.107091 0.122921 0.102320 0.137237 0.166364 0.115888 0.171136
2 0.130204 0.102320 0.151552 0.107091 0.137237 0.171136 0.115888 0.166364
2 0.158142 0.110192 0.175427 0.123600 0.135205 0.175454 0.117920 0.162046
2 0.180069 0.129211 0.190000 0.148702 0.131528 0.178495 0.121597 0.159005
2 0.174062 0.148702 0.183993 0.129211 0.242466 0.159005 0.232534 0.178495
2 0.188636 0.123600 0.205920 0.110192 0.246142 0.162046 0.228858 0.175454
2 0.212510 0.107091 0.233858 0.102320 0.248174 0.166364 0.226826 0.171136
2 0.241142 0.102320 0.262490 0.107091 0.248174 0.171136 0.226826 0.166364
2 0.269080 0.110192 0.286364 0.123600 0.246142 0.175454 0.228858 0.162046
2 0.291007 0.129211 0.300938 0.148702 0.242466 0.178495 0.232534 0.159005
2 0.285000 0.148702 0.294931 0.129211 0.353403 0.159005 0.343472 0.178495
2 0.299573 0.123600 0.316858 0.110192 0.357080 0.162046 0.339795 0.175454
2 0.323448 0.107091 0.344796 0.102320 0.359112 0.166364 0.337763 0.171136
2 0.352079 0.102320 0.373427 0.107091 0.359112 0.171136 0.337763 0.166364
2 0.380017 0.110192 0.397302 0.123600 0.357080 0.175454 0.339795 0.162046
2 0.401944 0.129211 0.411875 0.148702 0.353403 0.178495 0.343472 0.159005
2 0.395937 0.148702 0.405868 0.129211 0.464341 0.159005 0.454409 0.178495
2 0.410511 0.123600 0.427795 0.110192 0.468017 0.162046 0.450733 0.175454
2 0.434385 0.107091 0.455733 0.102320 0.470049 0.166364 0.448701 0.171136
2 0.463017 0.102320 0.484365 0.107091 0.470049 0.171136 0.448701 0.166364
2 0.490955 0.110192 0.508239 0.123600 0.468017 0.175454 0.450733 0.162046
2 0.512882 0.129211 0.522813 0.148702 0.464341 0.178495 0.454409 0.159005
2 0.506875 0.148702 0.516806 0.129211 0.575278 0.159005 0.565347 0.178495
2 0.521448 0.123600 0.538733 0.110192 0.578955 0.162046 0.561670 0.175454
2 0.545323 0.107091 0.566671 0.102320 0.580987 0.166364 0.559638 0.171136
2 0.573954 0.102320 0.595302 0.107091 0.580987 0.171136 0.559638 0.166364
2 0.601892 0.110192 0.619177 0.123600 0.578955 0.175454 0.561670 0.162046
2 0.623819 0.129211 0.633750 0.148702 0.575278 0.178495 0.565347 0.159005
2 0.617812 0.148702 0.627743 0.129211 0.686216 0.159005 0.676284 0.178495
2 0.632386 0.123600 0.649670 0.110192 0.689892 0.162046 0.672608 0.175454
2 0.656260 0.107091 0.677608 0.102320 0.691924 0.166364 0.670576 0.171136
2 0.684892 0.102320 0.706240 0.107091 0.691924 0.171136 0.670576 0.166364
2 0.712830 0.110192 0.730114 0.123600 0.689892 0.175454 0.672608 0.162046
2 0.734757 0.129211 0.744688 0.148702 0.686216 0.178495 0.676284 0.159005
2 0.728750 0.148702 0.738681 0.129211 0.797153 0.159005 0.787222 0.178495
2 0.743323 0.123600 0.760608 0.110192 0.800830 0.162046 0.783545 0.175454
2 0.767198 0.107091 0.788546 0.102320 0.802862 0.166364 0.781513 0.171136
2 0.795829 0.102320 0.817177 0.107091 0.802862 0.171136 0.781513 0.166364
2 0.823767 0.110192 0.841052 0.123600 0.800830 0.175454 0.783545 0.162046
2 0.845694 0.129211 0.855625 0.148702 0.797153 0.178495 0.787222 0.159005
2 0.839687 0.148702 0.849618 0.129211 0.908091 0.159005 0.898159 0.178495
2 0.854261 0.123600 0.871545 0.110192 0.911767 0.162046 0.894483 0.175454
2 0.878135 0.107091 0.899483 0.102320 0.913799 0.166364 0.892451 0.171136
2 0.906767 0.102320 0.928115 0.107091 0.913799 0.171136 0.892451 0.166364
2 0.934705 0.110192 0.951989 0.123600 0.911767 0.175454 0.894483 0.162046
2 0.956632 0.129211 0.966563 0.148702 0.908091 0.178495 0.898159 0.159005
2 0.006875 0.206515 0.016806 0.187024 0.075278 0.216817 0.065347 0.236308
2 0.021448 0.181412 0.038733 0.168005 0.078955 0.219859 0.061670 0.233266
2 0.045323 0.164904 0.066671 0.160132 0.080987 0.224177 0.059638 0.228948
2 0.073954 0.160132 0.095302 0.164904 0.080987 0.228948 0.059638 0.224177
2 0.101892 0.168005 0.119177 0.181412 0.078955 0.233266 0.061670 0.219859
2 0.123819 0.187024 0.133750 0.206515 0.075278 0.236308 0.065347 0.216817
2 0.117812 0.206515 0.127743 0.187024 0.186216 0.216817 0.176284 0.236308
2 0.132386 0.181412 0.149670 0.168005 0.189892 0.219859 0.172608 0.233266
2 0.156260 0.164904 0.177608 0.160132 0.191924 0.224177 0.170576 0.228948
2 0.184892 0.160132 0.206240 0.164904 0.191924 0.228948 0.170576 0.224177
2 0.212830 0.168005 0.230114 0.181412 0.189892 0.233266 0.172608 0.219859
2 0.234757 0.187024 0.244688 0.206515 0.186216 0.236308 0.176284 0.216817
2 0.228750 0.206515 0.238681 0.187024 0.297153 0.216817 0.287222 0.236308
2 0.243323 0.181412 0.260608 0.168005 0.300830 0.219859 0.283545 0.233266
2 0.267198 0.164904 0.288546 0.160132 0.302862 0.224177 0.281513 0.228948
2 0.295829 0.160132 0.317177 0.164904 0.302862 0.228948 0.281513 0.224177
2 0.323767 0.168005 0.341052 0.181412 0.300830 0.233266 0.283545 0.219859
2 0.345694 0.187024 0.355625 0.206515 0.297153 0.236308 0.287222 0.216817
2 0.339687 0.206515 0.349618 0.187024 0.408091 0.216817 0.398159 0.236308
2 0.354261 0.181412 0.371545 0.168005 0.411767 0.219859 0.394483 0.233266
2 0.378135 0.164904 0.399483 0.160132 0.413799 0.224177 0.392451 0.228948
2 0.406767 0.160132 0.428115 0.164904 0.413799 0.228948 0.392451 0.224177
2 0.434705 0.168005 0.451989 0.181412 0.411767 0.233266 0.394483 0.219859
2 0.456632 0.187024 0.466563 0.206515 0.408091 0.236308 0.398159 0.216817
2 0.450625 0.206515 0.460556 0.187024 0.519028 0.216817 0.509097 0.236308
2 0.465198 0.181412 0.482483 0.168005 0.522705 0.219859 0.505420 0.233266
2 0.489073 0.164904 0.510421 0.160132 0.524737 0.224177 0.503388 0.228948
2 0.517704 0.160132 0.539052 0.164904 0.524737 0.228948 0.503388 0.224177
2 0.545642 0.168005 0.562927 0.181412 0.522705 0.233266 0.505420 0.219859
2 0.567569 0.187024 0.577500 0.206515 0.519028 0.236308 0.509097 0.216817
2 0.561562 0.206515 0.571493 0.187024 0.629966 0.216817 0.620034 0.236308
2 0.576136 0.181412 0.593420 0.168005 0.633642 0.219859 0.616358 0.233266
2 0.600010 0.164904 0.621358 0.160132 0.635674 0.224177 0.614326 0.228948
2 0.628642 0.160132 0.649990 0.164904 0.635674 0.228948 0.614326 0.224177
2 0.656580 0.168005 0.673864 0.181412 0.633642 0.233266 0.616358 0.219859
2 0.678507 0.187024 0.688438 0.206515 0.629966 0.236308 0.620034 0.216817
2 0.672500 0.206515 0.682431 0.187024 0.740903 0.216817 0.730972 0.236308
2 0.687073 0.181412 0.704358 0.168005 0.744580 0.219859 0.727295 0.233266
2 0.710948 0.164904 0.732296 0.160132 0.746612 0.224177 0.725263 0.228948
2 0.739579 0.160132 0.760927 0.164904 0.746612 0.228948 0.725263 0.224177
2 0.767517 0.168005 0.784802 0.181412 0.744580 0.233266 0.727295 0.219859
2 0.789444 0.187024 0.799375 0.206515 0.740903 0.236308 0.730972 0.216817
2 0.783437 0.206515 0.793368 0.187024 0.851841 0.216817 0.841909 0.236308
2 0.798011 0.181412 0.815295 0.168005 0.855517 0.219859 0.838233 0.233266
2 0.821885 0.164904 0.843233 0.160132 0.857549 0.224177 0.836201 0.228948
2 0.850517 0.160132 0.871865 0.164904 0.857549 0.228948 0.836201 0.224177
2 0.878455 0.168005 0.895739 0.181412 0.855517 0.233266 0.838233 0.219859
2 0.900382 0.187024 0.910313 0.206515 0.851841 0.236308 0.841909 0.216817
2 0.894375 0.206515 0.904306 0.187024 0.962778 0.216817 0.952847 0.236308
2 0.908948 0.181412 0.926233 0.168005 0.966455 0.219859 0.949170 0.233266
2 0.932823 0.164904 0.954171 0.160132 0.968487 0.224177 0.947138 0.228948
2 0.961454 0.160132 0.982802 0.164904 0.968487 0.228948 0.947138 0.224177
2 0.019267 0.217945 0.040615 0.222716 0.026299 0.286761 0.004951 0.281989
2 0.047205 0.225817 0.064489 0.239225 0.024267 0.291079 0.006983 0.277671
2 0.069132 0.244836 0.079063 0.264327 0.020591 0.294120 0.010659 0.274630
2 0.063125 0.264327 0.073056 0.244836 0.131528 0.274630 0.121597 0.294120
2 0.077698 0.239225 0.094983 0.225817 0.135205 0.277671 0.117920 0.291079
2 0.101573 0.222716 0.122921 0.217945 0.137237 0.281989 0.115888 0.286761
2 0.130204 0.217945 0.151552 0.222716 0.137237 0.286761 0.115888 0.281989
2 0.158142 0.225817 0.175427 0.239225 0.135205 0.291079 0.117920 0.277671
2 0.180069 0.244836 0.190000 0.264327 0.131528 0.294120 0.121597 0.274630
2 0.174062 0.264327 0.183993 0.244836 0.242466 0.274630 0.232534 0.294120
2 0.188636 0.239225 0.205920 0.225817 0.246142 0.277671 0.228858 0.291079
2 0.212510 0.222716 0.233858 0.217945 0.248174 0.281989 0.226826 0.286761
2 0.241142 0.217945 0.262490 0.222716 0.248174 0.286761 0.226826 0.281989
2 0.269080 0.225817 0.286364 0.239225 0.246142 0.291079 0.228858 0.277671
2 0.291007 0.244836 0.300938 0.264327 0.242466 0.294120 0.232534 0.274630
2 0.285000 0.264327 0.294931 0.244836 0.353403 0.274630 0.343472 0.294120
2 0.299573 0.239225 0.316858 0.225817 0.357080 0.277671 0.339795 0.291079
2 0.323448 0.222716 0.344796 0.217945 0.359112 0.281989 0.337763 0.286761
2 0.352079 0.217945 0.373427 0.222716 0.359112 0.286761 0.337763 0.281989
2 0.380017 0.225817 0.397302 0.239225 0.357080 0.291079 0.339795 0.277671
2 0.401944 0.244836 0.411875 0.264327 0.353403 0.294120 0.343472 0.274630
2 0.395937 0.264327 0.405868 0.244836 0.464341 0.274630 0.454409 0.294120
2 0.410511 0.239225 0.427795 0.225817 0.468017 0.277671 0.450733 0.291079
2 0.434385 0.222716 0.455733 0.217945 0.470049 0.281989 0.448701 0.286761
2 0.463017 0.217945 0.484365 0.222716 0.470049 0.286761 0.448701 0.281989
2 0.490955 0.225817 0.508239 0.239225 0.468017 0.291079 0.450733 0.277671
2 0.512882 0.244836 0.522813 0.264327 0.464341 0.294120 0.454409 0.274630
2 0.506875 0.264327 0.516806 0.244836 0.575278 0.274630 0.565347 0.294120
2 0.521448 0.239225 0.538733 0.225817 0.578955 0.277671 0.561670 0.291079
2 0.545323 0.222716 0.566671 0.217945 0.580987 0.281989 0.559638 0.286761
2 0.573954 0.217945 0.595302 0.222716 0.580987 0.286761 0.559638 0.281989
2 0.601892 0.225817 0.619177 0.239225 0.578955 0.291079 0.561670 0.277671
2 0.623819 0.244836 0.633750 0.264327 0.575278 0.294120 0.565347 0.274630
2 0.617812 0.264327 0.627743 0.244836 0.686216 0.274630 0.676284 0.294120
2 0.632386 0.239225 0.649670 0.225817 0.689892 0.277671 0.672608 0.291079
2 0.656260 0.222716 0.677608 0.217945 0.691924 0.281989 0.670576 0.286761
2 0.684892 0.217945 0.706240 0.222716 0.691924 0.286761 0.670576 0.281989
2 0.712830 0.225817 0.730114 0.239225 0.689892 0.291079 0.672608 0.277671
2 0.734757 0.244836 0.744688 0.264327 0.686216 0.294120 0.676284 0.274630
2 0.728750 0.264327 0.738681 0.244836 0.797153 0.274630 0.787222 0.294120
2 0.743323 0.239225 0.760608 0.225817 0.800830 0.277671 0.783545 0.291079
2 0.767198 0.222716 0.788546 0.217945 0.802862 0.281989 0.781513 0.286761
2 0.795829 0.217945 0.817177 0.222716 0.802862 0.286761 0.781513 0.281989
2 0.823767 0.225817 0.841052 0.239225 0.800830 0.291079 0.783545 0.277671
2 0.845694 0.244836 0.855625 0.264327 0.797153 0.294120 0.787222 0.274630
2 0.839687 0.264327 0.849618 0.244836 0.908091 0.274630 0.898159 0.294120
2 0.854261 0.239225 0.871545 0.225817 0.911767 0.277671 0.894483 0.291079
2 0.878135 0.222716 0.899483 0.217945 0.913799 0.281989 0.892451 0.286761
2 0.906767 0.217945 0.928115 0.222716 0.913799 0.286761 0.892451 0.281989
2 0.934705 0.225817 0.951989 0.239225 0.911767 0.291079 0.894483 0.277671
2 0.956632 0.244836 0.966563 0.264327 0.908091 0.294120 0.898159 0.274630
2 0.006875 0.322140 0.016806 0.302649 0.075278 0.332442 0.065347 0.351933
2 0.021448 0.297037 0.038733 0.283630 0.078955 0.335484 0.061670 0.348891
2 0.045323 0.280529 0.066671 0.275757 0.080987 0.339802 0.059638 0.344573
2 0.073954 0.275757 0.095302 0.280529 0.080987 0.344573 0.059638 0.339802
2 0.101892 0.283630 0.119177 0.297037 0.078955 0.348891 0.061670 0.335484
2 0.123819 0.302649 0.133750 0.322140 0.075278 0.351933 0.065347 0.332442
2 0.117812 0.322140 0.127743 0.302649 0.186216 0.332442 0.176284 0.351933
2 0.132386 0.297037 0.149670 0.283630 0.189892 0.335484 0.172608 0.348891
2 0.156260 0.280529 0.177608 0.275757 0.191924 0.339802 0.170576 0.344573
2 0.184892 0.275757 0.206240 0.280529 0.191924 0.344573 0.170576 0.339802
2 0.212830 0.283630 0.230114 0.297037 0.189892 0.348891 0.172608 0.335484
2 0.234757 0.302649 0.244688 0.322140 0.186216 0.351933 0.176284 0.332442
2 0.228750 0.322140 0.238681 0.302649 0.297153 0.332442 0.287222 0.351933
2 0.243323 0.297037 0.260608 0.283630 0.300830 0.335484 0.283545 0.348891
2 0.267198 0.280529 0.288546 0.275757 0.302862 0.339802 0.281513 0.344573
2 0.295829 0.275757 0.317177 0.280529 0.302862 0.344573 0.281513 0.339802
2 0.323767 0.283630 0.341052 0.297037 0.300830 0.348891 0.283545 0.335484
2 0.345694 0.302649 0.355625 0.322140 0.297153 0.351933 0.287222 0.332442
2 0.339687 0.322140 0.349618 0.302649 0.408091 0.332442 0.398159 0.351933
2 0.354261 0.297037 0.371545 0.283630 0.411767 0.335484 0.394483 0.348891
2 0.378135 0.280529 0.399483 0.275757 0.413799 0.339802 0.392451 0.344573
2 0.406767 0.275757 0.428115 0.280529 0.413799 0.344573 0.392451 0.339802
2 0.434705 0.283630 0.451989 0.297037 0.411767 0.348891 0.394483 0.335484
2 0.456632 0.302649 0.466563 0.322140 0.408091 0.351933 0.398159 0.332442
2 0.450625 0.322140 0.460556 0.302649 0.519028 0.332442 0.509097 0.351933
2 0.465198 0.297037 0.482483 0.283630 0.522705 0.335484 0.505420 0.348891
2 0.489073 0.280529 0.510421 0.275757 0.524737 0.339802 0.503388 0.344573
2 0.517704 0.275757 0.539052 0.280529 0.524737 0.344573 0.503388 0.339802
2 0.545642 0.283630 0.562927 0.297037 0.522705 0.348891 0.505420 0.335484
2 0.567569 0.302649 0.577500 0.322140 0.519028 0.351933 0.509097 0.332442
2 0.561562 0.322140 0.571493 0.302649 0.629966 0.332442 0.620034 0.351933
2 0.576136 0.297037 0.593420 0.283630 0.633642 0.335484 0.616358 0.348891
2 0.600010 0.280529 0.621358 0.275757 0.635674 0.339802 0.614326 0.344573
2 0.628642 0.275757 0.649990 0.280529 0.635674 0.344573 0.614326 0.339802
2 0.656580 0.283630 0.673864 0.297037 0.633642 0.348891 0.616358 0.335484
2 0.678507 0.302649 0.688438 0.322140 0.629966 0.351933 0.620034 0.332442
2 0.672500 0.322140 0.682431 0.302649 0.740903 0.332442 0.730972 0.351933
2 0.687073 0.297037 0.704358 0.283630 0.744580 0.335484 0.727295 0.348891
2 0.710948 0.280529 0.732296 0.275757 0.746612 0.339802 0.725263 0.344573
2 0.739579 0.275757 0.760927 0.280529 0.746612 0.344573 0.725263 0.339802
2 0.767517 0.283630 0.784802 0.297037 0.744580 0.348891 0.727295 0.335484
2 0.789444 0.302649 0.799375 0.322140 0.740903 0.351933 0.730972 0.332442
2 0.783437 0.322140 0.793368 0.302649 0.851841 0.332442 0.841909 0.351933
2 0.798011 0.297037 0.815295 0.283630 0.855517 0.335484 0.838233 0.348891
2 0.821885 0.280529 0.843233 0.275757 0.857549 0.339802 0.836201 0.344573
2 0.850517 0.275757 0.871865 0.280529 0.857549 0.344573 0.836201 0.339802
2 0.878455 0.283630 0.895739 0.297037 0.855517 0.348891 0.838233 0.335484
2 0.900382 0.302649 0.910313 0.322140 0.851841 0.351933 0.841909 0.332442
2 0.894375 0.322140 0.904306 0.302649 0.962778 0.332442 0.952847 0.351933
2 0.908948 0.297037 0.926233 0.283630 0.966455 0.335484 0.949170 0.348891
2 0.932823 0.280529 0.954171 0.275757 0.968487 0.339802 0.947138 0.344573
2 0.961454 0.275757 0.982802 0.280529 0.968487 0.344573 0.947138 0.339802
2 0.019267 0.333570 0.040615 0.338341 0.026299 0.402386 0.004951 0.397614
2 0.047205 0.341442 0.064489 0.354850 0.024267 0.406704 0.006983 0.393296
2 0.069132 0.360461 0.079063 0.379952 0.020591 0.409745 0.010659 0.390255
2 0.063125 0.379952 0.073056 0.360461 0.131528 0.390255 0.121597 0.409745
2 0.077698 0.354850 0.094983 0.341442 0.135205 0.393296 0.117920 0.406704
2 0.101573 0.338341 0.122921 0.333570 0.137237 0.397614 0.115888 0.402386
2 0.130204 0.333570 0.151552 0.338341 0.137237 0.402386 0.115888 0.397614
2 0.158142 0.341442 0.175427 0.354850 0.135205 0.406704 0.117920 0.393296
2 0.180069 0.360461 0.190000 0.379952 0.131528 0.409745 0.121597 0.390255
2 0.174062 0.379952 0.183993 0.360461 0.242466 0.390255 0.232534 0.409745
2 0.188636 0.354850 0.205920 0.341442 0.246142 0.393296 0.228858 0.406704
2 0.212510 0.338341 0.233858 0.333570 0.248174 0.397614 0.226826 0.402386
2 0.241142 0.333570 0.262490 0.338341 0.248174 0.402386 0.226826 0.397614
2 0.269080 0.341442 0.286364 0.354850 0.246142 0.406704 0.228858 0.393296
2 0.291007 0.360461 0.300938 0.379952 0.242466 0.409745 0.232534 0.390255
2 0.285000 0.379952 0.294931 0.360461 0.353403 0.390255 0.343472 0.409745
2 0.299573 0.354850 0.316858 0.341442 0.357080 0.393296 0.339795 0.406704
2 0.323448 0.338341 0.344796 0.333570 0.359112 0.397614 0.337763 0.402386
2 0.352079 0.333570 0.373427 0.338341 0.359112 0.402386 0.337763 0.397614
2 0.380017 0.341442 0.397302 0.354850 0.357080 0.406704 0.339795 0.393296
2 0.401944 0.360461 0.411875 0.379952 0.353403 0.409745 0.343472 0.390255
2 0.395937 0.379952 0.405868 0.360461 0.464341 0.390255 0.454409 0.409745
2 0.410511 0.354850 0.427795 0.341442 0.468017 0.393296 0.450733 0.406704
2 0.434385 0.338341 0.455733 0.333570 0.470049 0.397614 0.448701 0.402386
2 0.463017 0.333570 0.484365 0.338341 0.470049 0.402386 0.448701 0.397614
2 0.490955 0.341442 0.508239 0.354850 0.468017 0.406704 0.450733 0.393296
2 0.512882 0.360461 0.522813 0.379952 0.464341 0.409745 0.454409 0.390255
2 0.506875 0.379952 0.516806 0.360461 0.575278 0.390255 0.565347 0.409745
2 0.521448 0.354850 0.538733 0.341442 0.578955 0.393296 0.561670 0.406704
2 0.545323 0.338341 0.566671 0.333570 0.580987 0.397614 0.559638 0.402386
2 0.573954 0.333570 0.595302 0.338341 0.580987 0.402386 0.559638 0.397614
2 0.601892 0.341442 0.619177 0.354850 0.578955 0.406704 0.561670 0.393296
2 0.623819 0.360461 0.633750 0.379952 0.575278 0.409745 0.565347 0.390255
2 0.617812 0.379952 0.627743 0.360461 0.686216 0.390255 0.676284 0.409745
2 0.632386 0.354850 0.649670 0.341442 0.689892 0.393296 0.672608 0.406704
2 0.656260 0.338341 0.677608 0.333570 0.691924 0.397614 0.670576 0.402386
2 0.684892 0.333570 0.706240 0.338341 0.691924 0.402386 0.670576 0.397614
2 0.712830 0.341442 0.730114 0.354850 0.689892 0.406704 0.672608 0.393296
2 0.734757 0.360461 0.744688 0.379952 0.686216 0.409745 0.676284 0.390255
2 0.728750 0.379952 0.738681 0.360461 0.797153 0.390255 0.787222 0.409745
2 0.743323 0.354850 0.760608 0.341442 0.800830 0.393296 0.783545 0.406704
2 0.767198 0.338341 0.788546 0.333570 0.802862 0.397614 0.781513 0.402386
2 0.795829 0.333570 0.817177 0.338341 0.802862 0.402386 0.781513 0.397614
2 0.823767 0.341442 0.841052 0.354850 0.800830 0.406704 0.783545 0.393296
2 0.845694 0.360461 0.855625 0.379952 0.797153 0.409745 0.787222 0.390255
2 0.839687 0.379952 0.849618 0.360461 0.908091 0.390255 0.898159 0.409745
2 0.854261 0.354850 0.871545 0.341442 0.911767 0.393296 0.894483 0.406704
2 0.878135 0.338341 0.899483 0.333570 0.913799 0.397614 0.892451 0.402386
2 0.906767 0.333570 0.928115 0.338341 0.913799 0.402386 0.892451 0.397614
2 0.934705 0.341442 0.951989 0.354850 0.911767 0.406704 0.894483 0.393296
2 0.956632 0.360461 0.966563 0.379952 0.908091 0.409745 0.898159 0.390255
2 0.006875 0.437765 0.016806 0.418274 0.075278 0.448067 0.065347 0.467558
2 0.021448 0.412662 0.038733 0.399255 0.078955 0.451109 0.061670 0.464516
2 0.045323 0.396154 0.066671 0.391382 0.080987 0.455427 0.059638 0.460198
2 0.073954 0.391382 0.095302 0.396154 0.080987 0.460198 0.059638 0.455427
2 0.101892 0.399255 0.119177 0.412662 0.078955 0.464516 0.061670 0.451109
2 0.123819 0.418274 0.133750 0.437765 0.075278 0.467558 0.065347 0.448067
2 0.117812 0.437765 0.127743 0.418274 0.186216 0.448067 0.176284 0.467558
2 0.132386 0.412662 0.149670 0.399255 0.189892 0.451109 0.172608 0.464516
2 0.156260 0.396154 0.177608 0.391382 0.191924 0.455427 0.170576 0.460198
2 0.184892 0.391382 0.206240 0.396154 0.191924 0.460198 0.170576 0.455427
2 0.212830 0.399255 0.230114 0.412662 0.189892 0.464516 0.172608 0.451109
2 0.234757 0.418274 0.244688 0.437765 0.186216 0.467558 0.176284 0.448067
2 0.228750 0.437765 0.238681 0.418274 0.297153 0.448067 0.287222 0.467558
2 0.243323 0.412662 0.260608 0.399255 0.300830 0.451109 0.283545 0.464516
2 0.267198 0.396154 0.288546 0.391382 0.302862 0.455427 0.281513 0.460198
2 0.295829 0.391382 0.317177 0.396154 0.302862 0.460198 0.281513 0.455427
2 0.323767 0.399255 0.341052 0.412662 0.300830 0.464516 0.283545 0.451109
2 0.345694 0.418274 0.355625 0.437765 0.297153 0.467558 0.287222 0.448067
2 0.339687 0.437765 0.349618 0.418274 0.408091 0.448067 0.398159 0.467558
2 0.354261 0.412662 0.371545 0.399255 0.411767 0.451109 0.394483 0.464516
2 0.378135 0.396154 0.399483 0.391382 0.413799 0.455427 0.392451 0.460198
2 0.406767 0.391382 0.428115 0.396154 0.413799 0.460198 0.392451 0.455427
2 0.434705 0.399255 0.451989 0.412662 0.411767 0.464516 0.394483 0.451109
2 0.456632 0.418274 0.466563 0.437765 0.408091 0.467558 0.398159 0.448067
2 0.450625 0.437765 0.460556 0.418274 0.519028 0.448067 0.509097 0.467558
2 0.465198 0.412662 0.482483 0.399255 0.522705 0.451109 0.505420 0.464516
2 0.489073 0.396154 0.510421 0.391382 0.524737 0.455427 0.503388 0.460198
2 0.517704 0.391382 0.539052 0.396154 0.524737 0.460198 0.503388 0.455427
2 0.545642 0.399255 0.562927 0.412662 0.522705 0.464516 0.505420 0.451109
2 0.567569 0.418274 0.577500 0.437765 0.519028 0.467558 0.509097 0.448067
2 0.561562 0.437765 0.571493 0.418274 0.629966 0.448067 0.620034 0.467558
2 0.576136 0.412662 0.593420 0.399255 0.633642 0.451109 0.616358 0.464516
2 0.600010 0.396154 0.621358 0.391382 0.635674 0.455427 0.614326 0.460198
2 0.628642 0.391382 0.649990 0.396154 0.635674 0.460198 0.614326 0.455427
2 0.656580 0.399255 0.673864 0.412662 0.633642 0.464516 0.616358 0.451109
2 0.678507 0.418274 0.688438 0.437765 0.629966 0.467558 0.620034 0.448067
2 0.672500 0.437765 0.682431 0.418274 0.740903 0.448067 0.730972 0.467558
2 0.687073 0.412662 0.704358 0.399255 0.744580 0.451109 0.727295 0.464516
2 0.710948 0.396154 0.732296 0.391382 0.746612 0.455427 0.725263 0.460198
2 0.739579 0.391382 0.760927 0.396154 0.746612 0.460198 0.725263 0.455427
2 0.767517 0.399255 0.784802 0.412662 0.744580 0.464516 0.727295 0.451109
2 0.789444 0.418274 0.799375 0.437765 0.740903 0.467558 0.730972 0.448067
2 0.783437 0.437765 0.793368 0.418274 0.851841 0.448067 0.841909 0.467558
2 0.798011 0.412662 0.815295 0.399255 0.855517 0.451109 0.838233 0.464516
2 0.821885 0.396154 0.843233 0.391382 0.857549 0.455427 0.836201 0.460198
2 0.850517 0.391382 0.871865 0.396154 0.857549 0.460198 0.836201 0.455427
2 0.878455 0.399255 0.895739 0.412662 0.855517 0.464516 0.838233 0.451109
2 0.900382 0.418274 0.910313 0.437765 0.851841 0.467558 0.841909 0.448067
2 0.894375 0.437765 0.904306 0.418274 0.962778 0.448067 0.952847 0.467558
2 0.908948 0.412662 0.926233 0.399255 0.966455 0.451109 0.949170 0.464516
2 0.932823 0.396154 0.954171 0.391382 0.968487 0.455427 0.947138 0.460198
2 0.961454 0.391382 0.982802 0.396154 0.968487 0.460198 0.947138 0.455427
2 0.019267 0.449195 0.040615 0.453966 0.026299 0.518011 0.004951 0.513239
2 0.047205 0.457067 0.064489 0.470475 0.024267 0.522329 0.006983 0.508921
2 0.069132 0.476086 0.079063 0.495577 0.020591 0.525370 0.010659 0.505880
2 0.063125 0.495577 0.073056 0.476086 0.131528 0.505880 0.121597 0.525370
2 0.077698 0.470475 0.094983 0.457067 0.135205 0.508921 0.117920 0.522329
2 0.101573 0.453966 0.122921 0.449195 0.137237 0.513239 0.115888 0.518011
2 0.130204 0.449195 0.151552 0.453966 0.137237 0.518011 0.115888 0.513239
2 0.158142 0.457067 0.175427 0.470475 0.135205 0.522329 0.117920 0.508921
2 0.180069 0.476086 0.190000 0.495577 0.131528 0.525370 0.121597 0.505880
2 0.174062 0.495577 0.183993 0.476086 0.242466 0.505880 0.232534 0.525370
2 0.188636 0.470475 0.205920 0.457067 0.246142 0.508921 0.228858 0.522329
2 0.212510 0.453966 0.233858 0.449195 0.248174 0.513239 0.226826 0.518011
2 0.241142 0.449195 0.262490 0.453966 0.248174 0.518011 0.226826 0.513239
2 0.269080 0.457067 0.286364 0.470475 0.246142 0.522329 0.228858 0.508921
2 0.291007 0.476086 0.300938 0.495577 0.242466 0.525370 0.232534 0.505880
2 0.285000 0.495577 0.294931 0.476086 0.353403 0.505880 0.343472 0.525370
2 0.299573 0.470475 0.316858 0.457067 0.357080 0.508921 0.339795 0.522329
2 0.323448 0.453966 0.344796 0.449195 0.359112 0.513239 0.337763 0.518011
2 0.352079 0.449195 0.373427 0.453966 0.359112 0.518011 0.337763 0.513239
2 0.380017 0.457067 0.397302 0.470475 0.357080 0.522329 0.339795 0.508921
2 0.401944 0.476086 0.411875 0.495577 0.353403 0.525370 0.343472 0.505880
2 0.395937 0.495577 0.405868 0.476086 0.464341 0.505880 0.454409 0.525370
2 0.410511 0.470475 0.427795 0.457067 0.468017 0.508921 0.450733 0.522329
2 0.434385 0.453966 0.455733 0.449195 0.470049 0.513239 0.448701 0.518011
2 0.463017 0.449195 0.484365 0.453966 0.470049 0.518011 0.448701 0.513239
2 0.490955 0.457067 0.508239 0.470475 0.468017 0.522329 0.450733 0.508921
2 0.512882 0.476086 0.522813 0.495577 0.464341 0.525370 0.454409 0.505880
2 0.506875 0.495577 0.516806 0.476086 0.575278 0.505880 0.565347 0.525370
2 0.521448 0.470475 0.538733 0.457067 0.578955 0.508921 0.561670 0.522329
2 0.545323 0.453966 0.566671 0.449195 0.580987 0.513239 0.559638 0.518011
2 0.573954 0.449195 0.595302 0.453966 0.580987 0.518011 0.559638 0.513239
2 0.601892 0.457067 0.619177 0.470475 0.578955 0.522329 0.561670 0.508921
2 0.623819 0.476086 0.633750 0.495577 0.575278 0.525370 0.565347 0.505880
2 0.617812 0.495577 0.627743 0.476086 0.686216 0.505880 0.676284 0.525370
2 0.632386 0.470475 0.649670 0.457067 0.689892 0.508921 0.672608 0.522329
2 0.656260 0.453966 0.677608 0.449195 0.691924 0.513239 0.670576 0.518011
2 0.684892 0.449195 0.706240 0.453966 0.691924 0.518011 0.670576 0.513239
2 0.712830 0.457067 0.730114 0.470475 0.689892 0.522329 0.672608 0.508921
2 0.734757 0.476086 0.744688 0.495577 0.686216 0.525370 0.676284 0.505880
2 0.728750 0.495577 0.738681 0.476086 0.797153 0.505880 0.787222 0.525370
2 0.743323 0.470475 0.760608 0.457067 0.800830 0.508921 0.783545 0.522329
2 0.767198 0.453966 0.788546 0.449195 0.802862 0.513239 0.781513 0.518011
2 0.795829 0.449195 0.817177 0.453966 0.802862 0.518011 0.781513 0.513239
2 0.823767 0.457067 0.841052 0.470475 0.800830 0.522329 0.783545 0.508921
2 0.845694 0.476086 0.855625 0.495577 0.797153 0.525370 0.787222 0.505880
2 0.839687 0.495577 0.849618 0.476086 0.908091 0.505880 0.898159 0.525370
2 0.854261 0.470475 0.871545 0.457067 0.911767 0.508921 0.894483 0.522329
2 0.878135 0.453966 0.899483 0.449195 0.913799 0.513239 0.892451 0.518011
2 0.906767 0.449195 0.928115 0.453966 0.913799 0.518011 0.892451 0.513239
2 0.934705 0.457067 0.951989 0.470475 0.911767 0.522329 0.894483 0.508921
2 0.956632 0.476086 0.966563 0.495577 0.908091 0.525370 0.898159 0.505880
2 0.006875 0.553390 0.016806 0.533899 0.075278 0.563692 0.065347 0.583183
2 0.021448 0.528287 0.038733 0.514880 0.078955 0.566734 0.061670 0.580141
2 0.045323 0.511779 0.066671 0.507007 0.080987 0.571052 0.059638 0.575823
2 0.073954 0.507007 0.095302 0.511779 0.080987 0.575823 0.059638 0.571052
2 0.101892 0.514880 0.119177 0.528287 0.078955 0.580141 0.061670 0.566734
2 0.123819 0.533899 0.133750 0.553390 0.075278 0.583183 0.065347 0.563692
2 0.117812 0.553390 0.127743 0.533899 0.186216 0.563692 0.176284 0.583183
2 0.132386 0.528287 0.149670 0.514880 0.189892 0.566734 0.172608 0.580141
2 0.156260 0.511779 0.177608 0.507007 0.191924 0.571052 0.170576 0.575823
2 0.184892 0.507007 0.206240 0.511779 0.191924 0.575823 0.170576 0.571052
2 0.212830 0.514880 0.230114 0.528287 0.189892 0.580141 0.172608 0.566734
2 0.234757 0.533899 0.244688 0.553390 0.186216 0.583183 0.176284 0.563692
2 0.228750 0.553390 0.238681 0.533899 0.297153 0.563692 0.287222 0.583183
2 0.243323 0.528287 0.260608 0.514880 0.300830 0.566734 0.283545 0.580141
2 0.267198 0.511779 0.288546 0.507007 0.302862 0.571052 0.281513 0.575823
2 0.295829 0.507007 0.317177 0.511779 0.302862 0.575823 0.281513 0.571052
2 0.323767 0.514880 0.341052 0.528287 0.300830 0.580141 0.283545 0.566734
2 0.345694 0.533899 0.355625 0.553390 0.297153 0.583183 0.287222 0.563692
2 0.339687 0.553390 0.349618 0.533899 0.408091 0.563692 0.398159 0.583183
2 0.354261 0.528287 0.371545 0.514880 0.411767 0.566734 0.394483 0.580141
2 0.378135 0.511779 0.399483 0.507007 0.413799 0.571052 0.392451 0.575823
2 0.406767 0.507007 0.428115 0.511779 0.413799 0.575823 0.392451 0.571052
2 0.434705 0.514880 0.451989 0.528287 0.411767 0.580141 0.394483 0.566734
2 0.456632 0.533899 0.466563 0.553390 0.408091 0.583183 0.398159 0.563692
2 0.450625 0.553390 0.460556 0.533899 0.519028 0.563692 0.509097 0.583183
2 0.465198 0.528287 0.482483 0.514880 0.522705 0.566734 0.505420 0.580141
2 0.489073 0.511779 0.510421 0.507007 0.524737 0.571052 0.503388 0.575823
2 0.517704 0.507007 0.539052 0.511779 0.524737 0.575823 0.503388 0.571052
2 0.545642 0.514880 0.562927 0.528287 0.522705 0.580141 0.505420 0.566734
2 0.567569 0.533899 0.577500 0.553390 0.519028 0.583183 0.509097 0.563692
2 0.561562 0.553390 0.571493 0.533899 0.629966 0.563692 0.620034 0.583183
2 0.576136 0.528287 0.593420 0.514880 0.633642 0.566734 0.616358 0.580141
2 0.600010 0.511779 0.621358 0.507007 0.635674 0.571052 0.614326 0.575823
2 0.628642 0.507007 0.649990 0.511779 0.635674 0.575823 0.614326 0.571052
2 0.656580 0.514880 0.673864 0.528287 0.633642 0.580141 0.616358 0.566734
2 0.678507 0.533899 0.688438 0.553390 0.629966 0.583183 0.620034 0.563692
2 0.672500 0.553390 0.682431 0.533899 0.740903 0.563692 0.730972 0.583183
2 0.687073 0.528287 0.704358 0.514880 0.744580 0.566734 0.727295 0.580141
2 0.710948 0.511779 0.732296 0.507007 0.746612 0.571052 0.725263 0.575823
2 0.739579 0.507007 0.760927 0.511779 0.746612 0.575823 0.725263 0.571052
2 0.767517 0.514880 0.784802 0.528287 0.744580 0.580141 0.727295 0.566734
2 0.789444 0.533899 0.799375 0.553390 0.740903 0.583183 0.730972 0.563692
2 0.783437 0.553390 0.793368 0.533899 0.851841 0.563692 0.841909 0.583183
2 0.798011 0.528287 0.815295 0.514880 0.855517 0.566734 0.838233 0.580141
2 0.821885 0.511779 0.843233 0.507007 0.857549 0.571052 0.836201 0.575823
2 0.850517 0.507007 0.871865 0.511779 0.857549 0.575823 0.836201 0.571052
2 0.878455 0.514880 0.895739 0.528287 0.855517 0.580141 0.838233 0.566734
2 0.900382 0.533899 0.910313 0.553390 0.851841 0.583183 0.841909 0.563692
2 0.894375 0.553390 0.904306 0.533899 0.962778 0.563692 0.952847 0.583183
2 0.908948 0.528287 0.926233 0.514880 0.966455 0.566734 0.949170 0.580141
2 0.932823 0.511779 0.954171 0.507007 0.968487 0.571052 0.947138 0.575823
2 0.961454 0.507007 0.982802 0.511779 0.968487 0.575823 0.947138 0.571052