4 0.034430 0.056623 0.047500 0.045461 0.079972 0.083481 0.066903 0.094644
4 0.040741 0.050271 0.055569 0.041580 0.080852 0.084717 0.066023 0.093408
4 0.048069 0.045127 0.064194 0.039178 0.081500 0.086088 0.065375 0.092037
4 0.056188 0.041352 0.073108 0.038330 0.081897 0.087552 0.064978 0.090573
4 0.064844 0.039062 0.082031 0.039062 0.082031 0.089063 0.064844 0.089063
4 0.073767 0.038330 0.090687 0.041352 0.081897 0.090573 0.064978 0.087552
4 0.082681 0.039178 0.098806 0.045127 0.081500 0.092037 0.065375 0.086088
4 0.091306 0.041580 0.106134 0.050271 0.080852 0.093408 0.066023 0.084717
4 0.099375 0.045461 0.112445 0.056623 0.079972 0.094644 0.066903 0.083481
4 0.095368 0.056623 0.108437 0.045461 0.140910 0.083481 0.127840 0.094644
4 0.101678 0.050271 0.116506 0.041580 0.141789 0.084717 0.126961 0.093408
4 0.109007 0.045127 0.125132 0.039178 0.142438 0.086088 0.126312 0.092037
4 0.117125 0.041352 0.134045 0.038330 0.142835 0.087552 0.125915 0.090573
4 0.125781 0.039062 0.142969 0.039062 0.142969 0.089063 0.125781 0.089063
4 0.134705 0.038330 0.151625 0.041352 0.142835 0.090573 0.125915 0.087552
4 0.143618 0.039178 0.159743 0.045127 0.142438 0.092037 0.126312 0.086088
4 0.152244 0.041580 0.167072 0.050271 0.141789 0.093408 0.126961 0.084717
4 0.160313 0.045461 0.173382 0.056623 0.140910 0.094644 0.127840 0.083481
4 0.156305 0.056623 0.169375 0.045461 0.201847 0.083481 0.188778 0.094644
4 0.162616 0.050271 0.177444 0.041580 0.202727 0.084717 0.187898 0.093408
4 0.169944 0.045127 0.186069 0.039178 0.203375 0.086088 0.187250 0.092037
4 0.178063 0.041352 0.194983 0.038330 0.203772 0.087552 0.186853 0.090573
4 0.186719 0.039062 0.203906 0.039062 0.203906 0.089063 0.186719 0.089063
4 0.195642 0.038330 0.212562 0.041352 0.203772 0.090573 0.186853 0.087552
4 0.204556 0.039178 0.220681 0.045127 0.203375 0.092037 0.187250 0.086088
4 0.213181 0.041580 0.228009 0.050271 0.202727 0.093408 0.187898 0.084717
4 0.221250 0.045461 0.234320 0.056623 0.201847 0.094644 0.188778 0.083481
4 0.217243 0.056623 0.230312 0.045461 0.262785 0.083481 0.249715 0.094644
4 0.223553 0.050271 0.238381 0.041580 0.263664 0.084717 0.248836 0.093408
4 0.230882 0.045127 0.247007 0.039178 0.264313 0.086088 0.248187 0.092037
4 0.239000 0.041352 0.255920 0.038330 0.264710 0.087552 0.247790 0.090573
4 0.247656 0.039062 0.264844 0.039062 0.264844 0.089063 0.247656 0.089063
4 0.256580 0.038330 0.273500 0.041352 0.264710 0.090573 0.247790 0.087552
4 0.265493 0.039178 0.281618 0.045127 0.264313 0.092037 0.248187 0.086088
4 0.274119 0.041580 0.288947 0.050271 0.263664 0.093408 0.248836 0.084717
4 0.282188 0.045461 0.295257 0.056623 0.262785 0.094644 0.249715 0.083481
4 0.278180 0.056623 0.291250 0.045461 0.323722 0.083481 0.310653 0.094644
4 0.284491 0.050271 0.299319 0.041580 0.324602 0.084717 0.309773 0.093408
4 0.291819 0.045127 0.307944 0.039178 0.325250 0.086088 0.309125 0.092037
4 0.299938 0.041352 0.316858 0.038330 0.325647 0.087552 0.308728 0.090573
4 0.308594 0.039062 0.325781 0.039062 0.325781 0.089063 0.308594 0.089063
4 0.317517 0.038330 0.334437 0.041352 0.325647 0.090573 0.308728 0.087552
4 0.326431 0.039178 0.342556 0.045127 0.325250 0.092037 0.309125 0.086088
4 0.335056 0.041580 0.349884 0.050271 0.324602 0.093408 0.309773 0.084717
4 0.343125 0.045461 0.356195 0.056623 0.323722 0.094644 0.310653 0.083481
4 0.339118 0.056623 0.352187 0.045461 0.384660 0.083481 0.371590 0.094644
4 0.345428 0.050271 0.360256 0.041580 0.385539 0.084717 0.370711 0.093408
4 0.352757 0.045127 0.368882 0.039178 0.386188 0.086088 0.370062 0.092037
4 0.360875 0.041352 0.377795 0.038330 0.386585 0.087552 0.369665 0.090573
4 0.369531 0.039062 0.386719 0.039062 0.386719 0.089063 0.369531 0.089063
4 0.378455 0.038330 0.395375 0.041352 0.386585 0.090573 0.369665 0.087552
4 0.387368 0.039178 0.403493 0.045127 0.386188 0.092037 0.370062 0.086088
4 0.395994 0.041580 0.410822 0.050271 0.385539 0.093408 0.370711 0.084717
4 0.404063 0.045461 0.417132 0.056623 0.384660 0.094644 0.371590 0.083481
4 0.400055 0.056623 0.413125 0.045461 0.445597 0.083481 0.432528 0.094644
4 0.406366 0.050271 0.421194 0.041580 0.446477 0.084717 0.431648 0.093408
4 0.413694 0.045127 0.429819 0.039178 0.447125 0.086088 0.431000 0.092037
4 0.421813 0.041352 0.438733 0.038330 0.447522 0.087552 0.430603 0.090573
4 0.430469 0.039062 0.447656 0.039062 0.447656 0.089063 0.430469 0.089063
4 0.439392 0.038330 0.456312 0.041352 0.447522 0.090573 0.430603 0.087552
4 0.448306 0.039178 0.464431 0.045127 0.447125 0.092037 0.431000 0.086088
4 0.456931 0.041580 0.471759 0.050271 0.446477 0.093408 0.431648 0.084717
4 0.465000 0.045461 0.478070 0.056623 0.445597 0.094644 0.432528 0.083481
4 0.460993 0.056623 0.474062 0.045461 0.506535 0.083481 0.493465 0.094644
4 0.467303 0.050271 0.482131 0.041580 0.507414 0.084717 0.492586 0.093408
4 0.474632 0.045127 0.490757 0.039178 0.508063 0.086088 0.491937 0.092037
4 0.482750 0.041352 0.499670 0.038330 0.508460 0.087552 0.491540 0.090573
4 0.491406 0.039062 0.508594 0.039062 0.508594 0.089063 0.491406 0.089063
4 0.500330 0.038330 0.517250 0.041352 0.508460 0.090573 0.491540 0.087552
4 0.509243 0.039178 0.525368 0.045127 0.508063 0.092037 0.491937 0.086088
4 0.517869 0.041580 0.532697 0.050271 0.507414 0.093408 0.492586 0.084717
4 0.525938 0.045461 0.539007 0.056623 0.506535 0.094644 0.493465 0.083481
4 0.521930 0.056623 0.535000 0.045461 0.567472 0.083481 0.554403 0.094644
4 0.528241 0.050271 0.543069 0.041580 0.568352 0.084717 0.553523 0.093408
4 0.535569 0.045127 0.551694 0.039178 0.569000 0.086088 0.552875 0.092037
4 0.543688 0.041352 0.560608 0.038330 0.569397 0.087552 0.552478 0.090573
4 0.552344 0.039062 0.569531 0.039062 0.569531 0.089063 0.552344 0.089063
4 0.561267 0.038330 0.578187 0.041352 0.569397 0.090573 0.552478 0.087552
4 0.570181 0.039178 0.586306 0.045127 0.569000 0.092037 0.552875 0.086088
4 0.578806 0.041580 0.593634 0.050271 0.568352 0.093408 0.553523 0.084717
4 0.586875 0.045461 0.599945 0.056623 0.567472 0.094644 0.554403 0.083481
4 0.582868 0.056623 0.595937 0.045461 0.628410 0.083481 0.615340 0.094644
4 0.589178 0.050271 0.604006 0.041580 0.629289 0.084717 0.614461 0.093408
4 0.596507 0.045127 0.612632 0.039178 0.629938 0.086088 0.613812 0.092037
4 0.604625 0.041352 0.621545 0.038330 0.630335 0.087552 0.613415 0.090573
4 0.613281 0.039062 0.630469 0.039062 0.630469 0.089063 0.613281 0.089063
4 0.622205 0.038330 0.639125 0.041352 0.630335 0.090573 0.613415 0.087552
4 0.631118 0.039178 0.647243 0.045127 0.629938 0.092037 0.613812 0.086088
4 0.639744 0.041580 0.654572 0.050271 0.629289 0.093408 0.614461 0.084717
4 0.647813 0.045461 0.660882 0.056623 0.628410 0.094644 0.615340 0.083481
4 0.643805 0.056623 0.656875 0.045461 0.689347 0.083481 0.676278 0.094644
4 0.650116 0.050271 0.664944 0.041580 0.690227 0.084717 0.675398 0.093408
4 0.657444 0.045127 0.673569 0.039178 0.690875 0.086088 0.674750 0.092037
4 0.665563 0.041352 0.682483 0.038330 0.691272 0.087552 0.674353 0.090573
4 0.674219 0.039062 0.691406 0.039062 0.691406 0.089063 0.674219 0.089063
4 0.683142 0.038330 0.700062 0.041352 0.691272 0.090573 0.674353 0.087552
4 0.692056 0.039178 0.708181 0.045127 0.690875 0.092037 0.674750 0.086088
4 0.700681 0.041580 0.715509 0.050271 0.690227 0.093408 0.675398 0.084717
4 0.708750 0.045461 0.721820 0.056623 0.689347 0.094644 0.676278 0.083481
4 0.704743 0.056623 0.717812 0.045461 0.750285 0.083481 0.737215 0.094644
4 0.711053 0.050271 0.725881 0.041580 0.751164 0.084717 0.736336 0.093408
4 0.718382 0.045127 0.734507 0.039178 0.751813 0.086088 0.735687 0.092037
4 0.726500 0.041352 0.743420 0.038330 0.752210 0.087552 0.735290 0.090573
4 0.735156 0.039062 0.752344 0.039062 0.752344 0.089063 0.735156 0.089063
4 0.744080 0.038330 0.761000 0.041352 0.752210 0.090573 0.735290 0.087552
4 0.752993 0.039178 0.769118 0.045127 0.751813 0.092037 0.735687 0.086088
4 0.761619 0.041580 0.776447 0.050271 0.751164 0.093408 0.736336 0.084717
4 0.769688 0.045461 0.782757 0.056623 0.750285 0.094644 0.737215 0.083481
4 0.004743 0.111311 0.017812 0.100149 0.050285 0.138169 0.037215 0.149331
4 0.011053 0.104959 0.025881 0.096268 0.051164 0.139405 0.036336 0.148095
4 0.018382 0.099815 0.034507 0.093866 0.051813 0.140776 0.035687 0.146724
4 0.026500 0.096039 0.043420 0.093018 0.052210 0.142239 0.035290 0.145261
4 0.035156 0.093750 0.052344 0.093750 0.052344 0.143750 0.035156 0.143750
4 0.044080 0.093018 0.061000 0.096039 0.052210 0.145261 0.035290 0.142239
4 0.052993 0.093866 0.069118 0.099815 0.051813 0.146724 0.035687 0.140776
4 0.061619 0.096268 0.076447 0.104959 0.051164 0.148095 0.036336 0.139405
4 0.069688 0.100149 0.082757 0.111311 0.050285 0.149331 0.037215 0.138169
4 0.065680 0.111311 0.078750 0.100149 0.111222 0.138169 0.098153 0.149331
4 0.071991 0.104959 0.086819 0.096268 0.112102 0.139405 0.097273 0.148095
4 0.079319 0.099815 0.095444 0.093866 0.112750 0.140776 0.096625 0.146724
4 0.087438 0.096039 0.104358 0.093018 0.113147 0.142239 0.096228 0.145261
4 0.096094 0.093750 0.113281 0.093750 0.113281 0.143750 0.096094 0.143750
4 0.105017 0.093018 0.121937 0.096039 0.113147 0.145261 0.096228 0.142239
4 0.113931 0.093866 0.130056 0.099815 0.112750 0.146724 0.096625 0.140776
4 0.122556 0.096268 0.137384 0.104959 0.112102 0.148095 0.097273 0.139405
4 0.130625 0.100149 0.143695 0.111311 0.111222 0.149331 0.098153 0.138169
4 0.126618 0.111311 0.139687 0.100149 0.172160 0.138169 0.159090 0.149331
4 0.132928 0.104959 0.147756 0.096268 0.173039 0.139405 0.158211 0.148095
4 0.140257 0.099815 0.156382 0.093866 0.173688 0.140776 0.157562 0.146724
4 0.148375 0.096039 0.165295 0.093018 0.174085 0.142239 0.157165 0.145261
4 0.157031 0.093750 0.174219 0.093750 0.174219 0.143750 0.157031 0.143750
4 0.165955 0.093018 0.182875 0.096039 0.174085 0.145261 0.157165 0.142239
4 0.174868 0.093866 0.190993 0.099815 0.173688 0.146724 0.157562 0.140776
4 0.183494 0.096268 0.198322 0.104959 0.173039 0.148095 0.158211 0.139405
4 0.191563 0.100149 0.204632 0.111311 0.172160 0.149331 0.159090 0.138169
4 0.187555 0.111311 0.200625 0.100149 0.233097 0.138169 0.220028 0.149331
4 0.193866 0.104959 0.208694 0.096268 0.233977 0.139405 0.219148 0.148095
4 0.201194 0.099815 0.217319 0.093866 0.234625 0.140776 0.218500 0.146724
4 0.209313 0.096039 0.226233 0.093018 0.235022 0.142239 0.218103 0.145261
4 0.217969 0.093750 0.235156 0.093750 0.235156 0.143750 0.217969 0.143750
4 0.226892 0.093018 0.243812 0.096039 0.235022 0.145261 0.218103 0.142239
4 0.235806 0.093866 0.251931 0.099815 0.234625 0.146724 0.218500 0.140776
4 0.244431 0.096268 0.259259 0.104959 0.233977 0.148095 0.219148 0.139405
4 0.252500 0.100149 0.265570 0.111311 0.233097 0.149331 0.220028 0.138169
4 0.248493 0.111311 0.261562 0.100149 0.294035 0.138169 0.280965 0.149331
4 0.254803 0.104959 0.269631 0.096268 0.294914 0.139405 0.280086 0.148095
4 0.262132 0.099815 0.278257 0.093866 0.295563 0.140776 0.279437 0.146724
4 0.270250 0.096039 0.287170 0.093018 0.295960 0.142239 0.279040 0.145261
4 0.278906 0.093750 0.296094 0.093750 0.296094 0.143750 0.278906 0.143750
4 0.287830 0.093018 0.304750 0.096039 0.295960 0.145261 0.279040 0.142239
4 0.296743 0.093866 0.312868 0.099815 0.295563 0.146724 0.279437 0.140776
4 0.305369 0.096268 0.320197 0.104959 0.294914 0.148095 0.280086 0.139405
4 0.313438 0.100149 0.326507 0.111311 0.294035 0.149331 0.280965 0.138169
4 0.309430 0.111311 0.322500 0.100149 0.354972 0.138169 0.341903 0.149331
4 0.315741 0.104959 0.330569 0.096268 0.355852 0.139405 0.341023 0.148095
4 0.323069 0.099815 0.339194 0.093866 0.356500 0.140776 0.340375 0.146724
4 0.331188 0.096039 0.348108 0.093018 0.356897 0.142239 0.339978 0.145261
4 0.339844 0.093750 0.357031 0.093750 0.357031 0.143750 0.339844 0.143750
4 0.348767 0.093018 0.365687 0.096039 0.356897 0.145261 0.339978 0.142239
4 0.357681 0.093866 0.373806 0.099815 0.356500 0.146724 0.340375 0.140776
4 0.366306 0.096268 0.381134 0.104959 0.355852 0.148095 0.341023 0.139405
4 0.374375 0.100149 0.387445 0.111311 0.354972 0.149331 0.341903 0.138169
4 0.370368 0.111311 0.383437 0.100149 0.415910 0.138169 0.402840 0.149331
4 0.376678 0.104959 0.391506 0.096268 0.416789 0.139405 0.401961 0.148095
4 0.384007 0.099815 0.400132 0.093866 0.417438 0.140776 0.401312 0.146724
4 0.392125 0.096039 0.409045 0.093018 0.417835 0.142239 0.400915 0.145261
4 0.400781 0.093750 0.417969 0.093750 0.417969 0.143750 0.400781 0.143750
4 0.409705 0.093018 0.426625 0.096039 0.417835 0.145261 0.400915 0.142239
4 0.418618 0.093866 0.434743 0.099815 0.417438 0.146724 0.401312 0.140776
4 0.427244 0.096268 0.442072 0.104959 0.416789 0.148095 0.401961 0.139405
4 0.435313 0.100149 0.448382 0.111311 0.415910 0.149331 0.402840 0.138169
4 0.431305 0.111311 0.444375 0.100149 0.476847 0.138169 0.463778 0.149331
4 0.437616 0.104959 0.452444 0.096268 0.477727 0.139405 0.462898 0.148095
4 0.444944 0.099815 0.461069 0.093866 0.478375 0.140776 0.462250 0.146724
4 0.453063 0.096039 0.469983 0.093018 0.478772 0.142239 0.461853 0.145261
4 0.461719 0.093750 0.478906 0.093750 0.478906 0.143750 0.461719 0.143750
4 0.470642 0.093018 0.487562 0.096039 0.478772 0.145261 0.461853 0.142239
4 0.479556 0.093866 0.495681 0.099815 0.478375 0.146724 0.462250 0.140776
4 0.488181 0.096268 0.503009 0.104959 0.477727 0.148095 0.462898 0.139405
4 0.496250 0.100149 0.509320 0.111311 0.476847 0.149331 0.463778 0.138169
4 0.492243 0.111311 0.505312 0.100149 0.537785 0.138169 0.524715 0.149331
4 0.498553 0.104959 0.513381 0.096268 0.538664 0.139405 0.523836 0.148095
4 0.505882 0.099815 0.522007 0.093866 0.539313 0.140776 0.523187 0.146724
4 0.514000 0.096039 0.530920 0.093018 0.539710 0.142239 0.522790 0.145261
4 0.522656 0.093750 0.539844 0.093750 0.539844 0.143750 0.522656 0.143750
4 0.531580 0.093018 0.548500 0.096039 0.539710 0.145261 0.522790 0.142239
4 0.540493 0.093866 0.556618 0.099815 0.539313 0.146724 0.523187 0.140776
4 0.549119 0.096268 0.563947 0.104959 0.538664 0.148095 0.523836 0.139405
4 0.557188 0.100149 0.570257 0.111311 0.537785 0.149331 0.524715 0.138169
4 0.553180 0.111311 0.566250 0.100149 0.598722 0.138169 0.585653 0.149331
4 0.559491 0.104959 0.574319 0.096268 0.599602 0.139405 0.584773 0.148095
4 0.566819 0.099815 0.582944 0.093866 0.600250 0.140776 0.584125 0.146724
4 0.574938 0.096039 0.591858 0.093018 0.600647 0.142239 0.583728 0.145261
4 0.583594 0.093750 0.600781 0.093750 0.600781 0.143750 0.583594 0.143750
4 0.592517 0.093018 0.609437 0.096039 0.600647 0.145261 0.583728 0.142239
4 0.601431 0.093866 0.617556 0.099815 0.600250 0.146724 0.584125 0.140776
4 0.610056 0.096268 0.624884 0.104959 0.599602 0.148095 0.584773 0.139405
4 0.618125 0.100149 0.631195 0.111311 0.598722 0.149331 0.585653 0.138169
4 0.614118 0.111311 0.627187 0.100149 0.659660 0.138169 0.646590 0.149331
4 0.620428 0.104959 0.635256 0.096268 0.660539 0.139405 0.645711 0.148095
4 0.627757 0.099815 0.643882 0.093866 0.661188 0.140776 0.645062 0.146724
4 0.635875 0.096039 0.652795 0.093018 0.661585 0.142239 0.644665 0.145261
4 0.644531 0.093750 0.661719 0.093750 0.661719 0.143750 0.644531 0.143750
4 0.653455 0.093018 0.670375 0.096039 0.661585 0.145261 0.644665 0.142239
4 0.662368 0.093866 0.678493 0.099815 0.661188 0.146724 0.645062 0.140776
4 0.670994 0.096268 0.685822 0.104959 0.660539 0.148095 0.645711 0.139405
4 0.679063 0.100149 0.692132 0.111311 0.659660 0.149331 0.646590 0.138169
4 0.675055 0.111311 0.688125 0.100149 0.720597 0.138169 0.707528 0.149331
4 0.681366 0.104959 0.696194 0.096268 0.721477 0.139405 0.706648 0.148095
4 0.688694 0.099815 0.704819 0.093866 0.722125 0.140776 0.706000 0.146724
4 0.696813 0.096039 0.713733 0.093018 0.722522 0.142239 0.705603 0.145261
4 0.705469 0.093750 0.722656 0.093750 0.722656 0.143750 0.705469 0.143750
4 0.714392 0.093018 0.731312 0.096039 0.722522 0.145261 0.705603 0.142239
4 0.723306 0.093866 0.739431 0.099815 0.722125 0.146724 0.706000 0.140776
4 0.731931 0.096268 0.746759 0.104959 0.721477 0.148095 0.706648 0.139405
4 0.740000 0.100149 0.753070 0.111311 0.720597 0.149331 0.707528 0.138169
4 0.034430 0.165998 0.047500 0.154836 0.079972 0.192856 0.066903 0.204019
4 0.040741 0.159646 0.055569 0.150955 0.080852 0.194092 0.066023 0.202783
4 0.048069 0.154502 0.064194 0.148553 0.081500 0.195463 0.065375 0.201412
4 0.056188 0.150727 0.073108 0.147705 0.081897 0.196927 0.064978 0.199948
4 0.064844 0.148438 0.082031 0.148438 0.082031 0.198437 0.064844 0.198437
4 0.073767 0.147705 0.090687 0.150727 0.081897 0.199948 0.064978 0.196927
4 0.082681 0.148553 0.098806 0.154502 0.081500 0.201412 0.065375 0.195463
4 0.091306 0.150955 0.106134 0.159646 0.080852 0.202783 0.066023 0.194092
4 0.099375 0.154836 0.112445 0.165998 0.079972 0.204019 0.066903 0.192856
4 0.095368 0.165998 0.108437 0.154836 0.140910 0.192856 0.127840 0.204019
4 0.101678 0.159646 0.116506 0.150955 0.141789 0.194092 0.126961 0.202783
4 0.109007 0.154502 0.125132 0.148553 0.142438 0.195463 0.126312 0.201412
4 0.117125 0.150727 0.134045 0.147705 0.142835 0.196927 0.125915 0.199948
4 0.125781 0.148438 0.142969 0.148438 0.142969 0.198437 0.125781 0.198437
4 0.134705 0.147705 0.151625 0.150727 0.142835 0.199948 0.125915 0.196927
4 0.143618 0.148553 0.159743 0.154502 0.142438 0.201412 0.126312 0.195463
4 0.152244 0.150955 0.167072 0.159646 0.141789 0.202783 0.126961 0.194092
4 0.160313 0.154836 0.173382 0.165998 0.140910 0.204019 0.127840 0.192856
4 0.156305 0.165998 0.169375 0.154836 0.201847 0.192856 0.188778 0.204019
4 0.162616 0.159646 0.177444 0.150955 0.202727 0.194092 0.187898 0.202783
4 0.169944 0.154502 0.186069 0.148553 0.203375 0.195463 0.187250 0.201412
4 0.178063 0.150727 0.194983 0.147705 0.203772 0.196927 0.186853 0.199948
4 0.186719 0.148438 0.203906 0.148438 0.203906 0.198437 0.186719 0.198437
4 0.195642 0.147705 0.212562 0.150727 0.203772 0.199948 0.186853 0.196927
4 0.204556 0.148553 0.220681 0.154502 0.203375 0.201412 0.187250 0.195463
4 0.213181 0.150955 0.228009 0.159646 0.202727 0.202783 0.187898 0.194092
4 0.221250 0.154836 0.234320 0.165998 0.201847 0.204019 0.188778 0.192856
4 0.217243 0.165998 0.230312 0.154836 0.262785 0.192856 0.249715 0.204019
4 0.223553 0.159646 0.238381 0.150955 0.263664 0.194092 0.248836 0.202783
4 0.230882 0.154502 0.247007 0.148553 0.264313 0.195463 0.248187 0.201412
4 0.239000 0.150727 0.255920 0.147705 0.264710 0.196927 0.247790 0.199948
4 0.247656 0.148438 0.264844 0.148438 0.264844 0.198437 0.247656 0.198437
4 0.256580 0.147705 0.273500 0.150727 0.264710 0.199948 0.247790 0.196927
4 0.265493 0.148553 0.281618 0.154502 0.264313 0.201412 0.248187 0.195463
4 0.274119 0.150955 0.288947 0.159646 0.263664 0.202783 0.248836 0.194092
4 0.282188 0.154836 0.295257 0.165998 0.262785 0.204019 0.249715 0.192856
4 0.278180 0.165998 0.291250 0.154836 0.323722 0.192856 0.310653 0.204019
4 0.284491 0.159646 0.299319 0.150955 0.324602 0.194092 0.309773 0.202783
4 0.291819 0.154502 0.307944 0.148553 0.325250 0.195463 0.309125 0.201412
4 0.299938 0.150727 0.316858 0.147705 0.325647 0.196927 0.308728 0.199948
4 0.308594 0.148438 0.325781 0.148438 0.325781 0.198437 0.308594 0.198437
4 0.317517 0.147705 0.334437 0.150727 0.325647 0.199948 0.308728 0.196927
4 0.326431 0.148553 0.342556 0.154502 0.325250 0.201412 0.309125 0.195463
4 0.335056 0.150955 0.349884 0.159646 0.324602 0.202783 0.309773 0.194092
4 0.343125 0.154836 0.356195 0.165998 0.323722 0.204019 0.310653 0.192856
4 0.339118 0.165998 0.352187 0.154836 0.384660 0.192856 0.371590 0.204019
4 0.345428 0.159646 0.360256 0.150955 0.385539 0.194092 0.370711 0.202783
4 0.352757 0.154502 0.368882 0.148553 0.386188 0.195463 0.370062 0.201412
4 0.360875 0.150727 0.377795 0.147705 0.386585 0.196927 0.369665 0.199948
4 0.369531 0.148438 0.386719 0.148438 0.386719 0.198437 0.369531 0.198437
4 0.378455 0.147705 0.395375 0.150727 0.386585 0.199948 0.369665 0.196927
4 0.387368 0.148553 0.403493 0.154502 0.386188 0.201412 0.370062 0.195463
4 0.395994 0.150955 0.410822 0.159646 0.385539 0.202783 0.370711 0.194092
4 0.404063 0.154836 0.417132 0.165998 0.384660 0.204019 0.371590 0.192856
4 0.400055 0.165998 0.413125 0.154836 0.445597 0.192856 0.432528 0.204019
4 0.406366 0.159646 0.421194 0.150955 0.446477 0.194092 0.431648 0.202783
4 0.413694 0.154502 0.429819 0.148553 0.447125 0.195463 0.431000 0.201412
4 0.421813 0.150727 0.438733 0.147705 0.447522 0.196927 0.430603 0.199948
4 0.430469 0.148438 0.447656 0.148438 0.447656 0.198437 0.430469 0.198437
4 0.439392 0.147705 0.456312 0.150727 0.447522 0.199948 0.430603 0.196927
4 0.448306 0.148553 0.464431 0.154502 0.447125 0.201412 0.431000 0.195463
4 0.456931 0.150955 0.471759 0.159646 0.446477 0.202783 0.431648 0.194092
4 0.465000 0.154836 0.478070 0.165998 0.445597 0.204019 0.432528 0.192856
4 0.460993 0.165998 0.474062 0.154836 0.506535 0.192856 0.493465 0.204019
4 0.467303 0.159646 0.482131 0.150955 0.507414 0.194092 0.492586 0.202783
4 0.474632 0.154502 0.490757 0.148553 0.508063 0.195463 0.491937 0.201412
4 0.482750 0.150727 0.499670 0.147705 0.508460 0.196927 0.491540 0.199948
4 0.491406 0.148438 0.508594 0.148438 0.508594 0.198437 0.491406 0.198437
4 0.500330 0.147705 0.517250 0.150727 0.508460 0.199948 0.491540 0.196927
4 0.509243 0.148553 0.525368 0.154502 0.508063 0.201412 0.491937 0.195463
4 0.517869 0.150955 0.532697 0.159646 0.507414 0.202783 0.492586 0.194092
4 0.525938 0.154836 0.539007 0.165998 0.506535 0.204019 0.493465 0.192856
4 0.521930 0.165998 0.535000 0.154836 0.567472 0.192856 0.554403 0.204019
4 0.528241 0.159646 0.543069 0.150955 0.568352 0.194092 0.553523 0.202783
4 0.535569 0.154502 0.551694 0.148553 0.569000 0.195463 0.552875 0.201412
4 0.543688 0.150727 0.560608 0.147705 0.569397 0.196927 0.552478 0.199948
4 0.552344 0.148438 0.569531 0.148438 0.569531 0.198437 0.552344 0.198437
4 0.561267 0.147705 0.578187 0.150727 0.569397 0.199948 0.552478 0.196927
4 0.570181 0.148553 0.586306 0.154502 0.569000 0.201412 0.552875 0.195463
4 0.578806 0.150955 0.593634 0.159646 0.568352 0.202783 0.553523 0.194092
4 0.586875 0.154836 0.599945 0.165998 0.567472 0.204019 0.554403 0.192856
4 0.582868 0.165998 0.595937 0.154836 0.628410 0.192856 0.615340 0.204019
4 0.589178 0.159646 0.604006 0.150955 0.629289 0.194092 0.614461 0.202783
4 0.596507 0.154502 0.612632 0.148553 0.629938 0.195463 0.613812 0.201412
4 0.604625 0.150727 0.621545 0.147705 0.630335 0.196927 0.613415 0.199948
4 0.613281 0.148438 0.630469 0.148438 0.630469 0.198437 0.613281 0.198437
4 0.622205 0.147705 0.639125 0.150727 0.630335 0.199948 0.613415 0.196927
4 0.631118 0.148553 0.647243 0.154502 0.629938 0.201412 0.613812 0.195463
4 0.639744 0.150955 0.654572 0.159646 0.629289 0.202783 0.614461 0.194092
4 0.647813 0.154836 0.660882 0.165998 0.628410 0.204019 0.615340 0.192856
4 0.643805 0.165998 0.656875 0.154836 0.689347 0.192856 0.676278 0.204019
4 0.650116 0.159646 0.664944 0.150955 0.690227 0.194092 0.675398 0.202783
4 0.657444 0.154502 0.673569 0.148553 0.690875 0.195463 0.674750 0.201412
4 0.665563 0.150727 0.682483 0.147705 0.691272 0.196927 0.674353 0.199948
4 0.674219 0.148438 0.691406 0.148438 0.691406 0.198437 0.674219 0.198437
4 0.683142 0.147705 0.700062 0.150727 0.691272 0.199948 0.674353 0.196927
4 0.692056 0.148553 0.708181 0.154502 0.690875 0.201412 0.674750 0.195463
4 0.700681 0.150955 0.715509 0.159646 0.690227 0.202783 0.675398 0.194092
4 0.708750 0.154836 0.721820 0.165998 0.689347 0.204019 0.676278 0.192856
4 0.704743 0.165998 0.717812 0.154836 0.750285 0.192856 0.737215 0.204019
4 0.711053 0.159646 0.725881 0.150955 0.751164 0.194092 0.736336 0.202783
4 0.718382 0.154502 0.734507 0.148553 0.751813 0.195463 0.735687 0.201412
4 0.726500 0.150727 0.743420 0.147705 0.752210 0.196927 0.735290 0.199948
4 0.735156 0.148438 0.752344 0.148438 0.752344 0.198437 0.735156 0.198437
4 0.744080 0.147705 0.761000 0.150727 0.752210 0.199948 0.735290 0.196927
4 0.752993 0.148553 0.769118 0.154502 0.751813 0.201412 0.735687 0.195463
4 0.761619 0.150955 0.776447 0.159646 0.751164 0.202783 0.736336 0.194092
4 0.769688 0.154836 0.782757 0.165998 0.750285 0.204019 0.737215 0.192856
4 0.004743 0.220686 0.017812 0.209524 0.050285 0.247544 0.037215 0.258706
4 0.011053 0.214334 0.025881 0.205643 0.051164 0.248780 0.036336 0.257470
4 0.018382 0.209190 0.034507 0.203241 0.051813 0.250151 0.035687 0.256099
4 0.026500 0.205414 0.043420 0.202393 0.052210 0.251614 0.035290 0.254636
4 0.035156 0.203125 0.052344 0.203125 0.052344 0.253125 0.035156 0.253125
4 0.044080 0.202393 0.061000 0.205414 0.052210 0.254636 0.035290 0.251614
4 0.052993 0.203241 0.069118 0.209190 0.051813 0.256099 0.035687 0.250151
4 0.061619 0.205643 0.076447 0.214334 0.051164 0.257470 0.036336 0.248780
4 0.069688 0.209524 0.082757 0.220686 0.050285 0.258706 0.037215 0.247544
4 0.065680 0.220686 0.078750 0.209524 0.111222 0.247544 0.098153 0.258706
4 0.071991 0.214334 0.086819 0.205643 0.112102 0.248780 0.097273 0.257470
4 0.079319 0.209190 0.095444 0.203241 0.112750 0.250151 0.096625 0.256099
4 0.087438 0.205414 0.104358 0.202393 0.113147 0.251614 0.096228 0.254636
4 0.096094 0.203125 0.113281 0.203125 0.113281 0.253125 0.096094 0.253125
4 0.105017 0.202393 0.121937 0.205414 0.113147 0.254636 0.096228 0.251614
4 0.113931 0.203241 0.130056 0.209190 0.112750 0.256099 0.096625 0.250151
4 0.122556 0.205643 0.137384 0.214334 0.112102 0.257470 0.097273 0.248780
4 0.130625 0.209524 0.143695 0.220686 0.111222 0.258706 0.098153 0.247544
4 0.126618 0.220686 0.139687 0.209524 0.172160 0.247544 0.159090 0.258706
4 0.132928 0.214334 0.147756 0.205643 0.173039 0.248780 0.158211 0.257470
4 0.140257 0.209190 0.156382 0.203241 0.173688 0.250151 0.157562 0.256099
4 0.148375 0.205414 0.165295 0.202393 0.174085 0.251614 0.157165 0.254636
4 0.157031 0.203125 0.174219 0.203125 0.174219 0.253125 0.157031 0.253125
4 0.165955 0.202393 0.182875 0.205414 0.174085 0.254636 0.157165 0.251614
4 0.174868 0.203241 0.190993 0.209190 0.173688 0.256099 0.157562 0.250151
4 0.183494 0.205643 0.198322 0.214334 0.173039 0.257470 0.158211 0.248780
4 0.191563 0.209524 0.204632 0.220686 0.172160 0.258706 0.159090 0.247544
4 0.187555 0.220686 0.200625 0.209524 0.233097 0.247544 0.220028 0.258706
4 0.193866 0.214334 0.208694 0.205643 0.233977 0.248780 0.219148 0.257470
4 0.201194 0.209190 0.217319 0.203241 0.234625 0.250151 0.218500 0.256099
4 0.209313 0.205414 0.226233 0.202393 0.235022 0.251614 0.218103 0.254636
4 0.217969 0.203125 0.235156 0.203125 0.235156 0.253125 0.217969 0.253125
4 0.226892 0.202393 0.243812 0.205414 0.235022 0.254636 0.218103 0.251614
4 0.235806 0.203241 0.251931 0.209190 0.234625 0.256099 0.218500 0.250151
4 0.244431 0.205643 0.259259 0.214334 0.233977 0.257470 0.219148 0.248780
4 0.252500 0.209524 0.265570 0.220686 0.233097 0.258706 0.220028 0.247544
4 0.248493 0.220686 0.261562 0.209524 0.294035 0.247544 0.280965 0.258706
4 0.254803 0.214334 0.269631 0.205643 0.294914 0.248780 0.280086 0.257470
4 0.262132 0.209190 0.278257 0.203241 0.295563 0.250151 0.279437 0.256099
4 0.270250 0.205414 0.287170 0.202393 0.295960 0.251614 0.279040 0.254636
4 0.278906 0.203125 0.296094 0.203125 0.296094 0.253125 0.278906 0.253125
4 0.287830 0.202393 0.304750 0.205414 0.295960 0.254636 0.279040 0.251614
4 0.296743 0.203241 0.312868 0.209190 0.295563 0.256099 0.279437 0.250151
4 0.305369 0.205643 0.320197 0.214334 0.294914 0.257470 0.280086 0.248780
4 0.313438 0.209524 0.326507 0.220686 0.294035 0.258706 0.280965 0.247544
4 0.309430 0.220686 0.322500 0.209524 0.354972 0.247544 0.341903 0.258706
4 0.315741 0.214334 0.330569 0.205643 0.355852 0.248780 0.341023 0.257470
4 0.323069 0.209190 0.339194 0.203241 0.356500 0.250151 0.340375 0.256099
4 0.331188 0.205414 0.348108 0.202393 0.356897 0.251614 0.339978 0.254636
4 0.339844 0.203125 0.357031 0.203125 0.357031 0.253125 0.339844 0.253125
4 0.348767 0.202393 0.365687 0.205414 0.356897 0.254636 0.339978 0.251614
4 0.357681 0.203241 0.373806 0.209190 0.356500 0.256099 0.340375 0.250151
4 0.366306 0.205643 0.381134 0.214334 0.355852 0.257470 0.341023 0.248780
4 0.374375 0.209524 0.387445 0.220686 0.354972 0.258706 0.341903 0.247544
4 0.370368 0.220686 0.383437 0.209524 0.415910 0.247544 0.402840 0.258706
4 0.376678 0.214334 0.391506 0.205643 0.416789 0.248780 0.401961 0.257470
4 0.384007 0.209190 0.400132 0.203241 0.417438 0.250151 0.401312 0.256099
4 0.392125 0.205414 0.409045 0.202393 0.417835 0.251614 0.400915 0.254636
4 0.400781 0.203125 0.417969 0.203125 0.417969 0.253125 0.400781 0.253125
4 0.409705 0.202393 0.426625 0.205414 0.417835 0.254636 0.400915 0.251614
4 0.418618 0.203241 0.434743 0.209190 0.417438 0.256099 0.401312 0.250151
4 0.427244 0.205643 0.442072 0.214334 0.416789 0.257470 0.401961 0.248780
4 0.435313 0.209524 0.448382 0.220686 0.415910 0.258706 0.402840 0.247544
4 0.431305 0.220686 0.444375 0.209524 0.476847 0.247544 0.463778 0.258706
4 0.437616 0.214334 0.452444 0.205643 0.477727 0.248780 0.462898 0.257470
4 0.444944 0.209190 0.461069 0.203241 0.478375 0.250151 0.462250 0.256099
4 0.453063 0.205414 0.469983 0.202393 0.478772 0.251614 0.461853 0.254636
4 0.461719 0.203125 0.478906 0.203125 0.478906 0.253125 0.461719 0.253125
4 0.470642 0.202393 0.487562 0.205414 0.478772 0.254636 0.461853 0.251614
4 0.479556 0.203241 0.495681 0.209190 0.478375 0.256099 0.462250 0.250151
4 0.488181 0.205643 0.503009 0.214334 0.477727 0.257470 0.462898 0.248780
4 0.496250 0.209524 0.509320 0.220686 0.476847 0.258706 0.463778 0.247544
4 0.492243 0.220686 0.505312 0.209524 0.537785 0.247544 0.524715 0.258706
4 0.498553 0.214334 0.513381 0.205643 0.538664 0.248780 0.523836 0.257470
4 0.505882 0.209190 0.522007 0.203241 0.539313 0.250151 0.523187 0.256099
4 0.514000 0.205414 0.530920 0.202393 0.539710 0.251614 0.522790 0.254636
4 0.522656 0.203125 0.539844 0.203125 0.539844 0.253125 0.522656 0.253125
4 0.531580 0.202393 0.548500 0.205414 0.539710 0.254636 0.522790 0.251614
4 0.540493 0.203241 0.556618 0.209190 0.539313 0.256099 0.523187 0.250151
4 0.549119 0.205643 0.563947 0.214334 0.538664 0.257470 0.523836 0.248780
4 0.557188 0.209524 0.570257 0.220686 0.537785 0.258706 0.524715 0.247544
4 0.553180 0.220686 0.566250 0.209524 0.598722 0.247544 0.585653 0.258706
4 0.559491 0.214334 0.574319 0.205643 0.599602 0.248780 0.584773 0.257470
4 0.566819 0.209190 0.582944 0.203241 0.600250 0.250151 0.584125 0.256099
4 0.574938 0.205414 0.591858 0.202393 0.600647 0.251614 0.583728 0.254636
4 0.583594 0.203125 0.600781 0.203125 0.600781 0.253125 0.583594 0.253125
4 0.592517 0.202393 0.609437 0.205414 0.600647 0.254636 0.583728 0.251614
4 0.601431 0.203241 0.617556 0.209190 0.600250 0.256099 0.584125 0.250151
4 0.610056 0.205643 0.624884 0.214334 0.599602 0.257470 0.584773 0.248780
4 0.618125 0.209524 0.631195 0.220686 0.598722 0.258706 0.585653 0.247544
4 0.614118 0.220686 0.627187 0.209524 0.659660 0.247544 0.646590 0.258706
4 0.620428 0.214334 0.635256 0.205643 0.660539 0.248780 0.645711 0.257470
4 0.627757 0.209190 0.643882 0.203241 0.661188 0.250151 0.645062 0.256099
4 0.635875 0.205414 0.652795 0.202393 0.661585 0.251614 0.644665 0.254636
4 0.644531 0.203125 0.661719 0.203125 0.661719 0.253125 0.644531 0.253125
4 0.653455 0.202393 0.670375 0.205414 0.661585 0.254636 0.644665 0.251614
4 0.662368 0.203241 0.678493 0.209190 0.661188 0.256099 0.645062 0.250151
4 0.670994 0.205643 0.685822 0.214334 0.660539 0.257470 0.645711 0.248780
4 0.679063 0.209524 0.692132 0.220686 0.659660 0.258706 0.646590 0.247544
4 0.675055 0.220686 0.688125 0.209524 0.720597 0.247544 0.707528 0.258706
4 0.681366 0.214334 0.696194 0.205643 0.721477 0.248780 0.706648 0.257470
4 0.688694 0.209190 0.704819 0.203241 0.722125 0.250151 0.706000 0.256099
4 0.696813 0.205414 0.713733 0.202393 0.722522 0.251614 0.705603 0.254636
4 0.705469 0.203125 0.722656 0.203125 0.722656 0.253125 0.705469 0.253125
4 0.714392 0.202393 0.731312 0.205414 0.722522 0.254636 0.705603 0.251614
4 0.723306 0.203241 0.739431 0.209190 0.722125 0.256099 0.706000 0.250151
4 0.731931 0.205643 0.746759 0.214334 0.721477 0.257470 0.706648 0.248780
4 0.740000 0.209524 0.753070 0.220686 0.720597 0.258706 0.707528 0.247544
4 0.034430 0.275373 0.047500 0.264211 0.079972 0.302231 0.066903 0.313394
4 0.040741 0.269021 0.055569 0.260330 0.080852 0.303467 0.066023 0.312158
4 0.048069 0.263877 0.064194 0.257928 0.081500 0.304838 0.065375 0.310787
4 0.056188 0.260102 0.073108 0.257080 0.081897 0.306302 0.064978 0.309323
4 0.064844 0.257812 0.082031 0.257812 0.082031 0.307812 0.064844 0.307812
4 0.073767 0.257080 0.090687 0.260102 0.081897 0.309323 0.064978 0.306302
4 0.082681 0.257928 0.098806 0.263877 0.081500 0.310787 0.065375 0.304838
4 0.091306 0.260330 0.106134 0.269021 0.080852 0.312158 0.066023 0.303467
4 0.099375 0.264211 0.112445 0.275373 0.079972 0.313394 0.066903 0.302231
4 0.095368 0.275373 0.108437 0.264211 0.140910 0.302231 0.127840 0.313394
4 0.101678 0.269021 0.116506 0.260330 0.141789 0.303467 0.126961 0.312158
4 0.109007 0.263877 0.125132 0.257928 0.142438 0.304838 0.126312 0.310787
4 0.117125 0.260102 0.134045 0.257080 0.142835 0.306302 0.125915 0.309323
4 0.125781 0.257812 0.142969 0.257812 0.142969 0.307812 0.125781 0.307812
4 0.134705 0.257080 0.151625 0.260102 0.142835 0.309323 0.125915 0.306302
4 0.143618 0.257928 0.159743 0.263877 0.142438 0.310787 0.126312 0.304838
4 0.152244 0.260330 0.167072 0.269021 0.141789 0.312158 0.126961 0.303467
4 0.160313 0.264211 0.173382 0.275373 0.140910 0.313394 0.127840 0.302231
4 0.156305 0.275373 0.169375 0.264211 0.201847 0.302231 0.188778 0.313394
4 0.162616 0.269021 0.177444 0.260330 0.202727 0.303467 0.187898 0.312158
4 0.169944 0.263877 0.186069 0.257928 0.203375 0.304838 0.187250 0.310787
4 0.178063 0.260102 0.194983 0.257080 0.203772 0.306302 0.186853 0.309323
4 0.186719 0.257812 0.203906 0.257812 0.203906 0.307812 0.186719 0.307812
4 0.195642 0.257080 0.212562 0.260102 0.203772 0.309323 0.186853 0.306302
4 0.204556 0.257928 0.220681 0.263877 0.203375 0.310787 0.187250 0.304838
4 0.213181 0.260330 0.228009 0.269021 0.202727 0.312158 0.187898 0.303467
4 0.221250 0.264211 0.234320 0.275373 0.201847 0.313394 0.188778 0.302231
4 0.217243 0.275373 0.230312 0.264211 0.262785 0.302231 0.249715 0.313394
4 0.223553 0.269021 0.238381 0.260330 0.263664 0.303467 0.248836 0.312158
4 0.230882 0.263877 0.247007 0.257928 0.264313 0.304838 0.248187 0.310787
4 0.239000 0.260102 0.255920 0.257080 0.264710 0.306302 0.247790 0.309323
4 0.247656 0.257812 0.264844 0.257812 0.264844 0.307812 0.247656 0.307812
4 0.256580 0.257080 0.273500 0.260102 0.264710 0.309323 0.247790 0.306302
4 0.265493 0.257928 0.281618 0.263877 0.264313 0.310787 0.248187 0.304838
4 0.274119 0.260330 0.288947 0.269021 0.263664 0.312158 0.248836 0.303467
4 0.282188 0.264211 0.295257 0.275373 0.262785 0.313394 0.249715 0.302231
4 0.278180 0.275373 0.291250 0.264211 0.323722 0.302231 0.310653 0.313394
4 0.284491 0.269021 0.299319 0.260330 0.324602 0.303467 0.309773 0.312158
4 0.291819 0.263877 0.307944 0.257928 0.325250 0.304838 0.309125 0.310787
4 0.299938 0.260102 0.316858 0.257080 0.325647 0.306302 0.308728 0.309323
4 0.308594 0.257812 0.325781 0.257812 0.325781 0.307812 0.308594 0.307812
4 0.317517 0.257080 0.334437 0.260102 0.325647 0.309323 0.308728 0.306302
4 0.326431 0.257928 0.342556 0.263877 0.325250 0.310787 0.309125 0.304838
4 0.335056 0.260330 0.349884 0.269021 0.324602 0.312158 0.309773 0.303467
4 0.343125 0.264211 0.356195 0.275373 0.323722 0.313394 0.310653 0.302231
4 0.339118 0.275373 0.352187 0.264211 0.384660 0.302231 0.371590 0.313394
4 0.345428 0.269021 0.360256 0.260330 0.385539 0.303467 0.370711 0.312158
4 0.352757 0.263877 0.368882 0.257928 0.386188 0.304838 0.370062 0.310787
4 0.360875 0.260102 0.377795 0.257080 0.386585 0.306302 0.369665 0.309323
4 0.369531 0.257812 0.386719 0.257812 0.386719 0.307812 0.369531 0.307812
4 0.378455 0.257080 0.395375 0.260102 0.386585 0.309323 0.369665 0.306302
4 0.387368 0.257928 0.403493 0.263877 0.386188 0.310787 0.370062 0.304838
4 0.395994 0.260330 0.410822 0.269021 0.385539 0.312158 0.370711 0.303467
4 0.404063 0.264211 0.417132 0.275373 0.384660 0.313394 0.371590 0.302231
4 0.400055 0.275373 0.413125 0.264211 0.445597 0.302231 0.432528 0.313394
4 0.406366 0.269021 0.421194 0.260330 0.446477 0.303467 0.431648 0.312158
4 0.413694 0.263877 0.429819 0.257928 0.447125 0.304838 0.431000 0.310787
4 0.421813 0.260102 0.438733 0.257080 0.447522 0.306302 0.430603 0.309323
4 0.430469 0.257812 0.447656 0.257812 0.447656 0.307812 0.430469 0.307812
4 0.439392 0.257080 0.456312 0.260102 0.447522 0.309323 0.430603 0.306302
4 0.448306 0.257928 0.464431 0.263877 0.447125 0.310787 0.431000 0.304838
4 0.456931 0.260330 0.471759 0.269021 0.446477 0.312158 0.431648 0.303467
4 0.465000 0.264211 0.478070 0.275373 0.445597 0.313394 0.432528 0.302231
4 0.460993 0.275373 0.474062 0.264211 0.506535 0.302231 0.493465 0.313394
4 0.467303 0.269021 0.482131 0.260330 0.507414 0.303467 0.492586 0.312158
4 0.474632 0.263877 0.490757 0.257928 0.508063 0.304838 0.491937 0.310787
4 0.482750 0.260102 0.499670 0.257080 0.508460 0.306302 0.491540 0.309323
4 0.491406 0.257812 0.508594 0.257812 0.508594 0.307812 0.491406 0.307812
4 0.500330 0.257080 0.517250 0.260102 0.508460 0.309323 0.491540 0.306302
4 0.509243 0.257928 0.525368 0.263877 0.508063 0.310787 0.491937 0.304838
4 0.517869 0.260330 0.532697 0.269021 0.507414 0.312158 0.492586 0.303467
4 0.525938 0.264211 0.539007 0.275373 0.506535 0.313394 0.493465 0.302231
4 0.521930 0.275373 0.535000 0.264211 0.567472 0.302231 0.554403 0.313394
4 0.528241 0.269021 0.543069 0.260330 0.568352 0.303467 0.553523 0.312158
4 0.535569 0.263877 0.551694 0.257928 0.569000 0.304838 0.552875 0.310787
4 0.543688 0.260102 0.560608 0.257080 0.569397 0.306302 0.552478 0.309323
4 0.552344 0.257812 0.569531 0.257812 0.569531 0.307812 0.552344 0.307812
4 0.561267 0.257080 0.578187 0.260102 0.569397 0.309323 0.552478 0.306302
4 0.570181 0.257928 0.586306 0.263877 0.569000 0.310787 0.552875 0.304838
4 0.578806 0.260330 0.593634 0.269021 0.568352 0.312158 0.553523 0.303467
4 0.586875 0.264211 0.599945 0.275373 0.567472 0.313394 0.554403 0.302231
4 0.582868 0.275373 0.595937 0.264211 0.628410 0.302231 0.615340 0.313394
4 0.589178 0.269021 0.604006 0.260330 0.629289 0.303467 0.614461 0.312158
4 0.596507 0.263877 0.612632 0.257928 0.629938 0.304838 0.613812 0.310787
4 0.604625 0.260102 0.621545 0.257080 0.630335 0.306302 0.613415 0.309323
4 0.613281 0.257812 0.630469 0.257812 0.630469 0.307812 0.613281 0.307812
4 0.622205 0.257080 0.639125 0.260102 0.630335 0.309323 0.613415 0.306302
4 0.631118 0.257928 0.647243 0.263877 0.629938 0.310787 0.613812 0.304838
4 0.639744 0.260330 0.654572 0.269021 0.629289 0.312158 0.614461 0.303467
4 0.647813 0.264211 0.660882 0.275373 0.628410 0.313394 0.615340 0.302231
4 0.643805 0.275373 0.656875 0.264211 0.689347 0.302231 0.676278 0.313394
4 0.650116 0.269021 0.664944 0.260330 0.690227 0.303467 0.675398 0.312158
4 0.657444 0.263877 0.673569 0.257928 0.690875 0.304838 0.674750 0.310787
4 0.665563 0.260102 0.682483 0.257080 0.691272 0.306302 0.674353 0.309323
4 0.674219 0.257812 0.691406 0.257812 0.691406 0.307812 0.674219 0.307812
4 0.683142 0.257080 0.700062 0.260102 0.691272 0.309323 0.674353 0.306302
4 0.692056 0.257928 0.708181 0.263877 0.690875 0.310787 0.674750 0.304838
4 0.700681 0.260330 0.715509 0.269021 0.690227 0.312158 0.675398 0.303467
4 0.708750 0.264211 0.721820 0.275373 0.689347 0.313394 0.676278 0.302231
4 0.704743 0.275373 0.717812 0.264211 0.750285 0.302231 0.737215 0.313394
4 0.711053 0.269021 0.725881 0.260330 0.751164 0.303467 0.736336 0.312158
4 0.718382 0.263877 0.734507 0.257928 0.751813 0.304838 0.735687 0.310787
4 0.726500 0.260102 0.743420 0.257080 0.752210 0.306302 0.735290 0.309323
4 0.735156 0.257812 0.752344 0.257812 0.752344 0.307812 0.735156 0.307812
4 0.744080 0.257080 0.761000 0.260102 0.752210 0.309323 0.735290 0.306302
4 0.752993 0.257928 0.769118 0.263877 0.751813 0.310787 0.735687 0.304838
4 0.761619 0.260330 0.776447 0.269021 0.751164 0.312158 0.736336 0.303467
4 0.769688 0.264211 0.782757 0.275373 0.750285 0.313394 0.737215 0.302231
4 0.004743 0.330061 0.017812 0.318899 0.050285 0.356919 0.037215 0.368081
4 0.011053 0.323709 0.025881 0.315018 0.051164 0.358155 0.036336 0.366845
4 0.018382 0.318565 0.034507 0.312616 0.051813 0.359526 0.035687 0.365474
4 0.026500 0.314789 0.043420 0.311768 0.052210 0.360989 0.035290 0.364011
4 0.035156 0.312500 0.052344 0.312500 0.052344 0.362500 0.035156 0.362500
4 0.044080 0.311768 0.061000 0.314789 0.052210 0.364011 0.035290 0.360989
4 0.052993 0.312616 0.069118 0.318565 0.051813 0.365474 0.035687 0.359526
4 0.061619 0.315018 0.076447 0.323709 0.051164 0.366845 0.036336 0.358155
4 0.069688 0.318899 0.082757 0.330061 0.050285 0.368081 0.037215 0.356919
4 0.065680 0.330061 0.078750 0.318899 0.111222 0.356919 0.098153 0.368081
4 0.071991 0.323709 0.086819 0.315018 0.112102 0.358155 0.097273 0.366845
4 0.079319 0.318565 0.095444 0.312616 0.112750 0.359526 0.096625 0.365474
4 0.087438 0.314789 0.104358 0.311768 0.113147 0.360989 0.096228 0.364011
4 0.096094 0.312500 0.113281 0.312500 0.113281 0.362500 0.096094 0.362500
4 0.105017 0.311768 0.121937 0.314789 0.113147 0.364011 0.096228 0.360989
4 0.113931 0.312616 0.130056 0.318565 0.112750 0.365474 0.096625 0.359526
4 0.122556 0.315018 0.137384 0.323709 0.112102 0.366845 0.097273 0.358155
4 0.130625 0.318899 0.143695 0.330061 0.111222 0.368081 0.098153 0.356919
4 0.126618 0.330061 0.139687 0.318899 0.172160 0.356919 0.159090 0.368081
4 0.132928 0.323709 0.147756 0.315018 0.173039 0.358155 0.158211 0.366845
4 0.140257 0.318565 0.156382 0.312616 0.173688 0.359526 0.157562 0.365474
4 0.148375 0.314789 0.165295 0.311768 0.174085 0.360989 0.157165 0.364011
4 0.157031 0.312500 0.174219 0.312500 0.174219 0.362500 0.157031 0.362500
4 0.165955 0.311768 0.182875 0.314789 0.174085 0.364011 0.157165 0.360989
4 0.174868 0.312616 0.190993 0.318565 0.173688 0.365474 0.157562 0.359526
4 0.183494 0.315018 0.198322 0.323709 0.173039 0.366845 0.158211 0.358155
4 0.191563 0.318899 0.204632 0.330061 0.172160 0.368081 0.159090 0.356919
4 0.187555 0.330061 0.200625 0.318899 0.233097 0.356919 0.220028 0.368081
4 0.193866 0.323709 0.208694 0.315018 0.233977 0.358155 0.219148 0.366845
4 0.201194 0.318565 0.217319 0.312616 0.234625 0.359526 0.218500 0.365474
4 0.209313 0.314789 0.226233 0.311768 0.235022 0.360989 0.218103 0.364011
4 0.217969 0.312500 0.235156 0.312500 0.235156 0.362500 0.217969 0.362500
4 0.226892 0.311768 0.243812 0.314789 0.235022 0.364011 0.218103 0.360989
4 0.235806 0.312616 0.251931 0.318565 0.234625 0.365474 0.218500 0.359526
4 0.244431 0.315018 0.259259 0.323709 0.233977 0.366845 0.219148 0.358155
4 0.252500 0.318899 0.265570 0.330061 0.233097 0.368081 0.220028 0.356919
4 0.248493 0.330061 0.261562 0.318899 0.294035 0.356919 0.280965 0.368081
4 0.254803 0.323709 0.269631 0.315018 0.294914 0.358155 0.280086 0.366845
4 0.262132 0.318565 0.278257 0.312616 0.295563 0.359526 0.279437 0.365474
4 0.270250 0.314789 0.287170 0.311768 0.295960 0.360989 0.279040 0.364011
4 0.278906 0.312500 0.296094 0.312500 0.296094 0.362500 0.278906 0.362500
4 0.287830 0.311768 0.304750 0.314789 0.295960 0.364011 0.279040 0.360989
4 0.296743 0.312616 0.312868 0.318565 0.295563 0.365474 0.279437 0.359526
4 0.305369 0.315018 0.320197 0.323709 0.294914 0.366845 0.280086 0.358155
4 0.313438 0.318899 0.326507 0.330061 0.294035 0.368081 0.280965 0.356919
4 0.309430 0.330061 0.322500 0.318899 0.354972 0.356919 0.341903 0.368081
4 0.315741 0.323709 0.330569 0.315018 0.355852 0.358155 0.341023 0.366845
4 0.323069 0.318565 0.339194 0.312616 0.356500 0.359526 0.340375 0.365474
4 0.331188 0.314789 0.348108 0.311768 0.356897 0.360989 0.339978 0.364011
4 0.339844 0.312500 0.357031 0.312500 0.357031 0.362500 0.339844 0.362500
4 0.348767 0.311768 0.365687 0.314789 0.356897 0.364011 0.339978 0.360989
4 0.357681 0.312616 0.373806 0.318565 0.356500 0.365474 0.340375 0.359526
4 0.366306 0.315018 0.381134 0.323709 0.355852 0.366845 0.341023 0.358155
4 0.374375 0.318899 0.387445 0.330061 0.354972 0.368081 0.341903 0.356919
4 0.370368 0.330061 0.383437 0.318899 0.415910 0.356919 0.402840 0.368081
4 0.376678 0.323709 0.391506 0.315018 0.416789 0.358155 0.401961 0.366845
4 0.384007 0.318565 0.400132 0.312616 0.417438 0.359526 0.401312 0.365474
4 0.392125 0.314789 0.409045 0.311768 0.417835 0.360989 0.400915 0.364011
4 0.400781 0.312500 0.417969 0.312500 0.417969 0.362500 0.400781 0.362500
4 0.409705 0.311768 0.426625 0.314789 0.417835 0.364011 0.400915 0.360989
4 0.418618 0.312616 0.434743 0.318565 0.417438 0.365474 0.401312 0.359526
4 0.427244 0.315018 0.442072 0.323709 0.416789 0.366845 0.401961 0.358155
4 0.435313 0.318899 0.448382 0.330061 0.415910 0.368081 0.402840 0.356919
4 0.431305 0.330061 0.444375 0.318899 0.476847 0.356919 0.463778 0.368081
4 0.437616 0.323709 0.452444 0.315018 0.477727 0.358155 0.462898 0.366845
4 0.444944 0.318565 0.461069 0.312616 0.478375 0.359526 0.462250 0.365474
4 0.453063 0.314789 0.469983 0.311768 0.478772 0.360989 0.461853 0.364011
4 0.461719 0.312500 0.478906 0.312500 0.478906 0.362500 0.461719 0.362500
4 0.470642 0.311768 0.487562 0.314789 0.478772 0.364011 0.461853 0.360989
4 0.479556 0.312616 0.495681 0.318565 0.478375 0.365474 0.462250 0.359526
4 0.488181 0.315018 0.503009 0.323709 0.477727 0.366845 0.462898 0.358155
4 0.496250 0.318899 0.509320 0.330061 0.476847 0.368081 0.463778 0.356919
4 0.492243 0.330061 0.505312 0.318899 0.537785 0.356919 0.524715 0.368081
4 0.498553 0.323709 0.513381 0.315018 0.538664 0.358155 0.523836 0.366845
4 0.505882 0.318565 0.522007 0.312616 0.539313 0.359526 0.523187 0.365474
4 0.514000 0.314789 0.530920 0.311768 0.539710 0.360989 0.522790 0.364011
4 0.522656 0.312500 0.539844 0.312500 0.539844 0.362500 0.522656 0.362500
4 0.531580 0.311768 0.548500 0.314789 0.539710 0.364011 0.522790 0.360989
4 0.540493 0.312616 0.556618 0.318565 0.539313 0.365474 0.523187 0.359526
4 0.549119 0.315018 0.563947 0.323709 0.538664 0.366845 0.523836 0.358155
4 0.557188 0.318899 0.570257 0.330061 0.537785 0.368081 0.524715 0.356919
4 0.553180 0.330061 0.566250 0.318899 0.598722 0.356919 0.585653 0.368081
4 0.559491 0.323709 0.574319 0.315018 0.599602 0.358155 0.584773 0.366845
4 0.566819 0.318565 0.582944 0.312616 0.600250 0.359526 0.584125 0.365474
4 0.574938 0.314789 0.591858 0.311768 0.600647 0.360989 0.583728 0.364011
4 0.583594 0.312500 0.600781 0.312500 0.600781 0.362500 0.583594 0.362500
4 0.592517 0.311768 0.609437 0.314789 0.600647 0.364011 0.583728 0.360989
4 0.601431 0.312616 0.617556 0.318565 0.600250 0.365474 0.584125 0.359526
4 0.610056 0.315018 0.624884 0.323709 0.599602 0.366845 0.584773 0.358155
4 0.618125 0.318899 0.631195 0.330061 0.598722 0.368081 0.585653 0.356919
4 0.614118 0.330061 0.627187 0.318899 0.659660 0.356919 0.646590 0.368081
4 0.620428 0.323709 0.635256 0.315018 0.660539 0.358155 0.645711 0.366845
4 0.627757 0.318565 0.643882 0.312616 0.661188 0.359526 0.645062 0.365474
4 0.635875 0.314789 0.652795 0.311768 0.661585 0.360989 0.644665 0.364011
4 0.644531 0.312500 0.661719 0.312500 0.661719 0.362500 0.644531 0.362500
4 0.653455 0.311768 0.670375 0.314789 0.661585 0.364011 0.644665 0.360989
4 0.662368 0.312616 0.678493 0.318565 0.661188 0.365474 0.645062 0.359526
4 0.670994 0.315018 0.685822 0.323709 0.660539 0.366845 0.645711 0.358155
4 0.679063 0.318899 0.692132 0.330061 0.659660 0.368081 0.646590 0.356919
4 0.675055 0.330061 0.688125 0.318899 0.720597 0.356919 0.707528 0.368081
4 0.681366 0.323709 0.696194 0.315018 0.721477 0.358155 0.706648 0.366845
4 0.688694 0.318565 0.704819 0.312616 0.722125 0.359526 0.706000 0.365474
4 0.696813 0.314789 0.713733 0.311768 0.722522 0.360989 0.705603 0.364011
4 0.705469 0.312500 0.722656 0.312500 0.722656 0.362500 0.705469 0.362500
4 0.714392 0.311768 0.731312 0.314789 0.722522 0.364011 0.705603 0.360989
4 0.723306 0.312616 0.739431 0.318565 0.722125 0.365474 0.706000 0.359526
4 0.731931 0.315018 0.746759 0.323709 0.721477 0.366845 0.706648 0.358155
4 0.740000 0.318899 0.753070 0.330061 0.720597 0.368081 0.707528 0.356919
4 0.034430 0.384748 0.047500 0.373586 0.079972 0.411606 0.066903 0.422769
4 0.040741 0.378396 0.055569 0.369705 0.080852 0.412842 0.066023 0.421533
4 0.048069 0.373252 0.064194 0.367303 0.081500 0.414213 0.065375 0.420162
4 0.056188 0.369477 0.073108 0.366455 0.081897 0.415677 0.064978 0.418698
4 0.064844 0.367188 0.082031 0.367188 0.082031 0.417187 0.064844 0.417187
4 0.073767 0.366455 0.090687 0.369477 0.081897 0.418698 0.064978 0.415677
4 0.082681 0.367303 0.098806 0.373252 0.081500 0.420162 0.065375 0.414213
4 0.091306 0.369705 0.106134 0.378396 0.080852 0.421533 0.066023 0.412842
4 0.099375 0.373586 0.112445 0.384748 0.079972 0.422769 0.066903 0.411606
4 0.095368 0.384748 0.108437 0.373586 0.140910 0.411606 0.127840 0.422769
4 0.101678 0.378396 0.116506 0.369705 0.141789 0.412842 0.126961 0.421533
4 0.109007 0.373252 0.125132 0.367303 0.142438 0.414213 0.126312 0.420162
4 0.117125 0.369477 0.134045 0.366455 0.142835 0.415677 0.125915 0.418698
4 0.125781 0.367188 0.142969 0.367188 0.142969 0.417187 0.125781 0.417187
4 0.134705 0.366455 0.151625 0.369477 0.142835 0.418698 0.125915 0.415677
4 0.143618 0.367303 0.159743 0.373252 0.142438 0.420162 0.126312 0.414213
4 0.152244 0.369705 0.167072 0.378396 0.141789 0.421533 0.126961 0.412842
4 0.160313 0.373586 0.173382 0.384748 0.140910 0.422769 0.127840 0.411606
4 0.156305 0.384748 0.169375 0.373586 0.201847 0.411606 0.188778 0.422769
4 0.162616 0.378396 0.177444 0.369705 0.202727 0.412842 0.187898 0.421533
4 0.169944 0.373252 0.186069 0.367303 0.203375 0.414213 0.187250 0.420162
4 0.178063 0.369477 0.194983 0.366455 0.203772 0.415677 0.186853 0.418698
4 0.186719 0.367188 0.203906 0.367188 0.203906 0.417187 0.186719 0.417187
4 0.195642 0.366455 0.212562 0.369477 0.203772 0.418698 0.186853 0.415677
4 0.204556 0.367303 0.220681 0.373252 0.203375 0.420162 0.187250 0.414213
4 0.213181 0.369705 0.228009 0.378396 0.202727 0.421533 0.187898 0.412842
4 0.221250 0.373586 0.234320 0.384748 0.201847 0.422769 0.188778 0.411606
4 0.217243 0.384748 0.230312 0.373586 0.262785 0.411606 0.249715 0.422769
4 0.223553 0.378396 0.238381 0.369705 0.263664 0.412842 0.248836 0.421533
4 0.230882 0.373252 0.247007 0.367303 0.264313 0.414213 0.248187 0.420162
4 0.239000 0.369477 0.255920 0.366455 0.264710 0.415677 0.247790 0.418698
4 0.247656 0.367188 0.264844 0.367188 0.264844 0.417187 0.247656 0.417187
4 0.256580 0.366455 0.273500 0.369477 0.264710 0.418698 0.247790 0.415677
4 0.265493 0.367303 0.281618 0.373252 0.264313 0.420162 0.248187 0.414213
4 0.274119 0.369705 0.288947 0.378396 0.263664 0.421533 0.248836 0.412842
4 0.282188 0.373586 0.295257 0.384748 0.262785 0.422769 0.249715 0.411606
4 0.278180 0.384748 0.291250 0.373586 0.323722 0.411606 0.310653 0.422769
4 0.284491 0.378396 0.299319 0.369705 0.324602 0.412842 0.309773 0.421533
4 0.291819 0.373252 0.307944 0.367303 0.325250 0.414213 0.309125 0.420162
4 0.299938 0.369477 0.316858 0.366455 0.325647 0.415677 0.308728 0.418698
4 0.308594 0.367188 0.325781 0.367188 0.325781 0.417187 0.308594 0.417187
4 0.317517 0.366455 0.334437 0.369477 0.325647 0.418698 0.308728 0.415677
4 0.326431 0.367303 0.342556 0.373252 0.325250 0.420162 0.309125 0.414213
4 0.335056 0.369705 0.349884 0.378396 0.324602 0.421533 0.309773 0.412842
4 0.343125 0.373586 0.356195 0.384748 0.323722 0.422769 0.310653 0.411606
4 0.339118 0.384748 0.352187 0.373586 0.384660 0.411606 0.371590 0.422769
4 0.345428 0.378396 0.360256 0.369705 0.385539 0.412842 0.370711 0.421533
4 0.352757 0.373252 0.368882 0.367303 0.386188 0.414213 0.370062 0.420162
4 0.360875 0.369477 0.377795 0.366455 0.386585 0.415677 0.369665 0.418698
4 0.369531 0.367188 0.386719 0.367188 0.386719 0.417187 0.369531 0.417187
4 0.378455 0.366455 0.395375 0.369477 0.386585 0.418698 0.369665 0.415677
4 0.387368 0.367303 0.403493 0.373252 0.386188 0.420162 0.370062 0.414213
4 0.395994 0.369705 0.410822 0.378396 0.385539 0.421533 0.370711 0.412842
4 0.404063 0.373586 0.417132 0.384748 0.384660 0.422769 0.371590 0.411606
4 0.400055 0.384748 0.413125 0.373586 0.445597 0.411606 0.432528 0.422769
4 0.406366 0.378396 0.421194 0.369705 0.446477 0.412842 0.431648 0.421533
4 0.413694 0.373252 0.429819 0.367303 0.447125 0.414213 0.431000 0.420162
4 0.421813 0.369477 0.438733 0.366455 0.447522 0.415677 0.430603 0.418698
4 0.430469 0.367188 0.447656 0.367188 0.447656 0.417187 0.430469 0.417187
4 0.439392 0.366455 0.456312 0.369477 0.447522 0.418698 0.430603 0.415677
4 0.448306 0.367303 0.464431 0.373252 0.447125 0.420162 0.431000 0.414213
4 0.456931 0.369705 0.471759 0.378396 0.446477 0.421533 0.431648 0.412842
4 0.465000 0.373586 0.478070 0.384748 0.445597 0.422769 0.432528 0.411606
4 0.460993 0.384748 0.474062 0.373586 0.506535 0.411606 0.493465 0.422769
4 0.467303 0.378396 0.482131 0.369705 0.507414 0.412842 0.492586 0.421533
4 0.474632 0.373252 0.490757 0.367303 0.508063 0.414213 0.491937 0.420162
4 0.482750 0.369477 0.499670 0.366455 0.508460 0.415677 0.491540 0.418698
4 0.491406 0.367188 0.508594 0.367188 0.508594 0.417187 0.491406 0.417187
4 0.500330 0.366455 0.517250 0.369477 0.508460 0.418698 0.491540 0.415677
4 0.509243 0.367303 0.525368 0.373252 0.508063 0.420162 0.491937 0.414213
4 0.517869 0.369705 0.532697 0.378396 0.507414 0.421533 0.492586 0.412842
4 0.525938 0.373586 0.539007 0.384748 0.506535 0.422769 0.493465 0.411606
4 0.521930 0.384748 0.535000 0.373586 0.567472 0.411606 0.554403 0.422769
4 0.528241 0.378396 0.543069 0.369705 0.568352 0.412842 0.553523 0.421533
4 0.535569 0.373252 0.551694 0.367303 0.569000 0.414213 0.552875 0.420162
4 0.543688 0.369477 0.560608 0.366455 0.569397 0.415677 0.552478 0.418698
4 0.552344 0.367188 0.569531 0.367188 0.569531 0.417187 0.552344 0.417187
4 0.561267 0.366455 0.578187 0.369477 0.569397 0.418698 0.552478 0.415677
4 0.570181 0.367303 0.586306 0.373252 0.569000 0.420162 0.552875 0.414213
4 0.578806 0.369705 0.593634 0.378396 0.568352 0.421533 0.553523 0.412842
4 0.586875 0.373586 0.599945 0.384748 0.567472 0.422769 0.554403 0.411606
4 0.582868 0.384748 0.595937 0.373586 0.628410 0.411606 0.615340 0.422769
4 0.589178 0.378396 0.604006 0.369705 0.629289 0.412842 0.614461 0.421533
4 0.596507 0.373252 0.612632 0.367303 0.629938 0.414213 0.613812 0.420162
4 0.604625 0.369477 0.621545 0.366455 0.630335 0.415677 0.613415 0.418698
4 0.613281 0.367188 0.630469 0.367188 0.630469 0.417187 0.613281 0.417187
4 0.622205 0.366455 0.639125 0.369477 0.630335 0.418698 0.613415 0.415677
4 0.631118 0.367303 0.647243 0.373252 0.629938 0.420162 0.613812 0.414213
4 0.639744 0.369705 0.654572 0.378396 0.629289 0.421533 0.614461 0.412842
4 0.647813 0.373586 0.660882 0.384748 0.628410 0.422769 0.615340 0.411606
4 0.643805 0.384748 0.656875 0.373586 0.689347 0.411606 0.676278 0.422769
4 0.650116 0.378396 0.664944 0.369705 0.690227 0.412842 0.675398 0.421533
4 0.657444 0.373252 0.673569 0.367303 0.690875 0.414213 0.674750 0.420162
4 0.665563 0.369477 0.682483 0.366455 0.691272 0.415677 0.674353 0.418698
4 0.674219 0.367188 0.691406 0.367188 0.691406 0.417187 0.674219 0.417187
4 0.683142 0.366455 0.700062 0.369477 0.691272 0.418698 0.674353 0.415677
4 0.692056 0.367303 0.708181 0.373252 0.690875 0.420162 0.674750 0.414213
4 0.700681 0.369705 0.715509 0.378396 0.690227 0.421533 0.675398 0.412842
4 0.708750 0.373586 0.721820 0.384748 0.689347 0.422769 0.676278 0.411606
4 0.704743 0.384748 0.717812 0.373586 0.750285 0.411606 0.737215 0.422769
4 0.711053 0.378396 0.725881 0.369705 0.751164 0.412842 0.736336 0.421533
4 0.718382 0.373252 0.734507 0.367303 0.751813 0.414213 0.735687 0.420162
4 0.726500 0.369477 0.743420 0.366455 0.752210 0.415677 0.735290 0.418698
4 0.735156 0.367188 0.752344 0.367188 0.752344 0.417187 0.735156 0.417187
4 0.744080 0.366455 0.761000 0.369477 0.752210 0.418698 0.735290 0.415677
4 0.752993 0.367303 0.769118 0.373252 0.751813 0.420162 0.735687 0.414213
4 0.761619 0.369705 0.776447 0.378396 0.751164 0.421533 0.736336 0.412842
4 0.769688 0.373586 0.782757 0.384748 0.750285 0.422769 0.737215 0.411606
4 0.004743 0.439436 0.017812 0.428274 0.050285 0.466294 0.037215 0.477456
4 0.011053 0.433084 0.025881 0.424393 0.051164 0.467530 0.036336 0.476220
4 0.018382 0.427940 0.034507 0.421991 0.051813 0.468901 0.035687 0.474849
4 0.026500 0.424164 0.043420 0.421143 0.052210 0.470364 0.035290 0.473386
4 0.035156 0.421875 0.052344 0.421875 0.052344 0.471875 0.035156 0.471875
4 0.044080 0.421143 0.061000 0.424164 0.052210 0.473386 0.035290 0.470364
4 0.052993 0.421991 0.069118 0.427940 0.051813 0.474849 0.035687 0.468901
4 0.061619 0.424393 0.076447 0.433084 0.051164 0.476220 0.036336 0.467530
4 0.069688 0.428274 0.082757 0.439436 0.050285 0.477456 0.037215 0.466294
4 0.065680 0.439436 0.078750 0.428274 0.111222 0.466294 0.098153 0.477456
4 0.071991 0.433084 0.086819 0.424393 0.112102 0.467530 0.097273 0.476220
4 0.079319 0.427940 0.095444 0.421991 0.112750 0.468901 0.096625 0.474849
4 0.087438 0.424164 0.104358 0.421143 0.113147 0.470364 0.096228 0.473386
4 0.096094 0.421875 0.113281 0.421875 0.113281 0.471875 0.096094 0.471875
4 0.105017 0.421143 0.121937 0.424164 0.113147 0.473386 0.096228 0.470364
4 0.113931 0.421991 0.130056 0.427940 0.112750 0.474849 0.096625 0.468901
4 0.122556 0.424393 0.137384 0.433084 0.112102 0.476220 0.097273 0.467530
4 0.130625 0.428274 0.143695 0.439436 0.111222 0.477456 0.098153 0.466294
4 0.126618 0.439436 0.139687 0.428274 0.172160 0.466294 0.159090 0.477456
4 0.132928 0.433084 0.147756 0.424393 0.173039 0.467530 0.158211 0.476220
4 0.140257 0.427940 0.156382 0.421991 0.173688 0.468901 0.157562 0.474849
4 0.148375 0.424164 0.165295 0.421143 0.174085 0.470364 0.157165 0.473386
4 0.157031 0.421875 0.174219 0.421875 0.174219 0.471875 0.157031 0.471875
4 0.165955 0.421143 0.182875 0.424164 0.174085 0.473386 0.157165 0.470364
4 0.174868 0.421991 0.190993 0.427940 0.173688 0.474849 0.157562 0.468901
4 0.183494 0.424393 0.198322 0.433084 0.173039 0.476220 0.158211 0.467530
4 0.191563 0.428274 0.204632 0.439436 0.172160 0.477456 0.159090 0.466294
4 0.187555 0.439436 0.200625 0.428274 0.233097 0.466294 0.220028 0.477456
4 0.193866 0.433084 0.208694 0.424393 0.233977 0.467530 0.219148 0.476220
4 0.201194 0.427940 0.217319 0.421991 0.234625 0.468901 0.218500 0.474849
4 0.209313 0.424164 0.226233 0.421143 0.235022 0.470364 0.218103 0.473386
4 0.217969 0.421875 0.235156 0.421875 0.235156 0.471875 0.217969 0.471875
4 0.226892 0.421143 0.243812 0.424164 0.235022 0.473386 0.218103 0.470364
4 0.235806 0.421991 0.251931 0.427940 0.234625 0.474849 0.218500 0.468901
4 0.244431 0.424393 0.259259 0.433084 0.233977 0.476220 0.219148 0.467530
4 0.252500 0.428274 0.265570 0.439436 0.233097 0.477456 0.220028 0.466294
4 0.248493 0.439436 0.261562 0.428274 0.294035 0.466294 0.280965 0.477456
4 0.254803 0.433084 0.269631 0.424393 0.294914 0.467530 0.280086 0.476220
4 0.262132 0.427940 0.278257 0.421991 0.295563 0.468901 0.279437 0.474849
4 0.270250 0.424164 0.287170 0.421143 0.295960 0.470364 0.279040 0.473386
4 0.278906 0.421875 0.296094 0.421875 0.296094 0.471875 0.278906 0.471875
4 0.287830 0.421143 0.304750 0.424164 0.295960 0.473386 0.279040 0.470364
4 0.296743 0.421991 0.312868 0.427940 0.295563 0.474849 0.279437 0.468901
4 0.305369 0.424393 0.320197 0.433084 0.294914 0.476220 0.280086 0.467530
4 0.313438 0.428274 0.326507 0.439436 0.294035 0.477456 0.280965 0.466294
4 0.309430 0.439436 0.322500 0.428274 0.354972 0.466294 0.341903 0.477456
4 0.315741 0.433084 0.330569 0.424393 0.355852 0.467530 0.341023 0.476220
4 0.323069 0.427940 0.339194 0.421991 0.356500 0.468901 0.340375 0.474849
4 0.331188 0.424164 0.348108 0.421143 0.356897 0.470364 0.339978 0.473386
4 0.339844 0.421875 0.357031 0.421875 0.357031 0.471875 0.339844 0.471875
4 0.348767 0.421143 0.365687 0.424164 0.356897 0.473386 0.339978 0.470364
4 0.357681 0.421991 0.373806 0.427940 0.356500 0.474849 0.340375 0.468901
4 0.366306 0.424393 0.381134 0.433084 0.355852 0.476220 0.341023 0.467530
4 0.374375 0.428274 0.387445 0.439436 0.354972 0.477456 0.341903 0.466294
4 0.370368 0.439436 0.383437 0.428274 0.415910 0.466294 0.402840 0.477456
4 0.376678 0.433084 0.391506 0.424393 0.416789 0.467530 0.401961 0.476220
4 0.384007 0.427940 0.400132 0.421991 0.417438 0.468901 0.401312 0.474849
4 0.392125 0.424164 0.409045 0.421143 0.417835 0.470364 0.400915 0.473386
4 0.400781 0.421875 0.417969 0.421875 0.417969 0.471875 0.400781 0.471875
4 0.409705 0.421143 0.426625 0.424164 0.417835 0.473386 0.400915 0.470364
4 0.418618 0.421991 0.434743 0.427940 0.417438 0.474849 0.401312 0.468901
4 0.427244 0.424393 0.442072 0.433084 0.416789 0.476220 0.401961 0.467530
4 0.435313 0.428274 0.448382 0.439436 0.415910 0.477456 0.402840 0.466294
4 0.431305 0.439436 0.444375 0.428274 0.476847 0.466294 0.463778 0.477456
4 0.437616 0.433084 0.452444 0.424393 0.477727 0.467530 0.462898 0.476220
4 0.444944 0.427940 0.461069 0.421991 0.478375 0.468901 0.462250 0.474849
4 0.453063 0.424164 0.469983 0.421143 0.478772 0.470364 0.461853 0.473386
4 0.461719 0.421875 0.478906 0.421875 0.478906 0.471875 0.461719 0.471875
4 0.470642 0.421143 0.487562 0.424164 0.478772 0.473386 0.461853 0.470364
4 0.479556 0.421991 0.495681 0.427940 0.478375 0.474849 0.462250 0.468901
4 0.488181 0.424393 0.503009 0.433084 0.477727 0.476220 0.462898 0.467530
4 0.496250 0.428274 0.509320 0.439436 0.476847 0.477456 0.463778 0.466294
4 0.492243 0.439436 0.505312 0.428274 0.537785 0.466294 0.524715 0.477456
4 0.498553 0.433084 0.513381 0.424393 0.538664 0.467530 0.523836 0.476220
4 0.505882 0.427940 0.522007 0.421991 0.539313 0.468901 0.523187 0.474849
4 0.514000 0.424164 0.530920 0.421143 0.539710 0.470364 0.522790 0.473386
4 0.522656 0.421875 0.539844 0.421875 0.539844 0.471875 0.522656 0.471875
4 0.531580 0.421143 0.548500 0.424164 0.539710 0.473386 0.522790 0.470364
4 0.540493 0.421991 0.556618 0.427940 0.539313 0.474849 0.523187 0.468901
4 0.549119 0.424393 0.563947 0.433084 0.538664 0.476220 0.523836 0.467530
4 0.557188 0.428274 0.570257 0.439436 0.537785 0.477456 0.524715 0.466294
4 0.553180 0.439436 0.566250 0.428274 0.598722 0.466294 0.585653 0.477456
4 0.559491 0.433084 0.574319 0.424393 0.599602 0.467530 0.584773 0.476220
4 0.566819 0.427940 0.582944 0.421991 0.600250 0.468901 0.584125 0.474849
4 0.574938 0.424164 0.591858 0.421143 0.600647 0.470364 0.583728 0.473386
4 0.583594 0.421875 0.600781 0.421875 0.600781 0.471875 0.583594 0.471875
4 0.592517 0.421143 0.609437 0.424164 0.600647 0.473386 0.583728 0.470364
4 0.601431 0.421991 0.617556 0.427940 0.600250 0.474849 0.584125 0.468901
4 0.610056 0.424393 0.624884 0.433084 0.599602 0.476220 0.584773 0.467530
4 0.618125 0.428274 0.631195 0.439436 0.598722 0.477456 0.585653 0.466294
4 0.614118 0.439436 0.627187 0.428274 0.659660 0.466294 0.646590 0.477456
4 0.620428 0.433084 0.635256 0.424393 0.660539 0.467530 0.645711 0.476220
4 0.627757 0.427940 0.643882 0.421991 0.661188 0.468901 0.645062 0.474849
4 0.635875 0.424164 0.652795 0.421143 0.661585 0.470364 0.644665 0.473386
4 0.644531 0.421875 0.661719 0.421875 0.661719 0.471875 0.644531 0.471875
4 0.653455 0.421143 0.670375 0.424164 0.661585 0.473386 0.644665 0.470364
4 0.662368 0.421991 0.678493 0.427940 0.661188 0.474849 0.645062 0.468901
4 0.670994 0.424393 0.685822 0.433084 0.660539 0.476220 0.645711 0.467530
4 0.679063 0.428274 0.692132 0.439436 0.659660 0.477456 0.646590 0.466294
4 0.675055 0.439436 0.688125 0.428274 0.720597 0.466294 0.707528 0.477456
4 0.681366 0.433084 0.696194 0.424393 0.721477 0.467530 0.706648 0.476220
4 0.688694 0.427940 0.704819 0.421991 0.722125 0.468901 0.706000 0.474849
4 0.696813 0.424164 0.713733 0.421143 0.722522 0.470364 0.705603 0.473386
4 0.705469 0.421875 0.722656 0.421875 0.722656 0.471875 0.705469 0.471875
4 0.714392 0.421143 0.731312 0.424164 0.722522 0.473386 0.705603 0.470364
4 0.723306 0.421991 0.739431 0.427940 0.722125 0.474849 0.706000 0.468901
4 0.731931 0.424393 0.746759 0.433084 0.721477 0.476220 0.706648 0.467530
4 0.740000 0.428274 0.753070 0.439436 0.720597 0.477456 0.707528 0.466294
4 0.034430 0.494123 0.047500 0.482961 0.079972 0.520981 0.066903 0.532144
4 0.040741 0.487771 0.055569 0.479080 0.080852 0.522217 0.066023 0.530908
4 0.048069 0.482627 0.064194 0.476678 0.081500 0.523588 0.065375 0.529537
4 0.056188 0.478852 0.073108 0.475830 0.081897 0.525052 0.064978 0.528073
4 0.064844 0.476562 0.082031 0.476562 0.082031 0.526563 0.064844 0.526563
4 0.073767 0.475830 0.090687 0.478852 0.081897 0.528073 0.064978 0.525052
4 0.082681 0.476678 0.098806 0.482627 0.081500 0.529537 0.065375 0.523588
4 0.091306 0.479080 0.106134 0.487771 0.080852 0.530908 0.066023 0.522217
4 0.099375 0.482961 0.112445 0.494123 0.079972 0.532144 0.066903 0.520981
4 0.095368 0.494123 0.108437 0.482961 0.140910 0.520981 0.127840 0.532144
4 0.101678 0.487771 0.116506 0.479080 0.141789 0.522217 0.126961 0.530908
4 0.109007 0.482627 0.125132 0.476678 0.142438 0.523588 0.126312 0.529537
4 0.117125 0.478852 0.134045 0.475830 0.142835 0.525052 0.125915 0.528073
4 0.125781 0.476562 0.142969 0.476562 0.142969 0.526563 0.125781 0.526563
4 0.134705 0.475830 0.151625 0.478852 0.142835 0.528073 0.125915 0.525052
4 0.143618 0.476678 0.159743 0.482627 0.142438 0.529537 0.126312 0.523588
4 0.152244 0.479080 0.167072 0.487771 0.141789 0.530908 0.126961 0.522217
4 0.160313 0.482961 0.173382 0.494123 0.140910 0.532144 0.127840 0.520981
4 0.156305 0.494123 0.169375 0.482961 0.201847 0.520981 0.188778 0.532144
4 0.162616 0.487771 0.177444 0.479080 0.202727 0.522217 0.187898 0.530908
4 0.169944 0.482627 0.186069 0.476678 0.203375 0.523588 0.187250 0.529537
4 0.178063 0.478852 0.194983 0.475830 0.203772 0.525052 0.186853 0.528073
4 0.186719 0.476562 0.203906 0.476562 0.203906 0.526563 0.186719 0.526563
4 0.195642 0.475830 0.212562 0.478852 0.203772 0.528073 0.186853 0.525052
4 0.204556 0.476678 0.220681 0.482627 0.203375 0.529537 0.187250 0.523588
4 0.213181 0.479080 0.228009 0.487771 0.202727 0.530908 0.187898 0.522217
4 0.221250 0.482961 0.234320 0.494123 0.201847 0.532144 0.188778 0.520981
4 0.217243 0.494123 0.230312 0.482961 0.262785 0.520981 0.249715 0.532144
4 0.223553 0.487771 0.238381 0.479080 0.263664 0.522217 0.248836 0.530908
4 0.230882 0.482627 0.247007 0.476678 0.264313 0.523588 0.248187 0.529537
4 0.239000 0.478852 0.255920 0.475830 0.264710 0.525052 0.247790 0.528073
4 0.247656 0.476562 0.264844 0.476562 0.264844 0.526563 0.247656 0.526563
4 0.256580 0.475830 0.273500 0.478852 0.264710 0.528073 0.247790 0.525052
4 0.265493 0.476678 0.281618 0.482627 0.264313 0.529537 0.248187 0.523588
4 0.274119 0.479080 0.288947 0.487771 0.263664 0.530908 0.248836 0.522217
4 0.282188 0.482961 0.295257 0.494123 0.262785 0.532144 0.249715 0.520981
4 0.278180 0.494123 0.291250 0.482961 0.323722 0.520981 0.310653 0.532144
4 0.284491 0.487771 0.299319 0.479080 0.324602 0.522217 0.309773 0.530908
4 0.291819 0.482627 0.307944 0.476678 0.325250 0.523588 0.309125 0.529537
4 0.299938 0.478852 0.316858 0.475830 0.325647 0.525052 0.308728 0.528073
4 0.308594 0.476562 0.325781 0.476562 0.325781 0.526563 0.308594 0.526563
4 0.317517 0.475830 0.334437 0.478852 0.325647 0.528073 0.308728 0.525052
4 0.326431 0.476678 0.342556 0.482627 0.325250 0.529537 0.309125 0.523588
4 0.335056 0.479080 0.349884 0.487771 0.324602 0.530908 0.309773 0.522217
4 0.343125 0.482961 0.356195 0.494123 0.323722 0.532144 0.310653 0.520981
4 0.339118 0.494123 0.352187 0.482961 0.384660 0.520981 0.371590 0.532144
4 0.345428 0.487771 0.360256 0.479080 0.385539 0.522217 0.370711 0.530908
4 0.352757 0.482627 0.368882 0.476678 0.386188 0.523588 0.370062 0.529537
4 0.360875 0.478852 0.377795 0.475830 0.386585 0.525052 0.369665 0.528073
4 0.369531 0.476562 0.386719 0.476562 0.386719 0.526563 0.369531 0.526563
4 0.378455 0.475830 0.395375 0.478852 0.386585 0.528073 0.369665 0.525052
4 0.387368 0.476678 0.403493 0.482627 0.386188 0.529537 0.370062 0.523588
4 0.395994 0.479080 0.410822 0.487771 0.385539 0.530908 0.370711 0.522217
4 0.404063 0.482961 0.417132 0.494123 0.384660 0.532144 0.371590 0.520981
4 0.400055 0.494123 0.413125 0.482961 0.445597 0.520981 0.432528 0.532144
4 0.406366 0.487771 0.421194 0.479080 0.446477 0.522217 0.431648 0.530908
4 0.413694 0.482627 0.429819 0.476678 0.447125 0.523588 0.431000 0.529537
4 0.421813 0.478852 0.438733 0.475830 0.447522 0.525052 0.430603 0.528073
4 0.430469 0.476562 0.447656 0.476562 0.447656 0.526563 0.430469 0.526563
4 0.439392 0.475830 0.456312 0.478852 0.447522 0.528073 0.430603 0.525052
4 0.448306 0.476678 0.464431 0.482627 0.447125 0.529537 0.431000 0.523588
4 0.456931 0.479080 0.471759 0.487771 0.446477 0.530908 0.431648 0.522217
4 0.465000 0.482961 0.478070 0.494123 0.445597 0.532144 0.432528 0.520981
4 0.460993 0.494123 0.474062 0.482961 0.506535 0.520981 0.493465 0.532144
4 0.467303 0.487771 0.482131 0.479080 0.507414 0.522217 0.492586 0.530908
4 0.474632 0.482627 0.490757 0.476678 0.508063 0.523588 0.491937 0.529537
4 0.482750 0.478852 0.499670 0.475830 0.508460 0.525052 0.491540 0.528073
4 0.491406 0.476562 0.508594 0.476562 0.508594 0.526563 0.491406 0.526563
4 0.500330 0.475830 0.517250 0.478852 0.508460 0.528073 0.491540 0.525052
4 0.509243 0.476678 0.525368 0.482627 0.508063 0.529537 0.491937 0.523588
4 0.517869 0.479080 0.532697 0.487771 0.507414 0.530908 0.492586 0.522217
4 0.525938 0.482961 0.539007 0.494123 0.506535 0.532144 0.493465 0.520981
4 0.521930 0.494123 0.535000 0.482961 0.567472 0.520981 0.554403 0.532144
4 0.528241 0.487771 0.543069 0.479080 0.568352 0.522217 0.553523 0.530908
4 0.535569 0.482627 0.551694 0.476678 0.569000 0.523588 0.552875 0.529537
4 0.543688 0.478852 0.560608 0.475830 0.569397 0.525052 0.552478 0.528073
4 0.552344 0.476562 0.569531 0.476562 0.569531 0.526563 0.552344 0.526563
4 0.561267 0.475830 0.578187 0.478852 0.569397 0.528073 0.552478 0.525052
4 0.570181 0.476678 0.586306 0.482627 0.569000 0.529537 0.552875 0.523588
4 0.578806 0.479080 0.593634 0.487771 0.568352 0.530908 0.553523 0.522217
4 0.586875 0.482961 0.599945 0.494123 0.567472 0.532144 0.554403 0.520981
4 0.582868 0.494123 0.595937 0.482961 0.628410 0.520981 0.615340 0.532144
4 0.589178 0.487771 0.604006 0.479080 0.629289 0.522217 0.614461 0.530908
4 0.596507 0.482627 0.612632 0.476678 0.629938 0.523588 0.613812 0.529537
4 0.604625 0.478852 0.621545 0.475830 0.630335 0.525052 0.613415 0.528073
4 0.613281 0.476562 0.630469 0.476562 0.630469 0.526563 0.613281 0.526563
4 0.622205 0.475830 0.639125 0.478852 0.630335 0.528073 0.613415 0.525052
4 0.631118 0.476678 0.647243 0.482627 0.629938 0.529537 0.613812 0.523588
4 0.639744 0.479080 0.654572 0.487771 0.629289 0.530908 0.614461 0.522217
4 0.647813 0.482961 0.660882 0.494123 0.628410 0.532144 0.615340 0.520981
4 0.643805 0.494123 0.656875 0.482961 0.689347 0.520981 0.676278 0.532144
4 0.650116 0.487771 0.664944 0.479080 0.690227 0.522217 0.675398 0.530908
4 0.657444 0.482627 0.673569 0.476678 0.690875 0.523588 0.674750 0.529537
4 0.665563 0.478852 0.682483 0.475830 0.691272 0.525052 0.674353 0.528073
4 0.674219 0.476562 0.691406 0.476562 0.691406 0.526563 0.674219 0.526563
4 0.683142 0.475830 0.700062 0.478852 0.691272 0.528073 0.674353 0.525052
4 0.692056 0.476678 0.708181 0.482627 0.690875 0.529537 0.674750 0.523588
4 0.700681 0.479080 0.715509 0.487771 0.690227 0.530908 0.675398 0.522217
4 0.708750 0.482961 0.721820 0.494123 0.689347 0.532144 0.676278 0.520981
4 0.704743 0.494123 0.717812 0.482961 0.750285 0.520981 0.737215 0.532144
4 0.711053 0.487771 0.725881 0.479080 0.751164 0.522217 0.736336 0.530908
4 0.718382 0.482627 0.734507 0.476678 0.751813 0.523588 0.735687 0.529537
4 0.726500 0.478852 0.743420 0.475830 0.752210 0.525052 0.735290 0.528073
4 0.735156 0.476562 0.752344 0.476562 0.752344 0.526563 0.735156 0.526563
4 0.744080 0.475830 0.761000 0.478852 0.752210 0.528073 0.735290 0.525052
4 0.752993 0.476678 0.769118 0.482627 0.751813 0.529537 0.735687 0.523588
4 0.761619 0.479080 0.776447 0.487771 0.751164 0.530908 0.736336 0.522217
4 0.769688 0.482961 0.782757 0.494123 0.750285 0.532144 0.737215 0.520981