4 0.045312 0.023438 0.073438 0.023438 0.073438 0.104688 0.045312 0.104688
4 0.071875 0.025000 0.100000 0.025000 0.100000 0.106250 0.071875 0.106250
4 0.089063 0.031250 0.117188 0.031250 0.117188 0.112500 0.089063 0.112500
4 0.115625 0.028125 0.143750 0.028125 0.143750 0.109375 0.115625 0.109375
4 0.135937 0.026562 0.164062 0.026562 0.164062 0.107813 0.135937 0.107813
4 0.157812 0.026562 0.185938 0.026562 0.185938 0.107813 0.157812 0.107813
4 0.175000 0.026562 0.203125 0.026562 0.203125 0.107813 0.175000 0.107813
4 0.198437 0.021875 0.226562 0.021875 0.226562 0.103125 0.198437 0.103125
4 0.221875 0.021875 0.250000 0.021875 0.250000 0.103125 0.221875 0.103125
4 0.245312 0.031250 0.273438 0.031250 0.273438 0.112500 0.245312 0.112500
4 0.268750 0.023438 0.296875 0.023438 0.296875 0.104688 0.268750 0.104688
4 0.289062 0.031250 0.317188 0.031250 0.317188 0.112500 0.289062 0.112500
4 0.309375 0.028125 0.337500 0.028125 0.337500 0.109375 0.309375 0.109375
4 0.328125 0.029687 0.356250 0.029687 0.356250 0.110937 0.328125 0.110937
4 0.356250 0.029687 0.384375 0.029687 0.384375 0.110937 0.356250 0.110937
4 0.376563 0.031250 0.404687 0.031250 0.404687 0.112500 0.376563 0.112500
4 0.398438 0.021875 0.426563 0.021875 0.426563 0.103125 0.398438 0.103125
4 0.418750 0.021875 0.446875 0.021875 0.446875 0.103125 0.418750 0.103125
4 0.437500 0.028125 0.465625 0.028125 0.465625 0.109375 0.437500 0.109375
4 0.464062 0.031250 0.492188 0.031250 0.492188 0.112500 0.464062 0.112500
4 0.484375 0.028125 0.512500 0.028125 0.512500 0.109375 0.484375 0.109375
4 0.506250 0.026562 0.534375 0.026562 0.534375 0.107813 0.506250 0.107813
4 0.531250 0.031250 0.559375 0.031250 0.559375 0.112500 0.531250 0.112500
4 0.551562 0.031250 0.579688 0.031250 0.579688 0.112500 0.551562 0.112500
4 0.570312 0.025000 0.598437 0.025000 0.598437 0.106250 0.570312 0.106250
4 0.044531 0.103125 0.071094 0.103125 0.071094 0.175000 0.044531 0.175000
4 0.071094 0.109375 0.097656 0.109375 0.097656 0.181250 0.071094 0.181250
4 0.091406 0.109375 0.117969 0.109375 0.117969 0.181250 0.091406 0.181250
4 0.116406 0.101562 0.142969 0.101562 0.142969 0.173437 0.116406 0.173437
4 0.136719 0.101562 0.163281 0.101562 0.163281 0.173437 0.136719 0.173437
4 0.160156 0.101562 0.186719 0.101562 0.186719 0.173437 0.160156 0.173437
4 0.182031 0.106250 0.208594 0.106250 0.208594 0.178125 0.182031 0.178125
4 0.200781 0.101562 0.227344 0.101562 0.227344 0.173437 0.200781 0.173437
4 0.225781 0.100000 0.252344 0.100000 0.252344 0.171875 0.225781 0.171875
4 0.246094 0.104688 0.272656 0.104688 0.272656 0.176563 0.246094 0.176563
4 0.267969 0.103125 0.294531 0.103125 0.294531 0.175000 0.267969 0.175000
4 0.286719 0.103125 0.313281 0.103125 0.313281 0.175000 0.286719 0.175000
4 0.311719 0.103125 0.338281 0.103125 0.338281 0.175000 0.311719 0.175000
4 0.333594 0.101562 0.360156 0.101562 0.360156 0.173437 0.333594 0.173437
4 0.355469 0.109375 0.382031 0.109375 0.382031 0.181250 0.355469 0.181250
4 0.374219 0.100000 0.400781 0.100000 0.400781 0.171875 0.374219 0.171875
4 0.400781 0.101562 0.427344 0.101562 0.427344 0.173437 0.400781 0.173437
4 0.417969 0.104688 0.444531 0.104688 0.444531 0.176563 0.417969 0.176563
4 0.439844 0.104688 0.466406 0.104688 0.466406 0.176563 0.439844 0.176563
4 0.460156 0.106250 0.486719 0.106250 0.486719 0.178125 0.460156 0.178125
4 0.483594 0.104688 0.510156 0.104688 0.510156 0.176563 0.483594 0.176563
4 0.510156 0.100000 0.536719 0.100000 0.536719 0.171875 0.510156 0.171875
4 0.527344 0.101562 0.553906 0.101562 0.553906 0.173437 0.527344 0.173437
4 0.552344 0.106250 0.578906 0.106250 0.578906 0.178125 0.552344 0.178125
4 0.572656 0.104688 0.599219 0.104688 0.599219 0.176563 0.572656 0.176563
4 0.043750 0.160938 0.081250 0.160938 0.081250 0.270313 0.043750 0.270313
4 0.075000 0.159375 0.112500 0.159375 0.112500 0.268750 0.075000 0.268750
4 0.112500 0.159375 0.150000 0.159375 0.150000 0.268750 0.112500 0.268750
4 0.145313 0.160938 0.182812 0.160938 0.182812 0.270313 0.145313 0.270313
4 0.179688 0.154688 0.217188 0.154688 0.217188 0.264062 0.179688 0.264062
4 0.217188 0.159375 0.254688 0.159375 0.254688 0.268750 0.217188 0.268750
4 0.251563 0.160938 0.289062 0.160938 0.289062 0.270313 0.251563 0.270313
4 0.285938 0.157812 0.323437 0.157812 0.323437 0.267188 0.285938 0.267188
4 0.314063 0.153125 0.351562 0.153125 0.351562 0.262500 0.314063 0.262500
4 0.350000 0.159375 0.387500 0.159375 0.387500 0.268750 0.350000 0.268750
4 0.385937 0.157812 0.423438 0.157812 0.423438 0.267188 0.385937 0.267188
4 0.418750 0.157812 0.456250 0.157812 0.456250 0.267188 0.418750 0.267188
4 0.451562 0.160938 0.489063 0.160938 0.489063 0.270313 0.451562 0.270313
4 0.489063 0.159375 0.526563 0.159375 0.526563 0.268750 0.489063 0.268750
4 0.521875 0.156250 0.559375 0.156250 0.559375 0.265625 0.521875 0.265625
4 0.560937 0.159375 0.598437 0.159375 0.598437 0.268750 0.560937 0.268750
4 0.593750 0.159375 0.631250 0.159375 0.631250 0.268750 0.593750 0.268750
4 0.628125 0.156250 0.665625 0.156250 0.665625 0.265625 0.628125 0.265625
4 0.664062 0.160938 0.701562 0.160938 0.701562 0.270313 0.664062 0.270313
4 0.698438 0.154688 0.735938 0.154688 0.735938 0.264062 0.698438 0.264062
4 0.729688 0.154688 0.767188 0.154688 0.767188 0.264062 0.729688 0.264062
4 0.767188 0.157812 0.804688 0.157812 0.804688 0.267188 0.767188 0.267188
4 0.796875 0.159375 0.834375 0.159375 0.834375 0.268750 0.796875 0.268750
4 0.832812 0.151562 0.870313 0.151562 0.870313 0.260937 0.832812 0.260937
4 0.864062 0.160938 0.901563 0.160938 0.901563 0.270313 0.864062 0.270313