3 0.003906 0.025781 0.061719 0.025781 0.061719 0.124219 0.003906 0.124219
3 0.052344 0.024219 0.110156 0.024219 0.110156 0.122656 0.052344 0.122656
3 0.103906 0.019531 0.161719 0.019531 0.161719 0.117969 0.103906 0.117969
3 0.149219 0.024219 0.207031 0.024219 0.207031 0.122656 0.149219 0.122656
3 0.203906 0.021094 0.261719 0.021094 0.261719 0.119531 0.203906 0.119531
3 0.246094 0.025781 0.303906 0.025781 0.303906 0.124219 0.246094 0.124219
3 0.294531 0.025781 0.352344 0.025781 0.352344 0.124219 0.294531 0.124219
3 0.344531 0.019531 0.402344 0.019531 0.402344 0.117969 0.344531 0.117969
3 0.392969 0.024219 0.450781 0.024219 0.450781 0.122656 0.392969 0.122656
3 0.444531 0.022656 0.502344 0.022656 0.502344 0.121094 0.444531 0.121094
3 0.489844 0.027344 0.547656 0.027344 0.547656 0.125781 0.489844 0.125781
3 0.536719 0.019531 0.594531 0.019531 0.594531 0.117969 0.536719 0.117969
3 0.588281 0.019531 0.646094 0.019531 0.646094 0.117969 0.588281 0.117969
3 0.636719 0.024219 0.694531 0.024219 0.694531 0.122656 0.636719 0.122656
3 0.686719 0.021094 0.744531 0.021094 0.744531 0.119531 0.686719 0.119531
3 0.735156 0.025781 0.792969 0.025781 0.792969 0.124219 0.735156 0.124219
3 0.780469 0.028906 0.838281 0.028906 0.838281 0.127344 0.780469 0.127344
3 0.827344 0.019531 0.885156 0.019531 0.885156 0.117969 0.827344 0.117969
3 0.875781 0.019531 0.933594 0.019531 0.933594 0.117969 0.875781 0.117969
3 0.028906 0.153906 0.036719 0.153906 0.036719 0.164844 0.028906 0.164844
3 0.044531 0.155469 0.052344 0.155469 0.052344 0.166406 0.044531 0.166406
3 0.053906 0.158594 0.061719 0.158594 0.061719 0.169531 0.053906 0.169531
3 0.069531 0.152344 0.077344 0.152344 0.077344 0.163281 0.069531 0.163281
3 0.080469 0.160156 0.088281 0.160156 0.088281 0.171094 0.080469 0.171094
3 0.097656 0.161719 0.105469 0.161719 0.105469 0.172656 0.097656 0.172656
3 0.103906 0.160156 0.111719 0.160156 0.111719 0.171094 0.103906 0.171094
3 0.121094 0.160156 0.128906 0.160156 0.128906 0.171094 0.121094 0.171094
3 0.132031 0.158594 0.139844 0.158594 0.139844 0.169531 0.132031 0.169531
3 0.147656 0.161719 0.155469 0.161719 0.155469 0.172656 0.147656 0.172656
3 0.155469 0.155469 0.163281 0.155469 0.163281 0.166406 0.155469 0.166406
3 0.172656 0.155469 0.180469 0.155469 0.180469 0.166406 0.172656 0.166406
3 0.180469 0.157031 0.188281 0.157031 0.188281 0.167969 0.180469 0.167969
3 0.194531 0.161719 0.202344 0.161719 0.202344 0.172656 0.194531 0.172656
3 0.208594 0.161719 0.216406 0.161719 0.216406 0.172656 0.208594 0.172656
3 0.219531 0.160156 0.227344 0.160156 0.227344 0.171094 0.219531 0.171094
3 0.230469 0.161719 0.238281 0.161719 0.238281 0.172656 0.230469 0.172656
3 0.246094 0.152344 0.253906 0.152344 0.253906 0.163281 0.246094 0.163281
3 0.257031 0.160156 0.264844 0.160156 0.264844 0.171094 0.257031 0.171094
3 0.271094 0.152344 0.278906 0.152344 0.278906 0.163281 0.271094 0.163281
3 0.282031 0.158594 0.289844 0.158594 0.289844 0.169531 0.282031 0.169531
3 0.296094 0.157031 0.303906 0.157031 0.303906 0.167969 0.296094 0.167969
3 0.310156 0.152344 0.317969 0.152344 0.317969 0.163281 0.310156 0.163281
3 0.322656 0.157031 0.330469 0.157031 0.330469 0.167969 0.322656 0.167969
3 0.335156 0.161719 0.342969 0.161719 0.342969 0.172656 0.335156 0.172656
3 0.031250 0.175781 0.043750 0.175781 0.043750 0.183594 0.031250 0.183594
3 0.040625 0.172656 0.053125 0.172656 0.053125 0.180469 0.040625 0.180469
3 0.053125 0.172656 0.065625 0.172656 0.065625 0.180469 0.053125 0.180469
3 0.064062 0.171094 0.076563 0.171094 0.076563 0.178906 0.064062 0.178906
3 0.081250 0.167969 0.093750 0.167969 0.093750 0.175781 0.081250 0.175781
3 0.092188 0.175781 0.104688 0.175781 0.104688 0.183594 0.092188 0.183594
3 0.103125 0.169531 0.115625 0.169531 0.115625 0.177344 0.103125 0.177344
3 0.114062 0.174219 0.126562 0.174219 0.126562 0.182031 0.114062 0.182031
3 0.132812 0.169531 0.145313 0.169531 0.145313 0.177344 0.132812 0.177344
3 0.139063 0.174219 0.151562 0.174219 0.151562 0.182031 0.139063 0.182031
3 0.153125 0.171094 0.165625 0.171094 0.165625 0.178906 0.153125 0.178906
3 0.165625 0.171094 0.178125 0.171094 0.178125 0.178906 0.165625 0.178906
3 0.179688 0.166406 0.192188 0.166406 0.192188 0.174219 0.179688 0.174219
3 0.190625 0.166406 0.203125 0.166406 0.203125 0.174219 0.190625 0.174219
3 0.201563 0.166406 0.214062 0.166406 0.214062 0.174219 0.201563 0.174219
3 0.215625 0.167969 0.228125 0.167969 0.228125 0.175781 0.215625 0.175781
3 0.232813 0.169531 0.245312 0.169531 0.245312 0.177344 0.232813 0.177344
3 0.240625 0.175781 0.253125 0.175781 0.253125 0.183594 0.240625 0.183594
3 0.257812 0.166406 0.270313 0.166406 0.270313 0.174219 0.257812 0.174219
3 0.270313 0.175781 0.282813 0.175781 0.282813 0.183594 0.270313 0.183594
3 0.282813 0.175781 0.295312 0.175781 0.295312 0.183594 0.282813 0.183594
3 0.289062 0.166406 0.301563 0.166406 0.301563 0.174219 0.289062 0.174219
3 0.307812 0.174219 0.320312 0.174219 0.320312 0.182031 0.307812 0.182031
3 0.317188 0.171094 0.329688 0.171094 0.329688 0.178906 0.317188 0.178906
3 0.328125 0.175781 0.340625 0.175781 0.340625 0.183594 0.328125 0.183594