4 0.053125 0.057031 0.090625 0.057031 0.090625 0.167969 0.053125 0.167969
4 0.085938 0.053906 0.123438 0.053906 0.123438 0.164844 0.085938 0.164844
4 0.118750 0.060156 0.156250 0.060156 0.156250 0.171094 0.118750 0.171094
4 0.157812 0.058594 0.195312 0.058594 0.195312 0.169531 0.157812 0.169531
4 0.189062 0.055469 0.226562 0.055469 0.226562 0.166406 0.189062 0.166406
4 0.223438 0.052344 0.260937 0.052344 0.260937 0.163281 0.223438 0.163281
4 0.262500 0.052344 0.300000 0.052344 0.300000 0.163281 0.262500 0.163281
4 0.296875 0.060156 0.334375 0.060156 0.334375 0.171094 0.296875 0.171094
4 0.326562 0.057031 0.364063 0.057031 0.364063 0.167969 0.326562 0.167969
4 0.359375 0.053906 0.396875 0.053906 0.396875 0.164844 0.359375 0.164844
4 0.396875 0.053906 0.434375 0.053906 0.434375 0.164844 0.396875 0.164844
4 0.434375 0.055469 0.471875 0.055469 0.471875 0.166406 0.434375 0.166406
4 0.462500 0.057031 0.500000 0.057031 0.500000 0.167969 0.462500 0.167969
4 0.496875 0.061719 0.534375 0.061719 0.534375 0.172656 0.496875 0.172656
4 0.535937 0.061719 0.573438 0.061719 0.573438 0.172656 0.535937 0.172656
4 0.568750 0.055469 0.606250 0.055469 0.606250 0.166406 0.568750 0.166406
4 0.604688 0.053906 0.642188 0.053906 0.642188 0.164844 0.604688 0.164844
4 0.637500 0.060156 0.675000 0.060156 0.675000 0.171094 0.637500 0.171094
4 0.675000 0.058594 0.712500 0.058594 0.712500 0.169531 0.675000 0.169531
4 0.704688 0.055469 0.742188 0.055469 0.742188 0.166406 0.704688 0.166406
4 0.737500 0.052344 0.775000 0.052344 0.775000 0.163281 0.737500 0.163281
4 0.778125 0.057031 0.815625 0.057031 0.815625 0.167969 0.778125 0.167969
4 0.812500 0.052344 0.850000 0.052344 0.850000 0.163281 0.812500 0.163281
4 0.843750 0.058594 0.881250 0.058594 0.881250 0.169531 0.843750 0.169531
4 0.879687 0.057031 0.917188 0.057031 0.917188 0.167969 0.879687 0.167969
4 0.056250 0.182031 0.084375 0.182031 0.084375 0.261719 0.056250 0.261719
4 0.078125 0.175781 0.106250 0.175781 0.106250 0.255469 0.078125 0.255469
4 0.104688 0.183594 0.132812 0.183594 0.132812 0.263281 0.104688 0.263281
4 0.126562 0.185156 0.154688 0.185156 0.154688 0.264844 0.126562 0.264844
4 0.146875 0.177344 0.175000 0.177344 0.175000 0.257031 0.146875 0.257031
4 0.168750 0.180469 0.196875 0.180469 0.196875 0.260156 0.168750 0.260156
4 0.185938 0.175781 0.214062 0.175781 0.214062 0.255469 0.185938 0.255469
4 0.212500 0.182031 0.240625 0.182031 0.240625 0.261719 0.212500 0.261719
4 0.234375 0.182031 0.262500 0.182031 0.262500 0.261719 0.234375 0.261719
4 0.257812 0.180469 0.285938 0.180469 0.285938 0.260156 0.257812 0.260156
4 0.273438 0.185156 0.301563 0.185156 0.301563 0.264844 0.273438 0.264844
4 0.295312 0.178906 0.323437 0.178906 0.323437 0.258594 0.295312 0.258594
4 0.321875 0.177344 0.350000 0.177344 0.350000 0.257031 0.321875 0.257031
4 0.345313 0.177344 0.373437 0.177344 0.373437 0.257031 0.345313 0.257031
4 0.360938 0.183594 0.389062 0.183594 0.389062 0.263281 0.360938 0.263281
4 0.387500 0.185156 0.415625 0.185156 0.415625 0.264844 0.387500 0.264844
4 0.407813 0.185156 0.435937 0.185156 0.435937 0.264844 0.407813 0.264844
4 0.432812 0.175781 0.460938 0.175781 0.460938 0.255469 0.432812 0.255469
4 0.448437 0.177344 0.476562 0.177344 0.476562 0.257031 0.448437 0.257031
4 0.471875 0.178906 0.500000 0.178906 0.500000 0.258594 0.471875 0.258594
4 0.495312 0.180469 0.523438 0.180469 0.523438 0.260156 0.495312 0.260156
4 0.520312 0.180469 0.548438 0.180469 0.548438 0.260156 0.520312 0.260156
4 0.539062 0.177344 0.567187 0.177344 0.567187 0.257031 0.539062 0.257031
4 0.564063 0.178906 0.592187 0.178906 0.592187 0.258594 0.564063 0.258594
4 0.584375 0.180469 0.612500 0.180469 0.612500 0.260156 0.584375 0.260156
4 0.060937 0.264062 0.085938 0.264062 0.085938 0.335938 0.060937 0.335938
4 0.081250 0.264062 0.106250 0.264062 0.106250 0.335938 0.081250 0.335938
4 0.095312 0.264062 0.120313 0.264062 0.120313 0.335938 0.095312 0.335938
4 0.118750 0.256250 0.143750 0.256250 0.143750 0.328125 0.118750 0.328125
4 0.131250 0.264062 0.156250 0.264062 0.156250 0.335938 0.131250 0.335938
4 0.153125 0.256250 0.178125 0.256250 0.178125 0.328125 0.153125 0.328125
4 0.168750 0.257812 0.193750 0.257812 0.193750 0.329688 0.168750 0.329688
4 0.193750 0.260937 0.218750 0.260937 0.218750 0.332813 0.193750 0.332813
4 0.212500 0.262500 0.237500 0.262500 0.237500 0.334375 0.212500 0.334375
4 0.229687 0.256250 0.254688 0.256250 0.254688 0.328125 0.229687 0.328125
4 0.243750 0.256250 0.268750 0.256250 0.268750 0.328125 0.243750 0.328125
4 0.268750 0.254688 0.293750 0.254688 0.293750 0.326562 0.268750 0.326562
4 0.281250 0.260937 0.306250 0.260937 0.306250 0.332813 0.281250 0.332813
4 0.301563 0.256250 0.326562 0.256250 0.326562 0.328125 0.301563 0.328125
4 0.318750 0.257812 0.343750 0.257812 0.343750 0.329688 0.318750 0.329688
4 0.343750 0.264062 0.368750 0.264062 0.368750 0.335938 0.343750 0.335938
4 0.357812 0.254688 0.382812 0.254688 0.382812 0.326562 0.357812 0.326562
4 0.375000 0.259375 0.400000 0.259375 0.400000 0.331250 0.375000 0.331250
4 0.393750 0.264062 0.418750 0.264062 0.418750 0.335938 0.393750 0.335938
4 0.415625 0.257812 0.440625 0.257812 0.440625 0.329688 0.415625 0.329688
4 0.435937 0.254688 0.460938 0.254688 0.460938 0.326562 0.435937 0.326562
4 0.454688 0.254688 0.479687 0.254688 0.479687 0.326562 0.454688 0.326562
4 0.475000 0.254688 0.500000 0.254688 0.500000 0.326562 0.475000 0.326562
4 0.493750 0.257812 0.518750 0.257812 0.518750 0.329688 0.493750 0.329688
4 0.512500 0.256250 0.537500 0.256250 0.537500 0.328125 0.512500 0.328125
4 0.052344 0.313281 0.085156 0.313281 0.085156 0.402344 0.052344 0.402344
4 0.082031 0.316406 0.114844 0.316406 0.114844 0.405469 0.082031 0.405469
4 0.107031 0.314844 0.139844 0.314844 0.139844 0.403906 0.107031 0.403906
4 0.135156 0.307031 0.167969 0.307031 0.167969 0.396094 0.135156 0.396094
4 0.161719 0.307031 0.194531 0.307031 0.194531 0.396094 0.161719 0.396094
4 0.191406 0.316406 0.224219 0.316406 0.224219 0.405469 0.191406 0.405469
4 0.214844 0.314844 0.247656 0.314844 0.247656 0.403906 0.214844 0.403906
4 0.239844 0.311719 0.272656 0.311719 0.272656 0.400781 0.239844 0.400781
4 0.264844 0.308594 0.297656 0.308594 0.297656 0.397656 0.264844 0.397656
4 0.297656 0.307031 0.330469 0.307031 0.330469 0.396094 0.297656 0.396094
4 0.319531 0.313281 0.352344 0.313281 0.352344 0.402344 0.319531 0.402344
4 0.346094 0.314844 0.378906 0.314844 0.378906 0.403906 0.346094 0.403906
4 0.371094 0.307031 0.403906 0.307031 0.403906 0.396094 0.371094 0.396094
4 0.397656 0.310156 0.430469 0.310156 0.430469 0.399219 0.397656 0.399219
4 0.428906 0.316406 0.461719 0.316406 0.461719 0.405469 0.428906 0.405469
4 0.450781 0.313281 0.483594 0.313281 0.483594 0.402344 0.450781 0.402344
4 0.480469 0.316406 0.513281 0.316406 0.513281 0.405469 0.480469 0.405469
4 0.503906 0.311719 0.536719 0.311719 0.536719 0.400781 0.503906 0.400781
4 0.530469 0.307031 0.563281 0.307031 0.563281 0.396094 0.530469 0.396094
4 0.563281 0.316406 0.596094 0.316406 0.596094 0.405469 0.563281 0.405469
4 0.588281 0.310156 0.621094 0.310156 0.621094 0.399219 0.588281 0.399219
4 0.614844 0.308594 0.647656 0.308594 0.647656 0.397656 0.614844 0.397656
4 0.636719 0.314844 0.669531 0.314844 0.669531 0.403906 0.636719 0.403906
4 0.664844 0.308594 0.697656 0.308594 0.697656 0.397656 0.664844 0.397656
4 0.696094 0.314844 0.728906 0.314844 0.728906 0.403906 0.696094 0.403906
4 0.061719 0.392969 0.088281 0.392969 0.088281 0.466406 0.061719 0.466406
4 0.078906 0.399219 0.105469 0.399219 0.105469 0.472656 0.078906 0.472656
4 0.102344 0.394531 0.128906 0.394531 0.128906 0.467969 0.102344 0.467969
4 0.132031 0.397656 0.158594 0.397656 0.158594 0.471094 0.132031 0.471094
4 0.155469 0.402344 0.182031 0.402344 0.182031 0.475781 0.155469 0.475781
4 0.175781 0.392969 0.202344 0.392969 0.202344 0.466406 0.175781 0.466406
4 0.196094 0.397656 0.222656 0.397656 0.222656 0.471094 0.196094 0.471094
4 0.224219 0.392969 0.250781 0.392969 0.250781 0.466406 0.224219 0.466406
4 0.247656 0.397656 0.274219 0.397656 0.274219 0.471094 0.247656 0.471094
4 0.271094 0.402344 0.297656 0.402344 0.297656 0.475781 0.271094 0.475781
4 0.292969 0.397656 0.319531 0.397656 0.319531 0.471094 0.292969 0.471094
4 0.317969 0.392969 0.344531 0.392969 0.344531 0.466406 0.317969 0.466406
4 0.338281 0.399219 0.364844 0.399219 0.364844 0.472656 0.338281 0.472656
4 0.360156 0.394531 0.386719 0.394531 0.386719 0.467969 0.360156 0.467969
4 0.386719 0.394531 0.413281 0.394531 0.413281 0.467969 0.386719 0.467969
4 0.407031 0.394531 0.433594 0.394531 0.433594 0.467969 0.407031 0.467969
4 0.430469 0.396094 0.457031 0.396094 0.457031 0.469531 0.430469 0.469531
4 0.460156 0.392969 0.486719 0.392969 0.486719 0.466406 0.460156 0.466406
4 0.478906 0.394531 0.505469 0.394531 0.505469 0.467969 0.478906 0.467969
4 0.503906 0.400781 0.530469 0.400781 0.530469 0.474219 0.503906 0.474219
4 0.527344 0.400781 0.553906 0.400781 0.553906 0.474219 0.527344 0.474219
4 0.547656 0.394531 0.574219 0.394531 0.574219 0.467969 0.547656 0.467969
4 0.575781 0.394531 0.602344 0.394531 0.602344 0.467969 0.575781 0.467969
4 0.599219 0.402344 0.625781 0.402344 0.625781 0.475781 0.599219 0.475781
4 0.624219 0.399219 0.650781 0.399219 0.650781 0.472656 0.624219 0.472656