4 -0.000502 0.005804 0.024205 0.001986 0.034228 0.066841 0.009522 0.070659
4 0.019545 0.001986 0.044252 0.005804 0.034228 0.070659 0.009522 0.066841
4 0.039810 0.004398 0.062211 0.015497 0.033076 0.074300 0.010674 0.063200
4 0.058401 0.012815 0.076406 0.030159 0.030878 0.077422 0.012872 0.060078
4 0.073583 0.026451 0.085512 0.048422 0.027839 0.079735 0.015911 0.057765
4 0.067613 0.048422 0.079542 0.026451 0.137214 0.057765 0.125286 0.079735
4 0.076719 0.030159 0.094724 0.012815 0.140253 0.060078 0.122247 0.077422
4 0.090914 0.015497 0.113315 0.004398 0.142451 0.063200 0.120049 0.074300
4 0.108873 0.005804 0.133580 0.001986 0.143603 0.066841 0.118897 0.070659
4 0.128920 0.001986 0.153627 0.005804 0.143603 0.070659 0.118897 0.066841
4 0.149185 0.004398 0.171586 0.015497 0.142451 0.074300 0.120049 0.063200
4 0.167776 0.012815 0.185781 0.030159 0.140253 0.077422 0.122247 0.060078
4 0.182958 0.026451 0.194887 0.048422 0.137214 0.079735 0.125286 0.057765
4 0.176988 0.048422 0.188917 0.026451 0.246589 0.057765 0.234661 0.079735
4 0.186094 0.030159 0.204099 0.012815 0.249628 0.060078 0.231622 0.077422
4 0.200289 0.015497 0.222690 0.004398 0.251826 0.063200 0.229424 0.074300
4 0.218248 0.005804 0.242955 0.001986 0.252978 0.066841 0.228272 0.070659
4 0.238295 0.001986 0.263002 0.005804 0.252978 0.070659 0.228272 0.066841
4 0.258560 0.004398 0.280961 0.015497 0.251826 0.074300 0.229424 0.063200
4 0.277151 0.012815 0.295156 0.030159 0.249628 0.077422 0.231622 0.060078
4 0.292333 0.026451 0.304262 0.048422 0.246589 0.079735 0.234661 0.057765
4 0.286363 0.048422 0.298292 0.026451 0.355964 0.057765 0.344036 0.079735
4 0.295469 0.030159 0.313474 0.012815 0.359003 0.060078 0.340997 0.077422
4 0.309664 0.015497 0.332065 0.004398 0.361201 0.063200 0.338799 0.074300
4 0.327623 0.005804 0.352330 0.001986 0.362353 0.066841 0.337647 0.070659
4 0.347670 0.001986 0.372377 0.005804 0.362353 0.070659 0.337647 0.066841
4 0.367935 0.004398 0.390336 0.015497 0.361201 0.074300 0.338799 0.063200
4 0.386526 0.012815 0.404531 0.030159 0.359003 0.077422 0.340997 0.060078
4 0.401708 0.026451 0.413637 0.048422 0.355964 0.079735 0.344036 0.057765
4 0.395738 0.048422 0.407667 0.026451 0.465339 0.057765 0.453411 0.079735
4 0.404844 0.030159 0.422849 0.012815 0.468378 0.060078 0.450372 0.077422
4 0.419039 0.015497 0.441440 0.004398 0.470576 0.063200 0.448174 0.074300
4 0.436998 0.005804 0.461705 0.001986 0.471728 0.066841 0.447022 0.070659
4 0.457045 0.001986 0.481752 0.005804 0.471728 0.070659 0.447022 0.066841
4 0.477310 0.004398 0.499711 0.015497 0.470576 0.074300 0.448174 0.063200
4 0.495901 0.012815 0.513906 0.030159 0.468378 0.077422 0.450372 0.060078
4 0.511083 0.026451 0.523012 0.048422 0.465339 0.079735 0.453411 0.057765
4 0.505113 0.048422 0.517042 0.026451 0.574714 0.057765 0.562786 0.079735
4 0.514219 0.030159 0.532224 0.012815 0.577753 0.060078 0.559747 0.077422
4 0.528414 0.015497 0.550815 0.004398 0.579951 0.063200 0.557549 0.074300
4 0.546373 0.005804 0.571080 0.001986 0.581103 0.066841 0.556397 0.070659
4 0.566420 0.001986 0.591127 0.005804 0.581103 0.070659 0.556397 0.066841
4 0.586685 0.004398 0.609086 0.015497 0.579951 0.074300 0.557549 0.063200
4 0.605276 0.012815 0.623281 0.030159 0.577753 0.077422 0.559747 0.060078
4 0.620458 0.026451 0.632387 0.048422 0.574714 0.079735 0.562786 0.057765
4 0.614488 0.048422 0.626417 0.026451 0.684089 0.057765 0.672161 0.079735
4 0.623594 0.030159 0.641599 0.012815 0.687128 0.060078 0.669122 0.077422
4 0.637789 0.015497 0.660190 0.004398 0.689326 0.063200 0.666924 0.074300
4 0.655748 0.005804 0.680455 0.001986 0.690478 0.066841 0.665772 0.070659
4 0.675795 0.001986 0.700502 0.005804 0.690478 0.070659 0.665772 0.066841
4 0.696060 0.004398 0.718461 0.015497 0.689326 0.074300 0.666924 0.063200
4 0.714651 0.012815 0.732656 0.030159 0.687128 0.077422 0.669122 0.060078
4 0.729833 0.026451 0.741762 0.048422 0.684089 0.079735 0.672161 0.057765
4 0.723863 0.048422 0.735792 0.026451 0.793464 0.057765 0.781536 0.079735
4 0.732969 0.030159 0.750974 0.012815 0.796503 0.060078 0.778497 0.077422
4 0.747164 0.015497 0.769565 0.004398 0.798701 0.063200 0.776299 0.074300
4 0.765123 0.005804 0.789830 0.001986 0.799853 0.066841 0.775147 0.070659
4 0.785170 0.001986 0.809877 0.005804 0.799853 0.070659 0.775147 0.066841
4 0.805435 0.004398 0.827836 0.015497 0.798701 0.074300 0.776299 0.063200
4 0.824026 0.012815 0.842031 0.030159 0.796503 0.077422 0.778497 0.060078
4 0.839208 0.026451 0.851137 0.048422 0.793464 0.079735 0.781536 0.057765
4 0.833238 0.048422 0.845167 0.026451 0.902839 0.057765 0.890911 0.079735
4 0.842344 0.030159 0.860349 0.012815 0.905878 0.060078 0.887872 0.077422
4 0.856539 0.015497 0.878940 0.004398 0.908076 0.063200 0.885674 0.074300
4 0.874498 0.005804 0.899205 0.001986 0.909228 0.066841 0.884522 0.070659
4 0.894545 0.001986 0.919252 0.005804 0.909228 0.070659 0.884522 0.066841
4 0.914810 0.004398 0.937211 0.015497 0.908076 0.074300 0.885674 0.063200
4 0.933401 0.012815 0.951406 0.030159 0.905878 0.077422 0.887872 0.060078
4 0.948583 0.026451 0.960512 0.048422 0.902839 0.079735 0.890911 0.057765
4 0.012926 0.106234 0.024855 0.084264 0.082527 0.115577 0.070598 0.137548
4 0.022032 0.087971 0.040037 0.070627 0.085565 0.117890 0.067560 0.135235
4 0.036227 0.073309 0.058628 0.062210 0.087763 0.121013 0.065362 0.132112
4 0.054186 0.063617 0.078892 0.059798 0.088916 0.124653 0.064209 0.128472
4 0.074233 0.059798 0.098939 0.063617 0.088916 0.128472 0.064209 0.124653
4 0.094497 0.062210 0.116898 0.073309 0.087763 0.132112 0.065362 0.121013
4 0.113088 0.070627 0.131093 0.087971 0.085565 0.135235 0.067560 0.117890
4 0.128270 0.084264 0.140199 0.106234 0.082527 0.137548 0.070598 0.115577
4 0.122301 0.106234 0.134230 0.084264 0.191902 0.115577 0.179973 0.137548
4 0.131407 0.087971 0.149412 0.070627 0.194940 0.117890 0.176935 0.135235
4 0.145602 0.073309 0.168003 0.062210 0.197138 0.121013 0.174737 0.132112
4 0.163561 0.063617 0.188267 0.059798 0.198291 0.124653 0.173584 0.128472
4 0.183608 0.059798 0.208314 0.063617 0.198291 0.128472 0.173584 0.124653
4 0.203872 0.062210 0.226273 0.073309 0.197138 0.132112 0.174737 0.121013
4 0.222463 0.070627 0.240468 0.087971 0.194940 0.135235 0.176935 0.117890
4 0.237645 0.084264 0.249574 0.106234 0.191902 0.137548 0.179973 0.115577
4 0.231676 0.106234 0.243605 0.084264 0.301277 0.115577 0.289348 0.137548
4 0.240782 0.087971 0.258787 0.070627 0.304315 0.117890 0.286310 0.135235
4 0.254977 0.073309 0.277378 0.062210 0.306513 0.121013 0.284112 0.132112
4 0.272936 0.063617 0.297642 0.059798 0.307666 0.124653 0.282959 0.128472
4 0.292983 0.059798 0.317689 0.063617 0.307666 0.128472 0.282959 0.124653
4 0.313247 0.062210 0.335648 0.073309 0.306513 0.132112 0.284112 0.121013
4 0.331838 0.070627 0.349843 0.087971 0.304315 0.135235 0.286310 0.117890
4 0.347020 0.084264 0.358949 0.106234 0.301277 0.137548 0.289348 0.115577
4 0.341051 0.106234 0.352980 0.084264 0.410652 0.115577 0.398723 0.137548
4 0.350157 0.087971 0.368162 0.070627 0.413690 0.117890 0.395685 0.135235
4 0.364352 0.073309 0.386753 0.062210 0.415888 0.121013 0.393487 0.132112
4 0.382311 0.063617 0.407017 0.059798 0.417041 0.124653 0.392334 0.128472
4 0.402358 0.059798 0.427064 0.063617 0.417041 0.128472 0.392334 0.124653
4 0.422622 0.062210 0.445023 0.073309 0.415888 0.132112 0.393487 0.121013
4 0.441213 0.070627 0.459218 0.087971 0.413690 0.135235 0.395685 0.117890
4 0.456395 0.084264 0.468324 0.106234 0.410652 0.137548 0.398723 0.115577
4 0.450426 0.106234 0.462355 0.084264 0.520027 0.115577 0.508098 0.137548
4 0.459532 0.087971 0.477537 0.070627 0.523065 0.117890 0.505060 0.135235
4 0.473727 0.073309 0.496128 0.062210 0.525263 0.121013 0.502862 0.132112
4 0.491686 0.063617 0.516392 0.059798 0.526416 0.124653 0.501709 0.128472
4 0.511733 0.059798 0.536439 0.063617 0.526416 0.128472 0.501709 0.124653
4 0.531997 0.062210 0.554398 0.073309 0.525263 0.132112 0.502862 0.121013
4 0.550588 0.070627 0.568593 0.087971 0.523065 0.135235 0.505060 0.117890
4 0.565770 0.084264 0.577699 0.106234 0.520027 0.137548 0.508098 0.115577
4 0.559801 0.106234 0.571730 0.084264 0.629402 0.115577 0.617473 0.137548
4 0.568907 0.087971 0.586912 0.070627 0.632440 0.117890 0.614435 0.135235
4 0.583102 0.073309 0.605503 0.062210 0.634638 0.121013 0.612237 0.132112
4 0.601061 0.063617 0.625767 0.059798 0.635791 0.124653 0.611084 0.128472
4 0.621108 0.059798 0.645814 0.063617 0.635791 0.128472 0.611084 0.124653
4 0.641372 0.062210 0.663773 0.073309 0.634638 0.132112 0.612237 0.121013
4 0.659963 0.070627 0.677968 0.087971 0.632440 0.135235 0.614435 0.117890
4 0.675145 0.084264 0.687074 0.106234 0.629402 0.137548 0.617473 0.115577
4 0.669176 0.106234 0.681105 0.084264 0.738777 0.115577 0.726848 0.137548
4 0.678282 0.087971 0.696287 0.070627 0.741815 0.117890 0.723810 0.135235
4 0.692477 0.073309 0.714878 0.062210 0.744013 0.121013 0.721612 0.132112
4 0.710436 0.063617 0.735142 0.059798 0.745166 0.124653 0.720459 0.128472
4 0.730483 0.059798 0.755189 0.063617 0.745166 0.128472 0.720459 0.124653
4 0.750747 0.062210 0.773148 0.073309 0.744013 0.132112 0.721612 0.121013
4 0.769338 0.070627 0.787343 0.087971 0.741815 0.135235 0.723810 0.117890
4 0.784520 0.084264 0.796449 0.106234 0.738777 0.137548 0.726848 0.115577
4 0.778551 0.106234 0.790480 0.084264 0.848152 0.115577 0.836223 0.137548
4 0.787657 0.087971 0.805662 0.070627 0.851190 0.117890 0.833185 0.135235
4 0.801852 0.073309 0.824253 0.062210 0.853388 0.121013 0.830987 0.132112
4 0.819811 0.063617 0.844517 0.059798 0.854541 0.124653 0.829834 0.128472
4 0.839858 0.059798 0.864564 0.063617 0.854541 0.128472 0.829834 0.124653
4 0.860122 0.062210 0.882523 0.073309 0.853388 0.132112 0.830987 0.121013
4 0.878713 0.070627 0.896718 0.087971 0.851190 0.135235 0.833185 0.117890
4 0.893895 0.084264 0.905824 0.106234 0.848152 0.137548 0.836223 0.115577
4 0.887926 0.106234 0.899855 0.084264 0.957527 0.115577 0.945598 0.137548
4 0.897032 0.087971 0.915037 0.070627 0.960565 0.117890 0.942560 0.135235
4 0.911227 0.073309 0.933628 0.062210 0.962763 0.121013 0.940362 0.132112
4 0.929186 0.063617 0.953892 0.059798 0.963916 0.124653 0.939209 0.128472
4 0.949233 0.059798 0.973939 0.063617 0.963916 0.128472 0.939209 0.124653
4 0.969497 0.062210 0.991898 0.073309 0.962763 0.132112 0.940362 0.121013
4 -0.000502 0.121429 0.024205 0.117611 0.034228 0.182466 0.009522 0.186284
4 0.019545 0.117611 0.044252 0.121429 0.034228 0.186284 0.009522 0.182466
4 0.039810 0.120023 0.062211 0.131122 0.033076 0.189925 0.010674 0.178825
4 0.058401 0.128440 0.076406 0.145784 0.030878 0.193047 0.012872 0.175703
4 0.073583 0.142076 0.085512 0.164047 0.027839 0.195360 0.015911 0.173390
4 0.067613 0.164047 0.079542 0.142076 0.137214 0.173390 0.125286 0.195360
4 0.076719 0.145784 0.094724 0.128440 0.140253 0.175703 0.122247 0.193047
4 0.090914 0.131122 0.113315 0.120023 0.142451 0.178825 0.120049 0.189925
4 0.108873 0.121429 0.133580 0.117611 0.143603 0.182466 0.118897 0.186284
4 0.128920 0.117611 0.153627 0.121429 0.143603 0.186284 0.118897 0.182466
4 0.149185 0.120023 0.171586 0.131122 0.142451 0.189925 0.120049 0.178825
4 0.167776 0.128440 0.185781 0.145784 0.140253 0.193047 0.122247 0.175703
4 0.182958 0.142076 0.194887 0.164047 0.137214 0.195360 0.125286 0.173390
4 0.176988 0.164047 0.188917 0.142076 0.246589 0.173390 0.234661 0.195360
4 0.186094 0.145784 0.204099 0.128440 0.249628 0.175703 0.231622 0.193047
4 0.200289 0.131122 0.222690 0.120023 0.251826 0.178825 0.229424 0.189925
4 0.218248 0.121429 0.242955 0.117611 0.252978 0.182466 0.228272 0.186284
4 0.238295 0.117611 0.263002 0.121429 0.252978 0.186284 0.228272 0.182466
4 0.258560 0.120023 0.280961 0.131122 0.251826 0.189925 0.229424 0.178825
4 0.277151 0.128440 0.295156 0.145784 0.249628 0.193047 0.231622 0.175703
4 0.292333 0.142076 0.304262 0.164047 0.246589 0.195360 0.234661 0.173390
4 0.286363 0.164047 0.298292 0.142076 0.355964 0.173390 0.344036 0.195360
4 0.295469 0.145784 0.313474 0.128440 0.359003 0.175703 0.340997 0.193047
4 0.309664 0.131122 0.332065 0.120023 0.361201 0.178825 0.338799 0.189925
4 0.327623 0.121429 0.352330 0.117611 0.362353 0.182466 0.337647 0.186284
4 0.347670 0.117611 0.372377 0.121429 0.362353 0.186284 0.337647 0.182466
4 0.367935 0.120023 0.390336 0.131122 0.361201 0.189925 0.338799 0.178825
4 0.386526 0.128440 0.404531 0.145784 0.359003 0.193047 0.340997 0.175703
4 0.401708 0.142076 0.413637 0.164047 0.355964 0.195360 0.344036 0.173390
4 0.395738 0.164047 0.407667 0.142076 0.465339 0.173390 0.453411 0.195360
4 0.404844 0.145784 0.422849 0.128440 0.468378 0.175703 0.450372 0.193047
4 0.419039 0.131122 0.441440 0.120023 0.470576 0.178825 0.448174 0.189925
4 0.436998 0.121429 0.461705 0.117611 0.471728 0.182466 0.447022 0.186284
4 0.457045 0.117611 0.481752 0.121429 0.471728 0.186284 0.447022 0.182466
4 0.477310 0.120023 0.499711 0.131122 0.470576 0.189925 0.448174 0.178825
4 0.495901 0.128440 0.513906 0.145784 0.468378 0.193047 0.450372 0.175703
4 0.511083 0.142076 0.523012 0.164047 0.465339 0.195360 0.453411 0.173390
4 0.505113 0.164047 0.517042 0.142076 0.574714 0.173390 0.562786 0.195360
4 0.514219 0.145784 0.532224 0.128440 0.577753 0.175703 0.559747 0.193047
4 0.528414 0.131122 0.550815 0.120023 0.579951 0.178825 0.557549 0.189925
4 0.546373 0.121429 0.571080 0.117611 0.581103 0.182466 0.556397 0.186284
4 0.566420 0.117611 0.591127 0.121429 0.581103 0.186284 0.556397 0.182466
4 0.586685 0.120023 0.609086 0.131122 0.579951 0.189925 0.557549 0.178825
4 0.605276 0.128440 0.623281 0.145784 0.577753 0.193047 0.559747 0.175703
4 0.620458 0.142076 0.632387 0.164047 0.574714 0.195360 0.562786 0.173390
4 0.614488 0.164047 0.626417 0.142076 0.684089 0.173390 0.672161 0.195360
4 0.623594 0.145784 0.641599 0.128440 0.687128 0.175703 0.669122 0.193047
4 0.637789 0.131122 0.660190 0.120023 0.689326 0.178825 0.666924 0.189925
4 0.655748 0.121429 0.680455 0.117611 0.690478 0.182466 0.665772 0.186284
4 0.675795 0.117611 0.700502 0.121429 0.690478 0.186284 0.665772 0.182466
4 0.696060 0.120023 0.718461 0.131122 0.689326 0.189925 0.666924 0.178825
4 0.714651 0.128440 0.732656 0.145784 0.687128 0.193047 0.669122 0.175703
4 0.729833 0.142076 0.741762 0.164047 0.684089 0.195360 0.672161 0.173390
4 0.723863 0.164047 0.735792 0.142076 0.793464 0.173390 0.781536 0.195360
4 0.732969 0.145784 0.750974 0.128440 0.796503 0.175703 0.778497 0.193047
4 0.747164 0.131122 0.769565 0.120023 0.798701 0.178825 0.776299 0.189925
4 0.765123 0.121429 0.789830 0.117611 0.799853 0.182466 0.775147 0.186284
4 0.785170 0.117611 0.809877 0.121429 0.799853 0.186284 0.775147 0.182466
4 0.805435 0.120023 0.827836 0.131122 0.798701 0.189925 0.776299 0.178825
4 0.824026 0.128440 0.842031 0.145784 0.796503 0.193047 0.778497 0.175703
4 0.839208 0.142076 0.851137 0.164047 0.793464 0.195360 0.781536 0.173390
4 0.833238 0.164047 0.845167 0.142076 0.902839 0.173390 0.890911 0.195360
4 0.842344 0.145784 0.860349 0.128440 0.905878 0.175703 0.887872 0.193047
4 0.856539 0.131122 0.878940 0.120023 0.908076 0.178825 0.885674 0.189925
4 0.874498 0.121429 0.899205 0.117611 0.909228 0.182466 0.884522 0.186284
4 0.894545 0.117611 0.919252 0.121429 0.909228 0.186284 0.884522 0.182466
4 0.914810 0.120023 0.937211 0.131122 0.908076 0.189925 0.885674 0.178825
4 0.933401 0.128440 0.951406 0.145784 0.905878 0.193047 0.887872 0.175703
4 0.948583 0.142076 0.960512 0.164047 0.902839 0.195360 0.890911 0.173390
4 0.012926 0.221859 0.024855 0.199889 0.082527 0.231202 0.070598 0.253173
4 0.022032 0.203596 0.040037 0.186252 0.085565 0.233515 0.067560 0.250860
4 0.036227 0.188934 0.058628 0.177835 0.087763 0.236638 0.065362 0.247737
4 0.054186 0.179242 0.078892 0.175423 0.088916 0.240278 0.064209 0.244097
4 0.074233 0.175423 0.098939 0.179242 0.088916 0.244097 0.064209 0.240278
4 0.094497 0.177835 0.116898 0.188934 0.087763 0.247737 0.065362 0.236638
4 0.113088 0.186252 0.131093 0.203596 0.085565 0.250860 0.067560 0.233515
4 0.128270 0.199889 0.140199 0.221859 0.082527 0.253173 0.070598 0.231202
4 0.122301 0.221859 0.134230 0.199889 0.191902 0.231202 0.179973 0.253173
4 0.131407 0.203596 0.149412 0.186252 0.194940 0.233515 0.176935 0.250860
4 0.145602 0.188934 0.168003 0.177835 0.197138 0.236638 0.174737 0.247737
4 0.163561 0.179242 0.188267 0.175423 0.198291 0.240278 0.173584 0.244097
4 0.183608 0.175423 0.208314 0.179242 0.198291 0.244097 0.173584 0.240278
4 0.203872 0.177835 0.226273 0.188934 0.197138 0.247737 0.174737 0.236638
4 0.222463 0.186252 0.240468 0.203596 0.194940 0.250860 0.176935 0.233515
4 0.237645 0.199889 0.249574 0.221859 0.191902 0.253173 0.179973 0.231202
4 0.231676 0.221859 0.243605 0.199889 0.301277 0.231202 0.289348 0.253173
4 0.240782 0.203596 0.258787 0.186252 0.304315 0.233515 0.286310 0.250860
4 0.254977 0.188934 0.277378 0.177835 0.306513 0.236638 0.284112 0.247737
4 0.272936 0.179242 0.297642 0.175423 0.307666 0.240278 0.282959 0.244097
4 0.292983 0.175423 0.317689 0.179242 0.307666 0.244097 0.282959 0.240278
4 0.313247 0.177835 0.335648 0.188934 0.306513 0.247737 0.284112 0.236638
4 0.331838 0.186252 0.349843 0.203596 0.304315 0.250860 0.286310 0.233515
4 0.347020 0.199889 0.358949 0.221859 0.301277 0.253173 0.289348 0.231202
4 0.341051 0.221859 0.352980 0.199889 0.410652 0.231202 0.398723 0.253173
4 0.350157 0.203596 0.368162 0.186252 0.413690 0.233515 0.395685 0.250860
4 0.364352 0.188934 0.386753 0.177835 0.415888 0.236638 0.393487 0.247737
4 0.382311 0.179242 0.407017 0.175423 0.417041 0.240278 0.392334 0.244097
4 0.402358 0.175423 0.427064 0.179242 0.417041 0.244097 0.392334 0.240278
4 0.422622 0.177835 0.445023 0.188934 0.415888 0.247737 0.393487 0.236638
4 0.441213 0.186252 0.459218 0.203596 0.413690 0.250860 0.395685 0.233515
4 0.456395 0.199889 0.468324 0.221859 0.410652 0.253173 0.398723 0.231202
4 0.450426 0.221859 0.462355 0.199889 0.520027 0.231202 0.508098 0.253173
4 0.459532 0.203596 0.477537 0.186252 0.523065 0.233515 0.505060 0.250860
4 0.473727 0.188934 0.496128 0.177835 0.525263 0.236638 0.502862 0.247737
4 0.491686 0.179242 0.516392 0.175423 0.526416 0.240278 0.501709 0.244097
4 0.511733 0.175423 0.536439 0.179242 0.526416 0.244097 0.501709 0.240278
4 0.531997 0.177835 0.554398 0.188934 0.525263 0.247737 0.502862 0.236638
4 0.550588 0.186252 0.568593 0.203596 0.523065 0.250860 0.505060 0.233515
4 0.565770 0.199889 0.577699 0.221859 0.520027 0.253173 0.508098 0.231202
4 0.559801 0.221859 0.571730 0.199889 0.629402 0.231202 0.617473 0.253173
4 0.568907 0.203596 0.586912 0.186252 0.632440 0.233515 0.614435 0.250860
4 0.583102 0.188934 0.605503 0.177835 0.634638 0.236638 0.612237 0.247737
4 0.601061 0.179242 0.625767 0.175423 0.635791 0.240278 0.611084 0.244097
4 0.621108 0.175423 0.645814 0.179242 0.635791 0.244097 0.611084 0.240278
4 0.641372 0.177835 0.663773 0.188934 0.634638 0.247737 0.612237 0.236638
4 0.659963 0.186252 0.677968 0.203596 0.632440 0.250860 0.614435 0.233515
4 0.675145 0.199889 0.687074 0.221859 0.629402 0.253173 0.617473 0.231202
4 0.669176 0.221859 0.681105 0.199889 0.738777 0.231202 0.726848 0.253173
4 0.678282 0.203596 0.696287 0.186252 0.741815 0.233515 0.723810 0.250860
4 0.692477 0.188934 0.714878 0.177835 0.744013 0.236638 0.721612 0.247737
4 0.710436 0.179242 0.735142 0.175423 0.745166 0.240278 0.720459 0.244097
4 0.730483 0.175423 0.755189 0.179242 0.745166 0.244097 0.720459 0.240278
4 0.750747 0.177835 0.773148 0.188934 0.744013 0.247737 0.721612 0.236638
4 0.769338 0.186252 0.787343 0.203596 0.741815 0.250860 0.723810 0.233515
4 0.784520 0.199889 0.796449 0.221859 0.738777 0.253173 0.726848 0.231202
4 0.778551 0.221859 0.790480 0.199889 0.848152 0.231202 0.836223 0.253173
4 0.787657 0.203596 0.805662 0.186252 0.851190 0.233515 0.833185 0.250860
4 0.801852 0.188934 0.824253 0.177835 0.853388 0.236638 0.830987 0.247737
4 0.819811 0.179242 0.844517 0.175423 0.854541 0.240278 0.829834 0.244097
4 0.839858 0.175423 0.864564 0.179242 0.854541 0.244097 0.829834 0.240278
4 0.860122 0.177835 0.882523 0.188934 0.853388 0.247737 0.830987 0.236638
4 0.878713 0.186252 0.896718 0.203596 0.851190 0.250860 0.833185 0.233515
4 0.893895 0.199889 0.905824 0.221859 0.848152 0.253173 0.836223 0.231202
4 0.887926 0.221859 0.899855 0.199889 0.957527 0.231202 0.945598 0.253173
4 0.897032 0.203596 0.915037 0.186252 0.960565 0.233515 0.942560 0.250860
4 0.911227 0.188934 0.933628 0.177835 0.962763 0.236638 0.940362 0.247737
4 0.929186 0.179242 0.953892 0.175423 0.963916 0.240278 0.939209 0.244097
4 0.949233 0.175423 0.973939 0.179242 0.963916 0.244097 0.939209 0.240278
4 0.969497 0.177835 0.991898 0.188934 0.962763 0.247737 0.940362 0.236638
4 -0.000502 0.237054 0.024205 0.233236 0.034228 0.298091 0.009522 0.301909
4 0.019545 0.233236 0.044252 0.237054 0.034228 0.301909 0.009522 0.298091
4 0.039810 0.235648 0.062211 0.246747 0.033076 0.305550 0.010674 0.294450
4 0.058401 0.244065 0.076406 0.261409 0.030878 0.308672 0.012872 0.291328
4 0.073583 0.257701 0.085512 0.279672 0.027839 0.310985 0.015911 0.289015
4 0.067613 0.279672 0.079542 0.257701 0.137214 0.289015 0.125286 0.310985
4 0.076719 0.261409 0.094724 0.244065 0.140253 0.291328 0.122247 0.308672
4 0.090914 0.246747 0.113315 0.235648 0.142451 0.294450 0.120049 0.305550
4 0.108873 0.237054 0.133580 0.233236 0.143603 0.298091 0.118897 0.301909
4 0.128920 0.233236 0.153627 0.237054 0.143603 0.301909 0.118897 0.298091
4 0.149185 0.235648 0.171586 0.246747 0.142451 0.305550 0.120049 0.294450
4 0.167776 0.244065 0.185781 0.261409 0.140253 0.308672 0.122247 0.291328
4 0.182958 0.257701 0.194887 0.279672 0.137214 0.310985 0.125286 0.289015
4 0.176988 0.279672 0.188917 0.257701 0.246589 0.289015 0.234661 0.310985
4 0.186094 0.261409 0.204099 0.244065 0.249628 0.291328 0.231622 0.308672
4 0.200289 0.246747 0.222690 0.235648 0.251826 0.294450 0.229424 0.305550
4 0.218248 0.237054 0.242955 0.233236 0.252978 0.298091 0.228272 0.301909
4 0.238295 0.233236 0.263002 0.237054 0.252978 0.301909 0.228272 0.298091
4 0.258560 0.235648 0.280961 0.246747 0.251826 0.305550 0.229424 0.294450
4 0.277151 0.244065 0.295156 0.261409 0.249628 0.308672 0.231622 0.291328
4 0.292333 0.257701 0.304262 0.279672 0.246589 0.310985 0.234661 0.289015
4 0.286363 0.279672 0.298292 0.257701 0.355964 0.289015 0.344036 0.310985
4 0.295469 0.261409 0.313474 0.244065 0.359003 0.291328 0.340997 0.308672
4 0.309664 0.246747 0.332065 0.235648 0.361201 0.294450 0.338799 0.305550
4 0.327623 0.237054 0.352330 0.233236 0.362353 0.298091 0.337647 0.301909
4 0.347670 0.233236 0.372377 0.237054 0.362353 0.301909 0.337647 0.298091
4 0.367935 0.235648 0.390336 0.246747 0.361201 0.305550 0.338799 0.294450
4 0.386526 0.244065 0.404531 0.261409 0.359003 0.308672 0.340997 0.291328
4 0.401708 0.257701 0.413637 0.279672 0.355964 0.310985 0.344036 0.289015
4 0.395738 0.279672 0.407667 0.257701 0.465339 0.289015 0.453411 0.310985
4 0.404844 0.261409 0.422849 0.244065 0.468378 0.291328 0.450372 0.308672
4 0.419039 0.246747 0.441440 0.235648 0.470576 0.294450 0.448174 0.305550
4 0.436998 0.237054 0.461705 0.233236 0.471728 0.298091 0.447022 0.301909
4 0.457045 0.233236 0.481752 0.237054 0.471728 0.301909 0.447022 0.298091
4 0.477310 0.235648 0.499711 0.246747 0.470576 0.305550 0.448174 0.294450
4 0.495901 0.244065 0.513906 0.261409 0.468378 0.308672 0.450372 0.291328
4 0.511083 0.257701 0.523012 0.279672 0.465339 0.310985 0.453411 0.289015
4 0.505113 0.279672 0.517042 0.257701 0.574714 0.289015 0.562786 0.310985
4 0.514219 0.261409 0.532224 0.244065 0.577753 0.291328 0.559747 0.308672
4 0.528414 0.246747 0.550815 0.235648 0.579951 0.294450 0.557549 0.305550
4 0.546373 0.237054 0.571080 0.233236 0.581103 0.298091 0.556397 0.301909
4 0.566420 0.233236 0.591127 0.237054 0.581103 0.301909 0.556397 0.298091
4 0.586685 0.235648 0.609086 0.246747 0.579951 0.305550 0.557549 0.294450
4 0.605276 0.244065 0.623281 0.261409 0.577753 0.308672 0.559747 0.291328
4 0.620458 0.257701 0.632387 0.279672 0.574714 0.310985 0.562786 0.289015
4 0.614488 0.279672 0.626417 0.257701 0.684089 0.289015 0.672161 0.310985
4 0.623594 0.261409 0.641599 0.244065 0.687128 0.291328 0.669122 0.308672
4 0.637789 0.246747 0.660190 0.235648 0.689326 0.294450 0.666924 0.305550
4 0.655748 0.237054 0.680455 0.233236 0.690478 0.298091 0.665772 0.301909
4 0.675795 0.233236 0.700502 0.237054 0.690478 0.301909 0.665772 0.298091
4 0.696060 0.235648 0.718461 0.246747 0.689326 0.305550 0.666924 0.294450
4 0.714651 0.244065 0.732656 0.261409 0.687128 0.308672 0.669122 0.291328
4 0.729833 0.257701 0.741762 0.279672 0.684089 0.310985 0.672161 0.289015
4 0.723863 0.279672 0.735792 0.257701 0.793464 0.289015 0.781536 0.310985
4 0.732969 0.261409 0.750974 0.244065 0.796503 0.291328 0.778497 0.308672
4 0.747164 0.246747 0.769565 0.235648 0.798701 0.294450 0.776299 0.305550
4 0.765123 0.237054 0.789830 0.233236 0.799853 0.298091 0.775147 0.301909
4 0.785170 0.233236 0.809877 0.237054 0.799853 0.301909 0.775147 0.298091
4 0.805435 0.235648 0.827836 0.246747 0.798701 0.305550 0.776299 0.294450
4 0.824026 0.244065 0.842031 0.261409 0.796503 0.308672 0.778497 0.291328
4 0.839208 0.257701 0.851137 0.279672 0.793464 0.310985 0.781536 0.289015
4 0.833238 0.279672 0.845167 0.257701 0.902839 0.289015 0.890911 0.310985
4 0.842344 0.261409 0.860349 0.244065 0.905878 0.291328 0.887872 0.308672
4 0.856539 0.246747 0.878940 0.235648 0.908076 0.294450 0.885674 0.305550
4 0.874498 0.237054 0.899205 0.233236 0.909228 0.298091 0.884522 0.301909
4 0.894545 0.233236 0.919252 0.237054 0.909228 0.301909 0.884522 0.298091
4 0.914810 0.235648 0.937211 0.246747 0.908076 0.305550 0.885674 0.294450
4 0.933401 0.244065 0.951406 0.261409 0.905878 0.308672 0.887872 0.291328
4 0.948583 0.257701 0.960512 0.279672 0.902839 0.310985 0.890911 0.289015
4 0.012926 0.337484 0.024855 0.315514 0.082527 0.346827 0.070598 0.368798
4 0.022032 0.319221 0.040037 0.301877 0.085565 0.349140 0.067560 0.366485
4 0.036227 0.304559 0.058628 0.293460 0.087763 0.352263 0.065362 0.363362
4 0.054186 0.294867 0.078892 0.291048 0.088916 0.355903 0.064209 0.359722
4 0.074233 0.291048 0.098939 0.294867 0.088916 0.359722 0.064209 0.355903
4 0.094497 0.293460 0.116898 0.304559 0.087763 0.363362 0.065362 0.352263
4 0.113088 0.301877 0.131093 0.319221 0.085565 0.366485 0.067560 0.349140
4 0.128270 0.315514 0.140199 0.337484 0.082527 0.368798 0.070598 0.346827
4 0.122301 0.337484 0.134230 0.315514 0.191902 0.346827 0.179973 0.368798
4 0.131407 0.319221 0.149412 0.301877 0.194940 0.349140 0.176935 0.366485
4 0.145602 0.304559 0.168003 0.293460 0.197138 0.352263 0.174737 0.363362
4 0.163561 0.294867 0.188267 0.291048 0.198291 0.355903 0.173584 0.359722
4 0.183608 0.291048 0.208314 0.294867 0.198291 0.359722 0.173584 0.355903
4 0.203872 0.293460 0.226273 0.304559 0.197138 0.363362 0.174737 0.352263
4 0.222463 0.301877 0.240468 0.319221 0.194940 0.366485 0.176935 0.349140
4 0.237645 0.315514 0.249574 0.337484 0.191902 0.368798 0.179973 0.346827
4 0.231676 0.337484 0.243605 0.315514 0.301277 0.346827 0.289348 0.368798
4 0.240782 0.319221 0.258787 0.301877 0.304315 0.349140 0.286310 0.366485
4 0.254977 0.304559 0.277378 0.293460 0.306513 0.352263 0.284112 0.363362
4 0.272936 0.294867 0.297642 0.291048 0.307666 0.355903 0.282959 0.359722
4 0.292983 0.291048 0.317689 0.294867 0.307666 0.359722 0.282959 0.355903
4 0.313247 0.293460 0.335648 0.304559 0.306513 0.363362 0.284112 0.352263
4 0.331838 0.301877 0.349843 0.319221 0.304315 0.366485 0.286310 0.349140
4 0.347020 0.315514 0.358949 0.337484 0.301277 0.368798 0.289348 0.346827
4 0.341051 0.337484 0.352980 0.315514 0.410652 0.346827 0.398723 0.368798
4 0.350157 0.319221 0.368162 0.301877 0.413690 0.349140 0.395685 0.366485
4 0.364352 0.304559 0.386753 0.293460 0.415888 0.352263 0.393487 0.363362
4 0.382311 0.294867 0.407017 0.291048 0.417041 0.355903 0.392334 0.359722
4 0.402358 0.291048 0.427064 0.294867 0.417041 0.359722 0.392334 0.355903
4 0.422622 0.293460 0.445023 0.304559 0.415888 0.363362 0.393487 0.352263
4 0.441213 0.301877 0.459218 0.319221 0.413690 0.366485 0.395685 0.349140
4 0.456395 0.315514 0.468324 0.337484 0.410652 0.368798 0.398723 0.346827
4 0.450426 0.337484 0.462355 0.315514 0.520027 0.346827 0.508098 0.368798
4 0.459532 0.319221 0.477537 0.301877 0.523065 0.349140 0.505060 0.366485
4 0.473727 0.304559 0.496128 0.293460 0.525263 0.352263 0.502862 0.363362
4 0.491686 0.294867 0.516392 0.291048 0.526416 0.355903 0.501709 0.359722
4 0.511733 0.291048 0.536439 0.294867 0.526416 0.359722 0.501709 0.355903
4 0.531997 0.293460 0.554398 0.304559 0.525263 0.363362 0.502862 0.352263
4 0.550588 0.301877 0.568593 0.319221 0.523065 0.366485 0.505060 0.349140
4 0.565770 0.315514 0.577699 0.337484 0.520027 0.368798 0.508098 0.346827
4 0.559801 0.337484 0.571730 0.315514 0.629402 0.346827 0.617473 0.368798
4 0.568907 0.319221 0.586912 0.301877 0.632440 0.349140 0.614435 0.366485
4 0.583102 0.304559 0.605503 0.293460 0.634638 0.352263 0.612237 0.363362
4 0.601061 0.294867 0.625767 0.291048 0.635791 0.355903 0.611084 0.359722
4 0.621108 0.291048 0.645814 0.294867 0.635791 0.359722 0.611084 0.355903
4 0.641372 0.293460 0.663773 0.304559 0.634638 0.363362 0.612237 0.352263
4 0.659963 0.301877 0.677968 0.319221 0.632440 0.366485 0.614435 0.349140
4 0.675145 0.315514 0.687074 0.337484 0.629402 0.368798 0.617473 0.346827
4 0.669176 0.337484 0.681105 0.315514 0.738777 0.346827 0.726848 0.368798
4 0.678282 0.319221 0.696287 0.301877 0.741815 0.349140 0.723810 0.366485
4 0.692477 0.304559 0.714878 0.293460 0.744013 0.352263 0.721612 0.363362
4 0.710436 0.294867 0.735142 0.291048 0.745166 0.355903 0.720459 0.359722
4 0.730483 0.291048 0.755189 0.294867 0.745166 0.359722 0.720459 0.355903
4 0.750747 0.293460 0.773148 0.304559 0.744013 0.363362 0.721612 0.352263
4 0.769338 0.301877 0.787343 0.319221 0.741815 0.366485 0.723810 0.349140
4 0.784520 0.315514 0.796449 0.337484 0.738777 0.368798 0.726848 0.346827
4 0.778551 0.337484 0.790480 0.315514 0.848152 0.346827 0.836223 0.368798
4 0.787657 0.319221 0.805662 0.301877 0.851190 0.349140 0.833185 0.366485
4 0.801852 0.304559 0.824253 0.293460 0.853388 0.352263 0.830987 0.363362
4 0.819811 0.294867 0.844517 0.291048 0.854541 0.355903 0.829834 0.359722
4 0.839858 0.291048 0.864564 0.294867 0.854541 0.359722 0.829834 0.355903
4 0.860122 0.293460 0.882523 0.304559 0.853388 0.363362 0.830987 0.352263
4 0.878713 0.301877 0.896718 0.319221 0.851190 0.366485 0.833185 0.349140
4 0.893895 0.315514 0.905824 0.337484 0.848152 0.368798 0.836223 0.346827
4 0.887926 0.337484 0.899855 0.315514 0.957527 0.346827 0.945598 0.368798
4 0.897032 0.319221 0.915037 0.301877 0.960565 0.349140 0.942560 0.366485
4 0.911227 0.304559 0.933628 0.293460 0.962763 0.352263 0.940362 0.363362
4 0.929186 0.294867 0.953892 0.291048 0.963916 0.355903 0.939209 0.359722
4 0.949233 0.291048 0.973939 0.294867 0.963916 0.359722 0.939209 0.355903
4 0.969497 0.293460 0.991898 0.304559 0.962763 0.363362 0.940362 0.352263
4 -0.000502 0.352679 0.024205 0.348861 0.034228 0.413716 0.009522 0.417534
4 0.019545 0.348861 0.044252 0.352679 0.034228 0.417534 0.009522 0.413716
4 0.039810 0.351273 0.062211 0.362372 0.033076 0.421175 0.010674 0.410075
4 0.058401 0.359690 0.076406 0.377034 0.030878 0.424297 0.012872 0.406953
4 0.073583 0.373326 0.085512 0.395297 0.027839 0.426610 0.015911 0.404640
4 0.067613 0.395297 0.079542 0.373326 0.137214 0.404640 0.125286 0.426610
4 0.076719 0.377034 0.094724 0.359690 0.140253 0.406953 0.122247 0.424297
4 0.090914 0.362372 0.113315 0.351273 0.142451 0.410075 0.120049 0.421175
4 0.108873 0.352679 0.133580 0.348861 0.143603 0.413716 0.118897 0.417534
4 0.128920 0.348861 0.153627 0.352679 0.143603 0.417534 0.118897 0.413716
4 0.149185 0.351273 0.171586 0.362372 0.142451 0.421175 0.120049 0.410075
4 0.167776 0.359690 0.185781 0.377034 0.140253 0.424297 0.122247 0.406953
4 0.182958 0.373326 0.194887 0.395297 0.137214 0.426610 0.125286 0.404640
4 0.176988 0.395297 0.188917 0.373326 0.246589 0.404640 0.234661 0.426610
4 0.186094 0.377034 0.204099 0.359690 0.249628 0.406953 0.231622 0.424297
4 0.200289 0.362372 0.222690 0.351273 0.251826 0.410075 0.229424 0.421175
4 0.218248 0.352679 0.242955 0.348861 0.252978 0.413716 0.228272 0.417534
4 0.238295 0.348861 0.263002 0.352679 0.252978 0.417534 0.228272 0.413716
4 0.258560 0.351273 0.280961 0.362372 0.251826 0.421175 0.229424 0.410075
4 0.277151 0.359690 0.295156 0.377034 0.249628 0.424297 0.231622 0.406953
4 0.292333 0.373326 0.304262 0.395297 0.246589 0.426610 0.234661 0.404640
4 0.286363 0.395297 0.298292 0.373326 0.355964 0.404640 0.344036 0.426610
4 0.295469 0.377034 0.313474 0.359690 0.359003 0.406953 0.340997 0.424297
4 0.309664 0.362372 0.332065 0.351273 0.361201 0.410075 0.338799 0.421175
4 0.327623 0.352679 0.352330 0.348861 0.362353 0.413716 0.337647 0.417534
4 0.347670 0.348861 0.372377 0.352679 0.362353 0.417534 0.337647 0.413716
4 0.367935 0.351273 0.390336 0.362372 0.361201 0.421175 0.338799 0.410075
4 0.386526 0.359690 0.404531 0.377034 0.359003 0.424297 0.340997 0.406953
4 0.401708 0.373326 0.413637 0.395297 0.355964 0.426610 0.344036 0.404640
4 0.395738 0.395297 0.407667 0.373326 0.465339 0.404640 0.453411 0.426610
4 0.404844 0.377034 0.422849 0.359690 0.468378 0.406953 0.450372 0.424297
4 0.419039 0.362372 0.441440 0.351273 0.470576 0.410075 0.448174 0.421175
4 0.436998 0.352679 0.461705 0.348861 0.471728 0.413716 0.447022 0.417534
4 0.457045 0.348861 0.481752 0.352679 0.471728 0.417534 0.447022 0.413716
4 0.477310 0.351273 0.499711 0.362372 0.470576 0.421175 0.448174 0.410075
4 0.495901 0.359690 0.513906 0.377034 0.468378 0.424297 0.450372 0.406953
4 0.511083 0.373326 0.523012 0.395297 0.465339 0.426610 0.453411 0.404640
4 0.505113 0.395297 0.517042 0.373326 0.574714 0.404640 0.562786 0.426610
4 0.514219 0.377034 0.532224 0.359690 0.577753 0.406953 0.559747 0.424297
4 0.528414 0.362372 0.550815 0.351273 0.579951 0.410075 0.557549 0.421175
4 0.546373 0.352679 0.571080 0.348861 0.581103 0.413716 0.556397 0.417534
4 0.566420 0.348861 0.591127 0.352679 0.581103 0.417534 0.556397 0.413716
4 0.586685 0.351273 0.609086 0.362372 0.579951 0.421175 0.557549 0.410075
4 0.605276 0.359690 0.623281 0.377034 0.577753 0.424297 0.559747 0.406953
4 0.620458 0.373326 0.632387 0.395297 0.574714 0.426610 0.562786 0.404640
4 0.614488 0.395297 0.626417 0.373326 0.684089 0.404640 0.672161 0.426610
4 0.623594 0.377034 0.641599 0.359690 0.687128 0.406953 0.669122 0.424297
4 0.637789 0.362372 0.660190 0.351273 0.689326 0.410075 0.666924 0.421175
4 0.655748 0.352679 0.680455 0.348861 0.690478 0.413716 0.665772 0.417534
4 0.675795 0.348861 0.700502 0.352679 0.690478 0.417534 0.665772 0.413716
4 0.696060 0.351273 0.718461 0.362372 0.689326 0.421175 0.666924 0.410075
4 0.714651 0.359690 0.732656 0.377034 0.687128 0.424297 0.669122 0.406953
4 0.729833 0.373326 0.741762 0.395297 0.684089 0.426610 0.672161 0.404640
4 0.723863 0.395297 0.735792 0.373326 0.793464 0.404640 0.781536 0.426610
4 0.732969 0.377034 0.750974 0.359690 0.796503 0.406953 0.778497 0.424297
4 0.747164 0.362372 0.769565 0.351273 0.798701 0.410075 0.776299 0.421175
4 0.765123 0.352679 0.789830 0.348861 0.799853 0.413716 0.775147 0.417534
4 0.785170 0.348861 0.809877 0.352679 0.799853 0.417534 0.775147 0.413716
4 0.805435 0.351273 0.827836 0.362372 0.798701 0.421175 0.776299 0.410075
4 0.824026 0.359690 0.842031 0.377034 0.796503 0.424297 0.778497 0.406953
4 0.839208 0.373326 0.851137 0.395297 0.793464 0.426610 0.781536 0.404640
4 0.833238 0.395297 0.845167 0.373326 0.902839 0.404640 0.890911 0.426610
4 0.842344 0.377034 0.860349 0.359690 0.905878 0.406953 0.887872 0.424297
4 0.856539 0.362372 0.878940 0.351273 0.908076 0.410075 0.885674 0.421175
4 0.874498 0.352679 0.899205 0.348861 0.909228 0.413716 0.884522 0.417534
4 0.894545 0.348861 0.919252 0.352679 0.909228 0.417534 0.884522 0.413716
4 0.914810 0.351273 0.937211 0.362372 0.908076 0.421175 0.885674 0.410075
4 0.933401 0.359690 0.951406 0.377034 0.905878 0.424297 0.887872 0.406953
4 0.948583 0.373326 0.960512 0.395297 0.902839 0.426610 0.890911 0.404640
4 0.012926 0.453109 0.024855 0.431139 0.082527 0.462452 0.070598 0.484423
4 0.022032 0.434846 0.040037 0.417502 0.085565 0.464765 0.067560 0.482110
4 0.036227 0.420184 0.058628 0.409085 0.087763 0.467888 0.065362 0.478987
4 0.054186 0.410492 0.078892 0.406673 0.088916 0.471528 0.064209 0.475347
4 0.074233 0.406673 0.098939 0.410492 0.088916 0.475347 0.064209 0.471528
4 0.094497 0.409085 0.116898 0.420184 0.087763 0.478987 0.065362 0.467888
4 0.113088 0.417502 0.131093 0.434846 0.085565 0.482110 0.067560 0.464765
4 0.128270 0.431139 0.140199 0.453109 0.082527 0.484423 0.070598 0.462452
4 0.122301 0.453109 0.134230 0.431139 0.191902 0.462452 0.179973 0.484423
4 0.131407 0.434846 0.149412 0.417502 0.194940 0.464765 0.176935 0.482110
4 0.145602 0.420184 0.168003 0.409085 0.197138 0.467888 0.174737 0.478987
4 0.163561 0.410492 0.188267 0.406673 0.198291 0.471528 0.173584 0.475347
4 0.183608 0.406673 0.208314 0.410492 0.198291 0.475347 0.173584 0.471528
4 0.203872 0.409085 0.226273 0.420184 0.197138 0.478987 0.174737 0.467888
4 0.222463 0.417502 0.240468 0.434846 0.194940 0.482110 0.176935 0.464765
4 0.237645 0.431139 0.249574 0.453109 0.191902 0.484423 0.179973 0.462452
4 0.231676 0.453109 0.243605 0.431139 0.301277 0.462452 0.289348 0.484423
4 0.240782 0.434846 0.258787 0.417502 0.304315 0.464765 0.286310 0.482110
4 0.254977 0.420184 0.277378 0.409085 0.306513 0.467888 0.284112 0.478987
4 0.272936 0.410492 0.297642 0.406673 0.307666 0.471528 0.282959 0.475347
4 0.292983 0.406673 0.317689 0.410492 0.307666 0.475347 0.282959 0.471528
4 0.313247 0.409085 0.335648 0.420184 0.306513 0.478987 0.284112 0.467888
4 0.331838 0.417502 0.349843 0.434846 0.304315 0.482110 0.286310 0.464765
4 0.347020 0.431139 0.358949 0.453109 0.301277 0.484423 0.289348 0.462452
4 0.341051 0.453109 0.352980 0.431139 0.410652 0.462452 0.398723 0.484423
4 0.350157 0.434846 0.368162 0.417502 0.413690 0.464765 0.395685 0.482110
4 0.364352 0.420184 0.386753 0.409085 0.415888 0.467888 0.393487 0.478987
4 0.382311 0.410492 0.407017 0.406673 0.417041 0.471528 0.392334 0.475347
4 0.402358 0.406673 0.427064 0.410492 0.417041 0.475347 0.392334 0.471528
4 0.422622 0.409085 0.445023 0.420184 0.415888 0.478987 0.393487 0.467888
4 0.441213 0.417502 0.459218 0.434846 0.413690 0.482110 0.395685 0.464765
4 0.456395 0.431139 0.468324 0.453109 0.410652 0.484423 0.398723 0.462452
4 0.450426 0.453109 0.462355 0.431139 0.520027 0.462452 0.508098 0.484423
4 0.459532 0.434846 0.477537 0.417502 0.523065 0.464765 0.505060 0.482110
4 0.473727 0.420184 0.496128 0.409085 0.525263 0.467888 0.502862 0.478987
4 0.491686 0.410492 0.516392 0.406673 0.526416 0.471528 0.501709 0.475347
4 0.511733 0.406673 0.536439 0.410492 0.526416 0.475347 0.501709 0.471528
4 0.531997 0.409085 0.554398 0.420184 0.525263 0.478987 0.502862 0.467888
4 0.550588 0.417502 0.568593 0.434846 0.523065 0.482110 0.505060 0.464765
4 0.565770 0.431139 0.577699 0.453109 0.520027 0.484423 0.508098 0.462452
4 0.559801 0.453109 0.571730 0.431139 0.629402 0.462452 0.617473 0.484423
4 0.568907 0.434846 0.586912 0.417502 0.632440 0.464765 0.614435 0.482110
4 0.583102 0.420184 0.605503 0.409085 0.634638 0.467888 0.612237 0.478987
4 0.601061 0.410492 0.625767 0.406673 0.635791 0.471528 0.611084 0.475347
4 0.621108 0.406673 0.645814 0.410492 0.635791 0.475347 0.611084 0.471528
4 0.641372 0.409085 0.663773 0.420184 0.634638 0.478987 0.612237 0.467888
4 0.659963 0.417502 0.677968 0.434846 0.632440 0.482110 0.614435 0.464765
4 0.675145 0.431139 0.687074 0.453109 0.629402 0.484423 0.617473 0.462452
4 0.669176 0.453109 0.681105 0.431139 0.738777 0.462452 0.726848 0.484423
4 0.678282 0.434846 0.696287 0.417502 0.741815 0.464765 0.723810 0.482110
4 0.692477 0.420184 0.714878 0.409085 0.744013 0.467888 0.721612 0.478987
4 0.710436 0.410492 0.735142 0.406673 0.745166 0.471528 0.720459 0.475347
4 0.730483 0.406673 0.755189 0.410492 0.745166 0.475347 0.720459 0.471528
4 0.750747 0.409085 0.773148 0.420184 0.744013 0.478987 0.721612 0.467888
4 0.769338 0.417502 0.787343 0.434846 0.741815 0.482110 0.723810 0.464765
4 0.784520 0.431139 0.796449 0.453109 0.738777 0.484423 0.726848 0.462452
4 0.778551 0.453109 0.790480 0.431139 0.848152 0.462452 0.836223 0.484423
4 0.787657 0.434846 0.805662 0.417502 0.851190 0.464765 0.833185 0.482110
4 0.801852 0.420184 0.824253 0.409085 0.853388 0.467888 0.830987 0.478987
4 0.819811 0.410492 0.844517 0.406673 0.854541 0.471528 0.829834 0.475347
4 0.839858 0.406673 0.864564 0.410492 0.854541 0.475347 0.829834 0.471528
4 0.860122 0.409085 0.882523 0.420184 0.853388 0.478987 0.830987 0.467888
4 0.878713 0.417502 0.896718 0.434846 0.851190 0.482110 0.833185 0.464765
4 0.893895 0.431139 0.905824 0.453109 0.848152 0.484423 0.836223 0.462452
4 0.887926 0.453109 0.899855 0.431139 0.957527 0.462452 0.945598 0.484423
4 0.897032 0.434846 0.915037 0.417502 0.960565 0.464765 0.942560 0.482110
4 0.911227 0.420184 0.933628 0.409085 0.962763 0.467888 0.940362 0.478987
4 0.929186 0.410492 0.953892 0.406673 0.963916 0.471528 0.939209 0.475347
4 0.949233 0.406673 0.973939 0.410492 0.963916 0.475347 0.939209 0.471528
4 0.969497 0.409085 0.991898 0.420184 0.962763 0.478987 0.940362 0.467888
4 -0.000502 0.468304 0.024205 0.464486 0.034228 0.529341 0.009522 0.533159
4 0.019545 0.464486 0.044252 0.468304 0.034228 0.533159 0.009522 0.529341
4 0.039810 0.466898 0.062211 0.477997 0.033076 0.536800 0.010674 0.525700
4 0.058401 0.475315 0.076406 0.492659 0.030878 0.539922 0.012872 0.522578
4 0.073583 0.488951 0.085512 0.510922 0.027839 0.542235 0.015911 0.520265
4 0.067613 0.510922 0.079542 0.488951 0.137214 0.520265 0.125286 0.542235
4 0.076719 0.492659 0.094724 0.475315 0.140253 0.522578 0.122247 0.539922
4 0.090914 0.477997 0.113315 0.466898 0.142451 0.525700 0.120049 0.536800
4 0.108873 0.468304 0.133580 0.464486 0.143603 0.529341 0.118897 0.533159
4 0.128920 0.464486 0.153627 0.468304 0.143603 0.533159 0.118897 0.529341
4 0.149185 0.466898 0.171586 0.477997 0.142451 0.536800 0.120049 0.525700
4 0.167776 0.475315 0.185781 0.492659 0.140253 0.539922 0.122247 0.522578
4 0.182958 0.488951 0.194887 0.510922 0.137214 0.542235 0.125286 0.520265
4 0.176988 0.510922 0.188917 0.488951 0.246589 0.520265 0.234661 0.542235
4 0.186094 0.492659 0.204099 0.475315 0.249628 0.522578 0.231622 0.539922
4 0.200289 0.477997 0.222690 0.466898 0.251826 0.525700 0.229424 0.536800
4 0.218248 0.468304 0.242955 0.464486 0.252978 0.529341 0.228272 0.533159
4 0.238295 0.464486 0.263002 0.468304 0.252978 0.533159 0.228272 0.529341
4 0.258560 0.466898 0.280961 0.477997 0.251826 0.536800 0.229424 0.525700
4 0.277151 0.475315 0.295156 0.492659 0.249628 0.539922 0.231622 0.522578
4 0.292333 0.488951 0.304262 0.510922 0.246589 0.542235 0.234661 0.520265
4 0.286363 0.510922 0.298292 0.488951 0.355964 0.520265 0.344036 0.542235
4 0.295469 0.492659 0.313474 0.475315 0.359003 0.522578 0.340997 0.539922
4 0.309664 0.477997 0.332065 0.466898 0.361201 0.525700 0.338799 0.536800
4 0.327623 0.468304 0.352330 0.464486 0.362353 0.529341 0.337647 0.533159
4 0.347670 0.464486 0.372377 0.468304 0.362353 0.533159 0.337647 0.529341
4 0.367935 0.466898 0.390336 0.477997 0.361201 0.536800 0.338799 0.525700
4 0.386526 0.475315 0.404531 0.492659 0.359003 0.539922 0.340997 0.522578
4 0.401708 0.488951 0.413637 0.510922 0.355964 0.542235 0.344036 0.520265
4 0.395738 0.510922 0.407667 0.488951 0.465339 0.520265 0.453411 0.542235
4 0.404844 0.492659 0.422849 0.475315 0.468378 0.522578 0.450372 0.539922
4 0.419039 0.477997 0.441440 0.466898 0.470576 0.525700 0.448174 0.536800
4 0.436998 0.468304 0.461705 0.464486 0.471728 0.529341 0.447022 0.533159
4 0.457045 0.464486 0.481752 0.468304 0.471728 0.533159 0.447022 0.529341
4 0.477310 0.466898 0.499711 0.477997 0.470576 0.536800 0.448174 0.525700
4 0.495901 0.475315 0.513906 0.492659 0.468378 0.539922 0.450372 0.522578
4 0.511083 0.488951 0.523012 0.510922 0.465339 0.542235 0.453411 0.520265
4 0.505113 0.510922 0.517042 0.488951 0.574714 0.520265 0.562786 0.542235
4 0.514219 0.492659 0.532224 0.475315 0.577753 0.522578 0.559747 0.539922
4 0.528414 0.477997 0.550815 0.466898 0.579951 0.525700 0.557549 0.536800
4 0.546373 0.468304 0.571080 0.464486 0.581103 0.529341 0.556397 0.533159
4 0.566420 0.464486 0.591127 0.468304 0.581103 0.533159 0.556397 0.529341
4 0.586685 0.466898 0.609086 0.477997 0.579951 0.536800 0.557549 0.525700
4 0.605276 0.475315 0.623281 0.492659 0.577753 0.539922 0.559747 0.522578
4 0.620458 0.488951 0.632387 0.510922 0.574714 0.542235 0.562786 0.520265
4 0.614488 0.510922 0.626417 0.488951 0.684089 0.520265 0.672161 0.542235
4 0.623594 0.492659 0.641599 0.475315 0.687128 0.522578 0.669122 0.539922
4 0.637789 0.477997 0.660190 0.466898 0.689326 0.525700 0.666924 0.536800
4 0.655748 0.468304 0.680455 0.464486 0.690478 0.529341 0.665772 0.533159
4 0.675795 0.464486 0.700502 0.468304 0.690478 0.533159 0.665772 0.529341
4 0.696060 0.466898 0.718461 0.477997 0.689326 0.536800 0.666924 0.525700
4 0.714651 0.475315 0.732656 0.492659 0.687128 0.539922 0.669122 0.522578
4 0.729833 0.488951 0.741762 0.510922 0.684089 0.542235 0.672161 0.520265
4 0.723863 0.510922 0.735792 0.488951 0.793464 0.520265 0.781536 0.542235
4 0.732969 0.492659 0.750974 0.475315 0.796503 0.522578 0.778497 0.539922
4 0.747164 0.477997 0.769565 0.466898 0.798701 0.525700 0.776299 0.536800
4 0.765123 0.468304 0.789830 0.464486 0.799853 0.529341 0.775147 0.533159
4 0.785170 0.464486 0.809877 0.468304 0.799853 0.533159 0.775147 0.529341
4 0.805435 0.466898 0.827836 0.477997 0.798701 0.536800 0.776299 0.525700
4 0.824026 0.475315 0.842031 0.492659 0.796503 0.539922 0.778497 0.522578
4 0.839208 0.488951 0.851137 0.510922 0.793464 0.542235 0.781536 0.520265
4 0.833238 0.510922 0.845167 0.488951 0.902839 0.520265 0.890911 0.542235
4 0.842344 0.492659 0.860349 0.475315 0.905878 0.522578 0.887872 0.539922
4 0.856539 0.477997 0.878940 0.466898 0.908076 0.525700 0.885674 0.536800
4 0.874498 0.468304 0.899205 0.464486 0.909228 0.529341 0.884522 0.533159
4 0.894545 0.464486 0.919252 0.468304 0.909228 0.533159 0.884522 0.529341
4 0.914810 0.466898 0.937211 0.477997 0.908076 0.536800 0.885674 0.525700
4 0.933401 0.475315 0.951406 0.492659 0.905878 0.539922 0.887872 0.522578
4 0.948583 0.488951 0.960512 0.510922 0.902839 0.542235 0.890911 0.520265
4 0.012926 0.568734 0.024855 0.546764 0.082527 0.578077 0.070598 0.600048
4 0.022032 0.550471 0.040037 0.533127 0.085565 0.580390 0.067560 0.597735
4 0.036227 0.535809 0.058628 0.524710 0.087763 0.583513 0.065362 0.594612
4 0.054186 0.526117 0.078892 0.522298 0.088916 0.587153 0.064209 0.590972
4 0.074233 0.522298 0.098939 0.526117 0.088916 0.590972 0.064209 0.587153
4 0.094497 0.524710 0.116898 0.535809 0.087763 0.594612 0.065362 0.583513
4 0.113088 0.533127 0.131093 0.550471 0.085565 0.597735 0.067560 0.580390
4 0.128270 0.546764 0.140199 0.568734 0.082527 0.600048 0.070598 0.578077
4 0.122301 0.568734 0.134230 0.546764 0.191902 0.578077 0.179973 0.600048
4 0.131407 0.550471 0.149412 0.533127 0.194940 0.580390 0.176935 0.597735
4 0.145602 0.535809 0.168003 0.524710 0.197138 0.583513 0.174737 0.594612
4 0.163561 0.526117 0.188267 0.522298 0.198291 0.587153 0.173584 0.590972
4 0.183608 0.522298 0.208314 0.526117 0.198291 0.590972 0.173584 0.587153
4 0.203872 0.524710 0.226273 0.535809 0.197138 0.594612 0.174737 0.583513
4 0.222463 0.533127 0.240468 0.550471 0.194940 0.597735 0.176935 0.580390
4 0.237645 0.546764 0.249574 0.568734 0.191902 0.600048 0.179973 0.578077
4 0.231676 0.568734 0.243605 0.546764 0.301277 0.578077 0.289348 0.600048
4 0.240782 0.550471 0.258787 0.533127 0.304315 0.580390 0.286310 0.597735
4 0.254977 0.535809 0.277378 0.524710 0.306513 0.583513 0.284112 0.594612
4 0.272936 0.526117 0.297642 0.522298 0.307666 0.587153 0.282959 0.590972
4 0.292983 0.522298 0.317689 0.526117 0.307666 0.590972 0.282959 0.587153
4 0.313247 0.524710 0.335648 0.535809 0.306513 0.594612 0.284112 0.583513
4 0.331838 0.533127 0.349843 0.550471 0.304315 0.597735 0.286310 0.580390
4 0.347020 0.546764 0.358949 0.568734 0.301277 0.600048 0.289348 0.578077
4 0.341051 0.568734 0.352980 0.546764 0.410652 0.578077 0.398723 0.600048
4 0.350157 0.550471 0.368162 0.533127 0.413690 0.580390 0.395685 0.597735
4 0.364352 0.535809 0.386753 0.524710 0.415888 0.583513 0.393487 0.594612
4 0.382311 0.526117 0.407017 0.522298 0.417041 0.587153 0.392334 0.590972
4 0.402358 0.522298 0.427064 0.526117 0.417041 0.590972 0.392334 0.587153
4 0.422622 0.524710 0.445023 0.535809 0.415888 0.594612 0.393487 0.583513
4 0.441213 0.533127 0.459218 0.550471 0.413690 0.597735 0.395685 0.580390
4 0.456395 0.546764 0.468324 0.568734 0.410652 0.600048 0.398723 0.578077
4 0.450426 0.568734 0.462355 0.546764 0.520027 0.578077 0.508098 0.600048
4 0.459532 0.550471 0.477537 0.533127 0.523065 0.580390 0.505060 0.597735
4 0.473727 0.535809 0.496128 0.524710 0.525263 0.583513 0.502862 0.594612
4 0.491686 0.526117 0.516392 0.522298 0.526416 0.587153 0.501709 0.590972
4 0.511733 0.522298 0.536439 0.526117 0.526416 0.590972 0.501709 0.587153
4 0.531997 0.524710 0.554398 0.535809 0.525263 0.594612 0.502862 0.583513
4 0.550588 0.533127 0.568593 0.550471 0.523065 0.597735 0.505060 0.580390
4 0.565770 0.546764 0.577699 0.568734 0.520027 0.600048 0.508098 0.578077
4 0.559801 0.568734 0.571730 0.546764 0.629402 0.578077 0.617473 0.600048
4 0.568907 0.550471 0.586912 0.533127 0.632440 0.580390 0.614435 0.597735
4 0.583102 0.535809 0.605503 0.524710 0.634638 0.583513 0.612237 0.594612
4 0.601061 0.526117 0.625767 0.522298 0.635791 0.587153 0.611084 0.590972
4 0.621108 0.522298 0.645814 0.526117 0.635791 0.590972 0.611084 0.587153
4 0.641372 0.524710 0.663773 0.535809 0.634638 0.594612 0.612237 0.583513
4 0.659963 0.533127 0.677968 0.550471 0.632440 0.597735 0.614435 0.580390
4 0.675145 0.546764 0.687074 0.568734 0.629402 0.600048 0.617473 0.578077
4 0.669176 0.568734 0.681105 0.546764 0.738777 0.578077 0.726848 0.600048
4 0.678282 0.550471 0.696287 0.533127 0.741815 0.580390 0.723810 0.597735
4 0.692477 0.535809 0.714878 0.524710 0.744013 0.583513 0.721612 0.594612
4 0.710436 0.526117 0.735142 0.522298 0.745166 0.587153 0.720459 0.590972
4 0.730483 0.522298 0.755189 0.526117 0.745166 0.590972 0.720459 0.587153
4 0.750747 0.524710 0.773148 0.535809 0.744013 0.594612 0.721612 0.583513
4 0.769338 0.533127 0.787343 0.550471 0.741815 0.597735 0.723810 0.580390
4 0.784520 0.546764 0.796449 0.568734 0.738777 0.600048 0.726848 0.578077
4 0.778551 0.568734 0.790480 0.546764 0.848152 0.578077 0.836223 0.600048
4 0.787657 0.550471 0.805662 0.533127 0.851190 0.580390 0.833185 0.597735
4 0.801852 0.535809 0.824253 0.524710 0.853388 0.583513 0.830987 0.594612
4 0.819811 0.526117 0.844517 0.522298 0.854541 0.587153 0.829834 0.590972
4 0.839858 0.522298 0.864564 0.526117 0.854541 0.590972 0.829834 0.587153
4 0.860122 0.524710 0.882523 0.535809 0.853388 0.594612 0.830987 0.583513
4 0.878713 0.533127 0.896718 0.550471 0.851190 0.597735 0.833185 0.580390
4 0.893895 0.546764 0.905824 0.568734 0.848152 0.600048 0.836223 0.578077
4 0.887926 0.568734 0.899855 0.546764 0.957527 0.578077 0.945598 0.600048
4 0.897032 0.550471 0.915037 0.533127 0.960565 0.580390 0.942560 0.597735
4 0.911227 0.535809 0.933628 0.524710 0.962763 0.583513 0.940362 0.594612
4 0.929186 0.526117 0.953892 0.522298 0.963916 0.587153 0.939209 0.590972
4 0.949233 0.522298 0.973939 0.526117 0.963916 0.590972 0.939209 0.587153
4 0.969497 0.524710 0.991898 0.535809 0.962763 0.594612 0.940362 0.583513