4 0.045531 0.074572 0.057651 0.052707 0.123248 0.089067 0.111127 0.110933
4 0.062435 0.047242 0.082506 0.032336 0.127223 0.092547 0.107152 0.107453
4 0.089120 0.029335 0.113556 0.024052 0.129405 0.097358 0.104970 0.102642
4 0.120819 0.024052 0.145255 0.029335 0.129405 0.102642 0.104970 0.097358
4 0.151869 0.032336 0.171940 0.047242 0.127223 0.107453 0.107152 0.092547
4 0.176724 0.052707 0.188844 0.074572 0.123248 0.110933 0.111127 0.089067
4 0.168968 0.074572 0.181089 0.052707 0.246685 0.089067 0.234565 0.110933
4 0.185873 0.047242 0.205943 0.032336 0.250660 0.092547 0.230590 0.107453
4 0.212558 0.029335 0.236993 0.024052 0.252843 0.097358 0.228407 0.102642
4 0.244257 0.024052 0.268692 0.029335 0.252843 0.102642 0.228407 0.097358
4 0.275307 0.032336 0.295377 0.047242 0.250660 0.107453 0.230590 0.092547
4 0.300161 0.052707 0.312282 0.074572 0.246685 0.110933 0.234565 0.089067
4 0.292406 0.074572 0.304526 0.052707 0.370123 0.089067 0.358002 0.110933
4 0.309310 0.047242 0.329381 0.032336 0.374098 0.092547 0.354027 0.107453
4 0.335995 0.029335 0.360431 0.024052 0.376280 0.097358 0.351845 0.102642
4 0.367694 0.024052 0.392130 0.029335 0.376280 0.102642 0.351845 0.097358
4 0.398744 0.032336 0.418815 0.047242 0.374098 0.107453 0.354027 0.092547
4 0.423599 0.052707 0.435719 0.074572 0.370123 0.110933 0.358002 0.089067
4 0.415843 0.074572 0.427964 0.052707 0.493560 0.089067 0.481440 0.110933
4 0.432748 0.047242 0.452818 0.032336 0.497535 0.092547 0.477465 0.107453
4 0.459433 0.029335 0.483868 0.024052 0.499718 0.097358 0.475282 0.102642
4 0.491132 0.024052 0.515567 0.029335 0.499718 0.102642 0.475282 0.097358
4 0.522182 0.032336 0.542252 0.047242 0.497535 0.107453 0.477465 0.092547
4 0.547036 0.052707 0.559157 0.074572 0.493560 0.110933 0.481440 0.089067
4 0.539281 0.074572 0.551401 0.052707 0.616998 0.089067 0.604877 0.110933
4 0.556185 0.047242 0.576256 0.032336 0.620973 0.092547 0.600902 0.107453
4 0.582870 0.029335 0.607306 0.024052 0.623155 0.097358 0.598720 0.102642
4 0.614569 0.024052 0.639005 0.029335 0.623155 0.102642 0.598720 0.097358
4 0.645619 0.032336 0.665690 0.047242 0.620973 0.107453 0.600902 0.092547
4 0.670474 0.052707 0.682594 0.074572 0.616998 0.110933 0.604877 0.089067
4 0.662718 0.074572 0.674839 0.052707 0.740435 0.089067 0.728315 0.110933
4 0.679623 0.047242 0.699693 0.032336 0.744410 0.092547 0.724340 0.107453
4 0.706308 0.029335 0.730743 0.024052 0.746593 0.097358 0.722157 0.102642
4 0.738007 0.024052 0.762442 0.029335 0.746593 0.102642 0.722157 0.097358
4 0.769057 0.032336 0.789127 0.047242 0.744410 0.107453 0.724340 0.092547
4 0.793911 0.052707 0.806032 0.074572 0.740435 0.110933 0.728315 0.089067
4 0.786156 0.074572 0.798276 0.052707 0.863873 0.089067 0.851752 0.110933
4 0.803060 0.047242 0.823131 0.032336 0.867848 0.092547 0.847777 0.107453
4 0.829745 0.029335 0.854181 0.024052 0.870030 0.097358 0.845595 0.102642
4 0.861444 0.024052 0.885880 0.029335 0.870030 0.102642 0.845595 0.097358
4 0.892494 0.032336 0.912565 0.047242 0.867848 0.107453 0.847777 0.092547
4 0.917349 0.052707 0.929469 0.074572 0.863873 0.110933 0.851752 0.089067
4 0.909593 0.074572 0.921714 0.052707 0.987310 0.089067 0.975190 0.110933
4 0.926498 0.047242 0.946568 0.032336 0.991285 0.092547 0.971215 0.107453
4 0.953183 0.029335 0.977618 0.024052 0.993468 0.097358 0.969032 0.102642
4 0.001498 0.114429 0.021568 0.099523 0.066285 0.159735 0.046215 0.174640
4 0.028183 0.096523 0.052618 0.091240 0.068468 0.164546 0.044032 0.169829
4 0.059882 0.091240 0.084317 0.096523 0.068468 0.169829 0.044032 0.164546
4 0.090932 0.099523 0.111002 0.114429 0.066285 0.174640 0.046215 0.159735
4 0.115786 0.119894 0.127907 0.141760 0.062310 0.178120 0.050190 0.156255
4 0.108031 0.141760 0.120151 0.119894 0.185748 0.156255 0.173627 0.178120
4 0.124935 0.114429 0.145006 0.099523 0.189723 0.159735 0.169652 0.174640
4 0.151620 0.096523 0.176056 0.091240 0.191905 0.164546 0.167470 0.169829
4 0.183319 0.091240 0.207755 0.096523 0.191905 0.169829 0.167470 0.164546
4 0.214369 0.099523 0.234440 0.114429 0.189723 0.174640 0.169652 0.159735
4 0.239224 0.119894 0.251344 0.141760 0.185748 0.178120 0.173627 0.156255
4 0.231468 0.141760 0.243589 0.119894 0.309185 0.156255 0.297065 0.178120
4 0.248373 0.114429 0.268443 0.099523 0.313160 0.159735 0.293090 0.174640
4 0.275058 0.096523 0.299493 0.091240 0.315343 0.164546 0.290907 0.169829
4 0.306757 0.091240 0.331192 0.096523 0.315343 0.169829 0.290907 0.164546
4 0.337807 0.099523 0.357877 0.114429 0.313160 0.174640 0.293090 0.159735
4 0.362661 0.119894 0.374782 0.141760 0.309185 0.178120 0.297065 0.156255
4 0.354906 0.141760 0.367026 0.119894 0.432623 0.156255 0.420502 0.178120
4 0.371810 0.114429 0.391881 0.099523 0.436598 0.159735 0.416527 0.174640
4 0.398495 0.096523 0.422931 0.091240 0.438780 0.164546 0.414345 0.169829
4 0.430194 0.091240 0.454630 0.096523 0.438780 0.169829 0.414345 0.164546
4 0.461244 0.099523 0.481315 0.114429 0.436598 0.174640 0.416527 0.159735
4 0.486099 0.119894 0.498219 0.141760 0.432623 0.178120 0.420502 0.156255
4 0.478343 0.141760 0.490464 0.119894 0.556060 0.156255 0.543940 0.178120
4 0.495248 0.114429 0.515318 0.099523 0.560035 0.159735 0.539965 0.174640
4 0.521933 0.096523 0.546368 0.091240 0.562218 0.164546 0.537782 0.169829
4 0.553632 0.091240 0.578067 0.096523 0.562218 0.169829 0.537782 0.164546
4 0.584682 0.099523 0.604752 0.114429 0.560035 0.174640 0.539965 0.159735
4 0.609536 0.119894 0.621657 0.141760 0.556060 0.178120 0.543940 0.156255
4 0.601781 0.141760 0.613901 0.119894 0.679498 0.156255 0.667377 0.178120
4 0.618685 0.114429 0.638756 0.099523 0.683473 0.159735 0.663402 0.174640
4 0.645370 0.096523 0.669806 0.091240 0.685655 0.164546 0.661220 0.169829
4 0.677069 0.091240 0.701505 0.096523 0.685655 0.169829 0.661220 0.164546
4 0.708119 0.099523 0.728190 0.114429 0.683473 0.174640 0.663402 0.159735
4 0.732974 0.119894 0.745094 0.141760 0.679498 0.178120 0.667377 0.156255
4 0.725218 0.141760 0.737339 0.119894 0.802935 0.156255 0.790815 0.178120
4 0.742123 0.114429 0.762193 0.099523 0.806910 0.159735 0.786840 0.174640
4 0.768808 0.096523 0.793243 0.091240 0.809093 0.164546 0.784657 0.169829
4 0.800507 0.091240 0.824942 0.096523 0.809093 0.169829 0.784657 0.164546
4 0.831557 0.099523 0.851627 0.114429 0.806910 0.174640 0.786840 0.159735
4 0.856411 0.119894 0.868532 0.141760 0.802935 0.178120 0.790815 0.156255
4 0.848656 0.141760 0.860776 0.119894 0.926373 0.156255 0.914252 0.178120
4 0.865560 0.114429 0.885631 0.099523 0.930348 0.159735 0.910277 0.174640
4 0.892245 0.096523 0.916681 0.091240 0.932530 0.164546 0.908095 0.169829
4 0.923944 0.091240 0.948380 0.096523 0.932530 0.169829 0.908095 0.164546
4 0.954994 0.099523 0.975065 0.114429 0.930348 0.174640 0.910277 0.159735
4 0.979849 0.119894 0.991969 0.141760 0.926373 0.178120 0.914252 0.156255
4 0.045531 0.208947 0.057651 0.187082 0.123248 0.223442 0.111127 0.245308
4 0.062435 0.181617 0.082506 0.166711 0.127223 0.226922 0.107152 0.241828
4 0.089120 0.163710 0.113556 0.158427 0.129405 0.231733 0.104970 0.237017
4 0.120819 0.158427 0.145255 0.163710 0.129405 0.237017 0.104970 0.231733
4 0.151869 0.166711 0.171940 0.181617 0.127223 0.241828 0.107152 0.226922
4 0.176724 0.187082 0.188844 0.208947 0.123248 0.245308 0.111127 0.223442
4 0.168968 0.208947 0.181089 0.187082 0.246685 0.223442 0.234565 0.245308
4 0.185873 0.181617 0.205943 0.166711 0.250660 0.226922 0.230590 0.241828
4 0.212558 0.163710 0.236993 0.158427 0.252843 0.231733 0.228407 0.237017
4 0.244257 0.158427 0.268692 0.163710 0.252843 0.237017 0.228407 0.231733
4 0.275307 0.166711 0.295377 0.181617 0.250660 0.241828 0.230590 0.226922
4 0.300161 0.187082 0.312282 0.208947 0.246685 0.245308 0.234565 0.223442
4 0.292406 0.208947 0.304526 0.187082 0.370123 0.223442 0.358002 0.245308
4 0.309310 0.181617 0.329381 0.166711 0.374098 0.226922 0.354027 0.241828
4 0.335995 0.163710 0.360431 0.158427 0.376280 0.231733 0.351845 0.237017
4 0.367694 0.158427 0.392130 0.163710 0.376280 0.237017 0.351845 0.231733
4 0.398744 0.166711 0.418815 0.181617 0.374098 0.241828 0.354027 0.226922
4 0.423599 0.187082 0.435719 0.208947 0.370123 0.245308 0.358002 0.223442
4 0.415843 0.208947 0.427964 0.187082 0.493560 0.223442 0.481440 0.245308
4 0.432748 0.181617 0.452818 0.166711 0.497535 0.226922 0.477465 0.241828
4 0.459433 0.163710 0.483868 0.158427 0.499718 0.231733 0.475282 0.237017
4 0.491132 0.158427 0.515567 0.163710 0.499718 0.237017 0.475282 0.231733
4 0.522182 0.166711 0.542252 0.181617 0.497535 0.241828 0.477465 0.226922
4 0.547036 0.187082 0.559157 0.208947 0.493560 0.245308 0.481440 0.223442
4 0.539281 0.208947 0.551401 0.187082 0.616998 0.223442 0.604877 0.245308
4 0.556185 0.181617 0.576256 0.166711 0.620973 0.226922 0.600902 0.241828
4 0.582870 0.163710 0.607306 0.158427 0.623155 0.231733 0.598720 0.237017
4 0.614569 0.158427 0.639005 0.163710 0.623155 0.237017 0.598720 0.231733
4 0.645619 0.166711 0.665690 0.181617 0.620973 0.241828 0.600902 0.226922
4 0.670474 0.187082 0.682594 0.208947 0.616998 0.245308 0.604877 0.223442
4 0.662718 0.208947 0.674839 0.187082 0.740435 0.223442 0.728315 0.245308
4 0.679623 0.181617 0.699693 0.166711 0.744410 0.226922 0.724340 0.241828
4 0.706308 0.163710 0.730743 0.158427 0.746593 0.231733 0.722157 0.237017
4 0.738007 0.158427 0.762442 0.163710 0.746593 0.237017 0.722157 0.231733
4 0.769057 0.166711 0.789127 0.181617 0.744410 0.241828 0.724340 0.226922
4 0.793911 0.187082 0.806032 0.208947 0.740435 0.245308 0.728315 0.223442
4 0.786156 0.208947 0.798276 0.187082 0.863873 0.223442 0.851752 0.245308
4 0.803060 0.181617 0.823131 0.166711 0.867848 0.226922 0.847777 0.241828
4 0.829745 0.163710 0.854181 0.158427 0.870030 0.231733 0.845595 0.237017
4 0.861444 0.158427 0.885880 0.163710 0.870030 0.237017 0.845595 0.231733
4 0.892494 0.166711 0.912565 0.181617 0.867848 0.241828 0.847777 0.226922
4 0.917349 0.187082 0.929469 0.208947 0.863873 0.245308 0.851752 0.223442
4 0.909593 0.208947 0.921714 0.187082 0.987310 0.223442 0.975190 0.245308
4 0.926498 0.181617 0.946568 0.166711 0.991285 0.226922 0.971215 0.241828
4 0.953183 0.163710 0.977618 0.158427 0.993468 0.231733 0.969032 0.237017
4 0.001498 0.248804 0.021568 0.233898 0.066285 0.294110 0.046215 0.309015
4 0.028183 0.230898 0.052618 0.225615 0.068468 0.298921 0.044032 0.304204
4 0.059882 0.225615 0.084317 0.230898 0.068468 0.304204 0.044032 0.298921
4 0.090932 0.233898 0.111002 0.248804 0.066285 0.309015 0.046215 0.294110
4 0.115786 0.254269 0.127907 0.276135 0.062310 0.312495 0.050190 0.290630
4 0.108031 0.276135 0.120151 0.254269 0.185748 0.290630 0.173627 0.312495
4 0.124935 0.248804 0.145006 0.233898 0.189723 0.294110 0.169652 0.309015
4 0.151620 0.230898 0.176056 0.225615 0.191905 0.298921 0.167470 0.304204
4 0.183319 0.225615 0.207755 0.230898 0.191905 0.304204 0.167470 0.298921
4 0.214369 0.233898 0.234440 0.248804 0.189723 0.309015 0.169652 0.294110
4 0.239224 0.254269 0.251344 0.276135 0.185748 0.312495 0.173627 0.290630
4 0.231468 0.276135 0.243589 0.254269 0.309185 0.290630 0.297065 0.312495
4 0.248373 0.248804 0.268443 0.233898 0.313160 0.294110 0.293090 0.309015
4 0.275058 0.230898 0.299493 0.225615 0.315343 0.298921 0.290907 0.304204
4 0.306757 0.225615 0.331192 0.230898 0.315343 0.304204 0.290907 0.298921
4 0.337807 0.233898 0.357877 0.248804 0.313160 0.309015 0.293090 0.294110
4 0.362661 0.254269 0.374782 0.276135 0.309185 0.312495 0.297065 0.290630
4 0.354906 0.276135 0.367026 0.254269 0.432623 0.290630 0.420502 0.312495
4 0.371810 0.248804 0.391881 0.233898 0.436598 0.294110 0.416527 0.309015
4 0.398495 0.230898 0.422931 0.225615 0.438780 0.298921 0.414345 0.304204
4 0.430194 0.225615 0.454630 0.230898 0.438780 0.304204 0.414345 0.298921
4 0.461244 0.233898 0.481315 0.248804 0.436598 0.309015 0.416527 0.294110
4 0.486099 0.254269 0.498219 0.276135 0.432623 0.312495 0.420502 0.290630
4 0.478343 0.276135 0.490464 0.254269 0.556060 0.290630 0.543940 0.312495
4 0.495248 0.248804 0.515318 0.233898 0.560035 0.294110 0.539965 0.309015
4 0.521933 0.230898 0.546368 0.225615 0.562218 0.298921 0.537782 0.304204
4 0.553632 0.225615 0.578067 0.230898 0.562218 0.304204 0.537782 0.298921
4 0.584682 0.233898 0.604752 0.248804 0.560035 0.309015 0.539965 0.294110
4 0.609536 0.254269 0.621657 0.276135 0.556060 0.312495 0.543940 0.290630
4 0.601781 0.276135 0.613901 0.254269 0.679498 0.290630 0.667377 0.312495
4 0.618685 0.248804 0.638756 0.233898 0.683473 0.294110 0.663402 0.309015
4 0.645370 0.230898 0.669806 0.225615 0.685655 0.298921 0.661220 0.304204
4 0.677069 0.225615 0.701505 0.230898 0.685655 0.304204 0.661220 0.298921
4 0.708119 0.233898 0.728190 0.248804 0.683473 0.309015 0.663402 0.294110
4 0.732974 0.254269 0.745094 0.276135 0.679498 0.312495 0.667377 0.290630
4 0.725218 0.276135 0.737339 0.254269 0.802935 0.290630 0.790815 0.312495
4 0.742123 0.248804 0.762193 0.233898 0.806910 0.294110 0.786840 0.309015
4 0.768808 0.230898 0.793243 0.225615 0.809093 0.298921 0.784657 0.304204
4 0.800507 0.225615 0.824942 0.230898 0.809093 0.304204 0.784657 0.298921
4 0.831557 0.233898 0.851627 0.248804 0.806910 0.309015 0.786840 0.294110
4 0.856411 0.254269 0.868532 0.276135 0.802935 0.312495 0.790815 0.290630
4 0.848656 0.276135 0.860776 0.254269 0.926373 0.290630 0.914252 0.312495
4 0.865560 0.248804 0.885631 0.233898 0.930348 0.294110 0.910277 0.309015
4 0.892245 0.230898 0.916681 0.225615 0.932530 0.298921 0.908095 0.304204
4 0.923944 0.225615 0.948380 0.230898 0.932530 0.304204 0.908095 0.298921
4 0.954994 0.233898 0.975065 0.248804 0.930348 0.309015 0.910277 0.294110
4 0.979849 0.254269 0.991969 0.276135 0.926373 0.312495 0.914252 0.290630
4 0.045531 0.343322 0.057651 0.321457 0.123248 0.357817 0.111127 0.379683
4 0.062435 0.315992 0.082506 0.301086 0.127223 0.361297 0.107152 0.376203
4 0.089120 0.298085 0.113556 0.292802 0.129405 0.366108 0.104970 0.371392
4 0.120819 0.292802 0.145255 0.298085 0.129405 0.371392 0.104970 0.366108
4 0.151869 0.301086 0.171940 0.315992 0.127223 0.376203 0.107152 0.361297
4 0.176724 0.321457 0.188844 0.343322 0.123248 0.379683 0.111127 0.357817
4 0.168968 0.343322 0.181089 0.321457 0.246685 0.357817 0.234565 0.379683
4 0.185873 0.315992 0.205943 0.301086 0.250660 0.361297 0.230590 0.376203
4 0.212558 0.298085 0.236993 0.292802 0.252843 0.366108 0.228407 0.371392
4 0.244257 0.292802 0.268692 0.298085 0.252843 0.371392 0.228407 0.366108
4 0.275307 0.301086 0.295377 0.315992 0.250660 0.376203 0.230590 0.361297
4 0.300161 0.321457 0.312282 0.343322 0.246685 0.379683 0.234565 0.357817
4 0.292406 0.343322 0.304526 0.321457 0.370123 0.357817 0.358002 0.379683
4 0.309310 0.315992 0.329381 0.301086 0.374098 0.361297 0.354027 0.376203
4 0.335995 0.298085 0.360431 0.292802 0.376280 0.366108 0.351845 0.371392
4 0.367694 0.292802 0.392130 0.298085 0.376280 0.371392 0.351845 0.366108
4 0.398744 0.301086 0.418815 0.315992 0.374098 0.376203 0.354027 0.361297
4 0.423599 0.321457 0.435719 0.343322 0.370123 0.379683 0.358002 0.357817
4 0.415843 0.343322 0.427964 0.321457 0.493560 0.357817 0.481440 0.379683
4 0.432748 0.315992 0.452818 0.301086 0.497535 0.361297 0.477465 0.376203
4 0.459433 0.298085 0.483868 0.292802 0.499718 0.366108 0.475282 0.371392
4 0.491132 0.292802 0.515567 0.298085 0.499718 0.371392 0.475282 0.366108
4 0.522182 0.301086 0.542252 0.315992 0.497535 0.376203 0.477465 0.361297
4 0.547036 0.321457 0.559157 0.343322 0.493560 0.379683 0.481440 0.357817
4 0.539281 0.343322 0.551401 0.321457 0.616998 0.357817 0.604877 0.379683
4 0.556185 0.315992 0.576256 0.301086 0.620973 0.361297 0.600902 0.376203
4 0.582870 0.298085 0.607306 0.292802 0.623155 0.366108 0.598720 0.371392
4 0.614569 0.292802 0.639005 0.298085 0.623155 0.371392 0.598720 0.366108
4 0.645619 0.301086 0.665690 0.315992 0.620973 0.376203 0.600902 0.361297
4 0.670474 0.321457 0.682594 0.343322 0.616998 0.379683 0.604877 0.357817
4 0.662718 0.343322 0.674839 0.321457 0.740435 0.357817 0.728315 0.379683
4 0.679623 0.315992 0.699693 0.301086 0.744410 0.361297 0.724340 0.376203
4 0.706308 0.298085 0.730743 0.292802 0.746593 0.366108 0.722157 0.371392
4 0.738007 0.292802 0.762442 0.298085 0.746593 0.371392 0.722157 0.366108
4 0.769057 0.301086 0.789127 0.315992 0.744410 0.376203 0.724340 0.361297
4 0.793911 0.321457 0.806032 0.343322 0.740435 0.379683 0.728315 0.357817
4 0.786156 0.343322 0.798276 0.321457 0.863873 0.357817 0.851752 0.379683
4 0.803060 0.315992 0.823131 0.301086 0.867848 0.361297 0.847777 0.376203
4 0.829745 0.298085 0.854181 0.292802 0.870030 0.366108 0.845595 0.371392
4 0.861444 0.292802 0.885880 0.298085 0.870030 0.371392 0.845595 0.366108
4 0.892494 0.301086 0.912565 0.315992 0.867848 0.376203 0.847777 0.361297
4 0.917349 0.321457 0.929469 0.343322 0.863873 0.379683 0.851752 0.357817
4 0.909593 0.343322 0.921714 0.321457 0.987310 0.357817 0.975190 0.379683
4 0.926498 0.315992 0.946568 0.301086 0.991285 0.361297 0.971215 0.376203
4 0.953183 0.298085 0.977618 0.292802 0.993468 0.366108 0.969032 0.371392
4 0.001498 0.383179 0.021568 0.368273 0.066285 0.428485 0.046215 0.443390
4 0.028183 0.365273 0.052618 0.359990 0.068468 0.433296 0.044032 0.438579
4 0.059882 0.359990 0.084317 0.365273 0.068468 0.438579 0.044032 0.433296
4 0.090932 0.368273 0.111002 0.383179 0.066285 0.443390 0.046215 0.428485
4 0.115786 0.388644 0.127907 0.410510 0.062310 0.446870 0.050190 0.425005
4 0.108031 0.410510 0.120151 0.388644 0.185748 0.425005 0.173627 0.446870
4 0.124935 0.383179 0.145006 0.368273 0.189723 0.428485 0.169652 0.443390
4 0.151620 0.365273 0.176056 0.359990 0.191905 0.433296 0.167470 0.438579
4 0.183319 0.359990 0.207755 0.365273 0.191905 0.438579 0.167470 0.433296
4 0.214369 0.368273 0.234440 0.383179 0.189723 0.443390 0.169652 0.428485
4 0.239224 0.388644 0.251344 0.410510 0.185748 0.446870 0.173627 0.425005
4 0.231468 0.410510 0.243589 0.388644 0.309185 0.425005 0.297065 0.446870
4 0.248373 0.383179 0.268443 0.368273 0.313160 0.428485 0.293090 0.443390
4 0.275058 0.365273 0.299493 0.359990 0.315343 0.433296 0.290907 0.438579
4 0.306757 0.359990 0.331192 0.365273 0.315343 0.438579 0.290907 0.433296
4 0.337807 0.368273 0.357877 0.383179 0.313160 0.443390 0.293090 0.428485
4 0.362661 0.388644 0.374782 0.410510 0.309185 0.446870 0.297065 0.425005
4 0.354906 0.410510 0.367026 0.388644 0.432623 0.425005 0.420502 0.446870
4 0.371810 0.383179 0.391881 0.368273 0.436598 0.428485 0.416527 0.443390
4 0.398495 0.365273 0.422931 0.359990 0.438780 0.433296 0.414345 0.438579
4 0.430194 0.359990 0.454630 0.365273 0.438780 0.438579 0.414345 0.433296
4 0.461244 0.368273 0.481315 0.383179 0.436598 0.443390 0.416527 0.428485
4 0.486099 0.388644 0.498219 0.410510 0.432623 0.446870 0.420502 0.425005
4 0.478343 0.410510 0.490464 0.388644 0.556060 0.425005 0.543940 0.446870
4 0.495248 0.383179 0.515318 0.368273 0.560035 0.428485 0.539965 0.443390
4 0.521933 0.365273 0.546368 0.359990 0.562218 0.433296 0.537782 0.438579
4 0.553632 0.359990 0.578067 0.365273 0.562218 0.438579 0.537782 0.433296
4 0.584682 0.368273 0.604752 0.383179 0.560035 0.443390 0.539965 0.428485
4 0.609536 0.388644 0.621657 0.410510 0.556060 0.446870 0.543940 0.425005
4 0.601781 0.410510 0.613901 0.388644 0.679498 0.425005 0.667377 0.446870
4 0.618685 0.383179 0.638756 0.368273 0.683473 0.428485 0.663402 0.443390
4 0.645370 0.365273 0.669806 0.359990 0.685655 0.433296 0.661220 0.438579
4 0.677069 0.359990 0.701505 0.365273 0.685655 0.438579 0.661220 0.433296
4 0.708119 0.368273 0.728190 0.383179 0.683473 0.443390 0.663402 0.428485
4 0.732974 0.388644 0.745094 0.410510 0.679498 0.446870 0.667377 0.425005
4 0.725218 0.410510 0.737339 0.388644 0.802935 0.425005 0.790815 0.446870
4 0.742123 0.383179 0.762193 0.368273 0.806910 0.428485 0.786840 0.443390
4 0.768808 0.365273 0.793243 0.359990 0.809093 0.433296 0.784657 0.438579
4 0.800507 0.359990 0.824942 0.365273 0.809093 0.438579 0.784657 0.433296
4 0.831557 0.368273 0.851627 0.383179 0.806910 0.443390 0.786840 0.428485
4 0.856411 0.388644 0.868532 0.410510 0.802935 0.446870 0.790815 0.425005
4 0.848656 0.410510 0.860776 0.388644 0.926373 0.425005 0.914252 0.446870
4 0.865560 0.383179 0.885631 0.368273 0.930348 0.428485 0.910277 0.443390
4 0.892245 0.365273 0.916681 0.359990 0.932530 0.433296 0.908095 0.438579
4 0.923944 0.359990 0.948380 0.365273 0.932530 0.438579 0.908095 0.433296
4 0.954994 0.368273 0.975065 0.383179 0.930348 0.443390 0.910277 0.428485
4 0.979849 0.388644 0.991969 0.410510 0.926373 0.446870 0.914252 0.425005
4 0.045531 0.477697 0.057651 0.455832 0.123248 0.492192 0.111127 0.514058
4 0.062435 0.450367 0.082506 0.435461 0.127223 0.495672 0.107152 0.510578
4 0.089120 0.432460 0.113556 0.427177 0.129405 0.500483 0.104970 0.505767
4 0.120819 0.427177 0.145255 0.432460 0.129405 0.505767 0.104970 0.500483
4 0.151869 0.435461 0.171940 0.450367 0.127223 0.510578 0.107152 0.495672
4 0.176724 0.455832 0.188844 0.477697 0.123248 0.514058 0.111127 0.492192
4 0.168968 0.477697 0.181089 0.455832 0.246685 0.492192 0.234565 0.514058
4 0.185873 0.450367 0.205943 0.435461 0.250660 0.495672 0.230590 0.510578
4 0.212558 0.432460 0.236993 0.427177 0.252843 0.500483 0.228407 0.505767
4 0.244257 0.427177 0.268692 0.432460 0.252843 0.505767 0.228407 0.500483
4 0.275307 0.435461 0.295377 0.450367 0.250660 0.510578 0.230590 0.495672
4 0.300161 0.455832 0.312282 0.477697 0.246685 0.514058 0.234565 0.492192
4 0.292406 0.477697 0.304526 0.455832 0.370123 0.492192 0.358002 0.514058
4 0.309310 0.450367 0.329381 0.435461 0.374098 0.495672 0.354027 0.510578
4 0.335995 0.432460 0.360431 0.427177 0.376280 0.500483 0.351845 0.505767
4 0.367694 0.427177 0.392130 0.432460 0.376280 0.505767 0.351845 0.500483
4 0.398744 0.435461 0.418815 0.450367 0.374098 0.510578 0.354027 0.495672
4 0.423599 0.455832 0.435719 0.477697 0.370123 0.514058 0.358002 0.492192
4 0.415843 0.477697 0.427964 0.455832 0.493560 0.492192 0.481440 0.514058
4 0.432748 0.450367 0.452818 0.435461 0.497535 0.495672 0.477465 0.510578
4 0.459433 0.432460 0.483868 0.427177 0.499718 0.500483 0.475282 0.505767
4 0.491132 0.427177 0.515567 0.432460 0.499718 0.505767 0.475282 0.500483
4 0.522182 0.435461 0.542252 0.450367 0.497535 0.510578 0.477465 0.495672
4 0.547036 0.455832 0.559157 0.477697 0.493560 0.514058 0.481440 0.492192
4 0.539281 0.477697 0.551401 0.455832 0.616998 0.492192 0.604877 0.514058
4 0.556185 0.450367 0.576256 0.435461 0.620973 0.495672 0.600902 0.510578
4 0.582870 0.432460 0.607306 0.427177 0.623155 0.500483 0.598720 0.505767
4 0.614569 0.427177 0.639005 0.432460 0.623155 0.505767 0.598720 0.500483
4 0.645619 0.435461 0.665690 0.450367 0.620973 0.510578 0.600902 0.495672
4 0.670474 0.455832 0.682594 0.477697 0.616998 0.514058 0.604877 0.492192
4 0.662718 0.477697 0.674839 0.455832 0.740435 0.492192 0.728315 0.514058
4 0.679623 0.450367 0.699693 0.435461 0.744410 0.495672 0.724340 0.510578
4 0.706308 0.432460 0.730743 0.427177 0.746593 0.500483 0.722157 0.505767
4 0.738007 0.427177 0.762442 0.432460 0.746593 0.505767 0.722157 0.500483
4 0.769057 0.435461 0.789127 0.450367 0.744410 0.510578 0.724340 0.495672
4 0.793911 0.455832 0.806032 0.477697 0.740435 0.514058 0.728315 0.492192
4 0.786156 0.477697 0.798276 0.455832 0.863873 0.492192 0.851752 0.514058
4 0.803060 0.450367 0.823131 0.435461 0.867848 0.495672 0.847777 0.510578
4 0.829745 0.432460 0.854181 0.427177 0.870030 0.500483 0.845595 0.505767
4 0.861444 0.427177 0.885880 0.432460 0.870030 0.505767 0.845595 0.500483
4 0.892494 0.435461 0.912565 0.450367 0.867848 0.510578 0.847777 0.495672
4 0.917349 0.455832 0.929469 0.477697 0.863873 0.514058 0.851752 0.492192
4 0.909593 0.477697 0.921714 0.455832 0.987310 0.492192 0.975190 0.514058
4 0.926498 0.450367 0.946568 0.435461 0.991285 0.495672 0.971215 0.510578
4 0.953183 0.432460 0.977618 0.427177 0.993468 0.500483 0.969032 0.505767
4 0.001498 0.517554 0.021568 0.502648 0.066285 0.562860 0.046215 0.577765
4 0.028183 0.499648 0.052618 0.494365 0.068468 0.567671 0.044032 0.572954
4 0.059882 0.494365 0.084317 0.499648 0.068468 0.572954 0.044032 0.567671
4 0.090932 0.502648 0.111002 0.517554 0.066285 0.577765 0.046215 0.562860
4 0.115786 0.523019 0.127907 0.544885 0.062310 0.581245 0.050190 0.559380
4 0.108031 0.544885 0.120151 0.523019 0.185748 0.559380 0.173627 0.581245
4 0.124935 0.517554 0.145006 0.502648 0.189723 0.562860 0.169652 0.577765
4 0.151620 0.499648 0.176056 0.494365 0.191905 0.567671 0.167470 0.572954
4 0.183319 0.494365 0.207755 0.499648 0.191905 0.572954 0.167470 0.567671
4 0.214369 0.502648 0.234440 0.517554 0.189723 0.577765 0.169652 0.562860
4 0.239224 0.523019 0.251344 0.544885 0.185748 0.581245 0.173627 0.559380
4 0.231468 0.544885 0.243589 0.523019 0.309185 0.559380 0.297065 0.581245
4 0.248373 0.517554 0.268443 0.502648 0.313160 0.562860 0.293090 0.577765
4 0.275058 0.499648 0.299493 0.494365 0.315343 0.567671 0.290907 0.572954
4 0.306757 0.494365 0.331192 0.499648 0.315343 0.572954 0.290907 0.567671
4 0.337807 0.502648 0.357877 0.517554 0.313160 0.577765 0.293090 0.562860
4 0.362661 0.523019 0.374782 0.544885 0.309185 0.581245 0.297065 0.559380
4 0.354906 0.544885 0.367026 0.523019 0.432623 0.559380 0.420502 0.581245
4 0.371810 0.517554 0.391881 0.502648 0.436598 0.562860 0.416527 0.577765
4 0.398495 0.499648 0.422931 0.494365 0.438780 0.567671 0.414345 0.572954
4 0.430194 0.494365 0.454630 0.499648 0.438780 0.572954 0.414345 0.567671
4 0.461244 0.502648 0.481315 0.517554 0.436598 0.577765 0.416527 0.562860
4 0.486099 0.523019 0.498219 0.544885 0.432623 0.581245 0.420502 0.559380
4 0.478343 0.544885 0.490464 0.523019 0.556060 0.559380 0.543940 0.581245
4 0.495248 0.517554 0.515318 0.502648 0.560035 0.562860 0.539965 0.577765
4 0.521933 0.499648 0.546368 0.494365 0.562218 0.567671 0.537782 0.572954
4 0.553632 0.494365 0.578067 0.499648 0.562218 0.572954 0.537782 0.567671
4 0.584682 0.502648 0.604752 0.517554 0.560035 0.577765 0.539965 0.562860
4 0.609536 0.523019 0.621657 0.544885 0.556060 0.581245 0.543940 0.559380
4 0.601781 0.544885 0.613901 0.523019 0.679498 0.559380 0.667377 0.581245
4 0.618685 0.517554 0.638756 0.502648 0.683473 0.562860 0.663402 0.577765
4 0.645370 0.499648 0.669806 0.494365 0.685655 0.567671 0.661220 0.572954
4 0.677069 0.494365 0.701505 0.499648 0.685655 0.572954 0.661220 0.567671
4 0.708119 0.502648 0.728190 0.517554 0.683473 0.577765 0.663402 0.562860
4 0.732974 0.523019 0.745094 0.544885 0.679498 0.581245 0.667377 0.559380
4 0.725218 0.544885 0.737339 0.523019 0.802935 0.559380 0.790815 0.581245
4 0.742123 0.517554 0.762193 0.502648 0.806910 0.562860 0.786840 0.577765
4 0.768808 0.499648 0.793243 0.494365 0.809093 0.567671 0.784657 0.572954
4 0.800507 0.494365 0.824942 0.499648 0.809093 0.572954 0.784657 0.567671
4 0.831557 0.502648 0.851627 0.517554 0.806910 0.577765 0.786840 0.562860
4 0.856411 0.523019 0.868532 0.544885 0.802935 0.581245 0.790815 0.559380
4 0.848656 0.544885 0.860776 0.523019 0.926373 0.559380 0.914252 0.581245
4 0.865560 0.517554 0.885631 0.502648 0.930348 0.562860 0.910277 0.577765
4 0.892245 0.499648 0.916681 0.494365 0.932530 0.567671 0.908095 0.572954
4 0.923944 0.494365 0.948380 0.499648 0.932530 0.572954 0.908095 0.567671
4 0.954994 0.502648 0.975065 0.517554 0.930348 0.577765 0.910277 0.562860
4 0.979849 0.523019 0.991969 0.544885 0.926373 0.581245 0.914252 0.559380
4 0.045531 0.612072 0.057651 0.590207 0.123248 0.626567 0.111127 0.648433
4 0.062435 0.584742 0.082506 0.569836 0.127223 0.630047 0.107152 0.644953
4 0.089120 0.566835 0.113556 0.561552 0.129405 0.634858 0.104970 0.640142
4 0.120819 0.561552 0.145255 0.566835 0.129405 0.640142 0.104970 0.634858
4 0.151869 0.569836 0.171940 0.584742 0.127223 0.644953 0.107152 0.630047
4 0.176724 0.590207 0.188844 0.612072 0.123248 0.648433 0.111127 0.626567
4 0.168968 0.612072 0.181089 0.590207 0.246685 0.626567 0.234565 0.648433
4 0.185873 0.584742 0.205943 0.569836 0.250660 0.630047 0.230590 0.644953
4 0.212558 0.566835 0.236993 0.561552 0.252843 0.634858 0.228407 0.640142
4 0.244257 0.561552 0.268692 0.566835 0.252843 0.640142 0.228407 0.634858
4 0.275307 0.569836 0.295377 0.584742 0.250660 0.644953 0.230590 0.630047
4 0.300161 0.590207 0.312282 0.612072 0.246685 0.648433 0.234565 0.626567
4 0.292406 0.612072 0.304526 0.590207 0.370123 0.626567 0.358002 0.648433
4 0.309310 0.584742 0.329381 0.569836 0.374098 0.630047 0.354027 0.644953
4 0.335995 0.566835 0.360431 0.561552 0.376280 0.634858 0.351845 0.640142
4 0.367694 0.561552 0.392130 0.566835 0.376280 0.640142 0.351845 0.634858
4 0.398744 0.569836 0.418815 0.584742 0.374098 0.644953 0.354027 0.630047
4 0.423599 0.590207 0.435719 0.612072 0.370123 0.648433 0.358002 0.626567
4 0.415843 0.612072 0.427964 0.590207 0.493560 0.626567 0.481440 0.648433
4 0.432748 0.584742 0.452818 0.569836 0.497535 0.630047 0.477465 0.644953
4 0.459433 0.566835 0.483868 0.561552 0.499718 0.634858 0.475282 0.640142
4 0.491132 0.561552 0.515567 0.566835 0.499718 0.640142 0.475282 0.634858
4 0.522182 0.569836 0.542252 0.584742 0.497535 0.644953 0.477465 0.630047
4 0.547036 0.590207 0.559157 0.612072 0.493560 0.648433 0.481440 0.626567
4 0.539281 0.612072 0.551401 0.590207 0.616998 0.626567 0.604877 0.648433
4 0.556185 0.584742 0.576256 0.569836 0.620973 0.630047 0.600902 0.644953
4 0.582870 0.566835 0.607306 0.561552 0.623155 0.634858 0.598720 0.640142
4 0.614569 0.561552 0.639005 0.566835 0.623155 0.640142 0.598720 0.634858
4 0.645619 0.569836 0.665690 0.584742 0.620973 0.644953 0.600902 0.630047
4 0.670474 0.590207 0.682594 0.612072 0.616998 0.648433 0.604877 0.626567
4 0.662718 0.612072 0.674839 0.590207 0.740435 0.626567 0.728315 0.648433
4 0.679623 0.584742 0.699693 0.569836 0.744410 0.630047 0.724340 0.644953
4 0.706308 0.566835 0.730743 0.561552 0.746593 0.634858 0.722157 0.640142
4 0.738007 0.561552 0.762442 0.566835 0.746593 0.640142 0.722157 0.634858
4 0.769057 0.569836 0.789127 0.584742 0.744410 0.644953 0.724340 0.630047
4 0.793911 0.590207 0.806032 0.612072 0.740435 0.648433 0.728315 0.626567
4 0.786156 0.612072 0.798276 0.590207 0.863873 0.626567 0.851752 0.648433
4 0.803060 0.584742 0.823131 0.569836 0.867848 0.630047 0.847777 0.644953
4 0.829745 0.566835 0.854181 0.561552 0.870030 0.634858 0.845595 0.640142
4 0.861444 0.561552 0.885880 0.566835 0.870030 0.640142 0.845595 0.634858
4 0.892494 0.569836 0.912565 0.584742 0.867848 0.644953 0.847777 0.630047
4 0.917349 0.590207 0.929469 0.612072 0.863873 0.648433 0.851752 0.626567
4 0.909593 0.612072 0.921714 0.590207 0.987310 0.626567 0.975190 0.648433
4 0.926498 0.584742 0.946568 0.569836 0.991285 0.630047 0.971215 0.644953
4 0.953183 0.566835 0.977618 0.561552 0.993468 0.634858 0.969032 0.640142