2 0.068750 0.082812 0.090625 0.082812 0.090625 0.148438 0.068750 0.148438
2 0.084375 0.073438 0.106250 0.073438 0.106250 0.139063 0.084375 0.139063
2 0.101562 0.078125 0.123438 0.078125 0.123438 0.143750 0.101562 0.143750
2 0.114062 0.076563 0.135937 0.076563 0.135937 0.142187 0.114062 0.142187
2 0.137500 0.079687 0.159375 0.079687 0.159375 0.145313 0.137500 0.145313
2 0.148438 0.076563 0.170313 0.076563 0.170313 0.142187 0.148438 0.142187
2 0.167187 0.079687 0.189062 0.079687 0.189062 0.145313 0.167187 0.145313
2 0.182812 0.082812 0.204687 0.082812 0.204687 0.148438 0.182812 0.148438
2 0.206250 0.075000 0.228125 0.075000 0.228125 0.140625 0.206250 0.140625
2 0.218750 0.075000 0.240625 0.075000 0.240625 0.140625 0.218750 0.140625
2 0.234375 0.076563 0.256250 0.076563 0.256250 0.142187 0.234375 0.142187
2 0.256250 0.079687 0.278125 0.079687 0.278125 0.145313 0.256250 0.145313
2 0.275000 0.079687 0.296875 0.079687 0.296875 0.145313 0.275000 0.145313
2 0.292187 0.076563 0.314063 0.076563 0.314063 0.142187 0.292187 0.142187
2 0.309375 0.073438 0.331250 0.073438 0.331250 0.139063 0.309375 0.139063
2 0.320312 0.078125 0.342187 0.078125 0.342187 0.143750 0.320312 0.143750
2 0.339062 0.076563 0.360938 0.076563 0.360938 0.142187 0.339062 0.142187
2 0.359375 0.073438 0.381250 0.073438 0.381250 0.139063 0.359375 0.139063
2 0.376563 0.082812 0.398438 0.082812 0.398438 0.148438 0.376563 0.148438
2 0.393750 0.075000 0.415625 0.075000 0.415625 0.140625 0.393750 0.140625
2 0.410938 0.078125 0.432812 0.078125 0.432812 0.143750 0.410938 0.143750
2 0.429688 0.078125 0.451562 0.078125 0.451562 0.143750 0.429688 0.143750
2 0.440625 0.075000 0.462500 0.075000 0.462500 0.140625 0.440625 0.140625
2 0.464062 0.078125 0.485938 0.078125 0.485938 0.143750 0.464062 0.143750
2 0.478125 0.079687 0.500000 0.079687 0.500000 0.145313 0.478125 0.145313
1 0.057813 0.161719 0.089063 0.161719 0.089063 0.194531 0.057813 0.194531
1 0.089063 0.158594 0.120313 0.158594 0.120313 0.191406 0.089063 0.191406
1 0.118750 0.157031 0.150000 0.157031 0.150000 0.189844 0.118750 0.189844
1 0.150000 0.163281 0.181250 0.163281 0.181250 0.196094 0.150000 0.196094
1 0.179688 0.161719 0.210938 0.161719 0.210938 0.194531 0.179688 0.194531
1 0.206250 0.155469 0.237500 0.155469 0.237500 0.188281 0.206250 0.188281
1 0.235937 0.158594 0.267188 0.158594 0.267188 0.191406 0.235937 0.191406
1 0.267188 0.163281 0.298438 0.163281 0.298438 0.196094 0.267188 0.196094
1 0.301563 0.163281 0.332813 0.163281 0.332813 0.196094 0.301563 0.196094
1 0.325000 0.153906 0.356250 0.153906 0.356250 0.186719 0.325000 0.186719
1 0.356250 0.161719 0.387500 0.161719 0.387500 0.194531 0.356250 0.194531
1 0.390625 0.161719 0.421875 0.161719 0.421875 0.194531 0.390625 0.194531
1 0.417187 0.158594 0.448437 0.158594 0.448437 0.191406 0.417187 0.191406
1 0.446875 0.155469 0.478125 0.155469 0.478125 0.188281 0.446875 0.188281
1 0.478125 0.161719 0.509375 0.161719 0.509375 0.194531 0.478125 0.194531
1 0.503125 0.158594 0.534375 0.158594 0.534375 0.191406 0.503125 0.191406
1 0.532813 0.158594 0.564063 0.158594 0.564063 0.191406 0.532813 0.191406
1 0.562500 0.158594 0.593750 0.158594 0.593750 0.191406 0.562500 0.191406
1 0.598437 0.163281 0.629687 0.163281 0.629687 0.196094 0.598437 0.196094
1 0.623437 0.158594 0.654687 0.158594 0.654687 0.191406 0.623437 0.191406
1 0.656250 0.158594 0.687500 0.158594 0.687500 0.191406 0.656250 0.191406
1 0.685937 0.158594 0.717187 0.158594 0.717187 0.191406 0.685937 0.191406
1 0.715625 0.153906 0.746875 0.153906 0.746875 0.186719 0.715625 0.186719
1 0.745313 0.161719 0.776563 0.161719 0.776563 0.194531 0.745313 0.194531
1 0.775000 0.160156 0.806250 0.160156 0.806250 0.192969 0.775000 0.192969
1 0.042969 0.156250 0.116406 0.156250 0.116406 0.250000 0.042969 0.250000
1 0.094531 0.154688 0.167969 0.154688 0.167969 0.248438 0.094531 0.248438
1 0.153906 0.151562 0.227344 0.151562 0.227344 0.245312 0.153906 0.245312
1 0.216406 0.151562 0.289844 0.151562 0.289844 0.245312 0.216406 0.245312
1 0.269531 0.154688 0.342969 0.154688 0.342969 0.248438 0.269531 0.248438
1 0.325781 0.151562 0.399219 0.151562 0.399219 0.245312 0.325781 0.245312
1 0.383594 0.160938 0.457031 0.160938 0.457031 0.254688 0.383594 0.254688
1 0.442969 0.153125 0.516406 0.153125 0.516406 0.246875 0.442969 0.246875
1 0.505469 0.160938 0.578906 0.160938 0.578906 0.254688 0.505469 0.254688
1 0.561719 0.153125 0.635156 0.153125 0.635156 0.246875 0.561719 0.246875
1 0.616406 0.151562 0.689844 0.151562 0.689844 0.245312 0.616406 0.245312
1 0.677344 0.157812 0.750781 0.157812 0.750781 0.251563 0.677344 0.251563
1 0.733594 0.153125 0.807031 0.153125 0.807031 0.246875 0.733594 0.246875
1 0.794531 0.154688 0.867969 0.154688 0.867969 0.248438 0.794531 0.248438
1 0.849219 0.157812 0.922656 0.157812 0.922656 0.251563 0.849219 0.251563
1 0.055469 0.260937 0.097656 0.260937 0.097656 0.304688 0.055469 0.304688
1 0.094531 0.260937 0.136719 0.260937 0.136719 0.304688 0.094531 0.304688
1 0.133594 0.265625 0.175781 0.265625 0.175781 0.309375 0.133594 0.309375
1 0.171094 0.268750 0.213281 0.268750 0.213281 0.312500 0.171094 0.312500
1 0.211719 0.268750 0.253906 0.268750 0.253906 0.312500 0.211719 0.312500
1 0.250781 0.267188 0.292969 0.267188 0.292969 0.310937 0.250781 0.310937
1 0.289844 0.259375 0.332031 0.259375 0.332031 0.303125 0.289844 0.303125
1 0.328906 0.268750 0.371094 0.268750 0.371094 0.312500 0.328906 0.312500
1 0.366406 0.260937 0.408594 0.260937 0.408594 0.304688 0.366406 0.304688
1 0.405469 0.262500 0.447656 0.262500 0.447656 0.306250 0.405469 0.306250
1 0.446094 0.265625 0.488281 0.265625 0.488281 0.309375 0.446094 0.309375
1 0.482031 0.260937 0.524219 0.260937 0.524219 0.304688 0.482031 0.304688
1 0.522656 0.268750 0.564844 0.268750 0.564844 0.312500 0.522656 0.312500
1 0.561719 0.259375 0.603906 0.259375 0.603906 0.303125 0.561719 0.303125
1 0.599219 0.260937 0.641406 0.260937 0.641406 0.304688 0.599219 0.304688
1 0.642969 0.265625 0.685156 0.265625 0.685156 0.309375 0.642969 0.309375
1 0.683594 0.260937 0.725781 0.260937 0.725781 0.304688 0.683594 0.304688
1 0.719531 0.260937 0.761719 0.260937 0.761719 0.304688 0.719531 0.304688
1 0.758594 0.267188 0.800781 0.267188 0.800781 0.310937 0.758594 0.310937
1 0.800781 0.268750 0.842969 0.268750 0.842969 0.312500 0.800781 0.312500
1 0.833594 0.264062 0.875781 0.264062 0.875781 0.307812 0.833594 0.307812
1 0.872656 0.267188 0.914844 0.267188 0.914844 0.310937 0.872656 0.310937