1 0.066406 0.086719 0.074219 0.086719 0.074219 0.094531 0.066406 0.094531
1 0.082031 0.083594 0.089844 0.083594 0.089844 0.091406 0.082031 0.091406
1 0.091406 0.085156 0.099219 0.085156 0.099219 0.092969 0.091406 0.092969
1 0.105469 0.085156 0.113281 0.085156 0.113281 0.092969 0.105469 0.092969
1 0.121094 0.078906 0.128906 0.078906 0.128906 0.086719 0.121094 0.086719
1 0.132031 0.085156 0.139844 0.085156 0.139844 0.092969 0.132031 0.092969
1 0.146094 0.082031 0.153906 0.082031 0.153906 0.089844 0.146094 0.089844
1 0.153906 0.086719 0.161719 0.086719 0.161719 0.094531 0.153906 0.094531
1 0.167969 0.086719 0.175781 0.086719 0.175781 0.094531 0.167969 0.094531
1 0.180469 0.078906 0.188281 0.078906 0.188281 0.086719 0.180469 0.086719
1 0.194531 0.086719 0.202344 0.086719 0.202344 0.094531 0.194531 0.094531
1 0.203906 0.080469 0.211719 0.080469 0.211719 0.088281 0.203906 0.088281
1 0.216406 0.085156 0.224219 0.085156 0.224219 0.092969 0.216406 0.092969
1 0.227344 0.080469 0.235156 0.080469 0.235156 0.088281 0.227344 0.088281
1 0.246094 0.080469 0.253906 0.080469 0.253906 0.088281 0.246094 0.088281
1 0.258594 0.086719 0.266406 0.086719 0.266406 0.094531 0.258594 0.094531
1 0.266406 0.078906 0.274219 0.078906 0.274219 0.086719 0.266406 0.086719
1 0.280469 0.088281 0.288281 0.088281 0.288281 0.096094 0.280469 0.096094
1 0.292969 0.083594 0.300781 0.083594 0.300781 0.091406 0.292969 0.091406
1 0.302344 0.085156 0.310156 0.085156 0.310156 0.092969 0.302344 0.092969
1 0.314844 0.080469 0.322656 0.080469 0.322656 0.088281 0.314844 0.088281
1 0.327344 0.085156 0.335156 0.085156 0.335156 0.092969 0.327344 0.092969
1 0.346094 0.085156 0.353906 0.085156 0.353906 0.092969 0.346094 0.092969
1 0.355469 0.080469 0.363281 0.080469 0.363281 0.088281 0.355469 0.088281
1 0.364844 0.088281 0.372656 0.088281 0.372656 0.096094 0.364844 0.096094
1 0.039062 0.058594 0.104688 0.058594 0.104688 0.144531 0.039062 0.144531
1 0.089063 0.061719 0.154688 0.061719 0.154688 0.147656 0.089063 0.147656
1 0.143750 0.058594 0.209375 0.058594 0.209375 0.144531 0.143750 0.144531
1 0.190625 0.061719 0.256250 0.061719 0.256250 0.147656 0.190625 0.147656
1 0.245312 0.058594 0.310937 0.058594 0.310937 0.144531 0.245312 0.144531
1 0.295312 0.052344 0.360938 0.052344 0.360938 0.138281 0.295312 0.138281
1 0.351562 0.055469 0.417187 0.055469 0.417187 0.141406 0.351562 0.141406
1 0.401562 0.061719 0.467187 0.061719 0.467187 0.147656 0.401562 0.147656
1 0.448437 0.053906 0.514062 0.053906 0.514062 0.139844 0.448437 0.139844
1 0.503125 0.055469 0.568750 0.055469 0.568750 0.141406 0.503125 0.141406
1 0.554688 0.060156 0.620313 0.060156 0.620313 0.146094 0.554688 0.146094
1 0.604688 0.060156 0.670312 0.060156 0.670312 0.146094 0.604688 0.146094
1 0.660937 0.053906 0.726562 0.053906 0.726562 0.139844 0.660937 0.139844
1 0.712500 0.061719 0.778125 0.061719 0.778125 0.147656 0.712500 0.147656
1 0.762500 0.058594 0.828125 0.058594 0.828125 0.144531 0.762500 0.144531
1 0.809375 0.052344 0.875000 0.052344 0.875000 0.138281 0.809375 0.138281
1 0.862500 0.055469 0.928125 0.055469 0.928125 0.141406 0.862500 0.141406
1 0.064844 0.169531 0.072656 0.169531 0.072656 0.177344 0.064844 0.177344
1 0.077344 0.169531 0.085156 0.169531 0.085156 0.177344 0.077344 0.177344
1 0.096094 0.178906 0.103906 0.178906 0.103906 0.186719 0.096094 0.186719
1 0.108594 0.175781 0.116406 0.175781 0.116406 0.183594 0.108594 0.183594
1 0.119531 0.177344 0.127344 0.177344 0.127344 0.185156 0.119531 0.185156
1 0.128906 0.174219 0.136719 0.174219 0.136719 0.182031 0.128906 0.182031
1 0.144531 0.174219 0.152344 0.174219 0.152344 0.182031 0.144531 0.182031
1 0.152344 0.175781 0.160156 0.175781 0.160156 0.183594 0.152344 0.183594
1 0.164844 0.174219 0.172656 0.174219 0.172656 0.182031 0.164844 0.182031
1 0.177344 0.174219 0.185156 0.174219 0.185156 0.182031 0.177344 0.182031
1 0.191406 0.178906 0.199219 0.178906 0.199219 0.186719 0.191406 0.186719
1 0.208594 0.172656 0.216406 0.172656 0.216406 0.180469 0.208594 0.180469
1 0.221094 0.177344 0.228906 0.177344 0.228906 0.185156 0.221094 0.185156
1 0.227344 0.171094 0.235156 0.171094 0.235156 0.178906 0.227344 0.178906
1 0.242969 0.177344 0.250781 0.177344 0.250781 0.185156 0.242969 0.185156
1 0.252344 0.169531 0.260156 0.169531 0.260156 0.177344 0.252344 0.177344
1 0.266406 0.172656 0.274219 0.172656 0.274219 0.180469 0.266406 0.180469
1 0.277344 0.178906 0.285156 0.178906 0.285156 0.186719 0.277344 0.186719
1 0.292969 0.175781 0.300781 0.175781 0.300781 0.183594 0.292969 0.183594
1 0.302344 0.178906 0.310156 0.178906 0.310156 0.186719 0.302344 0.186719
1 0.319531 0.171094 0.327344 0.171094 0.327344 0.178906 0.319531 0.178906
1 0.332031 0.172656 0.339844 0.172656 0.339844 0.180469 0.332031 0.180469
1 0.341406 0.178906 0.349219 0.178906 0.349219 0.186719 0.341406 0.186719
1 0.352344 0.178906 0.360156 0.178906 0.360156 0.186719 0.352344 0.186719
1 0.364844 0.171094 0.372656 0.171094 0.372656 0.178906 0.364844 0.178906
2 0.058594 0.156250 0.082031 0.156250 0.082031 0.225000 0.058594 0.225000
2 0.082031 0.156250 0.105469 0.156250 0.105469 0.225000 0.082031 0.225000
2 0.100781 0.154688 0.124219 0.154688 0.124219 0.223438 0.100781 0.223438
2 0.124219 0.159375 0.147656 0.159375 0.147656 0.228125 0.124219 0.228125
2 0.150781 0.153125 0.174219 0.153125 0.174219 0.221875 0.150781 0.221875
2 0.172656 0.160938 0.196094 0.160938 0.196094 0.229687 0.172656 0.229687
2 0.191406 0.156250 0.214844 0.156250 0.214844 0.225000 0.191406 0.225000
2 0.216406 0.157812 0.239844 0.157812 0.239844 0.226562 0.216406 0.226562
2 0.236719 0.159375 0.260156 0.159375 0.260156 0.228125 0.236719 0.228125
2 0.253906 0.156250 0.277344 0.156250 0.277344 0.225000 0.253906 0.225000
2 0.282031 0.153125 0.305469 0.153125 0.305469 0.221875 0.282031 0.221875
2 0.300781 0.151562 0.324219 0.151562 0.324219 0.220312 0.300781 0.220312
2 0.325781 0.157812 0.349219 0.157812 0.349219 0.226562 0.325781 0.226562
2 0.342969 0.157812 0.366406 0.157812 0.366406 0.226562 0.342969 0.226562
2 0.367969 0.154688 0.391406 0.154688 0.391406 0.223438 0.367969 0.223438
2 0.391406 0.157812 0.414844 0.157812 0.414844 0.226562 0.391406 0.226562
2 0.413281 0.157812 0.436719 0.157812 0.436719 0.226562 0.413281 0.226562
2 0.430469 0.159375 0.453906 0.159375 0.453906 0.228125 0.430469 0.228125
2 0.450781 0.160938 0.474219 0.160938 0.474219 0.229687 0.450781 0.229687
2 0.478906 0.156250 0.502344 0.156250 0.502344 0.225000 0.478906 0.225000
2 0.494531 0.151562 0.517969 0.151562 0.517969 0.220312 0.494531 0.220312
2 0.522656 0.154688 0.546094 0.154688 0.546094 0.223438 0.522656 0.223438
2 0.538281 0.159375 0.561719 0.159375 0.561719 0.228125 0.538281 0.228125
2 0.560156 0.159375 0.583594 0.159375 0.583594 0.228125 0.560156 0.228125
2 0.586719 0.156250 0.610156 0.156250 0.610156 0.225000 0.586719 0.225000