2 0.026562 0.082812 0.035937 0.082812 0.035937 0.107813 0.026562 0.107813
2 0.032813 0.082812 0.042188 0.082812 0.042188 0.107813 0.032813 0.107813
2 0.045312 0.087500 0.054688 0.087500 0.054688 0.112500 0.045312 0.112500
2 0.064062 0.085938 0.073438 0.085938 0.073438 0.110937 0.064062 0.110937
2 0.075000 0.082812 0.084375 0.082812 0.084375 0.107813 0.075000 0.107813
2 0.084375 0.082812 0.093750 0.082812 0.093750 0.107813 0.084375 0.107813
2 0.095312 0.089063 0.104688 0.089063 0.104688 0.114062 0.095312 0.114062
2 0.112500 0.082812 0.121875 0.082812 0.121875 0.107813 0.112500 0.107813
2 0.126562 0.079687 0.135937 0.079687 0.135937 0.104688 0.126562 0.104688
2 0.135937 0.079687 0.145313 0.079687 0.145313 0.104688 0.135937 0.104688
2 0.151562 0.087500 0.160938 0.087500 0.160938 0.112500 0.151562 0.112500
2 0.157812 0.089063 0.167187 0.089063 0.167187 0.114062 0.157812 0.114062
2 0.170313 0.084375 0.179688 0.084375 0.179688 0.109375 0.170313 0.109375
2 0.187500 0.082812 0.196875 0.082812 0.196875 0.107813 0.187500 0.107813
2 0.196875 0.089063 0.206250 0.089063 0.206250 0.114062 0.196875 0.114062
2 0.212500 0.082812 0.221875 0.082812 0.221875 0.107813 0.212500 0.107813
2 0.221875 0.082812 0.231250 0.082812 0.231250 0.107813 0.221875 0.107813
2 0.232813 0.081250 0.242188 0.081250 0.242188 0.106250 0.232813 0.106250
2 0.248438 0.079687 0.257812 0.079687 0.257812 0.104688 0.248438 0.104688
2 0.264062 0.082812 0.273438 0.082812 0.273438 0.107813 0.264062 0.107813
2 0.273438 0.087500 0.282813 0.087500 0.282813 0.112500 0.273438 0.112500
2 0.284375 0.089063 0.293750 0.089063 0.293750 0.114062 0.284375 0.114062
2 0.298438 0.084375 0.307812 0.084375 0.307812 0.109375 0.298438 0.109375
2 0.312500 0.084375 0.321875 0.084375 0.321875 0.109375 0.312500 0.109375
2 0.326562 0.079687 0.335938 0.079687 0.335938 0.104688 0.326562 0.104688
1 0.003125 0.098437 0.053125 0.098437 0.053125 0.151562 0.003125 0.151562
1 0.046875 0.092188 0.096875 0.092188 0.096875 0.145313 0.046875 0.145313
1 0.096875 0.096875 0.146875 0.096875 0.146875 0.150000 0.096875 0.150000
1 0.146875 0.096875 0.196875 0.096875 0.196875 0.150000 0.146875 0.150000
1 0.192188 0.098437 0.242188 0.098437 0.242188 0.151562 0.192188 0.151562
1 0.239063 0.098437 0.289062 0.098437 0.289062 0.151562 0.239063 0.151562
1 0.284375 0.096875 0.334375 0.096875 0.334375 0.150000 0.284375 0.150000
1 0.329688 0.093750 0.379688 0.093750 0.379688 0.146875 0.329688 0.146875
1 0.379688 0.095312 0.429688 0.095312 0.429688 0.148438 0.379688 0.148438
1 0.425000 0.098437 0.475000 0.098437 0.475000 0.151562 0.425000 0.151562
1 0.468750 0.100000 0.518750 0.100000 0.518750 0.153125 0.468750 0.153125
1 0.518750 0.093750 0.568750 0.093750 0.568750 0.146875 0.518750 0.146875
1 0.568750 0.098437 0.618750 0.098437 0.618750 0.151562 0.568750 0.151562
1 0.615625 0.090625 0.665625 0.090625 0.665625 0.143750 0.615625 0.143750
1 0.656250 0.100000 0.706250 0.100000 0.706250 0.153125 0.656250 0.153125
1 0.704688 0.095312 0.754687 0.095312 0.754687 0.148438 0.704688 0.148438
1 0.754687 0.095312 0.804688 0.095312 0.804688 0.148438 0.754687 0.148438
1 0.800000 0.098437 0.850000 0.098437 0.850000 0.151562 0.800000 0.151562
1 0.848437 0.095312 0.898438 0.095312 0.898438 0.148438 0.848437 0.148438
1 0.895312 0.095312 0.945312 0.095312 0.945312 0.148438 0.895312 0.148438
2 0.020313 0.132812 0.042188 0.132812 0.042188 0.201563 0.020313 0.201563
2 0.037500 0.139063 0.059375 0.139063 0.059375 0.207813 0.037500 0.207813
2 0.054688 0.132812 0.076563 0.132812 0.076563 0.201563 0.054688 0.201563
2 0.071875 0.135937 0.093750 0.135937 0.093750 0.204687 0.071875 0.204687
2 0.089063 0.140625 0.110937 0.140625 0.110937 0.209375 0.089063 0.209375
2 0.109375 0.131250 0.131250 0.131250 0.131250 0.200000 0.109375 0.200000
2 0.131250 0.134375 0.153125 0.134375 0.153125 0.203125 0.131250 0.203125
2 0.150000 0.131250 0.171875 0.131250 0.171875 0.200000 0.150000 0.200000
2 0.168750 0.139063 0.190625 0.139063 0.190625 0.207813 0.168750 0.207813
2 0.185938 0.132812 0.207813 0.132812 0.207813 0.201563 0.185938 0.201563
2 0.206250 0.134375 0.228125 0.134375 0.228125 0.203125 0.206250 0.203125
2 0.223438 0.137500 0.245312 0.137500 0.245312 0.206250 0.223438 0.206250
2 0.239063 0.140625 0.260937 0.140625 0.260937 0.209375 0.239063 0.209375
2 0.257812 0.139063 0.279687 0.139063 0.279687 0.207813 0.257812 0.207813
2 0.276562 0.139063 0.298438 0.139063 0.298438 0.207813 0.276562 0.207813
2 0.301563 0.140625 0.323437 0.140625 0.323437 0.209375 0.301563 0.209375
2 0.320312 0.135937 0.342187 0.135937 0.342187 0.204687 0.320312 0.204687
2 0.337500 0.135937 0.359375 0.135937 0.359375 0.204687 0.337500 0.204687
2 0.351562 0.132812 0.373437 0.132812 0.373437 0.201563 0.351562 0.201563
2 0.375000 0.135937 0.396875 0.135937 0.396875 0.204687 0.375000 0.204687
2 0.395313 0.135937 0.417187 0.135937 0.417187 0.204687 0.395313 0.204687
2 0.407813 0.135937 0.429688 0.135937 0.429688 0.204687 0.407813 0.204687
2 0.428125 0.140625 0.450000 0.140625 0.450000 0.209375 0.428125 0.209375
2 0.450000 0.139063 0.471875 0.139063 0.471875 0.207813 0.450000 0.207813
2 0.470313 0.134375 0.492188 0.134375 0.492188 0.203125 0.470313 0.203125