4 0.043750 0.015625 0.068750 0.015625 0.068750 0.090625 0.043750 0.090625
4 0.067187 0.009375 0.092188 0.009375 0.092188 0.084375 0.067187 0.084375
4 0.089063 0.012500 0.114062 0.012500 0.114062 0.087500 0.089063 0.087500
4 0.110937 0.012500 0.135937 0.012500 0.135937 0.087500 0.110937 0.087500
4 0.128125 0.018750 0.153125 0.018750 0.153125 0.093750 0.128125 0.093750
4 0.148438 0.017188 0.173437 0.017188 0.173437 0.092188 0.148438 0.092188
4 0.171875 0.012500 0.196875 0.012500 0.196875 0.087500 0.171875 0.087500
4 0.190625 0.017188 0.215625 0.017188 0.215625 0.092188 0.190625 0.092188
4 0.212500 0.009375 0.237500 0.009375 0.237500 0.084375 0.212500 0.084375
4 0.229687 0.009375 0.254688 0.009375 0.254688 0.084375 0.229687 0.084375
4 0.253125 0.014063 0.278125 0.014063 0.278125 0.089063 0.253125 0.089063
4 0.267188 0.012500 0.292187 0.012500 0.292187 0.087500 0.267188 0.087500
4 0.290625 0.014063 0.315625 0.014063 0.315625 0.089063 0.290625 0.089063
4 0.309375 0.012500 0.334375 0.012500 0.334375 0.087500 0.309375 0.087500
4 0.332813 0.014063 0.357812 0.014063 0.357812 0.089063 0.332813 0.089063
4 0.351562 0.018750 0.376563 0.018750 0.376563 0.093750 0.351562 0.093750
4 0.370312 0.017188 0.395313 0.017188 0.395313 0.092188 0.370312 0.092188
4 0.393750 0.017188 0.418750 0.017188 0.418750 0.092188 0.393750 0.092188
4 0.412500 0.018750 0.437500 0.018750 0.437500 0.093750 0.412500 0.093750
4 0.435937 0.014063 0.460938 0.014063 0.460938 0.089063 0.435937 0.089063
4 0.453125 0.009375 0.478125 0.009375 0.478125 0.084375 0.453125 0.084375
4 0.470313 0.010937 0.495312 0.010937 0.495312 0.085938 0.470313 0.085938
4 0.493750 0.009375 0.518750 0.009375 0.518750 0.084375 0.493750 0.084375
4 0.515625 0.015625 0.540625 0.015625 0.540625 0.090625 0.515625 0.090625
4 0.532813 0.017188 0.557813 0.017188 0.557813 0.092188 0.532813 0.092188
4 0.040625 0.074219 0.071875 0.074219 0.071875 0.160156 0.040625 0.160156
4 0.067187 0.078906 0.098437 0.078906 0.098437 0.164844 0.067187 0.164844
4 0.100000 0.072656 0.131250 0.072656 0.131250 0.158594 0.100000 0.158594
4 0.120313 0.077344 0.151562 0.077344 0.151562 0.163281 0.120313 0.163281
4 0.146875 0.072656 0.178125 0.072656 0.178125 0.158594 0.146875 0.158594
4 0.173437 0.075781 0.204687 0.075781 0.204687 0.161719 0.173437 0.161719
4 0.200000 0.074219 0.231250 0.074219 0.231250 0.160156 0.200000 0.160156
4 0.231250 0.075781 0.262500 0.075781 0.262500 0.161719 0.231250 0.161719
4 0.253125 0.075781 0.284375 0.075781 0.284375 0.161719 0.253125 0.161719
4 0.285938 0.080469 0.317188 0.080469 0.317188 0.166406 0.285938 0.166406
4 0.306250 0.072656 0.337500 0.072656 0.337500 0.158594 0.306250 0.158594
4 0.332813 0.071094 0.364063 0.071094 0.364063 0.157031 0.332813 0.157031
4 0.360938 0.074219 0.392188 0.074219 0.392188 0.160156 0.360938 0.160156
4 0.392188 0.078906 0.423438 0.078906 0.423438 0.164844 0.392188 0.164844
4 0.415625 0.072656 0.446875 0.072656 0.446875 0.158594 0.415625 0.158594
4 0.445312 0.074219 0.476562 0.074219 0.476562 0.160156 0.445312 0.160156
4 0.470313 0.075781 0.501563 0.075781 0.501563 0.161719 0.470313 0.161719
4 0.493750 0.080469 0.525000 0.080469 0.525000 0.166406 0.493750 0.166406
4 0.525000 0.078906 0.556250 0.078906 0.556250 0.164844 0.525000 0.164844
4 0.551562 0.074219 0.582812 0.074219 0.582812 0.160156 0.551562 0.160156
4 0.575000 0.077344 0.606250 0.077344 0.606250 0.163281 0.575000 0.163281
4 0.598437 0.078906 0.629687 0.078906 0.629687 0.164844 0.598437 0.164844
4 0.631250 0.077344 0.662500 0.077344 0.662500 0.163281 0.631250 0.163281
4 0.653125 0.075781 0.684375 0.075781 0.684375 0.161719 0.653125 0.161719
4 0.681250 0.075781 0.712500 0.075781 0.712500 0.161719 0.681250 0.161719
4 0.049219 0.154688 0.075781 0.154688 0.075781 0.232813 0.049219 0.232813
4 0.074219 0.153125 0.100781 0.153125 0.100781 0.231250 0.074219 0.231250
4 0.099219 0.150000 0.125781 0.150000 0.125781 0.228125 0.099219 0.228125
4 0.122656 0.153125 0.149219 0.153125 0.149219 0.231250 0.122656 0.231250
4 0.142969 0.157812 0.169531 0.157812 0.169531 0.235937 0.142969 0.235937
4 0.171094 0.150000 0.197656 0.150000 0.197656 0.228125 0.171094 0.228125
4 0.192969 0.154688 0.219531 0.154688 0.219531 0.232813 0.192969 0.232813
4 0.219531 0.159375 0.246094 0.159375 0.246094 0.237500 0.219531 0.237500
4 0.247656 0.150000 0.274219 0.150000 0.274219 0.228125 0.247656 0.228125
4 0.274219 0.154688 0.300781 0.154688 0.300781 0.232813 0.274219 0.232813
4 0.294531 0.150000 0.321094 0.150000 0.321094 0.228125 0.294531 0.228125
4 0.319531 0.151562 0.346094 0.151562 0.346094 0.229687 0.319531 0.229687
4 0.344531 0.151562 0.371094 0.151562 0.371094 0.229687 0.344531 0.229687
4 0.369531 0.150000 0.396094 0.150000 0.396094 0.228125 0.369531 0.228125
4 0.396094 0.151562 0.422656 0.151562 0.422656 0.229687 0.396094 0.229687
4 0.421094 0.156250 0.447656 0.156250 0.447656 0.234375 0.421094 0.234375
4 0.446094 0.151562 0.472656 0.151562 0.472656 0.229687 0.446094 0.229687
4 0.467969 0.157812 0.494531 0.157812 0.494531 0.235937 0.467969 0.235937
4 0.496094 0.159375 0.522656 0.159375 0.522656 0.237500 0.496094 0.237500
4 0.517969 0.157812 0.544531 0.157812 0.544531 0.235937 0.517969 0.235937
4 0.547656 0.151562 0.574219 0.151562 0.574219 0.229687 0.547656 0.229687
4 0.572656 0.156250 0.599219 0.156250 0.599219 0.234375 0.572656 0.234375
4 0.599219 0.153125 0.625781 0.153125 0.625781 0.231250 0.599219 0.231250
4 0.617969 0.157812 0.644531 0.157812 0.644531 0.235937 0.617969 0.235937
4 0.647656 0.157812 0.674219 0.157812 0.674219 0.235937 0.647656 0.235937
4 0.043750 0.237500 0.068750 0.237500 0.068750 0.312500 0.043750 0.312500
4 0.068750 0.237500 0.093750 0.237500 0.093750 0.312500 0.068750 0.312500
4 0.090625 0.229687 0.115625 0.229687 0.115625 0.304688 0.090625 0.304688
4 0.117188 0.229687 0.142187 0.229687 0.142187 0.304688 0.117188 0.304688
4 0.143750 0.234375 0.168750 0.234375 0.168750 0.309375 0.143750 0.309375
4 0.165625 0.228125 0.190625 0.228125 0.190625 0.303125 0.165625 0.303125
4 0.189062 0.228125 0.214062 0.228125 0.214062 0.303125 0.189062 0.303125
4 0.209375 0.229687 0.234375 0.229687 0.234375 0.304688 0.209375 0.304688
4 0.232813 0.237500 0.257812 0.237500 0.257812 0.312500 0.232813 0.312500
4 0.254688 0.237500 0.279687 0.237500 0.279687 0.312500 0.254688 0.312500
4 0.284375 0.231250 0.309375 0.231250 0.309375 0.306250 0.284375 0.306250
4 0.301563 0.229687 0.326562 0.229687 0.326562 0.304688 0.301563 0.304688
4 0.325000 0.237500 0.350000 0.237500 0.350000 0.312500 0.325000 0.312500
4 0.351562 0.234375 0.376563 0.234375 0.376563 0.309375 0.351562 0.309375
4 0.375000 0.235937 0.400000 0.235937 0.400000 0.310937 0.375000 0.310937
4 0.401562 0.235937 0.426563 0.235937 0.426563 0.310937 0.401562 0.310937
4 0.421875 0.234375 0.446875 0.234375 0.446875 0.309375 0.421875 0.309375
4 0.448437 0.231250 0.473438 0.231250 0.473438 0.306250 0.448437 0.306250
4 0.467187 0.234375 0.492188 0.234375 0.492188 0.309375 0.467187 0.309375
4 0.493750 0.235937 0.518750 0.235937 0.518750 0.310937 0.493750 0.310937
4 0.518750 0.237500 0.543750 0.237500 0.543750 0.312500 0.518750 0.312500
4 0.542188 0.232813 0.567187 0.232813 0.567187 0.307812 0.542188 0.307812
4 0.565625 0.229687 0.590625 0.229687 0.590625 0.304688 0.565625 0.304688
4 0.589063 0.228125 0.614062 0.228125 0.614062 0.303125 0.589063 0.303125
4 0.609375 0.234375 0.634375 0.234375 0.634375 0.309375 0.609375 0.309375
4 0.045312 0.306250 0.079687 0.306250 0.079687 0.400000 0.045312 0.400000
4 0.067187 0.296875 0.101562 0.296875 0.101562 0.390625 0.067187 0.390625
4 0.098437 0.300000 0.132812 0.300000 0.132812 0.393750 0.098437 0.393750
4 0.125000 0.306250 0.159375 0.306250 0.159375 0.400000 0.125000 0.400000
4 0.145313 0.296875 0.179688 0.296875 0.179688 0.390625 0.145313 0.390625
4 0.175000 0.298438 0.209375 0.298438 0.209375 0.392188 0.175000 0.392188
4 0.204687 0.296875 0.239063 0.296875 0.239063 0.390625 0.204687 0.390625
4 0.229687 0.301563 0.264062 0.301563 0.264062 0.395313 0.229687 0.395313
4 0.251563 0.298438 0.285938 0.298438 0.285938 0.392188 0.251563 0.392188
4 0.282813 0.304688 0.317188 0.304688 0.317188 0.398438 0.282813 0.398438
4 0.307812 0.306250 0.342187 0.306250 0.342187 0.400000 0.307812 0.400000
4 0.331250 0.300000 0.365625 0.300000 0.365625 0.393750 0.331250 0.393750
4 0.360938 0.304688 0.395313 0.304688 0.395313 0.398438 0.360938 0.398438
4 0.389062 0.296875 0.423438 0.296875 0.423438 0.390625 0.389062 0.390625
4 0.410938 0.301563 0.445312 0.301563 0.445312 0.395313 0.410938 0.395313
4 0.437500 0.298438 0.471875 0.298438 0.471875 0.392188 0.437500 0.392188
4 0.467187 0.296875 0.501563 0.296875 0.501563 0.390625 0.467187 0.390625
4 0.495312 0.298438 0.529687 0.298438 0.529687 0.392188 0.495312 0.392188
4 0.517188 0.306250 0.551562 0.306250 0.551562 0.400000 0.517188 0.400000
4 0.546875 0.298438 0.581250 0.298438 0.581250 0.392188 0.546875 0.392188
4 0.575000 0.304688 0.609375 0.304688 0.609375 0.398438 0.575000 0.398438
4 0.598437 0.303125 0.632812 0.303125 0.632812 0.396875 0.598437 0.396875
4 0.629687 0.298438 0.664062 0.298438 0.664062 0.392188 0.629687 0.392188
4 0.651563 0.306250 0.685937 0.306250 0.685937 0.400000 0.651563 0.400000
4 0.679688 0.304688 0.714063 0.304688 0.714063 0.398438 0.679688 0.398438
4 0.041406 0.385156 0.074219 0.385156 0.074219 0.474219 0.041406 0.474219
4 0.075781 0.380469 0.108594 0.380469 0.108594 0.469531 0.075781 0.469531
4 0.103906 0.386719 0.136719 0.386719 0.136719 0.475781 0.103906 0.475781
4 0.133594 0.383594 0.166406 0.383594 0.166406 0.472656 0.133594 0.472656
4 0.169531 0.383594 0.202344 0.383594 0.202344 0.472656 0.169531 0.472656
4 0.200781 0.389844 0.233594 0.389844 0.233594 0.478906 0.200781 0.478906
4 0.230469 0.383594 0.263281 0.383594 0.263281 0.472656 0.230469 0.472656
4 0.263281 0.382031 0.296094 0.382031 0.296094 0.471094 0.263281 0.471094
4 0.292969 0.382031 0.325781 0.382031 0.325781 0.471094 0.292969 0.471094
4 0.325781 0.389844 0.358594 0.389844 0.358594 0.478906 0.325781 0.478906
4 0.353906 0.380469 0.386719 0.380469 0.386719 0.469531 0.353906 0.469531
4 0.383594 0.389844 0.416406 0.389844 0.416406 0.478906 0.383594 0.478906
4 0.414844 0.389844 0.447656 0.389844 0.447656 0.478906 0.414844 0.478906
4 0.449219 0.386719 0.482031 0.386719 0.482031 0.475781 0.449219 0.475781
4 0.477344 0.386719 0.510156 0.386719 0.510156 0.475781 0.477344 0.475781
4 0.510156 0.382031 0.542969 0.382031 0.542969 0.471094 0.510156 0.471094
4 0.541406 0.389844 0.574219 0.389844 0.574219 0.478906 0.541406 0.478906
4 0.575781 0.386719 0.608594 0.386719 0.608594 0.475781 0.575781 0.475781
4 0.608594 0.382031 0.641406 0.382031 0.641406 0.471094 0.608594 0.471094
4 0.639844 0.383594 0.672656 0.383594 0.672656 0.472656 0.639844 0.472656
4 0.664844 0.385156 0.697656 0.385156 0.697656 0.474219 0.664844 0.474219
4 0.696094 0.382031 0.728906 0.382031 0.728906 0.471094 0.696094 0.471094
4 0.728906 0.385156 0.761719 0.385156 0.761719 0.474219 0.728906 0.474219
4 0.764844 0.382031 0.797656 0.382031 0.797656 0.471094 0.764844 0.471094
4 0.796094 0.385156 0.828906 0.385156 0.828906 0.474219 0.796094 0.474219
4 0.040625 0.465625 0.071875 0.465625 0.071875 0.553125 0.040625 0.553125
4 0.071875 0.465625 0.103125 0.465625 0.103125 0.553125 0.071875 0.553125
4 0.103125 0.465625 0.134375 0.465625 0.134375 0.553125 0.103125 0.553125
4 0.125000 0.473438 0.156250 0.473438 0.156250 0.560937 0.125000 0.560937
4 0.156250 0.471875 0.187500 0.471875 0.187500 0.559375 0.156250 0.559375
4 0.185938 0.470313 0.217188 0.470313 0.217188 0.557813 0.185938 0.557813
4 0.214062 0.470313 0.245312 0.470313 0.245312 0.557813 0.214062 0.557813
4 0.237500 0.467187 0.268750 0.467187 0.268750 0.554688 0.237500 0.554688
4 0.267188 0.467187 0.298438 0.467187 0.298438 0.554688 0.267188 0.554688
4 0.296875 0.468750 0.328125 0.468750 0.328125 0.556250 0.296875 0.556250
4 0.326562 0.467187 0.357812 0.467187 0.357812 0.554688 0.326562 0.554688
4 0.356250 0.464062 0.387500 0.464062 0.387500 0.551562 0.356250 0.551562
4 0.379688 0.467187 0.410938 0.467187 0.410938 0.554688 0.379688 0.554688
4 0.410938 0.468750 0.442188 0.468750 0.442188 0.556250 0.410938 0.556250
4 0.437500 0.470313 0.468750 0.470313 0.468750 0.557813 0.437500 0.557813
4 0.462500 0.470313 0.493750 0.470313 0.493750 0.557813 0.462500 0.557813
4 0.492188 0.470313 0.523438 0.470313 0.523438 0.557813 0.492188 0.557813
4 0.518750 0.468750 0.550000 0.468750 0.550000 0.556250 0.518750 0.556250
4 0.546875 0.470313 0.578125 0.470313 0.578125 0.557813 0.546875 0.557813
4 0.581250 0.473438 0.612500 0.473438 0.612500 0.560937 0.581250 0.560937
4 0.607812 0.470313 0.639062 0.470313 0.639062 0.557813 0.607812 0.557813
4 0.637500 0.473438 0.668750 0.473438 0.668750 0.560937 0.637500 0.560937
4 0.665625 0.470313 0.696875 0.470313 0.696875 0.557813 0.665625 0.557813
4 0.690625 0.465625 0.721875 0.465625 0.721875 0.553125 0.690625 0.553125
4 0.718750 0.465625 0.750000 0.465625 0.750000 0.553125 0.718750 0.553125
4 0.044531 0.551562 0.077344 0.551562 0.077344 0.639062 0.044531 0.639062
4 0.069531 0.554688 0.102344 0.554688 0.102344 0.642188 0.069531 0.642188
4 0.089844 0.548438 0.122656 0.548438 0.122656 0.635938 0.089844 0.635938
4 0.114844 0.554688 0.147656 0.554688 0.147656 0.642188 0.114844 0.642188
4 0.141406 0.548438 0.174219 0.548438 0.174219 0.635938 0.141406 0.635938
4 0.169531 0.545312 0.202344 0.545312 0.202344 0.632812 0.169531 0.632812
4 0.189844 0.551562 0.222656 0.551562 0.222656 0.639062 0.189844 0.639062
4 0.217969 0.554688 0.250781 0.554688 0.250781 0.642188 0.217969 0.642188
4 0.244531 0.546875 0.277344 0.546875 0.277344 0.634375 0.244531 0.634375
4 0.267969 0.546875 0.300781 0.546875 0.300781 0.634375 0.267969 0.634375
4 0.291406 0.546875 0.324219 0.546875 0.324219 0.634375 0.291406 0.634375
4 0.317969 0.545312 0.350781 0.545312 0.350781 0.632812 0.317969 0.632812
4 0.344531 0.551562 0.377344 0.551562 0.377344 0.639062 0.344531 0.639062
4 0.369531 0.551562 0.402344 0.551562 0.402344 0.639062 0.369531 0.639062
4 0.394531 0.548438 0.427344 0.548438 0.427344 0.635938 0.394531 0.635938
4 0.419531 0.550000 0.452344 0.550000 0.452344 0.637500 0.419531 0.637500
4 0.444531 0.551562 0.477344 0.551562 0.477344 0.639062 0.444531 0.639062
4 0.466406 0.546875 0.499219 0.546875 0.499219 0.634375 0.466406 0.634375
4 0.494531 0.550000 0.527344 0.550000 0.527344 0.637500 0.494531 0.637500
4 0.521094 0.548438 0.553906 0.548438 0.553906 0.635938 0.521094 0.635938
4 0.544531 0.553125 0.577344 0.553125 0.577344 0.640625 0.544531 0.640625
4 0.567969 0.554688 0.600781 0.554688 0.600781 0.642188 0.567969 0.642188
4 0.596094 0.548438 0.628906 0.548438 0.628906 0.635938 0.596094 0.635938
4 0.616406 0.554688 0.649219 0.554688 0.649219 0.642188 0.616406 0.642188
4 0.639844 0.548438 0.672656 0.548438 0.672656 0.635938 0.639844 0.635938