2 0.061719 0.102344 0.069531 0.102344 0.069531 0.119531 0.061719 0.119531
2 0.074219 0.094531 0.082031 0.094531 0.082031 0.111719 0.074219 0.111719
2 0.088281 0.094531 0.096094 0.094531 0.096094 0.111719 0.088281 0.111719
2 0.096094 0.103906 0.103906 0.103906 0.103906 0.121094 0.096094 0.121094
2 0.107031 0.102344 0.114844 0.102344 0.114844 0.119531 0.107031 0.119531
2 0.125781 0.097656 0.133594 0.097656 0.133594 0.114844 0.125781 0.114844
2 0.138281 0.100781 0.146094 0.100781 0.146094 0.117969 0.138281 0.117969
2 0.144531 0.099219 0.152344 0.099219 0.152344 0.116406 0.144531 0.116406
2 0.157031 0.094531 0.164844 0.094531 0.164844 0.111719 0.157031 0.111719
2 0.175781 0.097656 0.183594 0.097656 0.183594 0.114844 0.175781 0.114844
2 0.188281 0.102344 0.196094 0.102344 0.196094 0.119531 0.188281 0.119531
2 0.197656 0.099219 0.205469 0.099219 0.205469 0.116406 0.197656 0.116406
2 0.213281 0.096094 0.221094 0.096094 0.221094 0.113281 0.213281 0.113281
2 0.219531 0.103906 0.227344 0.103906 0.227344 0.121094 0.219531 0.121094
2 0.235156 0.103906 0.242969 0.103906 0.242969 0.121094 0.235156 0.121094
2 0.247656 0.102344 0.255469 0.102344 0.255469 0.119531 0.247656 0.119531
2 0.258594 0.102344 0.266406 0.102344 0.266406 0.119531 0.258594 0.119531
2 0.269531 0.102344 0.277344 0.102344 0.277344 0.119531 0.269531 0.119531
2 0.283594 0.102344 0.291406 0.102344 0.291406 0.119531 0.283594 0.119531
2 0.294531 0.102344 0.302344 0.102344 0.302344 0.119531 0.294531 0.119531
2 0.308594 0.097656 0.316406 0.097656 0.316406 0.114844 0.308594 0.114844
2 0.322656 0.100781 0.330469 0.100781 0.330469 0.117969 0.322656 0.117969
2 0.333594 0.099219 0.341406 0.099219 0.341406 0.116406 0.333594 0.116406
2 0.346094 0.100781 0.353906 0.100781 0.353906 0.117969 0.346094 0.117969
2 0.361719 0.102344 0.369531 0.102344 0.369531 0.119531 0.361719 0.119531
2 0.060156 0.112500 0.067969 0.112500 0.067969 0.125000 0.060156 0.125000
2 0.069531 0.112500 0.077344 0.112500 0.077344 0.125000 0.069531 0.125000
2 0.083594 0.115625 0.091406 0.115625 0.091406 0.128125 0.083594 0.128125
2 0.097656 0.120313 0.105469 0.120313 0.105469 0.132812 0.097656 0.132812
2 0.107031 0.118750 0.114844 0.118750 0.114844 0.131250 0.107031 0.131250
2 0.124219 0.121875 0.132031 0.121875 0.132031 0.134375 0.124219 0.134375
2 0.138281 0.115625 0.146094 0.115625 0.146094 0.128125 0.138281 0.128125
2 0.150781 0.120313 0.158594 0.120313 0.158594 0.132812 0.150781 0.132812
2 0.157031 0.118750 0.164844 0.118750 0.164844 0.131250 0.157031 0.131250
2 0.174219 0.112500 0.182031 0.112500 0.182031 0.125000 0.174219 0.125000
2 0.186719 0.121875 0.194531 0.121875 0.194531 0.134375 0.186719 0.134375
2 0.199219 0.115625 0.207031 0.115625 0.207031 0.128125 0.199219 0.128125
2 0.211719 0.120313 0.219531 0.120313 0.219531 0.132812 0.211719 0.132812
2 0.224219 0.112500 0.232031 0.112500 0.232031 0.125000 0.224219 0.125000
2 0.236719 0.121875 0.244531 0.121875 0.244531 0.134375 0.236719 0.134375
2 0.246094 0.112500 0.253906 0.112500 0.253906 0.125000 0.246094 0.125000
2 0.260156 0.114062 0.267969 0.114062 0.267969 0.126562 0.260156 0.126562
2 0.274219 0.112500 0.282031 0.112500 0.282031 0.125000 0.274219 0.125000
2 0.285156 0.117188 0.292969 0.117188 0.292969 0.129688 0.285156 0.129688
2 0.296094 0.115625 0.303906 0.115625 0.303906 0.128125 0.296094 0.128125
2 0.307031 0.120313 0.314844 0.120313 0.314844 0.132812 0.307031 0.132812
2 0.322656 0.112500 0.330469 0.112500 0.330469 0.125000 0.322656 0.125000
2 0.333594 0.114062 0.341406 0.114062 0.341406 0.126562 0.333594 0.126562
2 0.350781 0.118750 0.358594 0.118750 0.358594 0.131250 0.350781 0.131250
2 0.360156 0.115625 0.367969 0.115625 0.367969 0.128125 0.360156 0.128125