4 0.012500 0.037500 0.037500 0.037500 0.037500 0.109375 0.012500 0.109375
4 0.034375 0.032813 0.059375 0.032813 0.059375 0.104688 0.034375 0.104688
4 0.054688 0.032813 0.079687 0.032813 0.079687 0.104688 0.054688 0.104688
4 0.073438 0.029687 0.098437 0.029687 0.098437 0.101562 0.073438 0.101562
4 0.090625 0.035937 0.115625 0.035937 0.115625 0.107813 0.090625 0.107813
4 0.117188 0.029687 0.142187 0.029687 0.142187 0.101562 0.117188 0.101562
4 0.134375 0.035937 0.159375 0.035937 0.159375 0.107813 0.134375 0.107813
4 0.156250 0.034375 0.181250 0.034375 0.181250 0.106250 0.156250 0.106250
4 0.175000 0.037500 0.200000 0.037500 0.200000 0.109375 0.175000 0.109375
4 0.195312 0.032813 0.220312 0.032813 0.220312 0.104688 0.195312 0.104688
4 0.215625 0.031250 0.240625 0.031250 0.240625 0.103125 0.215625 0.103125
4 0.234375 0.032813 0.259375 0.032813 0.259375 0.104688 0.234375 0.104688
4 0.257812 0.032813 0.282813 0.032813 0.282813 0.104688 0.257812 0.104688
4 0.275000 0.035937 0.300000 0.035937 0.300000 0.107813 0.275000 0.107813
4 0.300000 0.035937 0.325000 0.035937 0.325000 0.107813 0.300000 0.107813
4 0.314063 0.037500 0.339062 0.037500 0.339062 0.109375 0.314063 0.109375
4 0.340625 0.032813 0.365625 0.032813 0.365625 0.104688 0.340625 0.104688
4 0.360938 0.035937 0.385937 0.035937 0.385937 0.107813 0.360938 0.107813
4 0.379688 0.032813 0.404687 0.032813 0.404687 0.104688 0.379688 0.104688
4 0.398438 0.031250 0.423438 0.031250 0.423438 0.103125 0.398438 0.103125
4 0.417187 0.039062 0.442188 0.039062 0.442188 0.110937 0.417187 0.110937
4 0.435937 0.037500 0.460938 0.037500 0.460938 0.109375 0.435937 0.109375
4 0.462500 0.039062 0.487500 0.039062 0.487500 0.110937 0.462500 0.110937
4 0.481250 0.032813 0.506250 0.032813 0.506250 0.104688 0.481250 0.104688
4 0.500000 0.031250 0.525000 0.031250 0.525000 0.103125 0.500000 0.103125
4 0.008594 0.084375 0.044531 0.084375 0.044531 0.181250 0.008594 0.181250
4 0.033594 0.084375 0.069531 0.084375 0.069531 0.181250 0.033594 0.181250
4 0.066406 0.092188 0.102344 0.092188 0.102344 0.189062 0.066406 0.189062
4 0.094531 0.089063 0.130469 0.089063 0.130469 0.185938 0.094531 0.185938
4 0.122656 0.092188 0.158594 0.092188 0.158594 0.189062 0.122656 0.189062
4 0.158594 0.089063 0.194531 0.089063 0.194531 0.185938 0.158594 0.185938
4 0.183594 0.085938 0.219531 0.085938 0.219531 0.182812 0.183594 0.182812
4 0.211719 0.092188 0.247656 0.092188 0.247656 0.189062 0.211719 0.189062
4 0.242969 0.090625 0.278906 0.090625 0.278906 0.187500 0.242969 0.187500
4 0.277344 0.093750 0.313281 0.093750 0.313281 0.190625 0.277344 0.190625
4 0.303906 0.089063 0.339844 0.089063 0.339844 0.185938 0.303906 0.185938
4 0.335156 0.092188 0.371094 0.092188 0.371094 0.189062 0.335156 0.189062
4 0.360156 0.087500 0.396094 0.087500 0.396094 0.184375 0.360156 0.184375
4 0.389844 0.084375 0.425781 0.084375 0.425781 0.181250 0.389844 0.181250
4 0.419531 0.085938 0.455469 0.085938 0.455469 0.182812 0.419531 0.182812
4 0.453906 0.087500 0.489844 0.087500 0.489844 0.184375 0.453906 0.184375
4 0.480469 0.093750 0.516406 0.093750 0.516406 0.190625 0.480469 0.190625
4 0.510156 0.093750 0.546094 0.093750 0.546094 0.190625 0.510156 0.190625
4 0.544531 0.089063 0.580469 0.089063 0.580469 0.185938 0.544531 0.185938
4 0.567969 0.090625 0.603906 0.090625 0.603906 0.187500 0.567969 0.187500
4 0.597656 0.084375 0.633594 0.084375 0.633594 0.181250 0.597656 0.181250
4 0.630469 0.090625 0.666406 0.090625 0.666406 0.187500 0.630469 0.187500
4 0.660156 0.085938 0.696094 0.085938 0.696094 0.182812 0.660156 0.182812
4 0.689844 0.084375 0.725781 0.084375 0.725781 0.181250 0.689844 0.181250
4 0.716406 0.085938 0.752344 0.085938 0.752344 0.182812 0.716406 0.182812
4 0.010937 0.184375 0.042188 0.184375 0.042188 0.275000 0.010937 0.275000
4 0.039062 0.190625 0.070312 0.190625 0.070312 0.281250 0.039062 0.281250
4 0.060937 0.192188 0.092188 0.192188 0.092188 0.282813 0.060937 0.282813
4 0.085938 0.189062 0.117188 0.189062 0.117188 0.279687 0.085938 0.279687
4 0.115625 0.190625 0.146875 0.190625 0.146875 0.281250 0.115625 0.281250
4 0.145313 0.189062 0.176563 0.189062 0.176563 0.279687 0.145313 0.279687
4 0.167187 0.190625 0.198437 0.190625 0.198437 0.281250 0.167187 0.281250
4 0.193750 0.189062 0.225000 0.189062 0.225000 0.279687 0.193750 0.279687
4 0.225000 0.189062 0.256250 0.189062 0.256250 0.279687 0.225000 0.279687
4 0.246875 0.182812 0.278125 0.182812 0.278125 0.273438 0.246875 0.273438
4 0.273438 0.185938 0.304688 0.185938 0.304688 0.276562 0.273438 0.276562
4 0.301563 0.189062 0.332813 0.189062 0.332813 0.279687 0.301563 0.279687
4 0.331250 0.189062 0.362500 0.189062 0.362500 0.279687 0.331250 0.279687
4 0.351562 0.190625 0.382812 0.190625 0.382812 0.281250 0.351562 0.281250
4 0.378125 0.182812 0.409375 0.182812 0.409375 0.273438 0.378125 0.273438
4 0.407813 0.187500 0.439063 0.187500 0.439063 0.278125 0.407813 0.278125
4 0.437500 0.187500 0.468750 0.187500 0.468750 0.278125 0.437500 0.278125
4 0.457813 0.182812 0.489063 0.182812 0.489063 0.273438 0.457813 0.273438
4 0.487500 0.192188 0.518750 0.192188 0.518750 0.282813 0.487500 0.282813
4 0.514062 0.187500 0.545312 0.187500 0.545312 0.278125 0.514062 0.278125
4 0.540625 0.185938 0.571875 0.185938 0.571875 0.276562 0.540625 0.276562
4 0.565625 0.192188 0.596875 0.192188 0.596875 0.282813 0.565625 0.282813
4 0.593750 0.189062 0.625000 0.189062 0.625000 0.279687 0.593750 0.279687
4 0.621875 0.187500 0.653125 0.187500 0.653125 0.278125 0.621875 0.278125
4 0.645312 0.192188 0.676562 0.192188 0.676562 0.282813 0.645312 0.282813
4 0.003906 0.264062 0.039844 0.264062 0.039844 0.367188 0.003906 0.367188
4 0.036719 0.262500 0.072656 0.262500 0.072656 0.365625 0.036719 0.365625
4 0.064844 0.264062 0.100781 0.264062 0.100781 0.367188 0.064844 0.367188
4 0.089844 0.267188 0.125781 0.267188 0.125781 0.370312 0.089844 0.370312
4 0.117969 0.270313 0.153906 0.270313 0.153906 0.373437 0.117969 0.373437
4 0.147656 0.271875 0.183594 0.271875 0.183594 0.375000 0.147656 0.375000
4 0.175781 0.262500 0.211719 0.262500 0.211719 0.365625 0.175781 0.365625
4 0.202344 0.268750 0.238281 0.268750 0.238281 0.371875 0.202344 0.371875
4 0.233594 0.268750 0.269531 0.268750 0.269531 0.371875 0.233594 0.371875
4 0.257031 0.271875 0.292969 0.271875 0.292969 0.375000 0.257031 0.375000
4 0.288281 0.262500 0.324219 0.262500 0.324219 0.365625 0.288281 0.365625
4 0.314844 0.262500 0.350781 0.262500 0.350781 0.365625 0.314844 0.365625
4 0.344531 0.268750 0.380469 0.268750 0.380469 0.371875 0.344531 0.371875
4 0.375781 0.271875 0.411719 0.271875 0.411719 0.375000 0.375781 0.375000
4 0.397656 0.270313 0.433594 0.270313 0.433594 0.373437 0.397656 0.373437
4 0.428906 0.270313 0.464844 0.270313 0.464844 0.373437 0.428906 0.373437
4 0.458594 0.265625 0.494531 0.265625 0.494531 0.368750 0.458594 0.368750
4 0.488281 0.270313 0.524219 0.270313 0.524219 0.373437 0.488281 0.373437
4 0.511719 0.271875 0.547656 0.271875 0.547656 0.375000 0.511719 0.375000
4 0.541406 0.268750 0.577344 0.268750 0.577344 0.371875 0.541406 0.371875
4 0.567969 0.267188 0.603906 0.267188 0.603906 0.370312 0.567969 0.370312
4 0.600781 0.268750 0.636719 0.268750 0.636719 0.371875 0.600781 0.371875
4 0.628906 0.268750 0.664844 0.268750 0.664844 0.371875 0.628906 0.371875
4 0.650781 0.267188 0.686719 0.267188 0.686719 0.370312 0.650781 0.370312
4 0.683594 0.265625 0.719531 0.265625 0.719531 0.368750 0.683594 0.368750
4 0.010156 0.358594 0.046094 0.358594 0.046094 0.463281 0.010156 0.463281
4 0.039844 0.357031 0.075781 0.357031 0.075781 0.461719 0.039844 0.461719
4 0.066406 0.361719 0.102344 0.361719 0.102344 0.466406 0.066406 0.466406
4 0.092969 0.358594 0.128906 0.358594 0.128906 0.463281 0.092969 0.463281
4 0.122656 0.353906 0.158594 0.353906 0.158594 0.458594 0.122656 0.458594
4 0.152344 0.355469 0.188281 0.355469 0.188281 0.460156 0.152344 0.460156
4 0.188281 0.352344 0.224219 0.352344 0.224219 0.457031 0.188281 0.457031
4 0.214844 0.355469 0.250781 0.355469 0.250781 0.460156 0.214844 0.460156
4 0.241406 0.357031 0.277344 0.357031 0.277344 0.461719 0.241406 0.461719
4 0.277344 0.360156 0.313281 0.360156 0.313281 0.464844 0.277344 0.464844
4 0.300781 0.352344 0.336719 0.352344 0.336719 0.457031 0.300781 0.457031
4 0.330469 0.355469 0.366406 0.355469 0.366406 0.460156 0.330469 0.460156
4 0.366406 0.358594 0.402344 0.358594 0.402344 0.463281 0.366406 0.463281
4 0.396094 0.358594 0.432031 0.358594 0.432031 0.463281 0.396094 0.463281
4 0.424219 0.361719 0.460156 0.361719 0.460156 0.466406 0.424219 0.466406
4 0.455469 0.353906 0.491406 0.353906 0.491406 0.458594 0.455469 0.458594
4 0.480469 0.353906 0.516406 0.353906 0.516406 0.458594 0.480469 0.458594
4 0.510156 0.355469 0.546094 0.355469 0.546094 0.460156 0.510156 0.460156
4 0.544531 0.360156 0.580469 0.360156 0.580469 0.464844 0.544531 0.464844
4 0.571094 0.360156 0.607031 0.360156 0.607031 0.464844 0.571094 0.464844
4 0.600781 0.358594 0.636719 0.358594 0.636719 0.463281 0.600781 0.463281
4 0.633594 0.360156 0.669531 0.360156 0.669531 0.464844 0.633594 0.464844
4 0.657031 0.361719 0.692969 0.361719 0.692969 0.466406 0.657031 0.466406
4 0.689844 0.360156 0.725781 0.360156 0.725781 0.464844 0.689844 0.464844
4 0.722656 0.353906 0.758594 0.353906 0.758594 0.458594 0.722656 0.458594
4 0.000000 0.447656 0.043750 0.447656 0.043750 0.564844 0.000000 0.564844
4 0.042188 0.449219 0.085938 0.449219 0.085938 0.566406 0.042188 0.566406
4 0.089063 0.449219 0.132812 0.449219 0.132812 0.566406 0.089063 0.566406
4 0.132812 0.450781 0.176563 0.450781 0.176563 0.567969 0.132812 0.567969
4 0.170313 0.444531 0.214062 0.444531 0.214062 0.561719 0.170313 0.561719
4 0.210938 0.447656 0.254688 0.447656 0.254688 0.564844 0.210938 0.564844
4 0.257812 0.446094 0.301563 0.446094 0.301563 0.563281 0.257812 0.563281
4 0.300000 0.447656 0.343750 0.447656 0.343750 0.564844 0.300000 0.564844
4 0.339062 0.450781 0.382812 0.450781 0.382812 0.567969 0.339062 0.567969
4 0.384375 0.452344 0.428125 0.452344 0.428125 0.569531 0.384375 0.569531
4 0.425000 0.450781 0.468750 0.450781 0.468750 0.567969 0.425000 0.567969
4 0.468750 0.453906 0.512500 0.453906 0.512500 0.571094 0.468750 0.571094
4 0.506250 0.447656 0.550000 0.447656 0.550000 0.564844 0.506250 0.564844
4 0.548438 0.447656 0.592187 0.447656 0.592187 0.564844 0.548438 0.564844
4 0.592187 0.452344 0.635938 0.452344 0.635938 0.569531 0.592187 0.569531
4 0.635938 0.450781 0.679688 0.450781 0.679688 0.567969 0.635938 0.567969
4 0.679688 0.444531 0.723437 0.444531 0.723437 0.561719 0.679688 0.561719
4 0.721875 0.452344 0.765625 0.452344 0.765625 0.569531 0.721875 0.569531
4 0.760938 0.446094 0.804688 0.446094 0.804688 0.563281 0.760938 0.563281
4 0.807813 0.453906 0.851562 0.453906 0.851562 0.571094 0.807813 0.571094
4 0.848437 0.450781 0.892188 0.450781 0.892188 0.567969 0.848437 0.567969
4 0.892188 0.444531 0.935937 0.444531 0.935937 0.561719 0.892188 0.561719
4 0.010156 0.557031 0.042969 0.557031 0.042969 0.652344 0.010156 0.652344
4 0.035156 0.555469 0.067969 0.555469 0.067969 0.650781 0.035156 0.650781
4 0.060156 0.563281 0.092969 0.563281 0.092969 0.658594 0.060156 0.658594
4 0.083594 0.560156 0.116406 0.560156 0.116406 0.655469 0.083594 0.655469
4 0.110156 0.555469 0.142969 0.555469 0.142969 0.650781 0.110156 0.650781
4 0.136719 0.557031 0.169531 0.557031 0.169531 0.652344 0.136719 0.652344
4 0.161719 0.555469 0.194531 0.555469 0.194531 0.650781 0.161719 0.650781
4 0.186719 0.558594 0.219531 0.558594 0.219531 0.653906 0.186719 0.653906
4 0.210156 0.560156 0.242969 0.560156 0.242969 0.655469 0.210156 0.655469
4 0.232031 0.557031 0.264844 0.557031 0.264844 0.652344 0.232031 0.652344
4 0.258594 0.560156 0.291406 0.560156 0.291406 0.655469 0.258594 0.655469
4 0.283594 0.561719 0.316406 0.561719 0.316406 0.657031 0.283594 0.657031
4 0.305469 0.557031 0.338281 0.557031 0.338281 0.652344 0.305469 0.652344
4 0.330469 0.560156 0.363281 0.560156 0.363281 0.655469 0.330469 0.655469
4 0.360156 0.555469 0.392969 0.555469 0.392969 0.650781 0.360156 0.650781
4 0.383594 0.558594 0.416406 0.558594 0.416406 0.653906 0.383594 0.653906
4 0.407031 0.563281 0.439844 0.563281 0.439844 0.658594 0.407031 0.658594
4 0.430469 0.558594 0.463281 0.558594 0.463281 0.653906 0.430469 0.653906
4 0.455469 0.560156 0.488281 0.560156 0.488281 0.655469 0.455469 0.655469
4 0.486719 0.558594 0.519531 0.558594 0.519531 0.653906 0.486719 0.653906
4 0.508594 0.564844 0.541406 0.564844 0.541406 0.660156 0.508594 0.660156
4 0.532031 0.560156 0.564844 0.560156 0.564844 0.655469 0.532031 0.655469
4 0.555469 0.558594 0.588281 0.558594 0.588281 0.653906 0.555469 0.653906
4 0.580469 0.563281 0.613281 0.563281 0.613281 0.658594 0.580469 0.658594
4 0.611719 0.558594 0.644531 0.558594 0.644531 0.653906 0.611719 0.653906
4 0.010156 0.647656 0.046094 0.647656 0.046094 0.749219 0.010156 0.749219
4 0.041406 0.642969 0.077344 0.642969 0.077344 0.744531 0.041406 0.744531
4 0.072656 0.652344 0.108594 0.652344 0.108594 0.753906 0.072656 0.753906
4 0.108594 0.649219 0.144531 0.649219 0.144531 0.750781 0.108594 0.750781
4 0.136719 0.642969 0.172656 0.642969 0.172656 0.744531 0.136719 0.744531
4 0.171094 0.647656 0.207031 0.647656 0.207031 0.749219 0.171094 0.749219
4 0.202344 0.650781 0.238281 0.650781 0.238281 0.752344 0.202344 0.752344
4 0.233594 0.647656 0.269531 0.647656 0.269531 0.749219 0.233594 0.749219
4 0.269531 0.644531 0.305469 0.644531 0.305469 0.746094 0.269531 0.746094
4 0.300781 0.646094 0.336719 0.646094 0.336719 0.747656 0.300781 0.747656
4 0.338281 0.646094 0.374219 0.646094 0.374219 0.747656 0.338281 0.747656
4 0.369531 0.644531 0.405469 0.644531 0.405469 0.746094 0.369531 0.746094
4 0.402344 0.647656 0.438281 0.647656 0.438281 0.749219 0.402344 0.749219
4 0.433594 0.644531 0.469531 0.644531 0.469531 0.746094 0.433594 0.746094
4 0.463281 0.649219 0.499219 0.649219 0.499219 0.750781 0.463281 0.750781
4 0.502344 0.647656 0.538281 0.647656 0.538281 0.749219 0.502344 0.749219
4 0.533594 0.646094 0.569531 0.646094 0.569531 0.747656 0.533594 0.747656
4 0.561719 0.650781 0.597656 0.650781 0.597656 0.752344 0.561719 0.752344
4 0.600781 0.652344 0.636719 0.652344 0.636719 0.753906 0.600781 0.753906
4 0.627344 0.650781 0.663281 0.650781 0.663281 0.752344 0.627344 0.752344
4 0.664844 0.646094 0.700781 0.646094 0.700781 0.747656 0.664844 0.747656
4 0.694531 0.642969 0.730469 0.642969 0.730469 0.744531 0.694531 0.744531
4 0.732031 0.646094 0.767969 0.646094 0.767969 0.747656 0.732031 0.747656
4 0.761719 0.644531 0.797656 0.644531 0.797656 0.746094 0.761719 0.746094
4 0.797656 0.642969 0.833594 0.642969 0.833594 0.744531 0.797656 0.744531
4 0.010156 0.750000 0.046094 0.750000 0.046094 0.853125 0.010156 0.853125
4 0.042969 0.742188 0.078906 0.742188 0.078906 0.845313 0.042969 0.845313
4 0.077344 0.750000 0.113281 0.750000 0.113281 0.853125 0.077344 0.853125
4 0.110156 0.748437 0.146094 0.748437 0.146094 0.851562 0.110156 0.851562
4 0.141406 0.751563 0.177344 0.751563 0.177344 0.854688 0.141406 0.854688
4 0.177344 0.751563 0.213281 0.751563 0.213281 0.854688 0.177344 0.854688
4 0.214844 0.751563 0.250781 0.751563 0.250781 0.854688 0.214844 0.854688
4 0.246094 0.745313 0.282031 0.745313 0.282031 0.848437 0.246094 0.848437
4 0.278906 0.751563 0.314844 0.751563 0.314844 0.854688 0.278906 0.854688
4 0.319531 0.750000 0.355469 0.750000 0.355469 0.853125 0.319531 0.853125
4 0.347656 0.748437 0.383594 0.748437 0.383594 0.851562 0.347656 0.851562
4 0.388281 0.748437 0.424219 0.748437 0.424219 0.851562 0.388281 0.851562
4 0.421094 0.745313 0.457031 0.745313 0.457031 0.848437 0.421094 0.848437
4 0.450781 0.742188 0.486719 0.742188 0.486719 0.845313 0.450781 0.845313
4 0.485156 0.748437 0.521094 0.748437 0.521094 0.851562 0.485156 0.851562
4 0.524219 0.751563 0.560156 0.751563 0.560156 0.854688 0.524219 0.854688
4 0.555469 0.743750 0.591406 0.743750 0.591406 0.846875 0.555469 0.846875
4 0.594531 0.750000 0.630469 0.750000 0.630469 0.853125 0.594531 0.853125
4 0.622656 0.746875 0.658594 0.746875 0.658594 0.850000 0.622656 0.850000
4 0.657031 0.742188 0.692969 0.742188 0.692969 0.845313 0.657031 0.845313
4 0.694531 0.745313 0.730469 0.745313 0.730469 0.848437 0.694531 0.848437
4 0.732031 0.748437 0.767969 0.748437 0.767969 0.851562 0.732031 0.851562
4 0.764844 0.750000 0.800781 0.750000 0.800781 0.853125 0.764844 0.853125
4 0.796094 0.746875 0.832031 0.746875 0.832031 0.850000 0.796094 0.850000
4 0.828906 0.745313 0.864844 0.745313 0.864844 0.848437 0.828906 0.848437
4 0.008594 0.870313 0.035156 0.870313 0.035156 0.945312 0.008594 0.945312
4 0.036719 0.870313 0.063281 0.870313 0.063281 0.945312 0.036719 0.945312
4 0.058594 0.871875 0.085156 0.871875 0.085156 0.946875 0.058594 0.946875
4 0.078906 0.865625 0.105469 0.865625 0.105469 0.940625 0.078906 0.940625
4 0.096094 0.871875 0.122656 0.871875 0.122656 0.946875 0.096094 0.946875
4 0.119531 0.870313 0.146094 0.870313 0.146094 0.945312 0.119531 0.945312
4 0.141406 0.864062 0.167969 0.864062 0.167969 0.939063 0.141406 0.939063
4 0.163281 0.870313 0.189844 0.870313 0.189844 0.945312 0.163281 0.945312
4 0.183594 0.871875 0.210156 0.871875 0.210156 0.946875 0.183594 0.946875
4 0.211719 0.870313 0.238281 0.870313 0.238281 0.945312 0.211719 0.945312
4 0.230469 0.864062 0.257031 0.864062 0.257031 0.939063 0.230469 0.939063
4 0.255469 0.862500 0.282031 0.862500 0.282031 0.937500 0.255469 0.937500
4 0.274219 0.868750 0.300781 0.868750 0.300781 0.943750 0.274219 0.943750
4 0.296094 0.871875 0.322656 0.871875 0.322656 0.946875 0.296094 0.946875
4 0.319531 0.867188 0.346094 0.867188 0.346094 0.942187 0.319531 0.942187
4 0.339844 0.862500 0.366406 0.862500 0.366406 0.937500 0.339844 0.937500
4 0.358594 0.867188 0.385156 0.867188 0.385156 0.942187 0.358594 0.942187
4 0.382031 0.862500 0.408594 0.862500 0.408594 0.937500 0.382031 0.937500
4 0.402344 0.865625 0.428906 0.865625 0.428906 0.940625 0.402344 0.940625
4 0.430469 0.870313 0.457031 0.870313 0.457031 0.945312 0.430469 0.945312
4 0.449219 0.864062 0.475781 0.864062 0.475781 0.939063 0.449219 0.939063
4 0.469531 0.871875 0.496094 0.871875 0.496094 0.946875 0.469531 0.946875
4 0.496094 0.865625 0.522656 0.865625 0.522656 0.940625 0.496094 0.940625
4 0.513281 0.871875 0.539844 0.871875 0.539844 0.946875 0.513281 0.946875
4 0.536719 0.871875 0.563281 0.871875 0.563281 0.946875 0.536719 0.946875