1 0.064844 0.055469 0.072656 0.055469 0.072656 0.063281 0.064844 0.063281
1 0.075781 0.046094 0.083594 0.046094 0.083594 0.053906 0.075781 0.053906
1 0.091406 0.050781 0.099219 0.050781 0.099219 0.058594 0.091406 0.058594
1 0.097656 0.055469 0.105469 0.055469 0.105469 0.063281 0.097656 0.063281
1 0.114844 0.049219 0.122656 0.049219 0.122656 0.057031 0.114844 0.057031
1 0.124219 0.053906 0.132031 0.053906 0.132031 0.061719 0.124219 0.061719
1 0.135156 0.046094 0.142969 0.046094 0.142969 0.053906 0.135156 0.053906
1 0.153906 0.047656 0.161719 0.047656 0.161719 0.055469 0.153906 0.055469
1 0.166406 0.050781 0.174219 0.050781 0.174219 0.058594 0.166406 0.058594
1 0.174219 0.046094 0.182031 0.046094 0.182031 0.053906 0.174219 0.053906
1 0.186719 0.052344 0.194531 0.052344 0.194531 0.060156 0.186719 0.060156
1 0.197656 0.052344 0.205469 0.052344 0.205469 0.060156 0.197656 0.060156
1 0.213281 0.049219 0.221094 0.049219 0.221094 0.057031 0.213281 0.057031
1 0.224219 0.046094 0.232031 0.046094 0.232031 0.053906 0.224219 0.053906
1 0.239844 0.053906 0.247656 0.053906 0.247656 0.061719 0.239844 0.061719
1 0.253906 0.052344 0.261719 0.052344 0.261719 0.060156 0.253906 0.060156
1 0.261719 0.050781 0.269531 0.050781 0.269531 0.058594 0.261719 0.058594
1 0.277344 0.052344 0.285156 0.052344 0.285156 0.060156 0.277344 0.060156
1 0.285156 0.046094 0.292969 0.046094 0.292969 0.053906 0.285156 0.053906
1 0.302344 0.052344 0.310156 0.052344 0.310156 0.060156 0.302344 0.060156
1 0.316406 0.055469 0.324219 0.055469 0.324219 0.063281 0.316406 0.063281
1 0.327344 0.053906 0.335156 0.053906 0.335156 0.061719 0.327344 0.061719
1 0.338281 0.046094 0.346094 0.046094 0.346094 0.053906 0.338281 0.053906
1 0.349219 0.052344 0.357031 0.052344 0.357031 0.060156 0.349219 0.060156
1 0.360156 0.050781 0.367969 0.050781 0.367969 0.058594 0.360156 0.058594
1 0.060937 0.064062 0.070312 0.064062 0.070312 0.073438 0.060937 0.073438
1 0.078125 0.059375 0.087500 0.059375 0.087500 0.068750 0.078125 0.068750
1 0.085938 0.060937 0.095312 0.060937 0.095312 0.070312 0.085938 0.070312
1 0.101562 0.067187 0.110937 0.067187 0.110937 0.076563 0.101562 0.076563
1 0.112500 0.059375 0.121875 0.059375 0.121875 0.068750 0.112500 0.068750
1 0.123438 0.062500 0.132812 0.062500 0.132812 0.071875 0.123438 0.071875
1 0.139063 0.065625 0.148438 0.065625 0.148438 0.075000 0.139063 0.075000
1 0.146875 0.064062 0.156250 0.064062 0.156250 0.073438 0.146875 0.073438
1 0.164062 0.065625 0.173437 0.065625 0.173437 0.075000 0.164062 0.075000
1 0.171875 0.064062 0.181250 0.064062 0.181250 0.073438 0.171875 0.073438
1 0.189062 0.067187 0.198437 0.067187 0.198437 0.076563 0.189062 0.076563
1 0.196875 0.065625 0.206250 0.065625 0.206250 0.075000 0.196875 0.075000
1 0.214062 0.065625 0.223438 0.065625 0.223438 0.075000 0.214062 0.075000
1 0.223438 0.067187 0.232813 0.067187 0.232813 0.076563 0.223438 0.076563
1 0.239063 0.057813 0.248438 0.057813 0.248438 0.067187 0.239063 0.067187
1 0.248438 0.067187 0.257812 0.067187 0.257812 0.076563 0.248438 0.076563
1 0.259375 0.060937 0.268750 0.060937 0.268750 0.070312 0.259375 0.070312
1 0.273438 0.065625 0.282813 0.065625 0.282813 0.075000 0.273438 0.075000
1 0.287500 0.059375 0.296875 0.059375 0.296875 0.068750 0.287500 0.068750
1 0.298438 0.064062 0.307812 0.064062 0.307812 0.073438 0.298438 0.073438
1 0.312500 0.067187 0.321875 0.067187 0.321875 0.076563 0.312500 0.076563
1 0.321875 0.059375 0.331250 0.059375 0.331250 0.068750 0.321875 0.068750
1 0.339062 0.057813 0.348438 0.057813 0.348438 0.067187 0.339062 0.067187
1 0.350000 0.064062 0.359375 0.064062 0.359375 0.073438 0.350000 0.073438
1 0.365625 0.067187 0.375000 0.067187 0.375000 0.076563 0.365625 0.076563