4 0.017188 0.037500 0.032813 0.037500 0.032813 0.084375 0.017188 0.084375
4 0.042446 0.040172 0.055839 0.048219 0.031697 0.088399 0.018303 0.080351
4 0.062720 0.055470 0.070056 0.069267 0.028668 0.091273 0.021332 0.077477
4 0.058069 0.069267 0.065405 0.055470 0.106793 0.077477 0.099457 0.091273
4 0.072286 0.048219 0.085679 0.040172 0.109822 0.080351 0.096428 0.088399
4 0.095312 0.037500 0.110937 0.037500 0.110937 0.084375 0.095312 0.084375
4 0.120571 0.040172 0.133964 0.048219 0.109822 0.088399 0.096428 0.080351
4 0.140845 0.055470 0.148181 0.069267 0.106793 0.091273 0.099457 0.077477
4 0.136194 0.069267 0.143530 0.055470 0.184918 0.077477 0.177582 0.091273
4 0.150411 0.048219 0.163804 0.040172 0.187947 0.080351 0.174553 0.088399
4 0.173437 0.037500 0.189062 0.037500 0.189062 0.084375 0.173437 0.084375
4 0.198696 0.040172 0.212089 0.048219 0.187947 0.088399 0.174553 0.080351
4 0.218970 0.055470 0.226306 0.069267 0.184918 0.091273 0.177582 0.077477
4 0.214319 0.069267 0.221655 0.055470 0.263043 0.077477 0.255707 0.091273
4 0.228536 0.048219 0.241929 0.040172 0.266072 0.080351 0.252678 0.088399
4 0.251563 0.037500 0.267188 0.037500 0.267188 0.084375 0.251563 0.084375
4 0.276821 0.040172 0.290214 0.048219 0.266072 0.088399 0.252678 0.080351
4 0.297095 0.055470 0.304431 0.069267 0.263043 0.091273 0.255707 0.077477
4 0.292444 0.069267 0.299780 0.055470 0.341168 0.077477 0.333832 0.091273
4 0.306661 0.048219 0.320054 0.040172 0.344197 0.080351 0.330803 0.088399
4 0.329688 0.037500 0.345313 0.037500 0.345313 0.084375 0.329688 0.084375
4 0.354946 0.040172 0.368339 0.048219 0.344197 0.088399 0.330803 0.080351
4 0.375220 0.055470 0.382556 0.069267 0.341168 0.091273 0.333832 0.077477
4 0.370569 0.069267 0.377905 0.055470 0.419293 0.077477 0.411957 0.091273
4 0.384786 0.048219 0.398179 0.040172 0.422322 0.080351 0.408928 0.088399
4 0.407813 0.037500 0.423438 0.037500 0.423438 0.084375 0.407813 0.084375
4 0.433071 0.040172 0.446464 0.048219 0.422322 0.088399 0.408928 0.080351
4 0.453345 0.055470 0.460681 0.069267 0.419293 0.091273 0.411957 0.077477
4 0.448694 0.069267 0.456030 0.055470 0.497418 0.077477 0.490082 0.091273
4 0.462911 0.048219 0.476304 0.040172 0.500447 0.080351 0.487053 0.088399
4 0.485938 0.037500 0.501563 0.037500 0.501563 0.084375 0.485938 0.084375
4 0.511196 0.040172 0.524589 0.048219 0.500447 0.088399 0.487053 0.080351
4 0.531470 0.055470 0.538806 0.069267 0.497418 0.091273 0.490082 0.077477
4 0.526819 0.069267 0.534155 0.055470 0.575543 0.077477 0.568207 0.091273
4 0.541036 0.048219 0.554429 0.040172 0.578572 0.080351 0.565178 0.088399
4 0.564063 0.037500 0.579688 0.037500 0.579688 0.084375 0.564063 0.084375
4 0.589321 0.040172 0.602714 0.048219 0.578572 0.088399 0.565178 0.080351
4 0.609595 0.055470 0.616931 0.069267 0.575543 0.091273 0.568207 0.077477
4 0.604944 0.069267 0.612280 0.055470 0.653668 0.077477 0.646332 0.091273
4 0.619161 0.048219 0.632554 0.040172 0.656697 0.080351 0.643303 0.088399
4 0.642188 0.037500 0.657813 0.037500 0.657813 0.084375 0.642188 0.084375
4 0.667446 0.040172 0.680839 0.048219 0.656697 0.088399 0.643303 0.080351
4 0.687720 0.055470 0.695056 0.069267 0.653668 0.091273 0.646332 0.077477
4 0.683069 0.069267 0.690405 0.055470 0.731793 0.077477 0.724457 0.091273
4 0.697286 0.048219 0.710679 0.040172 0.734822 0.080351 0.721428 0.088399
4 0.720313 0.037500 0.735938 0.037500 0.735938 0.084375 0.720313 0.084375
4 0.745571 0.040172 0.758964 0.048219 0.734822 0.088399 0.721428 0.080351
4 0.765845 0.055470 0.773181 0.069267 0.731793 0.091273 0.724457 0.077477
4 0.761194 0.069267 0.768530 0.055470 0.809918 0.077477 0.802582 0.091273
4 0.775411 0.048219 0.788804 0.040172 0.812947 0.080351 0.799553 0.088399
4 0.798438 0.037500 0.814063 0.037500 0.814063 0.084375 0.798438 0.084375
4 0.823696 0.040172 0.837089 0.048219 0.812947 0.088399 0.799553 0.080351
4 0.843970 0.055470 0.851306 0.069267 0.809918 0.091273 0.802582 0.077477
4 0.839319 0.069267 0.846655 0.055470 0.888043 0.077477 0.880707 0.091273
4 0.853536 0.048219 0.866929 0.040172 0.891072 0.080351 0.877678 0.088399
4 0.876563 0.037500 0.892188 0.037500 0.892188 0.084375 0.876563 0.084375
4 0.901821 0.040172 0.915214 0.048219 0.891072 0.088399 0.877678 0.080351
4 0.922095 0.055470 0.929431 0.069267 0.888043 0.091273 0.880707 0.077477
4 0.019007 0.123954 0.026342 0.110158 0.067730 0.132164 0.060395 0.145961
4 0.033223 0.102907 0.046617 0.094859 0.070759 0.135039 0.057366 0.143086
4 0.056250 0.092188 0.071875 0.092188 0.071875 0.139063 0.056250 0.139063
4 0.081508 0.094859 0.094902 0.102907 0.070759 0.143086 0.057366 0.135039
4 0.101783 0.110158 0.109118 0.123954 0.067730 0.145961 0.060395 0.132164
4 0.097132 0.123954 0.104467 0.110158 0.145855 0.132164 0.138520 0.145961
4 0.111348 0.102907 0.124742 0.094859 0.148884 0.135039 0.135491 0.143086
4 0.134375 0.092188 0.150000 0.092188 0.150000 0.139063 0.134375 0.139063
4 0.159633 0.094859 0.173027 0.102907 0.148884 0.143086 0.135491 0.135039
4 0.179908 0.110158 0.187243 0.123954 0.145855 0.145961 0.138520 0.132164
4 0.175257 0.123954 0.182592 0.110158 0.223980 0.132164 0.216645 0.145961
4 0.189473 0.102907 0.202867 0.094859 0.227009 0.135039 0.213616 0.143086
4 0.212500 0.092188 0.228125 0.092188 0.228125 0.139063 0.212500 0.139063
4 0.237758 0.094859 0.251152 0.102907 0.227009 0.143086 0.213616 0.135039
4 0.258033 0.110158 0.265368 0.123954 0.223980 0.145961 0.216645 0.132164
4 0.253382 0.123954 0.260717 0.110158 0.302105 0.132164 0.294770 0.145961
4 0.267598 0.102907 0.280992 0.094859 0.305134 0.135039 0.291741 0.143086
4 0.290625 0.092188 0.306250 0.092188 0.306250 0.139063 0.290625 0.139063
4 0.315883 0.094859 0.329277 0.102907 0.305134 0.143086 0.291741 0.135039
4 0.336158 0.110158 0.343493 0.123954 0.302105 0.145961 0.294770 0.132164
4 0.331507 0.123954 0.338842 0.110158 0.380230 0.132164 0.372895 0.145961
4 0.345723 0.102907 0.359117 0.094859 0.383259 0.135039 0.369866 0.143086
4 0.368750 0.092188 0.384375 0.092188 0.384375 0.139063 0.368750 0.139063
4 0.394008 0.094859 0.407402 0.102907 0.383259 0.143086 0.369866 0.135039
4 0.414283 0.110158 0.421618 0.123954 0.380230 0.145961 0.372895 0.132164
4 0.409632 0.123954 0.416967 0.110158 0.458355 0.132164 0.451020 0.145961
4 0.423848 0.102907 0.437242 0.094859 0.461384 0.135039 0.447991 0.143086
4 0.446875 0.092188 0.462500 0.092188 0.462500 0.139063 0.446875 0.139063
4 0.472133 0.094859 0.485527 0.102907 0.461384 0.143086 0.447991 0.135039
4 0.492408 0.110158 0.499743 0.123954 0.458355 0.145961 0.451020 0.132164
4 0.487757 0.123954 0.495092 0.110158 0.536480 0.132164 0.529145 0.145961
4 0.501973 0.102907 0.515367 0.094859 0.539509 0.135039 0.526116 0.143086
4 0.525000 0.092188 0.540625 0.092188 0.540625 0.139063 0.525000 0.139063
4 0.550258 0.094859 0.563652 0.102907 0.539509 0.143086 0.526116 0.135039
4 0.570533 0.110158 0.577868 0.123954 0.536480 0.145961 0.529145 0.132164
4 0.565882 0.123954 0.573217 0.110158 0.614605 0.132164 0.607270 0.145961
4 0.580098 0.102907 0.593492 0.094859 0.617634 0.135039 0.604241 0.143086
4 0.603125 0.092188 0.618750 0.092188 0.618750 0.139063 0.603125 0.139063
4 0.628383 0.094859 0.641777 0.102907 0.617634 0.143086 0.604241 0.135039
4 0.648658 0.110158 0.655993 0.123954 0.614605 0.145961 0.607270 0.132164
4 0.644007 0.123954 0.651342 0.110158 0.692730 0.132164 0.685395 0.145961
4 0.658223 0.102907 0.671617 0.094859 0.695759 0.135039 0.682366 0.143086
4 0.681250 0.092188 0.696875 0.092188 0.696875 0.139063 0.681250 0.139063
4 0.706508 0.094859 0.719902 0.102907 0.695759 0.143086 0.682366 0.135039
4 0.726783 0.110158 0.734118 0.123954 0.692730 0.145961 0.685395 0.132164
4 0.722132 0.123954 0.729467 0.110158 0.770855 0.132164 0.763520 0.145961
4 0.736348 0.102907 0.749742 0.094859 0.773884 0.135039 0.760491 0.143086
4 0.759375 0.092188 0.775000 0.092188 0.775000 0.139063 0.759375 0.139063
4 0.784633 0.094859 0.798027 0.102907 0.773884 0.143086 0.760491 0.135039
4 0.804908 0.110158 0.812243 0.123954 0.770855 0.145961 0.763520 0.132164
4 0.800257 0.123954 0.807592 0.110158 0.848980 0.132164 0.841645 0.145961
4 0.814473 0.102907 0.827867 0.094859 0.852009 0.135039 0.838616 0.143086
4 0.837500 0.092188 0.853125 0.092188 0.853125 0.139063 0.837500 0.139063
4 0.862758 0.094859 0.876152 0.102907 0.852009 0.143086 0.838616 0.135039
4 0.883033 0.110158 0.890368 0.123954 0.848980 0.145961 0.841645 0.132164
4 0.878382 0.123954 0.885717 0.110158 0.927105 0.132164 0.919770 0.145961
4 0.892598 0.102907 0.905992 0.094859 0.930134 0.135039 0.916741 0.143086
4 0.915625 0.092188 0.931250 0.092188 0.931250 0.139063 0.915625 0.139063
4 0.940883 0.094859 0.954277 0.102907 0.930134 0.143086 0.916741 0.135039
4 0.961158 0.110158 0.968493 0.123954 0.927105 0.145961 0.919770 0.132164
4 0.017188 0.146875 0.032813 0.146875 0.032813 0.193750 0.017188 0.193750
4 0.042446 0.149547 0.055839 0.157594 0.031697 0.197774 0.018303 0.189726
4 0.062720 0.164845 0.070056 0.178642 0.028668 0.200648 0.021332 0.186852
4 0.058069 0.178642 0.065405 0.164845 0.106793 0.186852 0.099457 0.200648
4 0.072286 0.157594 0.085679 0.149547 0.109822 0.189726 0.096428 0.197774
4 0.095312 0.146875 0.110937 0.146875 0.110937 0.193750 0.095312 0.193750
4 0.120571 0.149547 0.133964 0.157594 0.109822 0.197774 0.096428 0.189726
4 0.140845 0.164845 0.148181 0.178642 0.106793 0.200648 0.099457 0.186852
4 0.136194 0.178642 0.143530 0.164845 0.184918 0.186852 0.177582 0.200648
4 0.150411 0.157594 0.163804 0.149547 0.187947 0.189726 0.174553 0.197774
4 0.173437 0.146875 0.189062 0.146875 0.189062 0.193750 0.173437 0.193750
4 0.198696 0.149547 0.212089 0.157594 0.187947 0.197774 0.174553 0.189726
4 0.218970 0.164845 0.226306 0.178642 0.184918 0.200648 0.177582 0.186852
4 0.214319 0.178642 0.221655 0.164845 0.263043 0.186852 0.255707 0.200648
4 0.228536 0.157594 0.241929 0.149547 0.266072 0.189726 0.252678 0.197774
4 0.251563 0.146875 0.267188 0.146875 0.267188 0.193750 0.251563 0.193750
4 0.276821 0.149547 0.290214 0.157594 0.266072 0.197774 0.252678 0.189726
4 0.297095 0.164845 0.304431 0.178642 0.263043 0.200648 0.255707 0.186852
4 0.292444 0.178642 0.299780 0.164845 0.341168 0.186852 0.333832 0.200648
4 0.306661 0.157594 0.320054 0.149547 0.344197 0.189726 0.330803 0.197774
4 0.329688 0.146875 0.345313 0.146875 0.345313 0.193750 0.329688 0.193750
4 0.354946 0.149547 0.368339 0.157594 0.344197 0.197774 0.330803 0.189726
4 0.375220 0.164845 0.382556 0.178642 0.341168 0.200648 0.333832 0.186852
4 0.370569 0.178642 0.377905 0.164845 0.419293 0.186852 0.411957 0.200648
4 0.384786 0.157594 0.398179 0.149547 0.422322 0.189726 0.408928 0.197774
4 0.407813 0.146875 0.423438 0.146875 0.423438 0.193750 0.407813 0.193750
4 0.433071 0.149547 0.446464 0.157594 0.422322 0.197774 0.408928 0.189726
4 0.453345 0.164845 0.460681 0.178642 0.419293 0.200648 0.411957 0.186852
4 0.448694 0.178642 0.456030 0.164845 0.497418 0.186852 0.490082 0.200648
4 0.462911 0.157594 0.476304 0.149547 0.500447 0.189726 0.487053 0.197774
4 0.485938 0.146875 0.501563 0.146875 0.501563 0.193750 0.485938 0.193750
4 0.511196 0.149547 0.524589 0.157594 0.500447 0.197774 0.487053 0.189726
4 0.531470 0.164845 0.538806 0.178642 0.497418 0.200648 0.490082 0.186852
4 0.526819 0.178642 0.534155 0.164845 0.575543 0.186852 0.568207 0.200648
4 0.541036 0.157594 0.554429 0.149547 0.578572 0.189726 0.565178 0.197774
4 0.564063 0.146875 0.579688 0.146875 0.579688 0.193750 0.564063 0.193750
4 0.589321 0.149547 0.602714 0.157594 0.578572 0.197774 0.565178 0.189726
4 0.609595 0.164845 0.616931 0.178642 0.575543 0.200648 0.568207 0.186852
4 0.604944 0.178642 0.612280 0.164845 0.653668 0.186852 0.646332 0.200648
4 0.619161 0.157594 0.632554 0.149547 0.656697 0.189726 0.643303 0.197774
4 0.642188 0.146875 0.657813 0.146875 0.657813 0.193750 0.642188 0.193750
4 0.667446 0.149547 0.680839 0.157594 0.656697 0.197774 0.643303 0.189726
4 0.687720 0.164845 0.695056 0.178642 0.653668 0.200648 0.646332 0.186852
4 0.683069 0.178642 0.690405 0.164845 0.731793 0.186852 0.724457 0.200648
4 0.697286 0.157594 0.710679 0.149547 0.734822 0.189726 0.721428 0.197774
4 0.720313 0.146875 0.735938 0.146875 0.735938 0.193750 0.720313 0.193750
4 0.745571 0.149547 0.758964 0.157594 0.734822 0.197774 0.721428 0.189726
4 0.765845 0.164845 0.773181 0.178642 0.731793 0.200648 0.724457 0.186852
4 0.761194 0.178642 0.768530 0.164845 0.809918 0.186852 0.802582 0.200648
4 0.775411 0.157594 0.788804 0.149547 0.812947 0.189726 0.799553 0.197774
4 0.798438 0.146875 0.814063 0.146875 0.814063 0.193750 0.798438 0.193750
4 0.823696 0.149547 0.837089 0.157594 0.812947 0.197774 0.799553 0.189726
4 0.843970 0.164845 0.851306 0.178642 0.809918 0.200648 0.802582 0.186852
4 0.839319 0.178642 0.846655 0.164845 0.888043 0.186852 0.880707 0.200648
4 0.853536 0.157594 0.866929 0.149547 0.891072 0.189726 0.877678 0.197774
4 0.876563 0.146875 0.892188 0.146875 0.892188 0.193750 0.876563 0.193750
4 0.901821 0.149547 0.915214 0.157594 0.891072 0.197774 0.877678 0.189726
4 0.922095 0.164845 0.929431 0.178642 0.888043 0.200648 0.880707 0.186852
4 0.019007 0.233329 0.026342 0.219533 0.067730 0.241539 0.060395 0.255336
4 0.033223 0.212282 0.046617 0.204234 0.070759 0.244414 0.057366 0.252461
4 0.056250 0.201563 0.071875 0.201563 0.071875 0.248438 0.056250 0.248438
4 0.081508 0.204234 0.094902 0.212282 0.070759 0.252461 0.057366 0.244414
4 0.101783 0.219533 0.109118 0.233329 0.067730 0.255336 0.060395 0.241539
4 0.097132 0.233329 0.104467 0.219533 0.145855 0.241539 0.138520 0.255336
4 0.111348 0.212282 0.124742 0.204234 0.148884 0.244414 0.135491 0.252461
4 0.134375 0.201563 0.150000 0.201563 0.150000 0.248438 0.134375 0.248438
4 0.159633 0.204234 0.173027 0.212282 0.148884 0.252461 0.135491 0.244414
4 0.179908 0.219533 0.187243 0.233329 0.145855 0.255336 0.138520 0.241539
4 0.175257 0.233329 0.182592 0.219533 0.223980 0.241539 0.216645 0.255336
4 0.189473 0.212282 0.202867 0.204234 0.227009 0.244414 0.213616 0.252461
4 0.212500 0.201563 0.228125 0.201563 0.228125 0.248438 0.212500 0.248438
4 0.237758 0.204234 0.251152 0.212282 0.227009 0.252461 0.213616 0.244414
4 0.258033 0.219533 0.265368 0.233329 0.223980 0.255336 0.216645 0.241539
4 0.253382 0.233329 0.260717 0.219533 0.302105 0.241539 0.294770 0.255336
4 0.267598 0.212282 0.280992 0.204234 0.305134 0.244414 0.291741 0.252461
4 0.290625 0.201563 0.306250 0.201563 0.306250 0.248438 0.290625 0.248438
4 0.315883 0.204234 0.329277 0.212282 0.305134 0.252461 0.291741 0.244414
4 0.336158 0.219533 0.343493 0.233329 0.302105 0.255336 0.294770 0.241539
4 0.331507 0.233329 0.338842 0.219533 0.380230 0.241539 0.372895 0.255336
4 0.345723 0.212282 0.359117 0.204234 0.383259 0.244414 0.369866 0.252461
4 0.368750 0.201563 0.384375 0.201563 0.384375 0.248438 0.368750 0.248438
4 0.394008 0.204234 0.407402 0.212282 0.383259 0.252461 0.369866 0.244414
4 0.414283 0.219533 0.421618 0.233329 0.380230 0.255336 0.372895 0.241539
4 0.409632 0.233329 0.416967 0.219533 0.458355 0.241539 0.451020 0.255336
4 0.423848 0.212282 0.437242 0.204234 0.461384 0.244414 0.447991 0.252461
4 0.446875 0.201563 0.462500 0.201563 0.462500 0.248438 0.446875 0.248438
4 0.472133 0.204234 0.485527 0.212282 0.461384 0.252461 0.447991 0.244414
4 0.492408 0.219533 0.499743 0.233329 0.458355 0.255336 0.451020 0.241539
4 0.487757 0.233329 0.495092 0.219533 0.536480 0.241539 0.529145 0.255336
4 0.501973 0.212282 0.515367 0.204234 0.539509 0.244414 0.526116 0.252461
4 0.525000 0.201563 0.540625 0.201563 0.540625 0.248438 0.525000 0.248438
4 0.550258 0.204234 0.563652 0.212282 0.539509 0.252461 0.526116 0.244414
4 0.570533 0.219533 0.577868 0.233329 0.536480 0.255336 0.529145 0.241539
4 0.565882 0.233329 0.573217 0.219533 0.614605 0.241539 0.607270 0.255336
4 0.580098 0.212282 0.593492 0.204234 0.617634 0.244414 0.604241 0.252461
4 0.603125 0.201563 0.618750 0.201563 0.618750 0.248438 0.603125 0.248438
4 0.628383 0.204234 0.641777 0.212282 0.617634 0.252461 0.604241 0.244414
4 0.648658 0.219533 0.655993 0.233329 0.614605 0.255336 0.607270 0.241539
4 0.644007 0.233329 0.651342 0.219533 0.692730 0.241539 0.685395 0.255336
4 0.658223 0.212282 0.671617 0.204234 0.695759 0.244414 0.682366 0.252461
4 0.681250 0.201563 0.696875 0.201563 0.696875 0.248438 0.681250 0.248438
4 0.706508 0.204234 0.719902 0.212282 0.695759 0.252461 0.682366 0.244414
4 0.726783 0.219533 0.734118 0.233329 0.692730 0.255336 0.685395 0.241539
4 0.722132 0.233329 0.729467 0.219533 0.770855 0.241539 0.763520 0.255336
4 0.736348 0.212282 0.749742 0.204234 0.773884 0.244414 0.760491 0.252461
4 0.759375 0.201563 0.775000 0.201563 0.775000 0.248438 0.759375 0.248438
4 0.784633 0.204234 0.798027 0.212282 0.773884 0.252461 0.760491 0.244414
4 0.804908 0.219533 0.812243 0.233329 0.770855 0.255336 0.763520 0.241539
4 0.800257 0.233329 0.807592 0.219533 0.848980 0.241539 0.841645 0.255336
4 0.814473 0.212282 0.827867 0.204234 0.852009 0.244414 0.838616 0.252461
4 0.837500 0.201563 0.853125 0.201563 0.853125 0.248438 0.837500 0.248438
4 0.862758 0.204234 0.876152 0.212282 0.852009 0.252461 0.838616 0.244414
4 0.883033 0.219533 0.890368 0.233329 0.848980 0.255336 0.841645 0.241539
4 0.878382 0.233329 0.885717 0.219533 0.927105 0.241539 0.919770 0.255336
4 0.892598 0.212282 0.905992 0.204234 0.930134 0.244414 0.916741 0.252461
4 0.915625 0.201563 0.931250 0.201563 0.931250 0.248438 0.915625 0.248438
4 0.940883 0.204234 0.954277 0.212282 0.930134 0.252461 0.916741 0.244414
4 0.961158 0.219533 0.968493 0.233329 0.927105 0.255336 0.919770 0.241539
4 0.017188 0.256250 0.032813 0.256250 0.032813 0.303125 0.017188 0.303125
4 0.042446 0.258922 0.055839 0.266969 0.031697 0.307149 0.018303 0.299101
4 0.062720 0.274220 0.070056 0.288017 0.028668 0.310023 0.021332 0.296227
4 0.058069 0.288017 0.065405 0.274220 0.106793 0.296227 0.099457 0.310023
4 0.072286 0.266969 0.085679 0.258922 0.109822 0.299101 0.096428 0.307149
4 0.095312 0.256250 0.110937 0.256250 0.110937 0.303125 0.095312 0.303125
4 0.120571 0.258922 0.133964 0.266969 0.109822 0.307149 0.096428 0.299101
4 0.140845 0.274220 0.148181 0.288017 0.106793 0.310023 0.099457 0.296227
4 0.136194 0.288017 0.143530 0.274220 0.184918 0.296227 0.177582 0.310023
4 0.150411 0.266969 0.163804 0.258922 0.187947 0.299101 0.174553 0.307149
4 0.173437 0.256250 0.189062 0.256250 0.189062 0.303125 0.173437 0.303125
4 0.198696 0.258922 0.212089 0.266969 0.187947 0.307149 0.174553 0.299101
4 0.218970 0.274220 0.226306 0.288017 0.184918 0.310023 0.177582 0.296227
4 0.214319 0.288017 0.221655 0.274220 0.263043 0.296227 0.255707 0.310023
4 0.228536 0.266969 0.241929 0.258922 0.266072 0.299101 0.252678 0.307149
4 0.251563 0.256250 0.267188 0.256250 0.267188 0.303125 0.251563 0.303125
4 0.276821 0.258922 0.290214 0.266969 0.266072 0.307149 0.252678 0.299101
4 0.297095 0.274220 0.304431 0.288017 0.263043 0.310023 0.255707 0.296227
4 0.292444 0.288017 0.299780 0.274220 0.341168 0.296227 0.333832 0.310023
4 0.306661 0.266969 0.320054 0.258922 0.344197 0.299101 0.330803 0.307149
4 0.329688 0.256250 0.345313 0.256250 0.345313 0.303125 0.329688 0.303125
4 0.354946 0.258922 0.368339 0.266969 0.344197 0.307149 0.330803 0.299101
4 0.375220 0.274220 0.382556 0.288017 0.341168 0.310023 0.333832 0.296227
4 0.370569 0.288017 0.377905 0.274220 0.419293 0.296227 0.411957 0.310023
4 0.384786 0.266969 0.398179 0.258922 0.422322 0.299101 0.408928 0.307149
4 0.407813 0.256250 0.423438 0.256250 0.423438 0.303125 0.407813 0.303125
4 0.433071 0.258922 0.446464 0.266969 0.422322 0.307149 0.408928 0.299101
4 0.453345 0.274220 0.460681 0.288017 0.419293 0.310023 0.411957 0.296227
4 0.448694 0.288017 0.456030 0.274220 0.497418 0.296227 0.490082 0.310023
4 0.462911 0.266969 0.476304 0.258922 0.500447 0.299101 0.487053 0.307149
4 0.485938 0.256250 0.501563 0.256250 0.501563 0.303125 0.485938 0.303125
4 0.511196 0.258922 0.524589 0.266969 0.500447 0.307149 0.487053 0.299101
4 0.531470 0.274220 0.538806 0.288017 0.497418 0.310023 0.490082 0.296227
4 0.526819 0.288017 0.534155 0.274220 0.575543 0.296227 0.568207 0.310023
4 0.541036 0.266969 0.554429 0.258922 0.578572 0.299101 0.565178 0.307149
4 0.564063 0.256250 0.579688 0.256250 0.579688 0.303125 0.564063 0.303125
4 0.589321 0.258922 0.602714 0.266969 0.578572 0.307149 0.565178 0.299101
4 0.609595 0.274220 0.616931 0.288017 0.575543 0.310023 0.568207 0.296227
4 0.604944 0.288017 0.612280 0.274220 0.653668 0.296227 0.646332 0.310023
4 0.619161 0.266969 0.632554 0.258922 0.656697 0.299101 0.643303 0.307149
4 0.642188 0.256250 0.657813 0.256250 0.657813 0.303125 0.642188 0.303125
4 0.667446 0.258922 0.680839 0.266969 0.656697 0.307149 0.643303 0.299101
4 0.687720 0.274220 0.695056 0.288017 0.653668 0.310023 0.646332 0.296227
4 0.683069 0.288017 0.690405 0.274220 0.731793 0.296227 0.724457 0.310023
4 0.697286 0.266969 0.710679 0.258922 0.734822 0.299101 0.721428 0.307149
4 0.720313 0.256250 0.735938 0.256250 0.735938 0.303125 0.720313 0.303125
4 0.745571 0.258922 0.758964 0.266969 0.734822 0.307149 0.721428 0.299101
4 0.765845 0.274220 0.773181 0.288017 0.731793 0.310023 0.724457 0.296227
4 0.761194 0.288017 0.768530 0.274220 0.809918 0.296227 0.802582 0.310023
4 0.775411 0.266969 0.788804 0.258922 0.812947 0.299101 0.799553 0.307149
4 0.798438 0.256250 0.814063 0.256250 0.814063 0.303125 0.798438 0.303125
4 0.823696 0.258922 0.837089 0.266969 0.812947 0.307149 0.799553 0.299101
4 0.843970 0.274220 0.851306 0.288017 0.809918 0.310023 0.802582 0.296227
4 0.839319 0.288017 0.846655 0.274220 0.888043 0.296227 0.880707 0.310023
4 0.853536 0.266969 0.866929 0.258922 0.891072 0.299101 0.877678 0.307149
4 0.876563 0.256250 0.892188 0.256250 0.892188 0.303125 0.876563 0.303125
4 0.901821 0.258922 0.915214 0.266969 0.891072 0.307149 0.877678 0.299101
4 0.922095 0.274220 0.929431 0.288017 0.888043 0.310023 0.880707 0.296227
4 0.019007 0.342704 0.026342 0.328908 0.067730 0.350914 0.060395 0.364711
4 0.033223 0.321657 0.046617 0.313609 0.070759 0.353789 0.057366 0.361836
4 0.056250 0.310937 0.071875 0.310937 0.071875 0.357812 0.056250 0.357812
4 0.081508 0.313609 0.094902 0.321657 0.070759 0.361836 0.057366 0.353789
4 0.101783 0.328908 0.109118 0.342704 0.067730 0.364711 0.060395 0.350914
4 0.097132 0.342704 0.104467 0.328908 0.145855 0.350914 0.138520 0.364711
4 0.111348 0.321657 0.124742 0.313609 0.148884 0.353789 0.135491 0.361836
4 0.134375 0.310937 0.150000 0.310937 0.150000 0.357812 0.134375 0.357812
4 0.159633 0.313609 0.173027 0.321657 0.148884 0.361836 0.135491 0.353789
4 0.179908 0.328908 0.187243 0.342704 0.145855 0.364711 0.138520 0.350914
4 0.175257 0.342704 0.182592 0.328908 0.223980 0.350914 0.216645 0.364711
4 0.189473 0.321657 0.202867 0.313609 0.227009 0.353789 0.213616 0.361836
4 0.212500 0.310937 0.228125 0.310937 0.228125 0.357812 0.212500 0.357812
4 0.237758 0.313609 0.251152 0.321657 0.227009 0.361836 0.213616 0.353789
4 0.258033 0.328908 0.265368 0.342704 0.223980 0.364711 0.216645 0.350914
4 0.253382 0.342704 0.260717 0.328908 0.302105 0.350914 0.294770 0.364711
4 0.267598 0.321657 0.280992 0.313609 0.305134 0.353789 0.291741 0.361836
4 0.290625 0.310937 0.306250 0.310937 0.306250 0.357812 0.290625 0.357812
4 0.315883 0.313609 0.329277 0.321657 0.305134 0.361836 0.291741 0.353789
4 0.336158 0.328908 0.343493 0.342704 0.302105 0.364711 0.294770 0.350914
4 0.331507 0.342704 0.338842 0.328908 0.380230 0.350914 0.372895 0.364711
4 0.345723 0.321657 0.359117 0.313609 0.383259 0.353789 0.369866 0.361836
4 0.368750 0.310937 0.384375 0.310937 0.384375 0.357812 0.368750 0.357812
4 0.394008 0.313609 0.407402 0.321657 0.383259 0.361836 0.369866 0.353789
4 0.414283 0.328908 0.421618 0.342704 0.380230 0.364711 0.372895 0.350914
4 0.409632 0.342704 0.416967 0.328908 0.458355 0.350914 0.451020 0.364711
4 0.423848 0.321657 0.437242 0.313609 0.461384 0.353789 0.447991 0.361836
4 0.446875 0.310937 0.462500 0.310937 0.462500 0.357812 0.446875 0.357812
4 0.472133 0.313609 0.485527 0.321657 0.461384 0.361836 0.447991 0.353789
4 0.492408 0.328908 0.499743 0.342704 0.458355 0.364711 0.451020 0.350914
4 0.487757 0.342704 0.495092 0.328908 0.536480 0.350914 0.529145 0.364711
4 0.501973 0.321657 0.515367 0.313609 0.539509 0.353789 0.526116 0.361836
4 0.525000 0.310937 0.540625 0.310937 0.540625 0.357812 0.525000 0.357812
4 0.550258 0.313609 0.563652 0.321657 0.539509 0.361836 0.526116 0.353789
4 0.570533 0.328908 0.577868 0.342704 0.536480 0.364711 0.529145 0.350914
4 0.565882 0.342704 0.573217 0.328908 0.614605 0.350914 0.607270 0.364711
4 0.580098 0.321657 0.593492 0.313609 0.617634 0.353789 0.604241 0.361836
4 0.603125 0.310937 0.618750 0.310937 0.618750 0.357812 0.603125 0.357812
4 0.628383 0.313609 0.641777 0.321657 0.617634 0.361836 0.604241 0.353789
4 0.648658 0.328908 0.655993 0.342704 0.614605 0.364711 0.607270 0.350914
4 0.644007 0.342704 0.651342 0.328908 0.692730 0.350914 0.685395 0.364711
4 0.658223 0.321657 0.671617 0.313609 0.695759 0.353789 0.682366 0.361836
4 0.681250 0.310937 0.696875 0.310937 0.696875 0.357812 0.681250 0.357812
4 0.706508 0.313609 0.719902 0.321657 0.695759 0.361836 0.682366 0.353789
4 0.726783 0.328908 0.734118 0.342704 0.692730 0.364711 0.685395 0.350914
4 0.722132 0.342704 0.729467 0.328908 0.770855 0.350914 0.763520 0.364711
4 0.736348 0.321657 0.749742 0.313609 0.773884 0.353789 0.760491 0.361836
4 0.759375 0.310937 0.775000 0.310937 0.775000 0.357812 0.759375 0.357812
4 0.784633 0.313609 0.798027 0.321657 0.773884 0.361836 0.760491 0.353789
4 0.804908 0.328908 0.812243 0.342704 0.770855 0.364711 0.763520 0.350914
4 0.800257 0.342704 0.807592 0.328908 0.848980 0.350914 0.841645 0.364711
4 0.814473 0.321657 0.827867 0.313609 0.852009 0.353789 0.838616 0.361836
4 0.837500 0.310937 0.853125 0.310937 0.853125 0.357812 0.837500 0.357812
4 0.862758 0.313609 0.876152 0.321657 0.852009 0.361836 0.838616 0.353789
4 0.883033 0.328908 0.890368 0.342704 0.848980 0.364711 0.841645 0.350914
4 0.878382 0.342704 0.885717 0.328908 0.927105 0.350914 0.919770 0.364711
4 0.892598 0.321657 0.905992 0.313609 0.930134 0.353789 0.916741 0.361836
4 0.915625 0.310937 0.931250 0.310937 0.931250 0.357812 0.915625 0.357812
4 0.940883 0.313609 0.954277 0.321657 0.930134 0.361836 0.916741 0.353789
4 0.961158 0.328908 0.968493 0.342704 0.927105 0.364711 0.919770 0.350914
4 0.017188 0.365625 0.032813 0.365625 0.032813 0.412500 0.017188 0.412500
4 0.042446 0.368297 0.055839 0.376344 0.031697 0.416524 0.018303 0.408476
4 0.062720 0.383595 0.070056 0.397392 0.028668 0.419398 0.021332 0.405602
4 0.058069 0.397392 0.065405 0.383595 0.106793 0.405602 0.099457 0.419398
4 0.072286 0.376344 0.085679 0.368297 0.109822 0.408476 0.096428 0.416524
4 0.095312 0.365625 0.110937 0.365625 0.110937 0.412500 0.095312 0.412500
4 0.120571 0.368297 0.133964 0.376344 0.109822 0.416524 0.096428 0.408476
4 0.140845 0.383595 0.148181 0.397392 0.106793 0.419398 0.099457 0.405602
4 0.136194 0.397392 0.143530 0.383595 0.184918 0.405602 0.177582 0.419398
4 0.150411 0.376344 0.163804 0.368297 0.187947 0.408476 0.174553 0.416524
4 0.173437 0.365625 0.189062 0.365625 0.189062 0.412500 0.173437 0.412500
4 0.198696 0.368297 0.212089 0.376344 0.187947 0.416524 0.174553 0.408476
4 0.218970 0.383595 0.226306 0.397392 0.184918 0.419398 0.177582 0.405602
4 0.214319 0.397392 0.221655 0.383595 0.263043 0.405602 0.255707 0.419398
4 0.228536 0.376344 0.241929 0.368297 0.266072 0.408476 0.252678 0.416524
4 0.251563 0.365625 0.267188 0.365625 0.267188 0.412500 0.251563 0.412500
4 0.276821 0.368297 0.290214 0.376344 0.266072 0.416524 0.252678 0.408476
4 0.297095 0.383595 0.304431 0.397392 0.263043 0.419398 0.255707 0.405602
4 0.292444 0.397392 0.299780 0.383595 0.341168 0.405602 0.333832 0.419398
4 0.306661 0.376344 0.320054 0.368297 0.344197 0.408476 0.330803 0.416524
4 0.329688 0.365625 0.345313 0.365625 0.345313 0.412500 0.329688 0.412500
4 0.354946 0.368297 0.368339 0.376344 0.344197 0.416524 0.330803 0.408476
4 0.375220 0.383595 0.382556 0.397392 0.341168 0.419398 0.333832 0.405602
4 0.370569 0.397392 0.377905 0.383595 0.419293 0.405602 0.411957 0.419398
4 0.384786 0.376344 0.398179 0.368297 0.422322 0.408476 0.408928 0.416524
4 0.407813 0.365625 0.423438 0.365625 0.423438 0.412500 0.407813 0.412500
4 0.433071 0.368297 0.446464 0.376344 0.422322 0.416524 0.408928 0.408476
4 0.453345 0.383595 0.460681 0.397392 0.419293 0.419398 0.411957 0.405602
4 0.448694 0.397392 0.456030 0.383595 0.497418 0.405602 0.490082 0.419398
4 0.462911 0.376344 0.476304 0.368297 0.500447 0.408476 0.487053 0.416524
4 0.485938 0.365625 0.501563 0.365625 0.501563 0.412500 0.485938 0.412500
4 0.511196 0.368297 0.524589 0.376344 0.500447 0.416524 0.487053 0.408476
4 0.531470 0.383595 0.538806 0.397392 0.497418 0.419398 0.490082 0.405602
4 0.526819 0.397392 0.534155 0.383595 0.575543 0.405602 0.568207 0.419398
4 0.541036 0.376344 0.554429 0.368297 0.578572 0.408476 0.565178 0.416524
4 0.564063 0.365625 0.579688 0.365625 0.579688 0.412500 0.564063 0.412500
4 0.589321 0.368297 0.602714 0.376344 0.578572 0.416524 0.565178 0.408476
4 0.609595 0.383595 0.616931 0.397392 0.575543 0.419398 0.568207 0.405602
4 0.604944 0.397392 0.612280 0.383595 0.653668 0.405602 0.646332 0.419398
4 0.619161 0.376344 0.632554 0.368297 0.656697 0.408476 0.643303 0.416524
4 0.642188 0.365625 0.657813 0.365625 0.657813 0.412500 0.642188 0.412500
4 0.667446 0.368297 0.680839 0.376344 0.656697 0.416524 0.643303 0.408476
4 0.687720 0.383595 0.695056 0.397392 0.653668 0.419398 0.646332 0.405602
4 0.683069 0.397392 0.690405 0.383595 0.731793 0.405602 0.724457 0.419398
4 0.697286 0.376344 0.710679 0.368297 0.734822 0.408476 0.721428 0.416524
4 0.720313 0.365625 0.735938 0.365625 0.735938 0.412500 0.720313 0.412500
4 0.745571 0.368297 0.758964 0.376344 0.734822 0.416524 0.721428 0.408476
4 0.765845 0.383595 0.773181 0.397392 0.731793 0.419398 0.724457 0.405602
4 0.761194 0.397392 0.768530 0.383595 0.809918 0.405602 0.802582 0.419398
4 0.775411 0.376344 0.788804 0.368297 0.812947 0.408476 0.799553 0.416524
4 0.798438 0.365625 0.814063 0.365625 0.814063 0.412500 0.798438 0.412500
4 0.823696 0.368297 0.837089 0.376344 0.812947 0.416524 0.799553 0.408476
4 0.843970 0.383595 0.851306 0.397392 0.809918 0.419398 0.802582 0.405602
4 0.839319 0.397392 0.846655 0.383595 0.888043 0.405602 0.880707 0.419398
4 0.853536 0.376344 0.866929 0.368297 0.891072 0.408476 0.877678 0.416524
4 0.876563 0.365625 0.892188 0.365625 0.892188 0.412500 0.876563 0.412500
4 0.901821 0.368297 0.915214 0.376344 0.891072 0.416524 0.877678 0.408476
4 0.922095 0.383595 0.929431 0.397392 0.888043 0.419398 0.880707 0.405602
4 0.019007 0.452079 0.026342 0.438283 0.067730 0.460289 0.060395 0.474086
4 0.033223 0.431032 0.046617 0.422984 0.070759 0.463164 0.057366 0.471211
4 0.056250 0.420312 0.071875 0.420312 0.071875 0.467187 0.056250 0.467187
4 0.081508 0.422984 0.094902 0.431032 0.070759 0.471211 0.057366 0.463164
4 0.101783 0.438283 0.109118 0.452079 0.067730 0.474086 0.060395 0.460289
4 0.097132 0.452079 0.104467 0.438283 0.145855 0.460289 0.138520 0.474086
4 0.111348 0.431032 0.124742 0.422984 0.148884 0.463164 0.135491 0.471211
4 0.134375 0.420312 0.150000 0.420312 0.150000 0.467187 0.134375 0.467187
4 0.159633 0.422984 0.173027 0.431032 0.148884 0.471211 0.135491 0.463164
4 0.179908 0.438283 0.187243 0.452079 0.145855 0.474086 0.138520 0.460289
4 0.175257 0.452079 0.182592 0.438283 0.223980 0.460289 0.216645 0.474086
4 0.189473 0.431032 0.202867 0.422984 0.227009 0.463164 0.213616 0.471211
4 0.212500 0.420312 0.228125 0.420312 0.228125 0.467187 0.212500 0.467187
4 0.237758 0.422984 0.251152 0.431032 0.227009 0.471211 0.213616 0.463164
4 0.258033 0.438283 0.265368 0.452079 0.223980 0.474086 0.216645 0.460289
4 0.253382 0.452079 0.260717 0.438283 0.302105 0.460289 0.294770 0.474086
4 0.267598 0.431032 0.280992 0.422984 0.305134 0.463164 0.291741 0.471211
4 0.290625 0.420312 0.306250 0.420312 0.306250 0.467187 0.290625 0.467187
4 0.315883 0.422984 0.329277 0.431032 0.305134 0.471211 0.291741 0.463164
4 0.336158 0.438283 0.343493 0.452079 0.302105 0.474086 0.294770 0.460289
4 0.331507 0.452079 0.338842 0.438283 0.380230 0.460289 0.372895 0.474086
4 0.345723 0.431032 0.359117 0.422984 0.383259 0.463164 0.369866 0.471211
4 0.368750 0.420312 0.384375 0.420312 0.384375 0.467187 0.368750 0.467187
4 0.394008 0.422984 0.407402 0.431032 0.383259 0.471211 0.369866 0.463164
4 0.414283 0.438283 0.421618 0.452079 0.380230 0.474086 0.372895 0.460289
4 0.409632 0.452079 0.416967 0.438283 0.458355 0.460289 0.451020 0.474086
4 0.423848 0.431032 0.437242 0.422984 0.461384 0.463164 0.447991 0.471211
4 0.446875 0.420312 0.462500 0.420312 0.462500 0.467187 0.446875 0.467187
4 0.472133 0.422984 0.485527 0.431032 0.461384 0.471211 0.447991 0.463164
4 0.492408 0.438283 0.499743 0.452079 0.458355 0.474086 0.451020 0.460289
4 0.487757 0.452079 0.495092 0.438283 0.536480 0.460289 0.529145 0.474086
4 0.501973 0.431032 0.515367 0.422984 0.539509 0.463164 0.526116 0.471211
4 0.525000 0.420312 0.540625 0.420312 0.540625 0.467187 0.525000 0.467187
4 0.550258 0.422984 0.563652 0.431032 0.539509 0.471211 0.526116 0.463164
4 0.570533 0.438283 0.577868 0.452079 0.536480 0.474086 0.529145 0.460289
4 0.565882 0.452079 0.573217 0.438283 0.614605 0.460289 0.607270 0.474086
4 0.580098 0.431032 0.593492 0.422984 0.617634 0.463164 0.604241 0.471211
4 0.603125 0.420312 0.618750 0.420312 0.618750 0.467187 0.603125 0.467187
4 0.628383 0.422984 0.641777 0.431032 0.617634 0.471211 0.604241 0.463164
4 0.648658 0.438283 0.655993 0.452079 0.614605 0.474086 0.607270 0.460289
4 0.644007 0.452079 0.651342 0.438283 0.692730 0.460289 0.685395 0.474086
4 0.658223 0.431032 0.671617 0.422984 0.695759 0.463164 0.682366 0.471211
4 0.681250 0.420312 0.696875 0.420312 0.696875 0.467187 0.681250 0.467187
4 0.706508 0.422984 0.719902 0.431032 0.695759 0.471211 0.682366 0.463164
4 0.726783 0.438283 0.734118 0.452079 0.692730 0.474086 0.685395 0.460289
4 0.722132 0.452079 0.729467 0.438283 0.770855 0.460289 0.763520 0.474086
4 0.736348 0.431032 0.749742 0.422984 0.773884 0.463164 0.760491 0.471211
4 0.759375 0.420312 0.775000 0.420312 0.775000 0.467187 0.759375 0.467187
4 0.784633 0.422984 0.798027 0.431032 0.773884 0.471211 0.760491 0.463164
4 0.804908 0.438283 0.812243 0.452079 0.770855 0.474086 0.763520 0.460289
4 0.800257 0.452079 0.807592 0.438283 0.848980 0.460289 0.841645 0.474086
4 0.814473 0.431032 0.827867 0.422984 0.852009 0.463164 0.838616 0.471211
4 0.837500 0.420312 0.853125 0.420312 0.853125 0.467187 0.837500 0.467187
4 0.862758 0.422984 0.876152 0.431032 0.852009 0.471211 0.838616 0.463164
4 0.883033 0.438283 0.890368 0.452079 0.848980 0.474086 0.841645 0.460289
4 0.878382 0.452079 0.885717 0.438283 0.927105 0.460289 0.919770 0.474086
4 0.892598 0.431032 0.905992 0.422984 0.930134 0.463164 0.916741 0.471211
4 0.915625 0.420312 0.931250 0.420312 0.931250 0.467187 0.915625 0.467187
4 0.940883 0.422984 0.954277 0.431032 0.930134 0.471211 0.916741 0.463164
4 0.961158 0.438283 0.968493 0.452079 0.927105 0.474086 0.919770 0.460289
4 0.017188 0.475000 0.032813 0.475000 0.032813 0.521875 0.017188 0.521875
4 0.042446 0.477672 0.055839 0.485719 0.031697 0.525899 0.018303 0.517851
4 0.062720 0.492970 0.070056 0.506767 0.028668 0.528773 0.021332 0.514977
4 0.058069 0.506767 0.065405 0.492970 0.106793 0.514977 0.099457 0.528773
4 0.072286 0.485719 0.085679 0.477672 0.109822 0.517851 0.096428 0.525899
4 0.095312 0.475000 0.110937 0.475000 0.110937 0.521875 0.095312 0.521875
4 0.120571 0.477672 0.133964 0.485719 0.109822 0.525899 0.096428 0.517851
4 0.140845 0.492970 0.148181 0.506767 0.106793 0.528773 0.099457 0.514977
4 0.136194 0.506767 0.143530 0.492970 0.184918 0.514977 0.177582 0.528773
4 0.150411 0.485719 0.163804 0.477672 0.187947 0.517851 0.174553 0.525899
4 0.173437 0.475000 0.189062 0.475000 0.189062 0.521875 0.173437 0.521875
4 0.198696 0.477672 0.212089 0.485719 0.187947 0.525899 0.174553 0.517851
4 0.218970 0.492970 0.226306 0.506767 0.184918 0.528773 0.177582 0.514977
4 0.214319 0.506767 0.221655 0.492970 0.263043 0.514977 0.255707 0.528773
4 0.228536 0.485719 0.241929 0.477672 0.266072 0.517851 0.252678 0.525899
4 0.251563 0.475000 0.267188 0.475000 0.267188 0.521875 0.251563 0.521875
4 0.276821 0.477672 0.290214 0.485719 0.266072 0.525899 0.252678 0.517851
4 0.297095 0.492970 0.304431 0.506767 0.263043 0.528773 0.255707 0.514977
4 0.292444 0.506767 0.299780 0.492970 0.341168 0.514977 0.333832 0.528773
4 0.306661 0.485719 0.320054 0.477672 0.344197 0.517851 0.330803 0.525899
4 0.329688 0.475000 0.345313 0.475000 0.345313 0.521875 0.329688 0.521875
4 0.354946 0.477672 0.368339 0.485719 0.344197 0.525899 0.330803 0.517851
4 0.375220 0.492970 0.382556 0.506767 0.341168 0.528773 0.333832 0.514977
4 0.370569 0.506767 0.377905 0.492970 0.419293 0.514977 0.411957 0.528773
4 0.384786 0.485719 0.398179 0.477672 0.422322 0.517851 0.408928 0.525899
4 0.407813 0.475000 0.423438 0.475000 0.423438 0.521875 0.407813 0.521875
4 0.433071 0.477672 0.446464 0.485719 0.422322 0.525899 0.408928 0.517851
4 0.453345 0.492970 0.460681 0.506767 0.419293 0.528773 0.411957 0.514977
4 0.448694 0.506767 0.456030 0.492970 0.497418 0.514977 0.490082 0.528773
4 0.462911 0.485719 0.476304 0.477672 0.500447 0.517851 0.487053 0.525899
4 0.485938 0.475000 0.501563 0.475000 0.501563 0.521875 0.485938 0.521875
4 0.511196 0.477672 0.524589 0.485719 0.500447 0.525899 0.487053 0.517851
4 0.531470 0.492970 0.538806 0.506767 0.497418 0.528773 0.490082 0.514977
4 0.526819 0.506767 0.534155 0.492970 0.575543 0.514977 0.568207 0.528773
4 0.541036 0.485719 0.554429 0.477672 0.578572 0.517851 0.565178 0.525899
4 0.564063 0.475000 0.579688 0.475000 0.579688 0.521875 0.564063 0.521875
4 0.589321 0.477672 0.602714 0.485719 0.578572 0.525899 0.565178 0.517851
4 0.609595 0.492970 0.616931 0.506767 0.575543 0.528773 0.568207 0.514977
4 0.604944 0.506767 0.612280 0.492970 0.653668 0.514977 0.646332 0.528773
4 0.619161 0.485719 0.632554 0.477672 0.656697 0.517851 0.643303 0.525899
4 0.642188 0.475000 0.657813 0.475000 0.657813 0.521875 0.642188 0.521875
4 0.667446 0.477672 0.680839 0.485719 0.656697 0.525899 0.643303 0.517851
4 0.687720 0.492970 0.695056 0.506767 0.653668 0.528773 0.646332 0.514977
4 0.683069 0.506767 0.690405 0.492970 0.731793 0.514977 0.724457 0.528773
4 0.697286 0.485719 0.710679 0.477672 0.734822 0.517851 0.721428 0.525899
4 0.720313 0.475000 0.735938 0.475000 0.735938 0.521875 0.720313 0.521875
4 0.745571 0.477672 0.758964 0.485719 0.734822 0.525899 0.721428 0.517851
4 0.765845 0.492970 0.773181 0.506767 0.731793 0.528773 0.724457 0.514977
4 0.761194 0.506767 0.768530 0.492970 0.809918 0.514977 0.802582 0.528773
4 0.775411 0.485719 0.788804 0.477672 0.812947 0.517851 0.799553 0.525899
4 0.798438 0.475000 0.814063 0.475000 0.814063 0.521875 0.798438 0.521875
4 0.823696 0.477672 0.837089 0.485719 0.812947 0.525899 0.799553 0.517851
4 0.843970 0.492970 0.851306 0.506767 0.809918 0.528773 0.802582 0.514977
4 0.839319 0.506767 0.846655 0.492970 0.888043 0.514977 0.880707 0.528773
4 0.853536 0.485719 0.866929 0.477672 0.891072 0.517851 0.877678 0.525899
4 0.876563 0.475000 0.892188 0.475000 0.892188 0.521875 0.876563 0.521875
4 0.901821 0.477672 0.915214 0.485719 0.891072 0.525899 0.877678 0.517851
4 0.922095 0.492970 0.929431 0.506767 0.888043 0.528773 0.880707 0.514977
4 0.019007 0.561454 0.026342 0.547658 0.067730 0.569664 0.060395 0.583461
4 0.033223 0.540407 0.046617 0.532359 0.070759 0.572539 0.057366 0.580586
4 0.056250 0.529687 0.071875 0.529687 0.071875 0.576562 0.056250 0.576562
4 0.081508 0.532359 0.094902 0.540407 0.070759 0.580586 0.057366 0.572539
4 0.101783 0.547658 0.109118 0.561454 0.067730 0.583461 0.060395 0.569664
4 0.097132 0.561454 0.104467 0.547658 0.145855 0.569664 0.138520 0.583461
4 0.111348 0.540407 0.124742 0.532359 0.148884 0.572539 0.135491 0.580586
4 0.134375 0.529687 0.150000 0.529687 0.150000 0.576562 0.134375 0.576562
4 0.159633 0.532359 0.173027 0.540407 0.148884 0.580586 0.135491 0.572539
4 0.179908 0.547658 0.187243 0.561454 0.145855 0.583461 0.138520 0.569664
4 0.175257 0.561454 0.182592 0.547658 0.223980 0.569664 0.216645 0.583461
4 0.189473 0.540407 0.202867 0.532359 0.227009 0.572539 0.213616 0.580586
4 0.212500 0.529687 0.228125 0.529687 0.228125 0.576562 0.212500 0.576562
4 0.237758 0.532359 0.251152 0.540407 0.227009 0.580586 0.213616 0.572539
4 0.258033 0.547658 0.265368 0.561454 0.223980 0.583461 0.216645 0.569664
4 0.253382 0.561454 0.260717 0.547658 0.302105 0.569664 0.294770 0.583461
4 0.267598 0.540407 0.280992 0.532359 0.305134 0.572539 0.291741 0.580586
4 0.290625 0.529687 0.306250 0.529687 0.306250 0.576562 0.290625 0.576562
4 0.315883 0.532359 0.329277 0.540407 0.305134 0.580586 0.291741 0.572539
4 0.336158 0.547658 0.343493 0.561454 0.302105 0.583461 0.294770 0.569664
4 0.331507 0.561454 0.338842 0.547658 0.380230 0.569664 0.372895 0.583461
4 0.345723 0.540407 0.359117 0.532359 0.383259 0.572539 0.369866 0.580586
4 0.368750 0.529687 0.384375 0.529687 0.384375 0.576562 0.368750 0.576562
4 0.394008 0.532359 0.407402 0.540407 0.383259 0.580586 0.369866 0.572539
4 0.414283 0.547658 0.421618 0.561454 0.380230 0.583461 0.372895 0.569664
4 0.409632 0.561454 0.416967 0.547658 0.458355 0.569664 0.451020 0.583461
4 0.423848 0.540407 0.437242 0.532359 0.461384 0.572539 0.447991 0.580586
4 0.446875 0.529687 0.462500 0.529687 0.462500 0.576562 0.446875 0.576562
4 0.472133 0.532359 0.485527 0.540407 0.461384 0.580586 0.447991 0.572539
4 0.492408 0.547658 0.499743 0.561454 0.458355 0.583461 0.451020 0.569664
4 0.487757 0.561454 0.495092 0.547658 0.536480 0.569664 0.529145 0.583461
4 0.501973 0.540407 0.515367 0.532359 0.539509 0.572539 0.526116 0.580586
4 0.525000 0.529687 0.540625 0.529687 0.540625 0.576562 0.525000 0.576562
4 0.550258 0.532359 0.563652 0.540407 0.539509 0.580586 0.526116 0.572539
4 0.570533 0.547658 0.577868 0.561454 0.536480 0.583461 0.529145 0.569664
4 0.565882 0.561454 0.573217 0.547658 0.614605 0.569664 0.607270 0.583461
4 0.580098 0.540407 0.593492 0.532359 0.617634 0.572539 0.604241 0.580586
4 0.603125 0.529687 0.618750 0.529687 0.618750 0.576562 0.603125 0.576562
4 0.628383 0.532359 0.641777 0.540407 0.617634 0.580586 0.604241 0.572539
4 0.648658 0.547658 0.655993 0.561454 0.614605 0.583461 0.607270 0.569664
4 0.644007 0.561454 0.651342 0.547658 0.692730 0.569664 0.685395 0.583461
4 0.658223 0.540407 0.671617 0.532359 0.695759 0.572539 0.682366 0.580586
4 0.681250 0.529687 0.696875 0.529687 0.696875 0.576562 0.681250 0.576562
4 0.706508 0.532359 0.719902 0.540407 0.695759 0.580586 0.682366 0.572539
4 0.726783 0.547658 0.734118 0.561454 0.692730 0.583461 0.685395 0.569664
4 0.722132 0.561454 0.729467 0.547658 0.770855 0.569664 0.763520 0.583461
4 0.736348 0.540407 0.749742 0.532359 0.773884 0.572539 0.760491 0.580586
4 0.759375 0.529687 0.775000 0.529687 0.775000 0.576562 0.759375 0.576562
4 0.784633 0.532359 0.798027 0.540407 0.773884 0.580586 0.760491 0.572539
4 0.804908 0.547658 0.812243 0.561454 0.770855 0.583461 0.763520 0.569664
4 0.800257 0.561454 0.807592 0.547658 0.848980 0.569664 0.841645 0.583461
4 0.814473 0.540407 0.827867 0.532359 0.852009 0.572539 0.838616 0.580586
4 0.837500 0.529687 0.853125 0.529687 0.853125 0.576562 0.837500 0.576562
4 0.862758 0.532359 0.876152 0.540407 0.852009 0.580586 0.838616 0.572539
4 0.883033 0.547658 0.890368 0.561454 0.848980 0.583461 0.841645 0.569664
4 0.878382 0.561454 0.885717 0.547658 0.927105 0.569664 0.919770 0.583461
4 0.892598 0.540407 0.905992 0.532359 0.930134 0.572539 0.916741 0.580586
4 0.915625 0.529687 0.931250 0.529687 0.931250 0.576562 0.915625 0.576562
4 0.940883 0.532359 0.954277 0.540407 0.930134 0.580586 0.916741 0.572539
4 0.961158 0.547658 0.968493 0.561454 0.927105 0.583461 0.919770 0.569664