1 0.074219 0.060156 0.082031 0.060156 0.082031 0.067969 0.074219 0.067969
1 0.082031 0.066406 0.089844 0.066406 0.089844 0.074219 0.082031 0.074219
1 0.094531 0.058594 0.102344 0.058594 0.102344 0.066406 0.094531 0.066406
1 0.107031 0.060156 0.114844 0.060156 0.114844 0.067969 0.107031 0.067969
1 0.119531 0.058594 0.127344 0.058594 0.127344 0.066406 0.119531 0.066406
1 0.130469 0.063281 0.138281 0.063281 0.138281 0.071094 0.130469 0.071094
1 0.147656 0.066406 0.155469 0.066406 0.155469 0.074219 0.147656 0.074219
1 0.157031 0.058594 0.164844 0.058594 0.164844 0.066406 0.157031 0.066406
1 0.172656 0.058594 0.180469 0.058594 0.180469 0.066406 0.172656 0.066406
1 0.186719 0.057031 0.194531 0.057031 0.194531 0.064844 0.186719 0.064844
1 0.199219 0.057031 0.207031 0.057031 0.207031 0.064844 0.199219 0.064844
1 0.205469 0.064844 0.213281 0.064844 0.213281 0.072656 0.205469 0.072656
1 0.224219 0.060156 0.232031 0.060156 0.232031 0.067969 0.224219 0.067969
1 0.232031 0.058594 0.239844 0.058594 0.239844 0.066406 0.232031 0.066406
1 0.246094 0.057031 0.253906 0.057031 0.253906 0.064844 0.246094 0.064844
1 0.260156 0.061719 0.267969 0.061719 0.267969 0.069531 0.260156 0.069531
1 0.272656 0.064844 0.280469 0.064844 0.280469 0.072656 0.272656 0.072656
1 0.282031 0.058594 0.289844 0.058594 0.289844 0.066406 0.282031 0.066406
1 0.294531 0.058594 0.302344 0.058594 0.302344 0.066406 0.294531 0.066406
1 0.305469 0.066406 0.313281 0.066406 0.313281 0.074219 0.305469 0.074219
1 0.319531 0.061719 0.327344 0.061719 0.327344 0.069531 0.319531 0.069531
1 0.333594 0.060156 0.341406 0.060156 0.341406 0.067969 0.333594 0.067969
1 0.349219 0.061719 0.357031 0.061719 0.357031 0.069531 0.349219 0.069531
1 0.357031 0.060156 0.364844 0.060156 0.364844 0.067969 0.357031 0.067969
1 0.374219 0.057031 0.382031 0.057031 0.382031 0.064844 0.374219 0.064844
1 0.042969 0.034375 0.103906 0.034375 0.103906 0.112500 0.042969 0.112500
1 0.102344 0.042188 0.163281 0.042188 0.163281 0.120313 0.102344 0.120313
1 0.153906 0.042188 0.214844 0.042188 0.214844 0.120313 0.153906 0.120313
1 0.210156 0.040625 0.271094 0.040625 0.271094 0.118750 0.210156 0.118750
1 0.269531 0.037500 0.330469 0.037500 0.330469 0.115625 0.269531 0.115625
1 0.324219 0.039062 0.385156 0.039062 0.385156 0.117188 0.324219 0.117188
1 0.385156 0.039062 0.446094 0.039062 0.446094 0.117188 0.385156 0.117188
1 0.436719 0.040625 0.497656 0.040625 0.497656 0.118750 0.436719 0.118750
1 0.492969 0.043750 0.553906 0.043750 0.553906 0.121875 0.492969 0.121875
1 0.547656 0.037500 0.608594 0.037500 0.608594 0.115625 0.547656 0.115625
1 0.610156 0.039062 0.671094 0.039062 0.671094 0.117188 0.610156 0.117188
1 0.663281 0.043750 0.724219 0.043750 0.724219 0.121875 0.663281 0.121875
1 0.719531 0.035937 0.780469 0.035937 0.780469 0.114062 0.719531 0.114062
1 0.774219 0.035937 0.835156 0.035937 0.835156 0.114062 0.774219 0.114062
1 0.832031 0.034375 0.892969 0.034375 0.892969 0.112500 0.832031 0.112500