2 0.053906 0.066406 0.061719 0.066406 0.061719 0.089844 0.053906 0.089844
2 0.066406 0.063281 0.074219 0.063281 0.074219 0.086719 0.066406 0.086719
2 0.082031 0.066406 0.089844 0.066406 0.089844 0.089844 0.082031 0.089844
2 0.092969 0.069531 0.100781 0.069531 0.100781 0.092969 0.092969 0.092969
2 0.105469 0.064844 0.113281 0.064844 0.113281 0.088281 0.105469 0.088281
2 0.122656 0.063281 0.130469 0.063281 0.130469 0.086719 0.122656 0.086719
2 0.128906 0.067969 0.136719 0.067969 0.136719 0.091406 0.128906 0.091406
2 0.146094 0.069531 0.153906 0.069531 0.153906 0.092969 0.146094 0.092969
2 0.153906 0.064844 0.161719 0.064844 0.161719 0.088281 0.153906 0.088281
2 0.172656 0.064844 0.180469 0.064844 0.180469 0.088281 0.172656 0.088281
2 0.185156 0.069531 0.192969 0.069531 0.192969 0.092969 0.185156 0.092969
2 0.196094 0.071094 0.203906 0.071094 0.203906 0.094531 0.196094 0.094531
2 0.205469 0.061719 0.213281 0.061719 0.213281 0.085156 0.205469 0.085156
2 0.219531 0.069531 0.227344 0.069531 0.227344 0.092969 0.219531 0.092969
2 0.233594 0.071094 0.241406 0.071094 0.241406 0.094531 0.233594 0.094531
2 0.244531 0.063281 0.252344 0.063281 0.252344 0.086719 0.244531 0.086719
2 0.260156 0.071094 0.267969 0.071094 0.267969 0.094531 0.260156 0.094531
2 0.272656 0.064844 0.280469 0.064844 0.280469 0.088281 0.272656 0.088281
2 0.283594 0.063281 0.291406 0.063281 0.291406 0.086719 0.283594 0.086719
2 0.296094 0.067969 0.303906 0.067969 0.303906 0.091406 0.296094 0.091406
2 0.308594 0.066406 0.316406 0.066406 0.316406 0.089844 0.308594 0.089844
2 0.319531 0.067969 0.327344 0.067969 0.327344 0.091406 0.319531 0.091406
2 0.335156 0.064844 0.342969 0.064844 0.342969 0.088281 0.335156 0.088281
2 0.344531 0.067969 0.352344 0.067969 0.352344 0.091406 0.344531 0.091406
2 0.355469 0.067969 0.363281 0.067969 0.363281 0.091406 0.355469 0.091406
0 0.039844 0.096094 0.075781 0.096094 0.075781 0.110156 0.039844 0.110156
0 0.072656 0.089844 0.108594 0.089844 0.108594 0.103906 0.072656 0.103906
0 0.107031 0.092969 0.142969 0.092969 0.142969 0.107031 0.107031 0.107031
0 0.144531 0.094531 0.180469 0.094531 0.180469 0.108594 0.144531 0.108594
0 0.171094 0.091406 0.207031 0.091406 0.207031 0.105469 0.171094 0.105469
0 0.203906 0.092969 0.239844 0.092969 0.239844 0.107031 0.203906 0.107031
0 0.241406 0.088281 0.277344 0.088281 0.277344 0.102344 0.241406 0.102344
0 0.271094 0.096094 0.307031 0.096094 0.307031 0.110156 0.271094 0.110156
0 0.303906 0.092969 0.339844 0.092969 0.339844 0.107031 0.303906 0.107031
0 0.341406 0.092969 0.377344 0.092969 0.377344 0.107031 0.341406 0.107031
0 0.372656 0.092969 0.408594 0.092969 0.408594 0.107031 0.372656 0.107031
0 0.402344 0.092969 0.438281 0.092969 0.438281 0.107031 0.402344 0.107031
0 0.439844 0.094531 0.475781 0.094531 0.475781 0.108594 0.439844 0.108594
0 0.467969 0.096094 0.503906 0.096094 0.503906 0.110156 0.467969 0.110156
0 0.500781 0.094531 0.536719 0.094531 0.536719 0.108594 0.500781 0.108594
0 0.532031 0.094531 0.567969 0.094531 0.567969 0.108594 0.532031 0.108594
0 0.566406 0.096094 0.602344 0.096094 0.602344 0.110156 0.566406 0.110156
0 0.599219 0.097656 0.635156 0.097656 0.635156 0.111719 0.599219 0.111719
0 0.630469 0.088281 0.666406 0.088281 0.666406 0.102344 0.630469 0.102344
0 0.664844 0.094531 0.700781 0.094531 0.700781 0.108594 0.664844 0.108594
0 0.699219 0.091406 0.735156 0.091406 0.735156 0.105469 0.699219 0.105469
0 0.732031 0.089844 0.767969 0.089844 0.767969 0.103906 0.732031 0.103906
0 0.766406 0.091406 0.802344 0.091406 0.802344 0.105469 0.766406 0.105469
0 0.796094 0.092969 0.832031 0.092969 0.832031 0.107031 0.796094 0.107031
0 0.828906 0.089844 0.864844 0.089844 0.864844 0.103906 0.828906 0.103906