0 0.035937 0.075781 0.092188 0.075781 0.092188 0.105469 0.035937 0.105469
0 0.148438 0.075781 0.204687 0.075781 0.204687 0.105469 0.148438 0.105469
0 0.260937 0.075781 0.317188 0.075781 0.317188 0.105469 0.260937 0.105469
0 0.373437 0.075781 0.429688 0.075781 0.429688 0.105469 0.373437 0.105469
0 0.485938 0.075781 0.542188 0.075781 0.542188 0.105469 0.485938 0.105469
0 0.710938 0.075781 0.767188 0.075781 0.767188 0.105469 0.710938 0.105469
6 0.045312 0.129688 0.082812 0.129688 0.082812 0.170313 0.045312 0.170313
6 0.089063 0.129688 0.126562 0.129688 0.126562 0.170313 0.089063 0.170313
6 0.128125 0.129688 0.165625 0.129688 0.165625 0.170313 0.128125 0.170313
6 0.165625 0.129688 0.203125 0.129688 0.203125 0.170313 0.165625 0.170313
6 0.206250 0.129688 0.243750 0.129688 0.243750 0.170313 0.206250 0.170313
6 0.248438 0.129688 0.285938 0.129688 0.285938 0.170313 0.248438 0.170313
6 0.287500 0.129688 0.325000 0.129688 0.325000 0.170313 0.287500 0.170313
6 0.328125 0.129688 0.365625 0.129688 0.365625 0.170313 0.328125 0.170313
6 0.368750 0.129688 0.406250 0.129688 0.406250 0.170313 0.368750 0.170313
6 0.410938 0.129688 0.448437 0.129688 0.448437 0.170313 0.410938 0.170313
6 0.450000 0.129688 0.487500 0.129688 0.487500 0.170313 0.450000 0.170313
6 0.490625 0.129688 0.528125 0.129688 0.528125 0.170313 0.490625 0.170313
6 0.534375 0.129688 0.571875 0.129688 0.571875 0.170313 0.534375 0.170313
6 0.573438 0.129688 0.610938 0.129688 0.610938 0.170313 0.573438 0.170313
6 0.610938 0.129688 0.648438 0.129688 0.648438 0.170313 0.610938 0.170313
6 0.651563 0.129688 0.689063 0.129688 0.689063 0.170313 0.651563 0.170313
6 0.692187 0.129688 0.729688 0.129688 0.729688 0.170313 0.692187 0.170313
6 0.735938 0.129688 0.773438 0.129688 0.773438 0.170313 0.735938 0.170313
6 0.776563 0.129688 0.814063 0.129688 0.814063 0.170313 0.776563 0.170313
6 0.815625 0.129688 0.853125 0.129688 0.853125 0.170313 0.815625 0.170313
6 0.856250 0.129688 0.893750 0.129688 0.893750 0.170313 0.856250 0.170313
6 0.895312 0.129688 0.932813 0.129688 0.932813 0.170313 0.895312 0.170313
6 0.939063 0.129688 0.976562 0.129688 0.976562 0.170313 0.939063 0.170313
4 0.028317 0.143664 0.079141 0.104665 0.145725 0.191438 0.094900 0.230437
4 0.045058 0.125347 0.103119 0.098273 0.149343 0.197401 0.091282 0.224474
4 0.065367 0.111088 0.127911 0.097222 0.151584 0.204005 0.089041 0.217870
4 0.088281 0.101562 0.152344 0.101562 0.152344 0.210938 0.088281 0.210938
4 0.112714 0.097222 0.175258 0.111088 0.151584 0.217870 0.089041 0.204005
4 0.137506 0.098273 0.195567 0.125347 0.149343 0.224474 0.091282 0.197401
4 0.161484 0.104665 0.212308 0.143664 0.145725 0.230437 0.094900 0.191438
0 0.092188 0.196094 0.148438 0.196094 0.148438 0.225781 0.092188 0.225781
4 0.140817 0.143664 0.191641 0.104665 0.258225 0.191438 0.207400 0.230437
4 0.157558 0.125347 0.215619 0.098273 0.261843 0.197401 0.203782 0.224474
4 0.177867 0.111088 0.240411 0.097222 0.264084 0.204005 0.201541 0.217870
4 0.200781 0.101562 0.264844 0.101562 0.264844 0.210938 0.200781 0.210938
4 0.225214 0.097222 0.287758 0.111088 0.264084 0.217870 0.201541 0.204005
4 0.250006 0.098273 0.308067 0.125347 0.261843 0.224474 0.203782 0.197401
4 0.273984 0.104665 0.324808 0.143664 0.258225 0.230437 0.207400 0.191438
0 0.204687 0.196094 0.260937 0.196094 0.260937 0.225781 0.204687 0.225781
4 0.253317 0.143664 0.304141 0.104665 0.370725 0.191438 0.319900 0.230437
4 0.270058 0.125347 0.328119 0.098273 0.374343 0.197401 0.316282 0.224474
4 0.290367 0.111088 0.352911 0.097222 0.376584 0.204005 0.314041 0.217870
4 0.313281 0.101562 0.377344 0.101562 0.377344 0.210938 0.313281 0.210938
4 0.337714 0.097222 0.400258 0.111088 0.376584 0.217870 0.314041 0.204005
4 0.362506 0.098273 0.420567 0.125347 0.374343 0.224474 0.316282 0.197401
4 0.386484 0.104665 0.437308 0.143664 0.370725 0.230437 0.319900 0.191438
0 0.317188 0.196094 0.373437 0.196094 0.373437 0.225781 0.317188 0.225781
4 0.365817 0.143664 0.416641 0.104665 0.483225 0.191438 0.432400 0.230437
4 0.382558 0.125347 0.440619 0.098273 0.486843 0.197401 0.428782 0.224474
4 0.402867 0.111088 0.465411 0.097222 0.489084 0.204005 0.426541 0.217870
4 0.425781 0.101562 0.489844 0.101562 0.489844 0.210938 0.425781 0.210938
4 0.450214 0.097222 0.512758 0.111088 0.489084 0.217870 0.426541 0.204005
4 0.475006 0.098273 0.533067 0.125347 0.486843 0.224474 0.428782 0.197401
4 0.498984 0.104665 0.549808 0.143664 0.483225 0.230437 0.432400 0.191438
0 0.429688 0.196094 0.485938 0.196094 0.485938 0.225781 0.429688 0.225781
4 0.478317 0.143664 0.529141 0.104665 0.595725 0.191438 0.544900 0.230437
4 0.495058 0.125347 0.553119 0.098273 0.599343 0.197401 0.541282 0.224474
4 0.515367 0.111088 0.577911 0.097222 0.601584 0.204005 0.539041 0.217870
4 0.538281 0.101562 0.602344 0.101562 0.602344 0.210938 0.538281 0.210938
4 0.562714 0.097222 0.625258 0.111088 0.601584 0.217870 0.539041 0.204005
4 0.587506 0.098273 0.645567 0.125347 0.599343 0.224474 0.541282 0.197401
4 0.611484 0.104665 0.662308 0.143664 0.595725 0.230437 0.544900 0.191438
0 0.542188 0.196094 0.598437 0.196094 0.598437 0.225781 0.542188 0.225781
4 0.590817 0.143664 0.641641 0.104665 0.708225 0.191438 0.657400 0.230437
4 0.607558 0.125347 0.665619 0.098273 0.711843 0.197401 0.653782 0.224474
4 0.627867 0.111088 0.690411 0.097222 0.714084 0.204005 0.651541 0.217870
4 0.650781 0.101562 0.714844 0.101562 0.714844 0.210938 0.650781 0.210938
4 0.675214 0.097222 0.737758 0.111088 0.714084 0.217870 0.651541 0.204005
4 0.700006 0.098273 0.758067 0.125347 0.711843 0.224474 0.653782 0.197401
4 0.723984 0.104665 0.774808 0.143664 0.708225 0.230437 0.657400 0.191438
4 0.703317 0.143664 0.754141 0.104665 0.820725 0.191438 0.769900 0.230437
4 0.720058 0.125347 0.778119 0.098273 0.824343 0.197401 0.766282 0.224474
4 0.740367 0.111088 0.802911 0.097222 0.826584 0.204005 0.764041 0.217870
4 0.763281 0.101562 0.827344 0.101562 0.827344 0.210938 0.763281 0.210938
4 0.787714 0.097222 0.850258 0.111088 0.826584 0.217870 0.764041 0.204005
4 0.812506 0.098273 0.870567 0.125347 0.824343 0.224474 0.766282 0.197401
4 0.836484 0.104665 0.887308 0.143664 0.820725 0.230437 0.769900 0.191438
0 0.767188 0.196094 0.823438 0.196094 0.823438 0.225781 0.767188 0.225781
4 0.815817 0.143664 0.866641 0.104665 0.933225 0.191438 0.882400 0.230437
4 0.832558 0.125347 0.890619 0.098273 0.936843 0.197401 0.878782 0.224474
4 0.852867 0.111088 0.915411 0.097222 0.939084 0.204005 0.876541 0.217870
4 0.875781 0.101562 0.939844 0.101562 0.939844 0.210938 0.875781 0.210938
4 0.900214 0.097222 0.962758 0.111088 0.939084 0.217870 0.876541 0.204005
4 0.925006 0.098273 0.983067 0.125347 0.936843 0.224474 0.878782 0.197401
4 0.948984 0.104665 0.999808 0.143664 0.933225 0.230437 0.882400 0.191438
0 0.879687 0.196094 0.935937 0.196094 0.935937 0.225781 0.879687 0.225781
6 0.042188 0.250000 0.079687 0.250000 0.079687 0.290625 0.042188 0.290625
6 0.081250 0.250000 0.118750 0.250000 0.118750 0.290625 0.081250 0.290625
6 0.114062 0.250000 0.151562 0.250000 0.151562 0.290625 0.114062 0.290625
6 0.146875 0.250000 0.184375 0.250000 0.184375 0.290625 0.146875 0.290625
6 0.182812 0.250000 0.220312 0.250000 0.220312 0.290625 0.182812 0.290625
6 0.215625 0.250000 0.253125 0.250000 0.253125 0.290625 0.215625 0.290625
6 0.248438 0.250000 0.285938 0.250000 0.285938 0.290625 0.248438 0.290625
6 0.282813 0.250000 0.320312 0.250000 0.320312 0.290625 0.282813 0.290625
6 0.323437 0.250000 0.360938 0.250000 0.360938 0.290625 0.323437 0.290625
6 0.354687 0.250000 0.392188 0.250000 0.392188 0.290625 0.354687 0.290625
6 0.387500 0.250000 0.425000 0.250000 0.425000 0.290625 0.387500 0.290625
6 0.426563 0.250000 0.464062 0.250000 0.464062 0.290625 0.426563 0.290625
6 0.460938 0.250000 0.498437 0.250000 0.498437 0.290625 0.460938 0.290625
6 0.495312 0.250000 0.532813 0.250000 0.532813 0.290625 0.495312 0.290625
6 0.529687 0.250000 0.567187 0.250000 0.567187 0.290625 0.529687 0.290625
6 0.559375 0.250000 0.596875 0.250000 0.596875 0.290625 0.559375 0.290625
6 0.598437 0.250000 0.635938 0.250000 0.635938 0.290625 0.598437 0.290625
6 0.626563 0.250000 0.664062 0.250000 0.664062 0.290625 0.626563 0.290625
6 0.662500 0.250000 0.700000 0.250000 0.700000 0.290625 0.662500 0.290625
6 0.695312 0.250000 0.732812 0.250000 0.732812 0.290625 0.695312 0.290625
6 0.734375 0.250000 0.771875 0.250000 0.771875 0.290625 0.734375 0.290625
6 0.770312 0.250000 0.807813 0.250000 0.807813 0.290625 0.770312 0.290625
6 0.803125 0.250000 0.840625 0.250000 0.840625 0.290625 0.803125 0.290625
6 0.835938 0.250000 0.873437 0.250000 0.873437 0.290625 0.835938 0.290625
6 0.871875 0.250000 0.909375 0.250000 0.909375 0.290625 0.871875 0.290625
6 0.906250 0.250000 0.943750 0.250000 0.943750 0.290625 0.906250 0.290625
6 0.942187 0.250000 0.979688 0.250000 0.979688 0.290625 0.942187 0.290625
4 0.009117 0.231400 0.071661 0.217535 0.095334 0.324317 0.032791 0.338183
4 0.032031 0.221875 0.096094 0.221875 0.096094 0.331250 0.032031 0.331250
4 0.056464 0.217535 0.119008 0.231400 0.095334 0.338183 0.032791 0.324317
4 0.081256 0.218586 0.139317 0.245660 0.093093 0.344787 0.035032 0.317713
4 0.105234 0.224978 0.156058 0.263976 0.089475 0.350749 0.038650 0.311751
0 0.035937 0.316406 0.092188 0.316406 0.092188 0.346094 0.035937 0.346094
4 0.084567 0.263976 0.135391 0.224978 0.201975 0.311751 0.151150 0.350749
4 0.101308 0.245660 0.159369 0.218586 0.205593 0.317713 0.147532 0.344787
4 0.121617 0.231400 0.184161 0.217535 0.207834 0.324317 0.145291 0.338183
4 0.144531 0.221875 0.208594 0.221875 0.208594 0.331250 0.144531 0.331250
4 0.168964 0.217535 0.231508 0.231400 0.207834 0.338183 0.145291 0.324317
4 0.193756 0.218586 0.251817 0.245660 0.205593 0.344787 0.147532 0.317713
4 0.217734 0.224978 0.268558 0.263976 0.201975 0.350749 0.151150 0.311751
4 0.197067 0.263976 0.247891 0.224978 0.314475 0.311751 0.263650 0.350749
4 0.213808 0.245660 0.271869 0.218586 0.318093 0.317713 0.260032 0.344787
4 0.234117 0.231400 0.296661 0.217535 0.320334 0.324317 0.257791 0.338183
4 0.257031 0.221875 0.321094 0.221875 0.321094 0.331250 0.257031 0.331250
4 0.281464 0.217535 0.344008 0.231400 0.320334 0.338183 0.257791 0.324317
4 0.306256 0.218586 0.364317 0.245660 0.318093 0.344787 0.260032 0.317713
4 0.330234 0.224978 0.381058 0.263976 0.314475 0.350749 0.263650 0.311751
4 0.309567 0.263976 0.360391 0.224978 0.426975 0.311751 0.376150 0.350749
4 0.326308 0.245660 0.384369 0.218586 0.430593 0.317713 0.372532 0.344787
4 0.346617 0.231400 0.409161 0.217535 0.432834 0.324317 0.370291 0.338183
4 0.369531 0.221875 0.433594 0.221875 0.433594 0.331250 0.369531 0.331250
4 0.393964 0.217535 0.456508 0.231400 0.432834 0.338183 0.370291 0.324317
4 0.418756 0.218586 0.476817 0.245660 0.430593 0.344787 0.372532 0.317713
4 0.442734 0.224978 0.493558 0.263976 0.426975 0.350749 0.376150 0.311751
0 0.373437 0.316406 0.429688 0.316406 0.429688 0.346094 0.373437 0.346094
4 0.422067 0.263976 0.472891 0.224978 0.539475 0.311751 0.488650 0.350749
4 0.438808 0.245660 0.496869 0.218586 0.543093 0.317713 0.485032 0.344787
4 0.459117 0.231400 0.521661 0.217535 0.545334 0.324317 0.482791 0.338183
4 0.482031 0.221875 0.546094 0.221875 0.546094 0.331250 0.482031 0.331250
4 0.506464 0.217535 0.569008 0.231400 0.545334 0.338183 0.482791 0.324317
4 0.531256 0.218586 0.589317 0.245660 0.543093 0.344787 0.485032 0.317713
4 0.555234 0.224978 0.606058 0.263976 0.539475 0.350749 0.488650 0.311751
4 0.534567 0.263976 0.585391 0.224978 0.651975 0.311751 0.601150 0.350749
4 0.551308 0.245660 0.609369 0.218586 0.655593 0.317713 0.597532 0.344787
4 0.571617 0.231400 0.634161 0.217535 0.657834 0.324317 0.595291 0.338183
4 0.594531 0.221875 0.658594 0.221875 0.658594 0.331250 0.594531 0.331250
4 0.618964 0.217535 0.681508 0.231400 0.657834 0.338183 0.595291 0.324317
4 0.643756 0.218586 0.701817 0.245660 0.655593 0.344787 0.597532 0.317713
4 0.667734 0.224978 0.718558 0.263976 0.651975 0.350749 0.601150 0.311751
0 0.598437 0.316406 0.654687 0.316406 0.654687 0.346094 0.598437 0.346094
4 0.647067 0.263976 0.697891 0.224978 0.764475 0.311751 0.713650 0.350749
4 0.663808 0.245660 0.721869 0.218586 0.768093 0.317713 0.710032 0.344787
4 0.684117 0.231400 0.746661 0.217535 0.770334 0.324317 0.707791 0.338183
4 0.707031 0.221875 0.771094 0.221875 0.771094 0.331250 0.707031 0.331250
4 0.731464 0.217535 0.794008 0.231400 0.770334 0.338183 0.707791 0.324317
4 0.756256 0.218586 0.814317 0.245660 0.768093 0.344787 0.710032 0.317713
4 0.780234 0.224978 0.831058 0.263976 0.764475 0.350749 0.713650 0.311751
0 0.710938 0.316406 0.767188 0.316406 0.767188 0.346094 0.710938 0.346094
4 0.759567 0.263976 0.810391 0.224978 0.876975 0.311751 0.826150 0.350749
4 0.776308 0.245660 0.834369 0.218586 0.880593 0.317713 0.822532 0.344787
4 0.796617 0.231400 0.859161 0.217535 0.882834 0.324317 0.820291 0.338183
4 0.819531 0.221875 0.883594 0.221875 0.883594 0.331250 0.819531 0.331250
4 0.843964 0.217535 0.906508 0.231400 0.882834 0.338183 0.820291 0.324317
4 0.868756 0.218586 0.926817 0.245660 0.880593 0.344787 0.822532 0.317713
4 0.892734 0.224978 0.943558 0.263976 0.876975 0.350749 0.826150 0.311751
0 0.823438 0.316406 0.879687 0.316406 0.879687 0.346094 0.823438 0.346094
4 0.872067 0.263976 0.922891 0.224978 0.989475 0.311751 0.938650 0.350749
4 0.888808 0.245660 0.946869 0.218586 0.993093 0.317713 0.935032 0.344787
4 0.909117 0.231400 0.971661 0.217535 0.995334 0.324317 0.932791 0.338183
4 0.932031 0.221875 0.996094 0.221875 0.996094 0.331250 0.932031 0.331250
0 0.935937 0.316406 0.992188 0.316406 0.992188 0.346094 0.935937 0.346094
6 0.046875 0.370312 0.084375 0.370312 0.084375 0.410938 0.046875 0.410938
6 0.084375 0.370312 0.121875 0.370312 0.121875 0.410938 0.084375 0.410938
6 0.121875 0.370312 0.159375 0.370312 0.159375 0.410938 0.121875 0.410938
6 0.154688 0.370312 0.192188 0.370312 0.192188 0.410938 0.154688 0.410938
6 0.193750 0.370312 0.231250 0.370312 0.231250 0.410938 0.193750 0.410938
6 0.232813 0.370312 0.270313 0.370312 0.270313 0.410938 0.232813 0.410938
6 0.271875 0.370312 0.309375 0.370312 0.309375 0.410938 0.271875 0.410938
6 0.309375 0.370312 0.346875 0.370312 0.346875 0.410938 0.309375 0.410938
6 0.348438 0.370312 0.385937 0.370312 0.385937 0.410938 0.348438 0.410938
6 0.382812 0.370312 0.420312 0.370312 0.420312 0.410938 0.382812 0.410938
6 0.423438 0.370312 0.460938 0.370312 0.460938 0.410938 0.423438 0.410938
6 0.459375 0.370312 0.496875 0.370312 0.496875 0.410938 0.459375 0.410938
6 0.496875 0.370312 0.534375 0.370312 0.534375 0.410938 0.496875 0.410938
6 0.534375 0.370312 0.571875 0.370312 0.571875 0.410938 0.534375 0.410938
6 0.570312 0.370312 0.607812 0.370312 0.607812 0.410938 0.570312 0.410938
6 0.609375 0.370312 0.646875 0.370312 0.646875 0.410938 0.609375 0.410938
6 0.648438 0.370312 0.685937 0.370312 0.685937 0.410938 0.648438 0.410938
6 0.681250 0.370312 0.718750 0.370312 0.718750 0.410938 0.681250 0.410938
6 0.721875 0.370312 0.759375 0.370312 0.759375 0.410938 0.721875 0.410938
6 0.757812 0.370312 0.795312 0.370312 0.795312 0.410938 0.757812 0.410938
6 0.798438 0.370312 0.835938 0.370312 0.835938 0.410938 0.798438 0.410938
6 0.829688 0.370312 0.867188 0.370312 0.867188 0.410938 0.829688 0.410938
6 0.868750 0.370312 0.906250 0.370312 0.906250 0.410938 0.868750 0.410938
6 0.910937 0.370312 0.948438 0.370312 0.948438 0.410938 0.910937 0.410938
4 0.028317 0.384289 0.079141 0.345290 0.145725 0.432063 0.094900 0.471062
4 0.045058 0.365972 0.103119 0.338898 0.149343 0.438026 0.091282 0.465099
4 0.065367 0.351713 0.127911 0.337847 0.151584 0.444630 0.089041 0.458495
4 0.088281 0.342187 0.152344 0.342187 0.152344 0.451562 0.088281 0.451562
4 0.112714 0.337847 0.175258 0.351713 0.151584 0.458495 0.089041 0.444630
4 0.137506 0.338898 0.195567 0.365972 0.149343 0.465099 0.091282 0.438026
4 0.161484 0.345290 0.212308 0.384289 0.145725 0.471062 0.094900 0.432063
4 0.140817 0.384289 0.191641 0.345290 0.258225 0.432063 0.207400 0.471062
4 0.157558 0.365972 0.215619 0.338898 0.261843 0.438026 0.203782 0.465099
4 0.177867 0.351713 0.240411 0.337847 0.264084 0.444630 0.201541 0.458495
4 0.200781 0.342187 0.264844 0.342187 0.264844 0.451562 0.200781 0.451562
4 0.225214 0.337847 0.287758 0.351713 0.264084 0.458495 0.201541 0.444630
4 0.250006 0.338898 0.308067 0.365972 0.261843 0.465099 0.203782 0.438026
4 0.273984 0.345290 0.324808 0.384289 0.258225 0.471062 0.207400 0.432063
0 0.204687 0.436719 0.260937 0.436719 0.260937 0.466406 0.204687 0.466406
4 0.253317 0.384289 0.304141 0.345290 0.370725 0.432063 0.319900 0.471062
4 0.270058 0.365972 0.328119 0.338898 0.374343 0.438026 0.316282 0.465099
4 0.290367 0.351713 0.352911 0.337847 0.376584 0.444630 0.314041 0.458495
4 0.313281 0.342187 0.377344 0.342187 0.377344 0.451562 0.313281 0.451562
4 0.337714 0.337847 0.400258 0.351713 0.376584 0.458495 0.314041 0.444630
4 0.362506 0.338898 0.420567 0.365972 0.374343 0.465099 0.316282 0.438026
4 0.386484 0.345290 0.437308 0.384289 0.370725 0.471062 0.319900 0.432063
4 0.365817 0.384289 0.416641 0.345290 0.483225 0.432063 0.432400 0.471062
4 0.382558 0.365972 0.440619 0.338898 0.486843 0.438026 0.428782 0.465099
4 0.402867 0.351713 0.465411 0.337847 0.489084 0.444630 0.426541 0.458495
4 0.425781 0.342187 0.489844 0.342187 0.489844 0.451562 0.425781 0.451562
4 0.450214 0.337847 0.512758 0.351713 0.489084 0.458495 0.426541 0.444630
4 0.475006 0.338898 0.533067 0.365972 0.486843 0.465099 0.428782 0.438026
4 0.498984 0.345290 0.549808 0.384289 0.483225 0.471062 0.432400 0.432063
0 0.429688 0.436719 0.485938 0.436719 0.485938 0.466406 0.429688 0.466406
4 0.478317 0.384289 0.529141 0.345290 0.595725 0.432063 0.544900 0.471062
4 0.495058 0.365972 0.553119 0.338898 0.599343 0.438026 0.541282 0.465099
4 0.515367 0.351713 0.577911 0.337847 0.601584 0.444630 0.539041 0.458495
4 0.538281 0.342187 0.602344 0.342187 0.602344 0.451562 0.538281 0.451562
4 0.562714 0.337847 0.625258 0.351713 0.601584 0.458495 0.539041 0.444630
4 0.587506 0.338898 0.645567 0.365972 0.599343 0.465099 0.541282 0.438026
4 0.611484 0.345290 0.662308 0.384289 0.595725 0.471062 0.544900 0.432063
0 0.542188 0.436719 0.598437 0.436719 0.598437 0.466406 0.542188 0.466406
4 0.590817 0.384289 0.641641 0.345290 0.708225 0.432063 0.657400 0.471062
4 0.607558 0.365972 0.665619 0.338898 0.711843 0.438026 0.653782 0.465099
4 0.627867 0.351713 0.690411 0.337847 0.714084 0.444630 0.651541 0.458495
4 0.650781 0.342187 0.714844 0.342187 0.714844 0.451562 0.650781 0.451562
4 0.675214 0.337847 0.737758 0.351713 0.714084 0.458495 0.651541 0.444630
4 0.700006 0.338898 0.758067 0.365972 0.711843 0.465099 0.653782 0.438026
4 0.723984 0.345290 0.774808 0.384289 0.708225 0.471062 0.657400 0.432063
4 0.703317 0.384289 0.754141 0.345290 0.820725 0.432063 0.769900 0.471062
4 0.720058 0.365972 0.778119 0.338898 0.824343 0.438026 0.766282 0.465099
4 0.740367 0.351713 0.802911 0.337847 0.826584 0.444630 0.764041 0.458495
4 0.763281 0.342187 0.827344 0.342187 0.827344 0.451562 0.763281 0.451562
4 0.787714 0.337847 0.850258 0.351713 0.826584 0.458495 0.764041 0.444630
4 0.812506 0.338898 0.870567 0.365972 0.824343 0.465099 0.766282 0.438026
4 0.836484 0.345290 0.887308 0.384289 0.820725 0.471062 0.769900 0.432063
0 0.767188 0.436719 0.823438 0.436719 0.823438 0.466406 0.767188 0.466406
4 0.815817 0.384289 0.866641 0.345290 0.933225 0.432063 0.882400 0.471062
4 0.832558 0.365972 0.890619 0.338898 0.936843 0.438026 0.878782 0.465099
4 0.852867 0.351713 0.915411 0.337847 0.939084 0.444630 0.876541 0.458495
4 0.875781 0.342187 0.939844 0.342187 0.939844 0.451562 0.875781 0.451562
4 0.900214 0.337847 0.962758 0.351713 0.939084 0.458495 0.876541 0.444630
4 0.925006 0.338898 0.983067 0.365972 0.936843 0.465099 0.878782 0.438026
4 0.948984 0.345290 0.999808 0.384289 0.933225 0.471062 0.882400 0.432063
6 0.045312 0.490625 0.082812 0.490625 0.082812 0.531250 0.045312 0.531250
6 0.079687 0.490625 0.117188 0.490625 0.117188 0.531250 0.079687 0.531250
6 0.115625 0.490625 0.153125 0.490625 0.153125 0.531250 0.115625 0.531250
6 0.150000 0.490625 0.187500 0.490625 0.187500 0.531250 0.150000 0.531250
6 0.181250 0.490625 0.218750 0.490625 0.218750 0.531250 0.181250 0.531250
6 0.217188 0.490625 0.254688 0.490625 0.254688 0.531250 0.217188 0.531250
6 0.251563 0.490625 0.289062 0.490625 0.289062 0.531250 0.251563 0.531250
6 0.287500 0.490625 0.325000 0.490625 0.325000 0.531250 0.287500 0.531250
6 0.323437 0.490625 0.360938 0.490625 0.360938 0.531250 0.323437 0.531250
6 0.353125 0.490625 0.390625 0.490625 0.390625 0.531250 0.353125 0.531250
6 0.385937 0.490625 0.423438 0.490625 0.423438 0.531250 0.385937 0.531250
6 0.420312 0.490625 0.457813 0.490625 0.457813 0.531250 0.420312 0.531250
6 0.454688 0.490625 0.492188 0.490625 0.492188 0.531250 0.454688 0.531250
6 0.490625 0.490625 0.528125 0.490625 0.528125 0.531250 0.490625 0.531250
6 0.528125 0.490625 0.565625 0.490625 0.565625 0.531250 0.528125 0.531250
6 0.562500 0.490625 0.600000 0.490625 0.600000 0.531250 0.562500 0.531250
6 0.598437 0.490625 0.635938 0.490625 0.635938 0.531250 0.598437 0.531250
6 0.628125 0.490625 0.665625 0.490625 0.665625 0.531250 0.628125 0.531250
6 0.664062 0.490625 0.701562 0.490625 0.701562 0.531250 0.664062 0.531250
6 0.696875 0.490625 0.734375 0.490625 0.734375 0.531250 0.696875 0.531250
6 0.735938 0.490625 0.773438 0.490625 0.773438 0.531250 0.735938 0.531250
6 0.764062 0.490625 0.801562 0.490625 0.801562 0.531250 0.764062 0.531250
6 0.800000 0.490625 0.837500 0.490625 0.837500 0.531250 0.800000 0.531250
6 0.837500 0.490625 0.875000 0.490625 0.875000 0.531250 0.837500 0.531250
6 0.868750 0.490625 0.906250 0.490625 0.906250 0.531250 0.868750 0.531250
6 0.904687 0.490625 0.942187 0.490625 0.942187 0.531250 0.904687 0.531250
6 0.937500 0.490625 0.975000 0.490625 0.975000 0.531250 0.937500 0.531250
4 0.009117 0.472025 0.071661 0.458160 0.095334 0.564942 0.032791 0.578808
4 0.032031 0.462500 0.096094 0.462500 0.096094 0.571875 0.032031 0.571875
4 0.056464 0.458160 0.119008 0.472025 0.095334 0.578808 0.032791 0.564942
4 0.081256 0.459211 0.139317 0.486285 0.093093 0.585412 0.035032 0.558338
4 0.105234 0.465603 0.156058 0.504601 0.089475 0.591374 0.038650 0.552376
4 0.084567 0.504601 0.135391 0.465603 0.201975 0.552376 0.151150 0.591374
4 0.101308 0.486285 0.159369 0.459211 0.205593 0.558338 0.147532 0.585412
4 0.121617 0.472025 0.184161 0.458160 0.207834 0.564942 0.145291 0.578808
4 0.144531 0.462500 0.208594 0.462500 0.208594 0.571875 0.144531 0.571875
4 0.168964 0.458160 0.231508 0.472025 0.207834 0.578808 0.145291 0.564942
4 0.193756 0.459211 0.251817 0.486285 0.205593 0.585412 0.147532 0.558338
4 0.217734 0.465603 0.268558 0.504601 0.201975 0.591374 0.151150 0.552376
0 0.148438 0.557031 0.204687 0.557031 0.204687 0.586719 0.148438 0.586719
4 0.197067 0.504601 0.247891 0.465603 0.314475 0.552376 0.263650 0.591374
4 0.213808 0.486285 0.271869 0.459211 0.318093 0.558338 0.260032 0.585412
4 0.234117 0.472025 0.296661 0.458160 0.320334 0.564942 0.257791 0.578808
4 0.257031 0.462500 0.321094 0.462500 0.321094 0.571875 0.257031 0.571875
4 0.281464 0.458160 0.344008 0.472025 0.320334 0.578808 0.257791 0.564942
4 0.306256 0.459211 0.364317 0.486285 0.318093 0.585412 0.260032 0.558338
4 0.330234 0.465603 0.381058 0.504601 0.314475 0.591374 0.263650 0.552376
0 0.260937 0.557031 0.317188 0.557031 0.317188 0.586719 0.260937 0.586719
4 0.309567 0.504601 0.360391 0.465603 0.426975 0.552376 0.376150 0.591374
4 0.326308 0.486285 0.384369 0.459211 0.430593 0.558338 0.372532 0.585412
4 0.346617 0.472025 0.409161 0.458160 0.432834 0.564942 0.370291 0.578808
4 0.369531 0.462500 0.433594 0.462500 0.433594 0.571875 0.369531 0.571875
4 0.393964 0.458160 0.456508 0.472025 0.432834 0.578808 0.370291 0.564942
4 0.418756 0.459211 0.476817 0.486285 0.430593 0.585412 0.372532 0.558338
4 0.442734 0.465603 0.493558 0.504601 0.426975 0.591374 0.376150 0.552376
4 0.422067 0.504601 0.472891 0.465603 0.539475 0.552376 0.488650 0.591374
4 0.438808 0.486285 0.496869 0.459211 0.543093 0.558338 0.485032 0.585412
4 0.459117 0.472025 0.521661 0.458160 0.545334 0.564942 0.482791 0.578808
4 0.482031 0.462500 0.546094 0.462500 0.546094 0.571875 0.482031 0.571875
4 0.506464 0.458160 0.569008 0.472025 0.545334 0.578808 0.482791 0.564942
4 0.531256 0.459211 0.589317 0.486285 0.543093 0.585412 0.485032 0.558338
4 0.555234 0.465603 0.606058 0.504601 0.539475 0.591374 0.488650 0.552376
0 0.485938 0.557031 0.542188 0.557031 0.542188 0.586719 0.485938 0.586719
4 0.534567 0.504601 0.585391 0.465603 0.651975 0.552376 0.601150 0.591374
4 0.551308 0.486285 0.609369 0.459211 0.655593 0.558338 0.597532 0.585412
4 0.571617 0.472025 0.634161 0.458160 0.657834 0.564942 0.595291 0.578808
4 0.594531 0.462500 0.658594 0.462500 0.658594 0.571875 0.594531 0.571875
4 0.618964 0.458160 0.681508 0.472025 0.657834 0.578808 0.595291 0.564942
4 0.643756 0.459211 0.701817 0.486285 0.655593 0.585412 0.597532 0.558338
4 0.667734 0.465603 0.718558 0.504601 0.651975 0.591374 0.601150 0.552376
4 0.647067 0.504601 0.697891 0.465603 0.764475 0.552376 0.713650 0.591374
4 0.663808 0.486285 0.721869 0.459211 0.768093 0.558338 0.710032 0.585412
4 0.684117 0.472025 0.746661 0.458160 0.770334 0.564942 0.707791 0.578808
4 0.707031 0.462500 0.771094 0.462500 0.771094 0.571875 0.707031 0.571875
4 0.731464 0.458160 0.794008 0.472025 0.770334 0.578808 0.707791 0.564942
4 0.756256 0.459211 0.814317 0.486285 0.768093 0.585412 0.710032 0.558338
4 0.780234 0.465603 0.831058 0.504601 0.764475 0.591374 0.713650 0.552376
0 0.710938 0.557031 0.767188 0.557031 0.767188 0.586719 0.710938 0.586719
4 0.759567 0.504601 0.810391 0.465603 0.876975 0.552376 0.826150 0.591374
4 0.776308 0.486285 0.834369 0.459211 0.880593 0.558338 0.822532 0.585412
4 0.796617 0.472025 0.859161 0.458160 0.882834 0.564942 0.820291 0.578808
4 0.819531 0.462500 0.883594 0.462500 0.883594 0.571875 0.819531 0.571875
4 0.843964 0.458160 0.906508 0.472025 0.882834 0.578808 0.820291 0.564942
4 0.868756 0.459211 0.926817 0.486285 0.880593 0.585412 0.822532 0.558338
4 0.892734 0.465603 0.943558 0.504601 0.876975 0.591374 0.826150 0.552376
0 0.823438 0.557031 0.879687 0.557031 0.879687 0.586719 0.823438 0.586719
4 0.872067 0.504601 0.922891 0.465603 0.989475 0.552376 0.938650 0.591374
4 0.888808 0.486285 0.946869 0.459211 0.993093 0.558338 0.935032 0.585412
4 0.909117 0.472025 0.971661 0.458160 0.995334 0.564942 0.932791 0.578808
4 0.932031 0.462500 0.996094 0.462500 0.996094 0.571875 0.932031 0.571875
0 0.935937 0.557031 0.992188 0.557031 0.992188 0.586719 0.935937 0.586719
6 0.046875 0.610938 0.084375 0.610938 0.084375 0.651563 0.046875 0.651563
6 0.084375 0.610938 0.121875 0.610938 0.121875 0.651563 0.084375 0.651563
6 0.128125 0.610938 0.165625 0.610938 0.165625 0.651563 0.128125 0.651563
6 0.168750 0.610938 0.206250 0.610938 0.206250 0.651563 0.168750 0.651563
6 0.209375 0.610938 0.246875 0.610938 0.246875 0.651563 0.209375 0.651563
6 0.251563 0.610938 0.289062 0.610938 0.289062 0.651563 0.251563 0.651563
6 0.292187 0.610938 0.329688 0.610938 0.329688 0.651563 0.292187 0.651563
6 0.328125 0.610938 0.365625 0.610938 0.365625 0.651563 0.328125 0.651563
6 0.367188 0.610938 0.404687 0.610938 0.404687 0.651563 0.367188 0.651563
6 0.407813 0.610938 0.445312 0.610938 0.445312 0.651563 0.407813 0.651563
6 0.450000 0.610938 0.487500 0.610938 0.487500 0.651563 0.450000 0.651563
6 0.489063 0.610938 0.526563 0.610938 0.526563 0.651563 0.489063 0.651563
6 0.531250 0.610938 0.568750 0.610938 0.568750 0.651563 0.531250 0.651563
6 0.570312 0.610938 0.607812 0.610938 0.607812 0.651563 0.570312 0.651563
6 0.614062 0.610938 0.651563 0.610938 0.651563 0.651563 0.614062 0.651563
6 0.653125 0.610938 0.690625 0.610938 0.690625 0.651563 0.653125 0.651563
6 0.693750 0.610938 0.731250 0.610938 0.731250 0.651563 0.693750 0.651563
6 0.732812 0.610938 0.770312 0.610938 0.770312 0.651563 0.732812 0.651563
6 0.778125 0.610938 0.815625 0.610938 0.815625 0.651563 0.778125 0.651563
6 0.818750 0.610938 0.856250 0.610938 0.856250 0.651563 0.818750 0.651563
6 0.860938 0.610938 0.898438 0.610938 0.898438 0.651563 0.860938 0.651563
6 0.895312 0.610938 0.932813 0.610938 0.932813 0.651563 0.895312 0.651563
6 0.935937 0.610938 0.973437 0.610938 0.973437 0.651563 0.935937 0.651563
4 0.028317 0.624914 0.079141 0.585915 0.145725 0.672688 0.094900 0.711687
4 0.045058 0.606597 0.103119 0.579523 0.149343 0.678651 0.091282 0.705724
4 0.065367 0.592338 0.127911 0.578472 0.151584 0.685255 0.089041 0.699120
4 0.088281 0.582812 0.152344 0.582812 0.152344 0.692187 0.088281 0.692187
4 0.112714 0.578472 0.175258 0.592338 0.151584 0.699120 0.089041 0.685255
4 0.137506 0.579523 0.195567 0.606597 0.149343 0.705724 0.091282 0.678651
4 0.161484 0.585915 0.212308 0.624914 0.145725 0.711687 0.094900 0.672688
0 0.092188 0.677344 0.148438 0.677344 0.148438 0.707031 0.092188 0.707031
4 0.140817 0.624914 0.191641 0.585915 0.258225 0.672688 0.207400 0.711687
4 0.157558 0.606597 0.215619 0.579523 0.261843 0.678651 0.203782 0.705724
4 0.177867 0.592338 0.240411 0.578472 0.264084 0.685255 0.201541 0.699120
4 0.200781 0.582812 0.264844 0.582812 0.264844 0.692187 0.200781 0.692187
4 0.225214 0.578472 0.287758 0.592338 0.264084 0.699120 0.201541 0.685255
4 0.250006 0.579523 0.308067 0.606597 0.261843 0.705724 0.203782 0.678651
4 0.273984 0.585915 0.324808 0.624914 0.258225 0.711687 0.207400 0.672688
0 0.204687 0.677344 0.260937 0.677344 0.260937 0.707031 0.204687 0.707031
4 0.253317 0.624914 0.304141 0.585915 0.370725 0.672688 0.319900 0.711687
4 0.270058 0.606597 0.328119 0.579523 0.374343 0.678651 0.316282 0.705724
4 0.290367 0.592338 0.352911 0.578472 0.376584 0.685255 0.314041 0.699120
4 0.313281 0.582812 0.377344 0.582812 0.377344 0.692187 0.313281 0.692187
4 0.337714 0.578472 0.400258 0.592338 0.376584 0.699120 0.314041 0.685255
4 0.362506 0.579523 0.420567 0.606597 0.374343 0.705724 0.316282 0.678651
4 0.386484 0.585915 0.437308 0.624914 0.370725 0.711687 0.319900 0.672688
0 0.317188 0.677344 0.373437 0.677344 0.373437 0.707031 0.317188 0.707031
4 0.365817 0.624914 0.416641 0.585915 0.483225 0.672688 0.432400 0.711687
4 0.382558 0.606597 0.440619 0.579523 0.486843 0.678651 0.428782 0.705724
4 0.402867 0.592338 0.465411 0.578472 0.489084 0.685255 0.426541 0.699120
4 0.425781 0.582812 0.489844 0.582812 0.489844 0.692187 0.425781 0.692187
4 0.450214 0.578472 0.512758 0.592338 0.489084 0.699120 0.426541 0.685255
4 0.475006 0.579523 0.533067 0.606597 0.486843 0.705724 0.428782 0.678651
4 0.498984 0.585915 0.549808 0.624914 0.483225 0.711687 0.432400 0.672688
0 0.429688 0.677344 0.485938 0.677344 0.485938 0.707031 0.429688 0.707031
4 0.478317 0.624914 0.529141 0.585915 0.595725 0.672688 0.544900 0.711687
4 0.495058 0.606597 0.553119 0.579523 0.599343 0.678651 0.541282 0.705724
4 0.515367 0.592338 0.577911 0.578472 0.601584 0.685255 0.539041 0.699120
4 0.538281 0.582812 0.602344 0.582812 0.602344 0.692187 0.538281 0.692187
4 0.562714 0.578472 0.625258 0.592338 0.601584 0.699120 0.539041 0.685255
4 0.587506 0.579523 0.645567 0.606597 0.599343 0.705724 0.541282 0.678651
4 0.611484 0.585915 0.662308 0.624914 0.595725 0.711687 0.544900 0.672688
0 0.542188 0.677344 0.598437 0.677344 0.598437 0.707031 0.542188 0.707031
4 0.590817 0.624914 0.641641 0.585915 0.708225 0.672688 0.657400 0.711687
4 0.607558 0.606597 0.665619 0.579523 0.711843 0.678651 0.653782 0.705724
4 0.627867 0.592338 0.690411 0.578472 0.714084 0.685255 0.651541 0.699120
4 0.650781 0.582812 0.714844 0.582812 0.714844 0.692187 0.650781 0.692187
4 0.675214 0.578472 0.737758 0.592338 0.714084 0.699120 0.651541 0.685255
4 0.700006 0.579523 0.758067 0.606597 0.711843 0.705724 0.653782 0.678651
4 0.723984 0.585915 0.774808 0.624914 0.708225 0.711687 0.657400 0.672688
0 0.654687 0.677344 0.710938 0.677344 0.710938 0.707031 0.654687 0.707031
4 0.703317 0.624914 0.754141 0.585915 0.820725 0.672688 0.769900 0.711687
4 0.720058 0.606597 0.778119 0.579523 0.824343 0.678651 0.766282 0.705724
4 0.740367 0.592338 0.802911 0.578472 0.826584 0.685255 0.764041 0.699120
4 0.763281 0.582812 0.827344 0.582812 0.827344 0.692187 0.763281 0.692187
4 0.787714 0.578472 0.850258 0.592338 0.826584 0.699120 0.764041 0.685255
4 0.812506 0.579523 0.870567 0.606597 0.824343 0.705724 0.766282 0.678651
4 0.836484 0.585915 0.887308 0.624914 0.820725 0.711687 0.769900 0.672688
0 0.767188 0.677344 0.823438 0.677344 0.823438 0.707031 0.767188 0.707031
4 0.815817 0.624914 0.866641 0.585915 0.933225 0.672688 0.882400 0.711687
4 0.832558 0.606597 0.890619 0.579523 0.936843 0.678651 0.878782 0.705724
4 0.852867 0.592338 0.915411 0.578472 0.939084 0.685255 0.876541 0.699120
4 0.875781 0.582812 0.939844 0.582812 0.939844 0.692187 0.875781 0.692187
4 0.900214 0.578472 0.962758 0.592338 0.939084 0.699120 0.876541 0.685255
4 0.925006 0.579523 0.983067 0.606597 0.936843 0.705724 0.878782 0.678651
4 0.948984 0.585915 0.999808 0.624914 0.933225 0.711687 0.882400 0.672688
0 0.879687 0.677344 0.935937 0.677344 0.935937 0.707031 0.879687 0.707031
6 0.045312 0.731250 0.082812 0.731250 0.082812 0.771875 0.045312 0.771875
6 0.082812 0.731250 0.120313 0.731250 0.120313 0.771875 0.082812 0.771875
6 0.120313 0.731250 0.157812 0.731250 0.157812 0.771875 0.120313 0.771875
6 0.154688 0.731250 0.192188 0.731250 0.192188 0.771875 0.154688 0.771875
6 0.196875 0.731250 0.234375 0.731250 0.234375 0.771875 0.196875 0.771875
6 0.231250 0.731250 0.268750 0.731250 0.268750 0.771875 0.231250 0.771875
6 0.271875 0.731250 0.309375 0.731250 0.309375 0.771875 0.271875 0.771875
6 0.304688 0.731250 0.342187 0.731250 0.342187 0.771875 0.304688 0.771875
6 0.348438 0.731250 0.385937 0.731250 0.385937 0.771875 0.348438 0.771875
6 0.379688 0.731250 0.417187 0.731250 0.417187 0.771875 0.379688 0.771875
6 0.417187 0.731250 0.454688 0.731250 0.454688 0.771875 0.417187 0.771875
6 0.459375 0.731250 0.496875 0.731250 0.496875 0.771875 0.459375 0.771875
6 0.493750 0.731250 0.531250 0.731250 0.531250 0.771875 0.493750 0.771875
6 0.529687 0.731250 0.567187 0.731250 0.567187 0.771875 0.529687 0.771875
6 0.573438 0.731250 0.610938 0.731250 0.610938 0.771875 0.573438 0.771875
6 0.610938 0.731250 0.648438 0.731250 0.648438 0.771875 0.610938 0.771875
6 0.645312 0.731250 0.682813 0.731250 0.682813 0.771875 0.645312 0.771875
6 0.682813 0.731250 0.720313 0.731250 0.720313 0.771875 0.682813 0.771875
6 0.720313 0.731250 0.757812 0.731250 0.757812 0.771875 0.720313 0.771875
6 0.760938 0.731250 0.798438 0.731250 0.798438 0.771875 0.760938 0.771875
6 0.792188 0.731250 0.829688 0.731250 0.829688 0.771875 0.792188 0.771875
6 0.834375 0.731250 0.871875 0.731250 0.871875 0.771875 0.834375 0.771875
6 0.871875 0.731250 0.909375 0.731250 0.909375 0.771875 0.871875 0.771875
6 0.909375 0.731250 0.946875 0.731250 0.946875 0.771875 0.909375 0.771875
4 0.009117 0.712650 0.071661 0.698785 0.095334 0.805567 0.032791 0.819433
4 0.032031 0.703125 0.096094 0.703125 0.096094 0.812500 0.032031 0.812500
4 0.056464 0.698785 0.119008 0.712650 0.095334 0.819433 0.032791 0.805567
4 0.081256 0.699836 0.139317 0.726910 0.093093 0.826037 0.035032 0.798963
4 0.105234 0.706228 0.156058 0.745226 0.089475 0.831999 0.038650 0.793001
4 0.084567 0.745226 0.135391 0.706228 0.201975 0.793001 0.151150 0.831999
4 0.101308 0.726910 0.159369 0.699836 0.205593 0.798963 0.147532 0.826037
4 0.121617 0.712650 0.184161 0.698785 0.207834 0.805567 0.145291 0.819433
4 0.144531 0.703125 0.208594 0.703125 0.208594 0.812500 0.144531 0.812500
4 0.168964 0.698785 0.231508 0.712650 0.207834 0.819433 0.145291 0.805567
4 0.193756 0.699836 0.251817 0.726910 0.205593 0.826037 0.147532 0.798963
4 0.217734 0.706228 0.268558 0.745226 0.201975 0.831999 0.151150 0.793001
0 0.148438 0.797656 0.204687 0.797656 0.204687 0.827344 0.148438 0.827344
4 0.197067 0.745226 0.247891 0.706228 0.314475 0.793001 0.263650 0.831999
4 0.213808 0.726910 0.271869 0.699836 0.318093 0.798963 0.260032 0.826037
4 0.234117 0.712650 0.296661 0.698785 0.320334 0.805567 0.257791 0.819433
4 0.257031 0.703125 0.321094 0.703125 0.321094 0.812500 0.257031 0.812500
4 0.281464 0.698785 0.344008 0.712650 0.320334 0.819433 0.257791 0.805567
4 0.306256 0.699836 0.364317 0.726910 0.318093 0.826037 0.260032 0.798963
4 0.330234 0.706228 0.381058 0.745226 0.314475 0.831999 0.263650 0.793001
4 0.309567 0.745226 0.360391 0.706228 0.426975 0.793001 0.376150 0.831999
4 0.326308 0.726910 0.384369 0.699836 0.430593 0.798963 0.372532 0.826037
4 0.346617 0.712650 0.409161 0.698785 0.432834 0.805567 0.370291 0.819433
4 0.369531 0.703125 0.433594 0.703125 0.433594 0.812500 0.369531 0.812500
4 0.393964 0.698785 0.456508 0.712650 0.432834 0.819433 0.370291 0.805567
4 0.418756 0.699836 0.476817 0.726910 0.430593 0.826037 0.372532 0.798963
4 0.442734 0.706228 0.493558 0.745226 0.426975 0.831999 0.376150 0.793001
0 0.373437 0.797656 0.429688 0.797656 0.429688 0.827344 0.373437 0.827344
4 0.422067 0.745226 0.472891 0.706228 0.539475 0.793001 0.488650 0.831999
4 0.438808 0.726910 0.496869 0.699836 0.543093 0.798963 0.485032 0.826037
4 0.459117 0.712650 0.521661 0.698785 0.545334 0.805567 0.482791 0.819433
4 0.482031 0.703125 0.546094 0.703125 0.546094 0.812500 0.482031 0.812500
4 0.506464 0.698785 0.569008 0.712650 0.545334 0.819433 0.482791 0.805567
4 0.531256 0.699836 0.589317 0.726910 0.543093 0.826037 0.485032 0.798963
4 0.555234 0.706228 0.606058 0.745226 0.539475 0.831999 0.488650 0.793001
0 0.485938 0.797656 0.542188 0.797656 0.542188 0.827344 0.485938 0.827344
4 0.534567 0.745226 0.585391 0.706228 0.651975 0.793001 0.601150 0.831999
4 0.551308 0.726910 0.609369 0.699836 0.655593 0.798963 0.597532 0.826037
4 0.571617 0.712650 0.634161 0.698785 0.657834 0.805567 0.595291 0.819433
4 0.594531 0.703125 0.658594 0.703125 0.658594 0.812500 0.594531 0.812500
4 0.618964 0.698785 0.681508 0.712650 0.657834 0.819433 0.595291 0.805567
4 0.643756 0.699836 0.701817 0.726910 0.655593 0.826037 0.597532 0.798963
4 0.667734 0.706228 0.718558 0.745226 0.651975 0.831999 0.601150 0.793001
4 0.647067 0.745226 0.697891 0.706228 0.764475 0.793001 0.713650 0.831999
4 0.663808 0.726910 0.721869 0.699836 0.768093 0.798963 0.710032 0.826037
4 0.684117 0.712650 0.746661 0.698785 0.770334 0.805567 0.707791 0.819433
4 0.707031 0.703125 0.771094 0.703125 0.771094 0.812500 0.707031 0.812500
4 0.731464 0.698785 0.794008 0.712650 0.770334 0.819433 0.707791 0.805567
4 0.756256 0.699836 0.814317 0.726910 0.768093 0.826037 0.710032 0.798963
4 0.780234 0.706228 0.831058 0.745226 0.764475 0.831999 0.713650 0.793001
4 0.759567 0.745226 0.810391 0.706228 0.876975 0.793001 0.826150 0.831999
4 0.776308 0.726910 0.834369 0.699836 0.880593 0.798963 0.822532 0.826037
4 0.796617 0.712650 0.859161 0.698785 0.882834 0.805567 0.820291 0.819433
4 0.819531 0.703125 0.883594 0.703125 0.883594 0.812500 0.819531 0.812500
4 0.843964 0.698785 0.906508 0.712650 0.882834 0.819433 0.820291 0.805567
4 0.868756 0.699836 0.926817 0.726910 0.880593 0.826037 0.822532 0.798963
4 0.892734 0.706228 0.943558 0.745226 0.876975 0.831999 0.826150 0.793001
0 0.823438 0.797656 0.879687 0.797656 0.879687 0.827344 0.823438 0.827344
4 0.872067 0.745226 0.922891 0.706228 0.989475 0.793001 0.938650 0.831999
4 0.888808 0.726910 0.946869 0.699836 0.993093 0.798963 0.935032 0.826037
4 0.909117 0.712650 0.971661 0.698785 0.995334 0.805567 0.932791 0.819433
4 0.932031 0.703125 0.996094 0.703125 0.996094 0.812500 0.932031 0.812500