0 0.189844 0.055469 0.282031 0.055469 0.282031 0.091406 0.189844 0.091406
0 0.402344 0.055469 0.494531 0.055469 0.494531 0.091406 0.402344 0.091406
0 0.614844 0.055469 0.707031 0.055469 0.707031 0.091406 0.614844 0.091406
0 0.827344 0.055469 0.919531 0.055469 0.919531 0.091406 0.827344 0.091406
0 0.052344 0.157031 0.125781 0.157031 0.125781 0.196094 0.052344 0.196094
0 0.114844 0.157031 0.188281 0.157031 0.188281 0.196094 0.114844 0.196094
0 0.180469 0.157031 0.253906 0.157031 0.253906 0.196094 0.180469 0.196094
0 0.250781 0.157031 0.324219 0.157031 0.324219 0.196094 0.250781 0.196094
0 0.316406 0.157031 0.389844 0.157031 0.389844 0.196094 0.316406 0.196094
0 0.378906 0.157031 0.452344 0.157031 0.452344 0.196094 0.378906 0.196094
0 0.446094 0.157031 0.519531 0.157031 0.519531 0.196094 0.446094 0.196094
0 0.510156 0.157031 0.583594 0.157031 0.583594 0.196094 0.510156 0.196094
0 0.578906 0.157031 0.652344 0.157031 0.652344 0.196094 0.578906 0.196094
0 0.641406 0.157031 0.714844 0.157031 0.714844 0.196094 0.641406 0.196094
0 0.711719 0.157031 0.785156 0.157031 0.785156 0.196094 0.711719 0.196094
0 0.774219 0.157031 0.847656 0.157031 0.847656 0.196094 0.774219 0.196094
0 0.842969 0.157031 0.916406 0.157031 0.916406 0.196094 0.842969 0.196094
1 0.017489 0.124893 0.082682 0.094631 0.162284 0.266119 0.097091 0.296381
1 0.066834 0.099356 0.137956 0.088980 0.165249 0.276062 0.094126 0.286438
1 0.121419 0.088980 0.192541 0.099356 0.165249 0.286438 0.094126 0.276062
1 0.176693 0.094631 0.241886 0.124893 0.162284 0.296381 0.097091 0.266119
1 0.228049 0.115838 0.281880 0.163463 0.156603 0.305063 0.102772 0.257437
0 0.083594 0.263281 0.175781 0.263281 0.175781 0.299219 0.083594 0.299219
1 0.189995 0.163463 0.243826 0.115838 0.369103 0.257437 0.315272 0.305063
1 0.229989 0.124893 0.295182 0.094631 0.374784 0.266119 0.309591 0.296381
1 0.279334 0.099356 0.350456 0.088980 0.377749 0.276062 0.306626 0.286438
1 0.333919 0.088980 0.405041 0.099356 0.377749 0.286438 0.306626 0.276062
1 0.389193 0.094631 0.454386 0.124893 0.374784 0.296381 0.309591 0.266119
1 0.440549 0.115838 0.494380 0.163463 0.369103 0.305063 0.315272 0.257437
0 0.296094 0.263281 0.388281 0.263281 0.388281 0.299219 0.296094 0.299219
1 0.402495 0.163463 0.456326 0.115838 0.581603 0.257437 0.527772 0.305063
1 0.442489 0.124893 0.507682 0.094631 0.587284 0.266119 0.522091 0.296381
1 0.491834 0.099356 0.562956 0.088980 0.590249 0.276062 0.519126 0.286438
1 0.546419 0.088980 0.617541 0.099356 0.590249 0.286438 0.519126 0.276062
1 0.601693 0.094631 0.666886 0.124893 0.587284 0.296381 0.522091 0.266119
1 0.653049 0.115838 0.706880 0.163463 0.581603 0.305063 0.527772 0.257437
0 0.508594 0.263281 0.600781 0.263281 0.600781 0.299219 0.508594 0.299219
1 0.614995 0.163463 0.668826 0.115838 0.794103 0.257437 0.740272 0.305063
1 0.654989 0.124893 0.720182 0.094631 0.799784 0.266119 0.734591 0.296381
1 0.704334 0.099356 0.775456 0.088980 0.802749 0.276062 0.731626 0.286438
1 0.758919 0.088980 0.830041 0.099356 0.802749 0.286438 0.731626 0.276062
1 0.814193 0.094631 0.879386 0.124893 0.799784 0.296381 0.734591 0.266119
1 0.865549 0.115838 0.919380 0.163463 0.794103 0.305063 0.740272 0.257437
0 0.721094 0.263281 0.813281 0.263281 0.813281 0.299219 0.721094 0.299219
0 0.050781 0.364844 0.124219 0.364844 0.124219 0.403906 0.050781 0.403906
0 0.117969 0.364844 0.191406 0.364844 0.191406 0.403906 0.117969 0.403906
0 0.191406 0.364844 0.264844 0.364844 0.264844 0.403906 0.191406 0.403906
0 0.255469 0.364844 0.328906 0.364844 0.328906 0.403906 0.255469 0.403906
0 0.321094 0.364844 0.394531 0.364844 0.394531 0.403906 0.321094 0.403906
0 0.386719 0.364844 0.460156 0.364844 0.460156 0.403906 0.386719 0.403906
0 0.460156 0.364844 0.533594 0.364844 0.533594 0.403906 0.460156 0.403906
0 0.521094 0.364844 0.594531 0.364844 0.594531 0.403906 0.521094 0.403906
0 0.591406 0.364844 0.664844 0.364844 0.664844 0.403906 0.591406 0.403906
0 0.657031 0.364844 0.730469 0.364844 0.730469 0.403906 0.657031 0.403906
0 0.728906 0.364844 0.802344 0.364844 0.802344 0.403906 0.728906 0.403906
0 0.794531 0.364844 0.867969 0.364844 0.867969 0.403906 0.794531 0.403906
0 0.861719 0.364844 0.935156 0.364844 0.935156 0.403906 0.861719 0.403906
1 0.083745 0.371276 0.137576 0.323650 0.262853 0.465250 0.209022 0.512875
1 0.123739 0.332705 0.188932 0.302444 0.268534 0.473932 0.203341 0.504193
1 0.173084 0.307168 0.244206 0.296792 0.271499 0.483875 0.200376 0.494250
1 0.227669 0.296792 0.298791 0.307168 0.271499 0.494250 0.200376 0.483875
1 0.282943 0.302444 0.348136 0.332705 0.268534 0.504193 0.203341 0.473932
1 0.334299 0.323650 0.388130 0.371276 0.262853 0.512875 0.209022 0.465250
0 0.189844 0.471094 0.282031 0.471094 0.282031 0.507031 0.189844 0.507031
1 0.296245 0.371276 0.350076 0.323650 0.475353 0.465250 0.421522 0.512875
1 0.336239 0.332705 0.401432 0.302444 0.481034 0.473932 0.415841 0.504193
1 0.385584 0.307168 0.456706 0.296792 0.483999 0.483875 0.412876 0.494250
1 0.440169 0.296792 0.511291 0.307168 0.483999 0.494250 0.412876 0.483875
1 0.495443 0.302444 0.560636 0.332705 0.481034 0.504193 0.415841 0.473932
1 0.546799 0.323650 0.600630 0.371276 0.475353 0.512875 0.421522 0.465250
1 0.508745 0.371276 0.562576 0.323650 0.687853 0.465250 0.634022 0.512875
1 0.548739 0.332705 0.613932 0.302444 0.693534 0.473932 0.628341 0.504193
1 0.598084 0.307168 0.669206 0.296792 0.696499 0.483875 0.625376 0.494250
1 0.652669 0.296792 0.723791 0.307168 0.696499 0.494250 0.625376 0.483875
1 0.707943 0.302444 0.773136 0.332705 0.693534 0.504193 0.628341 0.473932
1 0.759299 0.323650 0.813130 0.371276 0.687853 0.512875 0.634022 0.465250
0 0.614844 0.471094 0.707031 0.471094 0.707031 0.507031 0.614844 0.507031
1 0.721245 0.371276 0.775076 0.323650 0.900353 0.465250 0.846522 0.512875
1 0.761239 0.332705 0.826432 0.302444 0.906034 0.473932 0.840841 0.504193
1 0.810584 0.307168 0.881706 0.296792 0.908999 0.483875 0.837876 0.494250
1 0.865169 0.296792 0.936291 0.307168 0.908999 0.494250 0.837876 0.483875
1 0.920443 0.302444 0.985636 0.332705 0.906034 0.504193 0.840841 0.473932
0 0.827344 0.471094 0.919531 0.471094 0.919531 0.507031 0.827344 0.507031
0 0.053906 0.572656 0.127344 0.572656 0.127344 0.611719 0.053906 0.611719
0 0.121094 0.572656 0.194531 0.572656 0.194531 0.611719 0.121094 0.611719
0 0.191406 0.572656 0.264844 0.572656 0.264844 0.611719 0.191406 0.611719
0 0.255469 0.572656 0.328906 0.572656 0.328906 0.611719 0.255469 0.611719
0 0.319531 0.572656 0.392969 0.572656 0.392969 0.611719 0.319531 0.611719
0 0.386719 0.572656 0.460156 0.572656 0.460156 0.611719 0.386719 0.611719
0 0.455469 0.572656 0.528906 0.572656 0.528906 0.611719 0.455469 0.611719
0 0.527344 0.572656 0.600781 0.572656 0.600781 0.611719 0.527344 0.611719
0 0.594531 0.572656 0.667969 0.572656 0.667969 0.611719 0.594531 0.611719
0 0.660156 0.572656 0.733594 0.572656 0.733594 0.611719 0.660156 0.611719
0 0.725781 0.572656 0.799219 0.572656 0.799219 0.611719 0.725781 0.611719
0 0.791406 0.572656 0.864844 0.572656 0.864844 0.611719 0.791406 0.611719
0 0.858594 0.572656 0.932031 0.572656 0.932031 0.611719 0.858594 0.611719
1 0.017489 0.540518 0.082682 0.510256 0.162284 0.681744 0.097091 0.712006
1 0.066834 0.514981 0.137956 0.504605 0.165249 0.691687 0.094126 0.702063
1 0.121419 0.504605 0.192541 0.514981 0.165249 0.702063 0.094126 0.691687
1 0.176693 0.510256 0.241886 0.540518 0.162284 0.712006 0.097091 0.681744
1 0.228049 0.531463 0.281880 0.579088 0.156603 0.720688 0.102772 0.673062
0 0.083594 0.678906 0.175781 0.678906 0.175781 0.714844 0.083594 0.714844
1 0.189995 0.579088 0.243826 0.531463 0.369103 0.673062 0.315272 0.720688
1 0.229989 0.540518 0.295182 0.510256 0.374784 0.681744 0.309591 0.712006
1 0.279334 0.514981 0.350456 0.504605 0.377749 0.691687 0.306626 0.702063
1 0.333919 0.504605 0.405041 0.514981 0.377749 0.702063 0.306626 0.691687
1 0.389193 0.510256 0.454386 0.540518 0.374784 0.712006 0.309591 0.681744
1 0.440549 0.531463 0.494380 0.579088 0.369103 0.720688 0.315272 0.673062
0 0.296094 0.678906 0.388281 0.678906 0.388281 0.714844 0.296094 0.714844
1 0.402495 0.579088 0.456326 0.531463 0.581603 0.673062 0.527772 0.720688
1 0.442489 0.540518 0.507682 0.510256 0.587284 0.681744 0.522091 0.712006
1 0.491834 0.514981 0.562956 0.504605 0.590249 0.691687 0.519126 0.702063
1 0.546419 0.504605 0.617541 0.514981 0.590249 0.702063 0.519126 0.691687
1 0.601693 0.510256 0.666886 0.540518 0.587284 0.712006 0.522091 0.681744
1 0.653049 0.531463 0.706880 0.579088 0.581603 0.720688 0.527772 0.673062
0 0.508594 0.678906 0.600781 0.678906 0.600781 0.714844 0.508594 0.714844
1 0.614995 0.579088 0.668826 0.531463 0.794103 0.673062 0.740272 0.720688
1 0.654989 0.540518 0.720182 0.510256 0.799784 0.681744 0.734591 0.712006
1 0.704334 0.514981 0.775456 0.504605 0.802749 0.691687 0.731626 0.702063
1 0.758919 0.504605 0.830041 0.514981 0.802749 0.702063 0.731626 0.691687
1 0.814193 0.510256 0.879386 0.540518 0.799784 0.712006 0.734591 0.681744
1 0.865549 0.531463 0.919380 0.579088 0.794103 0.720688 0.740272 0.673062
5 0.976562 0.265625 0.992188 0.265625 0.992188 0.281250 0.976562 0.281250
5 0.979688 0.681250 0.995313 0.681250 0.995313 0.696875 0.979688 0.696875