1 0.018750 0.002344 0.087500 0.002344 0.087500 0.157031 0.018750 0.157031
0 0.060937 0.064062 0.104688 0.064062 0.104688 0.095312 0.060937 0.095312
0 0.090625 0.064062 0.134375 0.064062 0.134375 0.095312 0.090625 0.095312
0 0.120313 0.064062 0.164062 0.064062 0.164062 0.095312 0.120313 0.095312
1 0.142187 0.002344 0.210938 0.002344 0.210938 0.157031 0.142187 0.157031
0 0.215625 0.064062 0.259375 0.064062 0.259375 0.095312 0.215625 0.095312
1 0.265625 0.002344 0.334375 0.002344 0.334375 0.157031 0.265625 0.157031
0 0.318750 0.064062 0.362500 0.064062 0.362500 0.095312 0.318750 0.095312
0 0.359375 0.064062 0.403125 0.064062 0.403125 0.095312 0.359375 0.095312
1 0.389062 0.002344 0.457813 0.002344 0.457813 0.157031 0.389062 0.157031
0 0.442188 0.064062 0.485938 0.064062 0.485938 0.095312 0.442188 0.095312
0 0.482812 0.064062 0.526563 0.064062 0.526563 0.095312 0.482812 0.095312
1 0.512500 0.002344 0.581250 0.002344 0.581250 0.157031 0.512500 0.157031
0 0.585938 0.064062 0.629687 0.064062 0.629687 0.095312 0.585938 0.095312
1 0.635938 0.002344 0.704688 0.002344 0.704688 0.157031 0.635938 0.157031
0 0.709375 0.064062 0.753125 0.064062 0.753125 0.095312 0.709375 0.095312
1 0.759375 0.002344 0.828125 0.002344 0.828125 0.157031 0.759375 0.157031
1 0.018750 0.171094 0.087500 0.171094 0.087500 0.325781 0.018750 0.325781
0 0.071875 0.232813 0.115625 0.232813 0.115625 0.264062 0.071875 0.264062
0 0.112500 0.232813 0.156250 0.232813 0.156250 0.264062 0.112500 0.264062
1 0.142187 0.171094 0.210938 0.171094 0.210938 0.325781 0.142187 0.325781
0 0.184375 0.232813 0.228125 0.232813 0.228125 0.264062 0.184375 0.264062
0 0.214062 0.232813 0.257812 0.232813 0.257812 0.264062 0.214062 0.264062
0 0.243750 0.232813 0.287500 0.232813 0.287500 0.264062 0.243750 0.264062
1 0.265625 0.171094 0.334375 0.171094 0.334375 0.325781 0.265625 0.325781
0 0.307812 0.232813 0.351562 0.232813 0.351562 0.264062 0.307812 0.264062
0 0.337500 0.232813 0.381250 0.232813 0.381250 0.264062 0.337500 0.264062
0 0.367188 0.232813 0.410938 0.232813 0.410938 0.264062 0.367188 0.264062
1 0.389062 0.171094 0.457813 0.171094 0.457813 0.325781 0.389062 0.325781
0 0.431250 0.232813 0.475000 0.232813 0.475000 0.264062 0.431250 0.264062
0 0.460938 0.232813 0.504687 0.232813 0.504687 0.264062 0.460938 0.264062
0 0.490625 0.232813 0.534375 0.232813 0.534375 0.264062 0.490625 0.264062
1 0.512500 0.171094 0.581250 0.171094 0.581250 0.325781 0.512500 0.325781
0 0.585938 0.232813 0.629687 0.232813 0.629687 0.264062 0.585938 0.264062
1 0.635938 0.171094 0.704688 0.171094 0.704688 0.325781 0.635938 0.325781
0 0.678125 0.232813 0.721875 0.232813 0.721875 0.264062 0.678125 0.264062
0 0.707812 0.232813 0.751563 0.232813 0.751563 0.264062 0.707812 0.264062
0 0.737500 0.232813 0.781250 0.232813 0.781250 0.264062 0.737500 0.264062
1 0.759375 0.171094 0.828125 0.171094 0.828125 0.325781 0.759375 0.325781
1 0.018750 0.339844 0.087500 0.339844 0.087500 0.494531 0.018750 0.494531
0 0.060937 0.401562 0.104688 0.401562 0.104688 0.432812 0.060937 0.432812
0 0.090625 0.401562 0.134375 0.401562 0.134375 0.432812 0.090625 0.432812
0 0.120313 0.401562 0.164062 0.401562 0.164062 0.432812 0.120313 0.432812
1 0.142187 0.339844 0.210938 0.339844 0.210938 0.494531 0.142187 0.494531
0 0.195312 0.401562 0.239063 0.401562 0.239063 0.432812 0.195312 0.432812
0 0.235937 0.401562 0.279687 0.401562 0.279687 0.432812 0.235937 0.432812
1 0.265625 0.339844 0.334375 0.339844 0.334375 0.494531 0.265625 0.494531
0 0.318750 0.401562 0.362500 0.401562 0.362500 0.432812 0.318750 0.432812
0 0.359375 0.401562 0.403125 0.401562 0.403125 0.432812 0.359375 0.432812
1 0.389062 0.339844 0.457813 0.339844 0.457813 0.494531 0.389062 0.494531
0 0.442188 0.401562 0.485938 0.401562 0.485938 0.432812 0.442188 0.432812
0 0.482812 0.401562 0.526563 0.401562 0.526563 0.432812 0.482812 0.432812
1 0.512500 0.339844 0.581250 0.339844 0.581250 0.494531 0.512500 0.494531
0 0.565625 0.401562 0.609375 0.401562 0.609375 0.432812 0.565625 0.432812
0 0.606250 0.401562 0.650000 0.401562 0.650000 0.432812 0.606250 0.432812
1 0.635938 0.339844 0.704688 0.339844 0.704688 0.494531 0.635938 0.494531
0 0.709375 0.401562 0.753125 0.401562 0.753125 0.432812 0.709375 0.432812
1 0.759375 0.339844 0.828125 0.339844 0.828125 0.494531 0.759375 0.494531
1 0.018750 0.508594 0.087500 0.508594 0.087500 0.663281 0.018750 0.663281
0 0.060937 0.570312 0.104688 0.570312 0.104688 0.601562 0.060937 0.601562
0 0.090625 0.570312 0.134375 0.570312 0.134375 0.601562 0.090625 0.601562
0 0.120313 0.570312 0.164062 0.570312 0.164062 0.601562 0.120313 0.601562
1 0.142187 0.508594 0.210938 0.508594 0.210938 0.663281 0.142187 0.663281
0 0.215625 0.570312 0.259375 0.570312 0.259375 0.601562 0.215625 0.601562
1 0.265625 0.508594 0.334375 0.508594 0.334375 0.663281 0.265625 0.663281
0 0.307812 0.570312 0.351562 0.570312 0.351562 0.601562 0.307812 0.601562
0 0.337500 0.570312 0.381250 0.570312 0.381250 0.601562 0.337500 0.601562
0 0.367188 0.570312 0.410938 0.570312 0.410938 0.601562 0.367188 0.601562
1 0.389062 0.508594 0.457813 0.508594 0.457813 0.663281 0.389062 0.663281
0 0.431250 0.570312 0.475000 0.570312 0.475000 0.601562 0.431250 0.601562
0 0.460938 0.570312 0.504687 0.570312 0.504687 0.601562 0.460938 0.601562
0 0.490625 0.570312 0.534375 0.570312 0.534375 0.601562 0.490625 0.601562
1 0.512500 0.508594 0.581250 0.508594 0.581250 0.663281 0.512500 0.663281
0 0.565625 0.570312 0.609375 0.570312 0.609375 0.601562 0.565625 0.601562
0 0.606250 0.570312 0.650000 0.570312 0.650000 0.601562 0.606250 0.601562
1 0.635938 0.508594 0.704688 0.508594 0.704688 0.663281 0.635938 0.663281
0 0.689063 0.570312 0.732812 0.570312 0.732812 0.601562 0.689063 0.601562
0 0.729688 0.570312 0.773438 0.570312 0.773438 0.601562 0.729688 0.601562
1 0.759375 0.508594 0.828125 0.508594 0.828125 0.663281 0.759375 0.663281
1 0.018750 0.677344 0.087500 0.677344 0.087500 0.832031 0.018750 0.832031
0 0.071875 0.739062 0.115625 0.739062 0.115625 0.770312 0.071875 0.770312
0 0.112500 0.739062 0.156250 0.739062 0.156250 0.770312 0.112500 0.770312
1 0.142187 0.677344 0.210938 0.677344 0.210938 0.832031 0.142187 0.832031
0 0.184375 0.739062 0.228125 0.739062 0.228125 0.770312 0.184375 0.770312
0 0.214062 0.739062 0.257812 0.739062 0.257812 0.770312 0.214062 0.770312
0 0.243750 0.739062 0.287500 0.739062 0.287500 0.770312 0.243750 0.770312
1 0.265625 0.677344 0.334375 0.677344 0.334375 0.832031 0.265625 0.832031
0 0.318750 0.739062 0.362500 0.739062 0.362500 0.770312 0.318750 0.770312
0 0.359375 0.739062 0.403125 0.739062 0.403125 0.770312 0.359375 0.770312
1 0.389062 0.677344 0.457813 0.677344 0.457813 0.832031 0.389062 0.832031
0 0.442188 0.739062 0.485938 0.739062 0.485938 0.770312 0.442188 0.770312
0 0.482812 0.739062 0.526563 0.739062 0.526563 0.770312 0.482812 0.770312
1 0.512500 0.677344 0.581250 0.677344 0.581250 0.832031 0.512500 0.832031
0 0.554688 0.739062 0.598437 0.739062 0.598437 0.770312 0.554688 0.770312
0 0.584375 0.739062 0.628125 0.739062 0.628125 0.770312 0.584375 0.770312
0 0.614062 0.739062 0.657813 0.739062 0.657813 0.770312 0.614062 0.770312
1 0.635938 0.677344 0.704688 0.677344 0.704688 0.832031 0.635938 0.832031
0 0.709375 0.739062 0.753125 0.739062 0.753125 0.770312 0.709375 0.770312
1 0.759375 0.677344 0.828125 0.677344 0.828125 0.832031 0.759375 0.832031
0 0.192188 0.400781 0.239063 0.400781 0.239063 0.433594 0.192188 0.433594
0 0.242188 0.400781 0.289062 0.400781 0.289062 0.433594 0.242188 0.433594
0 0.292187 0.400781 0.339062 0.400781 0.339062 0.433594 0.292187 0.433594
0 0.342187 0.400781 0.389062 0.400781 0.389062 0.433594 0.342187 0.433594
0 0.392188 0.400781 0.439063 0.400781 0.439063 0.433594 0.392188 0.433594
2 0.215625 0.401562 0.462500 0.401562 0.462500 0.432812 0.215625 0.432812
0 0.794531 0.217188 0.827344 0.217188 0.827344 0.279687 0.794531 0.279687
0 0.830469 0.217188 0.863281 0.217188 0.863281 0.279687 0.830469 0.279687
0 0.866406 0.217188 0.899219 0.217188 0.899219 0.279687 0.866406 0.279687
0 0.902344 0.217188 0.935156 0.217188 0.935156 0.279687 0.902344 0.279687
0 0.938281 0.217188 0.971094 0.217188 0.971094 0.279687 0.938281 0.279687
2 0.810937 0.217188 0.987500 0.217188 0.987500 0.279687 0.810937 0.279687
0 0.556250 0.046875 0.590625 0.046875 0.590625 0.112500 0.556250 0.112500
0 0.593750 0.046875 0.628125 0.046875 0.628125 0.112500 0.593750 0.112500
0 0.631250 0.046875 0.665625 0.046875 0.665625 0.112500 0.631250 0.112500
0 0.668750 0.046875 0.703125 0.046875 0.703125 0.112500 0.668750 0.112500
2 0.573438 0.046875 0.720313 0.046875 0.720313 0.112500 0.573438 0.112500