0 0.017969 0.908594 0.069531 0.908594 0.069531 0.944531 0.017969 0.944531
0 0.067969 0.908594 0.119531 0.908594 0.119531 0.944531 0.067969 0.944531
0 0.117969 0.908594 0.169531 0.908594 0.169531 0.944531 0.117969 0.944531
0 0.167969 0.908594 0.219531 0.908594 0.219531 0.944531 0.167969 0.944531
0 0.217969 0.908594 0.269531 0.908594 0.269531 0.944531 0.217969 0.944531
0 0.267969 0.908594 0.319531 0.908594 0.319531 0.944531 0.267969 0.944531
0 0.317969 0.908594 0.369531 0.908594 0.369531 0.944531 0.317969 0.944531
0 0.367969 0.908594 0.419531 0.908594 0.419531 0.944531 0.367969 0.944531
0 0.417969 0.908594 0.469531 0.908594 0.469531 0.944531 0.417969 0.944531
0 0.467969 0.908594 0.519531 0.908594 0.519531 0.944531 0.467969 0.944531
0 0.517969 0.908594 0.569531 0.908594 0.569531 0.944531 0.517969 0.944531
0 0.567969 0.908594 0.619531 0.908594 0.619531 0.944531 0.567969 0.944531
0 0.617969 0.908594 0.669531 0.908594 0.669531 0.944531 0.617969 0.944531
0 0.667969 0.908594 0.719531 0.908594 0.719531 0.944531 0.667969 0.944531
0 0.717969 0.908594 0.769531 0.908594 0.769531 0.944531 0.717969 0.944531
0 0.767969 0.908594 0.819531 0.908594 0.819531 0.944531 0.767969 0.944531
0 0.817969 0.908594 0.869531 0.908594 0.869531 0.944531 0.817969 0.944531
0 0.867969 0.908594 0.919531 0.908594 0.919531 0.944531 0.867969 0.944531
1 0.010156 0.802344 0.083594 0.802344 0.083594 0.966406 0.010156 0.966406
1 0.071094 0.802344 0.144531 0.802344 0.144531 0.966406 0.071094 0.966406
1 0.135156 0.802344 0.208594 0.802344 0.208594 0.966406 0.135156 0.966406
1 0.203906 0.802344 0.277344 0.802344 0.277344 0.966406 0.203906 0.966406
1 0.266406 0.802344 0.339844 0.802344 0.339844 0.966406 0.266406 0.966406
1 0.338281 0.802344 0.411719 0.802344 0.411719 0.966406 0.338281 0.966406
1 0.397656 0.802344 0.471094 0.802344 0.471094 0.966406 0.397656 0.966406
1 0.469531 0.802344 0.542969 0.802344 0.542969 0.966406 0.469531 0.966406
1 0.533594 0.802344 0.607031 0.802344 0.607031 0.966406 0.533594 0.966406
1 0.594531 0.802344 0.667969 0.802344 0.667969 0.966406 0.594531 0.966406
1 0.663281 0.802344 0.736719 0.802344 0.736719 0.966406 0.663281 0.966406
1 0.725781 0.802344 0.799219 0.802344 0.799219 0.966406 0.725781 0.966406
1 0.794531 0.802344 0.867969 0.802344 0.867969 0.966406 0.794531 0.966406
7 0.072475 0.472365 0.160516 0.499703 0.087770 0.733981 -0.000270 0.706644
7 0.144709 0.492036 0.220684 0.544252 0.081737 0.746420 0.005763 0.694205
7 0.088691 0.544252 0.164666 0.492036 0.303612 0.694205 0.227638 0.746420
7 0.148859 0.499703 0.236900 0.472365 0.309645 0.706644 0.221605 0.733981
7 0.219531 0.475000 0.311719 0.475000 0.311719 0.720313 0.219531 0.720313
7 0.294350 0.472365 0.382391 0.499703 0.309645 0.733981 0.221605 0.706644
7 0.366584 0.492036 0.442559 0.544252 0.303612 0.746420 0.227638 0.694205
7 0.310566 0.544252 0.386541 0.492036 0.525487 0.694205 0.449513 0.746420
7 0.370734 0.499703 0.458775 0.472365 0.531520 0.706644 0.443480 0.733981
7 0.441406 0.475000 0.533594 0.475000 0.533594 0.720313 0.441406 0.720313
7 0.516225 0.472365 0.604266 0.499703 0.531520 0.733981 0.443480 0.706644
7 0.588459 0.492036 0.664434 0.544252 0.525487 0.746420 0.449513 0.694205
7 0.532441 0.544252 0.608416 0.492036 0.747362 0.694205 0.671388 0.746420
7 0.592609 0.499703 0.680650 0.472365 0.753395 0.706644 0.665355 0.733981
7 0.663281 0.475000 0.755469 0.475000 0.755469 0.720313 0.663281 0.720313
7 0.738100 0.472365 0.826141 0.499703 0.753395 0.733981 0.665355 0.706644
7 0.810334 0.492036 0.886309 0.544252 0.747362 0.746420 0.671388 0.694205
1 0.005469 0.392969 0.078906 0.392969 0.078906 0.557031 0.005469 0.557031
1 0.078906 0.392969 0.152344 0.392969 0.152344 0.557031 0.078906 0.557031
1 0.147656 0.392969 0.221094 0.392969 0.221094 0.557031 0.147656 0.557031
1 0.219531 0.392969 0.292969 0.392969 0.292969 0.557031 0.219531 0.557031
1 0.296094 0.392969 0.369531 0.392969 0.369531 0.557031 0.296094 0.557031
1 0.364844 0.392969 0.438281 0.392969 0.438281 0.557031 0.364844 0.557031
1 0.439844 0.392969 0.513281 0.392969 0.513281 0.557031 0.439844 0.557031
1 0.507031 0.392969 0.580469 0.392969 0.580469 0.557031 0.507031 0.557031
1 0.578906 0.392969 0.652344 0.392969 0.652344 0.557031 0.578906 0.557031
1 0.652344 0.392969 0.725781 0.392969 0.725781 0.557031 0.652344 0.557031
1 0.728906 0.392969 0.802344 0.392969 0.802344 0.557031 0.728906 0.557031
1 0.797656 0.392969 0.871094 0.392969 0.871094 0.557031 0.797656 0.557031
0 0.017969 0.292969 0.069531 0.292969 0.069531 0.328906 0.017969 0.328906
0 0.069531 0.292969 0.121094 0.292969 0.121094 0.328906 0.069531 0.328906
0 0.121094 0.292969 0.172656 0.292969 0.172656 0.328906 0.121094 0.328906
0 0.172656 0.292969 0.224219 0.292969 0.224219 0.328906 0.172656 0.328906
0 0.224219 0.292969 0.275781 0.292969 0.275781 0.328906 0.224219 0.328906
0 0.275781 0.292969 0.327344 0.292969 0.327344 0.328906 0.275781 0.328906
0 0.327344 0.292969 0.378906 0.292969 0.378906 0.328906 0.327344 0.328906
0 0.378906 0.292969 0.430469 0.292969 0.430469 0.328906 0.378906 0.328906
0 0.430469 0.292969 0.482031 0.292969 0.482031 0.328906 0.430469 0.328906
0 0.482031 0.292969 0.533594 0.292969 0.533594 0.328906 0.482031 0.328906
0 0.533594 0.292969 0.585156 0.292969 0.585156 0.328906 0.533594 0.328906
0 0.585156 0.292969 0.636719 0.292969 0.636719 0.328906 0.585156 0.328906
0 0.636719 0.292969 0.688281 0.292969 0.688281 0.328906 0.636719 0.328906
0 0.688281 0.292969 0.739844 0.292969 0.739844 0.328906 0.688281 0.328906
0 0.739844 0.292969 0.791406 0.292969 0.791406 0.328906 0.739844 0.328906
0 0.791406 0.292969 0.842969 0.292969 0.842969 0.328906 0.791406 0.328906
0 0.842969 0.292969 0.894531 0.292969 0.894531 0.328906 0.842969 0.328906
7 0.139844 0.026562 0.232031 0.026562 0.232031 0.271875 0.139844 0.271875
7 0.332152 0.069578 0.395610 0.136448 0.217666 0.305310 0.154209 0.238440
7 0.260640 0.136448 0.324098 0.069578 0.502041 0.238440 0.438584 0.305310
7 0.424219 0.026562 0.516406 0.026562 0.516406 0.271875 0.424219 0.271875
7 0.616527 0.069578 0.679985 0.136448 0.502041 0.305310 0.438584 0.238440
7 0.545015 0.136448 0.608473 0.069578 0.786416 0.238440 0.722959 0.305310
7 0.708594 0.026562 0.800781 0.026562 0.800781 0.271875 0.708594 0.271875
7 0.900902 0.069578 0.964360 0.136448 0.786416 0.305310 0.722959 0.238440
0 0.441406 0.188281 0.486719 0.188281 0.486719 0.221094 0.441406 0.221094
0 0.489844 0.188281 0.535156 0.188281 0.535156 0.221094 0.489844 0.221094
2 0.464062 0.189062 0.557813 0.189062 0.557813 0.220312 0.464062 0.220312
0 0.476562 0.318750 0.564063 0.318750 0.564063 0.353125 0.476562 0.353125
0 0.567187 0.318750 0.654687 0.318750 0.654687 0.353125 0.567187 0.353125
0 0.657813 0.318750 0.745313 0.318750 0.745313 0.353125 0.657813 0.353125
0 0.748437 0.318750 0.835938 0.318750 0.835938 0.353125 0.748437 0.353125
2 0.520312 0.318750 0.879687 0.318750 0.879687 0.353125 0.520312 0.353125
0 0.202344 0.442969 0.253906 0.442969 0.253906 0.478906 0.202344 0.478906
0 0.257031 0.442969 0.308594 0.442969 0.308594 0.478906 0.257031 0.478906
2 0.228125 0.443750 0.334375 0.443750 0.334375 0.478125 0.228125 0.478125
5 0.021875 0.951562 0.039062 0.951562 0.039062 0.968750 0.021875 0.968750
5 0.967187 0.951562 0.984375 0.951562 0.984375 0.968750 0.967187 0.968750
5 0.948438 0.539062 0.964063 0.539062 0.964063 0.554688 0.948438 0.554688
5 0.018750 0.160938 0.034375 0.160938 0.034375 0.176563 0.018750 0.176563
5 0.035937 0.303125 0.051562 0.303125 0.051562 0.318750 0.035937 0.318750