0 0.019531 0.878906 0.049219 0.878906 0.049219 0.933594 0.019531 0.933594
0 0.047656 0.878906 0.077344 0.878906 0.077344 0.933594 0.047656 0.933594
0 0.075781 0.878906 0.105469 0.878906 0.105469 0.933594 0.075781 0.933594
0 0.103906 0.878906 0.133594 0.878906 0.133594 0.933594 0.103906 0.933594
0 0.132031 0.878906 0.161719 0.878906 0.161719 0.933594 0.132031 0.933594
0 0.160156 0.878906 0.189844 0.878906 0.189844 0.933594 0.160156 0.933594
0 0.188281 0.878906 0.217969 0.878906 0.217969 0.933594 0.188281 0.933594
0 0.216406 0.878906 0.246094 0.878906 0.246094 0.933594 0.216406 0.933594
0 0.244531 0.878906 0.274219 0.878906 0.274219 0.933594 0.244531 0.933594
0 0.272656 0.878906 0.302344 0.878906 0.302344 0.933594 0.272656 0.933594
0 0.300781 0.878906 0.330469 0.878906 0.330469 0.933594 0.300781 0.933594
0 0.328906 0.878906 0.358594 0.878906 0.358594 0.933594 0.328906 0.933594
0 0.357031 0.878906 0.386719 0.878906 0.386719 0.933594 0.357031 0.933594
0 0.385156 0.878906 0.414844 0.878906 0.414844 0.933594 0.385156 0.933594
0 0.413281 0.878906 0.442969 0.878906 0.442969 0.933594 0.413281 0.933594
0 0.441406 0.878906 0.471094 0.878906 0.471094 0.933594 0.441406 0.933594
0 0.469531 0.878906 0.499219 0.878906 0.499219 0.933594 0.469531 0.933594
0 0.497656 0.878906 0.527344 0.878906 0.527344 0.933594 0.497656 0.933594
0 0.525781 0.878906 0.555469 0.878906 0.555469 0.933594 0.525781 0.933594
0 0.553906 0.878906 0.583594 0.878906 0.583594 0.933594 0.553906 0.933594
0 0.582031 0.878906 0.611719 0.878906 0.611719 0.933594 0.582031 0.933594
0 0.610156 0.878906 0.639844 0.878906 0.639844 0.933594 0.610156 0.933594
0 0.638281 0.878906 0.667969 0.878906 0.667969 0.933594 0.638281 0.933594
0 0.666406 0.878906 0.696094 0.878906 0.696094 0.933594 0.666406 0.933594
0 0.694531 0.878906 0.724219 0.878906 0.724219 0.933594 0.694531 0.933594
0 0.722656 0.878906 0.752344 0.878906 0.752344 0.933594 0.722656 0.933594
0 0.750781 0.878906 0.780469 0.878906 0.780469 0.933594 0.750781 0.933594
0 0.778906 0.878906 0.808594 0.878906 0.808594 0.933594 0.778906 0.933594
0 0.807031 0.878906 0.836719 0.878906 0.836719 0.933594 0.807031 0.933594
0 0.835156 0.878906 0.864844 0.878906 0.864844 0.933594 0.835156 0.933594
0 0.863281 0.878906 0.892969 0.878906 0.892969 0.933594 0.863281 0.933594
0 0.891406 0.878906 0.921094 0.878906 0.921094 0.933594 0.891406 0.933594
0 0.919531 0.878906 0.949219 0.878906 0.949219 0.933594 0.919531 0.933594
1 0.071094 0.692969 0.153906 0.692969 0.153906 0.988281 0.071094 0.988281
1 0.150781 0.692969 0.233594 0.692969 0.233594 0.988281 0.150781 0.988281
1 0.230469 0.692969 0.313281 0.692969 0.313281 0.988281 0.230469 0.988281
1 0.302344 0.692969 0.385156 0.692969 0.385156 0.988281 0.302344 0.988281
1 0.386719 0.692969 0.469531 0.692969 0.469531 0.988281 0.386719 0.988281
1 0.460156 0.692969 0.542969 0.692969 0.542969 0.988281 0.460156 0.988281
1 0.536719 0.692969 0.619531 0.692969 0.619531 0.988281 0.536719 0.988281
1 0.621094 0.692969 0.703906 0.692969 0.703906 0.988281 0.621094 0.988281
1 0.697656 0.692969 0.780469 0.692969 0.780469 0.988281 0.697656 0.988281
1 0.775781 0.692969 0.858594 0.692969 0.858594 0.988281 0.775781 0.988281
0 0.019531 0.517969 0.049219 0.517969 0.049219 0.572656 0.019531 0.572656
0 0.049219 0.517969 0.078906 0.517969 0.078906 0.572656 0.049219 0.572656
0 0.078906 0.517969 0.108594 0.517969 0.108594 0.572656 0.078906 0.572656
0 0.108594 0.517969 0.138281 0.517969 0.138281 0.572656 0.108594 0.572656
0 0.138281 0.517969 0.167969 0.517969 0.167969 0.572656 0.138281 0.572656
0 0.167969 0.517969 0.197656 0.517969 0.197656 0.572656 0.167969 0.572656
0 0.197656 0.517969 0.227344 0.517969 0.227344 0.572656 0.197656 0.572656
0 0.227344 0.517969 0.257031 0.517969 0.257031 0.572656 0.227344 0.572656
0 0.257031 0.517969 0.286719 0.517969 0.286719 0.572656 0.257031 0.572656
0 0.286719 0.517969 0.316406 0.517969 0.316406 0.572656 0.286719 0.572656
0 0.316406 0.517969 0.346094 0.517969 0.346094 0.572656 0.316406 0.572656
0 0.346094 0.517969 0.375781 0.517969 0.375781 0.572656 0.346094 0.572656
0 0.375781 0.517969 0.405469 0.517969 0.405469 0.572656 0.375781 0.572656
0 0.405469 0.517969 0.435156 0.517969 0.435156 0.572656 0.405469 0.572656
0 0.435156 0.517969 0.464844 0.517969 0.464844 0.572656 0.435156 0.572656
0 0.464844 0.517969 0.494531 0.517969 0.494531 0.572656 0.464844 0.572656
0 0.494531 0.517969 0.524219 0.517969 0.524219 0.572656 0.494531 0.572656
0 0.524219 0.517969 0.553906 0.517969 0.553906 0.572656 0.524219 0.572656
0 0.553906 0.517969 0.583594 0.517969 0.583594 0.572656 0.553906 0.572656
0 0.583594 0.517969 0.613281 0.517969 0.613281 0.572656 0.583594 0.572656
0 0.613281 0.517969 0.642969 0.517969 0.642969 0.572656 0.613281 0.572656
0 0.642969 0.517969 0.672656 0.517969 0.672656 0.572656 0.642969 0.572656
0 0.672656 0.517969 0.702344 0.517969 0.702344 0.572656 0.672656 0.572656
0 0.702344 0.517969 0.732031 0.517969 0.732031 0.572656 0.702344 0.572656
0 0.732031 0.517969 0.761719 0.517969 0.761719 0.572656 0.732031 0.572656
0 0.761719 0.517969 0.791406 0.517969 0.791406 0.572656 0.761719 0.572656
0 0.791406 0.517969 0.821094 0.517969 0.821094 0.572656 0.791406 0.572656
0 0.821094 0.517969 0.850781 0.517969 0.850781 0.572656 0.821094 0.572656
0 0.850781 0.517969 0.880469 0.517969 0.880469 0.572656 0.850781 0.572656
0 0.880469 0.517969 0.910156 0.517969 0.910156 0.572656 0.880469 0.572656
0 0.910156 0.517969 0.939844 0.517969 0.939844 0.572656 0.910156 0.572656
4 0.001563 0.373437 0.067187 0.373437 0.067187 0.485938 0.001563 0.485938
4 0.036911 0.368777 0.099498 0.388511 0.065669 0.495804 0.003081 0.476071
4 0.072024 0.374962 0.125781 0.412603 0.061253 0.504758 0.007497 0.467117
4 0.046094 0.412603 0.099851 0.374962 0.164378 0.467117 0.110622 0.504758
4 0.072377 0.388511 0.134964 0.368777 0.168794 0.476071 0.106206 0.495804
4 0.104688 0.373437 0.170313 0.373437 0.170313 0.485938 0.104688 0.485938
4 0.140036 0.368777 0.202623 0.388511 0.168794 0.495804 0.106206 0.476071
4 0.175149 0.374962 0.228906 0.412603 0.164378 0.504758 0.110622 0.467117
4 0.149219 0.412603 0.202976 0.374962 0.267503 0.467117 0.213747 0.504758
4 0.175502 0.388511 0.238089 0.368777 0.271919 0.476071 0.209331 0.495804
4 0.207813 0.373437 0.273438 0.373437 0.273438 0.485938 0.207813 0.485938
4 0.243161 0.368777 0.305748 0.388511 0.271919 0.495804 0.209331 0.476071
4 0.278274 0.374962 0.332031 0.412603 0.267503 0.504758 0.213747 0.467117
4 0.252344 0.412603 0.306101 0.374962 0.370628 0.467117 0.316872 0.504758
4 0.278627 0.388511 0.341214 0.368777 0.375044 0.476071 0.312456 0.495804
4 0.310937 0.373437 0.376563 0.373437 0.376563 0.485938 0.310937 0.485938
4 0.346286 0.368777 0.408873 0.388511 0.375044 0.495804 0.312456 0.476071
4 0.381399 0.374962 0.435156 0.412603 0.370628 0.504758 0.316872 0.467117
4 0.355469 0.412603 0.409226 0.374962 0.473753 0.467117 0.419997 0.504758
4 0.381752 0.388511 0.444339 0.368777 0.478169 0.476071 0.415581 0.495804
4 0.414062 0.373437 0.479687 0.373437 0.479687 0.485938 0.414062 0.485938
4 0.449411 0.368777 0.511998 0.388511 0.478169 0.495804 0.415581 0.476071
4 0.484524 0.374962 0.538281 0.412603 0.473753 0.504758 0.419997 0.467117
4 0.458594 0.412603 0.512351 0.374962 0.576878 0.467117 0.523122 0.504758
4 0.484877 0.388511 0.547464 0.368777 0.581294 0.476071 0.518706 0.495804
4 0.517188 0.373437 0.582812 0.373437 0.582812 0.485938 0.517188 0.485938
4 0.552536 0.368777 0.615123 0.388511 0.581294 0.495804 0.518706 0.476071
4 0.587649 0.374962 0.641406 0.412603 0.576878 0.504758 0.523122 0.467117
4 0.561719 0.412603 0.615476 0.374962 0.680003 0.467117 0.626247 0.504758
4 0.588002 0.388511 0.650589 0.368777 0.684419 0.476071 0.621831 0.495804
4 0.620313 0.373437 0.685937 0.373437 0.685937 0.485938 0.620313 0.485938
4 0.655661 0.368777 0.718248 0.388511 0.684419 0.495804 0.621831 0.476071
4 0.690774 0.374962 0.744531 0.412603 0.680003 0.504758 0.626247 0.467117
4 0.664844 0.412603 0.718601 0.374962 0.783128 0.467117 0.729372 0.504758
4 0.691127 0.388511 0.753714 0.368777 0.787544 0.476071 0.724956 0.495804
4 0.723437 0.373437 0.789062 0.373437 0.789062 0.485938 0.723437 0.485938
4 0.758786 0.368777 0.821373 0.388511 0.787544 0.495804 0.724956 0.476071
4 0.793899 0.374962 0.847656 0.412603 0.783128 0.504758 0.729372 0.467117
4 0.767969 0.412603 0.821726 0.374962 0.886253 0.467117 0.832497 0.504758
4 0.794252 0.388511 0.856839 0.368777 0.890669 0.476071 0.828081 0.495804
4 0.826562 0.373437 0.892188 0.373437 0.892188 0.485938 0.826562 0.485938
4 0.861911 0.368777 0.924498 0.388511 0.890669 0.495804 0.828081 0.476071
4 0.897024 0.374962 0.950781 0.412603 0.886253 0.504758 0.832497 0.467117
1 0.061719 0.225781 0.144531 0.225781 0.144531 0.521094 0.061719 0.521094
1 0.133594 0.225781 0.216406 0.225781 0.216406 0.521094 0.133594 0.521094
1 0.207031 0.225781 0.289844 0.225781 0.289844 0.521094 0.207031 0.521094
1 0.278906 0.225781 0.361719 0.225781 0.361719 0.521094 0.278906 0.521094
1 0.350781 0.225781 0.433594 0.225781 0.433594 0.521094 0.350781 0.521094
1 0.422656 0.225781 0.505469 0.225781 0.505469 0.521094 0.422656 0.521094
1 0.499219 0.225781 0.582031 0.225781 0.582031 0.521094 0.499219 0.521094
1 0.571094 0.225781 0.653906 0.225781 0.653906 0.521094 0.571094 0.521094
1 0.642969 0.225781 0.725781 0.225781 0.725781 0.521094 0.642969 0.521094
1 0.714844 0.225781 0.797656 0.225781 0.797656 0.521094 0.714844 0.521094
1 0.783594 0.225781 0.866406 0.225781 0.866406 0.521094 0.783594 0.521094
0 0.019531 0.050781 0.049219 0.050781 0.049219 0.105469 0.019531 0.105469
0 0.046094 0.050781 0.075781 0.050781 0.075781 0.105469 0.046094 0.105469
0 0.072656 0.050781 0.102344 0.050781 0.102344 0.105469 0.072656 0.105469
0 0.099219 0.050781 0.128906 0.050781 0.128906 0.105469 0.099219 0.105469
0 0.125781 0.050781 0.155469 0.050781 0.155469 0.105469 0.125781 0.105469
0 0.152344 0.050781 0.182031 0.050781 0.182031 0.105469 0.152344 0.105469
0 0.178906 0.050781 0.208594 0.050781 0.208594 0.105469 0.178906 0.105469
0 0.205469 0.050781 0.235156 0.050781 0.235156 0.105469 0.205469 0.105469
0 0.232031 0.050781 0.261719 0.050781 0.261719 0.105469 0.232031 0.105469
0 0.258594 0.050781 0.288281 0.050781 0.288281 0.105469 0.258594 0.105469
0 0.285156 0.050781 0.314844 0.050781 0.314844 0.105469 0.285156 0.105469
0 0.311719 0.050781 0.341406 0.050781 0.341406 0.105469 0.311719 0.105469
0 0.338281 0.050781 0.367969 0.050781 0.367969 0.105469 0.338281 0.105469
0 0.364844 0.050781 0.394531 0.050781 0.394531 0.105469 0.364844 0.105469
0 0.391406 0.050781 0.421094 0.050781 0.421094 0.105469 0.391406 0.105469
0 0.417969 0.050781 0.447656 0.050781 0.447656 0.105469 0.417969 0.105469
0 0.444531 0.050781 0.474219 0.050781 0.474219 0.105469 0.444531 0.105469
0 0.471094 0.050781 0.500781 0.050781 0.500781 0.105469 0.471094 0.105469
0 0.497656 0.050781 0.527344 0.050781 0.527344 0.105469 0.497656 0.105469
0 0.524219 0.050781 0.553906 0.050781 0.553906 0.105469 0.524219 0.105469
0 0.550781 0.050781 0.580469 0.050781 0.580469 0.105469 0.550781 0.105469
0 0.577344 0.050781 0.607031 0.050781 0.607031 0.105469 0.577344 0.105469
0 0.603906 0.050781 0.633594 0.050781 0.633594 0.105469 0.603906 0.105469
0 0.630469 0.050781 0.660156 0.050781 0.660156 0.105469 0.630469 0.105469
0 0.657031 0.050781 0.686719 0.050781 0.686719 0.105469 0.657031 0.105469
0 0.683594 0.050781 0.713281 0.050781 0.713281 0.105469 0.683594 0.105469
0 0.710156 0.050781 0.739844 0.050781 0.739844 0.105469 0.710156 0.105469
0 0.736719 0.050781 0.766406 0.050781 0.766406 0.105469 0.736719 0.105469
0 0.763281 0.050781 0.792969 0.050781 0.792969 0.105469 0.763281 0.105469
0 0.789844 0.050781 0.819531 0.050781 0.819531 0.105469 0.789844 0.105469
0 0.816406 0.050781 0.846094 0.050781 0.846094 0.105469 0.816406 0.105469
0 0.842969 0.050781 0.872656 0.050781 0.872656 0.105469 0.842969 0.105469
0 0.869531 0.050781 0.899219 0.050781 0.899219 0.105469 0.869531 0.105469
0 0.896094 0.050781 0.925781 0.050781 0.925781 0.105469 0.896094 0.105469
0 0.922656 0.050781 0.952344 0.050781 0.952344 0.105469 0.922656 0.105469
0 0.025000 0.646094 0.081250 0.646094 0.081250 0.685156 0.025000 0.685156
0 0.084375 0.646094 0.140625 0.646094 0.140625 0.685156 0.084375 0.685156
0 0.143750 0.646094 0.200000 0.646094 0.200000 0.685156 0.143750 0.685156
2 0.053125 0.646875 0.228125 0.646875 0.228125 0.684375 0.053125 0.684375
0 0.053906 0.271875 0.124219 0.271875 0.124219 0.309375 0.053906 0.309375
0 0.127344 0.271875 0.197656 0.271875 0.197656 0.309375 0.127344 0.309375
0 0.200781 0.271875 0.271094 0.271875 0.271094 0.309375 0.200781 0.309375
0 0.274219 0.271875 0.344531 0.271875 0.344531 0.309375 0.274219 0.309375
2 0.015625 0.271875 0.379688 0.271875 0.379688 0.309375 0.015625 0.309375
0 0.189844 0.525781 0.266406 0.525781 0.266406 0.555469 0.189844 0.555469
0 0.269531 0.525781 0.346094 0.525781 0.346094 0.555469 0.269531 0.555469
2 0.228125 0.526563 0.384375 0.526563 0.384375 0.554688 0.228125 0.554688
0 0.469531 0.302344 0.511719 0.302344 0.511719 0.332031 0.469531 0.332031
0 0.514844 0.302344 0.557031 0.302344 0.557031 0.332031 0.514844 0.332031
0 0.560156 0.302344 0.602344 0.302344 0.602344 0.332031 0.560156 0.332031
0 0.605469 0.302344 0.647656 0.302344 0.647656 0.332031 0.605469 0.332031
2 0.490625 0.303125 0.668750 0.303125 0.668750 0.331250 0.490625 0.331250