0 0.014844 0.897656 0.060156 0.897656 0.060156 0.930469 0.014844 0.930469
0 0.055469 0.897656 0.100781 0.897656 0.100781 0.930469 0.055469 0.930469
0 0.096094 0.897656 0.141406 0.897656 0.141406 0.930469 0.096094 0.930469
0 0.136719 0.897656 0.182031 0.897656 0.182031 0.930469 0.136719 0.930469
0 0.177344 0.897656 0.222656 0.897656 0.222656 0.930469 0.177344 0.930469
0 0.217969 0.897656 0.263281 0.897656 0.263281 0.930469 0.217969 0.930469
0 0.258594 0.897656 0.303906 0.897656 0.303906 0.930469 0.258594 0.930469
0 0.299219 0.897656 0.344531 0.897656 0.344531 0.930469 0.299219 0.930469
0 0.339844 0.897656 0.385156 0.897656 0.385156 0.930469 0.339844 0.930469
0 0.380469 0.897656 0.425781 0.897656 0.425781 0.930469 0.380469 0.930469
0 0.421094 0.897656 0.466406 0.897656 0.466406 0.930469 0.421094 0.930469
0 0.461719 0.897656 0.507031 0.897656 0.507031 0.930469 0.461719 0.930469
0 0.502344 0.897656 0.547656 0.897656 0.547656 0.930469 0.502344 0.930469
0 0.542969 0.897656 0.588281 0.897656 0.588281 0.930469 0.542969 0.930469
0 0.583594 0.897656 0.628906 0.897656 0.628906 0.930469 0.583594 0.930469
0 0.624219 0.897656 0.669531 0.897656 0.669531 0.930469 0.624219 0.930469
0 0.664844 0.897656 0.710156 0.897656 0.710156 0.930469 0.664844 0.930469
0 0.705469 0.897656 0.750781 0.897656 0.750781 0.930469 0.705469 0.930469
0 0.746094 0.897656 0.791406 0.897656 0.791406 0.930469 0.746094 0.930469
0 0.786719 0.897656 0.832031 0.897656 0.832031 0.930469 0.786719 0.930469
0 0.827344 0.897656 0.872656 0.897656 0.872656 0.930469 0.827344 0.930469
0 0.867969 0.897656 0.913281 0.897656 0.913281 0.930469 0.867969 0.930469
4 0.007031 0.817969 0.074219 0.817969 0.074219 0.932031 0.007031 0.932031
4 0.066406 0.817969 0.133594 0.817969 0.133594 0.932031 0.066406 0.932031
4 0.125781 0.817969 0.192969 0.817969 0.192969 0.932031 0.125781 0.932031
4 0.182031 0.817969 0.249219 0.817969 0.249219 0.932031 0.182031 0.932031
4 0.244531 0.817969 0.311719 0.817969 0.311719 0.932031 0.244531 0.932031
4 0.299219 0.817969 0.366406 0.817969 0.366406 0.932031 0.299219 0.932031
4 0.358594 0.817969 0.425781 0.817969 0.425781 0.932031 0.358594 0.932031
4 0.417969 0.817969 0.485156 0.817969 0.485156 0.932031 0.417969 0.932031
4 0.477344 0.817969 0.544531 0.817969 0.544531 0.932031 0.477344 0.932031
4 0.536719 0.817969 0.603906 0.817969 0.603906 0.932031 0.536719 0.932031
4 0.596094 0.817969 0.663281 0.817969 0.663281 0.932031 0.596094 0.932031
4 0.660156 0.817969 0.727344 0.817969 0.727344 0.932031 0.660156 0.932031
4 0.716406 0.817969 0.783594 0.817969 0.783594 0.932031 0.716406 0.932031
4 0.777344 0.817969 0.844531 0.817969 0.844531 0.932031 0.777344 0.932031
4 0.836719 0.817969 0.903906 0.817969 0.903906 0.932031 0.836719 0.932031
0 0.014844 0.744531 0.060156 0.744531 0.060156 0.777344 0.014844 0.777344
0 0.058594 0.744531 0.103906 0.744531 0.103906 0.777344 0.058594 0.777344
0 0.102344 0.744531 0.147656 0.744531 0.147656 0.777344 0.102344 0.777344
0 0.146094 0.744531 0.191406 0.744531 0.191406 0.777344 0.146094 0.777344
0 0.189844 0.744531 0.235156 0.744531 0.235156 0.777344 0.189844 0.777344
0 0.233594 0.744531 0.278906 0.744531 0.278906 0.777344 0.233594 0.777344
0 0.277344 0.744531 0.322656 0.744531 0.322656 0.777344 0.277344 0.777344
0 0.321094 0.744531 0.366406 0.744531 0.366406 0.777344 0.321094 0.777344
0 0.364844 0.744531 0.410156 0.744531 0.410156 0.777344 0.364844 0.777344
0 0.408594 0.744531 0.453906 0.744531 0.453906 0.777344 0.408594 0.777344
0 0.452344 0.744531 0.497656 0.744531 0.497656 0.777344 0.452344 0.777344
0 0.496094 0.744531 0.541406 0.744531 0.541406 0.777344 0.496094 0.777344
0 0.539844 0.744531 0.585156 0.744531 0.585156 0.777344 0.539844 0.777344
0 0.583594 0.744531 0.628906 0.744531 0.628906 0.777344 0.583594 0.777344
0 0.627344 0.744531 0.672656 0.744531 0.672656 0.777344 0.627344 0.777344
0 0.671094 0.744531 0.716406 0.744531 0.716406 0.777344 0.671094 0.777344
0 0.714844 0.744531 0.760156 0.744531 0.760156 0.777344 0.714844 0.777344
0 0.758594 0.744531 0.803906 0.744531 0.803906 0.777344 0.758594 0.777344
0 0.802344 0.744531 0.847656 0.744531 0.847656 0.777344 0.802344 0.777344
0 0.846094 0.744531 0.891406 0.744531 0.891406 0.777344 0.846094 0.777344
0 0.889844 0.744531 0.935156 0.744531 0.935156 0.777344 0.889844 0.777344
1 0.164969 0.444942 0.237448 0.491116 0.073739 0.748087 0.001261 0.701913
1 0.098490 0.491116 0.170969 0.444942 0.334677 0.701913 0.262198 0.748087
1 0.156227 0.452132 0.237235 0.423446 0.338942 0.710657 0.257933 0.739343
1 0.221253 0.427135 0.306638 0.417407 0.341130 0.720136 0.255745 0.729864
1 0.290237 0.417407 0.375622 0.427135 0.341130 0.729864 0.255745 0.720136
1 0.359640 0.423446 0.440648 0.452132 0.338942 0.739343 0.257933 0.710657
1 0.425906 0.444942 0.498385 0.491116 0.334677 0.748087 0.262198 0.701913
1 0.359427 0.491116 0.431906 0.444942 0.595614 0.701913 0.523136 0.748087
1 0.417164 0.452132 0.498172 0.423446 0.599879 0.710657 0.518871 0.739343
1 0.482191 0.427135 0.567576 0.417407 0.602068 0.720136 0.516682 0.729864
1 0.551174 0.417407 0.636559 0.427135 0.602068 0.729864 0.516682 0.720136
1 0.620578 0.423446 0.701586 0.452132 0.599879 0.739343 0.518871 0.710657
1 0.686844 0.444942 0.759323 0.491116 0.595614 0.748087 0.523136 0.701913
4 0.000781 0.363281 0.067969 0.363281 0.067969 0.477344 0.000781 0.477344
4 0.063281 0.363281 0.130469 0.363281 0.130469 0.477344 0.063281 0.477344
4 0.117969 0.363281 0.185156 0.363281 0.185156 0.477344 0.117969 0.477344
4 0.171094 0.363281 0.238281 0.363281 0.238281 0.477344 0.171094 0.477344
4 0.227344 0.363281 0.294531 0.363281 0.294531 0.477344 0.227344 0.477344
4 0.282031 0.363281 0.349219 0.363281 0.349219 0.477344 0.282031 0.477344
4 0.339844 0.363281 0.407031 0.363281 0.407031 0.477344 0.339844 0.477344
4 0.396094 0.363281 0.463281 0.363281 0.463281 0.477344 0.396094 0.477344
4 0.455469 0.363281 0.522656 0.363281 0.522656 0.477344 0.455469 0.477344
4 0.510156 0.363281 0.577344 0.363281 0.577344 0.477344 0.510156 0.477344
4 0.564844 0.363281 0.632031 0.363281 0.632031 0.477344 0.564844 0.477344
4 0.619531 0.363281 0.686719 0.363281 0.686719 0.477344 0.619531 0.477344
4 0.678906 0.363281 0.746094 0.363281 0.746094 0.477344 0.678906 0.477344
4 0.735156 0.363281 0.802344 0.363281 0.802344 0.477344 0.735156 0.477344
4 0.791406 0.363281 0.858594 0.363281 0.858594 0.477344 0.791406 0.477344
4 0.847656 0.363281 0.914844 0.363281 0.914844 0.477344 0.847656 0.477344
0 0.014844 0.289844 0.060156 0.289844 0.060156 0.322656 0.014844 0.322656
0 0.055469 0.289844 0.100781 0.289844 0.100781 0.322656 0.055469 0.322656
0 0.096094 0.289844 0.141406 0.289844 0.141406 0.322656 0.096094 0.322656
0 0.136719 0.289844 0.182031 0.289844 0.182031 0.322656 0.136719 0.322656
0 0.177344 0.289844 0.222656 0.289844 0.222656 0.322656 0.177344 0.322656
0 0.217969 0.289844 0.263281 0.289844 0.263281 0.322656 0.217969 0.322656
0 0.258594 0.289844 0.303906 0.289844 0.303906 0.322656 0.258594 0.322656
0 0.299219 0.289844 0.344531 0.289844 0.344531 0.322656 0.299219 0.322656
0 0.339844 0.289844 0.385156 0.289844 0.385156 0.322656 0.339844 0.322656
0 0.380469 0.289844 0.425781 0.289844 0.425781 0.322656 0.380469 0.322656
0 0.421094 0.289844 0.466406 0.289844 0.466406 0.322656 0.421094 0.322656
0 0.461719 0.289844 0.507031 0.289844 0.507031 0.322656 0.461719 0.322656
0 0.502344 0.289844 0.547656 0.289844 0.547656 0.322656 0.502344 0.322656
0 0.542969 0.289844 0.588281 0.289844 0.588281 0.322656 0.542969 0.322656
0 0.583594 0.289844 0.628906 0.289844 0.628906 0.322656 0.583594 0.322656
0 0.624219 0.289844 0.669531 0.289844 0.669531 0.322656 0.624219 0.322656
0 0.664844 0.289844 0.710156 0.289844 0.710156 0.322656 0.664844 0.322656
0 0.705469 0.289844 0.750781 0.289844 0.750781 0.322656 0.705469 0.322656
0 0.746094 0.289844 0.791406 0.289844 0.791406 0.322656 0.746094 0.322656
0 0.786719 0.289844 0.832031 0.289844 0.832031 0.322656 0.786719 0.322656
0 0.827344 0.289844 0.872656 0.289844 0.872656 0.322656 0.827344 0.322656
0 0.867969 0.289844 0.913281 0.289844 0.913281 0.322656 0.867969 0.322656