0 0.042188 0.877344 0.089063 0.877344 0.089063 0.910156 0.042188 0.910156
0 0.089063 0.877344 0.135937 0.877344 0.135937 0.910156 0.089063 0.910156
0 0.135937 0.877344 0.182812 0.877344 0.182812 0.910156 0.135937 0.910156
0 0.182812 0.877344 0.229687 0.877344 0.229687 0.910156 0.182812 0.910156
0 0.229687 0.877344 0.276562 0.877344 0.276562 0.910156 0.229687 0.910156
0 0.276562 0.877344 0.323437 0.877344 0.323437 0.910156 0.276562 0.910156
0 0.323437 0.877344 0.370312 0.877344 0.370312 0.910156 0.323437 0.910156
0 0.370312 0.877344 0.417187 0.877344 0.417187 0.910156 0.370312 0.910156
0 0.417187 0.877344 0.464062 0.877344 0.464062 0.910156 0.417187 0.910156
0 0.464062 0.877344 0.510938 0.877344 0.510938 0.910156 0.464062 0.910156
0 0.510938 0.877344 0.557813 0.877344 0.557813 0.910156 0.510938 0.910156
0 0.557813 0.877344 0.604688 0.877344 0.604688 0.910156 0.557813 0.910156
0 0.604688 0.877344 0.651563 0.877344 0.651563 0.910156 0.604688 0.910156
0 0.651563 0.877344 0.698438 0.877344 0.698438 0.910156 0.651563 0.910156
0 0.698438 0.877344 0.745313 0.877344 0.745313 0.910156 0.698438 0.910156
0 0.745313 0.877344 0.792188 0.877344 0.792188 0.910156 0.745313 0.910156
0 0.792188 0.877344 0.839063 0.877344 0.839063 0.910156 0.792188 0.910156
0 0.839063 0.877344 0.885938 0.877344 0.885938 0.910156 0.839063 0.910156
4 0.027344 0.793750 0.097656 0.793750 0.097656 0.915625 0.027344 0.915625
4 0.097656 0.793750 0.167969 0.793750 0.167969 0.915625 0.097656 0.915625
4 0.171094 0.793750 0.241406 0.793750 0.241406 0.915625 0.171094 0.915625
4 0.235156 0.793750 0.305469 0.793750 0.305469 0.915625 0.235156 0.915625
4 0.302344 0.793750 0.372656 0.793750 0.372656 0.915625 0.302344 0.915625
4 0.377344 0.793750 0.447656 0.793750 0.447656 0.915625 0.377344 0.915625
4 0.444531 0.793750 0.514844 0.793750 0.514844 0.915625 0.444531 0.915625
4 0.511719 0.793750 0.582031 0.793750 0.582031 0.915625 0.511719 0.915625
4 0.577344 0.793750 0.647656 0.793750 0.647656 0.915625 0.577344 0.915625
4 0.646094 0.793750 0.716406 0.793750 0.716406 0.915625 0.646094 0.915625
4 0.716406 0.793750 0.786719 0.793750 0.786719 0.915625 0.716406 0.915625
4 0.789844 0.793750 0.860156 0.793750 0.860156 0.915625 0.789844 0.915625
0 0.042188 0.716406 0.089063 0.716406 0.089063 0.749219 0.042188 0.749219
0 0.084375 0.716406 0.131250 0.716406 0.131250 0.749219 0.084375 0.749219
0 0.126562 0.716406 0.173437 0.716406 0.173437 0.749219 0.126562 0.749219
0 0.168750 0.716406 0.215625 0.716406 0.215625 0.749219 0.168750 0.749219
0 0.210938 0.716406 0.257812 0.716406 0.257812 0.749219 0.210938 0.749219
0 0.253125 0.716406 0.300000 0.716406 0.300000 0.749219 0.253125 0.749219
0 0.295312 0.716406 0.342187 0.716406 0.342187 0.749219 0.295312 0.749219
0 0.337500 0.716406 0.384375 0.716406 0.384375 0.749219 0.337500 0.749219
0 0.379688 0.716406 0.426563 0.716406 0.426563 0.749219 0.379688 0.749219
0 0.421875 0.716406 0.468750 0.716406 0.468750 0.749219 0.421875 0.749219
0 0.464062 0.716406 0.510938 0.716406 0.510938 0.749219 0.464062 0.749219
0 0.506250 0.716406 0.553125 0.716406 0.553125 0.749219 0.506250 0.749219
0 0.548438 0.716406 0.595313 0.716406 0.595313 0.749219 0.548438 0.749219
0 0.590625 0.716406 0.637500 0.716406 0.637500 0.749219 0.590625 0.749219
0 0.632812 0.716406 0.679688 0.716406 0.679688 0.749219 0.632812 0.749219
0 0.675000 0.716406 0.721875 0.716406 0.721875 0.749219 0.675000 0.749219
0 0.717187 0.716406 0.764062 0.716406 0.764062 0.749219 0.717187 0.749219
0 0.759375 0.716406 0.806250 0.716406 0.806250 0.749219 0.759375 0.749219
0 0.801562 0.716406 0.848437 0.716406 0.848437 0.749219 0.801562 0.749219
0 0.843750 0.716406 0.890625 0.716406 0.890625 0.749219 0.843750 0.749219
4 0.037500 0.598437 0.093750 0.598437 0.093750 0.696875 0.037500 0.696875
4 0.087879 0.596946 0.137312 0.623787 0.090342 0.710295 0.040908 0.683455
4 0.132864 0.619674 0.163500 0.666850 0.080943 0.720463 0.050307 0.673287
4 0.099000 0.666850 0.129636 0.619674 0.212193 0.673287 0.181557 0.720463
4 0.125188 0.623787 0.174621 0.596946 0.221592 0.683455 0.172158 0.710295
4 0.168750 0.598437 0.225000 0.598437 0.225000 0.696875 0.168750 0.696875
4 0.219129 0.596946 0.268562 0.623787 0.221592 0.710295 0.172158 0.683455
4 0.264114 0.619674 0.294750 0.666850 0.212193 0.720463 0.181557 0.673287
4 0.230250 0.666850 0.260886 0.619674 0.343443 0.673287 0.312807 0.720463
4 0.256438 0.623787 0.305871 0.596946 0.352842 0.683455 0.303408 0.710295
4 0.300000 0.598437 0.356250 0.598437 0.356250 0.696875 0.300000 0.696875
4 0.350379 0.596946 0.399812 0.623787 0.352842 0.710295 0.303408 0.683455
4 0.395364 0.619674 0.426000 0.666850 0.343443 0.720463 0.312807 0.673287
4 0.361500 0.666850 0.392136 0.619674 0.474693 0.673287 0.444057 0.720463
4 0.387688 0.623787 0.437121 0.596946 0.484092 0.683455 0.434658 0.710295
4 0.431250 0.598437 0.487500 0.598437 0.487500 0.696875 0.431250 0.696875
4 0.481629 0.596946 0.531062 0.623787 0.484092 0.710295 0.434658 0.683455
4 0.526614 0.619674 0.557250 0.666850 0.474693 0.720463 0.444057 0.673287
4 0.492750 0.666850 0.523386 0.619674 0.605943 0.673287 0.575307 0.720463
4 0.518938 0.623787 0.568371 0.596946 0.615342 0.683455 0.565908 0.710295
4 0.562500 0.598437 0.618750 0.598437 0.618750 0.696875 0.562500 0.696875
4 0.612879 0.596946 0.662312 0.623787 0.615342 0.710295 0.565908 0.683455
4 0.657864 0.619674 0.688500 0.666850 0.605943 0.720463 0.575307 0.673287
4 0.624000 0.666850 0.654636 0.619674 0.737193 0.673287 0.706557 0.720463
4 0.650188 0.623787 0.699621 0.596946 0.746592 0.683455 0.697158 0.710295
4 0.693750 0.598437 0.750000 0.598437 0.750000 0.696875 0.693750 0.696875
4 0.744129 0.596946 0.793562 0.623787 0.746592 0.710295 0.697158 0.683455
4 0.789114 0.619674 0.819750 0.666850 0.737193 0.720463 0.706557 0.673287
4 0.027344 0.537500 0.097656 0.537500 0.097656 0.659375 0.027344 0.659375
4 0.094531 0.537500 0.164844 0.537500 0.164844 0.659375 0.094531 0.659375
4 0.167969 0.537500 0.238281 0.537500 0.238281 0.659375 0.167969 0.659375
4 0.232031 0.537500 0.302344 0.537500 0.302344 0.659375 0.232031 0.659375
4 0.299219 0.537500 0.369531 0.537500 0.369531 0.659375 0.299219 0.659375
4 0.369531 0.537500 0.439844 0.537500 0.439844 0.659375 0.369531 0.659375
4 0.432031 0.537500 0.502344 0.537500 0.502344 0.659375 0.432031 0.659375
4 0.502344 0.537500 0.572656 0.537500 0.572656 0.659375 0.502344 0.659375
4 0.564844 0.537500 0.635156 0.537500 0.635156 0.659375 0.564844 0.659375
4 0.633594 0.537500 0.703906 0.537500 0.703906 0.659375 0.633594 0.659375
4 0.702344 0.537500 0.772656 0.537500 0.772656 0.659375 0.702344 0.659375
4 0.766406 0.537500 0.836719 0.537500 0.836719 0.659375 0.766406 0.659375
4 0.032363 0.436471 0.067762 0.392757 0.144262 0.454705 0.108863 0.498420
4 0.058799 0.399822 0.109569 0.375606 0.151948 0.464454 0.101177 0.488671
4 0.098437 0.378125 0.154688 0.378125 0.154688 0.476562 0.098437 0.476562
4 0.143556 0.375606 0.194326 0.399822 0.151948 0.488671 0.101177 0.464454
4 0.185363 0.392757 0.220762 0.436471 0.144262 0.498420 0.108863 0.454705
4 0.154238 0.436471 0.189637 0.392757 0.266137 0.454705 0.230738 0.498420
4 0.180674 0.399822 0.231444 0.375606 0.273823 0.464454 0.223052 0.488671
4 0.220312 0.378125 0.276562 0.378125 0.276562 0.476562 0.220312 0.476562
4 0.265431 0.375606 0.316201 0.399822 0.273823 0.488671 0.223052 0.464454
4 0.307238 0.392757 0.342637 0.436471 0.266137 0.498420 0.230738 0.454705
4 0.276113 0.436471 0.311512 0.392757 0.388012 0.454705 0.352613 0.498420
4 0.302549 0.399822 0.353319 0.375606 0.395698 0.464454 0.344927 0.488671
4 0.342187 0.378125 0.398438 0.378125 0.398438 0.476562 0.342187 0.476562
4 0.387306 0.375606 0.438076 0.399822 0.395698 0.488671 0.344927 0.464454
4 0.429113 0.392757 0.464512 0.436471 0.388012 0.498420 0.352613 0.454705
4 0.397988 0.436471 0.433387 0.392757 0.509887 0.454705 0.474488 0.498420
4 0.424424 0.399822 0.475194 0.375606 0.517573 0.464454 0.466802 0.488671
4 0.464062 0.378125 0.520312 0.378125 0.520312 0.476562 0.464062 0.476562
4 0.509181 0.375606 0.559951 0.399822 0.517573 0.488671 0.466802 0.464454
4 0.550988 0.392757 0.586387 0.436471 0.509887 0.498420 0.474488 0.454705
4 0.519863 0.436471 0.555262 0.392757 0.631762 0.454705 0.596363 0.498420
4 0.546299 0.399822 0.597069 0.375606 0.639448 0.464454 0.588677 0.488671
4 0.585938 0.378125 0.642188 0.378125 0.642188 0.476562 0.585938 0.476562
4 0.631056 0.375606 0.681826 0.399822 0.639448 0.488671 0.588677 0.464454
4 0.672863 0.392757 0.708262 0.436471 0.631762 0.498420 0.596363 0.454705
4 0.641738 0.436471 0.677137 0.392757 0.753637 0.454705 0.718238 0.498420
4 0.668174 0.399822 0.718944 0.375606 0.761323 0.464454 0.710552 0.488671
4 0.707812 0.378125 0.764062 0.378125 0.764062 0.476562 0.707812 0.476562
4 0.752931 0.375606 0.803701 0.399822 0.761323 0.488671 0.710552 0.464454
4 0.794738 0.392757 0.830137 0.436471 0.753637 0.498420 0.718238 0.454705
4 0.763613 0.436471 0.799012 0.392757 0.875512 0.454705 0.840113 0.498420
4 0.790049 0.399822 0.840819 0.375606 0.883198 0.464454 0.832427 0.488671
4 0.829688 0.378125 0.885938 0.378125 0.885938 0.476562 0.829688 0.476562
4 0.874806 0.375606 0.925576 0.399822 0.883198 0.488671 0.832427 0.464454
4 0.916613 0.392757 0.952012 0.436471 0.875512 0.498420 0.840113 0.454705
4 0.028906 0.317188 0.099219 0.317188 0.099219 0.439063 0.028906 0.439063
4 0.097656 0.317188 0.167969 0.317188 0.167969 0.439063 0.097656 0.439063
4 0.160156 0.317188 0.230469 0.317188 0.230469 0.439063 0.160156 0.439063
4 0.222656 0.317188 0.292969 0.317188 0.292969 0.439063 0.222656 0.439063
4 0.289844 0.317188 0.360156 0.317188 0.360156 0.439063 0.289844 0.439063
4 0.350781 0.317188 0.421094 0.317188 0.421094 0.439063 0.350781 0.439063
4 0.417969 0.317188 0.488281 0.317188 0.488281 0.439063 0.417969 0.439063
4 0.482031 0.317188 0.552344 0.317188 0.552344 0.439063 0.482031 0.439063
4 0.546094 0.317188 0.616406 0.317188 0.616406 0.439063 0.546094 0.439063
4 0.605469 0.317188 0.675781 0.317188 0.675781 0.439063 0.605469 0.439063
4 0.667969 0.317188 0.738281 0.317188 0.738281 0.439063 0.667969 0.439063
4 0.732031 0.317188 0.802344 0.317188 0.802344 0.439063 0.732031 0.439063
4 0.797656 0.317188 0.867969 0.317188 0.867969 0.439063 0.797656 0.439063
0 0.042188 0.239844 0.089063 0.239844 0.089063 0.272656 0.042188 0.272656
0 0.084375 0.239844 0.131250 0.239844 0.131250 0.272656 0.084375 0.272656
0 0.126562 0.239844 0.173437 0.239844 0.173437 0.272656 0.126562 0.272656
0 0.168750 0.239844 0.215625 0.239844 0.215625 0.272656 0.168750 0.272656
0 0.210938 0.239844 0.257812 0.239844 0.257812 0.272656 0.210938 0.272656
0 0.253125 0.239844 0.300000 0.239844 0.300000 0.272656 0.253125 0.272656
0 0.295312 0.239844 0.342187 0.239844 0.342187 0.272656 0.295312 0.272656
0 0.337500 0.239844 0.384375 0.239844 0.384375 0.272656 0.337500 0.272656
0 0.379688 0.239844 0.426563 0.239844 0.426563 0.272656 0.379688 0.272656
0 0.421875 0.239844 0.468750 0.239844 0.468750 0.272656 0.421875 0.272656
0 0.464062 0.239844 0.510938 0.239844 0.510938 0.272656 0.464062 0.272656
0 0.506250 0.239844 0.553125 0.239844 0.553125 0.272656 0.506250 0.272656
0 0.548438 0.239844 0.595313 0.239844 0.595313 0.272656 0.548438 0.272656
0 0.590625 0.239844 0.637500 0.239844 0.637500 0.272656 0.590625 0.272656
0 0.632812 0.239844 0.679688 0.239844 0.679688 0.272656 0.632812 0.272656
0 0.675000 0.239844 0.721875 0.239844 0.721875 0.272656 0.675000 0.272656
0 0.717187 0.239844 0.764062 0.239844 0.764062 0.272656 0.717187 0.272656
0 0.759375 0.239844 0.806250 0.239844 0.806250 0.272656 0.759375 0.272656
0 0.801562 0.239844 0.848437 0.239844 0.848437 0.272656 0.801562 0.272656
0 0.843750 0.239844 0.890625 0.239844 0.890625 0.272656 0.843750 0.272656
4 0.018704 0.129322 0.073857 0.118267 0.093202 0.214785 0.038048 0.225840
4 0.057393 0.118267 0.112546 0.129322 0.093202 0.225840 0.038048 0.214785
4 0.097354 0.122977 0.143987 0.154431 0.088942 0.236040 0.042308 0.204585
4 0.074763 0.154431 0.121396 0.122977 0.176442 0.204585 0.129808 0.236040
4 0.106204 0.129322 0.161357 0.118267 0.180702 0.214785 0.125548 0.225840
4 0.144893 0.118267 0.200046 0.129322 0.180702 0.225840 0.125548 0.214785
4 0.184854 0.122977 0.231487 0.154431 0.176442 0.236040 0.129808 0.204585
4 0.162263 0.154431 0.208896 0.122977 0.263942 0.204585 0.217308 0.236040
4 0.193704 0.129322 0.248857 0.118267 0.268202 0.214785 0.213048 0.225840
4 0.232393 0.118267 0.287546 0.129322 0.268202 0.225840 0.213048 0.214785
4 0.272354 0.122977 0.318987 0.154431 0.263942 0.236040 0.217308 0.204585
4 0.249763 0.154431 0.296396 0.122977 0.351442 0.204585 0.304808 0.236040
4 0.281204 0.129322 0.336357 0.118267 0.355702 0.214785 0.300548 0.225840
4 0.319893 0.118267 0.375046 0.129322 0.355702 0.225840 0.300548 0.214785
4 0.359854 0.122977 0.406487 0.154431 0.351442 0.236040 0.304808 0.204585
4 0.337263 0.154431 0.383896 0.122977 0.438942 0.204585 0.392308 0.236040
4 0.368704 0.129322 0.423857 0.118267 0.443202 0.214785 0.388048 0.225840
4 0.407393 0.118267 0.462546 0.129322 0.443202 0.225840 0.388048 0.214785
4 0.447354 0.122977 0.493987 0.154431 0.438942 0.236040 0.392308 0.204585
4 0.424763 0.154431 0.471396 0.122977 0.526442 0.204585 0.479808 0.236040
4 0.456204 0.129322 0.511357 0.118267 0.530702 0.214785 0.475548 0.225840
4 0.494893 0.118267 0.550046 0.129322 0.530702 0.225840 0.475548 0.214785
4 0.534854 0.122977 0.581487 0.154431 0.526442 0.236040 0.479808 0.204585
4 0.512263 0.154431 0.558896 0.122977 0.613942 0.204585 0.567308 0.236040
4 0.543704 0.129322 0.598857 0.118267 0.618202 0.214785 0.563048 0.225840
4 0.582393 0.118267 0.637546 0.129322 0.618202 0.225840 0.563048 0.214785
4 0.622354 0.122977 0.668987 0.154431 0.613942 0.236040 0.567308 0.204585
4 0.599763 0.154431 0.646396 0.122977 0.701442 0.204585 0.654808 0.236040
4 0.631204 0.129322 0.686357 0.118267 0.705702 0.214785 0.650548 0.225840
4 0.669893 0.118267 0.725046 0.129322 0.705702 0.225840 0.650548 0.214785
4 0.709854 0.122977 0.756487 0.154431 0.701442 0.236040 0.654808 0.204585
4 0.687263 0.154431 0.733896 0.122977 0.788942 0.204585 0.742308 0.236040
4 0.718704 0.129322 0.773857 0.118267 0.793202 0.214785 0.738048 0.225840
4 0.757393 0.118267 0.812546 0.129322 0.793202 0.225840 0.738048 0.214785
4 0.797354 0.122977 0.843987 0.154431 0.788942 0.236040 0.742308 0.204585
5 0.960938 0.890625 0.975000 0.890625 0.975000 0.906250 0.960938 0.906250