0 0.051562 0.914062 0.104688 0.914062 0.104688 0.951562 0.051562 0.951562
0 0.096875 0.917188 0.150000 0.917188 0.150000 0.954688 0.096875 0.954688
0 0.148438 0.917188 0.201563 0.917188 0.201563 0.954688 0.148438 0.954688
0 0.193750 0.918750 0.246875 0.918750 0.246875 0.956250 0.193750 0.956250
0 0.242188 0.920312 0.295312 0.920312 0.295312 0.957812 0.242188 0.957812
0 0.293750 0.917188 0.346875 0.917188 0.346875 0.954688 0.293750 0.954688
0 0.335938 0.920312 0.389062 0.920312 0.389062 0.957812 0.335938 0.957812
0 0.387500 0.915625 0.440625 0.915625 0.440625 0.953125 0.387500 0.953125
0 0.439063 0.914062 0.492188 0.914062 0.492188 0.951562 0.439063 0.951562
0 0.485938 0.920312 0.539062 0.920312 0.539062 0.957812 0.485938 0.957812
0 0.534375 0.920312 0.587500 0.920312 0.587500 0.957812 0.534375 0.957812
0 0.578125 0.917188 0.631250 0.917188 0.631250 0.954688 0.578125 0.954688
0 0.629687 0.915625 0.682813 0.915625 0.682813 0.953125 0.629687 0.953125
0 0.681250 0.920312 0.734375 0.920312 0.734375 0.957812 0.681250 0.957812
0 0.729688 0.918750 0.782813 0.918750 0.782813 0.956250 0.729688 0.956250
0 0.771875 0.918750 0.825000 0.918750 0.825000 0.956250 0.771875 0.956250
0 0.820312 0.914062 0.873437 0.914062 0.873437 0.951562 0.820312 0.951562
4 0.042969 0.846094 0.107031 0.846094 0.107031 0.957031 0.042969 0.957031
4 0.100781 0.842969 0.164844 0.842969 0.164844 0.953906 0.100781 0.953906
4 0.152344 0.847656 0.216406 0.847656 0.216406 0.958594 0.152344 0.958594
4 0.211719 0.844531 0.275781 0.844531 0.275781 0.955469 0.211719 0.955469
4 0.269531 0.847656 0.333594 0.847656 0.333594 0.958594 0.269531 0.958594
4 0.321094 0.844531 0.385156 0.844531 0.385156 0.955469 0.321094 0.955469
4 0.382031 0.849219 0.446094 0.849219 0.446094 0.960156 0.382031 0.960156
4 0.433594 0.846094 0.497656 0.846094 0.497656 0.957031 0.433594 0.957031
4 0.496094 0.849219 0.560156 0.849219 0.560156 0.960156 0.496094 0.960156
4 0.546094 0.844531 0.610156 0.844531 0.610156 0.955469 0.546094 0.955469
4 0.605469 0.844531 0.669531 0.844531 0.669531 0.955469 0.605469 0.955469
4 0.658594 0.849219 0.722656 0.849219 0.722656 0.960156 0.658594 0.960156
4 0.717969 0.844531 0.782031 0.844531 0.782031 0.955469 0.717969 0.955469
4 0.775781 0.847656 0.839844 0.847656 0.839844 0.958594 0.775781 0.958594
4 0.833594 0.849219 0.897656 0.849219 0.897656 0.960156 0.833594 0.960156
0 0.060156 0.764844 0.092969 0.764844 0.092969 0.825781 0.060156 0.825781
0 0.091406 0.763281 0.124219 0.763281 0.124219 0.824219 0.091406 0.824219
0 0.127344 0.766406 0.160156 0.766406 0.160156 0.827344 0.127344 0.827344
0 0.155469 0.764844 0.188281 0.764844 0.188281 0.825781 0.155469 0.825781
0 0.188281 0.766406 0.221094 0.766406 0.221094 0.827344 0.188281 0.827344
0 0.221094 0.764844 0.253906 0.764844 0.253906 0.825781 0.221094 0.825781
0 0.255469 0.769531 0.288281 0.769531 0.288281 0.830469 0.255469 0.830469
0 0.285156 0.763281 0.317969 0.763281 0.317969 0.824219 0.285156 0.824219
0 0.321094 0.763281 0.353906 0.763281 0.353906 0.824219 0.321094 0.824219
0 0.355469 0.764844 0.388281 0.764844 0.388281 0.825781 0.355469 0.825781
0 0.386719 0.763281 0.419531 0.763281 0.419531 0.824219 0.386719 0.824219
0 0.419531 0.766406 0.452344 0.766406 0.452344 0.827344 0.419531 0.827344
0 0.450781 0.767969 0.483594 0.767969 0.483594 0.828906 0.450781 0.828906
0 0.488281 0.763281 0.521094 0.763281 0.521094 0.824219 0.488281 0.824219
0 0.517969 0.769531 0.550781 0.769531 0.550781 0.830469 0.517969 0.830469
0 0.550781 0.766406 0.583594 0.766406 0.583594 0.827344 0.550781 0.827344
0 0.585156 0.766406 0.617969 0.766406 0.617969 0.827344 0.585156 0.827344
0 0.619531 0.763281 0.652344 0.763281 0.652344 0.824219 0.619531 0.824219
0 0.650781 0.764844 0.683594 0.764844 0.683594 0.825781 0.650781 0.825781
0 0.683594 0.769531 0.716406 0.769531 0.716406 0.830469 0.683594 0.830469
0 0.716406 0.763281 0.749219 0.763281 0.749219 0.824219 0.716406 0.824219
0 0.746094 0.766406 0.778906 0.766406 0.778906 0.827344 0.746094 0.827344
0 0.778906 0.766406 0.811719 0.766406 0.811719 0.827344 0.778906 0.827344
0 0.814844 0.763281 0.847656 0.763281 0.847656 0.824219 0.814844 0.824219
0 0.844531 0.764844 0.877344 0.764844 0.877344 0.825781 0.844531 0.825781
4 0.040625 0.680469 0.103125 0.680469 0.103125 0.788281 0.040625 0.788281
4 0.110937 0.678906 0.173437 0.678906 0.173437 0.786719 0.110937 0.786719
4 0.175000 0.682031 0.237500 0.682031 0.237500 0.789844 0.175000 0.789844
4 0.234375 0.677344 0.296875 0.677344 0.296875 0.785156 0.234375 0.785156
4 0.300000 0.677344 0.362500 0.677344 0.362500 0.785156 0.300000 0.785156
4 0.362500 0.683594 0.425000 0.683594 0.425000 0.791406 0.362500 0.791406
4 0.429688 0.682031 0.492188 0.682031 0.492188 0.789844 0.429688 0.789844
4 0.490625 0.683594 0.553125 0.683594 0.553125 0.791406 0.490625 0.791406
4 0.559375 0.677344 0.621875 0.677344 0.621875 0.785156 0.559375 0.785156
4 0.621875 0.678906 0.684375 0.678906 0.684375 0.786719 0.621875 0.786719
4 0.681250 0.682031 0.743750 0.682031 0.743750 0.789844 0.681250 0.789844
4 0.748437 0.678906 0.810937 0.678906 0.810937 0.786719 0.748437 0.786719
4 0.815625 0.678906 0.878125 0.678906 0.878125 0.786719 0.815625 0.786719
0 0.042188 0.622656 0.104688 0.622656 0.104688 0.655469 0.042188 0.655469
0 0.103125 0.624219 0.165625 0.624219 0.165625 0.657031 0.103125 0.657031
0 0.165625 0.624219 0.228125 0.624219 0.228125 0.657031 0.165625 0.657031
0 0.223438 0.627344 0.285938 0.627344 0.285938 0.660156 0.223438 0.660156
0 0.284375 0.624219 0.346875 0.624219 0.346875 0.657031 0.284375 0.657031
0 0.342187 0.622656 0.404687 0.622656 0.404687 0.655469 0.342187 0.655469
0 0.401562 0.624219 0.464062 0.624219 0.464062 0.657031 0.401562 0.657031
0 0.457813 0.625781 0.520312 0.625781 0.520312 0.658594 0.457813 0.658594
0 0.515625 0.624219 0.578125 0.624219 0.578125 0.657031 0.515625 0.657031
0 0.575000 0.624219 0.637500 0.624219 0.637500 0.657031 0.575000 0.657031
0 0.640625 0.624219 0.703125 0.624219 0.703125 0.657031 0.640625 0.657031
0 0.700000 0.622656 0.762500 0.622656 0.762500 0.655469 0.700000 0.655469
0 0.756250 0.628906 0.818750 0.628906 0.818750 0.661719 0.756250 0.661719
0 0.815625 0.622656 0.878125 0.622656 0.878125 0.655469 0.815625 0.655469
4 0.044531 0.562500 0.102344 0.562500 0.102344 0.662500 0.044531 0.662500
4 0.097656 0.567187 0.155469 0.567187 0.155469 0.667188 0.097656 0.667188
4 0.147656 0.565625 0.205469 0.565625 0.205469 0.665625 0.147656 0.665625
4 0.203906 0.565625 0.261719 0.565625 0.261719 0.665625 0.203906 0.665625
4 0.249219 0.567187 0.307031 0.567187 0.307031 0.667188 0.249219 0.667188
4 0.300781 0.560937 0.358594 0.560937 0.358594 0.660937 0.300781 0.660937
4 0.352344 0.560937 0.410156 0.560937 0.410156 0.660937 0.352344 0.660937
4 0.405469 0.567187 0.463281 0.567187 0.463281 0.667188 0.405469 0.667188
4 0.458594 0.565625 0.516406 0.565625 0.516406 0.665625 0.458594 0.665625
4 0.507031 0.565625 0.564844 0.565625 0.564844 0.665625 0.507031 0.665625
4 0.560156 0.562500 0.617969 0.562500 0.617969 0.662500 0.560156 0.662500
4 0.613281 0.565625 0.671094 0.565625 0.671094 0.665625 0.613281 0.665625
4 0.664844 0.565625 0.722656 0.565625 0.722656 0.665625 0.664844 0.665625
4 0.713281 0.567187 0.771094 0.567187 0.771094 0.667188 0.713281 0.667188
4 0.767969 0.564063 0.825781 0.564063 0.825781 0.664062 0.767969 0.664062
4 0.822656 0.564063 0.880469 0.564063 0.880469 0.664062 0.822656 0.664062
5 0.014063 0.890625 0.028125 0.890625 0.028125 0.906250 0.014063 0.906250