4 0.000781 0.034375 0.064844 0.034375 0.064844 0.143750 0.000781 0.143750
0 0.047656 0.073438 0.092969 0.073438 0.092969 0.104688 0.047656 0.104688
0 0.085156 0.073438 0.130469 0.073438 0.130469 0.104688 0.085156 0.104688
4 0.114844 0.034375 0.178906 0.034375 0.178906 0.143750 0.114844 0.143750
0 0.180469 0.073438 0.225781 0.073438 0.225781 0.104688 0.180469 0.104688
4 0.228906 0.034375 0.292969 0.034375 0.292969 0.143750 0.228906 0.143750
0 0.294531 0.073438 0.339844 0.073438 0.339844 0.104688 0.294531 0.104688
4 0.342969 0.034375 0.407031 0.034375 0.407031 0.143750 0.342969 0.143750
0 0.389844 0.073438 0.435156 0.073438 0.435156 0.104688 0.389844 0.104688
0 0.427344 0.073438 0.472656 0.073438 0.472656 0.104688 0.427344 0.104688
4 0.457031 0.034375 0.521094 0.034375 0.521094 0.143750 0.457031 0.143750
0 0.503906 0.073438 0.549219 0.073438 0.549219 0.104688 0.503906 0.104688
0 0.541406 0.073438 0.586719 0.073438 0.586719 0.104688 0.541406 0.104688
4 0.571094 0.034375 0.635156 0.034375 0.635156 0.143750 0.571094 0.143750
0 0.617969 0.073438 0.663281 0.073438 0.663281 0.104688 0.617969 0.104688
0 0.655469 0.073438 0.700781 0.073438 0.700781 0.104688 0.655469 0.104688
4 0.685156 0.034375 0.749219 0.034375 0.749219 0.143750 0.685156 0.143750
0 0.750781 0.073438 0.796094 0.073438 0.796094 0.104688 0.750781 0.104688
4 0.799219 0.034375 0.863281 0.034375 0.863281 0.143750 0.799219 0.143750
4 0.000781 0.154688 0.064844 0.154688 0.064844 0.264062 0.000781 0.264062
0 0.066406 0.193750 0.111719 0.193750 0.111719 0.225000 0.066406 0.225000
4 0.114844 0.154688 0.178906 0.154688 0.178906 0.264062 0.114844 0.264062
0 0.180469 0.193750 0.225781 0.193750 0.225781 0.225000 0.180469 0.225000
4 0.228906 0.154688 0.292969 0.154688 0.292969 0.264062 0.228906 0.264062
0 0.266406 0.193750 0.311719 0.193750 0.311719 0.225000 0.266406 0.225000
0 0.294531 0.193750 0.339844 0.193750 0.339844 0.225000 0.294531 0.225000
0 0.322656 0.193750 0.367969 0.193750 0.367969 0.225000 0.322656 0.225000
4 0.342969 0.154688 0.407031 0.154688 0.407031 0.264062 0.342969 0.264062
0 0.408594 0.193750 0.453906 0.193750 0.453906 0.225000 0.408594 0.225000
4 0.457031 0.154688 0.521094 0.154688 0.521094 0.264062 0.457031 0.264062
0 0.503906 0.193750 0.549219 0.193750 0.549219 0.225000 0.503906 0.225000
0 0.541406 0.193750 0.586719 0.193750 0.586719 0.225000 0.541406 0.225000
4 0.571094 0.154688 0.635156 0.154688 0.635156 0.264062 0.571094 0.264062
0 0.617969 0.193750 0.663281 0.193750 0.663281 0.225000 0.617969 0.225000
0 0.655469 0.193750 0.700781 0.193750 0.700781 0.225000 0.655469 0.225000
4 0.685156 0.154688 0.749219 0.154688 0.749219 0.264062 0.685156 0.264062
0 0.732031 0.193750 0.777344 0.193750 0.777344 0.225000 0.732031 0.225000
0 0.769531 0.193750 0.814844 0.193750 0.814844 0.225000 0.769531 0.225000
4 0.799219 0.154688 0.863281 0.154688 0.863281 0.264062 0.799219 0.264062
4 0.000781 0.275000 0.064844 0.275000 0.064844 0.384375 0.000781 0.384375
0 0.066406 0.314063 0.111719 0.314063 0.111719 0.345313 0.066406 0.345313
4 0.114844 0.275000 0.178906 0.275000 0.178906 0.384375 0.114844 0.384375
0 0.161719 0.314063 0.207031 0.314063 0.207031 0.345313 0.161719 0.345313
0 0.199219 0.314063 0.244531 0.314063 0.244531 0.345313 0.199219 0.345313
4 0.228906 0.275000 0.292969 0.275000 0.292969 0.384375 0.228906 0.384375
0 0.275781 0.314063 0.321094 0.314063 0.321094 0.345313 0.275781 0.345313
0 0.313281 0.314063 0.358594 0.314063 0.358594 0.345313 0.313281 0.345313
4 0.342969 0.275000 0.407031 0.275000 0.407031 0.384375 0.342969 0.384375
0 0.380469 0.314063 0.425781 0.314063 0.425781 0.345313 0.380469 0.345313
0 0.408594 0.314063 0.453906 0.314063 0.453906 0.345313 0.408594 0.345313
0 0.436719 0.314063 0.482031 0.314063 0.482031 0.345313 0.436719 0.345313
4 0.457031 0.275000 0.521094 0.275000 0.521094 0.384375 0.457031 0.384375
0 0.494531 0.314063 0.539844 0.314063 0.539844 0.345313 0.494531 0.345313
0 0.522656 0.314063 0.567969 0.314063 0.567969 0.345313 0.522656 0.345313
0 0.550781 0.314063 0.596094 0.314063 0.596094 0.345313 0.550781 0.345313
4 0.571094 0.275000 0.635156 0.275000 0.635156 0.384375 0.571094 0.384375
0 0.617969 0.314063 0.663281 0.314063 0.663281 0.345313 0.617969 0.345313
0 0.655469 0.314063 0.700781 0.314063 0.700781 0.345313 0.655469 0.345313
4 0.685156 0.275000 0.749219 0.275000 0.749219 0.384375 0.685156 0.384375
0 0.722656 0.314063 0.767969 0.314063 0.767969 0.345313 0.722656 0.345313
0 0.750781 0.314063 0.796094 0.314063 0.796094 0.345313 0.750781 0.345313
0 0.778906 0.314063 0.824219 0.314063 0.824219 0.345313 0.778906 0.345313
4 0.799219 0.275000 0.863281 0.275000 0.863281 0.384375 0.799219 0.384375
4 0.000781 0.395313 0.064844 0.395313 0.064844 0.504687 0.000781 0.504687
0 0.038281 0.434375 0.083594 0.434375 0.083594 0.465625 0.038281 0.465625
0 0.066406 0.434375 0.111719 0.434375 0.111719 0.465625 0.066406 0.465625
0 0.094531 0.434375 0.139844 0.434375 0.139844 0.465625 0.094531 0.465625
4 0.114844 0.395313 0.178906 0.395313 0.178906 0.504687 0.114844 0.504687
0 0.161719 0.434375 0.207031 0.434375 0.207031 0.465625 0.161719 0.465625
0 0.199219 0.434375 0.244531 0.434375 0.244531 0.465625 0.199219 0.465625
4 0.228906 0.395313 0.292969 0.395313 0.292969 0.504687 0.228906 0.504687
0 0.294531 0.434375 0.339844 0.434375 0.339844 0.465625 0.294531 0.465625
4 0.342969 0.395313 0.407031 0.395313 0.407031 0.504687 0.342969 0.504687
0 0.408594 0.434375 0.453906 0.434375 0.453906 0.465625 0.408594 0.465625
4 0.457031 0.395313 0.521094 0.395313 0.521094 0.504687 0.457031 0.504687
0 0.503906 0.434375 0.549219 0.434375 0.549219 0.465625 0.503906 0.465625
0 0.541406 0.434375 0.586719 0.434375 0.586719 0.465625 0.541406 0.465625
4 0.571094 0.395313 0.635156 0.395313 0.635156 0.504687 0.571094 0.504687
0 0.636719 0.434375 0.682031 0.434375 0.682031 0.465625 0.636719 0.465625
4 0.685156 0.395313 0.749219 0.395313 0.749219 0.504687 0.685156 0.504687
0 0.722656 0.434375 0.767969 0.434375 0.767969 0.465625 0.722656 0.465625
0 0.750781 0.434375 0.796094 0.434375 0.796094 0.465625 0.750781 0.465625
0 0.778906 0.434375 0.824219 0.434375 0.824219 0.465625 0.778906 0.465625
4 0.799219 0.395313 0.863281 0.395313 0.863281 0.504687 0.799219 0.504687
4 0.000781 0.515625 0.064844 0.515625 0.064844 0.625000 0.000781 0.625000
0 0.047656 0.554688 0.092969 0.554688 0.092969 0.585938 0.047656 0.585938
0 0.085156 0.554688 0.130469 0.554688 0.130469 0.585938 0.085156 0.585938
4 0.114844 0.515625 0.178906 0.515625 0.178906 0.625000 0.114844 0.625000
0 0.180469 0.554688 0.225781 0.554688 0.225781 0.585938 0.180469 0.585938
4 0.228906 0.515625 0.292969 0.515625 0.292969 0.625000 0.228906 0.625000
0 0.294531 0.554688 0.339844 0.554688 0.339844 0.585938 0.294531 0.585938
4 0.342969 0.515625 0.407031 0.515625 0.407031 0.625000 0.342969 0.625000
0 0.380469 0.554688 0.425781 0.554688 0.425781 0.585938 0.380469 0.585938
0 0.408594 0.554688 0.453906 0.554688 0.453906 0.585938 0.408594 0.585938
0 0.436719 0.554688 0.482031 0.554688 0.482031 0.585938 0.436719 0.585938
4 0.457031 0.515625 0.521094 0.515625 0.521094 0.625000 0.457031 0.625000
0 0.503906 0.554688 0.549219 0.554688 0.549219 0.585938 0.503906 0.585938
0 0.541406 0.554688 0.586719 0.554688 0.586719 0.585938 0.541406 0.585938
4 0.571094 0.515625 0.635156 0.515625 0.635156 0.625000 0.571094 0.625000
0 0.617969 0.554688 0.663281 0.554688 0.663281 0.585938 0.617969 0.585938
0 0.655469 0.554688 0.700781 0.554688 0.700781 0.585938 0.655469 0.585938
4 0.685156 0.515625 0.749219 0.515625 0.749219 0.625000 0.685156 0.625000
0 0.722656 0.554688 0.767969 0.554688 0.767969 0.585938 0.722656 0.585938
0 0.750781 0.554688 0.796094 0.554688 0.796094 0.585938 0.750781 0.585938
0 0.778906 0.554688 0.824219 0.554688 0.824219 0.585938 0.778906 0.585938
4 0.799219 0.515625 0.863281 0.515625 0.863281 0.625000 0.799219 0.625000
4 0.000781 0.635938 0.064844 0.635938 0.064844 0.745313 0.000781 0.745313
0 0.047656 0.675000 0.092969 0.675000 0.092969 0.706250 0.047656 0.706250
0 0.085156 0.675000 0.130469 0.675000 0.130469 0.706250 0.085156 0.706250
4 0.114844 0.635938 0.178906 0.635938 0.178906 0.745313 0.114844 0.745313
0 0.161719 0.675000 0.207031 0.675000 0.207031 0.706250 0.161719 0.706250
0 0.199219 0.675000 0.244531 0.675000 0.244531 0.706250 0.199219 0.706250
4 0.228906 0.635938 0.292969 0.635938 0.292969 0.745313 0.228906 0.745313
0 0.266406 0.675000 0.311719 0.675000 0.311719 0.706250 0.266406 0.706250
0 0.294531 0.675000 0.339844 0.675000 0.339844 0.706250 0.294531 0.706250
0 0.322656 0.675000 0.367969 0.675000 0.367969 0.706250 0.322656 0.706250
4 0.342969 0.635938 0.407031 0.635938 0.407031 0.745313 0.342969 0.745313
0 0.380469 0.675000 0.425781 0.675000 0.425781 0.706250 0.380469 0.706250
0 0.408594 0.675000 0.453906 0.675000 0.453906 0.706250 0.408594 0.706250
0 0.436719 0.675000 0.482031 0.675000 0.482031 0.706250 0.436719 0.706250
4 0.457031 0.635938 0.521094 0.635938 0.521094 0.745313 0.457031 0.745313
0 0.522656 0.675000 0.567969 0.675000 0.567969 0.706250 0.522656 0.706250
4 0.571094 0.635938 0.635156 0.635938 0.635156 0.745313 0.571094 0.745313
0 0.617969 0.675000 0.663281 0.675000 0.663281 0.706250 0.617969 0.706250
0 0.655469 0.675000 0.700781 0.675000 0.700781 0.706250 0.655469 0.706250
4 0.685156 0.635938 0.749219 0.635938 0.749219 0.745313 0.685156 0.745313
0 0.722656 0.675000 0.767969 0.675000 0.767969 0.706250 0.722656 0.706250
0 0.750781 0.675000 0.796094 0.675000 0.796094 0.706250 0.750781 0.706250
0 0.778906 0.675000 0.824219 0.675000 0.824219 0.706250 0.778906 0.706250
4 0.799219 0.635938 0.863281 0.635938 0.863281 0.745313 0.799219 0.745313
4 0.000781 0.756250 0.064844 0.756250 0.064844 0.865625 0.000781 0.865625
0 0.066406 0.795312 0.111719 0.795312 0.111719 0.826562 0.066406 0.826562
4 0.114844 0.756250 0.178906 0.756250 0.178906 0.865625 0.114844 0.865625
0 0.161719 0.795312 0.207031 0.795312 0.207031 0.826562 0.161719 0.826562
0 0.199219 0.795312 0.244531 0.795312 0.244531 0.826562 0.199219 0.826562
4 0.228906 0.756250 0.292969 0.756250 0.292969 0.865625 0.228906 0.865625
0 0.294531 0.795312 0.339844 0.795312 0.339844 0.826562 0.294531 0.826562
4 0.342969 0.756250 0.407031 0.756250 0.407031 0.865625 0.342969 0.865625
0 0.380469 0.795312 0.425781 0.795312 0.425781 0.826562 0.380469 0.826562
0 0.408594 0.795312 0.453906 0.795312 0.453906 0.826562 0.408594 0.826562
0 0.436719 0.795312 0.482031 0.795312 0.482031 0.826562 0.436719 0.826562
4 0.457031 0.756250 0.521094 0.756250 0.521094 0.865625 0.457031 0.865625
0 0.503906 0.795312 0.549219 0.795312 0.549219 0.826562 0.503906 0.826562
0 0.541406 0.795312 0.586719 0.795312 0.586719 0.826562 0.541406 0.826562
4 0.571094 0.756250 0.635156 0.756250 0.635156 0.865625 0.571094 0.865625
0 0.636719 0.795312 0.682031 0.795312 0.682031 0.826562 0.636719 0.826562
4 0.685156 0.756250 0.749219 0.756250 0.749219 0.865625 0.685156 0.865625
0 0.722656 0.795312 0.767969 0.795312 0.767969 0.826562 0.722656 0.826562
0 0.750781 0.795312 0.796094 0.795312 0.796094 0.826562 0.750781 0.826562
0 0.778906 0.795312 0.824219 0.795312 0.824219 0.826562 0.778906 0.826562
4 0.799219 0.756250 0.863281 0.756250 0.863281 0.865625 0.799219 0.865625