0 0.028125 0.029687 0.078125 0.029687 0.078125 0.064062 0.028125 0.064062
0 0.284375 0.029687 0.334375 0.029687 0.334375 0.064062 0.284375 0.064062
0 0.540625 0.029687 0.590625 0.029687 0.590625 0.064062 0.540625 0.064062
0 0.796875 0.029687 0.846875 0.029687 0.846875 0.064062 0.796875 0.064062
7 0.003768 0.161344 0.057049 0.104207 0.207891 0.244869 0.154609 0.302006
7 0.063185 0.099870 0.134831 0.068718 0.217073 0.257861 0.145427 0.289014
7 0.142187 0.067187 0.220312 0.067187 0.220312 0.273438 0.142187 0.273438
7 0.227669 0.068718 0.299315 0.099870 0.217073 0.289014 0.145427 0.257861
7 0.305451 0.104207 0.358732 0.161344 0.207891 0.302006 0.154609 0.244869
7 0.260018 0.161344 0.313299 0.104207 0.464141 0.244869 0.410859 0.302006
7 0.319435 0.099870 0.391081 0.068718 0.473323 0.257861 0.401677 0.289014
7 0.398438 0.067187 0.476562 0.067187 0.476562 0.273438 0.398438 0.273438
7 0.483919 0.068718 0.555565 0.099870 0.473323 0.289014 0.401677 0.257861
7 0.561701 0.104207 0.614982 0.161344 0.464141 0.302006 0.410859 0.244869
0 0.412500 0.256250 0.462500 0.256250 0.462500 0.290625 0.412500 0.290625
7 0.516268 0.161344 0.569549 0.104207 0.720391 0.244869 0.667109 0.302006
7 0.575685 0.099870 0.647331 0.068718 0.729573 0.257861 0.657927 0.289014
7 0.654687 0.067187 0.732812 0.067187 0.732812 0.273438 0.654687 0.273438
7 0.740169 0.068718 0.811815 0.099870 0.729573 0.289014 0.657927 0.257861
7 0.817951 0.104207 0.871232 0.161344 0.720391 0.302006 0.667109 0.244869
7 0.772518 0.161344 0.825799 0.104207 0.976641 0.244869 0.923359 0.302006
7 0.831935 0.099870 0.903581 0.068718 0.985823 0.257861 0.914177 0.289014
7 0.910937 0.067187 0.989062 0.067187 0.989062 0.273438 0.910937 0.273438
0 0.925000 0.256250 0.975000 0.256250 0.975000 0.290625 0.925000 0.290625
7 0.014063 0.293750 0.092188 0.293750 0.092188 0.500000 0.014063 0.500000
7 0.099544 0.295280 0.171190 0.326432 0.088948 0.515576 0.017302 0.484424
7 0.177326 0.330769 0.230607 0.387906 0.079766 0.528569 0.026484 0.471431
0 0.028125 0.482812 0.078125 0.482812 0.078125 0.517188 0.028125 0.517188
7 0.131893 0.387906 0.185174 0.330769 0.336016 0.471431 0.282734 0.528569
7 0.191310 0.326432 0.262956 0.295280 0.345198 0.484424 0.273552 0.515576
7 0.270313 0.293750 0.348438 0.293750 0.348438 0.500000 0.270313 0.500000
7 0.355794 0.295280 0.427440 0.326432 0.345198 0.515576 0.273552 0.484424
7 0.433576 0.330769 0.486857 0.387906 0.336016 0.528569 0.282734 0.471431
0 0.284375 0.482812 0.334375 0.482812 0.334375 0.517188 0.284375 0.517188
7 0.388143 0.387906 0.441424 0.330769 0.592266 0.471431 0.538984 0.528569
7 0.447560 0.326432 0.519206 0.295280 0.601448 0.484424 0.529802 0.515576
7 0.526563 0.293750 0.604688 0.293750 0.604688 0.500000 0.526563 0.500000
7 0.612044 0.295280 0.683690 0.326432 0.601448 0.515576 0.529802 0.484424
7 0.689826 0.330769 0.743107 0.387906 0.592266 0.528569 0.538984 0.471431
0 0.540625 0.482812 0.590625 0.482812 0.590625 0.517188 0.540625 0.517188
7 0.644393 0.387906 0.697674 0.330769 0.848516 0.471431 0.795234 0.528569
7 0.703810 0.326432 0.775456 0.295280 0.857698 0.484424 0.786052 0.515576
7 0.782813 0.293750 0.860938 0.293750 0.860938 0.500000 0.782813 0.500000
7 0.868294 0.295280 0.939940 0.326432 0.857698 0.515576 0.786052 0.484424
7 0.946076 0.330769 0.999357 0.387906 0.848516 0.528569 0.795234 0.471431
0 0.796875 0.482812 0.846875 0.482812 0.846875 0.517188 0.796875 0.517188
7 0.003768 0.614469 0.057049 0.557332 0.207891 0.697994 0.154609 0.755131
7 0.063185 0.552995 0.134831 0.521843 0.217073 0.710986 0.145427 0.742139
7 0.142187 0.520312 0.220312 0.520312 0.220312 0.726562 0.142187 0.726562
7 0.227669 0.521843 0.299315 0.552995 0.217073 0.742139 0.145427 0.710986
7 0.305451 0.557332 0.358732 0.614469 0.207891 0.755131 0.154609 0.697994
0 0.156250 0.709375 0.206250 0.709375 0.206250 0.743750 0.156250 0.743750
7 0.260018 0.614469 0.313299 0.557332 0.464141 0.697994 0.410859 0.755131
7 0.319435 0.552995 0.391081 0.521843 0.473323 0.710986 0.401677 0.742139
7 0.398438 0.520312 0.476562 0.520312 0.476562 0.726562 0.398438 0.726562
7 0.483919 0.521843 0.555565 0.552995 0.473323 0.742139 0.401677 0.710986
7 0.561701 0.557332 0.614982 0.614469 0.464141 0.755131 0.410859 0.697994
0 0.412500 0.709375 0.462500 0.709375 0.462500 0.743750 0.412500 0.743750
7 0.516268 0.614469 0.569549 0.557332 0.720391 0.697994 0.667109 0.755131
7 0.575685 0.552995 0.647331 0.521843 0.729573 0.710986 0.657927 0.742139
7 0.654687 0.520312 0.732812 0.520312 0.732812 0.726562 0.654687 0.726562
7 0.740169 0.521843 0.811815 0.552995 0.729573 0.742139 0.657927 0.710986
7 0.817951 0.557332 0.871232 0.614469 0.720391 0.755131 0.667109 0.697994
7 0.772518 0.614469 0.825799 0.557332 0.976641 0.697994 0.923359 0.755131
7 0.831935 0.552995 0.903581 0.521843 0.985823 0.710986 0.914177 0.742139
7 0.910937 0.520312 0.989062 0.520312 0.989062 0.726562 0.910937 0.726562