0 0.035156 0.896094 0.092969 0.896094 0.092969 0.925781 0.035156 0.925781
0 0.094531 0.892969 0.152344 0.892969 0.152344 0.922656 0.094531 0.922656
0 0.153906 0.892969 0.211719 0.892969 0.211719 0.922656 0.153906 0.922656
0 0.213281 0.889844 0.271094 0.889844 0.271094 0.919531 0.213281 0.919531
0 0.272656 0.891406 0.330469 0.891406 0.330469 0.921094 0.272656 0.921094
0 0.330469 0.892969 0.388281 0.892969 0.388281 0.922656 0.330469 0.922656
0 0.391406 0.892969 0.449219 0.892969 0.449219 0.922656 0.391406 0.922656
0 0.444531 0.894531 0.502344 0.894531 0.502344 0.924219 0.444531 0.924219
0 0.505469 0.891406 0.563281 0.891406 0.563281 0.921094 0.505469 0.921094
0 0.567969 0.894531 0.625781 0.894531 0.625781 0.924219 0.567969 0.924219
0 0.627344 0.892969 0.685156 0.892969 0.685156 0.922656 0.627344 0.922656
0 0.688281 0.889844 0.746094 0.889844 0.746094 0.919531 0.688281 0.919531
0 0.744531 0.891406 0.802344 0.891406 0.802344 0.921094 0.744531 0.921094
0 0.800781 0.891406 0.858594 0.891406 0.858594 0.921094 0.800781 0.921094
0 0.042969 0.846875 0.072656 0.846875 0.072656 0.903125 0.042969 0.903125
0 0.078906 0.853125 0.108594 0.853125 0.108594 0.909375 0.078906 0.909375
0 0.102344 0.846875 0.132031 0.846875 0.132031 0.903125 0.102344 0.903125
0 0.132031 0.846875 0.161719 0.846875 0.161719 0.903125 0.132031 0.903125
0 0.166406 0.848437 0.196094 0.848437 0.196094 0.904687 0.166406 0.904687
0 0.197656 0.848437 0.227344 0.848437 0.227344 0.904687 0.197656 0.904687
0 0.222656 0.850000 0.252344 0.850000 0.252344 0.906250 0.222656 0.906250
0 0.253906 0.848437 0.283594 0.848437 0.283594 0.904687 0.253906 0.904687
0 0.282031 0.851562 0.311719 0.851562 0.311719 0.907813 0.282031 0.907813
0 0.313281 0.850000 0.342969 0.850000 0.342969 0.906250 0.313281 0.906250
0 0.346094 0.850000 0.375781 0.850000 0.375781 0.906250 0.346094 0.906250
0 0.369531 0.853125 0.399219 0.853125 0.399219 0.909375 0.369531 0.909375
0 0.405469 0.853125 0.435156 0.853125 0.435156 0.909375 0.405469 0.909375
0 0.428906 0.853125 0.458594 0.853125 0.458594 0.909375 0.428906 0.909375
0 0.463281 0.853125 0.492969 0.853125 0.492969 0.909375 0.463281 0.909375
0 0.491406 0.850000 0.521094 0.850000 0.521094 0.906250 0.491406 0.906250
0 0.517969 0.851562 0.547656 0.851562 0.547656 0.907813 0.517969 0.907813
0 0.553906 0.846875 0.583594 0.846875 0.583594 0.903125 0.553906 0.903125
0 0.580469 0.850000 0.610156 0.850000 0.610156 0.906250 0.580469 0.906250
0 0.608594 0.851562 0.638281 0.851562 0.638281 0.907813 0.608594 0.907813
0 0.642969 0.853125 0.672656 0.853125 0.672656 0.909375 0.642969 0.909375
0 0.666406 0.848437 0.696094 0.848437 0.696094 0.904687 0.666406 0.904687
0 0.699219 0.850000 0.728906 0.850000 0.728906 0.906250 0.699219 0.906250
0 0.732031 0.850000 0.761719 0.850000 0.761719 0.906250 0.732031 0.906250
0 0.761719 0.853125 0.791406 0.853125 0.791406 0.909375 0.761719 0.909375
0 0.786719 0.846875 0.816406 0.846875 0.816406 0.903125 0.786719 0.903125
0 0.817969 0.853125 0.847656 0.853125 0.847656 0.909375 0.817969 0.909375
0 0.847656 0.846875 0.877344 0.846875 0.877344 0.903125 0.847656 0.903125
0 0.880469 0.846875 0.910156 0.846875 0.910156 0.903125 0.880469 0.903125
0 0.032813 0.816406 0.095312 0.816406 0.095312 0.849219 0.032813 0.849219
0 0.082812 0.816406 0.145313 0.816406 0.145313 0.849219 0.082812 0.849219
0 0.145313 0.811719 0.207813 0.811719 0.207813 0.844531 0.145313 0.844531
0 0.196875 0.811719 0.259375 0.811719 0.259375 0.844531 0.196875 0.844531
0 0.251563 0.814844 0.314063 0.814844 0.314063 0.847656 0.251563 0.847656
0 0.312500 0.816406 0.375000 0.816406 0.375000 0.849219 0.312500 0.849219
0 0.365625 0.814844 0.428125 0.814844 0.428125 0.847656 0.365625 0.847656
0 0.425000 0.813281 0.487500 0.813281 0.487500 0.846094 0.425000 0.846094
0 0.476562 0.811719 0.539062 0.811719 0.539062 0.844531 0.476562 0.844531
0 0.532813 0.814844 0.595313 0.814844 0.595313 0.847656 0.532813 0.847656
0 0.592187 0.810156 0.654687 0.810156 0.654687 0.842969 0.592187 0.842969
0 0.648438 0.816406 0.710938 0.816406 0.710938 0.849219 0.648438 0.849219
0 0.707812 0.816406 0.770312 0.816406 0.770312 0.849219 0.707812 0.849219
0 0.757812 0.814844 0.820312 0.814844 0.820312 0.847656 0.757812 0.847656
0 0.817187 0.810156 0.879687 0.810156 0.879687 0.842969 0.817187 0.842969
0 0.024219 0.789844 0.100781 0.789844 0.100781 0.819531 0.024219 0.819531
0 0.097656 0.786719 0.174219 0.786719 0.174219 0.816406 0.097656 0.816406
0 0.166406 0.783594 0.242969 0.783594 0.242969 0.813281 0.166406 0.813281
0 0.242969 0.789844 0.319531 0.789844 0.319531 0.819531 0.242969 0.819531
0 0.314844 0.783594 0.391406 0.783594 0.391406 0.813281 0.314844 0.813281
0 0.392969 0.788281 0.469531 0.788281 0.469531 0.817969 0.392969 0.817969
0 0.463281 0.785156 0.539844 0.785156 0.539844 0.814844 0.463281 0.814844
0 0.538281 0.786719 0.614844 0.786719 0.614844 0.816406 0.538281 0.816406
0 0.613281 0.786719 0.689844 0.786719 0.689844 0.816406 0.613281 0.816406
0 0.683594 0.786719 0.760156 0.786719 0.760156 0.816406 0.683594 0.816406
0 0.760156 0.785156 0.836719 0.785156 0.836719 0.814844 0.760156 0.814844
0 0.043750 0.740625 0.081250 0.740625 0.081250 0.812500 0.043750 0.812500
0 0.078125 0.743750 0.115625 0.743750 0.115625 0.815625 0.078125 0.815625
0 0.112500 0.740625 0.150000 0.740625 0.150000 0.812500 0.112500 0.812500
0 0.151562 0.743750 0.189062 0.743750 0.189062 0.815625 0.151562 0.815625
0 0.182812 0.739062 0.220312 0.739062 0.220312 0.810937 0.182812 0.810937
0 0.223438 0.743750 0.260937 0.743750 0.260937 0.815625 0.223438 0.815625
0 0.260937 0.743750 0.298438 0.743750 0.298438 0.815625 0.260937 0.815625
0 0.290625 0.737500 0.328125 0.737500 0.328125 0.809375 0.290625 0.809375
0 0.331250 0.743750 0.368750 0.743750 0.368750 0.815625 0.331250 0.815625
0 0.367188 0.739062 0.404687 0.739062 0.404687 0.810937 0.367188 0.810937
0 0.400000 0.737500 0.437500 0.737500 0.437500 0.809375 0.400000 0.809375
0 0.434375 0.743750 0.471875 0.743750 0.471875 0.815625 0.434375 0.815625
0 0.475000 0.737500 0.512500 0.737500 0.512500 0.809375 0.475000 0.809375
0 0.507812 0.737500 0.545312 0.737500 0.545312 0.809375 0.507812 0.809375
0 0.546875 0.743750 0.584375 0.743750 0.584375 0.815625 0.546875 0.815625
0 0.578125 0.742188 0.615625 0.742188 0.615625 0.814063 0.578125 0.814063
0 0.618750 0.739062 0.656250 0.739062 0.656250 0.810937 0.618750 0.810937
0 0.651563 0.739062 0.689063 0.739062 0.689063 0.810937 0.651563 0.810937
0 0.689063 0.740625 0.726562 0.740625 0.726562 0.812500 0.689063 0.812500
0 0.728125 0.743750 0.765625 0.743750 0.765625 0.815625 0.728125 0.815625
0 0.757812 0.737500 0.795312 0.737500 0.795312 0.809375 0.757812 0.809375
0 0.800000 0.737500 0.837500 0.737500 0.837500 0.809375 0.800000 0.809375
0 0.831250 0.742188 0.868750 0.742188 0.868750 0.814063 0.831250 0.814063
0 0.870313 0.742188 0.907813 0.742188 0.907813 0.814063 0.870313 0.814063
0 0.028906 0.696875 0.092969 0.696875 0.092969 0.731250 0.028906 0.731250
0 0.086719 0.696875 0.150781 0.696875 0.150781 0.731250 0.086719 0.731250
0 0.149219 0.698438 0.213281 0.698438 0.213281 0.732812 0.149219 0.732812
0 0.208594 0.693750 0.272656 0.693750 0.272656 0.728125 0.208594 0.728125
0 0.263281 0.696875 0.327344 0.696875 0.327344 0.731250 0.263281 0.731250
0 0.324219 0.696875 0.388281 0.696875 0.388281 0.731250 0.324219 0.731250
0 0.388281 0.698438 0.452344 0.698438 0.452344 0.732812 0.388281 0.732812
0 0.446094 0.696875 0.510156 0.696875 0.510156 0.731250 0.446094 0.731250
0 0.505469 0.693750 0.569531 0.693750 0.569531 0.728125 0.505469 0.728125
0 0.561719 0.696875 0.625781 0.696875 0.625781 0.731250 0.561719 0.731250
0 0.622656 0.696875 0.686719 0.696875 0.686719 0.731250 0.622656 0.731250
0 0.682031 0.700000 0.746094 0.700000 0.746094 0.734375 0.682031 0.734375
0 0.741406 0.698438 0.805469 0.698438 0.805469 0.732812 0.741406 0.732812
0 0.803906 0.696875 0.867969 0.696875 0.867969 0.731250 0.803906 0.731250
0 0.024219 0.660156 0.097656 0.660156 0.097656 0.699219 0.024219 0.699219
0 0.089844 0.660156 0.163281 0.660156 0.163281 0.699219 0.089844 0.699219
0 0.149219 0.663281 0.222656 0.663281 0.222656 0.702344 0.149219 0.702344
0 0.211719 0.663281 0.285156 0.663281 0.285156 0.702344 0.211719 0.702344
0 0.277344 0.664844 0.350781 0.664844 0.350781 0.703906 0.277344 0.703906
0 0.335156 0.663281 0.408594 0.663281 0.408594 0.702344 0.335156 0.702344
0 0.397656 0.660156 0.471094 0.660156 0.471094 0.699219 0.397656 0.699219
0 0.463281 0.663281 0.536719 0.663281 0.536719 0.702344 0.463281 0.702344
0 0.522656 0.666406 0.596094 0.666406 0.596094 0.705469 0.522656 0.705469
0 0.589844 0.664844 0.663281 0.664844 0.663281 0.703906 0.589844 0.703906
0 0.647656 0.666406 0.721094 0.666406 0.721094 0.705469 0.647656 0.705469
0 0.708594 0.664844 0.782031 0.664844 0.782031 0.703906 0.708594 0.703906
0 0.775781 0.664844 0.849219 0.664844 0.849219 0.703906 0.775781 0.703906
0 0.838281 0.664844 0.911719 0.664844 0.911719 0.703906 0.838281 0.703906
0 0.041406 0.611719 0.077344 0.611719 0.077344 0.678906 0.041406 0.678906
0 0.074219 0.616406 0.110156 0.616406 0.110156 0.683594 0.074219 0.683594
0 0.108594 0.617969 0.144531 0.617969 0.144531 0.685156 0.108594 0.685156
0 0.138281 0.611719 0.174219 0.611719 0.174219 0.678906 0.138281 0.678906
0 0.169531 0.614844 0.205469 0.614844 0.205469 0.682031 0.169531 0.682031
0 0.202344 0.611719 0.238281 0.611719 0.238281 0.678906 0.202344 0.678906
0 0.227344 0.613281 0.263281 0.613281 0.263281 0.680469 0.227344 0.680469
0 0.261719 0.614844 0.297656 0.614844 0.297656 0.682031 0.261719 0.682031
0 0.289844 0.616406 0.325781 0.616406 0.325781 0.683594 0.289844 0.683594
0 0.325781 0.617969 0.361719 0.617969 0.361719 0.685156 0.325781 0.685156
0 0.353906 0.616406 0.389844 0.616406 0.389844 0.683594 0.353906 0.683594
0 0.385156 0.614844 0.421094 0.614844 0.421094 0.682031 0.385156 0.682031
0 0.414844 0.617969 0.450781 0.617969 0.450781 0.685156 0.414844 0.685156
0 0.450781 0.617969 0.486719 0.617969 0.486719 0.685156 0.450781 0.685156
0 0.477344 0.611719 0.513281 0.611719 0.513281 0.678906 0.477344 0.678906
0 0.514844 0.613281 0.550781 0.613281 0.550781 0.680469 0.514844 0.680469
0 0.541406 0.616406 0.577344 0.616406 0.577344 0.683594 0.541406 0.683594
0 0.571094 0.616406 0.607031 0.616406 0.607031 0.683594 0.571094 0.683594
0 0.607031 0.613281 0.642969 0.613281 0.642969 0.680469 0.607031 0.680469
0 0.635156 0.617969 0.671094 0.617969 0.671094 0.685156 0.635156 0.685156
0 0.666406 0.614844 0.702344 0.614844 0.702344 0.682031 0.666406 0.682031
0 0.697656 0.616406 0.733594 0.616406 0.733594 0.683594 0.697656 0.683594
0 0.727344 0.611719 0.763281 0.611719 0.763281 0.678906 0.727344 0.678906
0 0.763281 0.616406 0.799219 0.616406 0.799219 0.683594 0.763281 0.683594
0 0.791406 0.616406 0.827344 0.616406 0.827344 0.683594 0.791406 0.683594
0 0.824219 0.614844 0.860156 0.614844 0.860156 0.682031 0.824219 0.682031
0 0.858594 0.611719 0.894531 0.611719 0.894531 0.678906 0.858594 0.678906
0 0.885156 0.613281 0.921094 0.613281 0.921094 0.680469 0.885156 0.680469
0 0.035937 0.569531 0.082812 0.569531 0.082812 0.602344 0.035937 0.602344
0 0.081250 0.564844 0.128125 0.564844 0.128125 0.597656 0.081250 0.597656
0 0.134375 0.566406 0.181250 0.566406 0.181250 0.599219 0.134375 0.599219
0 0.176563 0.566406 0.223438 0.566406 0.223438 0.599219 0.176563 0.599219
0 0.223438 0.564844 0.270313 0.564844 0.270313 0.597656 0.223438 0.597656
0 0.268750 0.566406 0.315625 0.566406 0.315625 0.599219 0.268750 0.599219
0 0.318750 0.566406 0.365625 0.566406 0.365625 0.599219 0.318750 0.599219
0 0.362500 0.567969 0.409375 0.567969 0.409375 0.600781 0.362500 0.600781
0 0.414062 0.569531 0.460938 0.569531 0.460938 0.602344 0.414062 0.602344
0 0.459375 0.564844 0.506250 0.564844 0.506250 0.597656 0.459375 0.597656
0 0.507812 0.564844 0.554688 0.564844 0.554688 0.597656 0.507812 0.597656
0 0.556250 0.567969 0.603125 0.567969 0.603125 0.600781 0.556250 0.600781
0 0.598437 0.566406 0.645312 0.566406 0.645312 0.599219 0.598437 0.599219
0 0.643750 0.564844 0.690625 0.564844 0.690625 0.597656 0.643750 0.597656
0 0.693750 0.569531 0.740625 0.569531 0.740625 0.602344 0.693750 0.602344
0 0.740625 0.571094 0.787500 0.571094 0.787500 0.603906 0.740625 0.603906
0 0.785937 0.567969 0.832812 0.567969 0.832812 0.600781 0.785937 0.600781
0 0.835938 0.566406 0.882812 0.566406 0.882812 0.599219 0.835938 0.599219
0 0.022656 0.533594 0.105469 0.533594 0.105469 0.566406 0.022656 0.566406
0 0.103906 0.532031 0.186719 0.532031 0.186719 0.564844 0.103906 0.564844
0 0.180469 0.535156 0.263281 0.535156 0.263281 0.567969 0.180469 0.567969
0 0.263281 0.536719 0.346094 0.536719 0.346094 0.569531 0.263281 0.569531
0 0.342969 0.530469 0.425781 0.530469 0.425781 0.563281 0.342969 0.563281
0 0.425781 0.532031 0.508594 0.532031 0.508594 0.564844 0.425781 0.564844
0 0.510156 0.535156 0.592969 0.535156 0.592969 0.567969 0.510156 0.567969
0 0.588281 0.533594 0.671094 0.533594 0.671094 0.566406 0.588281 0.566406
0 0.672656 0.535156 0.755469 0.535156 0.755469 0.567969 0.672656 0.567969
0 0.747656 0.535156 0.830469 0.535156 0.830469 0.567969 0.747656 0.567969
0 0.033594 0.497656 0.085156 0.497656 0.085156 0.533594 0.033594 0.533594
0 0.077344 0.500781 0.128906 0.500781 0.128906 0.536719 0.077344 0.536719
0 0.128906 0.502344 0.180469 0.502344 0.180469 0.538281 0.128906 0.538281
0 0.167969 0.500781 0.219531 0.500781 0.219531 0.536719 0.167969 0.536719
0 0.213281 0.496094 0.264844 0.496094 0.264844 0.532031 0.213281 0.532031
0 0.264844 0.497656 0.316406 0.497656 0.316406 0.533594 0.264844 0.533594
0 0.303906 0.499219 0.355469 0.499219 0.355469 0.535156 0.303906 0.535156
0 0.352344 0.500781 0.403906 0.500781 0.403906 0.536719 0.352344 0.536719
0 0.397656 0.496094 0.449219 0.496094 0.449219 0.532031 0.397656 0.532031
0 0.441406 0.499219 0.492969 0.499219 0.492969 0.535156 0.441406 0.535156
0 0.485156 0.497656 0.536719 0.497656 0.536719 0.533594 0.485156 0.533594
0 0.530469 0.502344 0.582031 0.502344 0.582031 0.538281 0.530469 0.538281
0 0.582031 0.497656 0.633594 0.497656 0.633594 0.533594 0.582031 0.533594
0 0.622656 0.499219 0.674219 0.499219 0.674219 0.535156 0.622656 0.535156
0 0.666406 0.496094 0.717969 0.496094 0.717969 0.532031 0.666406 0.532031
0 0.716406 0.502344 0.767969 0.502344 0.767969 0.538281 0.716406 0.538281
0 0.757031 0.502344 0.808594 0.502344 0.808594 0.538281 0.757031 0.538281
0 0.805469 0.499219 0.857031 0.499219 0.857031 0.535156 0.805469 0.535156
0 0.850781 0.499219 0.902344 0.499219 0.902344 0.535156 0.850781 0.535156
0 0.013281 0.458594 0.111719 0.458594 0.111719 0.497656 0.013281 0.497656
0 0.110156 0.458594 0.208594 0.458594 0.208594 0.497656 0.110156 0.497656
0 0.210156 0.461719 0.308594 0.461719 0.308594 0.500781 0.210156 0.500781
0 0.303906 0.457031 0.402344 0.457031 0.402344 0.496094 0.303906 0.496094
0 0.407031 0.457031 0.505469 0.457031 0.505469 0.496094 0.407031 0.496094
0 0.502344 0.457031 0.600781 0.457031 0.600781 0.496094 0.502344 0.496094
0 0.600781 0.460156 0.699219 0.460156 0.699219 0.499219 0.600781 0.499219
0 0.700781 0.461719 0.799219 0.461719 0.799219 0.500781 0.700781 0.500781
0 0.022656 0.427344 0.105469 0.427344 0.105469 0.460156 0.022656 0.460156
0 0.092969 0.425781 0.175781 0.425781 0.175781 0.458594 0.092969 0.458594
0 0.166406 0.427344 0.249219 0.427344 0.249219 0.460156 0.166406 0.460156
0 0.242969 0.428906 0.325781 0.428906 0.325781 0.461719 0.242969 0.461719
0 0.317969 0.427344 0.400781 0.427344 0.400781 0.460156 0.317969 0.460156
0 0.392969 0.430469 0.475781 0.430469 0.475781 0.463281 0.392969 0.463281
0 0.466406 0.430469 0.549219 0.430469 0.549219 0.463281 0.466406 0.463281
0 0.546094 0.428906 0.628906 0.428906 0.628906 0.461719 0.546094 0.461719
0 0.617969 0.427344 0.700781 0.427344 0.700781 0.460156 0.617969 0.460156
0 0.692969 0.428906 0.775781 0.428906 0.775781 0.461719 0.692969 0.461719
0 0.766406 0.432031 0.849219 0.432031 0.849219 0.464844 0.766406 0.464844
5 0.029687 0.296875 0.045312 0.296875 0.045312 0.312500 0.029687 0.312500
5 0.009375 0.378125 0.025000 0.378125 0.025000 0.393750 0.009375 0.393750
5 0.965625 0.792188 0.981250 0.792188 0.981250 0.807813 0.965625 0.807813