0 0.061719 0.900781 0.135156 0.900781 0.135156 0.939844 0.061719 0.939844
0 0.128906 0.900781 0.202344 0.900781 0.202344 0.939844 0.128906 0.939844
0 0.196094 0.900781 0.269531 0.900781 0.269531 0.939844 0.196094 0.939844
0 0.263281 0.900781 0.336719 0.900781 0.336719 0.939844 0.263281 0.939844
0 0.330469 0.900781 0.403906 0.900781 0.403906 0.939844 0.330469 0.939844
0 0.397656 0.900781 0.471094 0.900781 0.471094 0.939844 0.397656 0.939844
0 0.464844 0.900781 0.538281 0.900781 0.538281 0.939844 0.464844 0.939844
0 0.532031 0.900781 0.605469 0.900781 0.605469 0.939844 0.532031 0.939844
0 0.599219 0.900781 0.672656 0.900781 0.672656 0.939844 0.599219 0.939844
0 0.666406 0.900781 0.739844 0.900781 0.739844 0.939844 0.666406 0.939844
0 0.733594 0.900781 0.807031 0.900781 0.807031 0.939844 0.733594 0.939844
0 0.800781 0.900781 0.874219 0.900781 0.874219 0.939844 0.800781 0.939844
6 0.011719 0.850781 0.053906 0.850781 0.053906 0.896094 0.011719 0.896094
6 0.046094 0.850781 0.088281 0.850781 0.088281 0.896094 0.046094 0.896094
6 0.086719 0.850781 0.128906 0.850781 0.128906 0.896094 0.086719 0.896094
6 0.130469 0.850781 0.172656 0.850781 0.172656 0.896094 0.130469 0.896094
6 0.167969 0.850781 0.210156 0.850781 0.210156 0.896094 0.167969 0.896094
6 0.207031 0.850781 0.249219 0.850781 0.249219 0.896094 0.207031 0.896094
6 0.241406 0.850781 0.283594 0.850781 0.283594 0.896094 0.241406 0.896094
6 0.282031 0.850781 0.324219 0.850781 0.324219 0.896094 0.282031 0.896094
6 0.322656 0.850781 0.364844 0.850781 0.364844 0.896094 0.322656 0.896094
6 0.360156 0.850781 0.402344 0.850781 0.402344 0.896094 0.360156 0.896094
6 0.402344 0.850781 0.444531 0.850781 0.444531 0.896094 0.402344 0.896094
6 0.439844 0.850781 0.482031 0.850781 0.482031 0.896094 0.439844 0.896094
6 0.477344 0.850781 0.519531 0.850781 0.519531 0.896094 0.477344 0.896094
6 0.517969 0.850781 0.560156 0.850781 0.560156 0.896094 0.517969 0.896094
6 0.553906 0.850781 0.596094 0.850781 0.596094 0.896094 0.553906 0.896094
6 0.596094 0.850781 0.638281 0.850781 0.638281 0.896094 0.596094 0.896094
6 0.635156 0.850781 0.677344 0.850781 0.677344 0.896094 0.635156 0.896094
6 0.672656 0.850781 0.714844 0.850781 0.714844 0.896094 0.672656 0.896094
6 0.714844 0.850781 0.757031 0.850781 0.757031 0.896094 0.714844 0.896094
6 0.752344 0.850781 0.794531 0.850781 0.794531 0.896094 0.752344 0.896094
6 0.794531 0.850781 0.836719 0.850781 0.836719 0.896094 0.794531 0.896094
6 0.827344 0.850781 0.869531 0.850781 0.869531 0.896094 0.827344 0.896094
6 0.872656 0.850781 0.914844 0.850781 0.914844 0.896094 0.872656 0.896094
6 0.910156 0.850781 0.952344 0.850781 0.952344 0.896094 0.910156 0.896094
1 0.182033 0.661268 0.227749 0.718741 0.054108 0.856861 0.008392 0.799389
1 0.111313 0.718741 0.157029 0.661268 0.330670 0.799389 0.284955 0.856861
1 0.178347 0.644235 0.244492 0.612330 0.340885 0.812173 0.274740 0.844077
1 0.271094 0.606250 0.344531 0.606250 0.344531 0.828125 0.271094 0.828125
1 0.371133 0.612330 0.437278 0.644235 0.340885 0.844077 0.274740 0.812173
1 0.458596 0.661268 0.504312 0.718741 0.330670 0.856861 0.284955 0.799389
1 0.387876 0.718741 0.433592 0.661268 0.607233 0.799389 0.561517 0.856861
1 0.454910 0.644235 0.521055 0.612330 0.617448 0.812173 0.551302 0.844077
1 0.547656 0.606250 0.621094 0.606250 0.621094 0.828125 0.547656 0.828125
1 0.647695 0.612330 0.713840 0.644235 0.617448 0.844077 0.551302 0.812173
1 0.735158 0.661268 0.780874 0.718741 0.607233 0.856861 0.561517 0.799389
6 0.008594 0.583594 0.050781 0.583594 0.050781 0.628906 0.008594 0.628906
6 0.047656 0.583594 0.089844 0.583594 0.089844 0.628906 0.047656 0.628906
6 0.082031 0.583594 0.124219 0.583594 0.124219 0.628906 0.082031 0.628906
6 0.121094 0.583594 0.163281 0.583594 0.163281 0.628906 0.121094 0.628906
6 0.157031 0.583594 0.199219 0.583594 0.199219 0.628906 0.157031 0.628906
6 0.188281 0.583594 0.230469 0.583594 0.230469 0.628906 0.188281 0.628906
6 0.222656 0.583594 0.264844 0.583594 0.264844 0.628906 0.222656 0.628906
6 0.261719 0.583594 0.303906 0.583594 0.303906 0.628906 0.261719 0.628906
6 0.300781 0.583594 0.342969 0.583594 0.342969 0.628906 0.300781 0.628906
6 0.335156 0.583594 0.377344 0.583594 0.377344 0.628906 0.335156 0.628906
6 0.371094 0.583594 0.413281 0.583594 0.413281 0.628906 0.371094 0.628906
6 0.403906 0.583594 0.446094 0.583594 0.446094 0.628906 0.403906 0.628906
6 0.444531 0.583594 0.486719 0.583594 0.486719 0.628906 0.444531 0.628906
6 0.477344 0.583594 0.519531 0.583594 0.519531 0.628906 0.477344 0.628906
6 0.513281 0.583594 0.555469 0.583594 0.555469 0.628906 0.513281 0.628906
6 0.550781 0.583594 0.592969 0.583594 0.592969 0.628906 0.550781 0.628906
6 0.586719 0.583594 0.628906 0.583594 0.628906 0.628906 0.586719 0.628906
6 0.619531 0.583594 0.661719 0.583594 0.661719 0.628906 0.619531 0.628906
6 0.655469 0.583594 0.697656 0.583594 0.697656 0.628906 0.655469 0.628906
6 0.691406 0.583594 0.733594 0.583594 0.733594 0.628906 0.691406 0.628906
6 0.727344 0.583594 0.769531 0.583594 0.769531 0.628906 0.727344 0.628906
6 0.766406 0.583594 0.808594 0.583594 0.808594 0.628906 0.766406 0.628906
6 0.797656 0.583594 0.839844 0.583594 0.839844 0.628906 0.797656 0.628906
6 0.838281 0.583594 0.880469 0.583594 0.880469 0.628906 0.838281 0.628906
6 0.874219 0.583594 0.916406 0.583594 0.916406 0.628906 0.874219 0.628906
6 0.910156 0.583594 0.952344 0.583594 0.952344 0.628906 0.910156 0.628906
1 0.020372 0.371893 0.087769 0.342728 0.175886 0.546355 0.108489 0.575520
1 0.075697 0.346099 0.148455 0.336132 0.178567 0.555954 0.105808 0.565921
1 0.135920 0.336132 0.208678 0.346099 0.178567 0.565921 0.105808 0.555954
1 0.196606 0.342728 0.264003 0.371893 0.175886 0.575520 0.108489 0.546355
1 0.253282 0.365400 0.310354 0.411616 0.170723 0.584045 0.113652 0.537830
1 0.195896 0.411616 0.252968 0.365400 0.392598 0.537830 0.335527 0.584045
1 0.242247 0.371893 0.309644 0.342728 0.397761 0.546355 0.330364 0.575520
1 0.297572 0.346099 0.370330 0.336132 0.400442 0.555954 0.327683 0.565921
1 0.357795 0.336132 0.430553 0.346099 0.400442 0.565921 0.327683 0.555954
1 0.418481 0.342728 0.485878 0.371893 0.397761 0.575520 0.330364 0.546355
1 0.475157 0.365400 0.532229 0.411616 0.392598 0.584045 0.335527 0.537830
1 0.417771 0.411616 0.474843 0.365400 0.614473 0.537830 0.557402 0.584045
1 0.464122 0.371893 0.531519 0.342728 0.619636 0.546355 0.552239 0.575520
1 0.519447 0.346099 0.592205 0.336132 0.622317 0.555954 0.549558 0.565921
1 0.579670 0.336132 0.652428 0.346099 0.622317 0.565921 0.549558 0.555954
1 0.640356 0.342728 0.707753 0.371893 0.619636 0.575520 0.552239 0.546355
1 0.697032 0.365400 0.754104 0.411616 0.614473 0.584045 0.557402 0.537830
1 0.639646 0.411616 0.696718 0.365400 0.836348 0.537830 0.779277 0.584045
1 0.685997 0.371893 0.753394 0.342728 0.841511 0.546355 0.774114 0.575520
1 0.741322 0.346099 0.814080 0.336132 0.844192 0.555954 0.771433 0.565921
1 0.801545 0.336132 0.874303 0.346099 0.844192 0.565921 0.771433 0.555954
1 0.862231 0.342728 0.929628 0.371893 0.841511 0.575520 0.774114 0.546355
1 0.918907 0.365400 0.975979 0.411616 0.836348 0.584045 0.779277 0.537830
6 0.008594 0.316406 0.050781 0.316406 0.050781 0.361719 0.008594 0.361719
6 0.049219 0.316406 0.091406 0.316406 0.091406 0.361719 0.049219 0.361719
6 0.091406 0.316406 0.133594 0.316406 0.133594 0.361719 0.091406 0.361719
6 0.127344 0.316406 0.169531 0.316406 0.169531 0.361719 0.127344 0.361719
6 0.169531 0.316406 0.211719 0.316406 0.211719 0.361719 0.169531 0.361719
6 0.207031 0.316406 0.249219 0.316406 0.249219 0.361719 0.207031 0.361719
6 0.242969 0.316406 0.285156 0.316406 0.285156 0.361719 0.242969 0.361719
6 0.282031 0.316406 0.324219 0.316406 0.324219 0.361719 0.282031 0.361719
6 0.319531 0.316406 0.361719 0.316406 0.361719 0.361719 0.319531 0.361719
6 0.361719 0.316406 0.403906 0.316406 0.403906 0.361719 0.361719 0.361719
6 0.399219 0.316406 0.441406 0.316406 0.441406 0.361719 0.399219 0.361719
6 0.442969 0.316406 0.485156 0.316406 0.485156 0.361719 0.442969 0.361719
6 0.482031 0.316406 0.524219 0.316406 0.524219 0.361719 0.482031 0.361719
6 0.519531 0.316406 0.561719 0.316406 0.561719 0.361719 0.519531 0.361719
6 0.555469 0.316406 0.597656 0.316406 0.597656 0.361719 0.555469 0.361719
6 0.594531 0.316406 0.636719 0.316406 0.636719 0.361719 0.594531 0.361719
6 0.636719 0.316406 0.678906 0.316406 0.678906 0.361719 0.636719 0.361719
6 0.677344 0.316406 0.719531 0.316406 0.719531 0.361719 0.677344 0.361719
6 0.716406 0.316406 0.758594 0.316406 0.758594 0.361719 0.716406 0.361719
6 0.750781 0.316406 0.792969 0.316406 0.792969 0.361719 0.750781 0.361719
6 0.788281 0.316406 0.830469 0.316406 0.830469 0.361719 0.788281 0.361719
6 0.832031 0.316406 0.874219 0.316406 0.874219 0.361719 0.832031 0.361719
6 0.871094 0.316406 0.913281 0.316406 0.913281 0.361719 0.871094 0.361719
6 0.910156 0.316406 0.952344 0.316406 0.952344 0.361719 0.910156 0.361719
0 0.064844 0.274219 0.138281 0.274219 0.138281 0.313281 0.064844 0.313281
0 0.135156 0.274219 0.208594 0.274219 0.208594 0.313281 0.135156 0.313281
0 0.205469 0.274219 0.278906 0.274219 0.278906 0.313281 0.205469 0.313281
0 0.275781 0.274219 0.349219 0.274219 0.349219 0.313281 0.275781 0.313281
0 0.346094 0.274219 0.419531 0.274219 0.419531 0.313281 0.346094 0.313281
0 0.416406 0.274219 0.489844 0.274219 0.489844 0.313281 0.416406 0.313281
0 0.486719 0.274219 0.560156 0.274219 0.560156 0.313281 0.486719 0.313281
0 0.557031 0.274219 0.630469 0.274219 0.630469 0.313281 0.557031 0.313281
0 0.627344 0.274219 0.700781 0.274219 0.700781 0.313281 0.627344 0.313281
0 0.697656 0.274219 0.771094 0.274219 0.771094 0.313281 0.697656 0.313281
0 0.767969 0.274219 0.841406 0.274219 0.841406 0.313281 0.767969 0.313281
0 0.838281 0.274219 0.911719 0.274219 0.911719 0.313281 0.838281 0.313281
1 0.130200 0.049608 0.189987 0.092253 0.061143 0.272885 0.001357 0.230240
1 0.077201 0.092253 0.136987 0.049608 0.265831 0.230240 0.206044 0.272885
1 0.121131 0.058182 0.189552 0.031505 0.270148 0.238224 0.201727 0.264901
1 0.172076 0.035927 0.244951 0.026850 0.272375 0.247024 0.199500 0.256101
1 0.226924 0.026850 0.299799 0.035927 0.272375 0.256101 0.199500 0.247024
1 0.282323 0.031505 0.350744 0.058182 0.270148 0.264901 0.201727 0.238224
1 0.334888 0.049608 0.394674 0.092253 0.265831 0.272885 0.206044 0.230240
1 0.281888 0.092253 0.341675 0.049608 0.470518 0.230240 0.410732 0.272885
1 0.325818 0.058182 0.394239 0.031505 0.474836 0.238224 0.406414 0.264901
1 0.376764 0.035927 0.449638 0.026850 0.477062 0.247024 0.404188 0.256101
1 0.431612 0.026850 0.504486 0.035927 0.477062 0.256101 0.404188 0.247024
1 0.487011 0.031505 0.555432 0.058182 0.474836 0.264901 0.406414 0.238224
1 0.539575 0.049608 0.599362 0.092253 0.470518 0.272885 0.410732 0.230240
1 0.486576 0.092253 0.546362 0.049608 0.675206 0.230240 0.615419 0.272885
1 0.530506 0.058182 0.598927 0.031505 0.679523 0.238224 0.611102 0.264901
1 0.581451 0.035927 0.654326 0.026850 0.681750 0.247024 0.608875 0.256101
1 0.636299 0.026850 0.709174 0.035927 0.681750 0.256101 0.608875 0.247024
1 0.691698 0.031505 0.760119 0.058182 0.679523 0.264901 0.611102 0.238224
1 0.744263 0.049608 0.804049 0.092253 0.675206 0.272885 0.615419 0.230240
0 0.588281 0.277344 0.633594 0.277344 0.633594 0.310156 0.588281 0.310156
0 0.636719 0.277344 0.682031 0.277344 0.682031 0.310156 0.636719 0.310156
0 0.685156 0.277344 0.730469 0.277344 0.730469 0.310156 0.685156 0.310156
2 0.610938 0.278125 0.753125 0.278125 0.753125 0.309375 0.610938 0.309375
0 0.577344 0.668750 0.663281 0.668750 0.663281 0.703125 0.577344 0.703125
0 0.666406 0.668750 0.752344 0.668750 0.752344 0.703125 0.666406 0.703125
0 0.755469 0.668750 0.841406 0.668750 0.841406 0.703125 0.755469 0.703125
0 0.844531 0.668750 0.930469 0.668750 0.930469 0.703125 0.844531 0.703125
0 0.188281 0.625781 0.249219 0.625781 0.249219 0.658594 0.188281 0.658594
0 0.252344 0.625781 0.313281 0.625781 0.313281 0.658594 0.252344 0.658594
0 0.316406 0.625781 0.377344 0.625781 0.377344 0.658594 0.316406 0.658594
0 0.380469 0.625781 0.441406 0.625781 0.441406 0.658594 0.380469 0.658594
0 0.444531 0.625781 0.505469 0.625781 0.505469 0.658594 0.444531 0.658594
2 0.218750 0.626563 0.535937 0.626563 0.535937 0.657813 0.218750 0.657813
5 0.017188 0.892188 0.031250 0.892188 0.031250 0.906250 0.017188 0.906250
5 0.970313 0.892188 0.984375 0.892188 0.984375 0.906250 0.970313 0.906250
5 0.975000 0.273438 0.990625 0.273438 0.990625 0.289062 0.975000 0.289062
5 0.039062 0.526563 0.054688 0.526563 0.054688 0.542188 0.039062 0.542188
5 0.021875 0.092188 0.037500 0.092188 0.037500 0.107813 0.021875 0.107813
5 0.021875 0.385937 0.037500 0.385937 0.037500 0.401562 0.021875 0.401562