0 0.008594 0.891406 0.100781 0.891406 0.100781 0.927344 0.008594 0.927344
0 0.091406 0.891406 0.183594 0.891406 0.183594 0.927344 0.091406 0.927344
0 0.174219 0.891406 0.266406 0.891406 0.266406 0.927344 0.174219 0.927344
0 0.257031 0.891406 0.349219 0.891406 0.349219 0.927344 0.257031 0.927344
0 0.339844 0.891406 0.432031 0.891406 0.432031 0.927344 0.339844 0.927344
0 0.422656 0.891406 0.514844 0.891406 0.514844 0.927344 0.422656 0.927344
0 0.505469 0.891406 0.597656 0.891406 0.597656 0.927344 0.505469 0.927344
0 0.588281 0.891406 0.680469 0.891406 0.680469 0.927344 0.588281 0.927344
0 0.671094 0.891406 0.763281 0.891406 0.763281 0.927344 0.671094 0.927344
0 0.753906 0.891406 0.846094 0.891406 0.846094 0.927344 0.753906 0.927344
6 0.032031 0.836719 0.080469 0.836719 0.080469 0.897656 0.032031 0.897656
6 0.077344 0.836719 0.125781 0.836719 0.125781 0.897656 0.077344 0.897656
6 0.122656 0.836719 0.171094 0.836719 0.171094 0.897656 0.122656 0.897656
6 0.169531 0.836719 0.217969 0.836719 0.217969 0.897656 0.169531 0.897656
6 0.211719 0.836719 0.260156 0.836719 0.260156 0.897656 0.211719 0.897656
6 0.253906 0.836719 0.302344 0.836719 0.302344 0.897656 0.253906 0.897656
6 0.305469 0.836719 0.353906 0.836719 0.353906 0.897656 0.305469 0.897656
6 0.344531 0.836719 0.392969 0.836719 0.392969 0.897656 0.344531 0.897656
6 0.396094 0.836719 0.444531 0.836719 0.444531 0.897656 0.396094 0.897656
6 0.439844 0.836719 0.488281 0.836719 0.488281 0.897656 0.439844 0.897656
6 0.486719 0.836719 0.535156 0.836719 0.535156 0.897656 0.486719 0.897656
6 0.532031 0.836719 0.580469 0.836719 0.580469 0.897656 0.532031 0.897656
6 0.575781 0.836719 0.624219 0.836719 0.624219 0.897656 0.575781 0.897656
6 0.619531 0.836719 0.667969 0.836719 0.667969 0.897656 0.619531 0.897656
6 0.663281 0.836719 0.711719 0.836719 0.711719 0.897656 0.663281 0.897656
6 0.713281 0.836719 0.761719 0.836719 0.761719 0.897656 0.713281 0.897656
6 0.755469 0.836719 0.803906 0.836719 0.803906 0.897656 0.755469 0.897656
6 0.803906 0.836719 0.852344 0.836719 0.852344 0.897656 0.803906 0.897656
6 0.842969 0.836719 0.891406 0.836719 0.891406 0.897656 0.842969 0.897656
0 0.008594 0.788281 0.100781 0.788281 0.100781 0.824219 0.008594 0.824219
0 0.100781 0.788281 0.192969 0.788281 0.192969 0.824219 0.100781 0.824219
0 0.192969 0.788281 0.285156 0.788281 0.285156 0.824219 0.192969 0.824219
0 0.285156 0.788281 0.377344 0.788281 0.377344 0.824219 0.285156 0.824219
0 0.377344 0.788281 0.469531 0.788281 0.469531 0.824219 0.377344 0.824219
0 0.469531 0.788281 0.561719 0.788281 0.561719 0.824219 0.469531 0.824219
0 0.561719 0.788281 0.653906 0.788281 0.653906 0.824219 0.561719 0.824219
0 0.653906 0.788281 0.746094 0.788281 0.746094 0.824219 0.653906 0.824219
0 0.746094 0.788281 0.838281 0.788281 0.838281 0.824219 0.746094 0.824219
4 0.004727 0.653867 0.074470 0.644933 0.089559 0.762720 0.019816 0.771655
4 0.034905 0.644933 0.104648 0.653867 0.089559 0.771655 0.019816 0.762720
4 0.066361 0.643894 0.131599 0.670120 0.087307 0.780300 0.022068 0.754075
4 0.097062 0.650818 0.153583 0.692641 0.082948 0.788099 0.026427 0.746276
4 0.068292 0.692641 0.124813 0.650818 0.195448 0.746276 0.138927 0.788099
4 0.090276 0.670120 0.155514 0.643894 0.199807 0.754075 0.134568 0.780300
4 0.117227 0.653867 0.186970 0.644933 0.202059 0.762720 0.132316 0.771655
4 0.147405 0.644933 0.217148 0.653867 0.202059 0.771655 0.132316 0.762720
4 0.178861 0.643894 0.244099 0.670120 0.199807 0.780300 0.134568 0.754075
4 0.209562 0.650818 0.266083 0.692641 0.195448 0.788099 0.138927 0.746276
4 0.180792 0.692641 0.237313 0.650818 0.307948 0.746276 0.251427 0.788099
4 0.202776 0.670120 0.268014 0.643894 0.312307 0.754075 0.247068 0.780300
4 0.229727 0.653867 0.299470 0.644933 0.314559 0.762720 0.244816 0.771655
4 0.259905 0.644933 0.329648 0.653867 0.314559 0.771655 0.244816 0.762720
4 0.291361 0.643894 0.356599 0.670120 0.312307 0.780300 0.247068 0.754075
4 0.322062 0.650818 0.378583 0.692641 0.307948 0.788099 0.251427 0.746276
4 0.293292 0.692641 0.349813 0.650818 0.420448 0.746276 0.363927 0.788099
4 0.315276 0.670120 0.380514 0.643894 0.424807 0.754075 0.359568 0.780300
4 0.342227 0.653867 0.411970 0.644933 0.427059 0.762720 0.357316 0.771655
4 0.372405 0.644933 0.442148 0.653867 0.427059 0.771655 0.357316 0.762720
4 0.403861 0.643894 0.469099 0.670120 0.424807 0.780300 0.359568 0.754075
4 0.434562 0.650818 0.491083 0.692641 0.420448 0.788099 0.363927 0.746276
4 0.405792 0.692641 0.462313 0.650818 0.532948 0.746276 0.476427 0.788099
4 0.427776 0.670120 0.493014 0.643894 0.537307 0.754075 0.472068 0.780300
4 0.454727 0.653867 0.524470 0.644933 0.539559 0.762720 0.469816 0.771655
4 0.484905 0.644933 0.554648 0.653867 0.539559 0.771655 0.469816 0.762720
4 0.516361 0.643894 0.581599 0.670120 0.537307 0.780300 0.472068 0.754075
4 0.547062 0.650818 0.603583 0.692641 0.532948 0.788099 0.476427 0.746276
4 0.518292 0.692641 0.574813 0.650818 0.645448 0.746276 0.588927 0.788099
4 0.540276 0.670120 0.605514 0.643894 0.649807 0.754075 0.584568 0.780300
4 0.567227 0.653867 0.636970 0.644933 0.652059 0.762720 0.582316 0.771655
4 0.597405 0.644933 0.667148 0.653867 0.652059 0.771655 0.582316 0.762720
4 0.628861 0.643894 0.694099 0.670120 0.649807 0.780300 0.584568 0.754075
4 0.659562 0.650818 0.716083 0.692641 0.645448 0.788099 0.588927 0.746276
4 0.630792 0.692641 0.687313 0.650818 0.757948 0.746276 0.701427 0.788099
4 0.652776 0.670120 0.718014 0.643894 0.762307 0.754075 0.697068 0.780300
4 0.679727 0.653867 0.749470 0.644933 0.764559 0.762720 0.694816 0.771655
4 0.709905 0.644933 0.779648 0.653867 0.764559 0.771655 0.694816 0.762720
4 0.741361 0.643894 0.806599 0.670120 0.762307 0.780300 0.697068 0.754075
4 0.772062 0.650818 0.828583 0.692641 0.757948 0.788099 0.701427 0.746276
6 0.028906 0.617969 0.077344 0.617969 0.077344 0.678906 0.028906 0.678906
6 0.075781 0.617969 0.124219 0.617969 0.124219 0.678906 0.075781 0.678906
6 0.117969 0.617969 0.166406 0.617969 0.166406 0.678906 0.117969 0.678906
6 0.160156 0.617969 0.208594 0.617969 0.208594 0.678906 0.160156 0.678906
6 0.200781 0.617969 0.249219 0.617969 0.249219 0.678906 0.200781 0.678906
6 0.242969 0.617969 0.291406 0.617969 0.291406 0.678906 0.242969 0.678906
6 0.280469 0.617969 0.328906 0.617969 0.328906 0.678906 0.280469 0.678906
6 0.325781 0.617969 0.374219 0.617969 0.374219 0.678906 0.325781 0.678906
6 0.367969 0.617969 0.416406 0.617969 0.416406 0.678906 0.367969 0.678906
6 0.407031 0.617969 0.455469 0.617969 0.455469 0.678906 0.407031 0.678906
6 0.452344 0.617969 0.500781 0.617969 0.500781 0.678906 0.452344 0.678906
6 0.497656 0.617969 0.546094 0.617969 0.546094 0.678906 0.497656 0.678906
6 0.535156 0.617969 0.583594 0.617969 0.583594 0.678906 0.535156 0.678906
6 0.577344 0.617969 0.625781 0.617969 0.625781 0.678906 0.577344 0.678906
6 0.617969 0.617969 0.666406 0.617969 0.666406 0.678906 0.617969 0.678906
6 0.664844 0.617969 0.713281 0.617969 0.713281 0.678906 0.664844 0.678906
6 0.702344 0.617969 0.750781 0.617969 0.750781 0.678906 0.702344 0.678906
6 0.747656 0.617969 0.796094 0.617969 0.796094 0.678906 0.747656 0.678906
6 0.792969 0.617969 0.841406 0.617969 0.841406 0.678906 0.792969 0.678906
6 0.833594 0.617969 0.882031 0.617969 0.882031 0.678906 0.833594 0.678906
6 0.871094 0.617969 0.919531 0.617969 0.919531 0.678906 0.871094 0.678906
0 0.008594 0.569531 0.100781 0.569531 0.100781 0.605469 0.008594 0.605469
0 0.096094 0.569531 0.188281 0.569531 0.188281 0.605469 0.096094 0.605469
0 0.183594 0.569531 0.275781 0.569531 0.275781 0.605469 0.183594 0.605469
0 0.271094 0.569531 0.363281 0.569531 0.363281 0.605469 0.271094 0.605469
0 0.358594 0.569531 0.450781 0.569531 0.450781 0.605469 0.358594 0.605469
0 0.446094 0.569531 0.538281 0.569531 0.538281 0.605469 0.446094 0.605469
0 0.533594 0.569531 0.625781 0.569531 0.625781 0.605469 0.533594 0.605469
0 0.621094 0.569531 0.713281 0.569531 0.713281 0.605469 0.621094 0.605469
0 0.708594 0.569531 0.800781 0.569531 0.800781 0.605469 0.708594 0.605469
0 0.796094 0.569531 0.888281 0.569531 0.888281 0.605469 0.796094 0.605469
4 0.011001 0.463962 0.071584 0.428276 0.131854 0.530594 0.071271 0.566281
4 0.030898 0.446732 0.097654 0.424654 0.134941 0.537399 0.068184 0.559476
4 0.053986 0.434096 0.123901 0.426624 0.136520 0.544702 0.066605 0.552173
4 0.079224 0.426624 0.149139 0.434096 0.136520 0.552173 0.066605 0.544702
4 0.105471 0.424654 0.172227 0.446732 0.134941 0.559476 0.068184 0.537399
4 0.131541 0.428276 0.192124 0.463962 0.131854 0.566281 0.071271 0.530594
4 0.106313 0.463962 0.166896 0.428276 0.227167 0.530594 0.166583 0.566281
4 0.126210 0.446732 0.192967 0.424654 0.230253 0.537399 0.163497 0.559476
4 0.149299 0.434096 0.219213 0.426624 0.231832 0.544702 0.161918 0.552173
4 0.174537 0.426624 0.244451 0.434096 0.231832 0.552173 0.161918 0.544702
4 0.200783 0.424654 0.267540 0.446732 0.230253 0.559476 0.163497 0.537399
4 0.226854 0.428276 0.287437 0.463962 0.227167 0.566281 0.166583 0.530594
4 0.201626 0.463962 0.262209 0.428276 0.322479 0.530594 0.261896 0.566281
4 0.221523 0.446732 0.288279 0.424654 0.325566 0.537399 0.258809 0.559476
4 0.244611 0.434096 0.314526 0.426624 0.327145 0.544702 0.257230 0.552173
4 0.269849 0.426624 0.339764 0.434096 0.327145 0.552173 0.257230 0.544702
4 0.296096 0.424654 0.362852 0.446732 0.325566 0.559476 0.258809 0.537399
4 0.322166 0.428276 0.382749 0.463962 0.322479 0.566281 0.261896 0.530594
4 0.296938 0.463962 0.357521 0.428276 0.417792 0.530594 0.357208 0.566281
4 0.316835 0.446732 0.383592 0.424654 0.420878 0.537399 0.354122 0.559476
4 0.339924 0.434096 0.409838 0.426624 0.422457 0.544702 0.352543 0.552173
4 0.365162 0.426624 0.435076 0.434096 0.422457 0.552173 0.352543 0.544702
4 0.391408 0.424654 0.458165 0.446732 0.420878 0.559476 0.354122 0.537399
4 0.417479 0.428276 0.478062 0.463962 0.417792 0.566281 0.357208 0.530594
4 0.392251 0.463962 0.452834 0.428276 0.513104 0.530594 0.452521 0.566281
4 0.412148 0.446732 0.478904 0.424654 0.516191 0.537399 0.449434 0.559476
4 0.435236 0.434096 0.505151 0.426624 0.517770 0.544702 0.447855 0.552173
4 0.460474 0.426624 0.530389 0.434096 0.517770 0.552173 0.447855 0.544702
4 0.486721 0.424654 0.553477 0.446732 0.516191 0.559476 0.449434 0.537399
4 0.512791 0.428276 0.573374 0.463962 0.513104 0.566281 0.452521 0.530594
4 0.487563 0.463962 0.548146 0.428276 0.608417 0.530594 0.547833 0.566281
4 0.507460 0.446732 0.574217 0.424654 0.611503 0.537399 0.544747 0.559476
4 0.530549 0.434096 0.600463 0.426624 0.613082 0.544702 0.543168 0.552173
4 0.555787 0.426624 0.625701 0.434096 0.613082 0.552173 0.543168 0.544702
4 0.582033 0.424654 0.648790 0.446732 0.611503 0.559476 0.544747 0.537399
4 0.608104 0.428276 0.668687 0.463962 0.608417 0.566281 0.547833 0.530594
4 0.582876 0.463962 0.643459 0.428276 0.703729 0.530594 0.643146 0.566281
4 0.602773 0.446732 0.669529 0.424654 0.706816 0.537399 0.640059 0.559476
4 0.625861 0.434096 0.695776 0.426624 0.708395 0.544702 0.638480 0.552173
4 0.651099 0.426624 0.721014 0.434096 0.708395 0.552173 0.638480 0.544702
4 0.677346 0.424654 0.744102 0.446732 0.706816 0.559476 0.640059 0.537399
4 0.703416 0.428276 0.763999 0.463962 0.703729 0.566281 0.643146 0.530594
4 0.678188 0.463962 0.738771 0.428276 0.799042 0.530594 0.738458 0.566281
4 0.698085 0.446732 0.764842 0.424654 0.802128 0.537399 0.735372 0.559476
4 0.721174 0.434096 0.791088 0.426624 0.803707 0.544702 0.733793 0.552173
4 0.746412 0.426624 0.816326 0.434096 0.803707 0.552173 0.733793 0.544702
4 0.772658 0.424654 0.839415 0.446732 0.802128 0.559476 0.735372 0.537399
4 0.798729 0.428276 0.859312 0.463962 0.799042 0.566281 0.738458 0.530594
4 0.773501 0.463962 0.834084 0.428276 0.894354 0.530594 0.833771 0.566281
4 0.793398 0.446732 0.860154 0.424654 0.897441 0.537399 0.830684 0.559476
4 0.816486 0.434096 0.886401 0.426624 0.899020 0.544702 0.829105 0.552173
4 0.841724 0.426624 0.911639 0.434096 0.899020 0.552173 0.829105 0.544702
4 0.867971 0.424654 0.934727 0.446732 0.897441 0.559476 0.830684 0.537399
4 0.894041 0.428276 0.954624 0.463962 0.894354 0.566281 0.833771 0.530594
6 0.028906 0.399219 0.077344 0.399219 0.077344 0.460156 0.028906 0.460156
6 0.072656 0.399219 0.121094 0.399219 0.121094 0.460156 0.072656 0.460156
6 0.114844 0.399219 0.163281 0.399219 0.163281 0.460156 0.114844 0.460156
6 0.158594 0.399219 0.207031 0.399219 0.207031 0.460156 0.158594 0.460156
6 0.207031 0.399219 0.255469 0.399219 0.255469 0.460156 0.207031 0.460156
6 0.247656 0.399219 0.296094 0.399219 0.296094 0.460156 0.247656 0.460156
6 0.296094 0.399219 0.344531 0.399219 0.344531 0.460156 0.296094 0.460156
6 0.333594 0.399219 0.382031 0.399219 0.382031 0.460156 0.333594 0.460156
6 0.382031 0.399219 0.430469 0.399219 0.430469 0.460156 0.382031 0.460156
6 0.422656 0.399219 0.471094 0.399219 0.471094 0.460156 0.422656 0.460156
6 0.471094 0.399219 0.519531 0.399219 0.519531 0.460156 0.471094 0.460156
6 0.514844 0.399219 0.563281 0.399219 0.563281 0.460156 0.514844 0.460156
6 0.553906 0.399219 0.602344 0.399219 0.602344 0.460156 0.553906 0.460156
6 0.602344 0.399219 0.650781 0.399219 0.650781 0.460156 0.602344 0.460156
6 0.646094 0.399219 0.694531 0.399219 0.694531 0.460156 0.646094 0.460156
6 0.683594 0.399219 0.732031 0.399219 0.732031 0.460156 0.683594 0.460156
6 0.733594 0.399219 0.782031 0.399219 0.782031 0.460156 0.733594 0.460156
6 0.777344 0.399219 0.825781 0.399219 0.825781 0.460156 0.777344 0.460156
6 0.816406 0.399219 0.864844 0.399219 0.864844 0.460156 0.816406 0.460156
6 0.863281 0.399219 0.911719 0.399219 0.911719 0.460156 0.863281 0.460156
0 0.008594 0.350781 0.100781 0.350781 0.100781 0.386719 0.008594 0.386719
0 0.092969 0.350781 0.185156 0.350781 0.185156 0.386719 0.092969 0.386719
0 0.177344 0.350781 0.269531 0.350781 0.269531 0.386719 0.177344 0.386719
0 0.261719 0.350781 0.353906 0.350781 0.353906 0.386719 0.261719 0.386719
0 0.346094 0.350781 0.438281 0.350781 0.438281 0.386719 0.346094 0.386719
0 0.430469 0.350781 0.522656 0.350781 0.522656 0.386719 0.430469 0.386719
0 0.514844 0.350781 0.607031 0.350781 0.607031 0.386719 0.514844 0.386719
0 0.599219 0.350781 0.691406 0.350781 0.691406 0.386719 0.599219 0.386719
0 0.683594 0.350781 0.775781 0.350781 0.775781 0.386719 0.683594 0.386719
0 0.767969 0.350781 0.860156 0.350781 0.860156 0.386719 0.767969 0.386719
4 0.019531 0.210938 0.089844 0.210938 0.089844 0.329688 0.019531 0.329688
4 0.081510 0.208782 0.143007 0.242870 0.085436 0.346732 0.023939 0.312643
4 0.136763 0.236945 0.174023 0.296574 0.073317 0.359502 0.036058 0.299873
4 0.096289 0.296574 0.133549 0.236945 0.234255 0.299873 0.196995 0.359502
4 0.127306 0.242870 0.188802 0.208782 0.246373 0.312643 0.184877 0.346732
4 0.180469 0.210938 0.250781 0.210938 0.250781 0.329688 0.180469 0.329688
4 0.242448 0.208782 0.303944 0.242870 0.246373 0.346732 0.184877 0.312643
4 0.297701 0.236945 0.334961 0.296574 0.234255 0.359502 0.196995 0.299873
4 0.257227 0.296574 0.294487 0.236945 0.395192 0.299873 0.357933 0.359502
4 0.288243 0.242870 0.349740 0.208782 0.407311 0.312643 0.345814 0.346732
4 0.341406 0.210938 0.411719 0.210938 0.411719 0.329688 0.341406 0.329688
4 0.403385 0.208782 0.464882 0.242870 0.407311 0.346732 0.345814 0.312643
4 0.458638 0.236945 0.495898 0.296574 0.395192 0.359502 0.357933 0.299873
4 0.418164 0.296574 0.455424 0.236945 0.556130 0.299873 0.518870 0.359502
4 0.449181 0.242870 0.510677 0.208782 0.568248 0.312643 0.506752 0.346732
4 0.502344 0.210938 0.572656 0.210938 0.572656 0.329688 0.502344 0.329688
4 0.564323 0.208782 0.625819 0.242870 0.568248 0.346732 0.506752 0.312643
4 0.619576 0.236945 0.656836 0.296574 0.556130 0.359502 0.518870 0.299873
4 0.579102 0.296574 0.616362 0.236945 0.717067 0.299873 0.679808 0.359502
4 0.610118 0.242870 0.671615 0.208782 0.729186 0.312643 0.667689 0.346732
4 0.663281 0.210938 0.733594 0.210938 0.733594 0.329688 0.663281 0.329688
4 0.725260 0.208782 0.786757 0.242870 0.729186 0.346732 0.667689 0.312643
4 0.780513 0.236945 0.817773 0.296574 0.717067 0.359502 0.679808 0.299873
5 0.971875 0.048438 0.987500 0.048438 0.987500 0.064062 0.971875 0.064062