0 0.355469 0.058594 0.428906 0.058594 0.428906 0.097656 0.355469 0.097656
0 0.722656 0.058594 0.796094 0.058594 0.796094 0.097656 0.722656 0.097656
0 0.001563 0.235156 0.048438 0.235156 0.048438 0.267969 0.001563 0.267969
0 0.046875 0.235156 0.093750 0.235156 0.093750 0.267969 0.046875 0.267969
0 0.082812 0.235156 0.129688 0.235156 0.129688 0.267969 0.082812 0.267969
0 0.126562 0.235156 0.173437 0.235156 0.173437 0.267969 0.126562 0.267969
0 0.168750 0.235156 0.215625 0.235156 0.215625 0.267969 0.168750 0.267969
0 0.210938 0.235156 0.257812 0.235156 0.257812 0.267969 0.210938 0.267969
0 0.254688 0.235156 0.301563 0.235156 0.301563 0.267969 0.254688 0.267969
0 0.298438 0.235156 0.345313 0.235156 0.345313 0.267969 0.298438 0.267969
0 0.335938 0.235156 0.382812 0.235156 0.382812 0.267969 0.335938 0.267969
0 0.382812 0.235156 0.429688 0.235156 0.429688 0.267969 0.382812 0.267969
0 0.420312 0.235156 0.467187 0.235156 0.467187 0.267969 0.420312 0.267969
0 0.464062 0.235156 0.510938 0.235156 0.510938 0.267969 0.464062 0.267969
0 0.510938 0.235156 0.557813 0.235156 0.557813 0.267969 0.510938 0.267969
0 0.553125 0.235156 0.600000 0.235156 0.600000 0.267969 0.553125 0.267969
0 0.592187 0.235156 0.639062 0.235156 0.639062 0.267969 0.592187 0.267969
0 0.637500 0.235156 0.684375 0.235156 0.684375 0.267969 0.637500 0.267969
0 0.675000 0.235156 0.721875 0.235156 0.721875 0.267969 0.675000 0.267969
0 0.717187 0.235156 0.764062 0.235156 0.764062 0.267969 0.717187 0.267969
0 0.764062 0.235156 0.810937 0.235156 0.810937 0.267969 0.764062 0.267969
0 0.803125 0.235156 0.850000 0.235156 0.850000 0.267969 0.803125 0.267969
0 0.842187 0.235156 0.889062 0.235156 0.889062 0.267969 0.842187 0.267969
0 0.884375 0.235156 0.931250 0.235156 0.931250 0.267969 0.884375 0.267969
0 0.926562 0.235156 0.973437 0.235156 0.973437 0.267969 0.926562 0.267969
1 0.088414 0.129693 0.170163 0.108804 0.248687 0.416118 0.166938 0.437007
1 0.245462 0.108804 0.327211 0.129693 0.248687 0.437007 0.166938 0.416118
1 0.393280 0.165814 0.454988 0.223358 0.238666 0.455334 0.176959 0.397791
0 0.171094 0.407031 0.244531 0.407031 0.244531 0.446094 0.171094 0.446094
1 0.327825 0.223358 0.389533 0.165814 0.605854 0.397791 0.544146 0.455334
1 0.455602 0.129693 0.537350 0.108804 0.615874 0.416118 0.534126 0.437007
1 0.612650 0.108804 0.694398 0.129693 0.615874 0.437007 0.534126 0.416118
1 0.760467 0.165814 0.822175 0.223358 0.605854 0.455334 0.544146 0.397791
0 0.538281 0.407031 0.611719 0.407031 0.611719 0.446094 0.538281 0.446094
1 0.695012 0.223358 0.756720 0.165814 0.973041 0.397791 0.911334 0.455334
1 0.822789 0.129693 0.904538 0.108804 0.983062 0.416118 0.901313 0.437007
0 0.905469 0.407031 0.978906 0.407031 0.978906 0.446094 0.905469 0.446094
5 0.009375 0.939063 0.025000 0.939063 0.025000 0.954688 0.009375 0.954688
5 0.950000 0.945312 0.965625 0.945312 0.965625 0.960938 0.950000 0.960938
5 0.035937 0.095312 0.051562 0.095312 0.051562 0.110937 0.035937 0.110937
5 0.039062 0.070312 0.054688 0.070312 0.054688 0.085938 0.039062 0.085938