0 0.338281 0.048438 0.386719 0.048438 0.386719 0.082812 0.338281 0.082812
0 0.630469 0.048438 0.678906 0.048438 0.678906 0.082812 0.630469 0.082812
0 0.922656 0.048438 0.971094 0.048438 0.971094 0.082812 0.922656 0.082812
7 0.016804 0.196622 0.070109 0.135301 0.242277 0.284965 0.188973 0.346285
7 0.084056 0.124887 0.157990 0.091193 0.252592 0.298778 0.178658 0.332472
7 0.175000 0.087500 0.256250 0.087500 0.256250 0.315625 0.175000 0.315625
7 0.273260 0.091193 0.347194 0.124887 0.252592 0.332472 0.178658 0.298778
7 0.361141 0.135301 0.414446 0.196622 0.242277 0.346285 0.188973 0.284965
0 0.191406 0.298438 0.239844 0.298438 0.239844 0.332813 0.191406 0.332813
7 0.308992 0.196622 0.362297 0.135301 0.534465 0.284965 0.481160 0.346285
7 0.376243 0.124887 0.450178 0.091193 0.544780 0.298778 0.470845 0.332472
7 0.467187 0.087500 0.548438 0.087500 0.548438 0.315625 0.467187 0.315625
7 0.565447 0.091193 0.639382 0.124887 0.544780 0.332472 0.470845 0.298778
7 0.653328 0.135301 0.706633 0.196622 0.534465 0.346285 0.481160 0.284965
0 0.483594 0.298438 0.532031 0.298438 0.532031 0.332813 0.483594 0.332813
7 0.601179 0.196622 0.654484 0.135301 0.826652 0.284965 0.773348 0.346285
7 0.668431 0.124887 0.742365 0.091193 0.836967 0.298778 0.763033 0.332472
7 0.759375 0.087500 0.840625 0.087500 0.840625 0.315625 0.759375 0.315625
7 0.857635 0.091193 0.931569 0.124887 0.836967 0.332472 0.763033 0.298778
7 0.945516 0.135301 0.998821 0.196622 0.826652 0.346285 0.773348 0.284965
0 0.775781 0.298438 0.824219 0.298438 0.824219 0.332813 0.775781 0.332813
7 0.029688 0.337500 0.110937 0.337500 0.110937 0.565625 0.029688 0.565625
7 0.127947 0.341193 0.201882 0.374887 0.107280 0.582472 0.033345 0.548778
7 0.215828 0.385301 0.269133 0.446622 0.096965 0.596285 0.043660 0.534965
7 0.163679 0.446622 0.216984 0.385301 0.389152 0.534965 0.335848 0.596285
7 0.230931 0.374887 0.304865 0.341193 0.399467 0.548778 0.325533 0.582472
7 0.321875 0.337500 0.403125 0.337500 0.403125 0.565625 0.321875 0.565625
7 0.420135 0.341193 0.494069 0.374887 0.399467 0.582472 0.325533 0.548778
7 0.508016 0.385301 0.561321 0.446622 0.389152 0.596285 0.335848 0.534965
0 0.338281 0.548438 0.386719 0.548438 0.386719 0.582812 0.338281 0.582812
7 0.455867 0.446622 0.509172 0.385301 0.681340 0.534965 0.628035 0.596285
7 0.523118 0.374887 0.597053 0.341193 0.691655 0.548778 0.617720 0.582472
7 0.614062 0.337500 0.695312 0.337500 0.695312 0.565625 0.614062 0.565625
7 0.712322 0.341193 0.786257 0.374887 0.691655 0.582472 0.617720 0.548778
7 0.800203 0.385301 0.853508 0.446622 0.681340 0.596285 0.628035 0.534965
0 0.630469 0.548438 0.678906 0.548438 0.678906 0.582812 0.630469 0.582812
7 0.748054 0.446622 0.801359 0.385301 0.973527 0.534965 0.920223 0.596285
7 0.815306 0.374887 0.889240 0.341193 0.983842 0.548778 0.909908 0.582472
7 0.906250 0.337500 0.987500 0.337500 0.987500 0.565625 0.906250 0.565625
0 0.922656 0.548438 0.971094 0.548438 0.971094 0.582812 0.922656 0.582812