4 0.126569 0.009561 0.158907 0.059357 0.072419 0.115523 0.040081 0.065727
0 0.018750 0.075781 0.093750 0.075781 0.093750 0.105469 0.018750 0.105469
4 0.100468 0.059357 0.132806 0.009561 0.219294 0.065727 0.186956 0.115523
4 0.273444 0.009561 0.305782 0.059357 0.219294 0.115523 0.186956 0.065727
4 0.247343 0.059357 0.279681 0.009561 0.366169 0.065727 0.333831 0.115523
4 0.420319 0.009561 0.452657 0.059357 0.366169 0.115523 0.333831 0.065727
0 0.312500 0.075781 0.387500 0.075781 0.387500 0.105469 0.312500 0.105469
4 0.394218 0.059357 0.426556 0.009561 0.513044 0.065727 0.480706 0.115523
4 0.567194 0.009561 0.599532 0.059357 0.513044 0.115523 0.480706 0.065727
0 0.459375 0.075781 0.534375 0.075781 0.534375 0.105469 0.459375 0.105469
4 0.541093 0.059357 0.573431 0.009561 0.659919 0.065727 0.627581 0.115523
4 0.714069 0.009561 0.746407 0.059357 0.659919 0.115523 0.627581 0.065727
0 0.606250 0.075781 0.681250 0.075781 0.681250 0.105469 0.606250 0.105469
4 0.687968 0.059357 0.720306 0.009561 0.806794 0.065727 0.774456 0.115523
4 0.860944 0.009561 0.893282 0.059357 0.806794 0.115523 0.774456 0.065727
4 0.834843 0.059357 0.867181 0.009561 0.953669 0.065727 0.921331 0.115523
0 0.900000 0.075781 0.975000 0.075781 0.975000 0.105469 0.900000 0.105469
4 0.027031 0.171857 0.059369 0.122061 0.145856 0.178227 0.113519 0.228023
4 0.068043 0.115284 0.124183 0.095953 0.157758 0.193460 0.101617 0.212790
4 0.135192 0.095953 0.191332 0.115284 0.157758 0.212790 0.101617 0.193460
4 0.200006 0.122061 0.232344 0.171857 0.145856 0.228023 0.113519 0.178227
0 0.092188 0.188281 0.167187 0.188281 0.167187 0.217969 0.092188 0.217969
4 0.173906 0.171857 0.206244 0.122061 0.292731 0.178227 0.260394 0.228023
4 0.214918 0.115284 0.271058 0.095953 0.304633 0.193460 0.248492 0.212790
4 0.282067 0.095953 0.338207 0.115284 0.304633 0.212790 0.248492 0.193460
4 0.346881 0.122061 0.379219 0.171857 0.292731 0.228023 0.260394 0.178227
4 0.320781 0.171857 0.353119 0.122061 0.439606 0.178227 0.407269 0.228023
4 0.361793 0.115284 0.417933 0.095953 0.451508 0.193460 0.395367 0.212790
4 0.428942 0.095953 0.485082 0.115284 0.451508 0.212790 0.395367 0.193460
4 0.493756 0.122061 0.526094 0.171857 0.439606 0.228023 0.407269 0.178227
4 0.467656 0.171857 0.499994 0.122061 0.586481 0.178227 0.554144 0.228023
4 0.508668 0.115284 0.564808 0.095953 0.598383 0.193460 0.542242 0.212790
4 0.575817 0.095953 0.631957 0.115284 0.598383 0.212790 0.542242 0.193460
4 0.640631 0.122061 0.672969 0.171857 0.586481 0.228023 0.554144 0.178227
4 0.614531 0.171857 0.646869 0.122061 0.733356 0.178227 0.701019 0.228023
4 0.655543 0.115284 0.711683 0.095953 0.745258 0.193460 0.689117 0.212790
4 0.722692 0.095953 0.778832 0.115284 0.745258 0.212790 0.689117 0.193460
4 0.787506 0.122061 0.819844 0.171857 0.733356 0.228023 0.701019 0.178227
0 0.679688 0.188281 0.754687 0.188281 0.754687 0.217969 0.679688 0.217969
4 0.761406 0.171857 0.793744 0.122061 0.880231 0.178227 0.847894 0.228023
4 0.802418 0.115284 0.858558 0.095953 0.892133 0.193460 0.835992 0.212790
4 0.869567 0.095953 0.925707 0.115284 0.892133 0.212790 0.835992 0.193460
4 0.934381 0.122061 0.966719 0.171857 0.880231 0.228023 0.847894 0.178227
0 0.826562 0.188281 0.901563 0.188281 0.901563 0.217969 0.826562 0.217969
4 0.061754 0.208453 0.117894 0.227784 0.084320 0.325290 0.028180 0.305960
4 0.126569 0.234561 0.158907 0.284357 0.072419 0.340523 0.040081 0.290727
4 0.100468 0.284357 0.132806 0.234561 0.219294 0.290727 0.186956 0.340523
4 0.141481 0.227784 0.197621 0.208453 0.231195 0.305960 0.175055 0.325290
4 0.208629 0.208453 0.264769 0.227784 0.231195 0.325290 0.175055 0.305960
4 0.273444 0.234561 0.305782 0.284357 0.219294 0.340523 0.186956 0.290727
4 0.247343 0.284357 0.279681 0.234561 0.366169 0.290727 0.333831 0.340523
4 0.288356 0.227784 0.344496 0.208453 0.378070 0.305960 0.321930 0.325290
4 0.355504 0.208453 0.411644 0.227784 0.378070 0.325290 0.321930 0.305960
4 0.420319 0.234561 0.452657 0.284357 0.366169 0.340523 0.333831 0.290727
0 0.312500 0.300781 0.387500 0.300781 0.387500 0.330469 0.312500 0.330469
4 0.394218 0.284357 0.426556 0.234561 0.513044 0.290727 0.480706 0.340523
4 0.435231 0.227784 0.491371 0.208453 0.524945 0.305960 0.468805 0.325290
4 0.502379 0.208453 0.558519 0.227784 0.524945 0.325290 0.468805 0.305960
4 0.567194 0.234561 0.599532 0.284357 0.513044 0.340523 0.480706 0.290727
4 0.541093 0.284357 0.573431 0.234561 0.659919 0.290727 0.627581 0.340523
4 0.582106 0.227784 0.638246 0.208453 0.671820 0.305960 0.615680 0.325290
4 0.649254 0.208453 0.705394 0.227784 0.671820 0.325290 0.615680 0.305960
4 0.714069 0.234561 0.746407 0.284357 0.659919 0.340523 0.627581 0.290727
0 0.606250 0.300781 0.681250 0.300781 0.681250 0.330469 0.606250 0.330469
4 0.687968 0.284357 0.720306 0.234561 0.806794 0.290727 0.774456 0.340523
4 0.728981 0.227784 0.785121 0.208453 0.818695 0.305960 0.762555 0.325290
4 0.796129 0.208453 0.852269 0.227784 0.818695 0.325290 0.762555 0.305960
4 0.860944 0.234561 0.893282 0.284357 0.806794 0.340523 0.774456 0.290727
4 0.834843 0.284357 0.867181 0.234561 0.953669 0.290727 0.921331 0.340523
4 0.875856 0.227784 0.931996 0.208453 0.965570 0.305960 0.909430 0.325290
4 0.943004 0.208453 0.999144 0.227784 0.965570 0.325290 0.909430 0.305960
0 0.900000 0.300781 0.975000 0.300781 0.975000 0.330469 0.900000 0.330469
4 0.027031 0.396857 0.059369 0.347061 0.145856 0.403227 0.113519 0.453023
4 0.068043 0.340284 0.124183 0.320953 0.157758 0.418460 0.101617 0.437790
4 0.135192 0.320953 0.191332 0.340284 0.157758 0.437790 0.101617 0.418460
4 0.200006 0.347061 0.232344 0.396857 0.145856 0.453023 0.113519 0.403227
0 0.092188 0.413281 0.167187 0.413281 0.167187 0.442969 0.092188 0.442969
4 0.173906 0.396857 0.206244 0.347061 0.292731 0.403227 0.260394 0.453023
4 0.214918 0.340284 0.271058 0.320953 0.304633 0.418460 0.248492 0.437790
4 0.282067 0.320953 0.338207 0.340284 0.304633 0.437790 0.248492 0.418460
4 0.346881 0.347061 0.379219 0.396857 0.292731 0.453023 0.260394 0.403227
4 0.320781 0.396857 0.353119 0.347061 0.439606 0.403227 0.407269 0.453023
4 0.361793 0.340284 0.417933 0.320953 0.451508 0.418460 0.395367 0.437790
4 0.428942 0.320953 0.485082 0.340284 0.451508 0.437790 0.395367 0.418460
4 0.493756 0.347061 0.526094 0.396857 0.439606 0.453023 0.407269 0.403227
0 0.385937 0.413281 0.460938 0.413281 0.460938 0.442969 0.385937 0.442969
4 0.467656 0.396857 0.499994 0.347061 0.586481 0.403227 0.554144 0.453023
4 0.508668 0.340284 0.564808 0.320953 0.598383 0.418460 0.542242 0.437790
4 0.575817 0.320953 0.631957 0.340284 0.598383 0.437790 0.542242 0.418460
4 0.640631 0.347061 0.672969 0.396857 0.586481 0.453023 0.554144 0.403227
0 0.532813 0.413281 0.607812 0.413281 0.607812 0.442969 0.532813 0.442969
4 0.614531 0.396857 0.646869 0.347061 0.733356 0.403227 0.701019 0.453023
4 0.655543 0.340284 0.711683 0.320953 0.745258 0.418460 0.689117 0.437790
4 0.722692 0.320953 0.778832 0.340284 0.745258 0.437790 0.689117 0.418460
4 0.787506 0.347061 0.819844 0.396857 0.733356 0.453023 0.701019 0.403227
0 0.679688 0.413281 0.754687 0.413281 0.754687 0.442969 0.679688 0.442969
4 0.761406 0.396857 0.793744 0.347061 0.880231 0.403227 0.847894 0.453023
4 0.802418 0.340284 0.858558 0.320953 0.892133 0.418460 0.835992 0.437790
4 0.869567 0.320953 0.925707 0.340284 0.892133 0.437790 0.835992 0.418460
4 0.934381 0.347061 0.966719 0.396857 0.880231 0.453023 0.847894 0.403227
0 0.826562 0.413281 0.901563 0.413281 0.901563 0.442969 0.826562 0.442969
4 0.061754 0.433453 0.117894 0.452784 0.084320 0.550290 0.028180 0.530960
4 0.126569 0.459561 0.158907 0.509357 0.072419 0.565523 0.040081 0.515727
0 0.018750 0.525781 0.093750 0.525781 0.093750 0.555469 0.018750 0.555469
4 0.100468 0.509357 0.132806 0.459561 0.219294 0.515727 0.186956 0.565523
4 0.141481 0.452784 0.197621 0.433453 0.231195 0.530960 0.175055 0.550290
4 0.208629 0.433453 0.264769 0.452784 0.231195 0.550290 0.175055 0.530960
4 0.273444 0.459561 0.305782 0.509357 0.219294 0.565523 0.186956 0.515727
4 0.247343 0.509357 0.279681 0.459561 0.366169 0.515727 0.333831 0.565523
4 0.288356 0.452784 0.344496 0.433453 0.378070 0.530960 0.321930 0.550290
4 0.355504 0.433453 0.411644 0.452784 0.378070 0.550290 0.321930 0.530960
4 0.420319 0.459561 0.452657 0.509357 0.366169 0.565523 0.333831 0.515727
0 0.312500 0.525781 0.387500 0.525781 0.387500 0.555469 0.312500 0.555469
4 0.394218 0.509357 0.426556 0.459561 0.513044 0.515727 0.480706 0.565523
4 0.435231 0.452784 0.491371 0.433453 0.524945 0.530960 0.468805 0.550290
4 0.502379 0.433453 0.558519 0.452784 0.524945 0.550290 0.468805 0.530960
4 0.567194 0.459561 0.599532 0.509357 0.513044 0.565523 0.480706 0.515727
0 0.459375 0.525781 0.534375 0.525781 0.534375 0.555469 0.459375 0.555469
4 0.541093 0.509357 0.573431 0.459561 0.659919 0.515727 0.627581 0.565523
4 0.582106 0.452784 0.638246 0.433453 0.671820 0.530960 0.615680 0.550290
4 0.649254 0.433453 0.705394 0.452784 0.671820 0.550290 0.615680 0.530960
4 0.714069 0.459561 0.746407 0.509357 0.659919 0.565523 0.627581 0.515727
0 0.606250 0.525781 0.681250 0.525781 0.681250 0.555469 0.606250 0.555469
4 0.687968 0.509357 0.720306 0.459561 0.806794 0.515727 0.774456 0.565523
4 0.728981 0.452784 0.785121 0.433453 0.818695 0.530960 0.762555 0.550290
4 0.796129 0.433453 0.852269 0.452784 0.818695 0.550290 0.762555 0.530960
4 0.860944 0.459561 0.893282 0.509357 0.806794 0.565523 0.774456 0.515727
0 0.753125 0.525781 0.828125 0.525781 0.828125 0.555469 0.753125 0.555469
4 0.834843 0.509357 0.867181 0.459561 0.953669 0.515727 0.921331 0.565523
4 0.875856 0.452784 0.931996 0.433453 0.965570 0.530960 0.909430 0.550290
4 0.943004 0.433453 0.999144 0.452784 0.965570 0.550290 0.909430 0.530960
0 0.900000 0.525781 0.975000 0.525781 0.975000 0.555469 0.900000 0.555469
4 0.027031 0.621857 0.059369 0.572061 0.145856 0.628227 0.113519 0.678023
4 0.068043 0.565284 0.124183 0.545953 0.157758 0.643460 0.101617 0.662790
4 0.135192 0.545953 0.191332 0.565284 0.157758 0.662790 0.101617 0.643460
4 0.200006 0.572061 0.232344 0.621857 0.145856 0.678023 0.113519 0.628227
4 0.173906 0.621857 0.206244 0.572061 0.292731 0.628227 0.260394 0.678023
4 0.214918 0.565284 0.271058 0.545953 0.304633 0.643460 0.248492 0.662790
4 0.282067 0.545953 0.338207 0.565284 0.304633 0.662790 0.248492 0.643460
4 0.346881 0.572061 0.379219 0.621857 0.292731 0.678023 0.260394 0.628227
0 0.239063 0.638281 0.314063 0.638281 0.314063 0.667969 0.239063 0.667969
4 0.320781 0.621857 0.353119 0.572061 0.439606 0.628227 0.407269 0.678023
4 0.361793 0.565284 0.417933 0.545953 0.451508 0.643460 0.395367 0.662790
4 0.428942 0.545953 0.485082 0.565284 0.451508 0.662790 0.395367 0.643460
4 0.493756 0.572061 0.526094 0.621857 0.439606 0.678023 0.407269 0.628227
0 0.385937 0.638281 0.460938 0.638281 0.460938 0.667969 0.385937 0.667969
4 0.467656 0.621857 0.499994 0.572061 0.586481 0.628227 0.554144 0.678023
4 0.508668 0.565284 0.564808 0.545953 0.598383 0.643460 0.542242 0.662790
4 0.575817 0.545953 0.631957 0.565284 0.598383 0.662790 0.542242 0.643460
4 0.640631 0.572061 0.672969 0.621857 0.586481 0.678023 0.554144 0.628227
4 0.614531 0.621857 0.646869 0.572061 0.733356 0.628227 0.701019 0.678023
4 0.655543 0.565284 0.711683 0.545953 0.745258 0.643460 0.689117 0.662790
4 0.722692 0.545953 0.778832 0.565284 0.745258 0.662790 0.689117 0.643460
4 0.787506 0.572061 0.819844 0.621857 0.733356 0.678023 0.701019 0.628227
0 0.679688 0.638281 0.754687 0.638281 0.754687 0.667969 0.679688 0.667969
4 0.761406 0.621857 0.793744 0.572061 0.880231 0.628227 0.847894 0.678023
4 0.802418 0.565284 0.858558 0.545953 0.892133 0.643460 0.835992 0.662790
4 0.869567 0.545953 0.925707 0.565284 0.892133 0.662790 0.835992 0.643460
4 0.934381 0.572061 0.966719 0.621857 0.880231 0.678023 0.847894 0.628227
4 0.061754 0.658453 0.117894 0.677784 0.084320 0.775290 0.028180 0.755960
4 0.126569 0.684561 0.158907 0.734357 0.072419 0.790523 0.040081 0.740727
0 0.018750 0.750781 0.093750 0.750781 0.093750 0.780469 0.018750 0.780469
4 0.100468 0.734357 0.132806 0.684561 0.219294 0.740727 0.186956 0.790523
4 0.141481 0.677784 0.197621 0.658453 0.231195 0.755960 0.175055 0.775290
4 0.208629 0.658453 0.264769 0.677784 0.231195 0.775290 0.175055 0.755960
4 0.273444 0.684561 0.305782 0.734357 0.219294 0.790523 0.186956 0.740727
0 0.165625 0.750781 0.240625 0.750781 0.240625 0.780469 0.165625 0.780469
4 0.247343 0.734357 0.279681 0.684561 0.366169 0.740727 0.333831 0.790523
4 0.288356 0.677784 0.344496 0.658453 0.378070 0.755960 0.321930 0.775290
4 0.355504 0.658453 0.411644 0.677784 0.378070 0.775290 0.321930 0.755960
4 0.420319 0.684561 0.452657 0.734357 0.366169 0.790523 0.333831 0.740727
0 0.312500 0.750781 0.387500 0.750781 0.387500 0.780469 0.312500 0.780469
4 0.394218 0.734357 0.426556 0.684561 0.513044 0.740727 0.480706 0.790523
4 0.435231 0.677784 0.491371 0.658453 0.524945 0.755960 0.468805 0.775290
4 0.502379 0.658453 0.558519 0.677784 0.524945 0.775290 0.468805 0.755960
4 0.567194 0.684561 0.599532 0.734357 0.513044 0.790523 0.480706 0.740727
0 0.459375 0.750781 0.534375 0.750781 0.534375 0.780469 0.459375 0.780469
4 0.541093 0.734357 0.573431 0.684561 0.659919 0.740727 0.627581 0.790523
4 0.582106 0.677784 0.638246 0.658453 0.671820 0.755960 0.615680 0.775290
4 0.649254 0.658453 0.705394 0.677784 0.671820 0.775290 0.615680 0.755960
4 0.714069 0.684561 0.746407 0.734357 0.659919 0.790523 0.627581 0.740727
4 0.687968 0.734357 0.720306 0.684561 0.806794 0.740727 0.774456 0.790523
4 0.728981 0.677784 0.785121 0.658453 0.818695 0.755960 0.762555 0.775290
4 0.796129 0.658453 0.852269 0.677784 0.818695 0.775290 0.762555 0.755960
4 0.860944 0.684561 0.893282 0.734357 0.806794 0.790523 0.774456 0.740727
0 0.753125 0.750781 0.828125 0.750781 0.828125 0.780469 0.753125 0.780469
4 0.834843 0.734357 0.867181 0.684561 0.953669 0.740727 0.921331 0.790523
4 0.875856 0.677784 0.931996 0.658453 0.965570 0.755960 0.909430 0.775290
4 0.943004 0.658453 0.999144 0.677784 0.965570 0.775290 0.909430 0.755960
0 0.900000 0.750781 0.975000 0.750781 0.975000 0.780469 0.900000 0.780469
4 0.027031 0.846857 0.059369 0.797061 0.145856 0.853227 0.113519 0.903023
4 0.068043 0.790284 0.124183 0.770953 0.157758 0.868460 0.101617 0.887790
4 0.135192 0.770953 0.191332 0.790284 0.157758 0.887790 0.101617 0.868460
4 0.200006 0.797061 0.232344 0.846857 0.145856 0.903023 0.113519 0.853227
0 0.092188 0.863281 0.167187 0.863281 0.167187 0.892969 0.092188 0.892969
4 0.173906 0.846857 0.206244 0.797061 0.292731 0.853227 0.260394 0.903023
4 0.214918 0.790284 0.271058 0.770953 0.304633 0.868460 0.248492 0.887790
4 0.282067 0.770953 0.338207 0.790284 0.304633 0.887790 0.248492 0.868460
4 0.346881 0.797061 0.379219 0.846857 0.292731 0.903023 0.260394 0.853227
0 0.239063 0.863281 0.314063 0.863281 0.314063 0.892969 0.239063 0.892969
4 0.320781 0.846857 0.353119 0.797061 0.439606 0.853227 0.407269 0.903023
4 0.361793 0.790284 0.417933 0.770953 0.451508 0.868460 0.395367 0.887790
4 0.428942 0.770953 0.485082 0.790284 0.451508 0.887790 0.395367 0.868460
4 0.493756 0.797061 0.526094 0.846857 0.439606 0.903023 0.407269 0.853227
0 0.385937 0.863281 0.460938 0.863281 0.460938 0.892969 0.385937 0.892969
4 0.467656 0.846857 0.499994 0.797061 0.586481 0.853227 0.554144 0.903023
4 0.508668 0.790284 0.564808 0.770953 0.598383 0.868460 0.542242 0.887790
4 0.575817 0.770953 0.631957 0.790284 0.598383 0.887790 0.542242 0.868460
4 0.640631 0.797061 0.672969 0.846857 0.586481 0.903023 0.554144 0.853227
0 0.532813 0.863281 0.607812 0.863281 0.607812 0.892969 0.532813 0.892969
4 0.614531 0.846857 0.646869 0.797061 0.733356 0.853227 0.701019 0.903023
4 0.655543 0.790284 0.711683 0.770953 0.745258 0.868460 0.689117 0.887790
4 0.722692 0.770953 0.778832 0.790284 0.745258 0.887790 0.689117 0.868460
4 0.787506 0.797061 0.819844 0.846857 0.733356 0.903023 0.701019 0.853227
0 0.679688 0.863281 0.754687 0.863281 0.754687 0.892969 0.679688 0.892969
4 0.761406 0.846857 0.793744 0.797061 0.880231 0.853227 0.847894 0.903023
4 0.802418 0.790284 0.858558 0.770953 0.892133 0.868460 0.835992 0.887790
4 0.869567 0.770953 0.925707 0.790284 0.892133 0.887790 0.835992 0.868460
4 0.934381 0.797061 0.966719 0.846857 0.880231 0.903023 0.847894 0.853227
5 0.029687 0.076563 0.043750 0.076563 0.043750 0.090625 0.029687 0.090625
5 0.976562 0.076563 0.990625 0.076563 0.990625 0.090625 0.976562 0.090625
5 0.028125 0.301563 0.042188 0.301563 0.042188 0.315625 0.028125 0.315625
5 0.967187 0.301563 0.981250 0.301563 0.981250 0.315625 0.967187 0.315625
5 0.021875 0.414062 0.035937 0.414062 0.035937 0.428125 0.021875 0.428125
5 0.956250 0.414062 0.970313 0.414062 0.970313 0.428125 0.956250 0.428125
5 0.009375 0.751563 0.023438 0.751563 0.023438 0.765625 0.009375 0.765625
5 0.962500 0.751563 0.976562 0.751563 0.976562 0.765625 0.962500 0.765625
5 0.020313 0.864062 0.034375 0.864062 0.034375 0.878125 0.020313 0.878125
5 0.962500 0.864062 0.976562 0.864062 0.976562 0.878125 0.962500 0.878125
5 0.971875 0.759375 0.987500 0.759375 0.987500 0.775000 0.971875 0.775000