0 0.053125 0.056250 0.106250 0.056250 0.106250 0.093750 0.053125 0.093750
0 0.095312 0.056250 0.148438 0.056250 0.148438 0.093750 0.095312 0.093750
0 0.137500 0.056250 0.190625 0.056250 0.190625 0.093750 0.137500 0.093750
0 0.235937 0.056250 0.289062 0.056250 0.289062 0.093750 0.235937 0.093750
0 0.292187 0.056250 0.345313 0.056250 0.345313 0.093750 0.292187 0.093750
0 0.404687 0.056250 0.457813 0.056250 0.457813 0.093750 0.404687 0.093750
0 0.460938 0.056250 0.514062 0.056250 0.514062 0.093750 0.460938 0.093750
0 0.559375 0.056250 0.612500 0.056250 0.612500 0.093750 0.559375 0.093750
0 0.601562 0.056250 0.654687 0.056250 0.654687 0.093750 0.601562 0.093750
0 0.643750 0.056250 0.696875 0.056250 0.696875 0.093750 0.643750 0.093750
0 0.053125 0.353125 0.106250 0.353125 0.106250 0.390625 0.053125 0.390625
0 0.095312 0.353125 0.148438 0.353125 0.148438 0.390625 0.095312 0.390625
0 0.137500 0.353125 0.190625 0.353125 0.190625 0.390625 0.137500 0.390625
7 0.159375 0.236719 0.253125 0.236719 0.253125 0.507031 0.159375 0.507031
0 0.235937 0.353125 0.289062 0.353125 0.289062 0.390625 0.235937 0.390625
0 0.292187 0.353125 0.345313 0.353125 0.345313 0.390625 0.292187 0.390625
7 0.328125 0.236719 0.421875 0.236719 0.421875 0.507031 0.328125 0.507031
0 0.390625 0.353125 0.443750 0.353125 0.443750 0.390625 0.390625 0.390625
0 0.432812 0.353125 0.485938 0.353125 0.485938 0.390625 0.432812 0.390625
0 0.475000 0.353125 0.528125 0.353125 0.528125 0.390625 0.475000 0.390625
7 0.496875 0.236719 0.590625 0.236719 0.590625 0.507031 0.496875 0.507031
0 0.559375 0.353125 0.612500 0.353125 0.612500 0.390625 0.559375 0.390625
0 0.601562 0.353125 0.654687 0.353125 0.654687 0.390625 0.601562 0.390625
0 0.643750 0.353125 0.696875 0.353125 0.696875 0.390625 0.643750 0.390625
7 0.665625 0.236719 0.759375 0.236719 0.759375 0.507031 0.665625 0.507031
0 0.053125 0.650000 0.106250 0.650000 0.106250 0.687500 0.053125 0.687500
0 0.095312 0.650000 0.148438 0.650000 0.148438 0.687500 0.095312 0.687500
0 0.137500 0.650000 0.190625 0.650000 0.190625 0.687500 0.137500 0.687500
7 0.159375 0.533594 0.253125 0.533594 0.253125 0.803906 0.159375 0.803906
0 0.235937 0.650000 0.289062 0.650000 0.289062 0.687500 0.235937 0.687500
0 0.292187 0.650000 0.345313 0.650000 0.345313 0.687500 0.292187 0.687500
7 0.328125 0.533594 0.421875 0.533594 0.421875 0.803906 0.328125 0.803906
0 0.390625 0.650000 0.443750 0.650000 0.443750 0.687500 0.390625 0.687500
0 0.432812 0.650000 0.485938 0.650000 0.485938 0.687500 0.432812 0.687500
0 0.475000 0.650000 0.528125 0.650000 0.528125 0.687500 0.475000 0.687500
7 0.496875 0.533594 0.590625 0.533594 0.590625 0.803906 0.496875 0.803906
0 0.573438 0.650000 0.626563 0.650000 0.626563 0.687500 0.573438 0.687500
0 0.629687 0.650000 0.682813 0.650000 0.682813 0.687500 0.629687 0.687500
7 0.665625 0.533594 0.759375 0.533594 0.759375 0.803906 0.665625 0.803906
5 0.023438 0.653125 0.039062 0.653125 0.039062 0.668750 0.023438 0.668750
5 0.975000 0.653125 0.990625 0.653125 0.990625 0.668750 0.975000 0.668750