0 0.028906 0.067187 0.092969 0.067187 0.092969 0.101562 0.028906 0.101562
0 0.144531 0.067187 0.208594 0.067187 0.208594 0.101562 0.144531 0.101562
0 0.260156 0.067187 0.324219 0.067187 0.324219 0.101562 0.260156 0.101562
0 0.375781 0.067187 0.439844 0.067187 0.439844 0.101562 0.375781 0.101562
0 0.607031 0.067187 0.671094 0.067187 0.671094 0.101562 0.607031 0.101562
0 0.722656 0.067187 0.786719 0.067187 0.786719 0.101562 0.722656 0.101562
0 0.838281 0.067187 0.902344 0.067187 0.902344 0.101562 0.838281 0.101562
4 0.020653 0.135652 0.080588 0.095982 0.148718 0.198915 0.088782 0.238585
4 0.082812 0.095312 0.154688 0.095312 0.154688 0.218750 0.082812 0.218750
4 0.156912 0.095982 0.216847 0.135652 0.148718 0.238585 0.088782 0.198915
0 0.086719 0.201563 0.150781 0.201563 0.150781 0.235937 0.086719 0.235937
4 0.136278 0.135652 0.196213 0.095982 0.264343 0.198915 0.204407 0.238585
4 0.198437 0.095312 0.270313 0.095312 0.270313 0.218750 0.198437 0.218750
4 0.272537 0.095982 0.332472 0.135652 0.264343 0.238585 0.204407 0.198915
0 0.202344 0.201563 0.266406 0.201563 0.266406 0.235937 0.202344 0.235937
4 0.251903 0.135652 0.311838 0.095982 0.379968 0.198915 0.320032 0.238585
4 0.314063 0.095312 0.385937 0.095312 0.385937 0.218750 0.314063 0.218750
4 0.388162 0.095982 0.448097 0.135652 0.379968 0.238585 0.320032 0.198915
0 0.317969 0.201563 0.382031 0.201563 0.382031 0.235937 0.317969 0.235937
4 0.367528 0.135652 0.427463 0.095982 0.495593 0.198915 0.435657 0.238585
4 0.429688 0.095312 0.501563 0.095312 0.501563 0.218750 0.429688 0.218750
4 0.503787 0.095982 0.563722 0.135652 0.495593 0.238585 0.435657 0.198915
0 0.433594 0.201563 0.497656 0.201563 0.497656 0.235937 0.433594 0.235937
4 0.483153 0.135652 0.543088 0.095982 0.611218 0.198915 0.551282 0.238585
4 0.545312 0.095312 0.617188 0.095312 0.617188 0.218750 0.545312 0.218750
4 0.619412 0.095982 0.679347 0.135652 0.611218 0.238585 0.551282 0.198915
0 0.549219 0.201563 0.613281 0.201563 0.613281 0.235937 0.549219 0.235937
4 0.598778 0.135652 0.658713 0.095982 0.726843 0.198915 0.666907 0.238585
4 0.660937 0.095312 0.732812 0.095312 0.732812 0.218750 0.660937 0.218750
4 0.735037 0.095982 0.794972 0.135652 0.726843 0.238585 0.666907 0.198915
0 0.664844 0.201563 0.728906 0.201563 0.728906 0.235937 0.664844 0.235937
4 0.714403 0.135652 0.774338 0.095982 0.842468 0.198915 0.782532 0.238585
4 0.776563 0.095312 0.848437 0.095312 0.848437 0.218750 0.776563 0.218750
4 0.850662 0.095982 0.910597 0.135652 0.842468 0.238585 0.782532 0.198915
0 0.780469 0.201563 0.844531 0.201563 0.844531 0.235937 0.780469 0.235937
4 0.830028 0.135652 0.889963 0.095982 0.958093 0.198915 0.898157 0.238585
4 0.892188 0.095312 0.964063 0.095312 0.964063 0.218750 0.892188 0.218750
4 0.025000 0.229687 0.096875 0.229687 0.096875 0.353125 0.025000 0.353125
4 0.099099 0.230357 0.159035 0.270027 0.090905 0.372960 0.030970 0.333290
0 0.028906 0.335938 0.092969 0.335938 0.092969 0.370312 0.028906 0.370312
4 0.078465 0.270027 0.138401 0.230357 0.206530 0.333290 0.146595 0.372960
4 0.140625 0.229687 0.212500 0.229687 0.212500 0.353125 0.140625 0.353125
4 0.214724 0.230357 0.274660 0.270027 0.206530 0.372960 0.146595 0.333290
0 0.144531 0.335938 0.208594 0.335938 0.208594 0.370312 0.144531 0.370312
4 0.194090 0.270027 0.254026 0.230357 0.322155 0.333290 0.262220 0.372960
4 0.256250 0.229687 0.328125 0.229687 0.328125 0.353125 0.256250 0.353125
4 0.330349 0.230357 0.390285 0.270027 0.322155 0.372960 0.262220 0.333290
0 0.260156 0.335938 0.324219 0.335938 0.324219 0.370312 0.260156 0.370312
4 0.309715 0.270027 0.369651 0.230357 0.437780 0.333290 0.377845 0.372960
4 0.371875 0.229687 0.443750 0.229687 0.443750 0.353125 0.371875 0.353125
4 0.445974 0.230357 0.505910 0.270027 0.437780 0.372960 0.377845 0.333290
4 0.425340 0.270027 0.485276 0.230357 0.553405 0.333290 0.493470 0.372960
4 0.487500 0.229687 0.559375 0.229687 0.559375 0.353125 0.487500 0.353125
4 0.561599 0.230357 0.621535 0.270027 0.553405 0.372960 0.493470 0.333290
4 0.540965 0.270027 0.600901 0.230357 0.669030 0.333290 0.609095 0.372960
4 0.603125 0.229687 0.675000 0.229687 0.675000 0.353125 0.603125 0.353125
4 0.677224 0.230357 0.737160 0.270027 0.669030 0.372960 0.609095 0.333290
0 0.607031 0.335938 0.671094 0.335938 0.671094 0.370312 0.607031 0.370312
4 0.656590 0.270027 0.716526 0.230357 0.784655 0.333290 0.724720 0.372960
4 0.718750 0.229687 0.790625 0.229687 0.790625 0.353125 0.718750 0.353125
4 0.792849 0.230357 0.852785 0.270027 0.784655 0.372960 0.724720 0.333290
0 0.722656 0.335938 0.786719 0.335938 0.786719 0.370312 0.722656 0.370312
4 0.772215 0.270027 0.832151 0.230357 0.900280 0.333290 0.840345 0.372960
4 0.834375 0.229687 0.906250 0.229687 0.906250 0.353125 0.834375 0.353125
4 0.908474 0.230357 0.968410 0.270027 0.900280 0.372960 0.840345 0.333290
0 0.838281 0.335938 0.902344 0.335938 0.902344 0.370312 0.838281 0.370312
4 0.020653 0.404402 0.080588 0.364732 0.148718 0.467665 0.088782 0.507335
4 0.082812 0.364063 0.154688 0.364063 0.154688 0.487500 0.082812 0.487500
4 0.156912 0.364732 0.216847 0.404402 0.148718 0.507335 0.088782 0.467665
0 0.086719 0.470313 0.150781 0.470313 0.150781 0.504687 0.086719 0.504687
4 0.136278 0.404402 0.196213 0.364732 0.264343 0.467665 0.204407 0.507335
4 0.198437 0.364063 0.270313 0.364063 0.270313 0.487500 0.198437 0.487500
4 0.272537 0.364732 0.332472 0.404402 0.264343 0.507335 0.204407 0.467665
0 0.202344 0.470313 0.266406 0.470313 0.266406 0.504687 0.202344 0.504687
4 0.251903 0.404402 0.311838 0.364732 0.379968 0.467665 0.320032 0.507335
4 0.314063 0.364063 0.385937 0.364063 0.385937 0.487500 0.314063 0.487500
4 0.388162 0.364732 0.448097 0.404402 0.379968 0.507335 0.320032 0.467665
4 0.367528 0.404402 0.427463 0.364732 0.495593 0.467665 0.435657 0.507335
4 0.429688 0.364063 0.501563 0.364063 0.501563 0.487500 0.429688 0.487500
4 0.503787 0.364732 0.563722 0.404402 0.495593 0.507335 0.435657 0.467665
0 0.433594 0.470313 0.497656 0.470313 0.497656 0.504687 0.433594 0.504687
4 0.483153 0.404402 0.543088 0.364732 0.611218 0.467665 0.551282 0.507335
4 0.545312 0.364063 0.617188 0.364063 0.617188 0.487500 0.545312 0.487500
4 0.619412 0.364732 0.679347 0.404402 0.611218 0.507335 0.551282 0.467665
4 0.598778 0.404402 0.658713 0.364732 0.726843 0.467665 0.666907 0.507335
4 0.660937 0.364063 0.732812 0.364063 0.732812 0.487500 0.660937 0.487500
4 0.735037 0.364732 0.794972 0.404402 0.726843 0.507335 0.666907 0.467665
0 0.664844 0.470313 0.728906 0.470313 0.728906 0.504687 0.664844 0.504687
4 0.714403 0.404402 0.774338 0.364732 0.842468 0.467665 0.782532 0.507335
4 0.776563 0.364063 0.848437 0.364063 0.848437 0.487500 0.776563 0.487500
4 0.850662 0.364732 0.910597 0.404402 0.842468 0.507335 0.782532 0.467665
4 0.830028 0.404402 0.889963 0.364732 0.958093 0.467665 0.898157 0.507335
4 0.892188 0.364063 0.964063 0.364063 0.964063 0.487500 0.892188 0.487500
4 0.025000 0.498437 0.096875 0.498437 0.096875 0.621875 0.025000 0.621875
4 0.099099 0.499107 0.159035 0.538777 0.090905 0.641710 0.030970 0.602040
0 0.028906 0.604688 0.092969 0.604688 0.092969 0.639062 0.028906 0.639062
4 0.078465 0.538777 0.138401 0.499107 0.206530 0.602040 0.146595 0.641710
4 0.140625 0.498437 0.212500 0.498437 0.212500 0.621875 0.140625 0.621875
4 0.214724 0.499107 0.274660 0.538777 0.206530 0.641710 0.146595 0.602040
0 0.144531 0.604688 0.208594 0.604688 0.208594 0.639062 0.144531 0.639062
4 0.194090 0.538777 0.254026 0.499107 0.322155 0.602040 0.262220 0.641710
4 0.256250 0.498437 0.328125 0.498437 0.328125 0.621875 0.256250 0.621875
4 0.330349 0.499107 0.390285 0.538777 0.322155 0.641710 0.262220 0.602040
0 0.260156 0.604688 0.324219 0.604688 0.324219 0.639062 0.260156 0.639062
4 0.309715 0.538777 0.369651 0.499107 0.437780 0.602040 0.377845 0.641710
4 0.371875 0.498437 0.443750 0.498437 0.443750 0.621875 0.371875 0.621875
4 0.445974 0.499107 0.505910 0.538777 0.437780 0.641710 0.377845 0.602040
0 0.375781 0.604688 0.439844 0.604688 0.439844 0.639062 0.375781 0.639062
4 0.425340 0.538777 0.485276 0.499107 0.553405 0.602040 0.493470 0.641710
4 0.487500 0.498437 0.559375 0.498437 0.559375 0.621875 0.487500 0.621875
4 0.561599 0.499107 0.621535 0.538777 0.553405 0.641710 0.493470 0.602040
4 0.540965 0.538777 0.600901 0.499107 0.669030 0.602040 0.609095 0.641710
4 0.603125 0.498437 0.675000 0.498437 0.675000 0.621875 0.603125 0.621875
4 0.677224 0.499107 0.737160 0.538777 0.669030 0.641710 0.609095 0.602040
0 0.607031 0.604688 0.671094 0.604688 0.671094 0.639062 0.607031 0.639062
4 0.656590 0.538777 0.716526 0.499107 0.784655 0.602040 0.724720 0.641710
4 0.718750 0.498437 0.790625 0.498437 0.790625 0.621875 0.718750 0.621875
4 0.792849 0.499107 0.852785 0.538777 0.784655 0.641710 0.724720 0.602040
0 0.722656 0.604688 0.786719 0.604688 0.786719 0.639062 0.722656 0.639062
4 0.772215 0.538777 0.832151 0.499107 0.900280 0.602040 0.840345 0.641710
4 0.834375 0.498437 0.906250 0.498437 0.906250 0.621875 0.834375 0.621875
4 0.908474 0.499107 0.968410 0.538777 0.900280 0.641710 0.840345 0.602040
0 0.838281 0.604688 0.902344 0.604688 0.902344 0.639062 0.838281 0.639062
4 0.020653 0.673152 0.080588 0.633482 0.148718 0.736415 0.088782 0.776085
4 0.082812 0.632812 0.154688 0.632812 0.154688 0.756250 0.082812 0.756250
4 0.156912 0.633482 0.216847 0.673152 0.148718 0.776085 0.088782 0.736415
0 0.086719 0.739062 0.150781 0.739062 0.150781 0.773438 0.086719 0.773438
4 0.136278 0.673152 0.196213 0.633482 0.264343 0.736415 0.204407 0.776085
4 0.198437 0.632812 0.270313 0.632812 0.270313 0.756250 0.198437 0.756250
4 0.272537 0.633482 0.332472 0.673152 0.264343 0.776085 0.204407 0.736415
0 0.202344 0.739062 0.266406 0.739062 0.266406 0.773438 0.202344 0.773438
4 0.251903 0.673152 0.311838 0.633482 0.379968 0.736415 0.320032 0.776085
4 0.314063 0.632812 0.385937 0.632812 0.385937 0.756250 0.314063 0.756250
4 0.388162 0.633482 0.448097 0.673152 0.379968 0.776085 0.320032 0.736415
0 0.317969 0.739062 0.382031 0.739062 0.382031 0.773438 0.317969 0.773438
4 0.367528 0.673152 0.427463 0.633482 0.495593 0.736415 0.435657 0.776085
4 0.429688 0.632812 0.501563 0.632812 0.501563 0.756250 0.429688 0.756250
4 0.503787 0.633482 0.563722 0.673152 0.495593 0.776085 0.435657 0.736415
4 0.483153 0.673152 0.543088 0.633482 0.611218 0.736415 0.551282 0.776085
4 0.545312 0.632812 0.617188 0.632812 0.617188 0.756250 0.545312 0.756250
4 0.619412 0.633482 0.679347 0.673152 0.611218 0.776085 0.551282 0.736415
4 0.598778 0.673152 0.658713 0.633482 0.726843 0.736415 0.666907 0.776085
4 0.660937 0.632812 0.732812 0.632812 0.732812 0.756250 0.660937 0.756250
4 0.735037 0.633482 0.794972 0.673152 0.726843 0.776085 0.666907 0.736415
4 0.714403 0.673152 0.774338 0.633482 0.842468 0.736415 0.782532 0.776085
4 0.776563 0.632812 0.848437 0.632812 0.848437 0.756250 0.776563 0.756250
4 0.850662 0.633482 0.910597 0.673152 0.842468 0.776085 0.782532 0.736415
0 0.780469 0.739062 0.844531 0.739062 0.844531 0.773438 0.780469 0.773438
4 0.830028 0.673152 0.889963 0.633482 0.958093 0.736415 0.898157 0.776085
4 0.892188 0.632812 0.964063 0.632812 0.964063 0.756250 0.892188 0.756250
0 0.896094 0.739062 0.960156 0.739062 0.960156 0.773438 0.896094 0.773438
5 0.017188 0.067187 0.034375 0.067187 0.034375 0.084375 0.017188 0.084375
5 0.023438 0.201563 0.040625 0.201563 0.040625 0.218750 0.023438 0.218750
5 0.017188 0.335938 0.034375 0.335938 0.034375 0.353125 0.017188 0.353125
5 0.014063 0.470313 0.031250 0.470313 0.031250 0.487500 0.014063 0.487500
5 0.021875 0.604688 0.039062 0.604688 0.039062 0.621875 0.021875 0.621875
5 0.025000 0.739062 0.042188 0.739062 0.042188 0.756250 0.025000 0.756250