0 0.375781 0.048438 0.414844 0.048438 0.414844 0.123438 0.375781 0.123438
6 0.048438 0.134375 0.089063 0.134375 0.089063 0.178125 0.048438 0.178125
6 0.092188 0.134375 0.132812 0.134375 0.132812 0.178125 0.092188 0.178125
6 0.135937 0.134375 0.176563 0.134375 0.176563 0.178125 0.135937 0.178125
6 0.184375 0.134375 0.225000 0.134375 0.225000 0.178125 0.184375 0.178125
6 0.225000 0.134375 0.265625 0.134375 0.265625 0.178125 0.225000 0.178125
6 0.268750 0.134375 0.309375 0.134375 0.309375 0.178125 0.268750 0.178125
6 0.310937 0.134375 0.351562 0.134375 0.351562 0.178125 0.310937 0.178125
6 0.354687 0.134375 0.395313 0.134375 0.395313 0.178125 0.354687 0.178125
6 0.403125 0.134375 0.443750 0.134375 0.443750 0.178125 0.403125 0.178125
6 0.446875 0.134375 0.487500 0.134375 0.487500 0.178125 0.446875 0.178125
6 0.487500 0.134375 0.528125 0.134375 0.528125 0.178125 0.487500 0.178125
6 0.528125 0.134375 0.568750 0.134375 0.568750 0.178125 0.528125 0.178125
6 0.575000 0.134375 0.615625 0.134375 0.615625 0.178125 0.575000 0.178125
6 0.621875 0.134375 0.662500 0.134375 0.662500 0.178125 0.621875 0.178125
6 0.664062 0.134375 0.704688 0.134375 0.704688 0.178125 0.664062 0.178125
6 0.709375 0.134375 0.750000 0.134375 0.750000 0.178125 0.709375 0.178125
6 0.753125 0.134375 0.793750 0.134375 0.793750 0.178125 0.753125 0.178125
6 0.795312 0.134375 0.835938 0.134375 0.835938 0.178125 0.795312 0.178125
6 0.840625 0.134375 0.881250 0.134375 0.881250 0.178125 0.840625 0.178125
6 0.881250 0.134375 0.921875 0.134375 0.921875 0.178125 0.881250 0.178125
6 0.926562 0.134375 0.967187 0.134375 0.967187 0.178125 0.926562 0.178125
4 0.030612 0.168157 0.081281 0.112861 0.176897 0.200477 0.126228 0.255773
4 0.080101 0.113589 0.152256 0.093126 0.187640 0.217894 0.115485 0.238356
4 0.150869 0.093126 0.223024 0.113589 0.187640 0.238356 0.115485 0.217894
4 0.221844 0.112861 0.272513 0.168157 0.176897 0.255773 0.126228 0.200477
4 0.193112 0.168157 0.243781 0.112861 0.339397 0.200477 0.288728 0.255773
4 0.242601 0.113589 0.314756 0.093126 0.350140 0.217894 0.277985 0.238356
4 0.313369 0.093126 0.385524 0.113589 0.350140 0.238356 0.277985 0.217894
4 0.384344 0.112861 0.435013 0.168157 0.339397 0.255773 0.288728 0.200477
0 0.294531 0.190625 0.333594 0.190625 0.333594 0.265625 0.294531 0.265625
4 0.355612 0.168157 0.406281 0.112861 0.501897 0.200477 0.451228 0.255773
4 0.405101 0.113589 0.477256 0.093126 0.512640 0.217894 0.440485 0.238356
4 0.475869 0.093126 0.548024 0.113589 0.512640 0.238356 0.440485 0.217894
4 0.546844 0.112861 0.597513 0.168157 0.501897 0.255773 0.451228 0.200477
0 0.457031 0.190625 0.496094 0.190625 0.496094 0.265625 0.457031 0.265625
4 0.518112 0.168157 0.568781 0.112861 0.664397 0.200477 0.613728 0.255773
4 0.567601 0.113589 0.639756 0.093126 0.675140 0.217894 0.602985 0.238356
4 0.638369 0.093126 0.710524 0.113589 0.675140 0.238356 0.602985 0.217894
4 0.709344 0.112861 0.760013 0.168157 0.664397 0.255773 0.613728 0.200477
0 0.619531 0.190625 0.658594 0.190625 0.658594 0.265625 0.619531 0.265625
4 0.680612 0.168157 0.731281 0.112861 0.826897 0.200477 0.776228 0.255773
4 0.730101 0.113589 0.802256 0.093126 0.837640 0.217894 0.765485 0.238356
4 0.800869 0.093126 0.873024 0.113589 0.837640 0.238356 0.765485 0.217894
4 0.871844 0.112861 0.922513 0.168157 0.826897 0.255773 0.776228 0.200477
0 0.782031 0.190625 0.821094 0.190625 0.821094 0.265625 0.782031 0.265625
4 0.843112 0.168157 0.893781 0.112861 0.989397 0.200477 0.938728 0.255773
4 0.892601 0.113589 0.964756 0.093126 1.000140 0.217894 0.927985 0.238356
0 0.944531 0.190625 0.983594 0.190625 0.983594 0.265625 0.944531 0.265625
6 0.048438 0.276562 0.089063 0.276562 0.089063 0.320312 0.048438 0.320312
6 0.092188 0.276562 0.132812 0.276562 0.132812 0.320312 0.092188 0.320312
6 0.134375 0.276562 0.175000 0.276562 0.175000 0.320312 0.134375 0.320312
6 0.175000 0.276562 0.215625 0.276562 0.215625 0.320312 0.175000 0.320312
6 0.215625 0.276562 0.256250 0.276562 0.256250 0.320312 0.215625 0.320312
6 0.260937 0.276562 0.301563 0.276562 0.301563 0.320312 0.260937 0.320312
6 0.301563 0.276562 0.342187 0.276562 0.342187 0.320312 0.301563 0.320312
6 0.348438 0.276562 0.389062 0.276562 0.389062 0.320312 0.348438 0.320312
6 0.384375 0.276562 0.425000 0.276562 0.425000 0.320312 0.384375 0.320312
6 0.429688 0.276562 0.470313 0.276562 0.470313 0.320312 0.429688 0.320312
6 0.473438 0.276562 0.514062 0.276562 0.514062 0.320312 0.473438 0.320312
6 0.510938 0.276562 0.551562 0.276562 0.551562 0.320312 0.510938 0.320312
6 0.559375 0.276562 0.600000 0.276562 0.600000 0.320312 0.559375 0.320312
6 0.601562 0.276562 0.642188 0.276562 0.642188 0.320312 0.601562 0.320312
6 0.639062 0.276562 0.679688 0.276562 0.679688 0.320312 0.639062 0.320312
6 0.685937 0.276562 0.726562 0.276562 0.726562 0.320312 0.685937 0.320312
6 0.726562 0.276562 0.767188 0.276562 0.767188 0.320312 0.726562 0.320312
6 0.765625 0.276562 0.806250 0.276562 0.806250 0.320312 0.765625 0.320312
6 0.812500 0.276562 0.853125 0.276562 0.853125 0.320312 0.812500 0.320312
6 0.851562 0.276562 0.892188 0.276562 0.892188 0.320312 0.851562 0.320312
6 0.890625 0.276562 0.931250 0.276562 0.931250 0.320312 0.890625 0.320312
6 0.937500 0.276562 0.978125 0.276562 0.978125 0.320312 0.937500 0.320312
4 -0.001149 0.255777 0.071006 0.235314 0.106390 0.360081 0.034235 0.380544
4 0.069619 0.235314 0.141774 0.255777 0.106390 0.380544 0.034235 0.360081
4 0.140594 0.255049 0.191263 0.310345 0.095647 0.397960 0.044978 0.342665
0 0.050781 0.332813 0.089844 0.332813 0.089844 0.407813 0.050781 0.407813
4 0.111862 0.310345 0.162531 0.255049 0.258147 0.342665 0.207478 0.397960
4 0.161351 0.255777 0.233506 0.235314 0.268890 0.360081 0.196735 0.380544
4 0.232119 0.235314 0.304274 0.255777 0.268890 0.380544 0.196735 0.360081
4 0.303094 0.255049 0.353763 0.310345 0.258147 0.397960 0.207478 0.342665
4 0.274362 0.310345 0.325031 0.255049 0.420647 0.342665 0.369978 0.397960
4 0.323851 0.255777 0.396006 0.235314 0.431390 0.360081 0.359235 0.380544
4 0.394619 0.235314 0.466774 0.255777 0.431390 0.380544 0.359235 0.360081
4 0.465594 0.255049 0.516263 0.310345 0.420647 0.397960 0.369978 0.342665
4 0.436862 0.310345 0.487531 0.255049 0.583147 0.342665 0.532478 0.397960
4 0.486351 0.255777 0.558506 0.235314 0.593890 0.360081 0.521735 0.380544
4 0.557119 0.235314 0.629274 0.255777 0.593890 0.380544 0.521735 0.360081
4 0.628094 0.255049 0.678763 0.310345 0.583147 0.397960 0.532478 0.342665
0 0.538281 0.332813 0.577344 0.332813 0.577344 0.407813 0.538281 0.407813
4 0.599362 0.310345 0.650031 0.255049 0.745647 0.342665 0.694978 0.397960
4 0.648851 0.255777 0.721006 0.235314 0.756390 0.360081 0.684235 0.380544
4 0.719619 0.235314 0.791774 0.255777 0.756390 0.380544 0.684235 0.360081
4 0.790594 0.255049 0.841263 0.310345 0.745647 0.397960 0.694978 0.342665
0 0.700781 0.332813 0.739844 0.332813 0.739844 0.407813 0.700781 0.407813
4 0.761862 0.310345 0.812531 0.255049 0.908147 0.342665 0.857478 0.397960
4 0.811351 0.255777 0.883506 0.235314 0.918890 0.360081 0.846735 0.380544
4 0.882119 0.235314 0.954274 0.255777 0.918890 0.380544 0.846735 0.360081
0 0.863281 0.332813 0.902344 0.332813 0.902344 0.407813 0.863281 0.407813
6 0.053125 0.418750 0.093750 0.418750 0.093750 0.462500 0.053125 0.462500
6 0.089063 0.418750 0.129688 0.418750 0.129688 0.462500 0.089063 0.462500
6 0.123438 0.418750 0.164062 0.418750 0.164062 0.462500 0.123438 0.462500
6 0.162500 0.418750 0.203125 0.418750 0.203125 0.462500 0.162500 0.462500
6 0.203125 0.418750 0.243750 0.418750 0.243750 0.462500 0.203125 0.462500
6 0.240625 0.418750 0.281250 0.418750 0.281250 0.462500 0.240625 0.462500
6 0.278125 0.418750 0.318750 0.418750 0.318750 0.462500 0.278125 0.462500
6 0.310937 0.418750 0.351562 0.418750 0.351562 0.462500 0.310937 0.462500
6 0.348438 0.418750 0.389062 0.418750 0.389062 0.462500 0.348438 0.462500
6 0.387500 0.418750 0.428125 0.418750 0.428125 0.462500 0.387500 0.462500
6 0.426563 0.418750 0.467187 0.418750 0.467187 0.462500 0.426563 0.462500
6 0.460938 0.418750 0.501563 0.418750 0.501563 0.462500 0.460938 0.462500
6 0.496875 0.418750 0.537500 0.418750 0.537500 0.462500 0.496875 0.462500
6 0.535937 0.418750 0.576562 0.418750 0.576562 0.462500 0.535937 0.462500
6 0.573438 0.418750 0.614062 0.418750 0.614062 0.462500 0.573438 0.462500
6 0.615625 0.418750 0.656250 0.418750 0.656250 0.462500 0.615625 0.462500
6 0.646875 0.418750 0.687500 0.418750 0.687500 0.462500 0.646875 0.462500
6 0.689063 0.418750 0.729688 0.418750 0.729688 0.462500 0.689063 0.462500
6 0.721875 0.418750 0.762500 0.418750 0.762500 0.462500 0.721875 0.462500
6 0.764062 0.418750 0.804688 0.418750 0.804688 0.462500 0.764062 0.462500
6 0.800000 0.418750 0.840625 0.418750 0.840625 0.462500 0.800000 0.462500
6 0.840625 0.418750 0.881250 0.418750 0.881250 0.462500 0.840625 0.462500
6 0.875000 0.418750 0.915625 0.418750 0.915625 0.462500 0.875000 0.462500
6 0.910937 0.418750 0.951562 0.418750 0.951562 0.462500 0.910937 0.462500
4 0.030612 0.452532 0.081281 0.397236 0.176897 0.484852 0.126228 0.540148
4 0.080101 0.397964 0.152256 0.377501 0.187640 0.502269 0.115485 0.522731
4 0.150869 0.377501 0.223024 0.397964 0.187640 0.522731 0.115485 0.502269
4 0.221844 0.397236 0.272513 0.452532 0.176897 0.540148 0.126228 0.484852
0 0.132031 0.475000 0.171094 0.475000 0.171094 0.550000 0.132031 0.550000
4 0.193112 0.452532 0.243781 0.397236 0.339397 0.484852 0.288728 0.540148
4 0.242601 0.397964 0.314756 0.377501 0.350140 0.502269 0.277985 0.522731
4 0.313369 0.377501 0.385524 0.397964 0.350140 0.522731 0.277985 0.502269
4 0.384344 0.397236 0.435013 0.452532 0.339397 0.540148 0.288728 0.484852
4 0.355612 0.452532 0.406281 0.397236 0.501897 0.484852 0.451228 0.540148
4 0.405101 0.397964 0.477256 0.377501 0.512640 0.502269 0.440485 0.522731
4 0.475869 0.377501 0.548024 0.397964 0.512640 0.522731 0.440485 0.502269
4 0.546844 0.397236 0.597513 0.452532 0.501897 0.540148 0.451228 0.484852
0 0.457031 0.475000 0.496094 0.475000 0.496094 0.550000 0.457031 0.550000
4 0.518112 0.452532 0.568781 0.397236 0.664397 0.484852 0.613728 0.540148
4 0.567601 0.397964 0.639756 0.377501 0.675140 0.502269 0.602985 0.522731
4 0.638369 0.377501 0.710524 0.397964 0.675140 0.522731 0.602985 0.502269
4 0.709344 0.397236 0.760013 0.452532 0.664397 0.540148 0.613728 0.484852
0 0.619531 0.475000 0.658594 0.475000 0.658594 0.550000 0.619531 0.550000
4 0.680612 0.452532 0.731281 0.397236 0.826897 0.484852 0.776228 0.540148
4 0.730101 0.397964 0.802256 0.377501 0.837640 0.502269 0.765485 0.522731
4 0.800869 0.377501 0.873024 0.397964 0.837640 0.522731 0.765485 0.502269
4 0.871844 0.397236 0.922513 0.452532 0.826897 0.540148 0.776228 0.484852
4 0.843112 0.452532 0.893781 0.397236 0.989397 0.484852 0.938728 0.540148
4 0.892601 0.397964 0.964756 0.377501 1.000140 0.502269 0.927985 0.522731
0 0.944531 0.475000 0.983594 0.475000 0.983594 0.550000 0.944531 0.550000
6 0.053125 0.560937 0.093750 0.560937 0.093750 0.604688 0.053125 0.604688
6 0.090625 0.560937 0.131250 0.560937 0.131250 0.604688 0.090625 0.604688
6 0.140625 0.560937 0.181250 0.560937 0.181250 0.604688 0.140625 0.604688
6 0.181250 0.560937 0.221875 0.560937 0.221875 0.604688 0.181250 0.604688
6 0.226562 0.560937 0.267188 0.560937 0.267188 0.604688 0.226562 0.604688
6 0.271875 0.560937 0.312500 0.560937 0.312500 0.604688 0.271875 0.604688
6 0.315625 0.560937 0.356250 0.560937 0.356250 0.604688 0.315625 0.604688
6 0.356250 0.560937 0.396875 0.560937 0.396875 0.604688 0.356250 0.604688
6 0.396875 0.560937 0.437500 0.560937 0.437500 0.604688 0.396875 0.604688
6 0.443750 0.560937 0.484375 0.560937 0.484375 0.604688 0.443750 0.604688
6 0.490625 0.560937 0.531250 0.560937 0.531250 0.604688 0.490625 0.604688
6 0.529687 0.560937 0.570312 0.560937 0.570312 0.604688 0.529687 0.604688
6 0.573438 0.560937 0.614062 0.560937 0.614062 0.604688 0.573438 0.604688
6 0.621875 0.560937 0.662500 0.560937 0.662500 0.604688 0.621875 0.604688
6 0.659375 0.560937 0.700000 0.560937 0.700000 0.604688 0.659375 0.604688
6 0.709375 0.560937 0.750000 0.560937 0.750000 0.604688 0.709375 0.604688
6 0.748437 0.560937 0.789062 0.560937 0.789062 0.604688 0.748437 0.604688
6 0.795312 0.560937 0.835938 0.560937 0.835938 0.604688 0.795312 0.604688
6 0.840625 0.560937 0.881250 0.560937 0.881250 0.604688 0.840625 0.604688
6 0.884375 0.560937 0.925000 0.560937 0.925000 0.604688 0.884375 0.604688
6 0.926562 0.560937 0.967187 0.560937 0.967187 0.604688 0.926562 0.604688
4 -0.001149 0.540152 0.071006 0.519689 0.106390 0.644456 0.034235 0.664919
4 0.069619 0.519689 0.141774 0.540152 0.106390 0.664919 0.034235 0.644456
4 0.140594 0.539424 0.191263 0.594720 0.095647 0.682335 0.044978 0.627040
0 0.050781 0.617188 0.089844 0.617188 0.089844 0.692187 0.050781 0.692187
4 0.111862 0.594720 0.162531 0.539424 0.258147 0.627040 0.207478 0.682335
4 0.161351 0.540152 0.233506 0.519689 0.268890 0.644456 0.196735 0.664919
4 0.232119 0.519689 0.304274 0.540152 0.268890 0.664919 0.196735 0.644456
4 0.303094 0.539424 0.353763 0.594720 0.258147 0.682335 0.207478 0.627040
0 0.213281 0.617188 0.252344 0.617188 0.252344 0.692187 0.213281 0.692187
4 0.274362 0.594720 0.325031 0.539424 0.420647 0.627040 0.369978 0.682335
4 0.323851 0.540152 0.396006 0.519689 0.431390 0.644456 0.359235 0.664919
4 0.394619 0.519689 0.466774 0.540152 0.431390 0.664919 0.359235 0.644456
4 0.465594 0.539424 0.516263 0.594720 0.420647 0.682335 0.369978 0.627040
0 0.375781 0.617188 0.414844 0.617188 0.414844 0.692187 0.375781 0.692187
4 0.436862 0.594720 0.487531 0.539424 0.583147 0.627040 0.532478 0.682335
4 0.486351 0.540152 0.558506 0.519689 0.593890 0.644456 0.521735 0.664919
4 0.557119 0.519689 0.629274 0.540152 0.593890 0.664919 0.521735 0.644456
4 0.628094 0.539424 0.678763 0.594720 0.583147 0.682335 0.532478 0.627040
0 0.538281 0.617188 0.577344 0.617188 0.577344 0.692187 0.538281 0.692187
4 0.599362 0.594720 0.650031 0.539424 0.745647 0.627040 0.694978 0.682335
4 0.648851 0.540152 0.721006 0.519689 0.756390 0.644456 0.684235 0.664919
4 0.719619 0.519689 0.791774 0.540152 0.756390 0.664919 0.684235 0.644456
4 0.790594 0.539424 0.841263 0.594720 0.745647 0.682335 0.694978 0.627040
0 0.700781 0.617188 0.739844 0.617188 0.739844 0.692187 0.700781 0.692187
4 0.761862 0.594720 0.812531 0.539424 0.908147 0.627040 0.857478 0.682335
4 0.811351 0.540152 0.883506 0.519689 0.918890 0.644456 0.846735 0.664919
4 0.882119 0.519689 0.954274 0.540152 0.918890 0.664919 0.846735 0.644456
0 0.863281 0.617188 0.902344 0.617188 0.902344 0.692187 0.863281 0.692187
6 0.053125 0.703125 0.093750 0.703125 0.093750 0.746875 0.053125 0.746875
6 0.093750 0.703125 0.134375 0.703125 0.134375 0.746875 0.093750 0.746875
6 0.137500 0.703125 0.178125 0.703125 0.178125 0.746875 0.137500 0.746875
6 0.173437 0.703125 0.214062 0.703125 0.214062 0.746875 0.173437 0.746875
6 0.215625 0.703125 0.256250 0.703125 0.256250 0.746875 0.215625 0.746875
6 0.260937 0.703125 0.301563 0.703125 0.301563 0.746875 0.260937 0.746875
6 0.304688 0.703125 0.345313 0.703125 0.345313 0.746875 0.304688 0.746875
6 0.343750 0.703125 0.384375 0.703125 0.384375 0.746875 0.343750 0.746875
6 0.390625 0.703125 0.431250 0.703125 0.431250 0.746875 0.390625 0.746875
6 0.432812 0.703125 0.473438 0.703125 0.473438 0.746875 0.432812 0.746875
6 0.470313 0.703125 0.510938 0.703125 0.510938 0.746875 0.470313 0.746875
6 0.510938 0.703125 0.551562 0.703125 0.551562 0.746875 0.510938 0.746875
6 0.556250 0.703125 0.596875 0.703125 0.596875 0.746875 0.556250 0.746875
6 0.600000 0.703125 0.640625 0.703125 0.640625 0.746875 0.600000 0.746875
6 0.637500 0.703125 0.678125 0.703125 0.678125 0.746875 0.637500 0.746875
6 0.684375 0.703125 0.725000 0.703125 0.725000 0.746875 0.684375 0.746875
6 0.725000 0.703125 0.765625 0.703125 0.765625 0.746875 0.725000 0.746875
6 0.770312 0.703125 0.810937 0.703125 0.810937 0.746875 0.770312 0.746875
6 0.809375 0.703125 0.850000 0.703125 0.850000 0.746875 0.809375 0.746875
6 0.848437 0.703125 0.889062 0.703125 0.889062 0.746875 0.848437 0.746875
6 0.896875 0.703125 0.937500 0.703125 0.937500 0.746875 0.896875 0.746875
6 0.935937 0.703125 0.976562 0.703125 0.976562 0.746875 0.935937 0.746875
4 0.030612 0.736907 0.081281 0.681611 0.176897 0.769227 0.126228 0.824523
4 0.080101 0.682339 0.152256 0.661876 0.187640 0.786644 0.115485 0.807106
4 0.150869 0.661876 0.223024 0.682339 0.187640 0.807106 0.115485 0.786644
4 0.221844 0.681611 0.272513 0.736907 0.176897 0.824523 0.126228 0.769227
0 0.132031 0.759375 0.171094 0.759375 0.171094 0.834375 0.132031 0.834375
4 0.193112 0.736907 0.243781 0.681611 0.339397 0.769227 0.288728 0.824523
4 0.242601 0.682339 0.314756 0.661876 0.350140 0.786644 0.277985 0.807106
4 0.313369 0.661876 0.385524 0.682339 0.350140 0.807106 0.277985 0.786644
4 0.384344 0.681611 0.435013 0.736907 0.339397 0.824523 0.288728 0.769227
0 0.294531 0.759375 0.333594 0.759375 0.333594 0.834375 0.294531 0.834375
4 0.355612 0.736907 0.406281 0.681611 0.501897 0.769227 0.451228 0.824523
4 0.405101 0.682339 0.477256 0.661876 0.512640 0.786644 0.440485 0.807106
4 0.475869 0.661876 0.548024 0.682339 0.512640 0.807106 0.440485 0.786644
4 0.546844 0.681611 0.597513 0.736907 0.501897 0.824523 0.451228 0.769227
0 0.457031 0.759375 0.496094 0.759375 0.496094 0.834375 0.457031 0.834375
4 0.518112 0.736907 0.568781 0.681611 0.664397 0.769227 0.613728 0.824523
4 0.567601 0.682339 0.639756 0.661876 0.675140 0.786644 0.602985 0.807106
4 0.638369 0.661876 0.710524 0.682339 0.675140 0.807106 0.602985 0.786644
4 0.709344 0.681611 0.760013 0.736907 0.664397 0.824523 0.613728 0.769227
0 0.619531 0.759375 0.658594 0.759375 0.658594 0.834375 0.619531 0.834375
4 0.680612 0.736907 0.731281 0.681611 0.826897 0.769227 0.776228 0.824523
4 0.730101 0.682339 0.802256 0.661876 0.837640 0.786644 0.765485 0.807106
4 0.800869 0.661876 0.873024 0.682339 0.837640 0.807106 0.765485 0.786644
4 0.871844 0.681611 0.922513 0.736907 0.826897 0.824523 0.776228 0.769227
0 0.782031 0.759375 0.821094 0.759375 0.821094 0.834375 0.782031 0.834375
4 0.843112 0.736907 0.893781 0.681611 0.989397 0.769227 0.938728 0.824523
4 0.892601 0.682339 0.964756 0.661876 1.000140 0.786644 0.927985 0.807106
0 0.944531 0.759375 0.983594 0.759375 0.983594 0.834375 0.944531 0.834375
5 0.031250 0.071875 0.045312 0.071875 0.045312 0.085938 0.031250 0.085938
5 0.007812 0.214062 0.021875 0.214062 0.021875 0.228125 0.007812 0.228125
5 0.014063 0.498437 0.028125 0.498437 0.028125 0.512500 0.014063 0.512500
5 0.025000 0.640625 0.039062 0.640625 0.039062 0.654687 0.025000 0.654687
5 0.014063 0.782813 0.028125 0.782813 0.028125 0.796875 0.014063 0.796875