0 0.023438 0.888281 0.054688 0.888281 0.054688 0.949219 0.023438 0.949219
0 0.054688 0.888281 0.085938 0.888281 0.085938 0.949219 0.054688 0.949219
0 0.085938 0.888281 0.117188 0.888281 0.117188 0.949219 0.085938 0.949219
0 0.117188 0.888281 0.148438 0.888281 0.148438 0.949219 0.117188 0.949219
0 0.148438 0.888281 0.179688 0.888281 0.179688 0.949219 0.148438 0.949219
0 0.179688 0.888281 0.210938 0.888281 0.210938 0.949219 0.179688 0.949219
0 0.210938 0.888281 0.242188 0.888281 0.242188 0.949219 0.210938 0.949219
0 0.242188 0.888281 0.273438 0.888281 0.273438 0.949219 0.242188 0.949219
0 0.273438 0.888281 0.304688 0.888281 0.304688 0.949219 0.273438 0.949219
0 0.304688 0.888281 0.335938 0.888281 0.335938 0.949219 0.304688 0.949219
0 0.335938 0.888281 0.367188 0.888281 0.367188 0.949219 0.335938 0.949219
0 0.367188 0.888281 0.398438 0.888281 0.398438 0.949219 0.367188 0.949219
0 0.398438 0.888281 0.429688 0.888281 0.429688 0.949219 0.398438 0.949219
0 0.429688 0.888281 0.460938 0.888281 0.460938 0.949219 0.429688 0.949219
0 0.460938 0.888281 0.492188 0.888281 0.492188 0.949219 0.460938 0.949219
0 0.492188 0.888281 0.523438 0.888281 0.523438 0.949219 0.492188 0.949219
0 0.523438 0.888281 0.554688 0.888281 0.554688 0.949219 0.523438 0.949219
0 0.554688 0.888281 0.585938 0.888281 0.585938 0.949219 0.554688 0.949219
0 0.585938 0.888281 0.617188 0.888281 0.617188 0.949219 0.585938 0.949219
0 0.617188 0.888281 0.648438 0.888281 0.648438 0.949219 0.617188 0.949219
0 0.648438 0.888281 0.679688 0.888281 0.679688 0.949219 0.648438 0.949219
0 0.679688 0.888281 0.710938 0.888281 0.710938 0.949219 0.679688 0.949219
0 0.710938 0.888281 0.742188 0.888281 0.742188 0.949219 0.710938 0.949219
0 0.742188 0.888281 0.773438 0.888281 0.773438 0.949219 0.742188 0.949219
0 0.773438 0.888281 0.804688 0.888281 0.804688 0.949219 0.773438 0.949219
0 0.804688 0.888281 0.835938 0.888281 0.835938 0.949219 0.804688 0.949219
0 0.835938 0.888281 0.867188 0.888281 0.867188 0.949219 0.835938 0.949219
0 0.867188 0.888281 0.898438 0.888281 0.898438 0.949219 0.867188 0.949219
0 0.898438 0.888281 0.929688 0.888281 0.929688 0.949219 0.898438 0.949219
6 0.021875 0.810156 0.059375 0.810156 0.059375 0.883594 0.021875 0.883594
6 0.057813 0.810156 0.095312 0.810156 0.095312 0.883594 0.057813 0.883594
6 0.093750 0.810156 0.131250 0.810156 0.131250 0.883594 0.093750 0.883594
6 0.128125 0.810156 0.165625 0.810156 0.165625 0.883594 0.128125 0.883594
6 0.162500 0.810156 0.200000 0.810156 0.200000 0.883594 0.162500 0.883594
6 0.196875 0.810156 0.234375 0.810156 0.234375 0.883594 0.196875 0.883594
6 0.237500 0.810156 0.275000 0.810156 0.275000 0.883594 0.237500 0.883594
6 0.273438 0.810156 0.310937 0.810156 0.310937 0.883594 0.273438 0.883594
6 0.306250 0.810156 0.343750 0.810156 0.343750 0.883594 0.306250 0.883594
6 0.342187 0.810156 0.379688 0.810156 0.379688 0.883594 0.342187 0.883594
6 0.381250 0.810156 0.418750 0.810156 0.418750 0.883594 0.381250 0.883594
6 0.412500 0.810156 0.450000 0.810156 0.450000 0.883594 0.412500 0.883594
6 0.450000 0.810156 0.487500 0.810156 0.487500 0.883594 0.450000 0.883594
6 0.487500 0.810156 0.525000 0.810156 0.525000 0.883594 0.487500 0.883594
6 0.521875 0.810156 0.559375 0.810156 0.559375 0.883594 0.521875 0.883594
6 0.562500 0.810156 0.600000 0.810156 0.600000 0.883594 0.562500 0.883594
6 0.596875 0.810156 0.634375 0.810156 0.634375 0.883594 0.596875 0.883594
6 0.632812 0.810156 0.670312 0.810156 0.670312 0.883594 0.632812 0.883594
6 0.668750 0.810156 0.706250 0.810156 0.706250 0.883594 0.668750 0.883594
6 0.701562 0.810156 0.739062 0.810156 0.739062 0.883594 0.701562 0.883594
6 0.739062 0.810156 0.776563 0.810156 0.776563 0.883594 0.739062 0.883594
6 0.778125 0.810156 0.815625 0.810156 0.815625 0.883594 0.778125 0.883594
6 0.809375 0.810156 0.846875 0.810156 0.846875 0.883594 0.809375 0.883594
6 0.845313 0.810156 0.882812 0.810156 0.882812 0.883594 0.845313 0.883594
6 0.885938 0.810156 0.923438 0.810156 0.923438 0.883594 0.885938 0.883594
0 0.023438 0.742969 0.054688 0.742969 0.054688 0.803906 0.023438 0.803906
0 0.053125 0.742969 0.084375 0.742969 0.084375 0.803906 0.053125 0.803906
0 0.082812 0.742969 0.114062 0.742969 0.114062 0.803906 0.082812 0.803906
0 0.112500 0.742969 0.143750 0.742969 0.143750 0.803906 0.112500 0.803906
0 0.142187 0.742969 0.173437 0.742969 0.173437 0.803906 0.142187 0.803906
0 0.171875 0.742969 0.203125 0.742969 0.203125 0.803906 0.171875 0.803906
0 0.201563 0.742969 0.232813 0.742969 0.232813 0.803906 0.201563 0.803906
0 0.231250 0.742969 0.262500 0.742969 0.262500 0.803906 0.231250 0.803906
0 0.260937 0.742969 0.292187 0.742969 0.292187 0.803906 0.260937 0.803906
0 0.290625 0.742969 0.321875 0.742969 0.321875 0.803906 0.290625 0.803906
0 0.320312 0.742969 0.351562 0.742969 0.351562 0.803906 0.320312 0.803906
0 0.350000 0.742969 0.381250 0.742969 0.381250 0.803906 0.350000 0.803906
0 0.379688 0.742969 0.410938 0.742969 0.410938 0.803906 0.379688 0.803906
0 0.409375 0.742969 0.440625 0.742969 0.440625 0.803906 0.409375 0.803906
0 0.439063 0.742969 0.470313 0.742969 0.470313 0.803906 0.439063 0.803906
0 0.468750 0.742969 0.500000 0.742969 0.500000 0.803906 0.468750 0.803906
0 0.498437 0.742969 0.529687 0.742969 0.529687 0.803906 0.498437 0.803906
0 0.528125 0.742969 0.559375 0.742969 0.559375 0.803906 0.528125 0.803906
0 0.557813 0.742969 0.589063 0.742969 0.589063 0.803906 0.557813 0.803906
0 0.587500 0.742969 0.618750 0.742969 0.618750 0.803906 0.587500 0.803906
0 0.617188 0.742969 0.648438 0.742969 0.648438 0.803906 0.617188 0.803906
0 0.646875 0.742969 0.678125 0.742969 0.678125 0.803906 0.646875 0.803906
0 0.676562 0.742969 0.707812 0.742969 0.707812 0.803906 0.676562 0.803906
0 0.706250 0.742969 0.737500 0.742969 0.737500 0.803906 0.706250 0.803906
0 0.735938 0.742969 0.767188 0.742969 0.767188 0.803906 0.735938 0.803906
0 0.765625 0.742969 0.796875 0.742969 0.796875 0.803906 0.765625 0.803906
0 0.795312 0.742969 0.826562 0.742969 0.826562 0.803906 0.795312 0.803906
0 0.825000 0.742969 0.856250 0.742969 0.856250 0.803906 0.825000 0.803906
0 0.854688 0.742969 0.885938 0.742969 0.885938 0.803906 0.854688 0.803906
0 0.884375 0.742969 0.915625 0.742969 0.915625 0.803906 0.884375 0.803906
0 0.914062 0.742969 0.945312 0.742969 0.945312 0.803906 0.914062 0.803906
7 0.114382 0.486612 0.189252 0.528799 0.076497 0.728906 0.001628 0.686719
7 0.184220 0.524695 0.240600 0.589553 0.067253 0.740241 0.010872 0.675384
7 0.114088 0.589553 0.170468 0.524695 0.343815 0.675384 0.287435 0.740241
7 0.165436 0.528799 0.240306 0.486612 0.353060 0.686719 0.278190 0.728906
7 0.234188 0.488790 0.318872 0.474163 0.357967 0.700499 0.273283 0.715126
7 0.312378 0.474163 0.397062 0.488790 0.357967 0.715126 0.273283 0.700499
7 0.390944 0.486612 0.465814 0.528799 0.353060 0.728906 0.278190 0.686719
7 0.460782 0.524695 0.517162 0.589553 0.343815 0.740241 0.287435 0.675384
7 0.390650 0.589553 0.447030 0.524695 0.620378 0.675384 0.563997 0.740241
7 0.441998 0.528799 0.516868 0.486612 0.629622 0.686719 0.554753 0.728906
7 0.510751 0.488790 0.595434 0.474163 0.634529 0.700499 0.549846 0.715126
7 0.588941 0.474163 0.673624 0.488790 0.634529 0.715126 0.549846 0.700499
7 0.667507 0.486612 0.742377 0.528799 0.629622 0.728906 0.554753 0.686719
7 0.737345 0.524695 0.793725 0.589553 0.620378 0.740241 0.563997 0.675384
6 0.017188 0.441406 0.054688 0.441406 0.054688 0.514844 0.017188 0.514844
6 0.051562 0.441406 0.089063 0.441406 0.089063 0.514844 0.051562 0.514844
6 0.085938 0.441406 0.123438 0.441406 0.123438 0.514844 0.085938 0.514844
6 0.117188 0.441406 0.154688 0.441406 0.154688 0.514844 0.117188 0.514844
6 0.146875 0.441406 0.184375 0.441406 0.184375 0.514844 0.146875 0.514844
6 0.179688 0.441406 0.217188 0.441406 0.217188 0.514844 0.179688 0.514844
6 0.206250 0.441406 0.243750 0.441406 0.243750 0.514844 0.206250 0.514844
6 0.237500 0.441406 0.275000 0.441406 0.275000 0.514844 0.237500 0.514844
6 0.267188 0.441406 0.304688 0.441406 0.304688 0.514844 0.267188 0.514844
6 0.301563 0.441406 0.339062 0.441406 0.339062 0.514844 0.301563 0.514844
6 0.332813 0.441406 0.370312 0.441406 0.370312 0.514844 0.332813 0.514844
6 0.362500 0.441406 0.400000 0.441406 0.400000 0.514844 0.362500 0.514844
6 0.395313 0.441406 0.432812 0.441406 0.432812 0.514844 0.395313 0.514844
6 0.423438 0.441406 0.460938 0.441406 0.460938 0.514844 0.423438 0.514844
6 0.457813 0.441406 0.495312 0.441406 0.495312 0.514844 0.457813 0.514844
6 0.485938 0.441406 0.523438 0.441406 0.523438 0.514844 0.485938 0.514844
6 0.523438 0.441406 0.560937 0.441406 0.560937 0.514844 0.523438 0.514844
6 0.554688 0.441406 0.592187 0.441406 0.592187 0.514844 0.554688 0.514844
6 0.581250 0.441406 0.618750 0.441406 0.618750 0.514844 0.581250 0.514844
6 0.615625 0.441406 0.653125 0.441406 0.653125 0.514844 0.615625 0.514844
6 0.643750 0.441406 0.681250 0.441406 0.681250 0.514844 0.643750 0.514844
6 0.679688 0.441406 0.717187 0.441406 0.717187 0.514844 0.679688 0.514844
6 0.709375 0.441406 0.746875 0.441406 0.746875 0.514844 0.709375 0.514844
6 0.735938 0.441406 0.773438 0.441406 0.773438 0.514844 0.735938 0.514844
6 0.770312 0.441406 0.807813 0.441406 0.807813 0.514844 0.770312 0.514844
6 0.804688 0.441406 0.842187 0.441406 0.842187 0.514844 0.804688 0.514844
6 0.834375 0.441406 0.871875 0.441406 0.871875 0.514844 0.834375 0.514844
6 0.865625 0.441406 0.903125 0.441406 0.903125 0.514844 0.865625 0.514844
6 0.895312 0.441406 0.932813 0.441406 0.932813 0.514844 0.895312 0.514844
7 0.035032 0.199520 0.116763 0.172964 0.187741 0.391409 0.106009 0.417966
7 0.103906 0.175000 0.189844 0.175000 0.189844 0.404687 0.103906 0.404687
7 0.176987 0.172964 0.258718 0.199520 0.187741 0.417966 0.106009 0.391409
7 0.247119 0.193610 0.316644 0.244123 0.181637 0.429944 0.112113 0.379431
7 0.192731 0.244123 0.262256 0.193610 0.397262 0.379431 0.327738 0.429944
7 0.250657 0.199520 0.332388 0.172964 0.403366 0.391409 0.321634 0.417966
7 0.319531 0.175000 0.405469 0.175000 0.405469 0.404687 0.319531 0.404687
7 0.392612 0.172964 0.474343 0.199520 0.403366 0.417966 0.321634 0.391409
7 0.462744 0.193610 0.532269 0.244123 0.397262 0.429944 0.327738 0.379431
7 0.408356 0.244123 0.477881 0.193610 0.612887 0.379431 0.543363 0.429944
7 0.466282 0.199520 0.548013 0.172964 0.618991 0.391409 0.537259 0.417966
7 0.535156 0.175000 0.621094 0.175000 0.621094 0.404687 0.535156 0.404687
7 0.608237 0.172964 0.689968 0.199520 0.618991 0.417966 0.537259 0.391409
7 0.678369 0.193610 0.747894 0.244123 0.612887 0.429944 0.543363 0.379431
7 0.623981 0.244123 0.693506 0.193610 0.828512 0.379431 0.758988 0.429944
7 0.681907 0.199520 0.763638 0.172964 0.834616 0.391409 0.752884 0.417966
7 0.750781 0.175000 0.836719 0.175000 0.836719 0.404687 0.750781 0.404687
7 0.823862 0.172964 0.905593 0.199520 0.834616 0.417966 0.752884 0.391409
7 0.893994 0.193610 0.963519 0.244123 0.828512 0.429944 0.758988 0.379431
6 0.020313 0.138281 0.057813 0.138281 0.057813 0.211719 0.020313 0.211719
6 0.056250 0.138281 0.093750 0.138281 0.093750 0.211719 0.056250 0.211719
6 0.090625 0.138281 0.128125 0.138281 0.128125 0.211719 0.090625 0.211719
6 0.120313 0.138281 0.157812 0.138281 0.157812 0.211719 0.120313 0.211719
6 0.159375 0.138281 0.196875 0.138281 0.196875 0.211719 0.159375 0.211719
6 0.195312 0.138281 0.232813 0.138281 0.232813 0.211719 0.195312 0.211719
6 0.229687 0.138281 0.267188 0.138281 0.267188 0.211719 0.229687 0.211719
6 0.262500 0.138281 0.300000 0.138281 0.300000 0.211719 0.262500 0.211719
6 0.296875 0.138281 0.334375 0.138281 0.334375 0.211719 0.296875 0.211719
6 0.329688 0.138281 0.367188 0.138281 0.367188 0.211719 0.329688 0.211719
6 0.364063 0.138281 0.401562 0.138281 0.401562 0.211719 0.364063 0.211719
6 0.398438 0.138281 0.435937 0.138281 0.435937 0.211719 0.398438 0.211719
6 0.431250 0.138281 0.468750 0.138281 0.468750 0.211719 0.431250 0.211719
6 0.468750 0.138281 0.506250 0.138281 0.506250 0.211719 0.468750 0.211719
6 0.498437 0.138281 0.535937 0.138281 0.535937 0.211719 0.498437 0.211719
6 0.539062 0.138281 0.576562 0.138281 0.576562 0.211719 0.539062 0.211719
6 0.567187 0.138281 0.604688 0.138281 0.604688 0.211719 0.567187 0.211719
6 0.603125 0.138281 0.640625 0.138281 0.640625 0.211719 0.603125 0.211719
6 0.642188 0.138281 0.679688 0.138281 0.679688 0.211719 0.642188 0.211719
6 0.673438 0.138281 0.710938 0.138281 0.710938 0.211719 0.673438 0.211719
6 0.706250 0.138281 0.743750 0.138281 0.743750 0.211719 0.706250 0.211719
6 0.740625 0.138281 0.778125 0.138281 0.778125 0.211719 0.740625 0.211719
6 0.778125 0.138281 0.815625 0.138281 0.815625 0.211719 0.778125 0.211719
6 0.809375 0.138281 0.846875 0.138281 0.846875 0.211719 0.809375 0.211719
6 0.846875 0.138281 0.884375 0.138281 0.884375 0.211719 0.846875 0.211719
6 0.878125 0.138281 0.915625 0.138281 0.915625 0.211719 0.878125 0.211719
0 0.023438 0.071094 0.054688 0.071094 0.054688 0.132031 0.023438 0.132031
0 0.051562 0.071094 0.082812 0.071094 0.082812 0.132031 0.051562 0.132031
0 0.079687 0.071094 0.110937 0.071094 0.110937 0.132031 0.079687 0.132031
0 0.107813 0.071094 0.139063 0.071094 0.139063 0.132031 0.107813 0.132031
0 0.135937 0.071094 0.167187 0.071094 0.167187 0.132031 0.135937 0.132031
0 0.164062 0.071094 0.195312 0.071094 0.195312 0.132031 0.164062 0.132031
0 0.192188 0.071094 0.223438 0.071094 0.223438 0.132031 0.192188 0.132031
0 0.220312 0.071094 0.251563 0.071094 0.251563 0.132031 0.220312 0.132031
0 0.248438 0.071094 0.279687 0.071094 0.279687 0.132031 0.248438 0.132031
0 0.276562 0.071094 0.307812 0.071094 0.307812 0.132031 0.276562 0.132031
0 0.304688 0.071094 0.335938 0.071094 0.335938 0.132031 0.304688 0.132031
0 0.332813 0.071094 0.364063 0.071094 0.364063 0.132031 0.332813 0.132031
0 0.360938 0.071094 0.392188 0.071094 0.392188 0.132031 0.360938 0.132031
0 0.389062 0.071094 0.420312 0.071094 0.420312 0.132031 0.389062 0.132031
0 0.417187 0.071094 0.448437 0.071094 0.448437 0.132031 0.417187 0.132031
0 0.445312 0.071094 0.476562 0.071094 0.476562 0.132031 0.445312 0.132031
0 0.473438 0.071094 0.504687 0.071094 0.504687 0.132031 0.473438 0.132031
0 0.501563 0.071094 0.532813 0.071094 0.532813 0.132031 0.501563 0.132031
0 0.529687 0.071094 0.560937 0.071094 0.560937 0.132031 0.529687 0.132031
0 0.557813 0.071094 0.589063 0.071094 0.589063 0.132031 0.557813 0.132031
0 0.585938 0.071094 0.617188 0.071094 0.617188 0.132031 0.585938 0.132031
0 0.614062 0.071094 0.645312 0.071094 0.645312 0.132031 0.614062 0.132031
0 0.642188 0.071094 0.673438 0.071094 0.673438 0.132031 0.642188 0.132031
0 0.670312 0.071094 0.701562 0.071094 0.701562 0.132031 0.670312 0.132031
0 0.698438 0.071094 0.729688 0.071094 0.729688 0.132031 0.698438 0.132031
0 0.726562 0.071094 0.757812 0.071094 0.757812 0.132031 0.726562 0.132031
0 0.754687 0.071094 0.785937 0.071094 0.785937 0.132031 0.754687 0.132031
0 0.782813 0.071094 0.814063 0.071094 0.814063 0.132031 0.782813 0.132031
0 0.810937 0.071094 0.842187 0.071094 0.842187 0.132031 0.810937 0.132031
0 0.839063 0.071094 0.870313 0.071094 0.870313 0.132031 0.839063 0.132031
0 0.867188 0.071094 0.898438 0.071094 0.898438 0.132031 0.867188 0.132031
0 0.895312 0.071094 0.926562 0.071094 0.926562 0.132031 0.895312 0.132031
0 0.178906 0.266406 0.236719 0.266406 0.236719 0.296094 0.178906 0.296094
0 0.239844 0.266406 0.297656 0.266406 0.297656 0.296094 0.239844 0.296094
0 0.300781 0.266406 0.358594 0.266406 0.358594 0.296094 0.300781 0.296094
0 0.361719 0.266406 0.419531 0.266406 0.419531 0.296094 0.361719 0.296094
0 0.422656 0.266406 0.480469 0.266406 0.480469 0.296094 0.422656 0.296094
2 0.207813 0.267188 0.509375 0.267188 0.509375 0.295312 0.207813 0.295312
0 0.066406 0.771875 0.152344 0.771875 0.152344 0.806250 0.066406 0.806250
0 0.155469 0.771875 0.241406 0.771875 0.241406 0.806250 0.155469 0.806250
0 0.244531 0.771875 0.330469 0.771875 0.330469 0.806250 0.244531 0.806250
2 0.020313 0.771875 0.373437 0.771875 0.373437 0.806250 0.020313 0.806250
5 0.975000 0.954688 0.987500 0.954688 0.987500 0.968750 0.975000 0.968750