0 0.192188 0.070312 0.245312 0.070312 0.245312 0.107813 0.192188 0.107813
0 0.376563 0.070312 0.429688 0.070312 0.429688 0.107813 0.376563 0.107813
0 0.560937 0.070312 0.614062 0.070312 0.614062 0.107813 0.560937 0.107813
0 0.745313 0.070312 0.798438 0.070312 0.798438 0.107813 0.745313 0.107813
0 0.929688 0.070312 0.982812 0.070312 0.982812 0.107813 0.929688 0.107813
1 0.085938 0.106250 0.167187 0.106250 0.167187 0.289062 0.085938 0.289062
1 0.202647 0.117943 0.267960 0.166272 0.159219 0.313227 0.093906 0.264898
0 0.100000 0.270313 0.153125 0.270313 0.153125 0.307812 0.100000 0.307812
1 0.169540 0.166272 0.234853 0.117943 0.343594 0.264898 0.278281 0.313227
1 0.270313 0.106250 0.351562 0.106250 0.351562 0.289062 0.270313 0.289062
1 0.387022 0.117943 0.452335 0.166272 0.343594 0.313227 0.278281 0.264898
1 0.353915 0.166272 0.419228 0.117943 0.527969 0.264898 0.462656 0.313227
1 0.454688 0.106250 0.535937 0.106250 0.535937 0.289062 0.454688 0.289062
1 0.571397 0.117943 0.636710 0.166272 0.527969 0.313227 0.462656 0.264898
0 0.468750 0.270313 0.521875 0.270313 0.521875 0.307812 0.468750 0.307812
1 0.538290 0.166272 0.603603 0.117943 0.712344 0.264898 0.647031 0.313227
1 0.639062 0.106250 0.720313 0.106250 0.720313 0.289062 0.639062 0.289062
1 0.755772 0.117943 0.821085 0.166272 0.712344 0.313227 0.647031 0.264898
1 0.722665 0.166272 0.787978 0.117943 0.896719 0.264898 0.831406 0.313227
1 0.823438 0.106250 0.904687 0.106250 0.904687 0.289062 0.823438 0.289062
1 0.110459 0.317943 0.175773 0.366272 0.067032 0.513227 0.001718 0.464898
0 0.007812 0.470313 0.060937 0.470313 0.060937 0.507812 0.007812 0.507812
1 0.077352 0.366272 0.142666 0.317943 0.251407 0.464898 0.186093 0.513227
1 0.178125 0.306250 0.259375 0.306250 0.259375 0.489063 0.178125 0.489063
1 0.294834 0.317943 0.360148 0.366272 0.251407 0.513227 0.186093 0.464898
1 0.261727 0.366272 0.327041 0.317943 0.435782 0.464898 0.370468 0.513227
1 0.362500 0.306250 0.443750 0.306250 0.443750 0.489063 0.362500 0.489063
1 0.479209 0.317943 0.544523 0.366272 0.435782 0.513227 0.370468 0.464898
0 0.376563 0.470313 0.429688 0.470313 0.429688 0.507812 0.376563 0.507812
1 0.446102 0.366272 0.511416 0.317943 0.620157 0.464898 0.554843 0.513227
1 0.546875 0.306250 0.628125 0.306250 0.628125 0.489063 0.546875 0.489063
1 0.663584 0.317943 0.728898 0.366272 0.620157 0.513227 0.554843 0.464898
0 0.560937 0.470313 0.614062 0.470313 0.614062 0.507812 0.560937 0.507812
1 0.630477 0.366272 0.695791 0.317943 0.804532 0.464898 0.739218 0.513227
1 0.731250 0.306250 0.812500 0.306250 0.812500 0.489063 0.731250 0.489063
1 0.847959 0.317943 0.913273 0.366272 0.804532 0.513227 0.739218 0.464898
1 0.814852 0.366272 0.880166 0.317943 0.988907 0.464898 0.923593 0.513227
1 0.915625 0.306250 0.996875 0.306250 0.996875 0.489063 0.915625 0.489063
0 0.929688 0.470313 0.982812 0.470313 0.982812 0.507812 0.929688 0.507812
1 0.085938 0.506250 0.167187 0.506250 0.167187 0.689063 0.085938 0.689063
1 0.202647 0.517943 0.267960 0.566272 0.159219 0.713227 0.093906 0.664898
1 0.169540 0.566272 0.234853 0.517943 0.343594 0.664898 0.278281 0.713227
1 0.270313 0.506250 0.351562 0.506250 0.351562 0.689063 0.270313 0.689063
1 0.387022 0.517943 0.452335 0.566272 0.343594 0.713227 0.278281 0.664898
1 0.353915 0.566272 0.419228 0.517943 0.527969 0.664898 0.462656 0.713227
1 0.454688 0.506250 0.535937 0.506250 0.535937 0.689063 0.454688 0.689063
1 0.571397 0.517943 0.636710 0.566272 0.527969 0.713227 0.462656 0.664898
0 0.468750 0.670312 0.521875 0.670312 0.521875 0.707812 0.468750 0.707812
1 0.538290 0.566272 0.603603 0.517943 0.712344 0.664898 0.647031 0.713227
1 0.639062 0.506250 0.720313 0.506250 0.720313 0.689063 0.639062 0.689063
1 0.755772 0.517943 0.821085 0.566272 0.712344 0.713227 0.647031 0.664898
1 0.722665 0.566272 0.787978 0.517943 0.896719 0.664898 0.831406 0.713227
1 0.823438 0.506250 0.904687 0.506250 0.904687 0.689063 0.823438 0.689063
0 0.837500 0.670312 0.890625 0.670312 0.890625 0.707812 0.837500 0.707812
5 0.956250 0.475000 0.968750 0.475000 0.968750 0.489063 0.956250 0.489063
5 0.010937 0.381250 0.026562 0.381250 0.026562 0.396875 0.010937 0.396875
5 0.960938 0.690625 0.976562 0.690625 0.976562 0.706250 0.960938 0.706250
5 0.946875 0.703125 0.962500 0.703125 0.962500 0.718750 0.946875 0.718750
5 0.026562 0.710938 0.042188 0.710938 0.042188 0.726562 0.026562 0.726562