0 0.070312 0.061719 0.160938 0.061719 0.160938 0.097656 0.070312 0.097656
0 0.129688 0.061719 0.220312 0.061719 0.220312 0.097656 0.129688 0.097656
0 0.279687 0.061719 0.370312 0.061719 0.370312 0.097656 0.279687 0.097656
0 0.414062 0.061719 0.504687 0.061719 0.504687 0.097656 0.414062 0.097656
0 0.457813 0.061719 0.548438 0.061719 0.548438 0.097656 0.457813 0.097656
0 0.501563 0.061719 0.592187 0.061719 0.592187 0.097656 0.501563 0.097656
0 0.609375 0.061719 0.700000 0.061719 0.700000 0.097656 0.609375 0.097656
0 0.668750 0.061719 0.759375 0.061719 0.759375 0.097656 0.668750 0.097656
7 0.011719 0.233594 0.100781 0.233594 0.100781 0.491406 0.011719 0.491406
0 0.070312 0.344531 0.160938 0.344531 0.160938 0.380469 0.070312 0.380469
0 0.129688 0.344531 0.220312 0.344531 0.220312 0.380469 0.129688 0.380469
7 0.191406 0.233594 0.280469 0.233594 0.280469 0.491406 0.191406 0.491406
0 0.279687 0.344531 0.370312 0.344531 0.370312 0.380469 0.279687 0.380469
7 0.371094 0.233594 0.460156 0.233594 0.460156 0.491406 0.371094 0.491406
0 0.459375 0.344531 0.550000 0.344531 0.550000 0.380469 0.459375 0.380469
7 0.550781 0.233594 0.639844 0.233594 0.639844 0.491406 0.550781 0.491406
0 0.639062 0.344531 0.729688 0.344531 0.729688 0.380469 0.639062 0.380469
7 0.730469 0.233594 0.819531 0.233594 0.819531 0.491406 0.730469 0.491406
7 0.011719 0.516406 0.100781 0.516406 0.100781 0.774219 0.011719 0.774219
0 0.100000 0.627344 0.190625 0.627344 0.190625 0.663281 0.100000 0.663281
7 0.191406 0.516406 0.280469 0.516406 0.280469 0.774219 0.191406 0.774219
0 0.250000 0.627344 0.340625 0.627344 0.340625 0.663281 0.250000 0.663281
0 0.309375 0.627344 0.400000 0.627344 0.400000 0.663281 0.309375 0.663281
7 0.371094 0.516406 0.460156 0.516406 0.460156 0.774219 0.371094 0.774219
0 0.459375 0.627344 0.550000 0.627344 0.550000 0.663281 0.459375 0.663281
7 0.550781 0.516406 0.639844 0.516406 0.639844 0.774219 0.550781 0.774219
0 0.639062 0.627344 0.729688 0.627344 0.729688 0.663281 0.639062 0.663281
7 0.730469 0.516406 0.819531 0.516406 0.819531 0.774219 0.730469 0.774219
5 0.006250 0.062500 0.021875 0.062500 0.021875 0.079687 0.006250 0.079687
5 0.964063 0.062500 0.979688 0.062500 0.979688 0.079687 0.964063 0.079687
5 0.012500 0.345313 0.028125 0.345313 0.028125 0.362500 0.012500 0.362500
5 0.971875 0.345313 0.987500 0.345313 0.987500 0.362500 0.971875 0.362500