0 0.002344 0.896875 0.091406 0.896875 0.091406 0.931250 0.002344 0.931250
0 0.085156 0.896875 0.174219 0.896875 0.174219 0.931250 0.085156 0.931250
0 0.167969 0.896875 0.257031 0.896875 0.257031 0.931250 0.167969 0.931250
0 0.250781 0.896875 0.339844 0.896875 0.339844 0.931250 0.250781 0.931250
0 0.333594 0.896875 0.422656 0.896875 0.422656 0.931250 0.333594 0.931250
0 0.416406 0.896875 0.505469 0.896875 0.505469 0.931250 0.416406 0.931250
0 0.499219 0.896875 0.588281 0.896875 0.588281 0.931250 0.499219 0.931250
0 0.582031 0.896875 0.671094 0.896875 0.671094 0.931250 0.582031 0.931250
0 0.664844 0.896875 0.753906 0.896875 0.753906 0.931250 0.664844 0.931250
0 0.747656 0.896875 0.836719 0.896875 0.836719 0.931250 0.747656 0.931250
0 0.002344 0.573438 0.091406 0.573438 0.091406 0.607812 0.002344 0.607812
0 0.089844 0.573438 0.178906 0.573438 0.178906 0.607812 0.089844 0.607812
0 0.177344 0.573438 0.266406 0.573438 0.266406 0.607812 0.177344 0.607812
0 0.264844 0.573438 0.353906 0.573438 0.353906 0.607812 0.264844 0.607812
0 0.352344 0.573438 0.441406 0.573438 0.441406 0.607812 0.352344 0.607812
0 0.439844 0.573438 0.528906 0.573438 0.528906 0.607812 0.439844 0.607812
0 0.527344 0.573438 0.616406 0.573438 0.616406 0.607812 0.527344 0.607812
0 0.614844 0.573438 0.703906 0.573438 0.703906 0.607812 0.614844 0.607812
0 0.702344 0.573438 0.791406 0.573438 0.791406 0.607812 0.702344 0.607812
0 0.789844 0.573438 0.878906 0.573438 0.878906 0.607812 0.789844 0.607812
4 0.029133 0.425793 0.100255 0.436168 0.082436 0.558313 0.011314 0.547937
4 0.066250 0.426031 0.131444 0.456293 0.079472 0.568256 0.014278 0.537994
4 0.101752 0.436863 0.155583 0.484489 0.073791 0.576938 0.019959 0.529312
4 0.067855 0.484489 0.121686 0.436863 0.203478 0.529312 0.149647 0.576938
4 0.091994 0.456293 0.157188 0.426031 0.209159 0.537994 0.143966 0.568256
4 0.123182 0.436168 0.194305 0.425793 0.212124 0.547937 0.141001 0.558313
4 0.158820 0.425793 0.229943 0.436168 0.212124 0.558313 0.141001 0.547937
4 0.195937 0.426031 0.261131 0.456293 0.209159 0.568256 0.143966 0.537994
4 0.231439 0.436863 0.285270 0.484489 0.203478 0.576938 0.149647 0.529312
4 0.197542 0.484489 0.251373 0.436863 0.333166 0.529312 0.279334 0.576938
4 0.221681 0.456293 0.286875 0.426031 0.338847 0.537994 0.273653 0.568256
4 0.252870 0.436168 0.323992 0.425793 0.341811 0.547937 0.270689 0.558313
4 0.288508 0.425793 0.359630 0.436168 0.341811 0.558313 0.270689 0.547937
4 0.325625 0.426031 0.390819 0.456293 0.338847 0.568256 0.273653 0.537994
4 0.361127 0.436863 0.414958 0.484489 0.333166 0.576938 0.279334 0.529312
4 0.327230 0.484489 0.381061 0.436863 0.462853 0.529312 0.409022 0.576938
4 0.351369 0.456293 0.416563 0.426031 0.468534 0.537994 0.403341 0.568256
4 0.382557 0.436168 0.453680 0.425793 0.471499 0.547937 0.400376 0.558313
4 0.418195 0.425793 0.489318 0.436168 0.471499 0.558313 0.400376 0.547937
4 0.455312 0.426031 0.520506 0.456293 0.468534 0.568256 0.403341 0.537994
4 0.490814 0.436863 0.544645 0.484489 0.462853 0.576938 0.409022 0.529312
4 0.456917 0.484489 0.510748 0.436863 0.592541 0.529312 0.538709 0.576938
4 0.481056 0.456293 0.546250 0.426031 0.598222 0.537994 0.533028 0.568256
4 0.512245 0.436168 0.583367 0.425793 0.601186 0.547937 0.530064 0.558313
4 0.547883 0.425793 0.619005 0.436168 0.601186 0.558313 0.530064 0.547937
4 0.585000 0.426031 0.650194 0.456293 0.598222 0.568256 0.533028 0.537994
4 0.620502 0.436863 0.674333 0.484489 0.592541 0.576938 0.538709 0.529312
4 0.586605 0.484489 0.640436 0.436863 0.722228 0.529312 0.668397 0.576938
4 0.610744 0.456293 0.675938 0.426031 0.727909 0.537994 0.662716 0.568256
4 0.641932 0.436168 0.713055 0.425793 0.730874 0.547937 0.659751 0.558313
4 0.677570 0.425793 0.748693 0.436168 0.730874 0.558313 0.659751 0.547937
4 0.714687 0.426031 0.779881 0.456293 0.727909 0.568256 0.662716 0.537994
4 0.750189 0.436863 0.804020 0.484489 0.722228 0.576938 0.668397 0.529312
1 0.004687 0.288281 0.085938 0.288281 0.085938 0.571094 0.004687 0.571094
1 0.079687 0.288281 0.160938 0.288281 0.160938 0.571094 0.079687 0.571094
1 0.153125 0.288281 0.234375 0.288281 0.234375 0.571094 0.153125 0.571094
1 0.229687 0.288281 0.310937 0.288281 0.310937 0.571094 0.229687 0.571094
1 0.296875 0.288281 0.378125 0.288281 0.378125 0.571094 0.296875 0.571094
1 0.370312 0.288281 0.451562 0.288281 0.451562 0.571094 0.370312 0.571094
1 0.450000 0.288281 0.531250 0.288281 0.531250 0.571094 0.450000 0.571094
1 0.523438 0.288281 0.604688 0.288281 0.604688 0.571094 0.523438 0.571094
1 0.593750 0.288281 0.675000 0.288281 0.675000 0.571094 0.593750 0.571094
1 0.665625 0.288281 0.746875 0.288281 0.746875 0.571094 0.665625 0.571094
1 0.740625 0.288281 0.821875 0.288281 0.821875 0.571094 0.740625 0.571094
1 0.817187 0.288281 0.898438 0.288281 0.898438 0.571094 0.817187 0.571094
4 0.006934 0.114104 0.043953 0.052496 0.149759 0.116071 0.112741 0.177679
4 0.055866 0.042733 0.123549 0.018543 0.165091 0.134780 0.097409 0.158970
4 0.138951 0.018543 0.206634 0.042733 0.165091 0.158970 0.097409 0.134780
4 0.218547 0.052496 0.255566 0.114104 0.149759 0.177679 0.112741 0.116071
4 0.175684 0.114104 0.212703 0.052496 0.318509 0.116071 0.281491 0.177679
4 0.224616 0.042733 0.292299 0.018543 0.333841 0.134780 0.266159 0.158970
4 0.307701 0.018543 0.375384 0.042733 0.333841 0.158970 0.266159 0.134780
4 0.387297 0.052496 0.424316 0.114104 0.318509 0.177679 0.281491 0.116071
4 0.344434 0.114104 0.381453 0.052496 0.487259 0.116071 0.450241 0.177679
4 0.393366 0.042733 0.461049 0.018543 0.502591 0.134780 0.434909 0.158970
4 0.476451 0.018543 0.544134 0.042733 0.502591 0.158970 0.434909 0.134780
4 0.556047 0.052496 0.593066 0.114104 0.487259 0.177679 0.450241 0.116071
4 0.513184 0.114104 0.550203 0.052496 0.656009 0.116071 0.618991 0.177679
4 0.562116 0.042733 0.629799 0.018543 0.671341 0.134780 0.603659 0.158970
4 0.645201 0.018543 0.712884 0.042733 0.671341 0.158970 0.603659 0.134780
4 0.724797 0.052496 0.761816 0.114104 0.656009 0.177679 0.618991 0.116071
4 0.681934 0.114104 0.718953 0.052496 0.824759 0.116071 0.787741 0.177679
4 0.730866 0.042733 0.798549 0.018543 0.840091 0.134780 0.772409 0.158970
4 0.813951 0.018543 0.881634 0.042733 0.840091 0.158970 0.772409 0.134780
4 0.893547 0.052496 0.930566 0.114104 0.824759 0.177679 0.787741 0.116071
0 0.514062 0.290625 0.601562 0.290625 0.601562 0.325000 0.514062 0.325000
0 0.604688 0.290625 0.692187 0.290625 0.692187 0.325000 0.604688 0.325000
0 0.695312 0.290625 0.782813 0.290625 0.782813 0.325000 0.695312 0.325000
0 0.785937 0.290625 0.873437 0.290625 0.873437 0.325000 0.785937 0.325000
0 0.876563 0.290625 0.964063 0.290625 0.964063 0.325000 0.876563 0.325000
0 0.275000 0.489844 0.365625 0.489844 0.365625 0.525781 0.275000 0.525781
0 0.368750 0.489844 0.459375 0.489844 0.459375 0.525781 0.368750 0.525781
2 0.320312 0.490625 0.504687 0.490625 0.504687 0.525000 0.320312 0.525000