0 0.116406 0.044531 0.171094 0.044531 0.171094 0.083594 0.116406 0.083594
0 0.247656 0.044531 0.302344 0.044531 0.302344 0.083594 0.247656 0.083594
0 0.378906 0.044531 0.433594 0.044531 0.433594 0.083594 0.378906 0.083594
0 0.477344 0.044531 0.532031 0.044531 0.532031 0.083594 0.477344 0.083594
0 0.510156 0.044531 0.564844 0.044531 0.564844 0.083594 0.510156 0.083594
0 0.542969 0.044531 0.597656 0.044531 0.597656 0.083594 0.542969 0.083594
0 0.608594 0.044531 0.663281 0.044531 0.663281 0.083594 0.608594 0.083594
0 0.641406 0.044531 0.696094 0.044531 0.696094 0.083594 0.641406 0.083594
0 0.674219 0.044531 0.728906 0.044531 0.728906 0.083594 0.674219 0.083594
0 0.750781 0.044531 0.805469 0.044531 0.805469 0.083594 0.750781 0.083594
0 0.794531 0.044531 0.849219 0.044531 0.849219 0.083594 0.794531 0.083594
1 0.041406 0.229687 0.114844 0.229687 0.114844 0.507812 0.041406 0.507812
0 0.094531 0.349219 0.149219 0.349219 0.149219 0.388281 0.094531 0.388281
0 0.138281 0.349219 0.192969 0.349219 0.192969 0.388281 0.138281 0.388281
1 0.172656 0.229687 0.246094 0.229687 0.246094 0.507812 0.172656 0.507812
0 0.247656 0.349219 0.302344 0.349219 0.302344 0.388281 0.247656 0.388281
1 0.303906 0.229687 0.377344 0.229687 0.377344 0.507812 0.303906 0.507812
0 0.378906 0.349219 0.433594 0.349219 0.433594 0.388281 0.378906 0.388281
1 0.435156 0.229687 0.508594 0.229687 0.508594 0.507812 0.435156 0.507812
0 0.477344 0.349219 0.532031 0.349219 0.532031 0.388281 0.477344 0.388281
0 0.510156 0.349219 0.564844 0.349219 0.564844 0.388281 0.510156 0.388281
0 0.542969 0.349219 0.597656 0.349219 0.597656 0.388281 0.542969 0.388281
1 0.566406 0.229687 0.639844 0.229687 0.639844 0.507812 0.566406 0.507812
0 0.608594 0.349219 0.663281 0.349219 0.663281 0.388281 0.608594 0.388281
0 0.641406 0.349219 0.696094 0.349219 0.696094 0.388281 0.641406 0.388281
0 0.674219 0.349219 0.728906 0.349219 0.728906 0.388281 0.674219 0.388281
1 0.697656 0.229687 0.771094 0.229687 0.771094 0.507812 0.697656 0.507812
0 0.739844 0.349219 0.794531 0.349219 0.794531 0.388281 0.739844 0.388281
0 0.772656 0.349219 0.827344 0.349219 0.827344 0.388281 0.772656 0.388281
0 0.805469 0.349219 0.860156 0.349219 0.860156 0.388281 0.805469 0.388281
1 0.828906 0.229687 0.902344 0.229687 0.902344 0.507812 0.828906 0.507812
1 0.041406 0.534375 0.114844 0.534375 0.114844 0.812500 0.041406 0.812500
0 0.083594 0.653906 0.138281 0.653906 0.138281 0.692969 0.083594 0.692969
0 0.116406 0.653906 0.171094 0.653906 0.171094 0.692969 0.116406 0.692969
0 0.149219 0.653906 0.203906 0.653906 0.203906 0.692969 0.149219 0.692969
1 0.172656 0.534375 0.246094 0.534375 0.246094 0.812500 0.172656 0.812500
0 0.225781 0.653906 0.280469 0.653906 0.280469 0.692969 0.225781 0.692969
0 0.269531 0.653906 0.324219 0.653906 0.324219 0.692969 0.269531 0.692969
1 0.303906 0.534375 0.377344 0.534375 0.377344 0.812500 0.303906 0.812500
0 0.346094 0.653906 0.400781 0.653906 0.400781 0.692969 0.346094 0.692969
0 0.378906 0.653906 0.433594 0.653906 0.433594 0.692969 0.378906 0.692969
0 0.411719 0.653906 0.466406 0.653906 0.466406 0.692969 0.411719 0.692969
1 0.435156 0.534375 0.508594 0.534375 0.508594 0.812500 0.435156 0.812500
0 0.488281 0.653906 0.542969 0.653906 0.542969 0.692969 0.488281 0.692969
0 0.532031 0.653906 0.586719 0.653906 0.586719 0.692969 0.532031 0.692969
1 0.566406 0.534375 0.639844 0.534375 0.639844 0.812500 0.566406 0.812500
0 0.608594 0.653906 0.663281 0.653906 0.663281 0.692969 0.608594 0.692969
0 0.641406 0.653906 0.696094 0.653906 0.696094 0.692969 0.641406 0.692969
0 0.674219 0.653906 0.728906 0.653906 0.728906 0.692969 0.674219 0.692969
1 0.697656 0.534375 0.771094 0.534375 0.771094 0.812500 0.697656 0.812500
0 0.750781 0.653906 0.805469 0.653906 0.805469 0.692969 0.750781 0.692969
0 0.794531 0.653906 0.849219 0.653906 0.849219 0.692969 0.794531 0.692969
1 0.828906 0.534375 0.902344 0.534375 0.902344 0.812500 0.828906 0.812500
5 0.006250 0.048438 0.021875 0.048438 0.021875 0.064062 0.006250 0.064062
5 0.968750 0.048438 0.984375 0.048438 0.984375 0.064062 0.968750 0.064062
5 0.029687 0.353125 0.045312 0.353125 0.045312 0.368750 0.029687 0.368750
5 0.956250 0.353125 0.971875 0.353125 0.971875 0.368750 0.956250 0.368750
5 0.014063 0.207813 0.029687 0.207813 0.029687 0.223438 0.014063 0.223438
5 0.970313 0.720313 0.985938 0.720313 0.985938 0.735938 0.970313 0.735938
5 0.954688 0.871875 0.970313 0.871875 0.970313 0.887500 0.954688 0.887500