0 0.025781 0.899219 0.067969 0.899219 0.067969 0.928906 0.025781 0.928906
0 0.067969 0.899219 0.110156 0.899219 0.110156 0.928906 0.067969 0.928906
0 0.110156 0.899219 0.152344 0.899219 0.152344 0.928906 0.110156 0.928906
0 0.152344 0.899219 0.194531 0.899219 0.194531 0.928906 0.152344 0.928906
0 0.194531 0.899219 0.236719 0.899219 0.236719 0.928906 0.194531 0.928906
0 0.236719 0.899219 0.278906 0.899219 0.278906 0.928906 0.236719 0.928906
0 0.278906 0.899219 0.321094 0.899219 0.321094 0.928906 0.278906 0.928906
0 0.321094 0.899219 0.363281 0.899219 0.363281 0.928906 0.321094 0.928906
0 0.363281 0.899219 0.405469 0.899219 0.405469 0.928906 0.363281 0.928906
0 0.405469 0.899219 0.447656 0.899219 0.447656 0.928906 0.405469 0.928906
0 0.447656 0.899219 0.489844 0.899219 0.489844 0.928906 0.447656 0.928906
0 0.489844 0.899219 0.532031 0.899219 0.532031 0.928906 0.489844 0.928906
0 0.532031 0.899219 0.574219 0.899219 0.574219 0.928906 0.532031 0.928906
0 0.574219 0.899219 0.616406 0.899219 0.616406 0.928906 0.574219 0.928906
0 0.616406 0.899219 0.658594 0.899219 0.658594 0.928906 0.616406 0.928906
0 0.658594 0.899219 0.700781 0.899219 0.700781 0.928906 0.658594 0.928906
0 0.700781 0.899219 0.742969 0.899219 0.742969 0.928906 0.700781 0.928906
0 0.742969 0.899219 0.785156 0.899219 0.785156 0.928906 0.742969 0.928906
0 0.785156 0.899219 0.827344 0.899219 0.827344 0.928906 0.785156 0.928906
0 0.827344 0.899219 0.869531 0.899219 0.869531 0.928906 0.827344 0.928906
0 0.869531 0.899219 0.911719 0.899219 0.911719 0.928906 0.869531 0.928906
4 0.014844 0.830469 0.072656 0.830469 0.072656 0.928906 0.014844 0.928906
4 0.066406 0.830469 0.124219 0.830469 0.124219 0.928906 0.066406 0.928906
4 0.122656 0.830469 0.180469 0.830469 0.180469 0.928906 0.122656 0.928906
4 0.172656 0.830469 0.230469 0.830469 0.230469 0.928906 0.172656 0.928906
4 0.221094 0.830469 0.278906 0.830469 0.278906 0.928906 0.221094 0.928906
4 0.275781 0.830469 0.333594 0.830469 0.333594 0.928906 0.275781 0.928906
4 0.327344 0.830469 0.385156 0.830469 0.385156 0.928906 0.327344 0.928906
4 0.377344 0.830469 0.435156 0.830469 0.435156 0.928906 0.377344 0.928906
4 0.427344 0.830469 0.485156 0.830469 0.485156 0.928906 0.427344 0.928906
4 0.478906 0.830469 0.536719 0.830469 0.536719 0.928906 0.478906 0.928906
4 0.530469 0.830469 0.588281 0.830469 0.588281 0.928906 0.530469 0.928906
4 0.586719 0.830469 0.644531 0.830469 0.644531 0.928906 0.586719 0.928906
4 0.633594 0.830469 0.691406 0.830469 0.691406 0.928906 0.633594 0.928906
4 0.688281 0.830469 0.746094 0.830469 0.746094 0.928906 0.688281 0.928906
4 0.739844 0.830469 0.797656 0.830469 0.797656 0.928906 0.739844 0.928906
4 0.791406 0.830469 0.849219 0.830469 0.849219 0.928906 0.791406 0.928906
4 0.841406 0.830469 0.899219 0.830469 0.899219 0.928906 0.841406 0.928906
0 0.025781 0.766406 0.067969 0.766406 0.067969 0.796094 0.025781 0.796094
0 0.067969 0.766406 0.110156 0.766406 0.110156 0.796094 0.067969 0.796094
0 0.110156 0.766406 0.152344 0.766406 0.152344 0.796094 0.110156 0.796094
0 0.152344 0.766406 0.194531 0.766406 0.194531 0.796094 0.152344 0.796094
0 0.194531 0.766406 0.236719 0.766406 0.236719 0.796094 0.194531 0.796094
0 0.236719 0.766406 0.278906 0.766406 0.278906 0.796094 0.236719 0.796094
0 0.278906 0.766406 0.321094 0.766406 0.321094 0.796094 0.278906 0.796094
0 0.321094 0.766406 0.363281 0.766406 0.363281 0.796094 0.321094 0.796094
0 0.363281 0.766406 0.405469 0.766406 0.405469 0.796094 0.363281 0.796094
0 0.405469 0.766406 0.447656 0.766406 0.447656 0.796094 0.405469 0.796094
0 0.447656 0.766406 0.489844 0.766406 0.489844 0.796094 0.447656 0.796094
0 0.489844 0.766406 0.532031 0.766406 0.532031 0.796094 0.489844 0.796094
0 0.532031 0.766406 0.574219 0.766406 0.574219 0.796094 0.532031 0.796094
0 0.574219 0.766406 0.616406 0.766406 0.616406 0.796094 0.574219 0.796094
0 0.616406 0.766406 0.658594 0.766406 0.658594 0.796094 0.616406 0.796094
0 0.658594 0.766406 0.700781 0.766406 0.700781 0.796094 0.658594 0.796094
0 0.700781 0.766406 0.742969 0.766406 0.742969 0.796094 0.700781 0.796094
0 0.742969 0.766406 0.785156 0.766406 0.785156 0.796094 0.742969 0.796094
0 0.785156 0.766406 0.827344 0.766406 0.827344 0.796094 0.785156 0.796094
0 0.827344 0.766406 0.869531 0.766406 0.869531 0.796094 0.827344 0.796094
0 0.869531 0.766406 0.911719 0.766406 0.911719 0.796094 0.869531 0.796094
1 0.066647 0.466739 0.143093 0.482849 0.085098 0.758055 0.008652 0.741945
1 0.179274 0.498807 0.242718 0.544396 0.078597 0.772795 0.015153 0.727205
1 0.269382 0.573597 0.309034 0.640912 0.066701 0.783657 0.027049 0.716343
1 0.172216 0.640912 0.211868 0.573597 0.454201 0.716343 0.414549 0.783657
1 0.238532 0.544396 0.301976 0.498807 0.466097 0.727205 0.402653 0.772795
1 0.338157 0.482849 0.414603 0.466739 0.472598 0.741945 0.396152 0.758055
1 0.454147 0.466739 0.530593 0.482849 0.472598 0.758055 0.396152 0.741945
1 0.566774 0.498807 0.630218 0.544396 0.466097 0.772795 0.402653 0.727205
1 0.656882 0.573597 0.696534 0.640912 0.454201 0.783657 0.414549 0.716343
4 0.019531 0.419531 0.077344 0.419531 0.077344 0.517969 0.019531 0.517969
4 0.069531 0.419531 0.127344 0.419531 0.127344 0.517969 0.069531 0.517969
4 0.121094 0.419531 0.178906 0.419531 0.178906 0.517969 0.121094 0.517969
4 0.171094 0.419531 0.228906 0.419531 0.228906 0.517969 0.171094 0.517969
4 0.222656 0.419531 0.280469 0.419531 0.280469 0.517969 0.222656 0.517969
4 0.272656 0.419531 0.330469 0.419531 0.330469 0.517969 0.272656 0.517969
4 0.330469 0.419531 0.388281 0.419531 0.388281 0.517969 0.330469 0.517969
4 0.382031 0.419531 0.439844 0.419531 0.439844 0.517969 0.382031 0.517969
4 0.432031 0.419531 0.489844 0.419531 0.489844 0.517969 0.432031 0.517969
4 0.478906 0.419531 0.536719 0.419531 0.536719 0.517969 0.478906 0.517969
4 0.530469 0.419531 0.588281 0.419531 0.588281 0.517969 0.530469 0.517969
4 0.585156 0.419531 0.642969 0.419531 0.642969 0.517969 0.585156 0.517969
4 0.635156 0.419531 0.692969 0.419531 0.692969 0.517969 0.635156 0.517969
4 0.686719 0.419531 0.744531 0.419531 0.744531 0.517969 0.686719 0.517969
4 0.738281 0.419531 0.796094 0.419531 0.796094 0.517969 0.738281 0.517969
4 0.791406 0.419531 0.849219 0.419531 0.849219 0.517969 0.791406 0.517969
4 0.846094 0.419531 0.903906 0.419531 0.903906 0.517969 0.846094 0.517969
1 0.099854 0.111739 0.174762 0.089550 0.254641 0.359218 0.179734 0.381407
1 0.259613 0.089550 0.334521 0.111739 0.254641 0.381407 0.179734 0.359218
1 0.405683 0.157952 0.456421 0.217359 0.242557 0.400016 0.191818 0.340609
1 0.318579 0.217359 0.369317 0.157952 0.583182 0.340609 0.532443 0.400016
1 0.440479 0.111739 0.515387 0.089550 0.595266 0.359218 0.520359 0.381407
1 0.600238 0.089550 0.675146 0.111739 0.595266 0.381407 0.520359 0.359218
1 0.746308 0.157952 0.797046 0.217359 0.583182 0.400016 0.532443 0.340609
4 0.021094 0.039844 0.078906 0.039844 0.078906 0.138281 0.021094 0.138281
4 0.071094 0.039844 0.128906 0.039844 0.128906 0.138281 0.071094 0.138281
4 0.117969 0.039844 0.175781 0.039844 0.175781 0.138281 0.117969 0.138281
4 0.169531 0.039844 0.227344 0.039844 0.227344 0.138281 0.169531 0.138281
4 0.221094 0.039844 0.278906 0.039844 0.278906 0.138281 0.221094 0.138281
4 0.272656 0.039844 0.330469 0.039844 0.330469 0.138281 0.272656 0.138281
4 0.325781 0.039844 0.383594 0.039844 0.383594 0.138281 0.325781 0.138281
4 0.378906 0.039844 0.436719 0.039844 0.436719 0.138281 0.378906 0.138281
4 0.428906 0.039844 0.486719 0.039844 0.486719 0.138281 0.428906 0.138281
4 0.482031 0.039844 0.539844 0.039844 0.539844 0.138281 0.482031 0.138281
4 0.533594 0.039844 0.591406 0.039844 0.591406 0.138281 0.533594 0.138281
4 0.588281 0.039844 0.646094 0.039844 0.646094 0.138281 0.588281 0.138281
4 0.639844 0.039844 0.697656 0.039844 0.697656 0.138281 0.639844 0.138281
4 0.689844 0.039844 0.747656 0.039844 0.747656 0.138281 0.689844 0.138281
4 0.739844 0.039844 0.797656 0.039844 0.797656 0.138281 0.739844 0.138281
4 0.794531 0.039844 0.852344 0.039844 0.852344 0.138281 0.794531 0.138281
4 0.842969 0.039844 0.900781 0.039844 0.900781 0.138281 0.842969 0.138281