6 0.043750 0.861719 0.087500 0.861719 0.087500 0.944531 0.043750 0.944531
6 0.082812 0.861719 0.126562 0.861719 0.126562 0.944531 0.082812 0.944531
6 0.128125 0.860156 0.171875 0.860156 0.171875 0.942969 0.128125 0.942969
6 0.171875 0.860156 0.215625 0.860156 0.215625 0.942969 0.171875 0.942969
6 0.215625 0.858594 0.259375 0.858594 0.259375 0.941406 0.215625 0.941406
6 0.256250 0.858594 0.300000 0.858594 0.300000 0.941406 0.256250 0.941406
6 0.296875 0.864844 0.340625 0.864844 0.340625 0.947656 0.296875 0.947656
6 0.339062 0.861719 0.382812 0.861719 0.382812 0.944531 0.339062 0.944531
6 0.378125 0.864844 0.421875 0.864844 0.421875 0.947656 0.378125 0.947656
6 0.421875 0.864844 0.465625 0.864844 0.465625 0.947656 0.421875 0.947656
6 0.465625 0.860156 0.509375 0.860156 0.509375 0.942969 0.465625 0.942969
6 0.507812 0.860156 0.551562 0.860156 0.551562 0.942969 0.507812 0.942969
6 0.550000 0.860156 0.593750 0.860156 0.593750 0.942969 0.550000 0.942969
6 0.589063 0.863281 0.632812 0.863281 0.632812 0.946094 0.589063 0.946094
6 0.637500 0.864844 0.681250 0.864844 0.681250 0.947656 0.637500 0.947656
6 0.675000 0.858594 0.718750 0.858594 0.718750 0.941406 0.675000 0.941406
6 0.720313 0.861719 0.764062 0.861719 0.764062 0.944531 0.720313 0.944531
6 0.757812 0.858594 0.801562 0.858594 0.801562 0.941406 0.757812 0.941406
6 0.806250 0.860156 0.850000 0.860156 0.850000 0.942969 0.806250 0.942969
6 0.842187 0.861719 0.885938 0.861719 0.885938 0.944531 0.842187 0.944531
1 0.027344 0.701562 0.103906 0.701562 0.103906 0.926562 0.027344 0.926562
1 0.099219 0.701562 0.175781 0.701562 0.175781 0.926562 0.099219 0.926562
1 0.174219 0.701562 0.250781 0.701562 0.250781 0.926562 0.174219 0.926562
1 0.253906 0.704688 0.330469 0.704688 0.330469 0.929688 0.253906 0.929688
1 0.330469 0.703125 0.407031 0.703125 0.407031 0.928125 0.330469 0.928125
1 0.403906 0.701562 0.480469 0.701562 0.480469 0.926562 0.403906 0.926562
1 0.474219 0.706250 0.550781 0.706250 0.550781 0.931250 0.474219 0.931250
1 0.555469 0.701562 0.632031 0.701562 0.632031 0.926562 0.555469 0.926562
1 0.627344 0.700000 0.703906 0.700000 0.703906 0.925000 0.627344 0.925000
1 0.700781 0.703125 0.777344 0.703125 0.777344 0.928125 0.700781 0.928125
1 0.775781 0.701562 0.852344 0.701562 0.852344 0.926562 0.775781 0.926562
6 0.042969 0.592969 0.088281 0.592969 0.088281 0.641406 0.042969 0.641406
6 0.082031 0.599219 0.127344 0.599219 0.127344 0.647656 0.082031 0.647656
6 0.122656 0.597656 0.167969 0.597656 0.167969 0.646094 0.122656 0.646094
6 0.163281 0.596094 0.208594 0.596094 0.208594 0.644531 0.163281 0.644531
6 0.202344 0.599219 0.247656 0.599219 0.247656 0.647656 0.202344 0.647656
6 0.246094 0.592969 0.291406 0.592969 0.291406 0.641406 0.246094 0.641406
6 0.285156 0.592969 0.330469 0.592969 0.330469 0.641406 0.285156 0.641406
6 0.330469 0.592969 0.375781 0.592969 0.375781 0.641406 0.330469 0.641406
6 0.367969 0.594531 0.413281 0.594531 0.413281 0.642969 0.367969 0.642969
6 0.408594 0.597656 0.453906 0.597656 0.453906 0.646094 0.408594 0.646094
6 0.452344 0.596094 0.497656 0.596094 0.497656 0.644531 0.452344 0.644531
6 0.492969 0.599219 0.538281 0.599219 0.538281 0.647656 0.492969 0.647656
6 0.527344 0.592969 0.572656 0.592969 0.572656 0.641406 0.527344 0.641406
6 0.571094 0.597656 0.616406 0.597656 0.616406 0.646094 0.571094 0.646094
6 0.614844 0.596094 0.660156 0.596094 0.660156 0.644531 0.614844 0.644531
6 0.649219 0.594531 0.694531 0.594531 0.694531 0.642969 0.649219 0.642969
6 0.691406 0.594531 0.736719 0.594531 0.736719 0.642969 0.691406 0.642969
6 0.733594 0.596094 0.778906 0.596094 0.778906 0.644531 0.733594 0.644531
6 0.775781 0.592969 0.821094 0.592969 0.821094 0.641406 0.775781 0.641406
6 0.811719 0.599219 0.857031 0.599219 0.857031 0.647656 0.811719 0.647656
6 0.858594 0.592969 0.903906 0.592969 0.903906 0.641406 0.858594 0.641406
1 0.021875 0.415625 0.106250 0.415625 0.106250 0.725000 0.021875 0.725000
1 0.109375 0.415625 0.193750 0.415625 0.193750 0.725000 0.109375 0.725000
1 0.190625 0.412500 0.275000 0.412500 0.275000 0.721875 0.190625 0.721875
1 0.270313 0.414062 0.354687 0.414062 0.354687 0.723437 0.270313 0.723437
1 0.357812 0.418750 0.442188 0.418750 0.442188 0.728125 0.357812 0.728125
1 0.439063 0.414062 0.523438 0.414062 0.523438 0.723437 0.439063 0.723437
1 0.521875 0.417187 0.606250 0.417187 0.606250 0.726562 0.521875 0.726562
1 0.606250 0.417187 0.690625 0.417187 0.690625 0.726562 0.606250 0.726562
1 0.682813 0.414062 0.767188 0.414062 0.767188 0.723437 0.682813 0.723437
1 0.770312 0.414062 0.854688 0.414062 0.854688 0.723437 0.770312 0.723437
6 0.044531 0.227344 0.080469 0.227344 0.080469 0.266406 0.044531 0.266406
6 0.082031 0.225781 0.117969 0.225781 0.117969 0.264844 0.082031 0.264844
6 0.108594 0.225781 0.144531 0.225781 0.144531 0.264844 0.108594 0.264844
6 0.138281 0.228906 0.174219 0.228906 0.174219 0.267969 0.138281 0.267969
6 0.175781 0.228906 0.211719 0.228906 0.211719 0.267969 0.175781 0.267969
6 0.207031 0.225781 0.242969 0.225781 0.242969 0.264844 0.207031 0.264844
6 0.233594 0.232031 0.269531 0.232031 0.269531 0.271094 0.233594 0.271094
6 0.269531 0.232031 0.305469 0.232031 0.305469 0.271094 0.269531 0.271094
6 0.294531 0.232031 0.330469 0.232031 0.330469 0.271094 0.294531 0.271094
6 0.332031 0.232031 0.367969 0.232031 0.367969 0.271094 0.332031 0.271094
6 0.357031 0.232031 0.392969 0.232031 0.392969 0.271094 0.357031 0.271094
6 0.392969 0.230469 0.428906 0.230469 0.428906 0.269531 0.392969 0.269531
6 0.422656 0.228906 0.458594 0.228906 0.458594 0.267969 0.422656 0.267969
6 0.452344 0.227344 0.488281 0.227344 0.488281 0.266406 0.452344 0.266406
6 0.482031 0.232031 0.517969 0.232031 0.517969 0.271094 0.482031 0.271094
6 0.513281 0.232031 0.549219 0.232031 0.549219 0.271094 0.513281 0.271094
6 0.550781 0.225781 0.586719 0.225781 0.586719 0.264844 0.550781 0.264844
6 0.582031 0.227344 0.617969 0.227344 0.617969 0.266406 0.582031 0.266406
6 0.607031 0.227344 0.642969 0.227344 0.642969 0.266406 0.607031 0.266406
6 0.639844 0.228906 0.675781 0.228906 0.675781 0.267969 0.639844 0.267969
6 0.674219 0.232031 0.710156 0.232031 0.710156 0.271094 0.674219 0.271094
6 0.702344 0.225781 0.738281 0.225781 0.738281 0.264844 0.702344 0.264844
6 0.736719 0.227344 0.772656 0.227344 0.772656 0.266406 0.736719 0.266406
6 0.764844 0.230469 0.800781 0.230469 0.800781 0.269531 0.764844 0.269531
6 0.799219 0.230469 0.835156 0.230469 0.835156 0.269531 0.799219 0.269531
6 0.825781 0.228906 0.861719 0.228906 0.861719 0.267969 0.825781 0.267969
6 0.857031 0.230469 0.892969 0.230469 0.892969 0.269531 0.857031 0.269531
1 0.018750 0.052344 0.106250 0.052344 0.106250 0.382031 0.018750 0.382031
1 0.098437 0.049219 0.185938 0.049219 0.185938 0.378906 0.098437 0.378906
1 0.168750 0.049219 0.256250 0.049219 0.256250 0.378906 0.168750 0.378906
1 0.243750 0.046094 0.331250 0.046094 0.331250 0.375781 0.243750 0.375781
1 0.320312 0.047656 0.407813 0.047656 0.407813 0.377344 0.320312 0.377344
1 0.395313 0.046094 0.482812 0.046094 0.482812 0.375781 0.395313 0.375781
1 0.470313 0.049219 0.557813 0.049219 0.557813 0.378906 0.470313 0.378906
1 0.546875 0.052344 0.634375 0.052344 0.634375 0.382031 0.546875 0.382031
1 0.621875 0.050781 0.709375 0.050781 0.709375 0.380469 0.621875 0.380469
1 0.693750 0.050781 0.781250 0.050781 0.781250 0.380469 0.693750 0.380469
1 0.768750 0.049219 0.856250 0.049219 0.856250 0.378906 0.768750 0.378906
0 0.764062 0.771094 0.810937 0.771094 0.810937 0.803906 0.764062 0.803906
0 0.814063 0.771094 0.860938 0.771094 0.860938 0.803906 0.814063 0.803906
0 0.864062 0.771094 0.910937 0.771094 0.910937 0.803906 0.864062 0.803906
0 0.914062 0.771094 0.960938 0.771094 0.960938 0.803906 0.914062 0.803906
2 0.787500 0.771875 0.984375 0.771875 0.984375 0.803125 0.787500 0.803125
0 0.681250 0.285938 0.753125 0.285938 0.753125 0.323437 0.681250 0.323437
0 0.756250 0.285938 0.828125 0.285938 0.828125 0.323437 0.756250 0.323437
0 0.831250 0.285938 0.903125 0.285938 0.903125 0.323437 0.831250 0.323437
2 0.717187 0.285938 0.939063 0.285938 0.939063 0.323437 0.717187 0.323437
5 0.031250 0.351562 0.046875 0.351562 0.046875 0.367188 0.031250 0.367188
5 0.039062 0.187500 0.054688 0.187500 0.054688 0.203125 0.039062 0.203125
5 0.029687 0.543750 0.045312 0.543750 0.045312 0.559375 0.029687 0.559375
5 0.035937 0.339062 0.051562 0.339062 0.051562 0.354687 0.035937 0.354687