0 0.424219 0.071094 0.497656 0.071094 0.497656 0.110156 0.424219 0.110156
0 0.832031 0.071094 0.905469 0.071094 0.905469 0.110156 0.832031 0.110156
6 0.036719 0.218750 0.075781 0.218750 0.075781 0.293750 0.036719 0.293750
6 0.071094 0.218750 0.110156 0.218750 0.110156 0.293750 0.071094 0.293750
6 0.111719 0.218750 0.150781 0.218750 0.150781 0.293750 0.111719 0.293750
6 0.149219 0.218750 0.188281 0.218750 0.188281 0.293750 0.149219 0.293750
6 0.185156 0.218750 0.224219 0.218750 0.224219 0.293750 0.185156 0.293750
6 0.222656 0.218750 0.261719 0.218750 0.261719 0.293750 0.222656 0.293750
6 0.261719 0.218750 0.300781 0.218750 0.300781 0.293750 0.261719 0.293750
6 0.292969 0.218750 0.332031 0.218750 0.332031 0.293750 0.292969 0.293750
6 0.336719 0.218750 0.375781 0.218750 0.375781 0.293750 0.336719 0.293750
6 0.372656 0.218750 0.411719 0.218750 0.411719 0.293750 0.372656 0.293750
6 0.408594 0.218750 0.447656 0.218750 0.447656 0.293750 0.408594 0.293750
6 0.449219 0.218750 0.488281 0.218750 0.488281 0.293750 0.449219 0.293750
6 0.483594 0.218750 0.522656 0.218750 0.522656 0.293750 0.483594 0.293750
6 0.517969 0.218750 0.557031 0.218750 0.557031 0.293750 0.517969 0.293750
6 0.557031 0.218750 0.596094 0.218750 0.596094 0.293750 0.557031 0.293750
6 0.592969 0.218750 0.632031 0.218750 0.632031 0.293750 0.592969 0.293750
6 0.632031 0.218750 0.671094 0.218750 0.671094 0.293750 0.632031 0.293750
6 0.669531 0.218750 0.708594 0.218750 0.708594 0.293750 0.669531 0.293750
6 0.708594 0.218750 0.747656 0.218750 0.747656 0.293750 0.708594 0.293750
6 0.749219 0.218750 0.788281 0.218750 0.788281 0.293750 0.749219 0.293750
6 0.785156 0.218750 0.824219 0.218750 0.824219 0.293750 0.785156 0.293750
6 0.817969 0.218750 0.857031 0.218750 0.857031 0.293750 0.817969 0.293750
6 0.858594 0.218750 0.897656 0.218750 0.897656 0.293750 0.858594 0.293750
6 0.899219 0.218750 0.938281 0.218750 0.938281 0.293750 0.899219 0.293750
6 0.932031 0.218750 0.971094 0.218750 0.971094 0.293750 0.932031 0.293750
1 0.123373 0.147498 0.206824 0.121186 0.297975 0.410282 0.214525 0.436593
1 0.305676 0.121186 0.389127 0.147498 0.297975 0.436593 0.214525 0.410282
1 0.470102 0.204197 0.523369 0.273616 0.282883 0.458147 0.229617 0.388728
1 0.396944 0.273616 0.450211 0.204197 0.690696 0.388728 0.637429 0.458147
1 0.531186 0.147498 0.614636 0.121186 0.705788 0.410282 0.622337 0.436593
1 0.713489 0.121186 0.796939 0.147498 0.705788 0.436593 0.622337 0.410282
1 0.877914 0.204197 0.931181 0.273616 0.690696 0.458147 0.637429 0.388728
0 0.627344 0.403906 0.700781 0.403906 0.700781 0.442969 0.627344 0.442969
5 0.962500 0.076563 0.976562 0.076563 0.976562 0.090625 0.962500 0.090625