0 0.085938 0.022656 0.123438 0.022656 0.123438 0.092969 0.085938 0.092969
0 0.132812 0.022656 0.170313 0.022656 0.170313 0.092969 0.132812 0.092969
0 0.214062 0.022656 0.251563 0.022656 0.251563 0.092969 0.214062 0.092969
0 0.248438 0.022656 0.285938 0.022656 0.285938 0.092969 0.248438 0.092969
0 0.282813 0.022656 0.320312 0.022656 0.320312 0.092969 0.282813 0.092969
0 0.354687 0.022656 0.392188 0.022656 0.392188 0.092969 0.354687 0.092969
0 0.389062 0.022656 0.426563 0.022656 0.426563 0.092969 0.389062 0.092969
0 0.423438 0.022656 0.460938 0.022656 0.460938 0.092969 0.423438 0.092969
0 0.531250 0.022656 0.568750 0.022656 0.568750 0.092969 0.531250 0.092969
0 0.648438 0.022656 0.685937 0.022656 0.685937 0.092969 0.648438 0.092969
0 0.695312 0.022656 0.732812 0.022656 0.732812 0.092969 0.695312 0.092969
1 0.018750 0.183594 0.096875 0.183594 0.096875 0.394531 0.018750 0.394531
0 0.073438 0.253906 0.110937 0.253906 0.110937 0.324219 0.073438 0.324219
0 0.107813 0.253906 0.145313 0.253906 0.145313 0.324219 0.107813 0.324219
0 0.142187 0.253906 0.179688 0.253906 0.179688 0.324219 0.142187 0.324219
1 0.159375 0.183594 0.237500 0.183594 0.237500 0.394531 0.159375 0.394531
0 0.250000 0.253906 0.287500 0.253906 0.287500 0.324219 0.250000 0.324219
1 0.300000 0.183594 0.378125 0.183594 0.378125 0.394531 0.300000 0.394531
0 0.390625 0.253906 0.428125 0.253906 0.428125 0.324219 0.390625 0.324219
1 0.440625 0.183594 0.518750 0.183594 0.518750 0.394531 0.440625 0.394531
0 0.507812 0.253906 0.545312 0.253906 0.545312 0.324219 0.507812 0.324219
0 0.554688 0.253906 0.592187 0.253906 0.592187 0.324219 0.554688 0.324219
1 0.581250 0.183594 0.659375 0.183594 0.659375 0.394531 0.581250 0.394531
0 0.648438 0.253906 0.685937 0.253906 0.685937 0.324219 0.648438 0.324219
0 0.695312 0.253906 0.732812 0.253906 0.732812 0.324219 0.695312 0.324219
1 0.721875 0.183594 0.800000 0.183594 0.800000 0.394531 0.721875 0.394531
1 0.018750 0.414844 0.096875 0.414844 0.096875 0.625781 0.018750 0.625781
0 0.109375 0.485156 0.146875 0.485156 0.146875 0.555469 0.109375 0.555469
1 0.159375 0.414844 0.237500 0.414844 0.237500 0.625781 0.159375 0.625781
0 0.226562 0.485156 0.264062 0.485156 0.264062 0.555469 0.226562 0.555469
0 0.273438 0.485156 0.310937 0.485156 0.310937 0.555469 0.273438 0.555469
1 0.300000 0.414844 0.378125 0.414844 0.378125 0.625781 0.300000 0.625781
0 0.354687 0.485156 0.392188 0.485156 0.392188 0.555469 0.354687 0.555469
0 0.389062 0.485156 0.426563 0.485156 0.426563 0.555469 0.389062 0.555469
0 0.423438 0.485156 0.460938 0.485156 0.460938 0.555469 0.423438 0.555469
1 0.440625 0.414844 0.518750 0.414844 0.518750 0.625781 0.440625 0.625781
0 0.531250 0.485156 0.568750 0.485156 0.568750 0.555469 0.531250 0.555469
1 0.581250 0.414844 0.659375 0.414844 0.659375 0.625781 0.581250 0.625781
0 0.648438 0.485156 0.685937 0.485156 0.685937 0.555469 0.648438 0.555469
0 0.695312 0.485156 0.732812 0.485156 0.732812 0.555469 0.695312 0.555469
1 0.721875 0.414844 0.800000 0.414844 0.800000 0.625781 0.721875 0.625781
1 0.018750 0.646094 0.096875 0.646094 0.096875 0.857031 0.018750 0.857031
0 0.085938 0.716406 0.123438 0.716406 0.123438 0.786719 0.085938 0.786719
0 0.132812 0.716406 0.170313 0.716406 0.170313 0.786719 0.132812 0.786719
1 0.159375 0.646094 0.237500 0.646094 0.237500 0.857031 0.159375 0.857031
0 0.214062 0.716406 0.251563 0.716406 0.251563 0.786719 0.214062 0.786719
0 0.248438 0.716406 0.285938 0.716406 0.285938 0.786719 0.248438 0.786719
0 0.282813 0.716406 0.320312 0.716406 0.320312 0.786719 0.282813 0.786719
1 0.300000 0.646094 0.378125 0.646094 0.378125 0.857031 0.300000 0.857031
0 0.354687 0.716406 0.392188 0.716406 0.392188 0.786719 0.354687 0.786719
0 0.389062 0.716406 0.426563 0.716406 0.426563 0.786719 0.389062 0.786719
0 0.423438 0.716406 0.460938 0.716406 0.460938 0.786719 0.423438 0.786719
1 0.440625 0.646094 0.518750 0.646094 0.518750 0.857031 0.440625 0.857031
0 0.495312 0.716406 0.532813 0.716406 0.532813 0.786719 0.495312 0.786719
0 0.529687 0.716406 0.567187 0.716406 0.567187 0.786719 0.529687 0.786719
0 0.564063 0.716406 0.601562 0.716406 0.601562 0.786719 0.564063 0.786719
1 0.581250 0.646094 0.659375 0.646094 0.659375 0.857031 0.581250 0.857031
0 0.671875 0.716406 0.709375 0.716406 0.709375 0.786719 0.671875 0.786719
1 0.721875 0.646094 0.800000 0.646094 0.800000 0.857031 0.721875 0.857031
0 0.275781 0.492969 0.305469 0.492969 0.305469 0.547656 0.275781 0.547656
0 0.308594 0.492969 0.338281 0.492969 0.338281 0.547656 0.308594 0.547656
0 0.341406 0.492969 0.371094 0.492969 0.371094 0.547656 0.341406 0.547656
0 0.374219 0.492969 0.403906 0.492969 0.403906 0.547656 0.374219 0.547656
0 0.407031 0.492969 0.436719 0.492969 0.436719 0.547656 0.407031 0.547656
2 0.290625 0.493750 0.451562 0.493750 0.451562 0.546875 0.290625 0.546875