0 0.019531 0.906250 0.089844 0.906250 0.089844 0.943750 0.019531 0.943750
0 0.085156 0.909375 0.155469 0.909375 0.155469 0.946875 0.085156 0.946875
0 0.146094 0.907813 0.216406 0.907813 0.216406 0.945312 0.146094 0.945312
0 0.210156 0.909375 0.280469 0.909375 0.280469 0.946875 0.210156 0.946875
0 0.274219 0.907813 0.344531 0.907813 0.344531 0.945312 0.274219 0.945312
0 0.342969 0.910937 0.413281 0.910937 0.413281 0.948438 0.342969 0.948438
0 0.407031 0.904687 0.477344 0.904687 0.477344 0.942187 0.407031 0.942187
0 0.469531 0.909375 0.539844 0.909375 0.539844 0.946875 0.469531 0.946875
0 0.536719 0.909375 0.607031 0.909375 0.607031 0.946875 0.536719 0.946875
0 0.596094 0.907813 0.666406 0.907813 0.666406 0.945312 0.596094 0.945312
0 0.658594 0.910937 0.728906 0.910937 0.728906 0.948438 0.658594 0.948438
0 0.725781 0.907813 0.796094 0.907813 0.796094 0.945312 0.725781 0.945312
0 0.792969 0.907813 0.863281 0.907813 0.863281 0.945312 0.792969 0.945312
0 0.033594 0.865625 0.082031 0.865625 0.082031 0.900000 0.033594 0.900000
0 0.072656 0.870313 0.121094 0.870313 0.121094 0.904687 0.072656 0.904687
0 0.116406 0.867188 0.164844 0.867188 0.164844 0.901563 0.116406 0.901563
0 0.166406 0.870313 0.214844 0.870313 0.214844 0.904687 0.166406 0.904687
0 0.203906 0.865625 0.252344 0.865625 0.252344 0.900000 0.203906 0.900000
0 0.247656 0.870313 0.296094 0.870313 0.296094 0.904687 0.247656 0.904687
0 0.294531 0.871875 0.342969 0.871875 0.342969 0.906250 0.294531 0.906250
0 0.335156 0.865625 0.383594 0.865625 0.383594 0.900000 0.335156 0.900000
0 0.378906 0.870313 0.427344 0.870313 0.427344 0.904687 0.378906 0.904687
0 0.422656 0.870313 0.471094 0.870313 0.471094 0.904687 0.422656 0.904687
0 0.471094 0.871875 0.519531 0.871875 0.519531 0.906250 0.471094 0.906250
0 0.513281 0.871875 0.561719 0.871875 0.561719 0.906250 0.513281 0.906250
0 0.553906 0.870313 0.602344 0.870313 0.602344 0.904687 0.553906 0.904687
0 0.603906 0.870313 0.652344 0.870313 0.652344 0.904687 0.603906 0.904687
0 0.647656 0.867188 0.696094 0.867188 0.696094 0.901563 0.647656 0.901563
0 0.691406 0.868750 0.739844 0.868750 0.739844 0.903125 0.691406 0.903125
0 0.732031 0.865625 0.780469 0.865625 0.780469 0.900000 0.732031 0.900000
0 0.777344 0.867188 0.825781 0.867188 0.825781 0.901563 0.777344 0.901563
0 0.816406 0.868750 0.864844 0.868750 0.864844 0.903125 0.816406 0.903125
0 0.866406 0.867188 0.914844 0.867188 0.914844 0.901563 0.866406 0.901563
0 0.013281 0.832812 0.099219 0.832812 0.099219 0.867188 0.013281 0.867188
0 0.099219 0.835938 0.185156 0.835938 0.185156 0.870313 0.099219 0.870313
0 0.180469 0.834375 0.266406 0.834375 0.266406 0.868750 0.180469 0.868750
0 0.266406 0.837500 0.352344 0.837500 0.352344 0.871875 0.266406 0.871875
0 0.353906 0.835938 0.439844 0.835938 0.439844 0.870313 0.353906 0.870313
0 0.432031 0.835938 0.517969 0.835938 0.517969 0.870313 0.432031 0.870313
0 0.516406 0.835938 0.602344 0.835938 0.602344 0.870313 0.516406 0.870313
0 0.602344 0.832812 0.688281 0.832812 0.688281 0.867188 0.602344 0.867188
0 0.691406 0.837500 0.777344 0.837500 0.777344 0.871875 0.691406 0.871875
0 0.771094 0.834375 0.857031 0.834375 0.857031 0.868750 0.771094 0.868750
0 0.028125 0.798438 0.081250 0.798438 0.081250 0.835938 0.028125 0.835938
0 0.079687 0.792188 0.132812 0.792188 0.132812 0.829688 0.079687 0.829688
0 0.135937 0.793750 0.189062 0.793750 0.189062 0.831250 0.135937 0.831250
0 0.185938 0.798438 0.239063 0.798438 0.239063 0.835938 0.185938 0.835938
0 0.243750 0.795312 0.296875 0.795312 0.296875 0.832812 0.243750 0.832812
0 0.293750 0.796875 0.346875 0.796875 0.346875 0.834375 0.293750 0.834375
0 0.348438 0.798438 0.401562 0.798438 0.401562 0.835938 0.348438 0.835938
0 0.400000 0.796875 0.453125 0.796875 0.453125 0.834375 0.400000 0.834375
0 0.456250 0.793750 0.509375 0.793750 0.509375 0.831250 0.456250 0.831250
0 0.507812 0.796875 0.560937 0.796875 0.560937 0.834375 0.507812 0.834375
0 0.564063 0.796875 0.617188 0.796875 0.617188 0.834375 0.564063 0.834375
0 0.615625 0.792188 0.668750 0.792188 0.668750 0.829688 0.615625 0.829688
0 0.667188 0.798438 0.720313 0.798438 0.720313 0.835938 0.667188 0.835938
0 0.717187 0.793750 0.770312 0.793750 0.770312 0.831250 0.717187 0.831250
0 0.770312 0.792188 0.823438 0.792188 0.823438 0.829688 0.770312 0.829688
0 0.828125 0.793750 0.881250 0.793750 0.881250 0.831250 0.828125 0.831250
0 0.006250 0.757812 0.103125 0.757812 0.103125 0.795312 0.006250 0.795312
0 0.096875 0.759375 0.193750 0.759375 0.193750 0.796875 0.096875 0.796875
0 0.190625 0.756250 0.287500 0.756250 0.287500 0.793750 0.190625 0.793750
0 0.282813 0.757812 0.379688 0.757812 0.379688 0.795312 0.282813 0.795312
0 0.375000 0.757812 0.471875 0.757812 0.471875 0.795312 0.375000 0.795312
0 0.471875 0.756250 0.568750 0.756250 0.568750 0.793750 0.471875 0.793750
0 0.557813 0.754687 0.654687 0.754687 0.654687 0.792188 0.557813 0.792188
0 0.656250 0.759375 0.753125 0.759375 0.753125 0.796875 0.656250 0.796875
0 0.746875 0.757812 0.843750 0.757812 0.843750 0.795312 0.746875 0.795312
0 0.028906 0.721094 0.080469 0.721094 0.080469 0.757031 0.028906 0.757031
0 0.083594 0.722656 0.135156 0.722656 0.135156 0.758594 0.083594 0.758594
0 0.136719 0.722656 0.188281 0.722656 0.188281 0.758594 0.136719 0.758594
0 0.191406 0.721094 0.242969 0.721094 0.242969 0.757031 0.191406 0.757031
0 0.239844 0.727344 0.291406 0.727344 0.291406 0.763281 0.239844 0.763281
0 0.297656 0.727344 0.349219 0.727344 0.349219 0.763281 0.297656 0.763281
0 0.352344 0.722656 0.403906 0.722656 0.403906 0.758594 0.352344 0.758594
0 0.402344 0.727344 0.453906 0.727344 0.453906 0.763281 0.402344 0.763281
0 0.455469 0.725781 0.507031 0.725781 0.507031 0.761719 0.455469 0.761719
0 0.508594 0.725781 0.560156 0.725781 0.560156 0.761719 0.508594 0.761719
0 0.561719 0.724219 0.613281 0.724219 0.613281 0.760156 0.561719 0.760156
0 0.616406 0.724219 0.667969 0.724219 0.667969 0.760156 0.616406 0.760156
0 0.666406 0.722656 0.717969 0.722656 0.717969 0.758594 0.666406 0.758594
0 0.721094 0.724219 0.772656 0.724219 0.772656 0.760156 0.721094 0.760156
0 0.774219 0.724219 0.825781 0.724219 0.825781 0.760156 0.774219 0.760156
0 0.824219 0.721094 0.875781 0.721094 0.875781 0.757031 0.824219 0.757031
0 0.042969 0.675000 0.072656 0.675000 0.072656 0.731250 0.042969 0.731250
0 0.071094 0.673438 0.100781 0.673438 0.100781 0.729688 0.071094 0.729688
0 0.094531 0.675000 0.124219 0.675000 0.124219 0.731250 0.094531 0.731250
0 0.117969 0.675000 0.147656 0.675000 0.147656 0.731250 0.117969 0.731250
0 0.150781 0.679688 0.180469 0.679688 0.180469 0.735938 0.150781 0.735938
0 0.171094 0.679688 0.200781 0.679688 0.200781 0.735938 0.171094 0.735938
0 0.199219 0.678125 0.228906 0.678125 0.228906 0.734375 0.199219 0.734375
0 0.228906 0.679688 0.258594 0.679688 0.258594 0.735938 0.228906 0.735938
0 0.253906 0.673438 0.283594 0.673438 0.283594 0.729688 0.253906 0.729688
0 0.283594 0.676562 0.313281 0.676562 0.313281 0.732812 0.283594 0.732812
0 0.308594 0.673438 0.338281 0.673438 0.338281 0.729688 0.308594 0.729688
0 0.333594 0.678125 0.363281 0.678125 0.363281 0.734375 0.333594 0.734375
0 0.358594 0.675000 0.388281 0.675000 0.388281 0.731250 0.358594 0.731250
0 0.383594 0.673438 0.413281 0.673438 0.413281 0.729688 0.383594 0.729688
0 0.413281 0.679688 0.442969 0.679688 0.442969 0.735938 0.413281 0.735938
0 0.438281 0.675000 0.467969 0.675000 0.467969 0.731250 0.438281 0.731250
0 0.464844 0.676562 0.494531 0.676562 0.494531 0.732812 0.464844 0.732812
0 0.492969 0.673438 0.522656 0.673438 0.522656 0.729688 0.492969 0.729688
0 0.516406 0.673438 0.546094 0.673438 0.546094 0.729688 0.516406 0.729688
0 0.544531 0.678125 0.574219 0.678125 0.574219 0.734375 0.544531 0.734375
0 0.571094 0.679688 0.600781 0.679688 0.600781 0.735938 0.571094 0.735938
0 0.597656 0.678125 0.627344 0.678125 0.627344 0.734375 0.597656 0.734375
0 0.622656 0.675000 0.652344 0.675000 0.652344 0.731250 0.622656 0.731250
0 0.649219 0.679688 0.678906 0.679688 0.678906 0.735938 0.649219 0.735938
0 0.680469 0.678125 0.710156 0.678125 0.710156 0.734375 0.680469 0.734375
0 0.705469 0.678125 0.735156 0.678125 0.735156 0.734375 0.705469 0.734375
0 0.733594 0.673438 0.763281 0.673438 0.763281 0.729688 0.733594 0.729688
0 0.761719 0.673438 0.791406 0.673438 0.791406 0.729688 0.761719 0.729688
0 0.786719 0.678125 0.816406 0.678125 0.816406 0.734375 0.786719 0.734375
0 0.813281 0.673438 0.842969 0.673438 0.842969 0.729688 0.813281 0.729688
0 0.014063 0.635156 0.098437 0.635156 0.098437 0.667969 0.014063 0.667969
0 0.098437 0.639844 0.182812 0.639844 0.182812 0.672656 0.098437 0.672656
0 0.181250 0.635156 0.265625 0.635156 0.265625 0.667969 0.181250 0.667969
0 0.264062 0.636719 0.348438 0.636719 0.348438 0.669531 0.264062 0.669531
0 0.342187 0.639844 0.426563 0.639844 0.426563 0.672656 0.342187 0.672656
0 0.426563 0.635156 0.510938 0.635156 0.510938 0.667969 0.426563 0.667969
0 0.510938 0.641406 0.595313 0.641406 0.595313 0.674219 0.510938 0.674219
0 0.596875 0.641406 0.681250 0.641406 0.681250 0.674219 0.596875 0.674219
0 0.678125 0.641406 0.762500 0.641406 0.762500 0.674219 0.678125 0.674219
0 0.756250 0.638281 0.840625 0.638281 0.840625 0.671094 0.756250 0.671094
0 0.025000 0.609375 0.084375 0.609375 0.084375 0.640625 0.025000 0.640625
0 0.085938 0.607812 0.145313 0.607812 0.145313 0.639062 0.085938 0.639062
0 0.146875 0.607812 0.206250 0.607812 0.206250 0.639062 0.146875 0.639062
0 0.207813 0.609375 0.267188 0.609375 0.267188 0.640625 0.207813 0.640625
0 0.265625 0.607812 0.325000 0.607812 0.325000 0.639062 0.265625 0.639062
0 0.320312 0.610938 0.379688 0.610938 0.379688 0.642188 0.320312 0.642188
0 0.385937 0.604688 0.445312 0.604688 0.445312 0.635938 0.385937 0.635938
0 0.443750 0.604688 0.503125 0.604688 0.503125 0.635938 0.443750 0.635938
0 0.501563 0.606250 0.560937 0.606250 0.560937 0.637500 0.501563 0.637500
0 0.564063 0.604688 0.623437 0.604688 0.623437 0.635938 0.564063 0.635938
0 0.621875 0.607812 0.681250 0.607812 0.681250 0.639062 0.621875 0.639062
0 0.682813 0.604688 0.742188 0.604688 0.742188 0.635938 0.682813 0.635938
0 0.742188 0.609375 0.801562 0.609375 0.801562 0.640625 0.742188 0.640625
0 0.795312 0.606250 0.854688 0.606250 0.854688 0.637500 0.795312 0.637500
0 0.018750 0.571094 0.087500 0.571094 0.087500 0.607031 0.018750 0.607031
0 0.090625 0.571094 0.159375 0.571094 0.159375 0.607031 0.090625 0.607031
0 0.153125 0.577344 0.221875 0.577344 0.221875 0.613281 0.153125 0.613281
0 0.221875 0.571094 0.290625 0.571094 0.290625 0.607031 0.221875 0.607031
0 0.282813 0.575781 0.351562 0.575781 0.351562 0.611719 0.282813 0.611719
0 0.353125 0.572656 0.421875 0.572656 0.421875 0.608594 0.353125 0.608594
0 0.418750 0.575781 0.487500 0.575781 0.487500 0.611719 0.418750 0.611719
0 0.482812 0.571094 0.551562 0.571094 0.551562 0.607031 0.482812 0.607031
0 0.548438 0.574219 0.617188 0.574219 0.617188 0.610156 0.548438 0.610156
0 0.610938 0.571094 0.679688 0.571094 0.679688 0.607031 0.610938 0.607031
0 0.678125 0.572656 0.746875 0.572656 0.746875 0.608594 0.678125 0.608594
0 0.740625 0.577344 0.809375 0.577344 0.809375 0.613281 0.740625 0.613281
0 0.807813 0.575781 0.876563 0.575781 0.876563 0.611719 0.807813 0.611719
0 0.033594 0.516406 0.072656 0.516406 0.072656 0.589844 0.033594 0.589844
0 0.071094 0.514844 0.110156 0.514844 0.110156 0.588281 0.071094 0.588281
0 0.110156 0.521094 0.149219 0.521094 0.149219 0.594531 0.110156 0.594531
0 0.141406 0.521094 0.180469 0.521094 0.180469 0.594531 0.141406 0.594531
0 0.183594 0.519531 0.222656 0.519531 0.222656 0.592969 0.183594 0.592969
0 0.216406 0.517969 0.255469 0.517969 0.255469 0.591406 0.216406 0.591406
0 0.255469 0.514844 0.294531 0.514844 0.294531 0.588281 0.255469 0.588281
0 0.286719 0.521094 0.325781 0.521094 0.325781 0.594531 0.286719 0.594531
0 0.322656 0.516406 0.361719 0.516406 0.361719 0.589844 0.322656 0.589844
0 0.360156 0.521094 0.399219 0.521094 0.399219 0.594531 0.360156 0.594531
0 0.394531 0.521094 0.433594 0.521094 0.433594 0.594531 0.394531 0.594531
0 0.432031 0.516406 0.471094 0.516406 0.471094 0.589844 0.432031 0.589844
0 0.471094 0.514844 0.510156 0.514844 0.510156 0.588281 0.471094 0.588281
0 0.500781 0.519531 0.539844 0.519531 0.539844 0.592969 0.500781 0.592969
0 0.539844 0.519531 0.578906 0.519531 0.578906 0.592969 0.539844 0.592969
0 0.574219 0.517969 0.613281 0.517969 0.613281 0.591406 0.574219 0.591406
0 0.608594 0.519531 0.647656 0.519531 0.647656 0.592969 0.608594 0.592969
0 0.647656 0.517969 0.686719 0.517969 0.686719 0.591406 0.647656 0.591406
0 0.683594 0.519531 0.722656 0.519531 0.722656 0.592969 0.683594 0.592969
0 0.722656 0.516406 0.761719 0.516406 0.761719 0.589844 0.722656 0.589844
0 0.755469 0.514844 0.794531 0.514844 0.794531 0.588281 0.755469 0.588281
0 0.788281 0.516406 0.827344 0.516406 0.827344 0.589844 0.788281 0.589844
0 0.824219 0.517969 0.863281 0.517969 0.863281 0.591406 0.824219 0.591406
0 0.860156 0.514844 0.899219 0.514844 0.899219 0.588281 0.860156 0.588281
5 0.004687 0.889062 0.020313 0.889062 0.020313 0.906250 0.004687 0.906250
5 0.968750 0.889062 0.984375 0.889062 0.984375 0.906250 0.968750 0.906250
5 0.026562 0.967187 0.042188 0.967187 0.042188 0.984375 0.026562 0.984375
5 0.975000 0.967187 0.990625 0.967187 0.990625 0.984375 0.975000 0.984375