4 0.059375 0.666406 0.131250 0.666406 0.131250 0.789844 0.059375 0.789844
4 0.129688 0.664844 0.201563 0.664844 0.201563 0.788281 0.129688 0.788281
4 0.196875 0.661719 0.268750 0.661719 0.268750 0.785156 0.196875 0.785156
4 0.265625 0.661719 0.337500 0.661719 0.337500 0.785156 0.265625 0.785156
4 0.334375 0.666406 0.406250 0.666406 0.406250 0.789844 0.334375 0.789844
4 0.395313 0.661719 0.467187 0.661719 0.467187 0.785156 0.395313 0.785156
4 0.465625 0.661719 0.537500 0.661719 0.537500 0.785156 0.465625 0.785156
4 0.529687 0.666406 0.601562 0.666406 0.601562 0.789844 0.529687 0.789844
4 0.601562 0.660156 0.673438 0.660156 0.673438 0.783594 0.601562 0.783594
4 0.670312 0.660156 0.742188 0.660156 0.742188 0.783594 0.670312 0.783594
4 0.731250 0.661719 0.803125 0.661719 0.803125 0.785156 0.731250 0.785156
4 0.803125 0.664844 0.875000 0.664844 0.875000 0.788281 0.803125 0.788281
1 0.075000 0.495312 0.162500 0.495312 0.162500 0.726562 0.075000 0.726562
1 0.160938 0.493750 0.248438 0.493750 0.248438 0.725000 0.160938 0.725000
1 0.246875 0.493750 0.334375 0.493750 0.334375 0.725000 0.246875 0.725000
1 0.340625 0.493750 0.428125 0.493750 0.428125 0.725000 0.340625 0.725000
1 0.423438 0.498437 0.510938 0.498437 0.510938 0.729688 0.423438 0.729688
1 0.514062 0.495312 0.601562 0.495312 0.601562 0.726562 0.514062 0.726562
1 0.598437 0.498437 0.685937 0.498437 0.685937 0.729688 0.598437 0.729688
1 0.689063 0.495312 0.776563 0.495312 0.776563 0.726562 0.689063 0.726562
1 0.778125 0.493750 0.865625 0.493750 0.865625 0.725000 0.778125 0.725000
4 0.006250 0.313281 0.062500 0.313281 0.062500 0.408594 0.006250 0.408594
4 0.057813 0.314844 0.114062 0.314844 0.114062 0.410156 0.057813 0.410156
4 0.118750 0.313281 0.175000 0.313281 0.175000 0.408594 0.118750 0.408594
4 0.175000 0.316406 0.231250 0.316406 0.231250 0.411719 0.175000 0.411719
4 0.237500 0.311719 0.293750 0.311719 0.293750 0.407031 0.237500 0.407031
4 0.290625 0.314844 0.346875 0.314844 0.346875 0.410156 0.290625 0.410156
4 0.351562 0.313281 0.407813 0.313281 0.407813 0.408594 0.351562 0.408594
4 0.406250 0.313281 0.462500 0.313281 0.462500 0.408594 0.406250 0.408594
4 0.468750 0.316406 0.525000 0.316406 0.525000 0.411719 0.468750 0.411719
4 0.523438 0.313281 0.579688 0.313281 0.579688 0.408594 0.523438 0.408594
4 0.581250 0.316406 0.637500 0.316406 0.637500 0.411719 0.581250 0.411719
4 0.639062 0.316406 0.695312 0.316406 0.695312 0.411719 0.639062 0.411719
4 0.700000 0.316406 0.756250 0.316406 0.756250 0.411719 0.700000 0.411719
4 0.756250 0.317969 0.812500 0.317969 0.812500 0.413281 0.756250 0.413281
4 0.809375 0.314844 0.865625 0.314844 0.865625 0.410156 0.809375 0.410156
4 0.873437 0.311719 0.929688 0.311719 0.929688 0.407031 0.873437 0.407031
1 0.070312 0.164844 0.151562 0.164844 0.151562 0.357031 0.070312 0.357031
1 0.157812 0.164844 0.239063 0.164844 0.239063 0.357031 0.157812 0.357031
1 0.235937 0.161719 0.317188 0.161719 0.317188 0.353906 0.235937 0.353906
1 0.321875 0.164844 0.403125 0.164844 0.403125 0.357031 0.321875 0.357031
1 0.403125 0.167969 0.484375 0.167969 0.484375 0.360156 0.403125 0.360156
1 0.487500 0.166406 0.568750 0.166406 0.568750 0.358594 0.487500 0.358594
1 0.573438 0.161719 0.654687 0.161719 0.654687 0.353906 0.573438 0.353906
1 0.656250 0.161719 0.737500 0.161719 0.737500 0.353906 0.656250 0.353906
1 0.737500 0.166406 0.818750 0.166406 0.818750 0.358594 0.737500 0.358594
1 0.821875 0.164844 0.903125 0.164844 0.903125 0.357031 0.821875 0.357031
4 0.068750 -0.000781 0.140625 -0.000781 0.140625 0.122656 0.068750 0.122656
4 0.142187 0.002344 0.214062 0.002344 0.214062 0.125781 0.142187 0.125781
4 0.217188 0.003906 0.289062 0.003906 0.289062 0.127344 0.217188 0.127344
4 0.285938 0.005469 0.357812 0.005469 0.357812 0.128906 0.285938 0.128906
4 0.365625 0.002344 0.437500 0.002344 0.437500 0.125781 0.365625 0.125781
4 0.435937 -0.000781 0.507812 -0.000781 0.507812 0.122656 0.435937 0.122656
4 0.510938 -0.000781 0.582812 -0.000781 0.582812 0.122656 0.510938 0.122656
4 0.579688 -0.000781 0.651563 -0.000781 0.651563 0.122656 0.579688 0.122656
4 0.657813 0.002344 0.729688 0.002344 0.729688 0.125781 0.657813 0.125781
4 0.731250 0.000781 0.803125 0.000781 0.803125 0.124219 0.731250 0.124219
4 0.804688 0.003906 0.876563 0.003906 0.876563 0.127344 0.804688 0.127344
0 0.474219 0.420312 0.522656 0.420312 0.522656 0.454688 0.474219 0.454688
0 0.525781 0.420312 0.574219 0.420312 0.574219 0.454688 0.525781 0.454688
0 0.577344 0.420312 0.625781 0.420312 0.625781 0.454688 0.577344 0.454688
0 0.628906 0.420312 0.677344 0.420312 0.677344 0.454688 0.628906 0.454688
0 0.680469 0.420312 0.728906 0.420312 0.728906 0.454688 0.680469 0.454688
2 0.498437 0.420312 0.753125 0.420312 0.753125 0.454688 0.498437 0.454688
0 0.774219 0.708594 0.810156 0.708594 0.810156 0.775781 0.774219 0.775781
0 0.813281 0.708594 0.849219 0.708594 0.849219 0.775781 0.813281 0.775781
0 0.852344 0.708594 0.888281 0.708594 0.888281 0.775781 0.852344 0.775781
0 0.891406 0.708594 0.927344 0.708594 0.927344 0.775781 0.891406 0.775781
0 0.930469 0.708594 0.966406 0.708594 0.966406 0.775781 0.930469 0.775781
2 0.792188 0.709375 0.984375 0.709375 0.984375 0.775000 0.792188 0.775000
0 0.563281 0.118750 0.608594 0.118750 0.608594 0.150000 0.563281 0.150000
0 0.611719 0.118750 0.657031 0.118750 0.657031 0.150000 0.611719 0.150000
0 0.660156 0.118750 0.705469 0.118750 0.705469 0.150000 0.660156 0.150000
2 0.585938 0.118750 0.728125 0.118750 0.728125 0.150000 0.585938 0.150000
0 0.183594 0.418750 0.263281 0.418750 0.263281 0.450000 0.183594 0.450000
0 0.266406 0.418750 0.346094 0.418750 0.346094 0.450000 0.266406 0.450000
2 0.223438 0.418750 0.385937 0.418750 0.385937 0.450000 0.223438 0.450000
5 0.975000 0.890625 0.990625 0.890625 0.990625 0.906250 0.975000 0.906250