0 0.025781 0.066406 0.077344 0.066406 0.077344 0.102344 0.025781 0.102344
0 0.235156 0.066406 0.286719 0.066406 0.286719 0.102344 0.235156 0.102344
0 0.653906 0.066406 0.705469 0.066406 0.705469 0.102344 0.653906 0.102344
0 0.863281 0.066406 0.914844 0.066406 0.914844 0.102344 0.863281 0.102344
0 0.031250 0.190625 0.075000 0.190625 0.075000 0.221875 0.031250 0.221875
0 0.078125 0.190625 0.121875 0.190625 0.121875 0.221875 0.078125 0.221875
0 0.120313 0.190625 0.164062 0.190625 0.164062 0.221875 0.120313 0.221875
0 0.167187 0.190625 0.210938 0.190625 0.210938 0.221875 0.167187 0.221875
0 0.212500 0.190625 0.256250 0.190625 0.256250 0.221875 0.212500 0.221875
0 0.257812 0.190625 0.301563 0.190625 0.301563 0.221875 0.257812 0.221875
0 0.304688 0.190625 0.348438 0.190625 0.348438 0.221875 0.304688 0.221875
0 0.343750 0.190625 0.387500 0.190625 0.387500 0.221875 0.343750 0.221875
0 0.395313 0.190625 0.439063 0.190625 0.439063 0.221875 0.395313 0.221875
0 0.440625 0.190625 0.484375 0.190625 0.484375 0.221875 0.440625 0.221875
0 0.485938 0.190625 0.529687 0.190625 0.529687 0.221875 0.485938 0.221875
0 0.529687 0.190625 0.573438 0.190625 0.573438 0.221875 0.529687 0.221875
0 0.571875 0.190625 0.615625 0.190625 0.615625 0.221875 0.571875 0.221875
0 0.620313 0.190625 0.664062 0.190625 0.664062 0.221875 0.620313 0.221875
0 0.660937 0.190625 0.704688 0.190625 0.704688 0.221875 0.660937 0.221875
0 0.707812 0.190625 0.751563 0.190625 0.751563 0.221875 0.707812 0.221875
0 0.757812 0.190625 0.801562 0.190625 0.801562 0.221875 0.757812 0.221875
0 0.800000 0.190625 0.843750 0.190625 0.843750 0.221875 0.800000 0.221875
0 0.848437 0.190625 0.892188 0.190625 0.892188 0.221875 0.848437 0.221875
0 0.890625 0.190625 0.934375 0.190625 0.934375 0.221875 0.890625 0.221875
7 -0.002253 0.166651 0.068106 0.120081 0.191430 0.306403 0.121070 0.352972
7 0.039845 0.134357 0.119082 0.105360 0.195868 0.315189 0.116632 0.344186
7 0.088282 0.112698 0.172081 0.102854 0.198149 0.324765 0.114351 0.334610
7 0.140419 0.102854 0.224218 0.112698 0.198149 0.334610 0.114351 0.324765
7 0.193418 0.105360 0.272655 0.134357 0.195868 0.344186 0.116632 0.315189
7 0.244394 0.120081 0.314753 0.166651 0.191430 0.352972 0.121070 0.306403
7 0.207122 0.166651 0.277481 0.120081 0.400805 0.306403 0.330445 0.352972
7 0.249220 0.134357 0.328457 0.105360 0.405243 0.315189 0.326007 0.344186
7 0.297657 0.112698 0.381456 0.102854 0.407524 0.324765 0.323726 0.334610
7 0.349794 0.102854 0.433593 0.112698 0.407524 0.334610 0.323726 0.324765
7 0.402793 0.105360 0.482030 0.134357 0.405243 0.344186 0.326007 0.315189
7 0.453769 0.120081 0.524128 0.166651 0.400805 0.352972 0.330445 0.306403
0 0.339844 0.311719 0.391406 0.311719 0.391406 0.347656 0.339844 0.347656
7 0.416497 0.166651 0.486856 0.120081 0.610180 0.306403 0.539820 0.352972
7 0.458595 0.134357 0.537832 0.105360 0.614618 0.315189 0.535382 0.344186
7 0.507032 0.112698 0.590831 0.102854 0.616899 0.324765 0.533101 0.334610
7 0.559169 0.102854 0.642968 0.112698 0.616899 0.334610 0.533101 0.324765
7 0.612168 0.105360 0.691405 0.134357 0.614618 0.344186 0.535382 0.315189
7 0.663144 0.120081 0.733503 0.166651 0.610180 0.352972 0.539820 0.306403
7 0.625872 0.166651 0.696231 0.120081 0.819555 0.306403 0.749195 0.352972
7 0.667970 0.134357 0.747207 0.105360 0.823993 0.315189 0.744757 0.344186
7 0.716407 0.112698 0.800206 0.102854 0.826274 0.324765 0.742476 0.334610
7 0.768544 0.102854 0.852343 0.112698 0.826274 0.334610 0.742476 0.324765
7 0.821543 0.105360 0.900780 0.134357 0.823993 0.344186 0.744757 0.315189
7 0.872519 0.120081 0.942878 0.166651 0.819555 0.352972 0.749195 0.306403
0 0.758594 0.311719 0.810156 0.311719 0.810156 0.347656 0.758594 0.347656
0 0.026562 0.435937 0.070312 0.435937 0.070312 0.467187 0.026562 0.467187
0 0.079687 0.435937 0.123438 0.435937 0.123438 0.467187 0.079687 0.467187
0 0.123438 0.435937 0.167187 0.435937 0.167187 0.467187 0.123438 0.467187
0 0.171875 0.435937 0.215625 0.435937 0.215625 0.467187 0.171875 0.467187
0 0.215625 0.435937 0.259375 0.435937 0.259375 0.467187 0.215625 0.467187
0 0.262500 0.435937 0.306250 0.435937 0.306250 0.467187 0.262500 0.467187
0 0.310937 0.435937 0.354687 0.435937 0.354687 0.467187 0.310937 0.467187
0 0.354687 0.435937 0.398438 0.435937 0.398438 0.467187 0.354687 0.467187
0 0.401562 0.435937 0.445312 0.435937 0.445312 0.467187 0.401562 0.467187
0 0.454688 0.435937 0.498437 0.435937 0.498437 0.467187 0.454688 0.467187
0 0.498437 0.435937 0.542188 0.435937 0.542188 0.467187 0.498437 0.467187
0 0.546875 0.435937 0.590625 0.435937 0.590625 0.467187 0.546875 0.467187
0 0.590625 0.435937 0.634375 0.435937 0.634375 0.467187 0.590625 0.467187
0 0.640625 0.435937 0.684375 0.435937 0.684375 0.467187 0.640625 0.467187
0 0.687500 0.435937 0.731250 0.435937 0.731250 0.467187 0.687500 0.467187
0 0.735938 0.435937 0.779687 0.435937 0.779687 0.467187 0.735938 0.467187
0 0.781250 0.435937 0.825000 0.435937 0.825000 0.467187 0.781250 0.467187
0 0.825000 0.435937 0.868750 0.435937 0.868750 0.467187 0.825000 0.467187
0 0.875000 0.435937 0.918750 0.435937 0.918750 0.467187 0.875000 0.467187
0 0.918750 0.435937 0.962500 0.435937 0.962500 0.467187 0.918750 0.467187
7 0.035732 0.348166 0.119531 0.358010 0.093462 0.579922 0.009663 0.570078
7 0.088731 0.350673 0.167967 0.379669 0.091181 0.589498 0.011944 0.560502
7 0.139706 0.365394 0.210065 0.411963 0.086742 0.598285 0.016383 0.551715
0 0.025781 0.557031 0.077344 0.557031 0.077344 0.592969 0.025781 0.592969
7 0.102435 0.411963 0.172794 0.365394 0.296117 0.551715 0.225758 0.598285
7 0.144533 0.379669 0.223769 0.350673 0.300556 0.560502 0.221319 0.589498
7 0.192969 0.358010 0.276768 0.348166 0.302837 0.570078 0.219038 0.579922
7 0.245107 0.348166 0.328906 0.358010 0.302837 0.579922 0.219038 0.570078
7 0.298106 0.350673 0.377342 0.379669 0.300556 0.589498 0.221319 0.560502
7 0.349081 0.365394 0.419440 0.411963 0.296117 0.598285 0.225758 0.551715
7 0.311810 0.411963 0.382169 0.365394 0.505492 0.551715 0.435133 0.598285
7 0.353908 0.379669 0.433144 0.350673 0.509931 0.560502 0.430694 0.589498
7 0.402344 0.358010 0.486143 0.348166 0.512212 0.570078 0.428413 0.579922
7 0.454482 0.348166 0.538281 0.358010 0.512212 0.579922 0.428413 0.570078
7 0.507481 0.350673 0.586717 0.379669 0.509931 0.589498 0.430694 0.560502
7 0.558456 0.365394 0.628815 0.411963 0.505492 0.598285 0.435133 0.551715
0 0.444531 0.557031 0.496094 0.557031 0.496094 0.592969 0.444531 0.592969
7 0.521185 0.411963 0.591544 0.365394 0.714867 0.551715 0.644508 0.598285
7 0.563283 0.379669 0.642519 0.350673 0.719306 0.560502 0.640069 0.589498
7 0.611719 0.358010 0.695518 0.348166 0.721587 0.570078 0.637788 0.579922
7 0.663857 0.348166 0.747656 0.358010 0.721587 0.579922 0.637788 0.570078
7 0.716856 0.350673 0.796092 0.379669 0.719306 0.589498 0.640069 0.560502
7 0.767831 0.365394 0.838190 0.411963 0.714867 0.598285 0.644508 0.551715
7 0.730560 0.411963 0.800919 0.365394 0.924242 0.551715 0.853883 0.598285
7 0.772658 0.379669 0.851894 0.350673 0.928681 0.560502 0.849444 0.589498
7 0.821094 0.358010 0.904893 0.348166 0.930962 0.570078 0.847163 0.579922
7 0.873232 0.348166 0.957031 0.358010 0.930962 0.579922 0.847163 0.570078
0 0.863281 0.557031 0.914844 0.557031 0.914844 0.592969 0.863281 0.592969