0 0.018750 0.878906 0.087500 0.878906 0.087500 0.914844 0.018750 0.914844
0 0.085938 0.878906 0.154688 0.878906 0.154688 0.914844 0.085938 0.914844
0 0.153125 0.878906 0.221875 0.878906 0.221875 0.914844 0.153125 0.914844
0 0.220312 0.878906 0.289062 0.878906 0.289062 0.914844 0.220312 0.914844
0 0.287500 0.878906 0.356250 0.878906 0.356250 0.914844 0.287500 0.914844
0 0.354687 0.878906 0.423438 0.878906 0.423438 0.914844 0.354687 0.914844
0 0.421875 0.878906 0.490625 0.878906 0.490625 0.914844 0.421875 0.914844
0 0.489063 0.878906 0.557813 0.878906 0.557813 0.914844 0.489063 0.914844
0 0.556250 0.878906 0.625000 0.878906 0.625000 0.914844 0.556250 0.914844
0 0.623437 0.878906 0.692187 0.878906 0.692187 0.914844 0.623437 0.914844
0 0.690625 0.878906 0.759375 0.878906 0.759375 0.914844 0.690625 0.914844
0 0.757812 0.878906 0.826562 0.878906 0.826562 0.914844 0.757812 0.914844
0 0.825000 0.878906 0.893750 0.878906 0.893750 0.914844 0.825000 0.914844
6 0.028125 0.824219 0.075000 0.824219 0.075000 0.885156 0.028125 0.885156
6 0.075000 0.824219 0.121875 0.824219 0.121875 0.885156 0.075000 0.885156
6 0.118750 0.824219 0.165625 0.824219 0.165625 0.885156 0.118750 0.885156
6 0.162500 0.824219 0.209375 0.824219 0.209375 0.885156 0.162500 0.885156
6 0.210938 0.824219 0.257812 0.824219 0.257812 0.885156 0.210938 0.885156
6 0.254688 0.824219 0.301563 0.824219 0.301563 0.885156 0.254688 0.885156
6 0.303125 0.824219 0.350000 0.824219 0.350000 0.885156 0.303125 0.885156
6 0.348438 0.824219 0.395313 0.824219 0.395313 0.885156 0.348438 0.885156
6 0.390625 0.824219 0.437500 0.824219 0.437500 0.885156 0.390625 0.885156
6 0.439063 0.824219 0.485938 0.824219 0.485938 0.885156 0.439063 0.885156
6 0.479687 0.824219 0.526563 0.824219 0.526563 0.885156 0.479687 0.885156
6 0.525000 0.824219 0.571875 0.824219 0.571875 0.885156 0.525000 0.885156
6 0.570312 0.824219 0.617188 0.824219 0.617188 0.885156 0.570312 0.885156
6 0.620313 0.824219 0.667188 0.824219 0.667188 0.885156 0.620313 0.885156
6 0.660937 0.824219 0.707812 0.824219 0.707812 0.885156 0.660937 0.885156
6 0.710938 0.824219 0.757812 0.824219 0.757812 0.885156 0.710938 0.885156
6 0.757812 0.824219 0.804688 0.824219 0.804688 0.885156 0.757812 0.885156
6 0.801562 0.824219 0.848437 0.824219 0.848437 0.885156 0.801562 0.885156
6 0.848437 0.824219 0.895312 0.824219 0.895312 0.885156 0.848437 0.885156
1 0.014063 0.607812 0.092188 0.607812 0.092188 0.793750 0.014063 0.793750
1 0.084927 0.606434 0.157616 0.635067 0.089469 0.808066 0.016781 0.779434
1 0.151366 0.631123 0.208503 0.684404 0.081694 0.820391 0.024556 0.767109
1 0.099310 0.684404 0.156447 0.631123 0.283256 0.767109 0.226119 0.820391
1 0.150197 0.635067 0.222886 0.606434 0.291032 0.779434 0.218343 0.808066
1 0.215625 0.607812 0.293750 0.607812 0.293750 0.793750 0.215625 0.793750
1 0.286489 0.606434 0.359178 0.635067 0.291032 0.808066 0.218343 0.779434
1 0.352928 0.631123 0.410065 0.684404 0.283256 0.820391 0.226119 0.767109
1 0.300872 0.684404 0.358009 0.631123 0.484819 0.767109 0.427681 0.820391
1 0.351759 0.635067 0.424448 0.606434 0.492594 0.779434 0.419906 0.808066
1 0.417187 0.607812 0.495312 0.607812 0.495312 0.793750 0.417187 0.793750
1 0.488052 0.606434 0.560741 0.635067 0.492594 0.808066 0.419906 0.779434
1 0.554491 0.631123 0.611628 0.684404 0.484819 0.820391 0.427681 0.767109
1 0.502435 0.684404 0.559572 0.631123 0.686381 0.767109 0.629244 0.820391
1 0.553322 0.635067 0.626011 0.606434 0.694157 0.779434 0.621468 0.808066
1 0.618750 0.607812 0.696875 0.607812 0.696875 0.793750 0.618750 0.793750
1 0.689614 0.606434 0.762303 0.635067 0.694157 0.808066 0.621468 0.779434
1 0.756053 0.631123 0.813190 0.684404 0.686381 0.820391 0.629244 0.767109
6 0.029687 0.577344 0.076563 0.577344 0.076563 0.638281 0.029687 0.638281
6 0.071875 0.577344 0.118750 0.577344 0.118750 0.638281 0.071875 0.638281
6 0.120313 0.577344 0.167187 0.577344 0.167187 0.638281 0.120313 0.638281
6 0.167187 0.577344 0.214062 0.577344 0.214062 0.638281 0.167187 0.638281
6 0.209375 0.577344 0.256250 0.577344 0.256250 0.638281 0.209375 0.638281
6 0.256250 0.577344 0.303125 0.577344 0.303125 0.638281 0.256250 0.638281
6 0.304688 0.577344 0.351562 0.577344 0.351562 0.638281 0.304688 0.638281
6 0.346875 0.577344 0.393750 0.577344 0.393750 0.638281 0.346875 0.638281
6 0.393750 0.577344 0.440625 0.577344 0.440625 0.638281 0.393750 0.638281
6 0.440625 0.577344 0.487500 0.577344 0.487500 0.638281 0.440625 0.638281
6 0.485938 0.577344 0.532813 0.577344 0.532813 0.638281 0.485938 0.638281
6 0.528125 0.577344 0.575000 0.577344 0.575000 0.638281 0.528125 0.638281
6 0.571875 0.577344 0.618750 0.577344 0.618750 0.638281 0.571875 0.638281
6 0.620313 0.577344 0.667188 0.577344 0.667188 0.638281 0.620313 0.638281
6 0.664062 0.577344 0.710938 0.577344 0.710938 0.638281 0.664062 0.638281
6 0.707812 0.577344 0.754687 0.577344 0.754687 0.638281 0.707812 0.638281
6 0.754687 0.577344 0.801562 0.577344 0.801562 0.638281 0.754687 0.638281
6 0.798438 0.577344 0.845313 0.577344 0.845313 0.638281 0.798438 0.638281
6 0.845313 0.577344 0.892188 0.577344 0.892188 0.638281 0.845313 0.638281
0 0.018750 0.528906 0.087500 0.528906 0.087500 0.564844 0.018750 0.564844
0 0.089063 0.528906 0.157812 0.528906 0.157812 0.564844 0.089063 0.564844
0 0.159375 0.528906 0.228125 0.528906 0.228125 0.564844 0.159375 0.564844
0 0.229687 0.528906 0.298438 0.528906 0.298438 0.564844 0.229687 0.564844
0 0.300000 0.528906 0.368750 0.528906 0.368750 0.564844 0.300000 0.564844
0 0.370312 0.528906 0.439063 0.528906 0.439063 0.564844 0.370312 0.564844
0 0.440625 0.528906 0.509375 0.528906 0.509375 0.564844 0.440625 0.564844
0 0.510938 0.528906 0.579688 0.528906 0.579688 0.564844 0.510938 0.564844
0 0.581250 0.528906 0.650000 0.528906 0.650000 0.564844 0.581250 0.564844
0 0.651563 0.528906 0.720313 0.528906 0.720313 0.564844 0.651563 0.564844
0 0.721875 0.528906 0.790625 0.528906 0.790625 0.564844 0.721875 0.564844
0 0.792188 0.528906 0.860938 0.528906 0.860938 0.564844 0.792188 0.564844
1 -0.000981 0.425611 0.046578 0.363631 0.194092 0.476822 0.146533 0.538803
1 0.039854 0.369685 0.106467 0.328865 0.203619 0.487402 0.137006 0.528223
1 0.098020 0.332107 0.174836 0.317870 0.208721 0.500694 0.131904 0.514931
1 0.165789 0.317870 0.242605 0.332107 0.208721 0.514931 0.131904 0.500694
1 0.234158 0.328865 0.300771 0.369685 0.203619 0.528223 0.137006 0.487402
1 0.294047 0.363631 0.341606 0.425611 0.194092 0.538803 0.146533 0.476822
1 0.234956 0.425611 0.282516 0.363631 0.430030 0.476822 0.382470 0.538803
1 0.275792 0.369685 0.342404 0.328865 0.439556 0.487402 0.372944 0.528223
1 0.333957 0.332107 0.410774 0.317870 0.444658 0.500694 0.367842 0.514931
1 0.401726 0.317870 0.478543 0.332107 0.444658 0.514931 0.367842 0.500694
1 0.470096 0.328865 0.536708 0.369685 0.439556 0.528223 0.372944 0.487402
1 0.529984 0.363631 0.577544 0.425611 0.430030 0.538803 0.382470 0.476822
1 0.470894 0.425611 0.518453 0.363631 0.665967 0.476822 0.618408 0.538803
1 0.511729 0.369685 0.578342 0.328865 0.675494 0.487402 0.608881 0.528223
1 0.569895 0.332107 0.646711 0.317870 0.680596 0.500694 0.603779 0.514931
1 0.637664 0.317870 0.714480 0.332107 0.680596 0.514931 0.603779 0.500694
1 0.706033 0.328865 0.772646 0.369685 0.675494 0.528223 0.608881 0.487402
1 0.765922 0.363631 0.813481 0.425611 0.665967 0.538803 0.618408 0.476822
6 0.028125 0.291406 0.075000 0.291406 0.075000 0.352344 0.028125 0.352344
6 0.075000 0.291406 0.121875 0.291406 0.121875 0.352344 0.075000 0.352344
6 0.114062 0.291406 0.160938 0.291406 0.160938 0.352344 0.114062 0.352344
6 0.153125 0.291406 0.200000 0.291406 0.200000 0.352344 0.153125 0.352344
6 0.200000 0.291406 0.246875 0.291406 0.246875 0.352344 0.200000 0.352344
6 0.242188 0.291406 0.289062 0.291406 0.289062 0.352344 0.242188 0.352344
6 0.279687 0.291406 0.326562 0.291406 0.326562 0.352344 0.279687 0.352344
6 0.323437 0.291406 0.370312 0.291406 0.370312 0.352344 0.323437 0.352344
6 0.365625 0.291406 0.412500 0.291406 0.412500 0.352344 0.365625 0.352344
6 0.407813 0.291406 0.454688 0.291406 0.454688 0.352344 0.407813 0.352344
6 0.453125 0.291406 0.500000 0.291406 0.500000 0.352344 0.453125 0.352344
6 0.490625 0.291406 0.537500 0.291406 0.537500 0.352344 0.490625 0.352344
6 0.532813 0.291406 0.579688 0.291406 0.579688 0.352344 0.532813 0.352344
6 0.578125 0.291406 0.625000 0.291406 0.625000 0.352344 0.578125 0.352344
6 0.617188 0.291406 0.664062 0.291406 0.664062 0.352344 0.617188 0.352344
6 0.665625 0.291406 0.712500 0.291406 0.712500 0.352344 0.665625 0.352344
6 0.704688 0.291406 0.751563 0.291406 0.751563 0.352344 0.704688 0.352344
6 0.743750 0.291406 0.790625 0.291406 0.790625 0.352344 0.743750 0.352344
6 0.790625 0.291406 0.837500 0.291406 0.837500 0.352344 0.790625 0.352344
6 0.828125 0.291406 0.875000 0.291406 0.875000 0.352344 0.828125 0.352344
6 0.873437 0.291406 0.920312 0.291406 0.920312 0.352344 0.873437 0.352344
1 0.014063 0.075000 0.092188 0.075000 0.092188 0.260937 0.014063 0.260937
1 0.169144 0.110477 0.219882 0.169884 0.078494 0.290641 0.027756 0.231234
1 0.111368 0.169884 0.162106 0.110477 0.303494 0.231234 0.252756 0.290641
1 0.239063 0.075000 0.317188 0.075000 0.317188 0.260937 0.239063 0.260937
1 0.394144 0.110477 0.444882 0.169884 0.303494 0.290641 0.252756 0.231234
1 0.336368 0.169884 0.387106 0.110477 0.528494 0.231234 0.477756 0.290641
1 0.464062 0.075000 0.542188 0.075000 0.542188 0.260937 0.464062 0.260937
1 0.619144 0.110477 0.669882 0.169884 0.528494 0.290641 0.477756 0.231234
6 0.031250 0.044531 0.078125 0.044531 0.078125 0.105469 0.031250 0.105469
6 0.071875 0.044531 0.118750 0.044531 0.118750 0.105469 0.071875 0.105469
6 0.115625 0.044531 0.162500 0.044531 0.162500 0.105469 0.115625 0.105469
6 0.159375 0.044531 0.206250 0.044531 0.206250 0.105469 0.159375 0.105469
6 0.201563 0.044531 0.248438 0.044531 0.248438 0.105469 0.201563 0.105469
6 0.248438 0.044531 0.295312 0.044531 0.295312 0.105469 0.248438 0.105469
6 0.293750 0.044531 0.340625 0.044531 0.340625 0.105469 0.293750 0.105469
6 0.337500 0.044531 0.384375 0.044531 0.384375 0.105469 0.337500 0.105469
6 0.378125 0.044531 0.425000 0.044531 0.425000 0.105469 0.378125 0.105469
6 0.423438 0.044531 0.470313 0.044531 0.470313 0.105469 0.423438 0.105469
6 0.470313 0.044531 0.517188 0.044531 0.517188 0.105469 0.470313 0.105469
6 0.512500 0.044531 0.559375 0.044531 0.559375 0.105469 0.512500 0.105469
6 0.551562 0.044531 0.598437 0.044531 0.598437 0.105469 0.551562 0.105469
6 0.595313 0.044531 0.642188 0.044531 0.642188 0.105469 0.595313 0.105469
6 0.642188 0.044531 0.689063 0.044531 0.689063 0.105469 0.642188 0.105469
6 0.689063 0.044531 0.735938 0.044531 0.735938 0.105469 0.689063 0.105469
6 0.729688 0.044531 0.776563 0.044531 0.776563 0.105469 0.729688 0.105469
6 0.771875 0.044531 0.818750 0.044531 0.818750 0.105469 0.771875 0.105469
6 0.815625 0.044531 0.862500 0.044531 0.862500 0.105469 0.815625 0.105469
6 0.864062 0.044531 0.910937 0.044531 0.910937 0.105469 0.864062 0.105469
0 0.044531 0.724219 0.105469 0.724219 0.105469 0.757031 0.044531 0.757031
0 0.108594 0.724219 0.169531 0.724219 0.169531 0.757031 0.108594 0.757031
2 0.010937 0.725000 0.200000 0.725000 0.200000 0.756250 0.010937 0.756250
0 0.666406 0.667969 0.708594 0.667969 0.708594 0.697656 0.666406 0.697656
0 0.711719 0.667969 0.753906 0.667969 0.753906 0.697656 0.711719 0.697656
2 0.687500 0.668750 0.775000 0.668750 0.775000 0.696875 0.687500 0.696875