0 0.033594 0.900781 0.091406 0.900781 0.091406 0.930469 0.033594 0.930469
0 0.088281 0.900781 0.146094 0.900781 0.146094 0.930469 0.088281 0.930469
0 0.142969 0.900781 0.200781 0.900781 0.200781 0.930469 0.142969 0.930469
0 0.197656 0.900781 0.255469 0.900781 0.255469 0.930469 0.197656 0.930469
0 0.252344 0.900781 0.310156 0.900781 0.310156 0.930469 0.252344 0.930469
0 0.307031 0.900781 0.364844 0.900781 0.364844 0.930469 0.307031 0.930469
0 0.361719 0.900781 0.419531 0.900781 0.419531 0.930469 0.361719 0.930469
0 0.416406 0.900781 0.474219 0.900781 0.474219 0.930469 0.416406 0.930469
0 0.471094 0.900781 0.528906 0.900781 0.528906 0.930469 0.471094 0.930469
0 0.525781 0.900781 0.583594 0.900781 0.583594 0.930469 0.525781 0.930469
0 0.580469 0.900781 0.638281 0.900781 0.638281 0.930469 0.580469 0.930469
0 0.635156 0.900781 0.692969 0.900781 0.692969 0.930469 0.635156 0.930469
0 0.689844 0.900781 0.747656 0.900781 0.747656 0.930469 0.689844 0.930469
0 0.744531 0.900781 0.802344 0.900781 0.802344 0.930469 0.744531 0.930469
0 0.799219 0.900781 0.857031 0.900781 0.857031 0.930469 0.799219 0.930469
0 0.853906 0.900781 0.911719 0.900781 0.911719 0.930469 0.853906 0.930469
1 0.018750 0.773438 0.100000 0.773438 0.100000 0.989062 0.018750 0.989062
1 0.098437 0.773438 0.179688 0.773438 0.179688 0.989062 0.098437 0.989062
1 0.181250 0.773438 0.262500 0.773438 0.262500 0.989062 0.181250 0.989062
1 0.259375 0.773438 0.340625 0.773438 0.340625 0.989062 0.259375 0.989062
1 0.334375 0.773438 0.415625 0.773438 0.415625 0.989062 0.334375 0.989062
1 0.412500 0.773438 0.493750 0.773438 0.493750 0.989062 0.412500 0.989062
1 0.489063 0.773438 0.570312 0.773438 0.570312 0.989062 0.489063 0.989062
1 0.567187 0.773438 0.648438 0.773438 0.648438 0.989062 0.567187 0.989062
1 0.645312 0.773438 0.726562 0.773438 0.726562 0.989062 0.645312 0.989062
1 0.726562 0.773438 0.807813 0.773438 0.807813 0.989062 0.726562 0.989062
1 0.803125 0.773438 0.884375 0.773438 0.884375 0.989062 0.803125 0.989062
0 0.033594 0.650781 0.091406 0.650781 0.091406 0.680469 0.033594 0.680469
0 0.091406 0.650781 0.149219 0.650781 0.149219 0.680469 0.091406 0.680469
0 0.149219 0.650781 0.207031 0.650781 0.207031 0.680469 0.149219 0.680469
0 0.207031 0.650781 0.264844 0.650781 0.264844 0.680469 0.207031 0.680469
0 0.264844 0.650781 0.322656 0.650781 0.322656 0.680469 0.264844 0.680469
0 0.322656 0.650781 0.380469 0.650781 0.380469 0.680469 0.322656 0.680469
0 0.380469 0.650781 0.438281 0.650781 0.438281 0.680469 0.380469 0.680469
0 0.438281 0.650781 0.496094 0.650781 0.496094 0.680469 0.438281 0.680469
0 0.496094 0.650781 0.553906 0.650781 0.553906 0.680469 0.496094 0.680469
0 0.553906 0.650781 0.611719 0.650781 0.611719 0.680469 0.553906 0.680469
0 0.611719 0.650781 0.669531 0.650781 0.669531 0.680469 0.611719 0.680469
0 0.669531 0.650781 0.727344 0.650781 0.727344 0.680469 0.669531 0.680469
0 0.727344 0.650781 0.785156 0.650781 0.785156 0.680469 0.727344 0.680469
0 0.785156 0.650781 0.842969 0.650781 0.842969 0.680469 0.785156 0.680469
0 0.842969 0.650781 0.900781 0.650781 0.900781 0.680469 0.842969 0.680469
4 0.016466 0.530117 0.079981 0.521755 0.094257 0.630194 0.030743 0.638556
4 0.045019 0.521755 0.108534 0.530117 0.094257 0.638556 0.030743 0.630194
4 0.074763 0.521068 0.133949 0.545584 0.092093 0.646633 0.032907 0.622117
4 0.103671 0.528103 0.154495 0.567101 0.087912 0.653874 0.037088 0.614876
4 0.076755 0.567101 0.127579 0.528103 0.194162 0.614876 0.143338 0.653874
4 0.097301 0.545584 0.156487 0.521068 0.198343 0.622117 0.139157 0.646633
4 0.122716 0.530117 0.186231 0.521755 0.200507 0.630194 0.136993 0.638556
4 0.151269 0.521755 0.214784 0.530117 0.200507 0.638556 0.136993 0.630194
4 0.181013 0.521068 0.240199 0.545584 0.198343 0.646633 0.139157 0.622117
4 0.209921 0.528103 0.260745 0.567101 0.194162 0.653874 0.143338 0.614876
4 0.183005 0.567101 0.233829 0.528103 0.300412 0.614876 0.249588 0.653874
4 0.203551 0.545584 0.262737 0.521068 0.304593 0.622117 0.245407 0.646633
4 0.228966 0.530117 0.292481 0.521755 0.306757 0.630194 0.243243 0.638556
4 0.257519 0.521755 0.321034 0.530117 0.306757 0.638556 0.243243 0.630194
4 0.287263 0.521068 0.346449 0.545584 0.304593 0.646633 0.245407 0.622117
4 0.316171 0.528103 0.366995 0.567101 0.300412 0.653874 0.249588 0.614876
4 0.289255 0.567101 0.340079 0.528103 0.406662 0.614876 0.355838 0.653874
4 0.309801 0.545584 0.368987 0.521068 0.410843 0.622117 0.351657 0.646633
4 0.335216 0.530117 0.398731 0.521755 0.413007 0.630194 0.349493 0.638556
4 0.363769 0.521755 0.427284 0.530117 0.413007 0.638556 0.349493 0.630194
4 0.393513 0.521068 0.452699 0.545584 0.410843 0.646633 0.351657 0.622117
4 0.422421 0.528103 0.473245 0.567101 0.406662 0.653874 0.355838 0.614876
4 0.395505 0.567101 0.446329 0.528103 0.512912 0.614876 0.462088 0.653874
4 0.416051 0.545584 0.475237 0.521068 0.517093 0.622117 0.457907 0.646633
4 0.441466 0.530117 0.504981 0.521755 0.519257 0.630194 0.455743 0.638556
4 0.470019 0.521755 0.533534 0.530117 0.519257 0.638556 0.455743 0.630194
4 0.499763 0.521068 0.558949 0.545584 0.517093 0.646633 0.457907 0.622117
4 0.528671 0.528103 0.579495 0.567101 0.512912 0.653874 0.462088 0.614876
4 0.501755 0.567101 0.552579 0.528103 0.619162 0.614876 0.568338 0.653874
4 0.522301 0.545584 0.581487 0.521068 0.623343 0.622117 0.564157 0.646633
4 0.547716 0.530117 0.611231 0.521755 0.625507 0.630194 0.561993 0.638556
4 0.576269 0.521755 0.639784 0.530117 0.625507 0.638556 0.561993 0.630194
4 0.606013 0.521068 0.665199 0.545584 0.623343 0.646633 0.564157 0.622117
4 0.634921 0.528103 0.685745 0.567101 0.619162 0.653874 0.568338 0.614876
4 0.608005 0.567101 0.658829 0.528103 0.725412 0.614876 0.674588 0.653874
4 0.628551 0.545584 0.687737 0.521068 0.729593 0.622117 0.670407 0.646633
4 0.653966 0.530117 0.717481 0.521755 0.731757 0.630194 0.668243 0.638556
4 0.682519 0.521755 0.746034 0.530117 0.731757 0.638556 0.668243 0.630194
4 0.712263 0.521068 0.771449 0.545584 0.729593 0.646633 0.670407 0.622117
4 0.741171 0.528103 0.791995 0.567101 0.725412 0.653874 0.674588 0.614876
4 0.714255 0.567101 0.765079 0.528103 0.831662 0.614876 0.780838 0.653874
4 0.734801 0.545584 0.793987 0.521068 0.835843 0.622117 0.776657 0.646633
4 0.760216 0.530117 0.823731 0.521755 0.838007 0.630194 0.774493 0.638556
4 0.788769 0.521755 0.852284 0.530117 0.838007 0.638556 0.774493 0.630194
4 0.818513 0.521068 0.877699 0.545584 0.835843 0.646633 0.776657 0.622117
4 0.847421 0.528103 0.898245 0.567101 0.831662 0.653874 0.780838 0.614876
1 0.021875 0.417187 0.103125 0.417187 0.103125 0.632812 0.021875 0.632812
1 0.090625 0.417187 0.171875 0.417187 0.171875 0.632812 0.090625 0.632812
1 0.162500 0.417187 0.243750 0.417187 0.243750 0.632812 0.162500 0.632812
1 0.231250 0.417187 0.312500 0.417187 0.312500 0.632812 0.231250 0.632812
1 0.301563 0.417187 0.382812 0.417187 0.382812 0.632812 0.301563 0.632812
1 0.371875 0.417187 0.453125 0.417187 0.453125 0.632812 0.371875 0.632812
1 0.443750 0.417187 0.525000 0.417187 0.525000 0.632812 0.443750 0.632812
1 0.512500 0.417187 0.593750 0.417187 0.593750 0.632812 0.512500 0.632812
1 0.584375 0.417187 0.665625 0.417187 0.665625 0.632812 0.584375 0.632812
1 0.653125 0.417187 0.734375 0.417187 0.734375 0.632812 0.653125 0.632812
1 0.721875 0.417187 0.803125 0.417187 0.803125 0.632812 0.721875 0.632812
1 0.793750 0.417187 0.875000 0.417187 0.875000 0.632812 0.793750 0.632812
0 0.033594 0.294531 0.091406 0.294531 0.091406 0.324219 0.033594 0.324219
0 0.091406 0.294531 0.149219 0.294531 0.149219 0.324219 0.091406 0.324219
0 0.149219 0.294531 0.207031 0.294531 0.207031 0.324219 0.149219 0.324219
0 0.207031 0.294531 0.264844 0.294531 0.264844 0.324219 0.207031 0.324219
0 0.264844 0.294531 0.322656 0.294531 0.322656 0.324219 0.264844 0.324219
0 0.322656 0.294531 0.380469 0.294531 0.380469 0.324219 0.322656 0.324219
0 0.380469 0.294531 0.438281 0.294531 0.438281 0.324219 0.380469 0.324219
0 0.438281 0.294531 0.496094 0.294531 0.496094 0.324219 0.438281 0.324219
0 0.496094 0.294531 0.553906 0.294531 0.553906 0.324219 0.496094 0.324219
0 0.553906 0.294531 0.611719 0.294531 0.611719 0.324219 0.553906 0.324219
0 0.611719 0.294531 0.669531 0.294531 0.669531 0.324219 0.611719 0.324219
0 0.669531 0.294531 0.727344 0.294531 0.727344 0.324219 0.669531 0.324219
0 0.727344 0.294531 0.785156 0.294531 0.785156 0.324219 0.727344 0.324219
0 0.785156 0.294531 0.842969 0.294531 0.842969 0.324219 0.785156 0.324219
0 0.842969 0.294531 0.900781 0.294531 0.900781 0.324219 0.842969 0.324219
4 0.024845 0.241629 0.061590 0.189152 0.151185 0.251887 0.114440 0.304363
4 0.046379 0.203841 0.100106 0.168950 0.159676 0.260680 0.105949 0.295570
4 0.080500 0.176871 0.143386 0.164648 0.164255 0.272013 0.101370 0.284237
4 0.122239 0.164648 0.185125 0.176871 0.164255 0.284237 0.101370 0.272013
4 0.165519 0.168950 0.219246 0.203841 0.159676 0.295570 0.105949 0.260680
4 0.204035 0.189152 0.240780 0.241629 0.151185 0.304363 0.114440 0.251887
4 0.167033 0.241629 0.203778 0.189152 0.293372 0.251887 0.256628 0.304363
4 0.188566 0.203841 0.242294 0.168950 0.301864 0.260680 0.248136 0.295570
4 0.222688 0.176871 0.285573 0.164648 0.306443 0.272013 0.243557 0.284237
4 0.264427 0.164648 0.327312 0.176871 0.306443 0.284237 0.243557 0.272013
4 0.307706 0.168950 0.361434 0.203841 0.301864 0.295570 0.248136 0.260680
4 0.346222 0.189152 0.382967 0.241629 0.293372 0.304363 0.256628 0.251887
4 0.309220 0.241629 0.345965 0.189152 0.435560 0.251887 0.398815 0.304363
4 0.330754 0.203841 0.384481 0.168950 0.444051 0.260680 0.390324 0.295570
4 0.364875 0.176871 0.427761 0.164648 0.448630 0.272013 0.385745 0.284237
4 0.406614 0.164648 0.469500 0.176871 0.448630 0.284237 0.385745 0.272013
4 0.449894 0.168950 0.503621 0.203841 0.444051 0.295570 0.390324 0.260680
4 0.488410 0.189152 0.525155 0.241629 0.435560 0.304363 0.398815 0.251887
4 0.451408 0.241629 0.488153 0.189152 0.577747 0.251887 0.541003 0.304363
4 0.472941 0.203841 0.526669 0.168950 0.586239 0.260680 0.532511 0.295570
4 0.507063 0.176871 0.569948 0.164648 0.590818 0.272013 0.527932 0.284237
4 0.548802 0.164648 0.611687 0.176871 0.590818 0.284237 0.527932 0.272013
4 0.592081 0.168950 0.645809 0.203841 0.586239 0.295570 0.532511 0.260680
4 0.630597 0.189152 0.667342 0.241629 0.577747 0.304363 0.541003 0.251887
4 0.593595 0.241629 0.630340 0.189152 0.719935 0.251887 0.683190 0.304363
4 0.615129 0.203841 0.668856 0.168950 0.728426 0.260680 0.674699 0.295570
4 0.649250 0.176871 0.712136 0.164648 0.733005 0.272013 0.670120 0.284237
4 0.690989 0.164648 0.753875 0.176871 0.733005 0.284237 0.670120 0.272013
4 0.734269 0.168950 0.787996 0.203841 0.728426 0.295570 0.674699 0.260680
4 0.772785 0.189152 0.809530 0.241629 0.719935 0.304363 0.683190 0.251887
4 0.735783 0.241629 0.772528 0.189152 0.862122 0.251887 0.825378 0.304363
4 0.757316 0.203841 0.811044 0.168950 0.870614 0.260680 0.816886 0.295570
4 0.791438 0.176871 0.854323 0.164648 0.875193 0.272013 0.812307 0.284237
4 0.833177 0.164648 0.896062 0.176871 0.875193 0.284237 0.812307 0.272013
4 0.876456 0.168950 0.930184 0.203841 0.870614 0.295570 0.816886 0.260680
4 0.914972 0.189152 0.951717 0.241629 0.862122 0.304363 0.825378 0.251887
1 0.023438 0.060937 0.104688 0.060937 0.104688 0.276562 0.023438 0.276562
1 0.096875 0.060937 0.178125 0.060937 0.178125 0.276562 0.096875 0.276562
1 0.173437 0.060937 0.254688 0.060937 0.254688 0.276562 0.173437 0.276562
1 0.245312 0.060937 0.326562 0.060937 0.326562 0.276562 0.245312 0.276562
1 0.325000 0.060937 0.406250 0.060937 0.406250 0.276562 0.325000 0.276562
1 0.393750 0.060937 0.475000 0.060937 0.475000 0.276562 0.393750 0.276562
1 0.473438 0.060937 0.554688 0.060937 0.554688 0.276562 0.473438 0.276562
1 0.545312 0.060937 0.626563 0.060937 0.626563 0.276562 0.545312 0.276562
1 0.620313 0.060937 0.701562 0.060937 0.701562 0.276562 0.620313 0.276562
1 0.696875 0.060937 0.778125 0.060937 0.778125 0.276562 0.696875 0.276562
1 0.768750 0.060937 0.850000 0.060937 0.850000 0.276562 0.768750 0.276562
5 0.953125 0.951562 0.970313 0.951562 0.970313 0.968750 0.953125 0.968750