0 0.067969 0.893750 0.138281 0.893750 0.138281 0.931250 0.067969 0.931250
0 0.138281 0.893750 0.208594 0.893750 0.208594 0.931250 0.138281 0.931250
0 0.208594 0.893750 0.278906 0.893750 0.278906 0.931250 0.208594 0.931250
0 0.278906 0.893750 0.349219 0.893750 0.349219 0.931250 0.278906 0.931250
0 0.349219 0.893750 0.419531 0.893750 0.419531 0.931250 0.349219 0.931250
0 0.419531 0.893750 0.489844 0.893750 0.489844 0.931250 0.419531 0.931250
0 0.489844 0.893750 0.560156 0.893750 0.560156 0.931250 0.489844 0.931250
0 0.560156 0.893750 0.630469 0.893750 0.630469 0.931250 0.560156 0.931250
0 0.630469 0.893750 0.700781 0.893750 0.700781 0.931250 0.630469 0.931250
0 0.700781 0.893750 0.771094 0.893750 0.771094 0.931250 0.700781 0.931250
0 0.771094 0.893750 0.841406 0.893750 0.841406 0.931250 0.771094 0.931250
0 0.841406 0.893750 0.911719 0.893750 0.911719 0.931250 0.841406 0.931250
1 0.183355 0.370419 0.247959 0.431726 0.065114 0.624403 0.000511 0.563097
1 0.109854 0.431726 0.174458 0.370419 0.357302 0.563097 0.292698 0.624403
1 0.168151 0.374802 0.248131 0.335620 0.364990 0.574159 0.285010 0.613341
1 0.240802 0.337917 0.328840 0.324445 0.369019 0.587014 0.280981 0.600486
1 0.321160 0.324445 0.409198 0.337917 0.369019 0.600486 0.280981 0.587014
1 0.401869 0.335620 0.481849 0.374802 0.364990 0.613341 0.285010 0.574159
1 0.475542 0.370419 0.540146 0.431726 0.357302 0.624403 0.292698 0.563097
1 0.402041 0.431726 0.466645 0.370419 0.649489 0.563097 0.584886 0.624403
1 0.460338 0.374802 0.540319 0.335620 0.657178 0.574159 0.577197 0.613341
1 0.532990 0.337917 0.621028 0.324445 0.661206 0.587014 0.573169 0.600486
1 0.613347 0.324445 0.701385 0.337917 0.661206 0.600486 0.573169 0.587014
1 0.694056 0.335620 0.774037 0.374802 0.657178 0.613341 0.577197 0.574159
1 0.767730 0.370419 0.832334 0.431726 0.649489 0.624403 0.584886 0.563097
1 0.059375 0.190625 0.134375 0.190625 0.134375 0.465625 0.059375 0.465625
1 0.126562 0.190625 0.201563 0.190625 0.201563 0.465625 0.126562 0.465625
1 0.189062 0.190625 0.264062 0.190625 0.264062 0.465625 0.189062 0.465625
1 0.251563 0.190625 0.326562 0.190625 0.326562 0.465625 0.251563 0.465625
1 0.312500 0.190625 0.387500 0.190625 0.387500 0.465625 0.312500 0.465625
1 0.379688 0.190625 0.454688 0.190625 0.454688 0.465625 0.379688 0.465625
1 0.442188 0.190625 0.517188 0.190625 0.517188 0.465625 0.442188 0.465625
1 0.509375 0.190625 0.584375 0.190625 0.584375 0.465625 0.509375 0.465625
1 0.575000 0.190625 0.650000 0.190625 0.650000 0.465625 0.575000 0.465625
1 0.635938 0.190625 0.710938 0.190625 0.710938 0.465625 0.635938 0.465625
1 0.698438 0.190625 0.773438 0.190625 0.773438 0.465625 0.698438 0.465625
1 0.760938 0.190625 0.835938 0.190625 0.835938 0.465625 0.760938 0.465625
1 0.828125 0.190625 0.903125 0.190625 0.903125 0.465625 0.828125 0.465625
0 0.067969 0.034375 0.138281 0.034375 0.138281 0.071875 0.067969 0.071875
0 0.138281 0.034375 0.208594 0.034375 0.208594 0.071875 0.138281 0.071875
0 0.208594 0.034375 0.278906 0.034375 0.278906 0.071875 0.208594 0.071875
0 0.278906 0.034375 0.349219 0.034375 0.349219 0.071875 0.278906 0.071875
0 0.349219 0.034375 0.419531 0.034375 0.419531 0.071875 0.349219 0.071875
0 0.419531 0.034375 0.489844 0.034375 0.489844 0.071875 0.419531 0.071875
0 0.489844 0.034375 0.560156 0.034375 0.560156 0.071875 0.489844 0.071875
0 0.560156 0.034375 0.630469 0.034375 0.630469 0.071875 0.560156 0.071875
0 0.630469 0.034375 0.700781 0.034375 0.700781 0.071875 0.630469 0.071875
0 0.700781 0.034375 0.771094 0.034375 0.771094 0.071875 0.700781 0.071875
0 0.771094 0.034375 0.841406 0.034375 0.841406 0.071875 0.771094 0.071875
0 0.841406 0.034375 0.911719 0.034375 0.911719 0.071875 0.841406 0.071875