0 0.000781 0.054688 0.058594 0.054688 0.058594 0.085938 0.000781 0.085938
0 0.380469 0.054688 0.438281 0.054688 0.438281 0.085938 0.380469 0.085938
0 0.760156 0.054688 0.817969 0.054688 0.817969 0.085938 0.760156 0.085938
0 0.002344 0.220312 0.050781 0.220312 0.050781 0.254688 0.002344 0.254688
0 0.049219 0.220312 0.097656 0.220312 0.097656 0.254688 0.049219 0.254688
0 0.097656 0.220312 0.146094 0.220312 0.146094 0.254688 0.097656 0.254688
0 0.139844 0.220312 0.188281 0.220312 0.188281 0.254688 0.139844 0.254688
0 0.186719 0.220312 0.235156 0.220312 0.235156 0.254688 0.186719 0.254688
0 0.235156 0.220312 0.283594 0.220312 0.283594 0.254688 0.235156 0.254688
0 0.278906 0.220312 0.327344 0.220312 0.327344 0.254688 0.278906 0.254688
0 0.321094 0.220312 0.369531 0.220312 0.369531 0.254688 0.321094 0.254688
0 0.364844 0.220312 0.413281 0.220312 0.413281 0.254688 0.364844 0.254688
0 0.413281 0.220312 0.461719 0.220312 0.461719 0.254688 0.413281 0.254688
0 0.458594 0.220312 0.507031 0.220312 0.507031 0.254688 0.458594 0.254688
0 0.500781 0.220312 0.549219 0.220312 0.549219 0.254688 0.500781 0.254688
0 0.550781 0.220312 0.599219 0.220312 0.599219 0.254688 0.550781 0.254688
0 0.591406 0.220312 0.639844 0.220312 0.639844 0.254688 0.591406 0.254688
0 0.641406 0.220312 0.689844 0.220312 0.689844 0.254688 0.641406 0.254688
0 0.685156 0.220312 0.733594 0.220312 0.733594 0.254688 0.685156 0.254688
0 0.732031 0.220312 0.780469 0.220312 0.780469 0.254688 0.732031 0.254688
0 0.774219 0.220312 0.822656 0.220312 0.822656 0.254688 0.774219 0.254688
0 0.821094 0.220312 0.869531 0.220312 0.869531 0.254688 0.821094 0.254688
0 0.866406 0.220312 0.914844 0.220312 0.914844 0.254688 0.866406 0.254688
0 0.911719 0.220312 0.960156 0.220312 0.960156 0.254688 0.911719 0.254688
1 0.038228 0.155548 0.109834 0.117153 0.254553 0.387053 0.182947 0.425447
1 0.128652 0.110747 0.208811 0.097477 0.258829 0.399615 0.178671 0.412885
1 0.228689 0.097477 0.308848 0.110747 0.258829 0.412885 0.178671 0.399615
1 0.327666 0.117153 0.399272 0.155548 0.254553 0.425447 0.182947 0.387053
1 0.415021 0.167677 0.470433 0.227099 0.246456 0.435961 0.191044 0.376539
1 0.346754 0.227099 0.402167 0.167677 0.626144 0.376539 0.570731 0.435961
1 0.417916 0.155548 0.489522 0.117153 0.634240 0.387053 0.562635 0.425447
1 0.508339 0.110747 0.588498 0.097477 0.638517 0.399615 0.558358 0.412885
1 0.608377 0.097477 0.688536 0.110747 0.638517 0.412885 0.558358 0.399615
1 0.707353 0.117153 0.778959 0.155548 0.634240 0.425447 0.562635 0.387053
1 0.794708 0.167677 0.850121 0.227099 0.626144 0.435961 0.570731 0.376539
0 0.569531 0.390625 0.627344 0.390625 0.627344 0.421875 0.569531 0.421875
5 0.012500 0.054688 0.026562 0.054688 0.026562 0.070312 0.012500 0.070312
5 0.967187 0.054688 0.981250 0.054688 0.981250 0.070312 0.967187 0.070312