0 0.032813 0.856250 0.085938 0.856250 0.085938 0.893750 0.032813 0.893750
0 0.087500 0.859375 0.140625 0.859375 0.140625 0.896875 0.087500 0.896875
0 0.139063 0.860938 0.192188 0.860938 0.192188 0.898438 0.139063 0.898438
0 0.192188 0.860938 0.245312 0.860938 0.245312 0.898438 0.192188 0.898438
0 0.246875 0.862500 0.300000 0.862500 0.300000 0.900000 0.246875 0.900000
0 0.298438 0.856250 0.351562 0.856250 0.351562 0.893750 0.298438 0.893750
0 0.354687 0.856250 0.407813 0.856250 0.407813 0.893750 0.354687 0.893750
0 0.404687 0.856250 0.457813 0.856250 0.457813 0.893750 0.404687 0.893750
0 0.460938 0.862500 0.514062 0.862500 0.514062 0.900000 0.460938 0.900000
0 0.514062 0.859375 0.567187 0.859375 0.567187 0.896875 0.514062 0.896875
0 0.565625 0.860938 0.618750 0.860938 0.618750 0.898438 0.565625 0.898438
0 0.617188 0.857812 0.670312 0.857812 0.670312 0.895312 0.617188 0.895312
0 0.667188 0.856250 0.720313 0.856250 0.720313 0.893750 0.667188 0.893750
0 0.725000 0.859375 0.778125 0.859375 0.778125 0.896875 0.725000 0.896875
0 0.776563 0.860938 0.829688 0.860938 0.829688 0.898438 0.776563 0.898438
0 0.828125 0.857812 0.881250 0.857812 0.881250 0.895312 0.828125 0.895312
7 0.015625 0.713281 0.106250 0.713281 0.106250 0.974219 0.015625 0.974219
7 0.107813 0.713281 0.198437 0.713281 0.198437 0.974219 0.107813 0.974219
7 0.204687 0.714844 0.295312 0.714844 0.295312 0.975781 0.204687 0.975781
7 0.293750 0.708594 0.384375 0.708594 0.384375 0.969531 0.293750 0.969531
7 0.387500 0.713281 0.478125 0.713281 0.478125 0.974219 0.387500 0.974219
7 0.479687 0.713281 0.570312 0.713281 0.570312 0.974219 0.479687 0.974219
7 0.575000 0.710156 0.665625 0.710156 0.665625 0.971094 0.575000 0.971094
7 0.673438 0.708594 0.764062 0.708594 0.764062 0.969531 0.673438 0.969531
7 0.760938 0.708594 0.851562 0.708594 0.851562 0.969531 0.760938 0.969531
1 0.023438 0.425781 0.098437 0.425781 0.098437 0.708594 0.023438 0.708594
1 0.098437 0.424219 0.173437 0.424219 0.173437 0.707031 0.098437 0.707031
1 0.171875 0.425781 0.246875 0.425781 0.246875 0.708594 0.171875 0.708594
1 0.254688 0.419531 0.329688 0.419531 0.329688 0.702344 0.254688 0.702344
1 0.326562 0.425781 0.401562 0.425781 0.401562 0.708594 0.326562 0.708594
1 0.401562 0.421094 0.476562 0.421094 0.476562 0.703906 0.401562 0.703906
1 0.481250 0.419531 0.556250 0.419531 0.556250 0.702344 0.481250 0.702344
1 0.557813 0.425781 0.632812 0.425781 0.632812 0.708594 0.557813 0.708594
1 0.637500 0.422656 0.712500 0.422656 0.712500 0.705469 0.637500 0.705469
1 0.709375 0.425781 0.784375 0.425781 0.784375 0.708594 0.709375 0.708594
1 0.785937 0.425781 0.860938 0.425781 0.860938 0.708594 0.785937 0.708594
4 0.025781 0.221094 0.086719 0.221094 0.086719 0.325781 0.025781 0.325781
4 0.088281 0.221094 0.149219 0.221094 0.149219 0.325781 0.088281 0.325781
4 0.152344 0.219531 0.213281 0.219531 0.213281 0.324219 0.152344 0.324219
4 0.214844 0.219531 0.275781 0.219531 0.275781 0.324219 0.214844 0.324219
4 0.275781 0.221094 0.336719 0.221094 0.336719 0.325781 0.275781 0.325781
4 0.330469 0.222656 0.391406 0.222656 0.391406 0.327344 0.330469 0.327344
4 0.396094 0.219531 0.457031 0.219531 0.457031 0.324219 0.396094 0.324219
4 0.452344 0.224219 0.513281 0.224219 0.513281 0.328906 0.452344 0.328906
4 0.516406 0.219531 0.577344 0.219531 0.577344 0.324219 0.516406 0.324219
4 0.575781 0.222656 0.636719 0.222656 0.636719 0.327344 0.575781 0.327344
4 0.639844 0.217969 0.700781 0.217969 0.700781 0.322656 0.639844 0.322656
4 0.702344 0.221094 0.763281 0.221094 0.763281 0.325781 0.702344 0.325781
4 0.763281 0.224219 0.824219 0.224219 0.824219 0.328906 0.763281 0.328906
4 0.822656 0.224219 0.883594 0.224219 0.883594 0.328906 0.822656 0.328906
0 0.046094 0.142187 0.078906 0.142187 0.078906 0.204687 0.046094 0.204687
0 0.074219 0.146875 0.107031 0.146875 0.107031 0.209375 0.074219 0.209375
0 0.103906 0.142187 0.136719 0.142187 0.136719 0.204687 0.103906 0.204687
0 0.139844 0.142187 0.172656 0.142187 0.172656 0.204687 0.139844 0.204687
0 0.171094 0.140625 0.203906 0.140625 0.203906 0.203125 0.171094 0.203125
0 0.196094 0.146875 0.228906 0.146875 0.228906 0.209375 0.196094 0.209375
0 0.228906 0.142187 0.261719 0.142187 0.261719 0.204687 0.228906 0.204687
0 0.260156 0.143750 0.292969 0.143750 0.292969 0.206250 0.260156 0.206250
0 0.291406 0.140625 0.324219 0.140625 0.324219 0.203125 0.291406 0.203125
0 0.325781 0.146875 0.358594 0.146875 0.358594 0.209375 0.325781 0.209375
0 0.358594 0.143750 0.391406 0.143750 0.391406 0.206250 0.358594 0.206250
0 0.388281 0.146875 0.421094 0.146875 0.421094 0.209375 0.388281 0.209375
0 0.417969 0.145313 0.450781 0.145313 0.450781 0.207813 0.417969 0.207813
0 0.450781 0.145313 0.483594 0.145313 0.483594 0.207813 0.450781 0.207813
0 0.482031 0.146875 0.514844 0.146875 0.514844 0.209375 0.482031 0.209375
0 0.508594 0.146875 0.541406 0.146875 0.541406 0.209375 0.508594 0.209375
0 0.544531 0.143750 0.577344 0.143750 0.577344 0.206250 0.544531 0.206250
0 0.574219 0.146875 0.607031 0.146875 0.607031 0.209375 0.574219 0.209375
0 0.603906 0.145313 0.636719 0.145313 0.636719 0.207813 0.603906 0.207813
0 0.636719 0.143750 0.669531 0.143750 0.669531 0.206250 0.636719 0.206250
0 0.671094 0.143750 0.703906 0.143750 0.703906 0.206250 0.671094 0.206250
0 0.702344 0.145313 0.735156 0.145313 0.735156 0.207813 0.702344 0.207813
0 0.730469 0.142187 0.763281 0.142187 0.763281 0.204687 0.730469 0.204687
0 0.758594 0.142187 0.791406 0.142187 0.791406 0.204687 0.758594 0.204687
0 0.792969 0.142187 0.825781 0.142187 0.825781 0.204687 0.792969 0.204687
0 0.821094 0.145313 0.853906 0.145313 0.853906 0.207813 0.821094 0.207813
0 0.855469 0.143750 0.888281 0.143750 0.888281 0.206250 0.855469 0.206250
0 0.886719 0.146875 0.919531 0.146875 0.919531 0.209375 0.886719 0.209375
5 0.973437 0.887500 0.990625 0.887500 0.990625 0.906250 0.973437 0.906250
5 0.953125 0.845313 0.968750 0.845313 0.968750 0.860938 0.953125 0.860938
5 0.026562 0.214062 0.042188 0.214062 0.042188 0.229687 0.026562 0.229687