0 0.003906 0.057031 0.096094 0.057031 0.096094 0.092969 0.003906 0.092969
0 0.391406 0.057031 0.483594 0.057031 0.483594 0.092969 0.391406 0.092969
0 0.778906 0.057031 0.871094 0.057031 0.871094 0.092969 0.778906 0.092969
0 -0.000781 0.225000 0.094531 0.225000 0.094531 0.262500 -0.000781 0.262500
0 0.103906 0.225000 0.199219 0.225000 0.199219 0.262500 0.103906 0.262500
0 0.205469 0.225000 0.300781 0.225000 0.300781 0.262500 0.205469 0.262500
0 0.314844 0.225000 0.410156 0.225000 0.410156 0.262500 0.314844 0.262500
0 0.417969 0.225000 0.513281 0.225000 0.513281 0.262500 0.417969 0.262500
0 0.519531 0.225000 0.614844 0.225000 0.614844 0.262500 0.519531 0.262500
0 0.619531 0.225000 0.714844 0.225000 0.714844 0.262500 0.619531 0.262500
0 0.725781 0.225000 0.821094 0.225000 0.821094 0.262500 0.725781 0.262500
0 0.828906 0.225000 0.924219 0.225000 0.924219 0.262500 0.828906 0.262500
1 0.199219 0.104688 0.288281 0.104688 0.288281 0.414062 0.199219 0.414062
1 0.441760 0.172220 0.501930 0.237884 0.273835 0.446894 0.213665 0.381231
1 0.373070 0.237884 0.433240 0.172220 0.661335 0.381231 0.601165 0.446894
1 0.586719 0.104688 0.675781 0.104688 0.675781 0.414062 0.586719 0.414062
1 0.829260 0.172220 0.889430 0.237884 0.661335 0.446894 0.601165 0.381231