4 0.042188 0.022656 0.107813 0.022656 0.107813 0.133594 0.042188 0.133594
0 0.115625 0.045312 0.150000 0.045312 0.150000 0.110937 0.115625 0.110937
4 0.159375 0.022656 0.225000 0.022656 0.225000 0.133594 0.159375 0.133594
0 0.214062 0.045312 0.248438 0.045312 0.248438 0.110937 0.214062 0.110937
0 0.253125 0.045312 0.287500 0.045312 0.287500 0.110937 0.253125 0.110937
4 0.276562 0.022656 0.342187 0.022656 0.342187 0.133594 0.276562 0.133594
0 0.350000 0.045312 0.384375 0.045312 0.384375 0.110937 0.350000 0.110937
4 0.393750 0.022656 0.459375 0.022656 0.459375 0.133594 0.393750 0.133594
0 0.467187 0.045312 0.501563 0.045312 0.501563 0.110937 0.467187 0.110937
4 0.510938 0.022656 0.576562 0.022656 0.576562 0.133594 0.510938 0.133594
0 0.584375 0.045312 0.618750 0.045312 0.618750 0.110937 0.584375 0.110937
4 0.628125 0.022656 0.693750 0.022656 0.693750 0.133594 0.628125 0.133594
0 0.682813 0.045312 0.717187 0.045312 0.717187 0.110937 0.682813 0.110937
0 0.721875 0.045312 0.756250 0.045312 0.756250 0.110937 0.721875 0.110937
4 0.745313 0.022656 0.810937 0.022656 0.810937 0.133594 0.745313 0.133594
0 0.800000 0.045312 0.834375 0.045312 0.834375 0.110937 0.800000 0.110937
0 0.839063 0.045312 0.873437 0.045312 0.873437 0.110937 0.839063 0.110937
4 0.862500 0.022656 0.928125 0.022656 0.928125 0.133594 0.862500 0.133594
4 0.042188 0.144531 0.107813 0.144531 0.107813 0.255469 0.042188 0.255469
0 0.115625 0.167187 0.150000 0.167187 0.150000 0.232813 0.115625 0.232813
4 0.159375 0.144531 0.225000 0.144531 0.225000 0.255469 0.159375 0.255469
0 0.232813 0.167187 0.267188 0.167187 0.267188 0.232813 0.232813 0.232813
4 0.276562 0.144531 0.342187 0.144531 0.342187 0.255469 0.276562 0.255469
0 0.331250 0.167187 0.365625 0.167187 0.365625 0.232813 0.331250 0.232813
0 0.370312 0.167187 0.404687 0.167187 0.404687 0.232813 0.370312 0.232813
4 0.393750 0.144531 0.459375 0.144531 0.459375 0.255469 0.393750 0.255469
0 0.448437 0.167187 0.482812 0.167187 0.482812 0.232813 0.448437 0.232813
0 0.487500 0.167187 0.521875 0.167187 0.521875 0.232813 0.487500 0.232813
4 0.510938 0.144531 0.576562 0.144531 0.576562 0.255469 0.510938 0.255469
0 0.584375 0.167187 0.618750 0.167187 0.618750 0.232813 0.584375 0.232813
4 0.628125 0.144531 0.693750 0.144531 0.693750 0.255469 0.628125 0.255469
0 0.671875 0.167187 0.706250 0.167187 0.706250 0.232813 0.671875 0.232813
0 0.700000 0.167187 0.734375 0.167187 0.734375 0.232813 0.700000 0.232813
0 0.728125 0.167187 0.762500 0.167187 0.762500 0.232813 0.728125 0.232813
4 0.745313 0.144531 0.810937 0.144531 0.810937 0.255469 0.745313 0.255469
0 0.800000 0.167187 0.834375 0.167187 0.834375 0.232813 0.800000 0.232813
0 0.839063 0.167187 0.873437 0.167187 0.873437 0.232813 0.839063 0.232813
4 0.862500 0.144531 0.928125 0.144531 0.928125 0.255469 0.862500 0.255469
4 0.042188 0.266406 0.107813 0.266406 0.107813 0.377344 0.042188 0.377344
0 0.096875 0.289062 0.131250 0.289062 0.131250 0.354687 0.096875 0.354687
0 0.135937 0.289062 0.170313 0.289062 0.170313 0.354687 0.135937 0.354687
4 0.159375 0.266406 0.225000 0.266406 0.225000 0.377344 0.159375 0.377344
0 0.203125 0.289062 0.237500 0.289062 0.237500 0.354687 0.203125 0.354687
0 0.231250 0.289062 0.265625 0.289062 0.265625 0.354687 0.231250 0.354687
0 0.259375 0.289062 0.293750 0.289062 0.293750 0.354687 0.259375 0.354687
4 0.276562 0.266406 0.342187 0.266406 0.342187 0.377344 0.276562 0.377344
0 0.331250 0.289062 0.365625 0.289062 0.365625 0.354687 0.331250 0.354687
0 0.370312 0.289062 0.404687 0.289062 0.404687 0.354687 0.370312 0.354687
4 0.393750 0.266406 0.459375 0.266406 0.459375 0.377344 0.393750 0.377344
0 0.437500 0.289062 0.471875 0.289062 0.471875 0.354687 0.437500 0.354687
0 0.465625 0.289062 0.500000 0.289062 0.500000 0.354687 0.465625 0.354687
0 0.493750 0.289062 0.528125 0.289062 0.528125 0.354687 0.493750 0.354687
4 0.510938 0.266406 0.576562 0.266406 0.576562 0.377344 0.510938 0.377344
0 0.584375 0.289062 0.618750 0.289062 0.618750 0.354687 0.584375 0.354687
4 0.628125 0.266406 0.693750 0.266406 0.693750 0.377344 0.628125 0.377344
0 0.701562 0.289062 0.735938 0.289062 0.735938 0.354687 0.701562 0.354687
4 0.745313 0.266406 0.810937 0.266406 0.810937 0.377344 0.745313 0.377344
0 0.818750 0.289062 0.853125 0.289062 0.853125 0.354687 0.818750 0.354687
4 0.862500 0.266406 0.928125 0.266406 0.928125 0.377344 0.862500 0.377344
4 0.042188 0.388281 0.107813 0.388281 0.107813 0.499219 0.042188 0.499219
0 0.096875 0.410938 0.131250 0.410938 0.131250 0.476562 0.096875 0.476562
0 0.135937 0.410938 0.170313 0.410938 0.170313 0.476562 0.135937 0.476562
4 0.159375 0.388281 0.225000 0.388281 0.225000 0.499219 0.159375 0.499219
0 0.203125 0.410938 0.237500 0.410938 0.237500 0.476562 0.203125 0.476562
0 0.231250 0.410938 0.265625 0.410938 0.265625 0.476562 0.231250 0.476562
0 0.259375 0.410938 0.293750 0.410938 0.293750 0.476562 0.259375 0.476562
4 0.276562 0.388281 0.342187 0.388281 0.342187 0.499219 0.276562 0.499219
0 0.350000 0.410938 0.384375 0.410938 0.384375 0.476562 0.350000 0.476562
4 0.393750 0.388281 0.459375 0.388281 0.459375 0.499219 0.393750 0.499219
0 0.467187 0.410938 0.501563 0.410938 0.501563 0.476562 0.467187 0.476562
4 0.510938 0.388281 0.576562 0.388281 0.576562 0.499219 0.510938 0.499219
0 0.584375 0.410938 0.618750 0.410938 0.618750 0.476562 0.584375 0.476562
4 0.628125 0.388281 0.693750 0.388281 0.693750 0.499219 0.628125 0.499219
0 0.682813 0.410938 0.717187 0.410938 0.717187 0.476562 0.682813 0.476562
0 0.721875 0.410938 0.756250 0.410938 0.756250 0.476562 0.721875 0.476562
4 0.745313 0.388281 0.810937 0.388281 0.810937 0.499219 0.745313 0.499219
0 0.818750 0.410938 0.853125 0.410938 0.853125 0.476562 0.818750 0.476562
4 0.862500 0.388281 0.928125 0.388281 0.928125 0.499219 0.862500 0.499219
4 0.042188 0.510156 0.107813 0.510156 0.107813 0.621094 0.042188 0.621094
0 0.085938 0.532813 0.120313 0.532813 0.120313 0.598437 0.085938 0.598437
0 0.114062 0.532813 0.148438 0.532813 0.148438 0.598437 0.114062 0.598437
0 0.142187 0.532813 0.176563 0.532813 0.176563 0.598437 0.142187 0.598437
4 0.159375 0.510156 0.225000 0.510156 0.225000 0.621094 0.159375 0.621094
0 0.203125 0.532813 0.237500 0.532813 0.237500 0.598437 0.203125 0.598437
0 0.231250 0.532813 0.265625 0.532813 0.265625 0.598437 0.231250 0.598437
0 0.259375 0.532813 0.293750 0.532813 0.293750 0.598437 0.259375 0.598437
4 0.276562 0.510156 0.342187 0.510156 0.342187 0.621094 0.276562 0.621094
0 0.331250 0.532813 0.365625 0.532813 0.365625 0.598437 0.331250 0.598437
0 0.370312 0.532813 0.404687 0.532813 0.404687 0.598437 0.370312 0.598437
4 0.393750 0.510156 0.459375 0.510156 0.459375 0.621094 0.393750 0.621094
0 0.467187 0.532813 0.501563 0.532813 0.501563 0.598437 0.467187 0.598437
4 0.510938 0.510156 0.576562 0.510156 0.576562 0.621094 0.510938 0.621094
0 0.584375 0.532813 0.618750 0.532813 0.618750 0.598437 0.584375 0.598437
4 0.628125 0.510156 0.693750 0.510156 0.693750 0.621094 0.628125 0.621094
0 0.682813 0.532813 0.717187 0.532813 0.717187 0.598437 0.682813 0.598437
0 0.721875 0.532813 0.756250 0.532813 0.756250 0.598437 0.721875 0.598437
4 0.745313 0.510156 0.810937 0.510156 0.810937 0.621094 0.745313 0.621094
0 0.789062 0.532813 0.823438 0.532813 0.823438 0.598437 0.789062 0.598437
0 0.817187 0.532813 0.851562 0.532813 0.851562 0.598437 0.817187 0.598437
0 0.845313 0.532813 0.879687 0.532813 0.879687 0.598437 0.845313 0.598437
4 0.862500 0.510156 0.928125 0.510156 0.928125 0.621094 0.862500 0.621094
4 0.042188 0.632031 0.107813 0.632031 0.107813 0.742969 0.042188 0.742969
0 0.115625 0.654687 0.150000 0.654687 0.150000 0.720313 0.115625 0.720313
4 0.159375 0.632031 0.225000 0.632031 0.225000 0.742969 0.159375 0.742969
0 0.232813 0.654687 0.267188 0.654687 0.267188 0.720313 0.232813 0.720313
4 0.276562 0.632031 0.342187 0.632031 0.342187 0.742969 0.276562 0.742969
0 0.350000 0.654687 0.384375 0.654687 0.384375 0.720313 0.350000 0.720313
4 0.393750 0.632031 0.459375 0.632031 0.459375 0.742969 0.393750 0.742969
0 0.448437 0.654687 0.482812 0.654687 0.482812 0.720313 0.448437 0.720313
0 0.487500 0.654687 0.521875 0.654687 0.521875 0.720313 0.487500 0.720313
4 0.510938 0.632031 0.576562 0.632031 0.576562 0.742969 0.510938 0.742969
0 0.565625 0.654687 0.600000 0.654687 0.600000 0.720313 0.565625 0.720313
0 0.604688 0.654687 0.639062 0.654687 0.639062 0.720313 0.604688 0.720313
4 0.628125 0.632031 0.693750 0.632031 0.693750 0.742969 0.628125 0.742969
0 0.682813 0.654687 0.717187 0.654687 0.717187 0.720313 0.682813 0.720313
0 0.721875 0.654687 0.756250 0.654687 0.756250 0.720313 0.721875 0.720313
4 0.745313 0.632031 0.810937 0.632031 0.810937 0.742969 0.745313 0.742969
0 0.818750 0.654687 0.853125 0.654687 0.853125 0.720313 0.818750 0.720313
4 0.862500 0.632031 0.928125 0.632031 0.928125 0.742969 0.862500 0.742969
4 0.042188 0.753906 0.107813 0.753906 0.107813 0.864844 0.042188 0.864844
0 0.096875 0.776563 0.131250 0.776563 0.131250 0.842187 0.096875 0.842187
0 0.135937 0.776563 0.170313 0.776563 0.170313 0.842187 0.135937 0.842187
4 0.159375 0.753906 0.225000 0.753906 0.225000 0.864844 0.159375 0.864844
0 0.214062 0.776563 0.248438 0.776563 0.248438 0.842187 0.214062 0.842187
0 0.253125 0.776563 0.287500 0.776563 0.287500 0.842187 0.253125 0.842187
4 0.276562 0.753906 0.342187 0.753906 0.342187 0.864844 0.276562 0.864844
0 0.320312 0.776563 0.354687 0.776563 0.354687 0.842187 0.320312 0.842187
0 0.348438 0.776563 0.382812 0.776563 0.382812 0.842187 0.348438 0.842187
0 0.376563 0.776563 0.410938 0.776563 0.410938 0.842187 0.376563 0.842187
4 0.393750 0.753906 0.459375 0.753906 0.459375 0.864844 0.393750 0.864844
0 0.448437 0.776563 0.482812 0.776563 0.482812 0.842187 0.448437 0.842187
0 0.487500 0.776563 0.521875 0.776563 0.521875 0.842187 0.487500 0.842187
4 0.510938 0.753906 0.576562 0.753906 0.576562 0.864844 0.510938 0.864844
0 0.565625 0.776563 0.600000 0.776563 0.600000 0.842187 0.565625 0.842187
0 0.604688 0.776563 0.639062 0.776563 0.639062 0.842187 0.604688 0.842187
4 0.628125 0.753906 0.693750 0.753906 0.693750 0.864844 0.628125 0.864844
0 0.682813 0.776563 0.717187 0.776563 0.717187 0.842187 0.682813 0.842187
0 0.721875 0.776563 0.756250 0.776563 0.756250 0.842187 0.721875 0.842187
4 0.745313 0.753906 0.810937 0.753906 0.810937 0.864844 0.745313 0.864844
0 0.818750 0.776563 0.853125 0.776563 0.853125 0.842187 0.818750 0.842187
4 0.862500 0.753906 0.928125 0.753906 0.928125 0.864844 0.862500 0.864844
0 0.788281 0.290625 0.821094 0.290625 0.821094 0.353125 0.788281 0.353125
0 0.824219 0.290625 0.857031 0.290625 0.857031 0.353125 0.824219 0.353125
0 0.860156 0.290625 0.892969 0.290625 0.892969 0.353125 0.860156 0.353125
0 0.896094 0.290625 0.928906 0.290625 0.928906 0.353125 0.896094 0.353125
0 0.932031 0.290625 0.964844 0.290625 0.964844 0.353125 0.932031 0.353125
2 0.804688 0.290625 0.981250 0.290625 0.981250 0.353125 0.804688 0.353125
0 0.175781 0.181250 0.271094 0.181250 0.271094 0.218750 0.175781 0.218750
0 0.274219 0.181250 0.369531 0.181250 0.369531 0.218750 0.274219 0.218750
2 0.223438 0.181250 0.417187 0.181250 0.417187 0.218750 0.223438 0.218750
0 0.007812 0.792969 0.054688 0.792969 0.054688 0.825781 0.007812 0.825781
0 0.057813 0.792969 0.104688 0.792969 0.104688 0.825781 0.057813 0.825781
0 0.107813 0.792969 0.154688 0.792969 0.154688 0.825781 0.107813 0.825781
2 0.031250 0.793750 0.178125 0.793750 0.178125 0.825000 0.031250 0.825000