0 0.006250 0.036719 0.056250 0.036719 0.056250 0.072656 0.006250 0.072656
0 0.346875 0.036719 0.396875 0.036719 0.396875 0.072656 0.346875 0.072656
0 0.687500 0.036719 0.737500 0.036719 0.737500 0.072656 0.687500 0.072656
0 0.092188 0.220312 0.189062 0.220312 0.189062 0.257812 0.092188 0.257812
0 0.192188 0.220312 0.289062 0.220312 0.289062 0.257812 0.192188 0.257812
0 0.301563 0.220312 0.398438 0.220312 0.398438 0.257812 0.301563 0.257812
0 0.407813 0.220312 0.504687 0.220312 0.504687 0.257812 0.407813 0.257812
0 0.517188 0.220312 0.614062 0.220312 0.614062 0.257812 0.517188 0.257812
0 0.617188 0.220312 0.714063 0.220312 0.714063 0.257812 0.617188 0.257812
0 0.723437 0.220312 0.820312 0.220312 0.820312 0.257812 0.723437 0.257812
0 0.835938 0.220312 0.932813 0.220312 0.932813 0.257812 0.835938 0.257812
1 0.021922 0.135831 0.103073 0.099133 0.242138 0.406651 0.160987 0.443349
1 0.086901 0.104466 0.173963 0.085695 0.245094 0.415615 0.158031 0.434385
1 0.157031 0.087500 0.246094 0.087500 0.246094 0.425000 0.157031 0.425000
1 0.229162 0.085695 0.316224 0.104466 0.245094 0.434385 0.158031 0.415615
1 0.300052 0.099133 0.381203 0.135831 0.242138 0.443349 0.160987 0.406651
1 0.366518 0.127210 0.438112 0.180187 0.237359 0.451488 0.165766 0.398512
0 0.176563 0.407031 0.226562 0.407031 0.226562 0.442969 0.176563 0.442969
1 0.305638 0.180187 0.377232 0.127210 0.577984 0.398512 0.506391 0.451488
1 0.362547 0.135831 0.443698 0.099133 0.582763 0.406651 0.501612 0.443349
1 0.427526 0.104466 0.514588 0.085695 0.585719 0.415615 0.498656 0.434385
1 0.497656 0.087500 0.586719 0.087500 0.586719 0.425000 0.497656 0.425000
1 0.569787 0.085695 0.656849 0.104466 0.585719 0.434385 0.498656 0.415615
1 0.640677 0.099133 0.721828 0.135831 0.582763 0.443349 0.501612 0.406651
1 0.707143 0.127210 0.778737 0.180187 0.577984 0.451488 0.506391 0.398512
1 0.646263 0.180187 0.717857 0.127210 0.918609 0.398512 0.847016 0.451488
1 0.703172 0.135831 0.784323 0.099133 0.923388 0.406651 0.842237 0.443349
1 0.768151 0.104466 0.855213 0.085695 0.926344 0.415615 0.839281 0.434385
1 0.838281 0.087500 0.927344 0.087500 0.927344 0.425000 0.838281 0.425000
1 0.910412 0.085695 0.997474 0.104466 0.926344 0.434385 0.839281 0.415615