0 0.102344 0.044531 0.163281 0.044531 0.163281 0.077344 0.102344 0.077344
0 0.242969 0.044531 0.303906 0.044531 0.303906 0.077344 0.242969 0.077344
0 0.383594 0.044531 0.444531 0.044531 0.444531 0.077344 0.383594 0.077344
0 0.524219 0.044531 0.585156 0.044531 0.585156 0.077344 0.524219 0.077344
0 0.641406 0.044531 0.702344 0.044531 0.702344 0.077344 0.641406 0.077344
0 0.688281 0.044531 0.749219 0.044531 0.749219 0.077344 0.688281 0.077344
7 0.023438 0.192188 0.101562 0.192188 0.101562 0.410938 0.023438 0.410938
0 0.078906 0.285156 0.139844 0.285156 0.139844 0.317969 0.078906 0.317969
0 0.125781 0.285156 0.186719 0.285156 0.186719 0.317969 0.125781 0.317969
7 0.164062 0.192188 0.242188 0.192188 0.242188 0.410938 0.164062 0.410938
0 0.219531 0.285156 0.280469 0.285156 0.280469 0.317969 0.219531 0.317969
0 0.266406 0.285156 0.327344 0.285156 0.327344 0.317969 0.266406 0.317969
7 0.304688 0.192188 0.382812 0.192188 0.382812 0.410938 0.304688 0.410938
0 0.347656 0.285156 0.408594 0.285156 0.408594 0.317969 0.347656 0.317969
0 0.382031 0.285156 0.442969 0.285156 0.442969 0.317969 0.382031 0.317969
0 0.416406 0.285156 0.477344 0.285156 0.477344 0.317969 0.416406 0.317969
7 0.445312 0.192188 0.523438 0.192188 0.523438 0.410938 0.445312 0.410938
0 0.500781 0.285156 0.561719 0.285156 0.561719 0.317969 0.500781 0.317969
0 0.547656 0.285156 0.608594 0.285156 0.608594 0.317969 0.547656 0.317969
7 0.585938 0.192188 0.664062 0.192188 0.664062 0.410938 0.585938 0.410938
0 0.628906 0.285156 0.689844 0.285156 0.689844 0.317969 0.628906 0.317969
0 0.663281 0.285156 0.724219 0.285156 0.724219 0.317969 0.663281 0.317969
0 0.697656 0.285156 0.758594 0.285156 0.758594 0.317969 0.697656 0.317969
7 0.726562 0.192188 0.804688 0.192188 0.804688 0.410938 0.726562 0.410938
7 0.023438 0.432812 0.101562 0.432812 0.101562 0.651563 0.023438 0.651563
0 0.078906 0.525781 0.139844 0.525781 0.139844 0.558594 0.078906 0.558594
0 0.125781 0.525781 0.186719 0.525781 0.186719 0.558594 0.125781 0.558594
7 0.164062 0.432812 0.242188 0.432812 0.242188 0.651563 0.164062 0.651563
0 0.242969 0.525781 0.303906 0.525781 0.303906 0.558594 0.242969 0.558594
7 0.304688 0.432812 0.382812 0.432812 0.382812 0.651563 0.304688 0.651563
0 0.383594 0.525781 0.444531 0.525781 0.444531 0.558594 0.383594 0.558594
7 0.445312 0.432812 0.523438 0.432812 0.523438 0.651563 0.445312 0.651563
0 0.488281 0.525781 0.549219 0.525781 0.549219 0.558594 0.488281 0.558594
0 0.522656 0.525781 0.583594 0.525781 0.583594 0.558594 0.522656 0.558594
0 0.557031 0.525781 0.617969 0.525781 0.617969 0.558594 0.557031 0.558594
7 0.585938 0.432812 0.664062 0.432812 0.664062 0.651563 0.585938 0.651563
0 0.641406 0.525781 0.702344 0.525781 0.702344 0.558594 0.641406 0.558594
0 0.688281 0.525781 0.749219 0.525781 0.749219 0.558594 0.688281 0.558594
7 0.726562 0.432812 0.804688 0.432812 0.804688 0.651563 0.726562 0.651563