0 0.296094 0.080469 0.378906 0.080469 0.378906 0.113281 0.296094 0.113281
0 0.896094 0.080469 0.978906 0.080469 0.978906 0.113281 0.896094 0.113281
1 0.147656 0.120313 0.227344 0.120313 0.227344 0.354687 0.147656 0.354687
1 0.338245 0.170853 0.390525 0.230994 0.213640 0.384758 0.161360 0.324617
0 0.146094 0.338281 0.228906 0.338281 0.228906 0.371094 0.146094 0.371094
1 0.284475 0.230994 0.336755 0.170853 0.513640 0.324617 0.461360 0.384758
1 0.447656 0.120313 0.527344 0.120313 0.527344 0.354687 0.447656 0.354687
1 0.638245 0.170853 0.690525 0.230994 0.513640 0.384758 0.461360 0.324617
0 0.446094 0.338281 0.528906 0.338281 0.528906 0.371094 0.446094 0.371094
1 0.584475 0.230994 0.636755 0.170853 0.813640 0.324617 0.761360 0.384758
1 0.747656 0.120313 0.827344 0.120313 0.827344 0.354687 0.747656 0.354687
1 0.938245 0.170853 0.990525 0.230994 0.813640 0.384758 0.761360 0.324617
0 0.746094 0.338281 0.828906 0.338281 0.828906 0.371094 0.746094 0.371094
1 0.188245 0.428666 0.240525 0.488807 0.063640 0.642570 0.011360 0.582430
1 0.134475 0.488807 0.186755 0.428666 0.363640 0.582430 0.311360 0.642570
1 0.297656 0.378125 0.377344 0.378125 0.377344 0.612500 0.297656 0.612500
1 0.488245 0.428666 0.540525 0.488807 0.363640 0.642570 0.311360 0.582430
0 0.296094 0.596094 0.378906 0.596094 0.378906 0.628906 0.296094 0.628906
1 0.434475 0.488807 0.486755 0.428666 0.663640 0.582430 0.611360 0.642570
1 0.597656 0.378125 0.677344 0.378125 0.677344 0.612500 0.597656 0.612500
1 0.788245 0.428666 0.840525 0.488807 0.663640 0.642570 0.611360 0.582430
0 0.596094 0.596094 0.678906 0.596094 0.678906 0.628906 0.596094 0.628906
1 0.734475 0.488807 0.786755 0.428666 0.963640 0.582430 0.911360 0.642570
1 0.897656 0.378125 0.977344 0.378125 0.977344 0.612500 0.897656 0.612500
0 0.896094 0.596094 0.978906 0.596094 0.978906 0.628906 0.896094 0.628906