0 0.021875 0.057813 0.100000 0.057813 0.100000 0.089063 0.021875 0.089063
0 0.484375 0.057813 0.562500 0.057813 0.562500 0.089063 0.484375 0.089063
6 0.040625 0.190625 0.084375 0.190625 0.084375 0.237500 0.040625 0.237500
6 0.087500 0.190625 0.131250 0.190625 0.131250 0.237500 0.087500 0.237500
6 0.129688 0.190625 0.173437 0.190625 0.173437 0.237500 0.129688 0.237500
6 0.176563 0.190625 0.220312 0.190625 0.220312 0.237500 0.176563 0.237500
6 0.226562 0.190625 0.270313 0.190625 0.270313 0.237500 0.226562 0.237500
6 0.271875 0.190625 0.315625 0.190625 0.315625 0.237500 0.271875 0.237500
6 0.320312 0.190625 0.364063 0.190625 0.364063 0.237500 0.320312 0.237500
6 0.365625 0.190625 0.409375 0.190625 0.409375 0.237500 0.365625 0.237500
6 0.414062 0.190625 0.457813 0.190625 0.457813 0.237500 0.414062 0.237500
6 0.460938 0.190625 0.504687 0.190625 0.504687 0.237500 0.460938 0.237500
6 0.506250 0.190625 0.550000 0.190625 0.550000 0.237500 0.506250 0.237500
6 0.551562 0.190625 0.595313 0.190625 0.595313 0.237500 0.551562 0.237500
6 0.598437 0.190625 0.642188 0.190625 0.642188 0.237500 0.598437 0.237500
6 0.646875 0.190625 0.690625 0.190625 0.690625 0.237500 0.646875 0.237500
6 0.698438 0.190625 0.742188 0.190625 0.742188 0.237500 0.698438 0.237500
6 0.745313 0.190625 0.789062 0.190625 0.789062 0.237500 0.745313 0.237500
6 0.787500 0.190625 0.831250 0.190625 0.831250 0.237500 0.787500 0.237500
6 0.834375 0.190625 0.878125 0.190625 0.878125 0.237500 0.834375 0.237500
6 0.879687 0.190625 0.923438 0.190625 0.923438 0.237500 0.879687 0.237500
6 0.926562 0.190625 0.970313 0.190625 0.970313 0.237500 0.926562 0.237500
7 -0.001135 0.163281 0.081020 0.111945 0.217640 0.330582 0.135485 0.381918
7 0.128125 0.098437 0.225000 0.098437 0.225000 0.356250 0.128125 0.356250
7 0.272105 0.111945 0.354260 0.163281 0.217640 0.381918 0.135485 0.330582
7 0.230115 0.163281 0.312270 0.111945 0.448890 0.330582 0.366735 0.381918
7 0.359375 0.098437 0.456250 0.098437 0.456250 0.356250 0.359375 0.356250
7 0.503355 0.111945 0.585510 0.163281 0.448890 0.381918 0.366735 0.330582
7 0.461365 0.163281 0.543520 0.111945 0.680140 0.330582 0.597985 0.381918
7 0.590625 0.098437 0.687500 0.098437 0.687500 0.356250 0.590625 0.356250
7 0.734605 0.111945 0.816760 0.163281 0.680140 0.381918 0.597985 0.330582
0 0.600000 0.340625 0.678125 0.340625 0.678125 0.371875 0.600000 0.371875
7 0.692615 0.163281 0.774770 0.111945 0.911390 0.330582 0.829235 0.381918
7 0.821875 0.098437 0.918750 0.098437 0.918750 0.356250 0.821875 0.356250
6 0.035937 0.473438 0.079687 0.473438 0.079687 0.520312 0.035937 0.520312
6 0.087500 0.473438 0.131250 0.473438 0.131250 0.520312 0.087500 0.520312
6 0.128125 0.473438 0.171875 0.473438 0.171875 0.520312 0.128125 0.520312
6 0.175000 0.473438 0.218750 0.473438 0.218750 0.520312 0.175000 0.520312
6 0.220312 0.473438 0.264062 0.473438 0.264062 0.520312 0.220312 0.520312
6 0.264062 0.473438 0.307812 0.473438 0.307812 0.520312 0.264062 0.520312
6 0.312500 0.473438 0.356250 0.473438 0.356250 0.520312 0.312500 0.520312
6 0.353125 0.473438 0.396875 0.473438 0.396875 0.520312 0.353125 0.520312
6 0.404687 0.473438 0.448437 0.473438 0.448437 0.520312 0.404687 0.520312
6 0.450000 0.473438 0.493750 0.473438 0.493750 0.520312 0.450000 0.520312
6 0.490625 0.473438 0.534375 0.473438 0.534375 0.520312 0.490625 0.520312
6 0.534375 0.473438 0.578125 0.473438 0.578125 0.520312 0.534375 0.520312
6 0.585938 0.473438 0.629687 0.473438 0.629687 0.520312 0.585938 0.520312
6 0.625000 0.473438 0.668750 0.473438 0.668750 0.520312 0.625000 0.520312
6 0.676562 0.473438 0.720313 0.473438 0.720313 0.520312 0.676562 0.520312
6 0.715625 0.473438 0.759375 0.473438 0.759375 0.520312 0.715625 0.520312
6 0.762500 0.473438 0.806250 0.473438 0.806250 0.520312 0.762500 0.520312
6 0.809375 0.473438 0.853125 0.473438 0.853125 0.520312 0.809375 0.520312
6 0.853125 0.473438 0.896875 0.473438 0.896875 0.520312 0.853125 0.520312
6 0.896875 0.473438 0.940625 0.473438 0.940625 0.520312 0.896875 0.520312
7 0.012500 0.381250 0.109375 0.381250 0.109375 0.639062 0.012500 0.639062
7 0.156480 0.394757 0.238635 0.446093 0.102015 0.664730 0.019860 0.613395
7 0.114490 0.446093 0.196645 0.394757 0.333265 0.613395 0.251110 0.664730
7 0.243750 0.381250 0.340625 0.381250 0.340625 0.639062 0.243750 0.639062
7 0.387730 0.394757 0.469885 0.446093 0.333265 0.664730 0.251110 0.613395
0 0.253125 0.623437 0.331250 0.623437 0.331250 0.654687 0.253125 0.654687
7 0.345740 0.446093 0.427895 0.394757 0.564515 0.613395 0.482360 0.664730
7 0.475000 0.381250 0.571875 0.381250 0.571875 0.639062 0.475000 0.639062
7 0.618980 0.394757 0.701135 0.446093 0.564515 0.664730 0.482360 0.613395
7 0.576990 0.446093 0.659145 0.394757 0.795765 0.613395 0.713610 0.664730
7 0.706250 0.381250 0.803125 0.381250 0.803125 0.639062 0.706250 0.639062
7 0.850230 0.394757 0.932385 0.446093 0.795765 0.664730 0.713610 0.613395