0 0.090625 0.863281 0.190625 0.863281 0.190625 0.902344 0.090625 0.902344
0 0.192188 0.864844 0.292187 0.864844 0.292187 0.903906 0.192188 0.903906
0 0.289062 0.864844 0.389062 0.864844 0.389062 0.903906 0.289062 0.903906
0 0.390625 0.863281 0.490625 0.863281 0.490625 0.902344 0.390625 0.902344
0 0.487500 0.860156 0.587500 0.860156 0.587500 0.899219 0.487500 0.899219
0 0.592187 0.860156 0.692187 0.860156 0.692187 0.899219 0.592187 0.899219
0 0.693750 0.866406 0.793750 0.866406 0.793750 0.905469 0.693750 0.905469
0 0.790625 0.866406 0.890625 0.866406 0.890625 0.905469 0.790625 0.905469
1 0.070312 0.729688 0.154688 0.729688 0.154688 0.954688 0.070312 0.954688
1 0.143750 0.731250 0.228125 0.731250 0.228125 0.956250 0.143750 0.956250
1 0.220312 0.735938 0.304688 0.735938 0.304688 0.960938 0.220312 0.960938
1 0.295312 0.734375 0.379688 0.734375 0.379688 0.959375 0.295312 0.959375
1 0.362500 0.729688 0.446875 0.729688 0.446875 0.954688 0.362500 0.954688
1 0.442188 0.731250 0.526563 0.731250 0.526563 0.956250 0.442188 0.956250
1 0.512500 0.734375 0.596875 0.734375 0.596875 0.959375 0.512500 0.959375
1 0.587500 0.729688 0.671875 0.729688 0.671875 0.954688 0.587500 0.954688
1 0.657813 0.735938 0.742188 0.735938 0.742188 0.960938 0.657813 0.960938
1 0.735938 0.735938 0.820312 0.735938 0.820312 0.960938 0.735938 0.960938
1 0.809375 0.735938 0.893750 0.735938 0.893750 0.960938 0.809375 0.960938
1 0.001563 0.545312 0.073438 0.545312 0.073438 0.760938 0.001563 0.760938
1 0.081250 0.550000 0.153125 0.550000 0.153125 0.765625 0.081250 0.765625
1 0.153125 0.550000 0.225000 0.550000 0.225000 0.765625 0.153125 0.765625
1 0.228125 0.545312 0.300000 0.545312 0.300000 0.760938 0.228125 0.760938
1 0.300000 0.543750 0.371875 0.543750 0.371875 0.759375 0.300000 0.759375
1 0.371875 0.548438 0.443750 0.548438 0.443750 0.764062 0.371875 0.764062
1 0.442188 0.545312 0.514062 0.545312 0.514062 0.760938 0.442188 0.760938
1 0.517188 0.550000 0.589063 0.550000 0.589063 0.765625 0.517188 0.765625
1 0.593750 0.550000 0.665625 0.550000 0.665625 0.765625 0.593750 0.765625
1 0.668750 0.546875 0.740625 0.546875 0.740625 0.762500 0.668750 0.762500
1 0.737500 0.550000 0.809375 0.550000 0.809375 0.765625 0.737500 0.765625
1 0.812500 0.550000 0.884375 0.550000 0.884375 0.765625 0.812500 0.765625
0 0.006250 0.431250 0.071875 0.431250 0.071875 0.465625 0.006250 0.465625
0 0.075000 0.429688 0.140625 0.429688 0.140625 0.464062 0.075000 0.464062
0 0.137500 0.425000 0.203125 0.425000 0.203125 0.459375 0.137500 0.459375
0 0.207813 0.425000 0.273438 0.425000 0.273438 0.459375 0.207813 0.459375
0 0.267188 0.429688 0.332813 0.429688 0.332813 0.464062 0.267188 0.464062
0 0.334375 0.429688 0.400000 0.429688 0.400000 0.464062 0.334375 0.464062
0 0.404687 0.428125 0.470313 0.428125 0.470313 0.462500 0.404687 0.462500
0 0.470313 0.431250 0.535937 0.431250 0.535937 0.465625 0.470313 0.465625
0 0.535937 0.428125 0.601562 0.428125 0.601562 0.462500 0.535937 0.462500
0 0.598437 0.428125 0.664062 0.428125 0.664062 0.462500 0.598437 0.462500
0 0.665625 0.428125 0.731250 0.428125 0.731250 0.462500 0.665625 0.462500
0 0.729688 0.428125 0.795312 0.428125 0.795312 0.462500 0.729688 0.462500
0 0.792188 0.425000 0.857812 0.425000 0.857812 0.459375 0.792188 0.459375
0 0.862500 0.429688 0.928125 0.429688 0.928125 0.464062 0.862500 0.464062
1 0.006250 0.286719 0.075000 0.286719 0.075000 0.532031 0.006250 0.532031
1 0.071875 0.286719 0.140625 0.286719 0.140625 0.532031 0.071875 0.532031
1 0.142187 0.286719 0.210938 0.286719 0.210938 0.532031 0.142187 0.532031
1 0.210938 0.283594 0.279687 0.283594 0.279687 0.528906 0.210938 0.528906
1 0.276562 0.283594 0.345313 0.283594 0.345313 0.528906 0.276562 0.528906
1 0.342187 0.285156 0.410938 0.285156 0.410938 0.530469 0.342187 0.530469
1 0.409375 0.289844 0.478125 0.289844 0.478125 0.535156 0.409375 0.535156
1 0.479687 0.285156 0.548438 0.285156 0.548438 0.530469 0.479687 0.530469
1 0.546875 0.289844 0.615625 0.289844 0.615625 0.535156 0.546875 0.535156
1 0.610938 0.289844 0.679688 0.289844 0.679688 0.535156 0.610938 0.535156
1 0.675000 0.288281 0.743750 0.288281 0.743750 0.533594 0.675000 0.533594
1 0.748437 0.289844 0.817187 0.289844 0.817187 0.535156 0.748437 0.535156
1 0.814063 0.286719 0.882812 0.286719 0.882812 0.532031 0.814063 0.532031
1 0.000781 0.025000 0.083594 0.025000 0.083594 0.340625 0.000781 0.340625
1 0.085156 0.028125 0.167969 0.028125 0.167969 0.343750 0.085156 0.343750
1 0.164844 0.026562 0.247656 0.026562 0.247656 0.342187 0.164844 0.342187
1 0.253906 0.028125 0.336719 0.028125 0.336719 0.343750 0.253906 0.343750
1 0.336719 0.023438 0.419531 0.023438 0.419531 0.339062 0.336719 0.339062
1 0.421094 0.021875 0.503906 0.021875 0.503906 0.337500 0.421094 0.337500
1 0.507031 0.023438 0.589844 0.023438 0.589844 0.339062 0.507031 0.339062
1 0.586719 0.026562 0.669531 0.026562 0.669531 0.342187 0.586719 0.342187
1 0.671094 0.026562 0.753906 0.026562 0.753906 0.342187 0.671094 0.342187
1 0.760156 0.026562 0.842969 0.026562 0.842969 0.342187 0.760156 0.342187
0 0.006250 0.830469 0.096875 0.830469 0.096875 0.866406 0.006250 0.866406
0 0.100000 0.830469 0.190625 0.830469 0.190625 0.866406 0.100000 0.866406
0 0.263281 0.336719 0.296094 0.336719 0.296094 0.397656 0.263281 0.397656
0 0.299219 0.336719 0.332031 0.336719 0.332031 0.397656 0.299219 0.397656
0 0.335156 0.336719 0.367969 0.336719 0.367969 0.397656 0.335156 0.397656
2 0.279687 0.337500 0.384375 0.337500 0.384375 0.396875 0.279687 0.396875
5 0.020313 0.890625 0.035937 0.890625 0.035937 0.906250 0.020313 0.906250
5 0.950000 0.567187 0.965625 0.567187 0.965625 0.582812 0.950000 0.582812
5 0.951562 0.759375 0.967187 0.759375 0.967187 0.775000 0.951562 0.775000