0 0.017188 0.907813 0.070312 0.907813 0.070312 0.945312 0.017188 0.945312
0 0.065625 0.907813 0.118750 0.907813 0.118750 0.945312 0.065625 0.945312
0 0.114062 0.907813 0.167187 0.907813 0.167187 0.945312 0.114062 0.945312
0 0.162500 0.907813 0.215625 0.907813 0.215625 0.945312 0.162500 0.945312
0 0.210938 0.907813 0.264062 0.907813 0.264062 0.945312 0.210938 0.945312
0 0.259375 0.907813 0.312500 0.907813 0.312500 0.945312 0.259375 0.945312
0 0.307812 0.907813 0.360938 0.907813 0.360938 0.945312 0.307812 0.945312
0 0.356250 0.907813 0.409375 0.907813 0.409375 0.945312 0.356250 0.945312
0 0.404687 0.907813 0.457813 0.907813 0.457813 0.945312 0.404687 0.945312
0 0.453125 0.907813 0.506250 0.907813 0.506250 0.945312 0.453125 0.945312
0 0.501563 0.907813 0.554688 0.907813 0.554688 0.945312 0.501563 0.945312
0 0.550000 0.907813 0.603125 0.907813 0.603125 0.945312 0.550000 0.945312
0 0.598437 0.907813 0.651563 0.907813 0.651563 0.945312 0.598437 0.945312
0 0.646875 0.907813 0.700000 0.907813 0.700000 0.945312 0.646875 0.945312
0 0.695312 0.907813 0.748437 0.907813 0.748437 0.945312 0.695312 0.945312
0 0.743750 0.907813 0.796875 0.907813 0.796875 0.945312 0.743750 0.945312
0 0.792188 0.907813 0.845313 0.907813 0.845313 0.945312 0.792188 0.945312
0 0.840625 0.907813 0.893750 0.907813 0.893750 0.945312 0.840625 0.945312
1 0.006250 0.772656 0.081250 0.772656 0.081250 0.992969 0.006250 0.992969
1 0.078125 0.772656 0.153125 0.772656 0.153125 0.992969 0.078125 0.992969
1 0.148438 0.772656 0.223438 0.772656 0.223438 0.992969 0.148438 0.992969
1 0.220312 0.772656 0.295312 0.772656 0.295312 0.992969 0.220312 0.992969
1 0.287500 0.772656 0.362500 0.772656 0.362500 0.992969 0.287500 0.992969
1 0.356250 0.772656 0.431250 0.772656 0.431250 0.992969 0.356250 0.992969
1 0.426563 0.772656 0.501563 0.772656 0.501563 0.992969 0.426563 0.992969
1 0.498437 0.772656 0.573438 0.772656 0.573438 0.992969 0.498437 0.992969
1 0.565625 0.772656 0.640625 0.772656 0.640625 0.992969 0.565625 0.992969
1 0.639062 0.772656 0.714063 0.772656 0.714063 0.992969 0.639062 0.992969
1 0.712500 0.772656 0.787500 0.772656 0.787500 0.992969 0.712500 0.992969
1 0.779687 0.772656 0.854688 0.772656 0.854688 0.992969 0.779687 0.992969
0 0.017188 0.643750 0.070312 0.643750 0.070312 0.681250 0.017188 0.681250
0 0.068750 0.643750 0.121875 0.643750 0.121875 0.681250 0.068750 0.681250
0 0.120313 0.643750 0.173437 0.643750 0.173437 0.681250 0.120313 0.681250
0 0.171875 0.643750 0.225000 0.643750 0.225000 0.681250 0.171875 0.681250
0 0.223438 0.643750 0.276562 0.643750 0.276562 0.681250 0.223438 0.681250
0 0.275000 0.643750 0.328125 0.643750 0.328125 0.681250 0.275000 0.681250
0 0.326562 0.643750 0.379688 0.643750 0.379688 0.681250 0.326562 0.681250
0 0.378125 0.643750 0.431250 0.643750 0.431250 0.681250 0.378125 0.681250
0 0.429688 0.643750 0.482812 0.643750 0.482812 0.681250 0.429688 0.681250
0 0.481250 0.643750 0.534375 0.643750 0.534375 0.681250 0.481250 0.681250
0 0.532813 0.643750 0.585938 0.643750 0.585938 0.681250 0.532813 0.681250
0 0.584375 0.643750 0.637500 0.643750 0.637500 0.681250 0.584375 0.681250
0 0.635938 0.643750 0.689063 0.643750 0.689063 0.681250 0.635938 0.681250
0 0.687500 0.643750 0.740625 0.643750 0.740625 0.681250 0.687500 0.681250
0 0.739062 0.643750 0.792188 0.643750 0.792188 0.681250 0.739062 0.681250
0 0.790625 0.643750 0.843750 0.643750 0.843750 0.681250 0.790625 0.681250
0 0.842187 0.643750 0.895312 0.643750 0.895312 0.681250 0.842187 0.681250
7 0.262393 0.426293 0.315385 0.511098 0.070246 0.664277 0.017254 0.579473
7 0.164303 0.511098 0.217295 0.426293 0.462433 0.579473 0.409442 0.664277
7 0.385937 0.332813 0.485938 0.332813 0.485938 0.621875 0.385937 0.621875
7 0.654580 0.426293 0.707572 0.511098 0.462433 0.664277 0.409442 0.579473
1 0.006250 0.222656 0.081250 0.222656 0.081250 0.442969 0.006250 0.442969
1 0.076563 0.222656 0.151562 0.222656 0.151562 0.442969 0.076563 0.442969
1 0.143750 0.222656 0.218750 0.222656 0.218750 0.442969 0.143750 0.442969
1 0.214062 0.222656 0.289062 0.222656 0.289062 0.442969 0.214062 0.442969
1 0.281250 0.222656 0.356250 0.222656 0.356250 0.442969 0.281250 0.442969
1 0.353125 0.222656 0.428125 0.222656 0.428125 0.442969 0.353125 0.442969
1 0.418750 0.222656 0.493750 0.222656 0.493750 0.442969 0.418750 0.442969
1 0.489063 0.222656 0.564063 0.222656 0.564063 0.442969 0.489063 0.442969
1 0.559375 0.222656 0.634375 0.222656 0.634375 0.442969 0.559375 0.442969
1 0.625000 0.222656 0.700000 0.222656 0.700000 0.442969 0.625000 0.442969
1 0.695312 0.222656 0.770312 0.222656 0.770312 0.442969 0.695312 0.442969
1 0.762500 0.222656 0.837500 0.222656 0.837500 0.442969 0.762500 0.442969
1 0.831250 0.222656 0.906250 0.222656 0.906250 0.442969 0.831250 0.442969
0 0.017188 0.093750 0.070312 0.093750 0.070312 0.131250 0.017188 0.131250
0 0.070312 0.093750 0.123438 0.093750 0.123438 0.131250 0.070312 0.131250
0 0.123438 0.093750 0.176563 0.093750 0.176563 0.131250 0.123438 0.131250
0 0.176563 0.093750 0.229687 0.093750 0.229687 0.131250 0.176563 0.131250
0 0.229687 0.093750 0.282813 0.093750 0.282813 0.131250 0.229687 0.131250
0 0.282813 0.093750 0.335938 0.093750 0.335938 0.131250 0.282813 0.131250
0 0.335938 0.093750 0.389062 0.093750 0.389062 0.131250 0.335938 0.131250
0 0.389062 0.093750 0.442188 0.093750 0.442188 0.131250 0.389062 0.131250
0 0.442188 0.093750 0.495312 0.093750 0.495312 0.131250 0.442188 0.131250
0 0.495312 0.093750 0.548438 0.093750 0.548438 0.131250 0.495312 0.131250
0 0.548438 0.093750 0.601562 0.093750 0.601562 0.131250 0.548438 0.131250
0 0.601562 0.093750 0.654687 0.093750 0.654687 0.131250 0.601562 0.131250
0 0.654687 0.093750 0.707812 0.093750 0.707812 0.131250 0.654687 0.131250
0 0.707812 0.093750 0.760938 0.093750 0.760938 0.131250 0.707812 0.131250
0 0.760938 0.093750 0.814063 0.093750 0.814063 0.131250 0.760938 0.131250
0 0.814063 0.093750 0.867188 0.093750 0.867188 0.131250 0.814063 0.131250
0 0.867188 0.093750 0.920312 0.093750 0.920312 0.131250 0.867188 0.131250
5 0.029687 0.918750 0.045312 0.918750 0.045312 0.934375 0.029687 0.934375