0 0.093750 0.067969 0.150000 0.067969 0.150000 0.097656 0.093750 0.097656
0 0.217188 0.067969 0.273438 0.067969 0.273438 0.097656 0.217188 0.097656
0 0.309375 0.067969 0.365625 0.067969 0.365625 0.097656 0.309375 0.097656
0 0.339062 0.067969 0.395313 0.067969 0.395313 0.097656 0.339062 0.097656
0 0.368750 0.067969 0.425000 0.067969 0.425000 0.097656 0.368750 0.097656
0 0.443750 0.067969 0.500000 0.067969 0.500000 0.097656 0.443750 0.097656
0 0.484375 0.067969 0.540625 0.067969 0.540625 0.097656 0.484375 0.097656
0 0.587500 0.067969 0.643750 0.067969 0.643750 0.097656 0.587500 0.097656
0 0.710938 0.067969 0.767188 0.067969 0.767188 0.097656 0.710938 0.097656
1 0.027344 0.204687 0.094531 0.204687 0.094531 0.407813 0.027344 0.407813
0 0.073438 0.291406 0.129688 0.291406 0.129688 0.321094 0.073438 0.321094
0 0.114062 0.291406 0.170313 0.291406 0.170313 0.321094 0.114062 0.321094
1 0.150781 0.204687 0.217969 0.204687 0.217969 0.407813 0.150781 0.407813
0 0.185938 0.291406 0.242188 0.291406 0.242188 0.321094 0.185938 0.321094
0 0.215625 0.291406 0.271875 0.291406 0.271875 0.321094 0.215625 0.321094
0 0.245312 0.291406 0.301563 0.291406 0.301563 0.321094 0.245312 0.321094
1 0.274219 0.204687 0.341406 0.204687 0.341406 0.407813 0.274219 0.407813
0 0.340625 0.291406 0.396875 0.291406 0.396875 0.321094 0.340625 0.321094
1 0.397656 0.204687 0.464844 0.204687 0.464844 0.407813 0.397656 0.407813
0 0.432812 0.291406 0.489063 0.291406 0.489063 0.321094 0.432812 0.321094
0 0.462500 0.291406 0.518750 0.291406 0.518750 0.321094 0.462500 0.321094
0 0.492188 0.291406 0.548438 0.291406 0.548438 0.321094 0.492188 0.321094
1 0.521094 0.204687 0.588281 0.204687 0.588281 0.407813 0.521094 0.407813
0 0.556250 0.291406 0.612500 0.291406 0.612500 0.321094 0.556250 0.321094
0 0.585938 0.291406 0.642188 0.291406 0.642188 0.321094 0.585938 0.321094
0 0.615625 0.291406 0.671875 0.291406 0.671875 0.321094 0.615625 0.321094
1 0.644531 0.204687 0.711719 0.204687 0.711719 0.407813 0.644531 0.407813
0 0.690625 0.291406 0.746875 0.291406 0.746875 0.321094 0.690625 0.321094
0 0.731250 0.291406 0.787500 0.291406 0.787500 0.321094 0.731250 0.321094
1 0.767969 0.204687 0.835156 0.204687 0.835156 0.407813 0.767969 0.407813
1 0.027344 0.428125 0.094531 0.428125 0.094531 0.631250 0.027344 0.631250
0 0.062500 0.514844 0.118750 0.514844 0.118750 0.544531 0.062500 0.544531
0 0.092188 0.514844 0.148438 0.514844 0.148438 0.544531 0.092188 0.544531
0 0.121875 0.514844 0.178125 0.514844 0.178125 0.544531 0.121875 0.544531
1 0.150781 0.428125 0.217969 0.428125 0.217969 0.631250 0.150781 0.631250
0 0.185938 0.514844 0.242188 0.514844 0.242188 0.544531 0.185938 0.544531
0 0.215625 0.514844 0.271875 0.514844 0.271875 0.544531 0.215625 0.544531
0 0.245312 0.514844 0.301563 0.514844 0.301563 0.544531 0.245312 0.544531
1 0.274219 0.428125 0.341406 0.428125 0.341406 0.631250 0.274219 0.631250
0 0.309375 0.514844 0.365625 0.514844 0.365625 0.544531 0.309375 0.544531
0 0.339062 0.514844 0.395313 0.514844 0.395313 0.544531 0.339062 0.544531
0 0.368750 0.514844 0.425000 0.514844 0.425000 0.544531 0.368750 0.544531
1 0.397656 0.428125 0.464844 0.428125 0.464844 0.631250 0.397656 0.631250
0 0.443750 0.514844 0.500000 0.514844 0.500000 0.544531 0.443750 0.544531
0 0.484375 0.514844 0.540625 0.514844 0.540625 0.544531 0.484375 0.544531
1 0.521094 0.428125 0.588281 0.428125 0.588281 0.631250 0.521094 0.631250
0 0.567187 0.514844 0.623437 0.514844 0.623437 0.544531 0.567187 0.544531
0 0.607812 0.514844 0.664062 0.514844 0.664062 0.544531 0.607812 0.544531
1 0.644531 0.428125 0.711719 0.428125 0.711719 0.631250 0.644531 0.631250
0 0.690625 0.514844 0.746875 0.514844 0.746875 0.544531 0.690625 0.544531
0 0.731250 0.514844 0.787500 0.514844 0.787500 0.544531 0.731250 0.544531
1 0.767969 0.428125 0.835156 0.428125 0.835156 0.631250 0.767969 0.631250
1 0.027344 0.651563 0.094531 0.651563 0.094531 0.854688 0.027344 0.854688
0 0.093750 0.738281 0.150000 0.738281 0.150000 0.767969 0.093750 0.767969
1 0.150781 0.651563 0.217969 0.651563 0.217969 0.854688 0.150781 0.854688
0 0.196875 0.738281 0.253125 0.738281 0.253125 0.767969 0.196875 0.767969
0 0.237500 0.738281 0.293750 0.738281 0.293750 0.767969 0.237500 0.767969
1 0.274219 0.651563 0.341406 0.651563 0.341406 0.854688 0.274219 0.854688
0 0.340625 0.738281 0.396875 0.738281 0.396875 0.767969 0.340625 0.767969
1 0.397656 0.651563 0.464844 0.651563 0.464844 0.854688 0.397656 0.854688
0 0.464062 0.738281 0.520312 0.738281 0.520312 0.767969 0.464062 0.767969
1 0.521094 0.651563 0.588281 0.651563 0.588281 0.854688 0.521094 0.854688
0 0.587500 0.738281 0.643750 0.738281 0.643750 0.767969 0.587500 0.767969
1 0.644531 0.651563 0.711719 0.651563 0.711719 0.854688 0.644531 0.854688
0 0.710938 0.738281 0.767188 0.738281 0.767188 0.767969 0.710938 0.767969
1 0.767969 0.651563 0.835156 0.651563 0.835156 0.854688 0.767969 0.854688
0 0.683594 0.734375 0.738281 0.734375 0.738281 0.771875 0.683594 0.771875
0 0.741406 0.734375 0.796094 0.734375 0.796094 0.771875 0.741406 0.771875
0 0.799219 0.734375 0.853906 0.734375 0.853906 0.771875 0.799219 0.771875
0 0.857031 0.734375 0.911719 0.734375 0.911719 0.771875 0.857031 0.771875
0 0.914844 0.734375 0.969531 0.734375 0.969531 0.771875 0.914844 0.771875
2 0.710938 0.734375 0.996875 0.734375 0.996875 0.771875 0.710938 0.771875
0 0.313281 0.064062 0.383594 0.064062 0.383594 0.101562 0.313281 0.101562
0 0.386719 0.064062 0.457031 0.064062 0.457031 0.101562 0.386719 0.101562
2 0.348438 0.064062 0.492188 0.064062 0.492188 0.101562 0.348438 0.101562
0 0.291406 0.510938 0.361719 0.510938 0.361719 0.548438 0.291406 0.548438
0 0.364844 0.510938 0.435156 0.510938 0.435156 0.548438 0.364844 0.548438
0 0.438281 0.510938 0.508594 0.510938 0.508594 0.548438 0.438281 0.548438
2 0.326562 0.510938 0.543750 0.510938 0.543750 0.548438 0.326562 0.548438