0 0.033594 0.066406 0.063281 0.066406 0.063281 0.124219 0.033594 0.124219
0 0.355469 0.066406 0.385156 0.066406 0.385156 0.124219 0.355469 0.124219
0 0.677344 0.066406 0.707031 0.066406 0.707031 0.124219 0.677344 0.124219
6 0.023438 0.190625 0.070312 0.190625 0.070312 0.240625 0.023438 0.240625
6 0.068750 0.190625 0.115625 0.190625 0.115625 0.240625 0.068750 0.240625
6 0.110937 0.190625 0.157812 0.190625 0.157812 0.240625 0.110937 0.240625
6 0.153125 0.190625 0.200000 0.190625 0.200000 0.240625 0.153125 0.240625
6 0.190625 0.190625 0.237500 0.190625 0.237500 0.240625 0.190625 0.240625
6 0.232813 0.190625 0.279687 0.190625 0.279687 0.240625 0.232813 0.240625
6 0.276562 0.190625 0.323437 0.190625 0.323437 0.240625 0.276562 0.240625
6 0.318750 0.190625 0.365625 0.190625 0.365625 0.240625 0.318750 0.240625
6 0.359375 0.190625 0.406250 0.190625 0.406250 0.240625 0.359375 0.240625
6 0.406250 0.190625 0.453125 0.190625 0.453125 0.240625 0.406250 0.240625
6 0.445312 0.190625 0.492188 0.190625 0.492188 0.240625 0.445312 0.240625
6 0.489063 0.190625 0.535937 0.190625 0.535937 0.240625 0.489063 0.240625
6 0.532813 0.190625 0.579688 0.190625 0.579688 0.240625 0.532813 0.240625
6 0.573438 0.190625 0.620313 0.190625 0.620313 0.240625 0.573438 0.240625
6 0.612500 0.190625 0.659375 0.190625 0.659375 0.240625 0.612500 0.240625
6 0.654687 0.190625 0.701562 0.190625 0.701562 0.240625 0.654687 0.240625
6 0.696875 0.190625 0.743750 0.190625 0.743750 0.240625 0.696875 0.240625
6 0.739062 0.190625 0.785937 0.190625 0.785937 0.240625 0.739062 0.240625
6 0.782813 0.190625 0.829688 0.190625 0.829688 0.240625 0.782813 0.240625
6 0.828125 0.190625 0.875000 0.190625 0.875000 0.240625 0.828125 0.240625
6 0.870313 0.190625 0.917188 0.190625 0.917188 0.240625 0.870313 0.240625
6 0.914062 0.190625 0.960938 0.190625 0.960938 0.240625 0.914062 0.240625
7 -0.000278 0.259340 0.039373 0.192026 0.229201 0.303843 0.189549 0.371157
7 0.038676 0.192844 0.098814 0.142975 0.239444 0.312566 0.179306 0.362434
7 0.097881 0.143509 0.171372 0.117002 0.246120 0.324247 0.172630 0.350753
7 0.170313 0.117188 0.248438 0.117188 0.248438 0.337500 0.170313 0.337500
7 0.247378 0.117002 0.320869 0.143509 0.246120 0.350753 0.172630 0.324247
7 0.319936 0.142975 0.380074 0.192844 0.239444 0.362434 0.179306 0.312566
7 0.379377 0.192026 0.419028 0.259340 0.229201 0.371157 0.189549 0.303843
0 0.194531 0.308594 0.224219 0.308594 0.224219 0.366406 0.194531 0.366406
7 0.321597 0.259340 0.361248 0.192026 0.551076 0.303843 0.511424 0.371157
7 0.360551 0.192844 0.420689 0.142975 0.561319 0.312566 0.501181 0.362434
7 0.419756 0.143509 0.493247 0.117002 0.567995 0.324247 0.494505 0.350753
7 0.492188 0.117188 0.570312 0.117188 0.570312 0.337500 0.492188 0.337500
7 0.569253 0.117002 0.642744 0.143509 0.567995 0.350753 0.494505 0.324247
7 0.641811 0.142975 0.701949 0.192844 0.561319 0.362434 0.501181 0.312566
7 0.701252 0.192026 0.740903 0.259340 0.551076 0.371157 0.511424 0.303843
7 0.643472 0.259340 0.683123 0.192026 0.872951 0.303843 0.833299 0.371157
7 0.682426 0.192844 0.742564 0.142975 0.883194 0.312566 0.823056 0.362434
7 0.741631 0.143509 0.815122 0.117002 0.889870 0.324247 0.816380 0.350753
7 0.814063 0.117188 0.892188 0.117188 0.892188 0.337500 0.814063 0.337500
7 0.891128 0.117002 0.964619 0.143509 0.889870 0.350753 0.816380 0.324247
0 0.838281 0.308594 0.867969 0.308594 0.867969 0.366406 0.838281 0.366406
6 0.026562 0.432812 0.073438 0.432812 0.073438 0.482812 0.026562 0.482812
6 0.071875 0.432812 0.118750 0.432812 0.118750 0.482812 0.071875 0.482812
6 0.125000 0.432812 0.171875 0.432812 0.171875 0.482812 0.125000 0.482812
6 0.170313 0.432812 0.217188 0.432812 0.217188 0.482812 0.170313 0.482812
6 0.220312 0.432812 0.267188 0.432812 0.267188 0.482812 0.220312 0.482812
6 0.264062 0.432812 0.310937 0.432812 0.310937 0.482812 0.264062 0.482812
6 0.318750 0.432812 0.365625 0.432812 0.365625 0.482812 0.318750 0.482812
6 0.364063 0.432812 0.410938 0.432812 0.410938 0.482812 0.364063 0.482812
6 0.412500 0.432812 0.459375 0.432812 0.459375 0.482812 0.412500 0.482812
6 0.464062 0.432812 0.510938 0.432812 0.510938 0.482812 0.464062 0.482812
6 0.506250 0.432812 0.553125 0.432812 0.553125 0.482812 0.506250 0.482812
6 0.559375 0.432812 0.606250 0.432812 0.606250 0.482812 0.559375 0.482812
6 0.604688 0.432812 0.651563 0.432812 0.651563 0.482812 0.604688 0.482812
6 0.651563 0.432812 0.698438 0.432812 0.698438 0.482812 0.651563 0.482812
6 0.701562 0.432812 0.748437 0.432812 0.748437 0.482812 0.701562 0.482812
6 0.748437 0.432812 0.795312 0.432812 0.795312 0.482812 0.748437 0.482812
6 0.798438 0.432812 0.845313 0.432812 0.845313 0.482812 0.798438 0.482812
6 0.851562 0.432812 0.898438 0.432812 0.898438 0.482812 0.851562 0.482812
6 0.893750 0.432812 0.940625 0.432812 0.940625 0.482812 0.893750 0.482812
7 0.009375 0.359375 0.087500 0.359375 0.087500 0.579688 0.009375 0.579688
7 0.086441 0.359190 0.159932 0.385696 0.085183 0.592941 0.011692 0.566434
7 0.158998 0.385163 0.219137 0.435032 0.078507 0.604622 0.018368 0.554753
7 0.218439 0.434213 0.258091 0.501528 0.068263 0.613345 0.028612 0.546030
0 0.033594 0.550781 0.063281 0.550781 0.063281 0.608594 0.033594 0.608594
7 0.160659 0.501528 0.200311 0.434213 0.390138 0.546030 0.350487 0.613345
7 0.199613 0.435032 0.259752 0.385163 0.400382 0.554753 0.340243 0.604622
7 0.258818 0.385696 0.332309 0.359190 0.407058 0.566434 0.333567 0.592941
7 0.331250 0.359375 0.409375 0.359375 0.409375 0.579688 0.331250 0.579688
7 0.408316 0.359190 0.481807 0.385696 0.407058 0.592941 0.333567 0.566434
7 0.480873 0.385163 0.541012 0.435032 0.400382 0.604622 0.340243 0.554753
7 0.540314 0.434213 0.579966 0.501528 0.390138 0.613345 0.350487 0.546030
0 0.355469 0.550781 0.385156 0.550781 0.385156 0.608594 0.355469 0.608594
7 0.482534 0.501528 0.522186 0.434213 0.712013 0.546030 0.672362 0.613345
7 0.521488 0.435032 0.581627 0.385163 0.722257 0.554753 0.662118 0.604622
7 0.580693 0.385696 0.654184 0.359190 0.728933 0.566434 0.655442 0.592941
7 0.653125 0.359375 0.731250 0.359375 0.731250 0.579688 0.653125 0.579688
7 0.730191 0.359190 0.803682 0.385696 0.728933 0.592941 0.655442 0.566434
7 0.802748 0.385163 0.862887 0.435032 0.722257 0.604622 0.662118 0.554753
7 0.862189 0.434213 0.901841 0.501528 0.712013 0.613345 0.672362 0.546030
0 0.677344 0.550781 0.707031 0.550781 0.707031 0.608594 0.677344 0.608594