0 0.390625 0.080469 0.487500 0.080469 0.487500 0.119531 0.390625 0.119531
0 0.578125 0.080469 0.675000 0.080469 0.675000 0.119531 0.578125 0.119531
0 0.765625 0.080469 0.862500 0.080469 0.862500 0.119531 0.765625 0.119531
7 0.013804 0.171573 0.079773 0.132714 0.190797 0.321196 0.124828 0.360054
7 0.081520 0.132067 0.156881 0.118553 0.195493 0.333868 0.120132 0.347382
7 0.158744 0.118553 0.234105 0.132067 0.195493 0.347382 0.120132 0.333868
7 0.235852 0.132714 0.301821 0.171573 0.190797 0.360054 0.124828 0.321196
7 0.201304 0.171573 0.267273 0.132714 0.378297 0.321196 0.312328 0.360054
7 0.269020 0.132067 0.344381 0.118553 0.382993 0.333868 0.307632 0.347382
7 0.346244 0.118553 0.421605 0.132067 0.382993 0.347382 0.307632 0.333868
7 0.423352 0.132714 0.489321 0.171573 0.378297 0.360054 0.312328 0.321196
0 0.296875 0.321094 0.393750 0.321094 0.393750 0.360156 0.296875 0.360156
7 0.388804 0.171573 0.454773 0.132714 0.565797 0.321196 0.499828 0.360054
7 0.456520 0.132067 0.531881 0.118553 0.570493 0.333868 0.495132 0.347382
7 0.533744 0.118553 0.609105 0.132067 0.570493 0.347382 0.495132 0.333868
7 0.610852 0.132714 0.676821 0.171573 0.565797 0.360054 0.499828 0.321196
0 0.484375 0.321094 0.581250 0.321094 0.581250 0.360156 0.484375 0.360156
7 0.576304 0.171573 0.642273 0.132714 0.753297 0.321196 0.687328 0.360054
7 0.644020 0.132067 0.719381 0.118553 0.757993 0.333868 0.682632 0.347382
7 0.721244 0.118553 0.796605 0.132067 0.757993 0.347382 0.682632 0.333868
7 0.798352 0.132714 0.864321 0.171573 0.753297 0.360054 0.687328 0.321196
0 0.671875 0.321094 0.768750 0.321094 0.768750 0.360156 0.671875 0.360156
7 0.763804 0.171573 0.829773 0.132714 0.940797 0.321196 0.874828 0.360054
7 0.831520 0.132067 0.906881 0.118553 0.945493 0.333868 0.870132 0.347382
7 0.908744 0.118553 0.984105 0.132067 0.945493 0.347382 0.870132 0.333868
0 0.859375 0.321094 0.956250 0.321094 0.956250 0.360156 0.859375 0.360156
7 0.064994 0.359178 0.140355 0.372692 0.101743 0.588007 0.026382 0.574493
7 0.142102 0.373339 0.208071 0.412198 0.097047 0.600679 0.031078 0.561821
0 0.015625 0.561719 0.112500 0.561719 0.112500 0.600781 0.015625 0.600781
7 0.107554 0.412198 0.173523 0.373339 0.284547 0.561821 0.218578 0.600679
7 0.175270 0.372692 0.250631 0.359178 0.289243 0.574493 0.213882 0.588007
7 0.252494 0.359178 0.327855 0.372692 0.289243 0.588007 0.213882 0.574493
7 0.329602 0.373339 0.395571 0.412198 0.284547 0.600679 0.218578 0.561821
0 0.203125 0.561719 0.300000 0.561719 0.300000 0.600781 0.203125 0.600781
7 0.295054 0.412198 0.361023 0.373339 0.472047 0.561821 0.406078 0.600679
7 0.362770 0.372692 0.438131 0.359178 0.476743 0.574493 0.401382 0.588007
7 0.439994 0.359178 0.515355 0.372692 0.476743 0.588007 0.401382 0.574493
7 0.517102 0.373339 0.583071 0.412198 0.472047 0.600679 0.406078 0.561821
0 0.390625 0.561719 0.487500 0.561719 0.487500 0.600781 0.390625 0.600781
7 0.482554 0.412198 0.548523 0.373339 0.659547 0.561821 0.593578 0.600679
7 0.550270 0.372692 0.625631 0.359178 0.664243 0.574493 0.588882 0.588007
7 0.627494 0.359178 0.702855 0.372692 0.664243 0.588007 0.588882 0.574493
7 0.704602 0.373339 0.770571 0.412198 0.659547 0.600679 0.593578 0.561821
0 0.578125 0.561719 0.675000 0.561719 0.675000 0.600781 0.578125 0.600781
7 0.670054 0.412198 0.736023 0.373339 0.847047 0.561821 0.781078 0.600679
7 0.737770 0.372692 0.813131 0.359178 0.851743 0.574493 0.776382 0.588007
7 0.814994 0.359178 0.890355 0.372692 0.851743 0.588007 0.776382 0.574493
7 0.892102 0.373339 0.958071 0.412198 0.847047 0.600679 0.781078 0.561821
0 0.765625 0.561719 0.862500 0.561719 0.862500 0.600781 0.765625 0.600781