0 0.019531 0.035937 0.055469 0.035937 0.055469 0.104688 0.019531 0.104688
0 0.049219 0.034375 0.085156 0.034375 0.085156 0.103125 0.049219 0.103125
0 0.080469 0.039062 0.116406 0.039062 0.116406 0.107813 0.080469 0.107813
0 0.102344 0.032813 0.138281 0.032813 0.138281 0.101562 0.102344 0.101562
0 0.130469 0.031250 0.166406 0.031250 0.166406 0.100000 0.130469 0.100000
0 0.158594 0.039062 0.194531 0.039062 0.194531 0.107813 0.158594 0.107813
0 0.189844 0.034375 0.225781 0.034375 0.225781 0.103125 0.189844 0.103125
0 0.214844 0.032813 0.250781 0.032813 0.250781 0.101562 0.214844 0.101562
0 0.247656 0.031250 0.283594 0.031250 0.283594 0.100000 0.247656 0.100000
0 0.275781 0.034375 0.311719 0.034375 0.311719 0.103125 0.275781 0.103125
0 0.303906 0.037500 0.339844 0.037500 0.339844 0.106250 0.303906 0.106250
0 0.333594 0.037500 0.369531 0.037500 0.369531 0.106250 0.333594 0.106250
0 0.361719 0.037500 0.397656 0.037500 0.397656 0.106250 0.361719 0.106250
0 0.389844 0.040625 0.425781 0.040625 0.425781 0.109375 0.389844 0.109375
0 0.414844 0.034375 0.450781 0.034375 0.450781 0.103125 0.414844 0.103125
0 0.444531 0.039062 0.480469 0.039062 0.480469 0.107813 0.444531 0.107813
0 0.467969 0.039062 0.503906 0.039062 0.503906 0.107813 0.467969 0.107813
0 0.500781 0.040625 0.536719 0.040625 0.536719 0.109375 0.500781 0.109375
0 0.530469 0.034375 0.566406 0.034375 0.566406 0.103125 0.530469 0.103125
0 0.558594 0.034375 0.594531 0.034375 0.594531 0.103125 0.558594 0.103125
0 0.585156 0.037500 0.621094 0.037500 0.621094 0.106250 0.585156 0.106250
0 0.614844 0.040625 0.650781 0.040625 0.650781 0.109375 0.614844 0.109375
0 0.638281 0.031250 0.674219 0.031250 0.674219 0.100000 0.638281 0.100000
0 0.664844 0.031250 0.700781 0.031250 0.700781 0.100000 0.664844 0.100000
0 0.699219 0.031250 0.735156 0.031250 0.735156 0.100000 0.699219 0.100000
2 0.005469 0.010156 0.072656 0.010156 0.072656 0.249219 0.005469 0.249219
2 0.060156 0.016406 0.127344 0.016406 0.127344 0.255469 0.060156 0.255469
2 0.113281 0.010156 0.180469 0.010156 0.180469 0.249219 0.113281 0.249219
2 0.167969 0.016406 0.235156 0.016406 0.235156 0.255469 0.167969 0.255469
2 0.227344 0.016406 0.294531 0.016406 0.294531 0.255469 0.227344 0.255469
2 0.278906 0.017969 0.346094 0.017969 0.346094 0.257031 0.278906 0.257031
2 0.333594 0.010156 0.400781 0.010156 0.400781 0.249219 0.333594 0.249219
2 0.386719 0.016406 0.453906 0.016406 0.453906 0.255469 0.386719 0.255469
2 0.441406 0.014844 0.508594 0.014844 0.508594 0.253906 0.441406 0.253906
2 0.497656 0.011719 0.564844 0.011719 0.564844 0.250781 0.497656 0.250781
2 0.553906 0.016406 0.621094 0.016406 0.621094 0.255469 0.553906 0.255469
2 0.608594 0.019531 0.675781 0.019531 0.675781 0.258594 0.608594 0.258594
2 0.661719 0.019531 0.728906 0.019531 0.728906 0.258594 0.661719 0.258594
2 0.714844 0.019531 0.782031 0.019531 0.782031 0.258594 0.714844 0.258594
2 0.774219 0.016406 0.841406 0.016406 0.841406 0.255469 0.774219 0.255469
2 0.827344 0.010156 0.894531 0.010156 0.894531 0.249219 0.827344 0.249219
2 0.878906 0.014844 0.946094 0.014844 0.946094 0.253906 0.878906 0.253906
0 0.016406 0.335938 0.064844 0.335938 0.064844 0.370312 0.016406 0.370312
0 0.063281 0.328125 0.111719 0.328125 0.111719 0.362500 0.063281 0.362500
0 0.105469 0.334375 0.153906 0.334375 0.153906 0.368750 0.105469 0.368750
0 0.157031 0.332813 0.205469 0.332813 0.205469 0.367188 0.157031 0.367188
0 0.205469 0.329688 0.253906 0.329688 0.253906 0.364063 0.205469 0.364063
0 0.252344 0.328125 0.300781 0.328125 0.300781 0.362500 0.252344 0.362500
0 0.292969 0.334375 0.341406 0.334375 0.341406 0.368750 0.292969 0.368750
0 0.341406 0.332813 0.389844 0.332813 0.389844 0.367188 0.341406 0.367188
0 0.386719 0.331250 0.435156 0.331250 0.435156 0.365625 0.386719 0.365625
0 0.436719 0.337500 0.485156 0.337500 0.485156 0.371875 0.436719 0.371875
0 0.483594 0.334375 0.532031 0.334375 0.532031 0.368750 0.483594 0.368750
0 0.532031 0.328125 0.580469 0.328125 0.580469 0.362500 0.532031 0.362500
0 0.580469 0.328125 0.628906 0.328125 0.628906 0.362500 0.580469 0.362500
0 0.622656 0.328125 0.671094 0.328125 0.671094 0.362500 0.622656 0.362500
0 0.671094 0.335938 0.719531 0.335938 0.719531 0.370312 0.671094 0.370312
0 0.716406 0.335938 0.764844 0.335938 0.764844 0.370312 0.716406 0.370312
0 0.761719 0.335938 0.810156 0.335938 0.810156 0.370312 0.761719 0.370312
0 0.810156 0.328125 0.858594 0.328125 0.858594 0.362500 0.810156 0.362500
0 0.860156 0.335938 0.908594 0.335938 0.908594 0.370312 0.860156 0.370312
0 0.905469 0.337500 0.953906 0.337500 0.953906 0.371875 0.905469 0.371875
2 0.020313 0.310937 0.064062 0.310937 0.064062 0.460938 0.020313 0.460938
2 0.053125 0.304688 0.096875 0.304688 0.096875 0.454688 0.053125 0.454688
2 0.085938 0.307812 0.129688 0.307812 0.129688 0.457813 0.085938 0.457813
2 0.121875 0.309375 0.165625 0.309375 0.165625 0.459375 0.121875 0.459375
2 0.159375 0.306250 0.203125 0.306250 0.203125 0.456250 0.159375 0.456250
2 0.195312 0.306250 0.239063 0.306250 0.239063 0.456250 0.195312 0.456250
2 0.231250 0.312500 0.275000 0.312500 0.275000 0.462500 0.231250 0.462500
2 0.265625 0.312500 0.309375 0.312500 0.309375 0.462500 0.265625 0.462500
2 0.303125 0.307812 0.346875 0.307812 0.346875 0.457813 0.303125 0.457813
2 0.340625 0.310937 0.384375 0.310937 0.384375 0.460938 0.340625 0.460938
2 0.378125 0.312500 0.421875 0.312500 0.421875 0.462500 0.378125 0.462500
2 0.409375 0.310937 0.453125 0.310937 0.453125 0.460938 0.409375 0.460938
2 0.446875 0.310937 0.490625 0.310937 0.490625 0.460938 0.446875 0.460938
2 0.485938 0.309375 0.529687 0.309375 0.529687 0.459375 0.485938 0.459375
2 0.518750 0.309375 0.562500 0.309375 0.562500 0.459375 0.518750 0.459375
2 0.556250 0.309375 0.600000 0.309375 0.600000 0.459375 0.556250 0.459375
2 0.589063 0.304688 0.632812 0.304688 0.632812 0.454688 0.589063 0.454688
2 0.628125 0.309375 0.671875 0.309375 0.671875 0.459375 0.628125 0.459375
2 0.665625 0.310937 0.709375 0.310937 0.709375 0.460938 0.665625 0.460938
2 0.700000 0.312500 0.743750 0.312500 0.743750 0.462500 0.700000 0.462500
2 0.735938 0.309375 0.779687 0.309375 0.779687 0.459375 0.735938 0.459375
2 0.768750 0.304688 0.812500 0.304688 0.812500 0.454688 0.768750 0.454688
2 0.806250 0.304688 0.850000 0.304688 0.850000 0.454688 0.806250 0.454688
2 0.842187 0.306250 0.885938 0.306250 0.885938 0.456250 0.842187 0.456250
2 0.878125 0.307812 0.921875 0.307812 0.921875 0.457813 0.878125 0.457813
0 0.014844 0.489063 0.057031 0.489063 0.057031 0.570312 0.014844 0.570312
0 0.052344 0.479687 0.094531 0.479687 0.094531 0.560937 0.052344 0.560937
0 0.096094 0.482812 0.138281 0.482812 0.138281 0.564063 0.096094 0.564063
0 0.127344 0.487500 0.169531 0.487500 0.169531 0.568750 0.127344 0.568750
0 0.169531 0.479687 0.211719 0.479687 0.211719 0.560937 0.169531 0.560937
0 0.203906 0.489063 0.246094 0.489063 0.246094 0.570312 0.203906 0.570312
0 0.241406 0.484375 0.283594 0.484375 0.283594 0.565625 0.241406 0.565625
0 0.280469 0.484375 0.322656 0.484375 0.322656 0.565625 0.280469 0.565625
0 0.319531 0.487500 0.361719 0.487500 0.361719 0.568750 0.319531 0.568750
0 0.355469 0.479687 0.397656 0.479687 0.397656 0.560937 0.355469 0.560937
0 0.396094 0.479687 0.438281 0.479687 0.438281 0.560937 0.396094 0.560937
0 0.428906 0.487500 0.471094 0.487500 0.471094 0.568750 0.428906 0.568750
0 0.471094 0.479687 0.513281 0.479687 0.513281 0.560937 0.471094 0.560937
0 0.507031 0.479687 0.549219 0.479687 0.549219 0.560937 0.507031 0.560937
0 0.539844 0.481250 0.582031 0.481250 0.582031 0.562500 0.539844 0.562500
0 0.578906 0.479687 0.621094 0.479687 0.621094 0.560937 0.578906 0.560937
0 0.616406 0.487500 0.658594 0.487500 0.658594 0.568750 0.616406 0.568750
0 0.655469 0.484375 0.697656 0.484375 0.697656 0.565625 0.655469 0.565625
0 0.694531 0.481250 0.736719 0.481250 0.736719 0.562500 0.694531 0.562500
0 0.728906 0.487500 0.771094 0.487500 0.771094 0.568750 0.728906 0.568750
0 0.764844 0.487500 0.807031 0.487500 0.807031 0.568750 0.764844 0.568750
0 0.805469 0.489063 0.847656 0.489063 0.847656 0.570312 0.805469 0.570312
0 0.842969 0.485938 0.885156 0.485938 0.885156 0.567187 0.842969 0.567187
0 0.877344 0.484375 0.919531 0.484375 0.919531 0.565625 0.877344 0.565625
0 0.921094 0.482812 0.963281 0.482812 0.963281 0.564063 0.921094 0.564063
2 0.077344 0.443750 0.182031 0.443750 0.182031 0.750000 0.077344 0.750000
2 0.171094 0.443750 0.275781 0.443750 0.275781 0.750000 0.171094 0.750000
2 0.260156 0.440625 0.364844 0.440625 0.364844 0.746875 0.260156 0.746875
2 0.346094 0.440625 0.450781 0.440625 0.450781 0.746875 0.346094 0.746875
2 0.438281 0.442188 0.542969 0.442188 0.542969 0.748437 0.438281 0.748437
2 0.530469 0.445312 0.635156 0.445312 0.635156 0.751563 0.530469 0.751563
2 0.617969 0.448437 0.722656 0.448437 0.722656 0.754687 0.617969 0.754687
2 0.710156 0.443750 0.814844 0.443750 0.814844 0.750000 0.710156 0.750000
2 0.805469 0.439063 0.910156 0.439063 0.910156 0.745313 0.805469 0.745313
0 0.038281 0.853906 0.046094 0.853906 0.046094 0.867969 0.038281 0.867969
0 0.049219 0.850781 0.057031 0.850781 0.057031 0.864844 0.049219 0.864844
0 0.061719 0.860156 0.069531 0.860156 0.069531 0.874219 0.061719 0.874219
0 0.072656 0.860156 0.080469 0.860156 0.080469 0.874219 0.072656 0.874219
0 0.082031 0.857031 0.089844 0.857031 0.089844 0.871094 0.082031 0.871094
0 0.099219 0.855469 0.107031 0.855469 0.107031 0.869531 0.099219 0.869531
0 0.111719 0.850781 0.119531 0.850781 0.119531 0.864844 0.111719 0.864844
0 0.125781 0.853906 0.133594 0.853906 0.133594 0.867969 0.125781 0.867969
0 0.133594 0.860156 0.141406 0.860156 0.141406 0.874219 0.133594 0.874219
0 0.144531 0.860156 0.152344 0.860156 0.152344 0.874219 0.144531 0.874219
0 0.157031 0.853906 0.164844 0.853906 0.164844 0.867969 0.157031 0.867969
0 0.174219 0.853906 0.182031 0.853906 0.182031 0.867969 0.174219 0.867969
0 0.188281 0.853906 0.196094 0.853906 0.196094 0.867969 0.188281 0.867969
0 0.199219 0.850781 0.207031 0.850781 0.207031 0.864844 0.199219 0.864844
0 0.213281 0.855469 0.221094 0.855469 0.221094 0.869531 0.213281 0.869531
0 0.224219 0.855469 0.232031 0.855469 0.232031 0.869531 0.224219 0.869531
0 0.233594 0.857031 0.241406 0.857031 0.241406 0.871094 0.233594 0.871094
0 0.250781 0.860156 0.258594 0.860156 0.258594 0.874219 0.250781 0.874219
0 0.258594 0.852344 0.266406 0.852344 0.266406 0.866406 0.258594 0.866406
0 0.275781 0.855469 0.283594 0.855469 0.283594 0.869531 0.275781 0.869531
0 0.285156 0.860156 0.292969 0.860156 0.292969 0.874219 0.285156 0.874219
0 0.299219 0.852344 0.307031 0.852344 0.307031 0.866406 0.299219 0.866406
0 0.307031 0.853906 0.314844 0.853906 0.314844 0.867969 0.307031 0.867969
0 0.322656 0.853906 0.330469 0.853906 0.330469 0.867969 0.322656 0.867969
0 0.335156 0.857031 0.342969 0.857031 0.342969 0.871094 0.335156 0.871094