0 0.024219 0.029687 0.038281 0.029687 0.038281 0.057813 0.024219 0.057813
0 0.324219 0.029687 0.338281 0.029687 0.338281 0.057813 0.324219 0.057813
0 0.624219 0.029687 0.638281 0.029687 0.638281 0.057813 0.624219 0.057813
0 0.924219 0.029687 0.938281 0.029687 0.938281 0.057813 0.924219 0.057813
3 0.020309 0.094261 0.112587 0.027217 0.227389 0.185228 0.135111 0.252272
3 0.066655 0.050620 0.175135 0.015373 0.235490 0.201126 0.127010 0.236374
3 0.124219 0.023438 0.238281 0.023438 0.238281 0.218750 0.124219 0.218750
3 0.187365 0.015373 0.295845 0.050620 0.235490 0.236374 0.127010 0.201126
3 0.249913 0.027217 0.342191 0.094261 0.227389 0.252272 0.135111 0.185228
3 0.305739 0.057809 0.372783 0.150087 0.214772 0.264889 0.147728 0.172611
0 0.174219 0.204687 0.188281 0.204687 0.188281 0.232813 0.174219 0.232813
3 0.289717 0.150087 0.356761 0.057809 0.514772 0.172611 0.447728 0.264889
3 0.320309 0.094261 0.412587 0.027217 0.527389 0.185228 0.435111 0.252272
3 0.366655 0.050620 0.475135 0.015373 0.535490 0.201126 0.427010 0.236374
3 0.424219 0.023438 0.538281 0.023438 0.538281 0.218750 0.424219 0.218750
3 0.487365 0.015373 0.595845 0.050620 0.535490 0.236374 0.427010 0.201126
3 0.549913 0.027217 0.642191 0.094261 0.527389 0.252272 0.435111 0.185228
3 0.605739 0.057809 0.672783 0.150087 0.514772 0.264889 0.447728 0.172611
0 0.474219 0.204687 0.488281 0.204687 0.488281 0.232813 0.474219 0.232813
3 0.589717 0.150087 0.656761 0.057809 0.814772 0.172611 0.747728 0.264889
3 0.620309 0.094261 0.712587 0.027217 0.827389 0.185228 0.735111 0.252272
3 0.666655 0.050620 0.775135 0.015373 0.835490 0.201126 0.727010 0.236374
3 0.724219 0.023438 0.838281 0.023438 0.838281 0.218750 0.724219 0.218750
3 0.787365 0.015373 0.895845 0.050620 0.835490 0.236374 0.727010 0.201126
3 0.849913 0.027217 0.942191 0.094261 0.827389 0.252272 0.735111 0.185228
3 0.905739 0.057809 0.972783 0.150087 0.814772 0.264889 0.747728 0.172611
0 0.774219 0.204687 0.788281 0.204687 0.788281 0.232813 0.774219 0.232813
0 0.024219 0.379688 0.038281 0.379688 0.038281 0.407813 0.024219 0.407813
3 0.139717 0.325087 0.206761 0.232809 0.364772 0.347611 0.297728 0.439889
3 0.170309 0.269261 0.262587 0.202217 0.377389 0.360228 0.285111 0.427272
3 0.216655 0.225620 0.325135 0.190373 0.385490 0.376126 0.277010 0.411374
3 0.274219 0.198437 0.388281 0.198437 0.388281 0.393750 0.274219 0.393750
3 0.337365 0.190373 0.445845 0.225620 0.385490 0.411374 0.277010 0.376126
3 0.399913 0.202217 0.492191 0.269261 0.377389 0.427272 0.285111 0.360228
3 0.455739 0.232809 0.522783 0.325087 0.364772 0.439889 0.297728 0.347611
0 0.324219 0.379688 0.338281 0.379688 0.338281 0.407813 0.324219 0.407813
3 0.439717 0.325087 0.506761 0.232809 0.664772 0.347611 0.597728 0.439889
3 0.470309 0.269261 0.562587 0.202217 0.677389 0.360228 0.585111 0.427272
3 0.516655 0.225620 0.625135 0.190373 0.685490 0.376126 0.577010 0.411374
3 0.574219 0.198437 0.688281 0.198437 0.688281 0.393750 0.574219 0.393750
3 0.637365 0.190373 0.745845 0.225620 0.685490 0.411374 0.577010 0.376126
3 0.699913 0.202217 0.792191 0.269261 0.677389 0.427272 0.585111 0.360228
3 0.755739 0.232809 0.822783 0.325087 0.664772 0.439889 0.597728 0.347611
0 0.624219 0.379688 0.638281 0.379688 0.638281 0.407813 0.624219 0.407813
3 0.739717 0.325087 0.806761 0.232809 0.964772 0.347611 0.897728 0.439889
3 0.770309 0.269261 0.862587 0.202217 0.977389 0.360228 0.885111 0.427272
3 0.816655 0.225620 0.925135 0.190373 0.985490 0.376126 0.877010 0.411374
3 0.874219 0.198437 0.988281 0.198437 0.988281 0.393750 0.874219 0.393750
0 0.924219 0.379688 0.938281 0.379688 0.938281 0.407813 0.924219 0.407813
3 0.020309 0.444261 0.112587 0.377217 0.227389 0.535228 0.135111 0.602272
3 0.066655 0.400620 0.175135 0.365373 0.235490 0.551126 0.127010 0.586374
3 0.124219 0.373437 0.238281 0.373437 0.238281 0.568750 0.124219 0.568750
3 0.187365 0.365373 0.295845 0.400620 0.235490 0.586374 0.127010 0.551126
3 0.249913 0.377217 0.342191 0.444261 0.227389 0.602272 0.135111 0.535228
3 0.305739 0.407809 0.372783 0.500087 0.214772 0.614889 0.147728 0.522611
0 0.174219 0.554688 0.188281 0.554688 0.188281 0.582812 0.174219 0.582812
3 0.289717 0.500087 0.356761 0.407809 0.514772 0.522611 0.447728 0.614889
3 0.320309 0.444261 0.412587 0.377217 0.527389 0.535228 0.435111 0.602272
3 0.366655 0.400620 0.475135 0.365373 0.535490 0.551126 0.427010 0.586374
3 0.424219 0.373437 0.538281 0.373437 0.538281 0.568750 0.424219 0.568750
3 0.487365 0.365373 0.595845 0.400620 0.535490 0.586374 0.427010 0.551126
3 0.549913 0.377217 0.642191 0.444261 0.527389 0.602272 0.435111 0.535228
3 0.605739 0.407809 0.672783 0.500087 0.514772 0.614889 0.447728 0.522611
0 0.474219 0.554688 0.488281 0.554688 0.488281 0.582812 0.474219 0.582812
3 0.589717 0.500087 0.656761 0.407809 0.814772 0.522611 0.747728 0.614889
3 0.620309 0.444261 0.712587 0.377217 0.827389 0.535228 0.735111 0.602272
3 0.666655 0.400620 0.775135 0.365373 0.835490 0.551126 0.727010 0.586374
3 0.724219 0.373437 0.838281 0.373437 0.838281 0.568750 0.724219 0.568750
3 0.787365 0.365373 0.895845 0.400620 0.835490 0.586374 0.727010 0.551126
3 0.849913 0.377217 0.942191 0.444261 0.827389 0.602272 0.735111 0.535228
3 0.905739 0.407809 0.972783 0.500087 0.814772 0.614889 0.747728 0.522611
0 0.774219 0.554688 0.788281 0.554688 0.788281 0.582812 0.774219 0.582812
0 0.024219 0.729688 0.038281 0.729688 0.038281 0.757812 0.024219 0.757812
3 0.139717 0.675087 0.206761 0.582809 0.364772 0.697611 0.297728 0.789889
3 0.170309 0.619261 0.262587 0.552217 0.377389 0.710228 0.285111 0.777272
3 0.216655 0.575620 0.325135 0.540373 0.385490 0.726126 0.277010 0.761374
3 0.274219 0.548438 0.388281 0.548438 0.388281 0.743750 0.274219 0.743750
3 0.337365 0.540373 0.445845 0.575620 0.385490 0.761374 0.277010 0.726126
3 0.399913 0.552217 0.492191 0.619261 0.377389 0.777272 0.285111 0.710228
3 0.455739 0.582809 0.522783 0.675087 0.364772 0.789889 0.297728 0.697611
0 0.324219 0.729688 0.338281 0.729688 0.338281 0.757812 0.324219 0.757812
3 0.439717 0.675087 0.506761 0.582809 0.664772 0.697611 0.597728 0.789889
3 0.470309 0.619261 0.562587 0.552217 0.677389 0.710228 0.585111 0.777272
3 0.516655 0.575620 0.625135 0.540373 0.685490 0.726126 0.577010 0.761374
3 0.574219 0.548438 0.688281 0.548438 0.688281 0.743750 0.574219 0.743750
3 0.637365 0.540373 0.745845 0.575620 0.685490 0.761374 0.577010 0.726126
3 0.699913 0.552217 0.792191 0.619261 0.677389 0.777272 0.585111 0.710228
3 0.755739 0.582809 0.822783 0.675087 0.664772 0.789889 0.597728 0.697611
0 0.624219 0.729688 0.638281 0.729688 0.638281 0.757812 0.624219 0.757812
3 0.739717 0.675087 0.806761 0.582809 0.964772 0.697611 0.897728 0.789889
3 0.770309 0.619261 0.862587 0.552217 0.977389 0.710228 0.885111 0.777272
3 0.816655 0.575620 0.925135 0.540373 0.985490 0.726126 0.877010 0.761374
3 0.874219 0.548438 0.988281 0.548438 0.988281 0.743750 0.874219 0.743750
0 0.924219 0.729688 0.938281 0.729688 0.938281 0.757812 0.924219 0.757812