3 0.005488 0.035492 0.037486 0.022933 0.059749 0.079658 0.027751 0.092217
3 0.019119 0.027610 0.053227 0.023336 0.060804 0.083800 0.026696 0.088075
3 0.034273 0.023336 0.068381 0.027610 0.060804 0.088075 0.026696 0.083800
3 0.050014 0.022933 0.082012 0.035492 0.059749 0.092217 0.027751 0.079658
3 0.065367 0.026427 0.093277 0.046493 0.057705 0.095971 0.029795 0.075904
3 0.079383 0.033601 0.101479 0.059934 0.054798 0.099104 0.032702 0.072771
3 0.073521 0.059934 0.095617 0.033601 0.142298 0.072771 0.120202 0.099104
3 0.081723 0.046493 0.109633 0.026427 0.145205 0.075904 0.117295 0.095971
3 0.092988 0.035492 0.124986 0.022933 0.147249 0.079658 0.115251 0.092217
3 0.106619 0.027610 0.140727 0.023336 0.148304 0.083800 0.114196 0.088075
3 0.121773 0.023336 0.155881 0.027610 0.148304 0.088075 0.114196 0.083800
3 0.137514 0.022933 0.169512 0.035492 0.147249 0.092217 0.115251 0.079658
3 0.152867 0.026427 0.180777 0.046493 0.145205 0.095971 0.117295 0.075904
3 0.166883 0.033601 0.188979 0.059934 0.142298 0.099104 0.120202 0.072771
3 0.161021 0.059934 0.183117 0.033601 0.229798 0.072771 0.207702 0.099104
3 0.169223 0.046493 0.197133 0.026427 0.232705 0.075904 0.204795 0.095971
3 0.180488 0.035492 0.212486 0.022933 0.234749 0.079658 0.202751 0.092217
3 0.194119 0.027610 0.228227 0.023336 0.235804 0.083800 0.201696 0.088075
3 0.209273 0.023336 0.243381 0.027610 0.235804 0.088075 0.201696 0.083800
3 0.225014 0.022933 0.257012 0.035492 0.234749 0.092217 0.202751 0.079658
3 0.240367 0.026427 0.268277 0.046493 0.232705 0.095971 0.204795 0.075904
3 0.254383 0.033601 0.276479 0.059934 0.229798 0.099104 0.207702 0.072771
3 0.248521 0.059934 0.270617 0.033601 0.317298 0.072771 0.295202 0.099104
3 0.256723 0.046493 0.284633 0.026427 0.320205 0.075904 0.292295 0.095971
3 0.267988 0.035492 0.299986 0.022933 0.322249 0.079658 0.290251 0.092217
3 0.281619 0.027610 0.315727 0.023336 0.323304 0.083800 0.289196 0.088075
3 0.296773 0.023336 0.330881 0.027610 0.323304 0.088075 0.289196 0.083800
3 0.312514 0.022933 0.344512 0.035492 0.322249 0.092217 0.290251 0.079658
3 0.327867 0.026427 0.355777 0.046493 0.320205 0.095971 0.292295 0.075904
3 0.341883 0.033601 0.363979 0.059934 0.317298 0.099104 0.295202 0.072771
3 0.336021 0.059934 0.358117 0.033601 0.404798 0.072771 0.382702 0.099104
3 0.344223 0.046493 0.372133 0.026427 0.407705 0.075904 0.379795 0.095971
3 0.355488 0.035492 0.387486 0.022933 0.409749 0.079658 0.377751 0.092217
3 0.369119 0.027610 0.403227 0.023336 0.410804 0.083800 0.376696 0.088075
3 0.384273 0.023336 0.418381 0.027610 0.410804 0.088075 0.376696 0.083800
3 0.400014 0.022933 0.432012 0.035492 0.409749 0.092217 0.377751 0.079658
3 0.415367 0.026427 0.443277 0.046493 0.407705 0.095971 0.379795 0.075904
3 0.429383 0.033601 0.451479 0.059934 0.404798 0.099104 0.382702 0.072771
3 0.423521 0.059934 0.445617 0.033601 0.492298 0.072771 0.470202 0.099104
3 0.431723 0.046493 0.459633 0.026427 0.495205 0.075904 0.467295 0.095971
3 0.442988 0.035492 0.474986 0.022933 0.497249 0.079658 0.465251 0.092217
3 0.456619 0.027610 0.490727 0.023336 0.498304 0.083800 0.464196 0.088075
3 0.471773 0.023336 0.505881 0.027610 0.498304 0.088075 0.464196 0.083800
3 0.487514 0.022933 0.519512 0.035492 0.497249 0.092217 0.465251 0.079658
3 0.502867 0.026427 0.530777 0.046493 0.495205 0.095971 0.467295 0.075904
3 0.516883 0.033601 0.538979 0.059934 0.492298 0.099104 0.470202 0.072771
3 0.511021 0.059934 0.533117 0.033601 0.579798 0.072771 0.557702 0.099104
3 0.519223 0.046493 0.547133 0.026427 0.582705 0.075904 0.554795 0.095971
3 0.530488 0.035492 0.562486 0.022933 0.584749 0.079658 0.552751 0.092217
3 0.544119 0.027610 0.578227 0.023336 0.585804 0.083800 0.551696 0.088075
3 0.559273 0.023336 0.593381 0.027610 0.585804 0.088075 0.551696 0.083800
3 0.575014 0.022933 0.607012 0.035492 0.584749 0.092217 0.552751 0.079658
3 0.590367 0.026427 0.618277 0.046493 0.582705 0.095971 0.554795 0.075904
3 0.604383 0.033601 0.626479 0.059934 0.579798 0.099104 0.557702 0.072771
3 0.598521 0.059934 0.620617 0.033601 0.667298 0.072771 0.645202 0.099104
3 0.606723 0.046493 0.634633 0.026427 0.670205 0.075904 0.642295 0.095971
3 0.617988 0.035492 0.649986 0.022933 0.672249 0.079658 0.640251 0.092217
3 0.631619 0.027610 0.665727 0.023336 0.673304 0.083800 0.639196 0.088075
3 0.646773 0.023336 0.680881 0.027610 0.673304 0.088075 0.639196 0.083800
3 0.662514 0.022933 0.694512 0.035492 0.672249 0.092217 0.640251 0.079658
3 0.677867 0.026427 0.705777 0.046493 0.670205 0.095971 0.642295 0.075904
3 0.691883 0.033601 0.713979 0.059934 0.667298 0.099104 0.645202 0.072771
3 0.686021 0.059934 0.708117 0.033601 0.754798 0.072771 0.732702 0.099104
3 0.694223 0.046493 0.722133 0.026427 0.757705 0.075904 0.729795 0.095971
3 0.705488 0.035492 0.737486 0.022933 0.759749 0.079658 0.727751 0.092217
3 0.719119 0.027610 0.753227 0.023336 0.760804 0.083800 0.726696 0.088075
3 0.734273 0.023336 0.768381 0.027610 0.760804 0.088075 0.726696 0.083800
3 0.750014 0.022933 0.782012 0.035492 0.759749 0.092217 0.727751 0.079658
3 0.765367 0.026427 0.793277 0.046493 0.757705 0.095971 0.729795 0.075904
3 0.779383 0.033601 0.801479 0.059934 0.754798 0.099104 0.732702 0.072771
3 0.773521 0.059934 0.795617 0.033601 0.842298 0.072771 0.820202 0.099104
3 0.781723 0.046493 0.809633 0.026427 0.845205 0.075904 0.817295 0.095971
3 0.792988 0.035492 0.824986 0.022933 0.847249 0.079658 0.815251 0.092217
3 0.806619 0.027610 0.840727 0.023336 0.848304 0.083800 0.814196 0.088075
3 0.821773 0.023336 0.855881 0.027610 0.848304 0.088075 0.814196 0.083800
3 0.837514 0.022933 0.869512 0.035492 0.847249 0.092217 0.815251 0.079658
3 0.852867 0.026427 0.880777 0.046493 0.845205 0.095971 0.817295 0.075904
3 0.866883 0.033601 0.888979 0.059934 0.842298 0.099104 0.820202 0.072771
3 0.861021 0.059934 0.883117 0.033601 0.929798 0.072771 0.907702 0.099104
3 0.869223 0.046493 0.897133 0.026427 0.932705 0.075904 0.904795 0.095971
3 0.880488 0.035492 0.912486 0.022933 0.934749 0.079658 0.902751 0.092217
3 0.894119 0.027610 0.928227 0.023336 0.935804 0.083800 0.901696 0.088075
3 0.909273 0.023336 0.943381 0.027610 0.935804 0.088075 0.901696 0.083800
3 0.925014 0.022933 0.957012 0.035492 0.934749 0.092217 0.902751 0.079658
3 0.940367 0.026427 0.968277 0.046493 0.932705 0.095971 0.904795 0.075904
3 0.954383 0.033601 0.976479 0.059934 0.929798 0.099104 0.907702 0.072771
3 0.029771 0.138059 0.051867 0.111726 0.098548 0.150896 0.076452 0.177229
3 0.037973 0.124618 0.065883 0.104552 0.101455 0.154029 0.073545 0.174096
3 0.049238 0.113617 0.081236 0.101058 0.103499 0.157783 0.071501 0.170342
3 0.062869 0.105735 0.096977 0.101461 0.104554 0.161925 0.070446 0.166200
3 0.078023 0.101461 0.112131 0.105735 0.104554 0.166200 0.070446 0.161925
3 0.093764 0.101058 0.125762 0.113617 0.103499 0.170342 0.071501 0.157783
3 0.109117 0.104552 0.137027 0.124618 0.101455 0.174096 0.073545 0.154029
3 0.123133 0.111726 0.145229 0.138059 0.098548 0.177229 0.076452 0.150896
3 0.117271 0.138059 0.139367 0.111726 0.186048 0.150896 0.163952 0.177229
3 0.125473 0.124618 0.153383 0.104552 0.188955 0.154029 0.161045 0.174096
3 0.136738 0.113617 0.168736 0.101058 0.190999 0.157783 0.159001 0.170342
3 0.150369 0.105735 0.184477 0.101461 0.192054 0.161925 0.157946 0.166200
3 0.165523 0.101461 0.199631 0.105735 0.192054 0.166200 0.157946 0.161925
3 0.181264 0.101058 0.213262 0.113617 0.190999 0.170342 0.159001 0.157783
3 0.196617 0.104552 0.224527 0.124618 0.188955 0.174096 0.161045 0.154029
3 0.210633 0.111726 0.232729 0.138059 0.186048 0.177229 0.163952 0.150896
3 0.204771 0.138059 0.226867 0.111726 0.273548 0.150896 0.251452 0.177229
3 0.212973 0.124618 0.240883 0.104552 0.276455 0.154029 0.248545 0.174096
3 0.224238 0.113617 0.256236 0.101058 0.278499 0.157783 0.246501 0.170342
3 0.237869 0.105735 0.271977 0.101461 0.279554 0.161925 0.245446 0.166200
3 0.253023 0.101461 0.287131 0.105735 0.279554 0.166200 0.245446 0.161925
3 0.268764 0.101058 0.300762 0.113617 0.278499 0.170342 0.246501 0.157783
3 0.284117 0.104552 0.312027 0.124618 0.276455 0.174096 0.248545 0.154029
3 0.298133 0.111726 0.320229 0.138059 0.273548 0.177229 0.251452 0.150896
3 0.292271 0.138059 0.314367 0.111726 0.361048 0.150896 0.338952 0.177229
3 0.300473 0.124618 0.328383 0.104552 0.363955 0.154029 0.336045 0.174096
3 0.311738 0.113617 0.343736 0.101058 0.365999 0.157783 0.334001 0.170342
3 0.325369 0.105735 0.359477 0.101461 0.367054 0.161925 0.332946 0.166200
3 0.340523 0.101461 0.374631 0.105735 0.367054 0.166200 0.332946 0.161925
3 0.356264 0.101058 0.388262 0.113617 0.365999 0.170342 0.334001 0.157783
3 0.371617 0.104552 0.399527 0.124618 0.363955 0.174096 0.336045 0.154029
3 0.385633 0.111726 0.407729 0.138059 0.361048 0.177229 0.338952 0.150896
3 0.379771 0.138059 0.401867 0.111726 0.448548 0.150896 0.426452 0.177229
3 0.387973 0.124618 0.415883 0.104552 0.451455 0.154029 0.423545 0.174096
3 0.399238 0.113617 0.431236 0.101058 0.453499 0.157783 0.421501 0.170342
3 0.412869 0.105735 0.446977 0.101461 0.454554 0.161925 0.420446 0.166200
3 0.428023 0.101461 0.462131 0.105735 0.454554 0.166200 0.420446 0.161925
3 0.443764 0.101058 0.475762 0.113617 0.453499 0.170342 0.421501 0.157783
3 0.459117 0.104552 0.487027 0.124618 0.451455 0.174096 0.423545 0.154029
3 0.473133 0.111726 0.495229 0.138059 0.448548 0.177229 0.426452 0.150896
3 0.467271 0.138059 0.489367 0.111726 0.536048 0.150896 0.513952 0.177229
3 0.475473 0.124618 0.503383 0.104552 0.538955 0.154029 0.511045 0.174096
3 0.486738 0.113617 0.518736 0.101058 0.540999 0.157783 0.509001 0.170342
3 0.500369 0.105735 0.534477 0.101461 0.542054 0.161925 0.507946 0.166200
3 0.515523 0.101461 0.549631 0.105735 0.542054 0.166200 0.507946 0.161925
3 0.531264 0.101058 0.563262 0.113617 0.540999 0.170342 0.509001 0.157783
3 0.546617 0.104552 0.574527 0.124618 0.538955 0.174096 0.511045 0.154029
3 0.560633 0.111726 0.582729 0.138059 0.536048 0.177229 0.513952 0.150896
3 0.554771 0.138059 0.576867 0.111726 0.623548 0.150896 0.601452 0.177229
3 0.562973 0.124618 0.590883 0.104552 0.626455 0.154029 0.598545 0.174096
3 0.574238 0.113617 0.606236 0.101058 0.628499 0.157783 0.596501 0.170342
3 0.587869 0.105735 0.621977 0.101461 0.629554 0.161925 0.595446 0.166200
3 0.603023 0.101461 0.637131 0.105735 0.629554 0.166200 0.595446 0.161925
3 0.618764 0.101058 0.650762 0.113617 0.628499 0.170342 0.596501 0.157783
3 0.634117 0.104552 0.662027 0.124618 0.626455 0.174096 0.598545 0.154029
3 0.648133 0.111726 0.670229 0.138059 0.623548 0.177229 0.601452 0.150896
3 0.642271 0.138059 0.664367 0.111726 0.711048 0.150896 0.688952 0.177229
3 0.650473 0.124618 0.678383 0.104552 0.713955 0.154029 0.686045 0.174096
3 0.661738 0.113617 0.693736 0.101058 0.715999 0.157783 0.684001 0.170342
3 0.675369 0.105735 0.709477 0.101461 0.717054 0.161925 0.682946 0.166200
3 0.690523 0.101461 0.724631 0.105735 0.717054 0.166200 0.682946 0.161925
3 0.706264 0.101058 0.738262 0.113617 0.715999 0.170342 0.684001 0.157783
3 0.721617 0.104552 0.749527 0.124618 0.713955 0.174096 0.686045 0.154029
3 0.735633 0.111726 0.757729 0.138059 0.711048 0.177229 0.688952 0.150896
3 0.729771 0.138059 0.751867 0.111726 0.798548 0.150896 0.776452 0.177229
3 0.737973 0.124618 0.765883 0.104552 0.801455 0.154029 0.773545 0.174096
3 0.749238 0.113617 0.781236 0.101058 0.803499 0.157783 0.771501 0.170342
3 0.762869 0.105735 0.796977 0.101461 0.804554 0.161925 0.770446 0.166200
3 0.778023 0.101461 0.812131 0.105735 0.804554 0.166200 0.770446 0.161925
3 0.793764 0.101058 0.825762 0.113617 0.803499 0.170342 0.771501 0.157783
3 0.809117 0.104552 0.837027 0.124618 0.801455 0.174096 0.773545 0.154029
3 0.823133 0.111726 0.845229 0.138059 0.798548 0.177229 0.776452 0.150896
3 0.817271 0.138059 0.839367 0.111726 0.886048 0.150896 0.863952 0.177229
3 0.825473 0.124618 0.853383 0.104552 0.888955 0.154029 0.861045 0.174096
3 0.836738 0.113617 0.868736 0.101058 0.890999 0.157783 0.859001 0.170342
3 0.850369 0.105735 0.884477 0.101461 0.892054 0.161925 0.857946 0.166200
3 0.865523 0.101461 0.899631 0.105735 0.892054 0.166200 0.857946 0.161925
3 0.881264 0.101058 0.913262 0.113617 0.890999 0.170342 0.859001 0.157783
3 0.896617 0.104552 0.924527 0.124618 0.888955 0.174096 0.861045 0.154029
3 0.910633 0.111726 0.932729 0.138059 0.886048 0.177229 0.863952 0.150896
3 0.904771 0.138059 0.926867 0.111726 0.973548 0.150896 0.951452 0.177229
3 0.912973 0.124618 0.940883 0.104552 0.976455 0.154029 0.948545 0.174096
3 0.924238 0.113617 0.956236 0.101058 0.978499 0.157783 0.946501 0.170342
3 0.937869 0.105735 0.971977 0.101461 0.979554 0.161925 0.945446 0.166200
3 0.953023 0.101461 0.987131 0.105735 0.979554 0.166200 0.945446 0.161925
3 0.005488 0.191742 0.037486 0.179183 0.059749 0.235908 0.027751 0.248467
3 0.019119 0.183860 0.053227 0.179586 0.060804 0.240050 0.026696 0.244325
3 0.034273 0.179586 0.068381 0.183860 0.060804 0.244325 0.026696 0.240050
3 0.050014 0.179183 0.082012 0.191742 0.059749 0.248467 0.027751 0.235908
3 0.065367 0.182677 0.093277 0.202743 0.057705 0.252221 0.029795 0.232154
3 0.079383 0.189851 0.101479 0.216184 0.054798 0.255354 0.032702 0.229021
3 0.073521 0.216184 0.095617 0.189851 0.142298 0.229021 0.120202 0.255354
3 0.081723 0.202743 0.109633 0.182677 0.145205 0.232154 0.117295 0.252221
3 0.092988 0.191742 0.124986 0.179183 0.147249 0.235908 0.115251 0.248467
3 0.106619 0.183860 0.140727 0.179586 0.148304 0.240050 0.114196 0.244325
3 0.121773 0.179586 0.155881 0.183860 0.148304 0.244325 0.114196 0.240050
3 0.137514 0.179183 0.169512 0.191742 0.147249 0.248467 0.115251 0.235908
3 0.152867 0.182677 0.180777 0.202743 0.145205 0.252221 0.117295 0.232154
3 0.166883 0.189851 0.188979 0.216184 0.142298 0.255354 0.120202 0.229021
3 0.161021 0.216184 0.183117 0.189851 0.229798 0.229021 0.207702 0.255354
3 0.169223 0.202743 0.197133 0.182677 0.232705 0.232154 0.204795 0.252221
3 0.180488 0.191742 0.212486 0.179183 0.234749 0.235908 0.202751 0.248467
3 0.194119 0.183860 0.228227 0.179586 0.235804 0.240050 0.201696 0.244325
3 0.209273 0.179586 0.243381 0.183860 0.235804 0.244325 0.201696 0.240050
3 0.225014 0.179183 0.257012 0.191742 0.234749 0.248467 0.202751 0.235908
3 0.240367 0.182677 0.268277 0.202743 0.232705 0.252221 0.204795 0.232154
3 0.254383 0.189851 0.276479 0.216184 0.229798 0.255354 0.207702 0.229021
3 0.248521 0.216184 0.270617 0.189851 0.317298 0.229021 0.295202 0.255354
3 0.256723 0.202743 0.284633 0.182677 0.320205 0.232154 0.292295 0.252221
3 0.267988 0.191742 0.299986 0.179183 0.322249 0.235908 0.290251 0.248467
3 0.281619 0.183860 0.315727 0.179586 0.323304 0.240050 0.289196 0.244325
3 0.296773 0.179586 0.330881 0.183860 0.323304 0.244325 0.289196 0.240050
3 0.312514 0.179183 0.344512 0.191742 0.322249 0.248467 0.290251 0.235908
3 0.327867 0.182677 0.355777 0.202743 0.320205 0.252221 0.292295 0.232154
3 0.341883 0.189851 0.363979 0.216184 0.317298 0.255354 0.295202 0.229021
3 0.336021 0.216184 0.358117 0.189851 0.404798 0.229021 0.382702 0.255354
3 0.344223 0.202743 0.372133 0.182677 0.407705 0.232154 0.379795 0.252221
3 0.355488 0.191742 0.387486 0.179183 0.409749 0.235908 0.377751 0.248467
3 0.369119 0.183860 0.403227 0.179586 0.410804 0.240050 0.376696 0.244325
3 0.384273 0.179586 0.418381 0.183860 0.410804 0.244325 0.376696 0.240050
3 0.400014 0.179183 0.432012 0.191742 0.409749 0.248467 0.377751 0.235908
3 0.415367 0.182677 0.443277 0.202743 0.407705 0.252221 0.379795 0.232154
3 0.429383 0.189851 0.451479 0.216184 0.404798 0.255354 0.382702 0.229021
3 0.423521 0.216184 0.445617 0.189851 0.492298 0.229021 0.470202 0.255354
3 0.431723 0.202743 0.459633 0.182677 0.495205 0.232154 0.467295 0.252221
3 0.442988 0.191742 0.474986 0.179183 0.497249 0.235908 0.465251 0.248467
3 0.456619 0.183860 0.490727 0.179586 0.498304 0.240050 0.464196 0.244325
3 0.471773 0.179586 0.505881 0.183860 0.498304 0.244325 0.464196 0.240050
3 0.487514 0.179183 0.519512 0.191742 0.497249 0.248467 0.465251 0.235908
3 0.502867 0.182677 0.530777 0.202743 0.495205 0.252221 0.467295 0.232154
3 0.516883 0.189851 0.538979 0.216184 0.492298 0.255354 0.470202 0.229021
3 0.511021 0.216184 0.533117 0.189851 0.579798 0.229021 0.557702 0.255354
3 0.519223 0.202743 0.547133 0.182677 0.582705 0.232154 0.554795 0.252221
3 0.530488 0.191742 0.562486 0.179183 0.584749 0.235908 0.552751 0.248467
3 0.544119 0.183860 0.578227 0.179586 0.585804 0.240050 0.551696 0.244325
3 0.559273 0.179586 0.593381 0.183860 0.585804 0.244325 0.551696 0.240050
3 0.575014 0.179183 0.607012 0.191742 0.584749 0.248467 0.552751 0.235908
3 0.590367 0.182677 0.618277 0.202743 0.582705 0.252221 0.554795 0.232154
3 0.604383 0.189851 0.626479 0.216184 0.579798 0.255354 0.557702 0.229021
3 0.598521 0.216184 0.620617 0.189851 0.667298 0.229021 0.645202 0.255354
3 0.606723 0.202743 0.634633 0.182677 0.670205 0.232154 0.642295 0.252221
3 0.617988 0.191742 0.649986 0.179183 0.672249 0.235908 0.640251 0.248467
3 0.631619 0.183860 0.665727 0.179586 0.673304 0.240050 0.639196 0.244325
3 0.646773 0.179586 0.680881 0.183860 0.673304 0.244325 0.639196 0.240050
3 0.662514 0.179183 0.694512 0.191742 0.672249 0.248467 0.640251 0.235908
3 0.677867 0.182677 0.705777 0.202743 0.670205 0.252221 0.642295 0.232154
3 0.691883 0.189851 0.713979 0.216184 0.667298 0.255354 0.645202 0.229021
3 0.686021 0.216184 0.708117 0.189851 0.754798 0.229021 0.732702 0.255354
3 0.694223 0.202743 0.722133 0.182677 0.757705 0.232154 0.729795 0.252221
3 0.705488 0.191742 0.737486 0.179183 0.759749 0.235908 0.727751 0.248467
3 0.719119 0.183860 0.753227 0.179586 0.760804 0.240050 0.726696 0.244325
3 0.734273 0.179586 0.768381 0.183860 0.760804 0.244325 0.726696 0.240050
3 0.750014 0.179183 0.782012 0.191742 0.759749 0.248467 0.727751 0.235908
3 0.765367 0.182677 0.793277 0.202743 0.757705 0.252221 0.729795 0.232154
3 0.779383 0.189851 0.801479 0.216184 0.754798 0.255354 0.732702 0.229021
3 0.773521 0.216184 0.795617 0.189851 0.842298 0.229021 0.820202 0.255354
3 0.781723 0.202743 0.809633 0.182677 0.845205 0.232154 0.817295 0.252221
3 0.792988 0.191742 0.824986 0.179183 0.847249 0.235908 0.815251 0.248467
3 0.806619 0.183860 0.840727 0.179586 0.848304 0.240050 0.814196 0.244325
3 0.821773 0.179586 0.855881 0.183860 0.848304 0.244325 0.814196 0.240050
3 0.837514 0.179183 0.869512 0.191742 0.847249 0.248467 0.815251 0.235908
3 0.852867 0.182677 0.880777 0.202743 0.845205 0.252221 0.817295 0.232154
3 0.866883 0.189851 0.888979 0.216184 0.842298 0.255354 0.820202 0.229021
3 0.861021 0.216184 0.883117 0.189851 0.929798 0.229021 0.907702 0.255354
3 0.869223 0.202743 0.897133 0.182677 0.932705 0.232154 0.904795 0.252221
3 0.880488 0.191742 0.912486 0.179183 0.934749 0.235908 0.902751 0.248467
3 0.894119 0.183860 0.928227 0.179586 0.935804 0.240050 0.901696 0.244325
3 0.909273 0.179586 0.943381 0.183860 0.935804 0.244325 0.901696 0.240050
3 0.925014 0.179183 0.957012 0.191742 0.934749 0.248467 0.902751 0.235908
3 0.940367 0.182677 0.968277 0.202743 0.932705 0.252221 0.904795 0.232154
3 0.954383 0.189851 0.976479 0.216184 0.929798 0.255354 0.907702 0.229021
3 0.029771 0.294309 0.051867 0.267976 0.098548 0.307146 0.076452 0.333479
3 0.037973 0.280868 0.065883 0.260802 0.101455 0.310279 0.073545 0.330346
3 0.049238 0.269867 0.081236 0.257308 0.103499 0.314033 0.071501 0.326592
3 0.062869 0.261985 0.096977 0.257711 0.104554 0.318175 0.070446 0.322450
3 0.078023 0.257711 0.112131 0.261985 0.104554 0.322450 0.070446 0.318175
3 0.093764 0.257308 0.125762 0.269867 0.103499 0.326592 0.071501 0.314033
3 0.109117 0.260802 0.137027 0.280868 0.101455 0.330346 0.073545 0.310279
3 0.123133 0.267976 0.145229 0.294309 0.098548 0.333479 0.076452 0.307146
3 0.117271 0.294309 0.139367 0.267976 0.186048 0.307146 0.163952 0.333479
3 0.125473 0.280868 0.153383 0.260802 0.188955 0.310279 0.161045 0.330346
3 0.136738 0.269867 0.168736 0.257308 0.190999 0.314033 0.159001 0.326592
3 0.150369 0.261985 0.184477 0.257711 0.192054 0.318175 0.157946 0.322450
3 0.165523 0.257711 0.199631 0.261985 0.192054 0.322450 0.157946 0.318175
3 0.181264 0.257308 0.213262 0.269867 0.190999 0.326592 0.159001 0.314033
3 0.196617 0.260802 0.224527 0.280868 0.188955 0.330346 0.161045 0.310279
3 0.210633 0.267976 0.232729 0.294309 0.186048 0.333479 0.163952 0.307146
3 0.204771 0.294309 0.226867 0.267976 0.273548 0.307146 0.251452 0.333479
3 0.212973 0.280868 0.240883 0.260802 0.276455 0.310279 0.248545 0.330346
3 0.224238 0.269867 0.256236 0.257308 0.278499 0.314033 0.246501 0.326592
3 0.237869 0.261985 0.271977 0.257711 0.279554 0.318175 0.245446 0.322450
3 0.253023 0.257711 0.287131 0.261985 0.279554 0.322450 0.245446 0.318175
3 0.268764 0.257308 0.300762 0.269867 0.278499 0.326592 0.246501 0.314033
3 0.284117 0.260802 0.312027 0.280868 0.276455 0.330346 0.248545 0.310279
3 0.298133 0.267976 0.320229 0.294309 0.273548 0.333479 0.251452 0.307146
3 0.292271 0.294309 0.314367 0.267976 0.361048 0.307146 0.338952 0.333479
3 0.300473 0.280868 0.328383 0.260802 0.363955 0.310279 0.336045 0.330346
3 0.311738 0.269867 0.343736 0.257308 0.365999 0.314033 0.334001 0.326592
3 0.325369 0.261985 0.359477 0.257711 0.367054 0.318175 0.332946 0.322450
3 0.340523 0.257711 0.374631 0.261985 0.367054 0.322450 0.332946 0.318175
3 0.356264 0.257308 0.388262 0.269867 0.365999 0.326592 0.334001 0.314033
3 0.371617 0.260802 0.399527 0.280868 0.363955 0.330346 0.336045 0.310279
3 0.385633 0.267976 0.407729 0.294309 0.361048 0.333479 0.338952 0.307146
3 0.379771 0.294309 0.401867 0.267976 0.448548 0.307146 0.426452 0.333479
3 0.387973 0.280868 0.415883 0.260802 0.451455 0.310279 0.423545 0.330346
3 0.399238 0.269867 0.431236 0.257308 0.453499 0.314033 0.421501 0.326592
3 0.412869 0.261985 0.446977 0.257711 0.454554 0.318175 0.420446 0.322450
3 0.428023 0.257711 0.462131 0.261985 0.454554 0.322450 0.420446 0.318175
3 0.443764 0.257308 0.475762 0.269867 0.453499 0.326592 0.421501 0.314033
3 0.459117 0.260802 0.487027 0.280868 0.451455 0.330346 0.423545 0.310279
3 0.473133 0.267976 0.495229 0.294309 0.448548 0.333479 0.426452 0.307146
3 0.467271 0.294309 0.489367 0.267976 0.536048 0.307146 0.513952 0.333479
3 0.475473 0.280868 0.503383 0.260802 0.538955 0.310279 0.511045 0.330346
3 0.486738 0.269867 0.518736 0.257308 0.540999 0.314033 0.509001 0.326592
3 0.500369 0.261985 0.534477 0.257711 0.542054 0.318175 0.507946 0.322450
3 0.515523 0.257711 0.549631 0.261985 0.542054 0.322450 0.507946 0.318175
3 0.531264 0.257308 0.563262 0.269867 0.540999 0.326592 0.509001 0.314033
3 0.546617 0.260802 0.574527 0.280868 0.538955 0.330346 0.511045 0.310279
3 0.560633 0.267976 0.582729 0.294309 0.536048 0.333479 0.513952 0.307146
3 0.554771 0.294309 0.576867 0.267976 0.623548 0.307146 0.601452 0.333479
3 0.562973 0.280868 0.590883 0.260802 0.626455 0.310279 0.598545 0.330346
3 0.574238 0.269867 0.606236 0.257308 0.628499 0.314033 0.596501 0.326592
3 0.587869 0.261985 0.621977 0.257711 0.629554 0.318175 0.595446 0.322450
3 0.603023 0.257711 0.637131 0.261985 0.629554 0.322450 0.595446 0.318175
3 0.618764 0.257308 0.650762 0.269867 0.628499 0.326592 0.596501 0.314033
3 0.634117 0.260802 0.662027 0.280868 0.626455 0.330346 0.598545 0.310279
3 0.648133 0.267976 0.670229 0.294309 0.623548 0.333479 0.601452 0.307146
3 0.642271 0.294309 0.664367 0.267976 0.711048 0.307146 0.688952 0.333479
3 0.650473 0.280868 0.678383 0.260802 0.713955 0.310279 0.686045 0.330346
3 0.661738 0.269867 0.693736 0.257308 0.715999 0.314033 0.684001 0.326592
3 0.675369 0.261985 0.709477 0.257711 0.717054 0.318175 0.682946 0.322450
3 0.690523 0.257711 0.724631 0.261985 0.717054 0.322450 0.682946 0.318175
3 0.706264 0.257308 0.738262 0.269867 0.715999 0.326592 0.684001 0.314033
3 0.721617 0.260802 0.749527 0.280868 0.713955 0.330346 0.686045 0.310279
3 0.735633 0.267976 0.757729 0.294309 0.711048 0.333479 0.688952 0.307146
3 0.729771 0.294309 0.751867 0.267976 0.798548 0.307146 0.776452 0.333479
3 0.737973 0.280868 0.765883 0.260802 0.801455 0.310279 0.773545 0.330346
3 0.749238 0.269867 0.781236 0.257308 0.803499 0.314033 0.771501 0.326592
3 0.762869 0.261985 0.796977 0.257711 0.804554 0.318175 0.770446 0.322450
3 0.778023 0.257711 0.812131 0.261985 0.804554 0.322450 0.770446 0.318175
3 0.793764 0.257308 0.825762 0.269867 0.803499 0.326592 0.771501 0.314033
3 0.809117 0.260802 0.837027 0.280868 0.801455 0.330346 0.773545 0.310279
3 0.823133 0.267976 0.845229 0.294309 0.798548 0.333479 0.776452 0.307146
3 0.817271 0.294309 0.839367 0.267976 0.886048 0.307146 0.863952 0.333479
3 0.825473 0.280868 0.853383 0.260802 0.888955 0.310279 0.861045 0.330346
3 0.836738 0.269867 0.868736 0.257308 0.890999 0.314033 0.859001 0.326592
3 0.850369 0.261985 0.884477 0.257711 0.892054 0.318175 0.857946 0.322450
3 0.865523 0.257711 0.899631 0.261985 0.892054 0.322450 0.857946 0.318175
3 0.881264 0.257308 0.913262 0.269867 0.890999 0.326592 0.859001 0.314033
3 0.896617 0.260802 0.924527 0.280868 0.888955 0.330346 0.861045 0.310279
3 0.910633 0.267976 0.932729 0.294309 0.886048 0.333479 0.863952 0.307146
3 0.904771 0.294309 0.926867 0.267976 0.973548 0.307146 0.951452 0.333479
3 0.912973 0.280868 0.940883 0.260802 0.976455 0.310279 0.948545 0.330346
3 0.924238 0.269867 0.956236 0.257308 0.978499 0.314033 0.946501 0.326592
3 0.937869 0.261985 0.971977 0.257711 0.979554 0.318175 0.945446 0.322450
3 0.953023 0.257711 0.987131 0.261985 0.979554 0.322450 0.945446 0.318175
3 0.005488 0.347992 0.037486 0.335433 0.059749 0.392158 0.027751 0.404717
3 0.019119 0.340110 0.053227 0.335836 0.060804 0.396300 0.026696 0.400575
3 0.034273 0.335836 0.068381 0.340110 0.060804 0.400575 0.026696 0.396300
3 0.050014 0.335433 0.082012 0.347992 0.059749 0.404717 0.027751 0.392158
3 0.065367 0.338927 0.093277 0.358993 0.057705 0.408471 0.029795 0.388404
3 0.079383 0.346101 0.101479 0.372434 0.054798 0.411604 0.032702 0.385271
3 0.073521 0.372434 0.095617 0.346101 0.142298 0.385271 0.120202 0.411604
3 0.081723 0.358993 0.109633 0.338927 0.145205 0.388404 0.117295 0.408471
3 0.092988 0.347992 0.124986 0.335433 0.147249 0.392158 0.115251 0.404717
3 0.106619 0.340110 0.140727 0.335836 0.148304 0.396300 0.114196 0.400575
3 0.121773 0.335836 0.155881 0.340110 0.148304 0.400575 0.114196 0.396300
3 0.137514 0.335433 0.169512 0.347992 0.147249 0.404717 0.115251 0.392158
3 0.152867 0.338927 0.180777 0.358993 0.145205 0.408471 0.117295 0.388404
3 0.166883 0.346101 0.188979 0.372434 0.142298 0.411604 0.120202 0.385271
3 0.161021 0.372434 0.183117 0.346101 0.229798 0.385271 0.207702 0.411604
3 0.169223 0.358993 0.197133 0.338927 0.232705 0.388404 0.204795 0.408471
3 0.180488 0.347992 0.212486 0.335433 0.234749 0.392158 0.202751 0.404717
3 0.194119 0.340110 0.228227 0.335836 0.235804 0.396300 0.201696 0.400575
3 0.209273 0.335836 0.243381 0.340110 0.235804 0.400575 0.201696 0.396300
3 0.225014 0.335433 0.257012 0.347992 0.234749 0.404717 0.202751 0.392158
3 0.240367 0.338927 0.268277 0.358993 0.232705 0.408471 0.204795 0.388404
3 0.254383 0.346101 0.276479 0.372434 0.229798 0.411604 0.207702 0.385271
3 0.248521 0.372434 0.270617 0.346101 0.317298 0.385271 0.295202 0.411604
3 0.256723 0.358993 0.284633 0.338927 0.320205 0.388404 0.292295 0.408471
3 0.267988 0.347992 0.299986 0.335433 0.322249 0.392158 0.290251 0.404717
3 0.281619 0.340110 0.315727 0.335836 0.323304 0.396300 0.289196 0.400575
3 0.296773 0.335836 0.330881 0.340110 0.323304 0.400575 0.289196 0.396300
3 0.312514 0.335433 0.344512 0.347992 0.322249 0.404717 0.290251 0.392158
3 0.327867 0.338927 0.355777 0.358993 0.320205 0.408471 0.292295 0.388404
3 0.341883 0.346101 0.363979 0.372434 0.317298 0.411604 0.295202 0.385271
3 0.336021 0.372434 0.358117 0.346101 0.404798 0.385271 0.382702 0.411604
3 0.344223 0.358993 0.372133 0.338927 0.407705 0.388404 0.379795 0.408471
3 0.355488 0.347992 0.387486 0.335433 0.409749 0.392158 0.377751 0.404717
3 0.369119 0.340110 0.403227 0.335836 0.410804 0.396300 0.376696 0.400575
3 0.384273 0.335836 0.418381 0.340110 0.410804 0.400575 0.376696 0.396300
3 0.400014 0.335433 0.432012 0.347992 0.409749 0.404717 0.377751 0.392158
3 0.415367 0.338927 0.443277 0.358993 0.407705 0.408471 0.379795 0.388404
3 0.429383 0.346101 0.451479 0.372434 0.404798 0.411604 0.382702 0.385271
3 0.423521 0.372434 0.445617 0.346101 0.492298 0.385271 0.470202 0.411604
3 0.431723 0.358993 0.459633 0.338927 0.495205 0.388404 0.467295 0.408471
3 0.442988 0.347992 0.474986 0.335433 0.497249 0.392158 0.465251 0.404717
3 0.456619 0.340110 0.490727 0.335836 0.498304 0.396300 0.464196 0.400575
3 0.471773 0.335836 0.505881 0.340110 0.498304 0.400575 0.464196 0.396300
3 0.487514 0.335433 0.519512 0.347992 0.497249 0.404717 0.465251 0.392158
3 0.502867 0.338927 0.530777 0.358993 0.495205 0.408471 0.467295 0.388404
3 0.516883 0.346101 0.538979 0.372434 0.492298 0.411604 0.470202 0.385271
3 0.511021 0.372434 0.533117 0.346101 0.579798 0.385271 0.557702 0.411604
3 0.519223 0.358993 0.547133 0.338927 0.582705 0.388404 0.554795 0.408471
3 0.530488 0.347992 0.562486 0.335433 0.584749 0.392158 0.552751 0.404717
3 0.544119 0.340110 0.578227 0.335836 0.585804 0.396300 0.551696 0.400575
3 0.559273 0.335836 0.593381 0.340110 0.585804 0.400575 0.551696 0.396300
3 0.575014 0.335433 0.607012 0.347992 0.584749 0.404717 0.552751 0.392158
3 0.590367 0.338927 0.618277 0.358993 0.582705 0.408471 0.554795 0.388404
3 0.604383 0.346101 0.626479 0.372434 0.579798 0.411604 0.557702 0.385271
3 0.598521 0.372434 0.620617 0.346101 0.667298 0.385271 0.645202 0.411604
3 0.606723 0.358993 0.634633 0.338927 0.670205 0.388404 0.642295 0.408471
3 0.617988 0.347992 0.649986 0.335433 0.672249 0.392158 0.640251 0.404717
3 0.631619 0.340110 0.665727 0.335836 0.673304 0.396300 0.639196 0.400575
3 0.646773 0.335836 0.680881 0.340110 0.673304 0.400575 0.639196 0.396300
3 0.662514 0.335433 0.694512 0.347992 0.672249 0.404717 0.640251 0.392158
3 0.677867 0.338927 0.705777 0.358993 0.670205 0.408471 0.642295 0.388404
3 0.691883 0.346101 0.713979 0.372434 0.667298 0.411604 0.645202 0.385271
3 0.686021 0.372434 0.708117 0.346101 0.754798 0.385271 0.732702 0.411604
3 0.694223 0.358993 0.722133 0.338927 0.757705 0.388404 0.729795 0.408471
3 0.705488 0.347992 0.737486 0.335433 0.759749 0.392158 0.727751 0.404717
3 0.719119 0.340110 0.753227 0.335836 0.760804 0.396300 0.726696 0.400575
3 0.734273 0.335836 0.768381 0.340110 0.760804 0.400575 0.726696 0.396300
3 0.750014 0.335433 0.782012 0.347992 0.759749 0.404717 0.727751 0.392158
3 0.765367 0.338927 0.793277 0.358993 0.757705 0.408471 0.729795 0.388404
3 0.779383 0.346101 0.801479 0.372434 0.754798 0.411604 0.732702 0.385271
3 0.773521 0.372434 0.795617 0.346101 0.842298 0.385271 0.820202 0.411604
3 0.781723 0.358993 0.809633 0.338927 0.845205 0.388404 0.817295 0.408471
3 0.792988 0.347992 0.824986 0.335433 0.847249 0.392158 0.815251 0.404717
3 0.806619 0.340110 0.840727 0.335836 0.848304 0.396300 0.814196 0.400575
3 0.821773 0.335836 0.855881 0.340110 0.848304 0.400575 0.814196 0.396300
3 0.837514 0.335433 0.869512 0.347992 0.847249 0.404717 0.815251 0.392158
3 0.852867 0.338927 0.880777 0.358993 0.845205 0.408471 0.817295 0.388404
3 0.866883 0.346101 0.888979 0.372434 0.842298 0.411604 0.820202 0.385271
3 0.861021 0.372434 0.883117 0.346101 0.929798 0.385271 0.907702 0.411604
3 0.869223 0.358993 0.897133 0.338927 0.932705 0.388404 0.904795 0.408471
3 0.880488 0.347992 0.912486 0.335433 0.934749 0.392158 0.902751 0.404717
3 0.894119 0.340110 0.928227 0.335836 0.935804 0.396300 0.901696 0.400575
3 0.909273 0.335836 0.943381 0.340110 0.935804 0.400575 0.901696 0.396300
3 0.925014 0.335433 0.957012 0.347992 0.934749 0.404717 0.902751 0.392158
3 0.940367 0.338927 0.968277 0.358993 0.932705 0.408471 0.904795 0.388404
3 0.954383 0.346101 0.976479 0.372434 0.929798 0.411604 0.907702 0.385271
3 0.029771 0.450559 0.051867 0.424226 0.098548 0.463396 0.076452 0.489729
3 0.037973 0.437118 0.065883 0.417052 0.101455 0.466529 0.073545 0.486596
3 0.049238 0.426117 0.081236 0.413558 0.103499 0.470283 0.071501 0.482842
3 0.062869 0.418235 0.096977 0.413961 0.104554 0.474425 0.070446 0.478700
3 0.078023 0.413961 0.112131 0.418235 0.104554 0.478700 0.070446 0.474425
3 0.093764 0.413558 0.125762 0.426117 0.103499 0.482842 0.071501 0.470283
3 0.109117 0.417052 0.137027 0.437118 0.101455 0.486596 0.073545 0.466529
3 0.123133 0.424226 0.145229 0.450559 0.098548 0.489729 0.076452 0.463396
3 0.117271 0.450559 0.139367 0.424226 0.186048 0.463396 0.163952 0.489729
3 0.125473 0.437118 0.153383 0.417052 0.188955 0.466529 0.161045 0.486596
3 0.136738 0.426117 0.168736 0.413558 0.190999 0.470283 0.159001 0.482842
3 0.150369 0.418235 0.184477 0.413961 0.192054 0.474425 0.157946 0.478700
3 0.165523 0.413961 0.199631 0.418235 0.192054 0.478700 0.157946 0.474425
3 0.181264 0.413558 0.213262 0.426117 0.190999 0.482842 0.159001 0.470283
3 0.196617 0.417052 0.224527 0.437118 0.188955 0.486596 0.161045 0.466529
3 0.210633 0.424226 0.232729 0.450559 0.186048 0.489729 0.163952 0.463396
3 0.204771 0.450559 0.226867 0.424226 0.273548 0.463396 0.251452 0.489729
3 0.212973 0.437118 0.240883 0.417052 0.276455 0.466529 0.248545 0.486596
3 0.224238 0.426117 0.256236 0.413558 0.278499 0.470283 0.246501 0.482842
3 0.237869 0.418235 0.271977 0.413961 0.279554 0.474425 0.245446 0.478700
3 0.253023 0.413961 0.287131 0.418235 0.279554 0.478700 0.245446 0.474425
3 0.268764 0.413558 0.300762 0.426117 0.278499 0.482842 0.246501 0.470283
3 0.284117 0.417052 0.312027 0.437118 0.276455 0.486596 0.248545 0.466529
3 0.298133 0.424226 0.320229 0.450559 0.273548 0.489729 0.251452 0.463396
3 0.292271 0.450559 0.314367 0.424226 0.361048 0.463396 0.338952 0.489729
3 0.300473 0.437118 0.328383 0.417052 0.363955 0.466529 0.336045 0.486596
3 0.311738 0.426117 0.343736 0.413558 0.365999 0.470283 0.334001 0.482842
3 0.325369 0.418235 0.359477 0.413961 0.367054 0.474425 0.332946 0.478700
3 0.340523 0.413961 0.374631 0.418235 0.367054 0.478700 0.332946 0.474425
3 0.356264 0.413558 0.388262 0.426117 0.365999 0.482842 0.334001 0.470283
3 0.371617 0.417052 0.399527 0.437118 0.363955 0.486596 0.336045 0.466529
3 0.385633 0.424226 0.407729 0.450559 0.361048 0.489729 0.338952 0.463396
3 0.379771 0.450559 0.401867 0.424226 0.448548 0.463396 0.426452 0.489729
3 0.387973 0.437118 0.415883 0.417052 0.451455 0.466529 0.423545 0.486596
3 0.399238 0.426117 0.431236 0.413558 0.453499 0.470283 0.421501 0.482842
3 0.412869 0.418235 0.446977 0.413961 0.454554 0.474425 0.420446 0.478700
3 0.428023 0.413961 0.462131 0.418235 0.454554 0.478700 0.420446 0.474425
3 0.443764 0.413558 0.475762 0.426117 0.453499 0.482842 0.421501 0.470283
3 0.459117 0.417052 0.487027 0.437118 0.451455 0.486596 0.423545 0.466529
3 0.473133 0.424226 0.495229 0.450559 0.448548 0.489729 0.426452 0.463396
3 0.467271 0.450559 0.489367 0.424226 0.536048 0.463396 0.513952 0.489729
3 0.475473 0.437118 0.503383 0.417052 0.538955 0.466529 0.511045 0.486596
3 0.486738 0.426117 0.518736 0.413558 0.540999 0.470283 0.509001 0.482842
3 0.500369 0.418235 0.534477 0.413961 0.542054 0.474425 0.507946 0.478700
3 0.515523 0.413961 0.549631 0.418235 0.542054 0.478700 0.507946 0.474425
3 0.531264 0.413558 0.563262 0.426117 0.540999 0.482842 0.509001 0.470283
3 0.546617 0.417052 0.574527 0.437118 0.538955 0.486596 0.511045 0.466529
3 0.560633 0.424226 0.582729 0.450559 0.536048 0.489729 0.513952 0.463396
3 0.554771 0.450559 0.576867 0.424226 0.623548 0.463396 0.601452 0.489729
3 0.562973 0.437118 0.590883 0.417052 0.626455 0.466529 0.598545 0.486596
3 0.574238 0.426117 0.606236 0.413558 0.628499 0.470283 0.596501 0.482842
3 0.587869 0.418235 0.621977 0.413961 0.629554 0.474425 0.595446 0.478700
3 0.603023 0.413961 0.637131 0.418235 0.629554 0.478700 0.595446 0.474425
3 0.618764 0.413558 0.650762 0.426117 0.628499 0.482842 0.596501 0.470283
3 0.634117 0.417052 0.662027 0.437118 0.626455 0.486596 0.598545 0.466529
3 0.648133 0.424226 0.670229 0.450559 0.623548 0.489729 0.601452 0.463396
3 0.642271 0.450559 0.664367 0.424226 0.711048 0.463396 0.688952 0.489729
3 0.650473 0.437118 0.678383 0.417052 0.713955 0.466529 0.686045 0.486596
3 0.661738 0.426117 0.693736 0.413558 0.715999 0.470283 0.684001 0.482842
3 0.675369 0.418235 0.709477 0.413961 0.717054 0.474425 0.682946 0.478700
3 0.690523 0.413961 0.724631 0.418235 0.717054 0.478700 0.682946 0.474425
3 0.706264 0.413558 0.738262 0.426117 0.715999 0.482842 0.684001 0.470283
3 0.721617 0.417052 0.749527 0.437118 0.713955 0.486596 0.686045 0.466529
3 0.735633 0.424226 0.757729 0.450559 0.711048 0.489729 0.688952 0.463396
3 0.729771 0.450559 0.751867 0.424226 0.798548 0.463396 0.776452 0.489729
3 0.737973 0.437118 0.765883 0.417052 0.801455 0.466529 0.773545 0.486596
3 0.749238 0.426117 0.781236 0.413558 0.803499 0.470283 0.771501 0.482842
3 0.762869 0.418235 0.796977 0.413961 0.804554 0.474425 0.770446 0.478700
3 0.778023 0.413961 0.812131 0.418235 0.804554 0.478700 0.770446 0.474425
3 0.793764 0.413558 0.825762 0.426117 0.803499 0.482842 0.771501 0.470283
3 0.809117 0.417052 0.837027 0.437118 0.801455 0.486596 0.773545 0.466529
3 0.823133 0.424226 0.845229 0.450559 0.798548 0.489729 0.776452 0.463396
3 0.817271 0.450559 0.839367 0.424226 0.886048 0.463396 0.863952 0.489729
3 0.825473 0.437118 0.853383 0.417052 0.888955 0.466529 0.861045 0.486596
3 0.836738 0.426117 0.868736 0.413558 0.890999 0.470283 0.859001 0.482842
3 0.850369 0.418235 0.884477 0.413961 0.892054 0.474425 0.857946 0.478700
3 0.865523 0.413961 0.899631 0.418235 0.892054 0.478700 0.857946 0.474425
3 0.881264 0.413558 0.913262 0.426117 0.890999 0.482842 0.859001 0.470283
3 0.896617 0.417052 0.924527 0.437118 0.888955 0.486596 0.861045 0.466529
3 0.910633 0.424226 0.932729 0.450559 0.886048 0.489729 0.863952 0.463396
3 0.904771 0.450559 0.926867 0.424226 0.973548 0.463396 0.951452 0.489729
3 0.912973 0.437118 0.940883 0.417052 0.976455 0.466529 0.948545 0.486596
3 0.924238 0.426117 0.956236 0.413558 0.978499 0.470283 0.946501 0.482842
3 0.937869 0.418235 0.971977 0.413961 0.979554 0.474425 0.945446 0.478700
3 0.953023 0.413961 0.987131 0.418235 0.979554 0.478700 0.945446 0.474425
3 0.005488 0.504242 0.037486 0.491683 0.059749 0.548408 0.027751 0.560967
3 0.019119 0.496360 0.053227 0.492086 0.060804 0.552550 0.026696 0.556825
3 0.034273 0.492086 0.068381 0.496360 0.060804 0.556825 0.026696 0.552550
3 0.050014 0.491683 0.082012 0.504242 0.059749 0.560967 0.027751 0.548408
3 0.065367 0.495177 0.093277 0.515243 0.057705 0.564721 0.029795 0.544654
3 0.079383 0.502351 0.101479 0.528684 0.054798 0.567854 0.032702 0.541521
3 0.073521 0.528684 0.095617 0.502351 0.142298 0.541521 0.120202 0.567854
3 0.081723 0.515243 0.109633 0.495177 0.145205 0.544654 0.117295 0.564721
3 0.092988 0.504242 0.124986 0.491683 0.147249 0.548408 0.115251 0.560967
3 0.106619 0.496360 0.140727 0.492086 0.148304 0.552550 0.114196 0.556825
3 0.121773 0.492086 0.155881 0.496360 0.148304 0.556825 0.114196 0.552550
3 0.137514 0.491683 0.169512 0.504242 0.147249 0.560967 0.115251 0.548408
3 0.152867 0.495177 0.180777 0.515243 0.145205 0.564721 0.117295 0.544654
3 0.166883 0.502351 0.188979 0.528684 0.142298 0.567854 0.120202 0.541521
3 0.161021 0.528684 0.183117 0.502351 0.229798 0.541521 0.207702 0.567854
3 0.169223 0.515243 0.197133 0.495177 0.232705 0.544654 0.204795 0.564721
3 0.180488 0.504242 0.212486 0.491683 0.234749 0.548408 0.202751 0.560967
3 0.194119 0.496360 0.228227 0.492086 0.235804 0.552550 0.201696 0.556825
3 0.209273 0.492086 0.243381 0.496360 0.235804 0.556825 0.201696 0.552550
3 0.225014 0.491683 0.257012 0.504242 0.234749 0.560967 0.202751 0.548408
3 0.240367 0.495177 0.268277 0.515243 0.232705 0.564721 0.204795 0.544654
3 0.254383 0.502351 0.276479 0.528684 0.229798 0.567854 0.207702 0.541521
3 0.248521 0.528684 0.270617 0.502351 0.317298 0.541521 0.295202 0.567854
3 0.256723 0.515243 0.284633 0.495177 0.320205 0.544654 0.292295 0.564721
3 0.267988 0.504242 0.299986 0.491683 0.322249 0.548408 0.290251 0.560967
3 0.281619 0.496360 0.315727 0.492086 0.323304 0.552550 0.289196 0.556825
3 0.296773 0.492086 0.330881 0.496360 0.323304 0.556825 0.289196 0.552550
3 0.312514 0.491683 0.344512 0.504242 0.322249 0.560967 0.290251 0.548408
3 0.327867 0.495177 0.355777 0.515243 0.320205 0.564721 0.292295 0.544654
3 0.341883 0.502351 0.363979 0.528684 0.317298 0.567854 0.295202 0.541521
3 0.336021 0.528684 0.358117 0.502351 0.404798 0.541521 0.382702 0.567854
3 0.344223 0.515243 0.372133 0.495177 0.407705 0.544654 0.379795 0.564721
3 0.355488 0.504242 0.387486 0.491683 0.409749 0.548408 0.377751 0.560967
3 0.369119 0.496360 0.403227 0.492086 0.410804 0.552550 0.376696 0.556825
3 0.384273 0.492086 0.418381 0.496360 0.410804 0.556825 0.376696 0.552550
3 0.400014 0.491683 0.432012 0.504242 0.409749 0.560967 0.377751 0.548408
3 0.415367 0.495177 0.443277 0.515243 0.407705 0.564721 0.379795 0.544654
3 0.429383 0.502351 0.451479 0.528684 0.404798 0.567854 0.382702 0.541521
3 0.423521 0.528684 0.445617 0.502351 0.492298 0.541521 0.470202 0.567854
3 0.431723 0.515243 0.459633 0.495177 0.495205 0.544654 0.467295 0.564721
3 0.442988 0.504242 0.474986 0.491683 0.497249 0.548408 0.465251 0.560967
3 0.456619 0.496360 0.490727 0.492086 0.498304 0.552550 0.464196 0.556825
3 0.471773 0.492086 0.505881 0.496360 0.498304 0.556825 0.464196 0.552550
3 0.487514 0.491683 0.519512 0.504242 0.497249 0.560967 0.465251 0.548408
3 0.502867 0.495177 0.530777 0.515243 0.495205 0.564721 0.467295 0.544654
3 0.516883 0.502351 0.538979 0.528684 0.492298 0.567854 0.470202 0.541521
3 0.511021 0.528684 0.533117 0.502351 0.579798 0.541521 0.557702 0.567854
3 0.519223 0.515243 0.547133 0.495177 0.582705 0.544654 0.554795 0.564721
3 0.530488 0.504242 0.562486 0.491683 0.584749 0.548408 0.552751 0.560967
3 0.544119 0.496360 0.578227 0.492086 0.585804 0.552550 0.551696 0.556825
3 0.559273 0.492086 0.593381 0.496360 0.585804 0.556825 0.551696 0.552550
3 0.575014 0.491683 0.607012 0.504242 0.584749 0.560967 0.552751 0.548408
3 0.590367 0.495177 0.618277 0.515243 0.582705 0.564721 0.554795 0.544654
3 0.604383 0.502351 0.626479 0.528684 0.579798 0.567854 0.557702 0.541521
3 0.598521 0.528684 0.620617 0.502351 0.667298 0.541521 0.645202 0.567854
3 0.606723 0.515243 0.634633 0.495177 0.670205 0.544654 0.642295 0.564721
3 0.617988 0.504242 0.649986 0.491683 0.672249 0.548408 0.640251 0.560967
3 0.631619 0.496360 0.665727 0.492086 0.673304 0.552550 0.639196 0.556825
3 0.646773 0.492086 0.680881 0.496360 0.673304 0.556825 0.639196 0.552550
3 0.662514 0.491683 0.694512 0.504242 0.672249 0.560967 0.640251 0.548408
3 0.677867 0.495177 0.705777 0.515243 0.670205 0.564721 0.642295 0.544654
3 0.691883 0.502351 0.713979 0.528684 0.667298 0.567854 0.645202 0.541521
3 0.686021 0.528684 0.708117 0.502351 0.754798 0.541521 0.732702 0.567854
3 0.694223 0.515243 0.722133 0.495177 0.757705 0.544654 0.729795 0.564721
3 0.705488 0.504242 0.737486 0.491683 0.759749 0.548408 0.727751 0.560967
3 0.719119 0.496360 0.753227 0.492086 0.760804 0.552550 0.726696 0.556825
3 0.734273 0.492086 0.768381 0.496360 0.760804 0.556825 0.726696 0.552550
3 0.750014 0.491683 0.782012 0.504242 0.759749 0.560967 0.727751 0.548408
3 0.765367 0.495177 0.793277 0.515243 0.757705 0.564721 0.729795 0.544654
3 0.779383 0.502351 0.801479 0.528684 0.754798 0.567854 0.732702 0.541521
3 0.773521 0.528684 0.795617 0.502351 0.842298 0.541521 0.820202 0.567854
3 0.781723 0.515243 0.809633 0.495177 0.845205 0.544654 0.817295 0.564721
3 0.792988 0.504242 0.824986 0.491683 0.847249 0.548408 0.815251 0.560967
3 0.806619 0.496360 0.840727 0.492086 0.848304 0.552550 0.814196 0.556825
3 0.821773 0.492086 0.855881 0.496360 0.848304 0.556825 0.814196 0.552550
3 0.837514 0.491683 0.869512 0.504242 0.847249 0.560967 0.815251 0.548408
3 0.852867 0.495177 0.880777 0.515243 0.845205 0.564721 0.817295 0.544654
3 0.866883 0.502351 0.888979 0.528684 0.842298 0.567854 0.820202 0.541521
3 0.861021 0.528684 0.883117 0.502351 0.929798 0.541521 0.907702 0.567854
3 0.869223 0.515243 0.897133 0.495177 0.932705 0.544654 0.904795 0.564721
3 0.880488 0.504242 0.912486 0.491683 0.934749 0.548408 0.902751 0.560967
3 0.894119 0.496360 0.928227 0.492086 0.935804 0.552550 0.901696 0.556825
3 0.909273 0.492086 0.943381 0.496360 0.935804 0.556825 0.901696 0.552550
3 0.925014 0.491683 0.957012 0.504242 0.934749 0.560967 0.902751 0.548408
3 0.940367 0.495177 0.968277 0.515243 0.932705 0.564721 0.904795 0.544654
3 0.954383 0.502351 0.976479 0.528684 0.929798 0.567854 0.907702 0.541521
3 0.029771 0.606809 0.051867 0.580476 0.098548 0.619646 0.076452 0.645979
3 0.037973 0.593368 0.065883 0.573302 0.101455 0.622779 0.073545 0.642846
3 0.049238 0.582367 0.081236 0.569808 0.103499 0.626533 0.071501 0.639092
3 0.062869 0.574485 0.096977 0.570211 0.104554 0.630675 0.070446 0.634950
3 0.078023 0.570211 0.112131 0.574485 0.104554 0.634950 0.070446 0.630675
3 0.093764 0.569808 0.125762 0.582367 0.103499 0.639092 0.071501 0.626533
3 0.109117 0.573302 0.137027 0.593368 0.101455 0.642846 0.073545 0.622779
3 0.123133 0.580476 0.145229 0.606809 0.098548 0.645979 0.076452 0.619646
3 0.117271 0.606809 0.139367 0.580476 0.186048 0.619646 0.163952 0.645979
3 0.125473 0.593368 0.153383 0.573302 0.188955 0.622779 0.161045 0.642846
3 0.136738 0.582367 0.168736 0.569808 0.190999 0.626533 0.159001 0.639092
3 0.150369 0.574485 0.184477 0.570211 0.192054 0.630675 0.157946 0.634950
3 0.165523 0.570211 0.199631 0.574485 0.192054 0.634950 0.157946 0.630675
3 0.181264 0.569808 0.213262 0.582367 0.190999 0.639092 0.159001 0.626533
3 0.196617 0.573302 0.224527 0.593368 0.188955 0.642846 0.161045 0.622779
3 0.210633 0.580476 0.232729 0.606809 0.186048 0.645979 0.163952 0.619646
3 0.204771 0.606809 0.226867 0.580476 0.273548 0.619646 0.251452 0.645979
3 0.212973 0.593368 0.240883 0.573302 0.276455 0.622779 0.248545 0.642846
3 0.224238 0.582367 0.256236 0.569808 0.278499 0.626533 0.246501 0.639092
3 0.237869 0.574485 0.271977 0.570211 0.279554 0.630675 0.245446 0.634950
3 0.253023 0.570211 0.287131 0.574485 0.279554 0.634950 0.245446 0.630675
3 0.268764 0.569808 0.300762 0.582367 0.278499 0.639092 0.246501 0.626533
3 0.284117 0.573302 0.312027 0.593368 0.276455 0.642846 0.248545 0.622779
3 0.298133 0.580476 0.320229 0.606809 0.273548 0.645979 0.251452 0.619646
3 0.292271 0.606809 0.314367 0.580476 0.361048 0.619646 0.338952 0.645979
3 0.300473 0.593368 0.328383 0.573302 0.363955 0.622779 0.336045 0.642846
3 0.311738 0.582367 0.343736 0.569808 0.365999 0.626533 0.334001 0.639092
3 0.325369 0.574485 0.359477 0.570211 0.367054 0.630675 0.332946 0.634950
3 0.340523 0.570211 0.374631 0.574485 0.367054 0.634950 0.332946 0.630675
3 0.356264 0.569808 0.388262 0.582367 0.365999 0.639092 0.334001 0.626533
3 0.371617 0.573302 0.399527 0.593368 0.363955 0.642846 0.336045 0.622779
3 0.385633 0.580476 0.407729 0.606809 0.361048 0.645979 0.338952 0.619646
3 0.379771 0.606809 0.401867 0.580476 0.448548 0.619646 0.426452 0.645979
3 0.387973 0.593368 0.415883 0.573302 0.451455 0.622779 0.423545 0.642846
3 0.399238 0.582367 0.431236 0.569808 0.453499 0.626533 0.421501 0.639092
3 0.412869 0.574485 0.446977 0.570211 0.454554 0.630675 0.420446 0.634950
3 0.428023 0.570211 0.462131 0.574485 0.454554 0.634950 0.420446 0.630675
3 0.443764 0.569808 0.475762 0.582367 0.453499 0.639092 0.421501 0.626533
3 0.459117 0.573302 0.487027 0.593368 0.451455 0.642846 0.423545 0.622779
3 0.473133 0.580476 0.495229 0.606809 0.448548 0.645979 0.426452 0.619646
3 0.467271 0.606809 0.489367 0.580476 0.536048 0.619646 0.513952 0.645979
3 0.475473 0.593368 0.503383 0.573302 0.538955 0.622779 0.511045 0.642846
3 0.486738 0.582367 0.518736 0.569808 0.540999 0.626533 0.509001 0.639092
3 0.500369 0.574485 0.534477 0.570211 0.542054 0.630675 0.507946 0.634950
3 0.515523 0.570211 0.549631 0.574485 0.542054 0.634950 0.507946 0.630675
3 0.531264 0.569808 0.563262 0.582367 0.540999 0.639092 0.509001 0.626533
3 0.546617 0.573302 0.574527 0.593368 0.538955 0.642846 0.511045 0.622779
3 0.560633 0.580476 0.582729 0.606809 0.536048 0.645979 0.513952 0.619646
3 0.554771 0.606809 0.576867 0.580476 0.623548 0.619646 0.601452 0.645979
3 0.562973 0.593368 0.590883 0.573302 0.626455 0.622779 0.598545 0.642846
3 0.574238 0.582367 0.606236 0.569808 0.628499 0.626533 0.596501 0.639092
3 0.587869 0.574485 0.621977 0.570211 0.629554 0.630675 0.595446 0.634950
3 0.603023 0.570211 0.637131 0.574485 0.629554 0.634950 0.595446 0.630675
3 0.618764 0.569808 0.650762 0.582367 0.628499 0.639092 0.596501 0.626533
3 0.634117 0.573302 0.662027 0.593368 0.626455 0.642846 0.598545 0.622779
3 0.648133 0.580476 0.670229 0.606809 0.623548 0.645979 0.601452 0.619646
3 0.642271 0.606809 0.664367 0.580476 0.711048 0.619646 0.688952 0.645979
3 0.650473 0.593368 0.678383 0.573302 0.713955 0.622779 0.686045 0.642846
3 0.661738 0.582367 0.693736 0.569808 0.715999 0.626533 0.684001 0.639092
3 0.675369 0.574485 0.709477 0.570211 0.717054 0.630675 0.682946 0.634950
3 0.690523 0.570211 0.724631 0.574485 0.717054 0.634950 0.682946 0.630675
3 0.706264 0.569808 0.738262 0.582367 0.715999 0.639092 0.684001 0.626533
3 0.721617 0.573302 0.749527 0.593368 0.713955 0.642846 0.686045 0.622779
3 0.735633 0.580476 0.757729 0.606809 0.711048 0.645979 0.688952 0.619646
3 0.729771 0.606809 0.751867 0.580476 0.798548 0.619646 0.776452 0.645979
3 0.737973 0.593368 0.765883 0.573302 0.801455 0.622779 0.773545 0.642846
3 0.749238 0.582367 0.781236 0.569808 0.803499 0.626533 0.771501 0.639092
3 0.762869 0.574485 0.796977 0.570211 0.804554 0.630675 0.770446 0.634950
3 0.778023 0.570211 0.812131 0.574485 0.804554 0.634950 0.770446 0.630675
3 0.793764 0.569808 0.825762 0.582367 0.803499 0.639092 0.771501 0.626533
3 0.809117 0.573302 0.837027 0.593368 0.801455 0.642846 0.773545 0.622779
3 0.823133 0.580476 0.845229 0.606809 0.798548 0.645979 0.776452 0.619646
3 0.817271 0.606809 0.839367 0.580476 0.886048 0.619646 0.863952 0.645979
3 0.825473 0.593368 0.853383 0.573302 0.888955 0.622779 0.861045 0.642846
3 0.836738 0.582367 0.868736 0.569808 0.890999 0.626533 0.859001 0.639092
3 0.850369 0.574485 0.884477 0.570211 0.892054 0.630675 0.857946 0.634950
3 0.865523 0.570211 0.899631 0.574485 0.892054 0.634950 0.857946 0.630675
3 0.881264 0.569808 0.913262 0.582367 0.890999 0.639092 0.859001 0.626533
3 0.896617 0.573302 0.924527 0.593368 0.888955 0.642846 0.861045 0.622779
3 0.910633 0.580476 0.932729 0.606809 0.886048 0.645979 0.863952 0.619646
3 0.904771 0.606809 0.926867 0.580476 0.973548 0.619646 0.951452 0.645979
3 0.912973 0.593368 0.940883 0.573302 0.976455 0.622779 0.948545 0.642846
3 0.924238 0.582367 0.956236 0.569808 0.978499 0.626533 0.946501 0.639092
3 0.937869 0.574485 0.971977 0.570211 0.979554 0.630675 0.945446 0.634950
3 0.953023 0.570211 0.987131 0.574485 0.979554 0.634950 0.945446 0.630675
3 0.005488 0.660492 0.037486 0.647933 0.059749 0.704658 0.027751 0.717217
3 0.019119 0.652610 0.053227 0.648336 0.060804 0.708800 0.026696 0.713075
3 0.034273 0.648336 0.068381 0.652610 0.060804 0.713075 0.026696 0.708800
3 0.050014 0.647933 0.082012 0.660492 0.059749 0.717217 0.027751 0.704658
3 0.065367 0.651427 0.093277 0.671493 0.057705 0.720971 0.029795 0.700904
3 0.079383 0.658601 0.101479 0.684934 0.054798 0.724104 0.032702 0.697771
3 0.073521 0.684934 0.095617 0.658601 0.142298 0.697771 0.120202 0.724104
3 0.081723 0.671493 0.109633 0.651427 0.145205 0.700904 0.117295 0.720971
3 0.092988 0.660492 0.124986 0.647933 0.147249 0.704658 0.115251 0.717217
3 0.106619 0.652610 0.140727 0.648336 0.148304 0.708800 0.114196 0.713075
3 0.121773 0.648336 0.155881 0.652610 0.148304 0.713075 0.114196 0.708800
3 0.137514 0.647933 0.169512 0.660492 0.147249 0.717217 0.115251 0.704658
3 0.152867 0.651427 0.180777 0.671493 0.145205 0.720971 0.117295 0.700904
3 0.166883 0.658601 0.188979 0.684934 0.142298 0.724104 0.120202 0.697771
3 0.161021 0.684934 0.183117 0.658601 0.229798 0.697771 0.207702 0.724104
3 0.169223 0.671493 0.197133 0.651427 0.232705 0.700904 0.204795 0.720971
3 0.180488 0.660492 0.212486 0.647933 0.234749 0.704658 0.202751 0.717217
3 0.194119 0.652610 0.228227 0.648336 0.235804 0.708800 0.201696 0.713075
3 0.209273 0.648336 0.243381 0.652610 0.235804 0.713075 0.201696 0.708800
3 0.225014 0.647933 0.257012 0.660492 0.234749 0.717217 0.202751 0.704658
3 0.240367 0.651427 0.268277 0.671493 0.232705 0.720971 0.204795 0.700904
3 0.254383 0.658601 0.276479 0.684934 0.229798 0.724104 0.207702 0.697771
3 0.248521 0.684934 0.270617 0.658601 0.317298 0.697771 0.295202 0.724104
3 0.256723 0.671493 0.284633 0.651427 0.320205 0.700904 0.292295 0.720971
3 0.267988 0.660492 0.299986 0.647933 0.322249 0.704658 0.290251 0.717217
3 0.281619 0.652610 0.315727 0.648336 0.323304 0.708800 0.289196 0.713075
3 0.296773 0.648336 0.330881 0.652610 0.323304 0.713075 0.289196 0.708800
3 0.312514 0.647933 0.344512 0.660492 0.322249 0.717217 0.290251 0.704658
3 0.327867 0.651427 0.355777 0.671493 0.320205 0.720971 0.292295 0.700904
3 0.341883 0.658601 0.363979 0.684934 0.317298 0.724104 0.295202 0.697771
3 0.336021 0.684934 0.358117 0.658601 0.404798 0.697771 0.382702 0.724104
3 0.344223 0.671493 0.372133 0.651427 0.407705 0.700904 0.379795 0.720971
3 0.355488 0.660492 0.387486 0.647933 0.409749 0.704658 0.377751 0.717217
3 0.369119 0.652610 0.403227 0.648336 0.410804 0.708800 0.376696 0.713075
3 0.384273 0.648336 0.418381 0.652610 0.410804 0.713075 0.376696 0.708800
3 0.400014 0.647933 0.432012 0.660492 0.409749 0.717217 0.377751 0.704658
3 0.415367 0.651427 0.443277 0.671493 0.407705 0.720971 0.379795 0.700904
3 0.429383 0.658601 0.451479 0.684934 0.404798 0.724104 0.382702 0.697771
3 0.423521 0.684934 0.445617 0.658601 0.492298 0.697771 0.470202 0.724104
3 0.431723 0.671493 0.459633 0.651427 0.495205 0.700904 0.467295 0.720971
3 0.442988 0.660492 0.474986 0.647933 0.497249 0.704658 0.465251 0.717217
3 0.456619 0.652610 0.490727 0.648336 0.498304 0.708800 0.464196 0.713075
3 0.471773 0.648336 0.505881 0.652610 0.498304 0.713075 0.464196 0.708800
3 0.487514 0.647933 0.519512 0.660492 0.497249 0.717217 0.465251 0.704658
3 0.502867 0.651427 0.530777 0.671493 0.495205 0.720971 0.467295 0.700904
3 0.516883 0.658601 0.538979 0.684934 0.492298 0.724104 0.470202 0.697771
3 0.511021 0.684934 0.533117 0.658601 0.579798 0.697771 0.557702 0.724104
3 0.519223 0.671493 0.547133 0.651427 0.582705 0.700904 0.554795 0.720971
3 0.530488 0.660492 0.562486 0.647933 0.584749 0.704658 0.552751 0.717217
3 0.544119 0.652610 0.578227 0.648336 0.585804 0.708800 0.551696 0.713075
3 0.559273 0.648336 0.593381 0.652610 0.585804 0.713075 0.551696 0.708800
3 0.575014 0.647933 0.607012 0.660492 0.584749 0.717217 0.552751 0.704658
3 0.590367 0.651427 0.618277 0.671493 0.582705 0.720971 0.554795 0.700904
3 0.604383 0.658601 0.626479 0.684934 0.579798 0.724104 0.557702 0.697771
3 0.598521 0.684934 0.620617 0.658601 0.667298 0.697771 0.645202 0.724104
3 0.606723 0.671493 0.634633 0.651427 0.670205 0.700904 0.642295 0.720971
3 0.617988 0.660492 0.649986 0.647933 0.672249 0.704658 0.640251 0.717217
3 0.631619 0.652610 0.665727 0.648336 0.673304 0.708800 0.639196 0.713075
3 0.646773 0.648336 0.680881 0.652610 0.673304 0.713075 0.639196 0.708800
3 0.662514 0.647933 0.694512 0.660492 0.672249 0.717217 0.640251 0.704658
3 0.677867 0.651427 0.705777 0.671493 0.670205 0.720971 0.642295 0.700904
3 0.691883 0.658601 0.713979 0.684934 0.667298 0.724104 0.645202 0.697771
3 0.686021 0.684934 0.708117 0.658601 0.754798 0.697771 0.732702 0.724104
3 0.694223 0.671493 0.722133 0.651427 0.757705 0.700904 0.729795 0.720971
3 0.705488 0.660492 0.737486 0.647933 0.759749 0.704658 0.727751 0.717217
3 0.719119 0.652610 0.753227 0.648336 0.760804 0.708800 0.726696 0.713075
3 0.734273 0.648336 0.768381 0.652610 0.760804 0.713075 0.726696 0.708800
3 0.750014 0.647933 0.782012 0.660492 0.759749 0.717217 0.727751 0.704658
3 0.765367 0.651427 0.793277 0.671493 0.757705 0.720971 0.729795 0.700904
3 0.779383 0.658601 0.801479 0.684934 0.754798 0.724104 0.732702 0.697771
3 0.773521 0.684934 0.795617 0.658601 0.842298 0.697771 0.820202 0.724104
3 0.781723 0.671493 0.809633 0.651427 0.845205 0.700904 0.817295 0.720971
3 0.792988 0.660492 0.824986 0.647933 0.847249 0.704658 0.815251 0.717217
3 0.806619 0.652610 0.840727 0.648336 0.848304 0.708800 0.814196 0.713075
3 0.821773 0.648336 0.855881 0.652610 0.848304 0.713075 0.814196 0.708800
3 0.837514 0.647933 0.869512 0.660492 0.847249 0.717217 0.815251 0.704658
3 0.852867 0.651427 0.880777 0.671493 0.845205 0.720971 0.817295 0.700904
3 0.866883 0.658601 0.888979 0.684934 0.842298 0.724104 0.820202 0.697771
3 0.861021 0.684934 0.883117 0.658601 0.929798 0.697771 0.907702 0.724104
3 0.869223 0.671493 0.897133 0.651427 0.932705 0.700904 0.904795 0.720971
3 0.880488 0.660492 0.912486 0.647933 0.934749 0.704658 0.902751 0.717217
3 0.894119 0.652610 0.928227 0.648336 0.935804 0.708800 0.901696 0.713075
3 0.909273 0.648336 0.943381 0.652610 0.935804 0.713075 0.901696 0.708800
3 0.925014 0.647933 0.957012 0.660492 0.934749 0.717217 0.902751 0.704658
3 0.940367 0.651427 0.968277 0.671493 0.932705 0.720971 0.904795 0.700904
3 0.954383 0.658601 0.976479 0.684934 0.929798 0.724104 0.907702 0.697771
3 0.029771 0.763059 0.051867 0.736726 0.098548 0.775896 0.076452 0.802229
3 0.037973 0.749618 0.065883 0.729552 0.101455 0.779029 0.073545 0.799096
3 0.049238 0.738617 0.081236 0.726058 0.103499 0.782783 0.071501 0.795342
3 0.062869 0.730735 0.096977 0.726461 0.104554 0.786925 0.070446 0.791200
3 0.078023 0.726461 0.112131 0.730735 0.104554 0.791200 0.070446 0.786925
3 0.093764 0.726058 0.125762 0.738617 0.103499 0.795342 0.071501 0.782783
3 0.109117 0.729552 0.137027 0.749618 0.101455 0.799096 0.073545 0.779029
3 0.123133 0.736726 0.145229 0.763059 0.098548 0.802229 0.076452 0.775896
3 0.117271 0.763059 0.139367 0.736726 0.186048 0.775896 0.163952 0.802229
3 0.125473 0.749618 0.153383 0.729552 0.188955 0.779029 0.161045 0.799096
3 0.136738 0.738617 0.168736 0.726058 0.190999 0.782783 0.159001 0.795342
3 0.150369 0.730735 0.184477 0.726461 0.192054 0.786925 0.157946 0.791200
3 0.165523 0.726461 0.199631 0.730735 0.192054 0.791200 0.157946 0.786925
3 0.181264 0.726058 0.213262 0.738617 0.190999 0.795342 0.159001 0.782783
3 0.196617 0.729552 0.224527 0.749618 0.188955 0.799096 0.161045 0.779029
3 0.210633 0.736726 0.232729 0.763059 0.186048 0.802229 0.163952 0.775896
3 0.204771 0.763059 0.226867 0.736726 0.273548 0.775896 0.251452 0.802229
3 0.212973 0.749618 0.240883 0.729552 0.276455 0.779029 0.248545 0.799096
3 0.224238 0.738617 0.256236 0.726058 0.278499 0.782783 0.246501 0.795342
3 0.237869 0.730735 0.271977 0.726461 0.279554 0.786925 0.245446 0.791200
3 0.253023 0.726461 0.287131 0.730735 0.279554 0.791200 0.245446 0.786925
3 0.268764 0.726058 0.300762 0.738617 0.278499 0.795342 0.246501 0.782783
3 0.284117 0.729552 0.312027 0.749618 0.276455 0.799096 0.248545 0.779029
3 0.298133 0.736726 0.320229 0.763059 0.273548 0.802229 0.251452 0.775896
3 0.292271 0.763059 0.314367 0.736726 0.361048 0.775896 0.338952 0.802229
3 0.300473 0.749618 0.328383 0.729552 0.363955 0.779029 0.336045 0.799096
3 0.311738 0.738617 0.343736 0.726058 0.365999 0.782783 0.334001 0.795342
3 0.325369 0.730735 0.359477 0.726461 0.367054 0.786925 0.332946 0.791200
3 0.340523 0.726461 0.374631 0.730735 0.367054 0.791200 0.332946 0.786925
3 0.356264 0.726058 0.388262 0.738617 0.365999 0.795342 0.334001 0.782783
3 0.371617 0.729552 0.399527 0.749618 0.363955 0.799096 0.336045 0.779029
3 0.385633 0.736726 0.407729 0.763059 0.361048 0.802229 0.338952 0.775896
3 0.379771 0.763059 0.401867 0.736726 0.448548 0.775896 0.426452 0.802229
3 0.387973 0.749618 0.415883 0.729552 0.451455 0.779029 0.423545 0.799096
3 0.399238 0.738617 0.431236 0.726058 0.453499 0.782783 0.421501 0.795342
3 0.412869 0.730735 0.446977 0.726461 0.454554 0.786925 0.420446 0.791200
3 0.428023 0.726461 0.462131 0.730735 0.454554 0.791200 0.420446 0.786925
3 0.443764 0.726058 0.475762 0.738617 0.453499 0.795342 0.421501 0.782783
3 0.459117 0.729552 0.487027 0.749618 0.451455 0.799096 0.423545 0.779029
3 0.473133 0.736726 0.495229 0.763059 0.448548 0.802229 0.426452 0.775896
3 0.467271 0.763059 0.489367 0.736726 0.536048 0.775896 0.513952 0.802229
3 0.475473 0.749618 0.503383 0.729552 0.538955 0.779029 0.511045 0.799096
3 0.486738 0.738617 0.518736 0.726058 0.540999 0.782783 0.509001 0.795342
3 0.500369 0.730735 0.534477 0.726461 0.542054 0.786925 0.507946 0.791200
3 0.515523 0.726461 0.549631 0.730735 0.542054 0.791200 0.507946 0.786925
3 0.531264 0.726058 0.563262 0.738617 0.540999 0.795342 0.509001 0.782783
3 0.546617 0.729552 0.574527 0.749618 0.538955 0.799096 0.511045 0.779029
3 0.560633 0.736726 0.582729 0.763059 0.536048 0.802229 0.513952 0.775896
3 0.554771 0.763059 0.576867 0.736726 0.623548 0.775896 0.601452 0.802229
3 0.562973 0.749618 0.590883 0.729552 0.626455 0.779029 0.598545 0.799096
3 0.574238 0.738617 0.606236 0.726058 0.628499 0.782783 0.596501 0.795342
3 0.587869 0.730735 0.621977 0.726461 0.629554 0.786925 0.595446 0.791200
3 0.603023 0.726461 0.637131 0.730735 0.629554 0.791200 0.595446 0.786925
3 0.618764 0.726058 0.650762 0.738617 0.628499 0.795342 0.596501 0.782783
3 0.634117 0.729552 0.662027 0.749618 0.626455 0.799096 0.598545 0.779029
3 0.648133 0.736726 0.670229 0.763059 0.623548 0.802229 0.601452 0.775896
3 0.642271 0.763059 0.664367 0.736726 0.711048 0.775896 0.688952 0.802229
3 0.650473 0.749618 0.678383 0.729552 0.713955 0.779029 0.686045 0.799096
3 0.661738 0.738617 0.693736 0.726058 0.715999 0.782783 0.684001 0.795342
3 0.675369 0.730735 0.709477 0.726461 0.717054 0.786925 0.682946 0.791200
3 0.690523 0.726461 0.724631 0.730735 0.717054 0.791200 0.682946 0.786925
3 0.706264 0.726058 0.738262 0.738617 0.715999 0.795342 0.684001 0.782783
3 0.721617 0.729552 0.749527 0.749618 0.713955 0.799096 0.686045 0.779029
3 0.735633 0.736726 0.757729 0.763059 0.711048 0.802229 0.688952 0.775896
3 0.729771 0.763059 0.751867 0.736726 0.798548 0.775896 0.776452 0.802229
3 0.737973 0.749618 0.765883 0.729552 0.801455 0.779029 0.773545 0.799096
3 0.749238 0.738617 0.781236 0.726058 0.803499 0.782783 0.771501 0.795342
3 0.762869 0.730735 0.796977 0.726461 0.804554 0.786925 0.770446 0.791200
3 0.778023 0.726461 0.812131 0.730735 0.804554 0.791200 0.770446 0.786925
3 0.793764 0.726058 0.825762 0.738617 0.803499 0.795342 0.771501 0.782783
3 0.809117 0.729552 0.837027 0.749618 0.801455 0.799096 0.773545 0.779029
3 0.823133 0.736726 0.845229 0.763059 0.798548 0.802229 0.776452 0.775896
3 0.817271 0.763059 0.839367 0.736726 0.886048 0.775896 0.863952 0.802229
3 0.825473 0.749618 0.853383 0.729552 0.888955 0.779029 0.861045 0.799096
3 0.836738 0.738617 0.868736 0.726058 0.890999 0.782783 0.859001 0.795342
3 0.850369 0.730735 0.884477 0.726461 0.892054 0.786925 0.857946 0.791200
3 0.865523 0.726461 0.899631 0.730735 0.892054 0.791200 0.857946 0.786925
3 0.881264 0.726058 0.913262 0.738617 0.890999 0.795342 0.859001 0.782783
3 0.896617 0.729552 0.924527 0.749618 0.888955 0.799096 0.861045 0.779029
3 0.910633 0.736726 0.932729 0.763059 0.886048 0.802229 0.863952 0.775896
3 0.904771 0.763059 0.926867 0.736726 0.973548 0.775896 0.951452 0.802229
3 0.912973 0.749618 0.940883 0.729552 0.976455 0.779029 0.948545 0.799096
3 0.924238 0.738617 0.956236 0.726058 0.978499 0.782783 0.946501 0.795342
3 0.937869 0.730735 0.971977 0.726461 0.979554 0.786925 0.945446 0.791200
3 0.953023 0.726461 0.987131 0.730735 0.979554 0.791200 0.945446 0.786925