3 0.042188 0.062500 0.101562 0.062500 0.101562 0.165625 0.042188 0.165625
3 0.093750 0.071875 0.153125 0.071875 0.153125 0.175000 0.093750 0.175000
3 0.148438 0.068750 0.207813 0.068750 0.207813 0.171875 0.148438 0.171875
3 0.198437 0.070312 0.257812 0.070312 0.257812 0.173437 0.198437 0.173437
3 0.251563 0.068750 0.310937 0.068750 0.310937 0.171875 0.251563 0.171875
3 0.303125 0.062500 0.362500 0.062500 0.362500 0.165625 0.303125 0.165625
3 0.353125 0.070312 0.412500 0.070312 0.412500 0.173437 0.353125 0.173437
3 0.406250 0.070312 0.465625 0.070312 0.465625 0.173437 0.406250 0.173437
3 0.460938 0.070312 0.520312 0.070312 0.520312 0.173437 0.460938 0.173437
3 0.512500 0.067187 0.571875 0.067187 0.571875 0.170313 0.512500 0.170313
3 0.562500 0.062500 0.621875 0.062500 0.621875 0.165625 0.562500 0.165625
3 0.610938 0.062500 0.670312 0.062500 0.670312 0.165625 0.610938 0.165625
3 0.665625 0.068750 0.725000 0.068750 0.725000 0.171875 0.665625 0.171875
3 0.712500 0.070312 0.771875 0.070312 0.771875 0.173437 0.712500 0.173437
3 0.770312 0.070312 0.829688 0.070312 0.829688 0.173437 0.770312 0.173437
3 0.817187 0.064062 0.876563 0.064062 0.876563 0.167187 0.817187 0.167187
3 0.868750 0.070312 0.928125 0.070312 0.928125 0.173437 0.868750 0.173437
4 0.050000 0.110156 0.125000 0.110156 0.125000 0.327344 0.050000 0.327344
4 0.117188 0.117969 0.192188 0.117969 0.192188 0.335156 0.117188 0.335156
4 0.184375 0.110156 0.259375 0.110156 0.259375 0.327344 0.184375 0.327344
4 0.254688 0.111719 0.329688 0.111719 0.329688 0.328906 0.254688 0.328906
4 0.321875 0.110156 0.396875 0.110156 0.396875 0.327344 0.321875 0.327344
4 0.389062 0.113281 0.464062 0.113281 0.464062 0.330469 0.389062 0.330469
4 0.459375 0.117969 0.534375 0.117969 0.534375 0.335156 0.459375 0.335156
4 0.520312 0.111719 0.595313 0.111719 0.595313 0.328906 0.520312 0.328906
4 0.589063 0.116406 0.664062 0.116406 0.664062 0.333594 0.589063 0.333594
4 0.656250 0.116406 0.731250 0.116406 0.731250 0.333594 0.656250 0.333594
4 0.728125 0.114844 0.803125 0.114844 0.803125 0.332031 0.728125 0.332031
4 0.792188 0.113281 0.867188 0.113281 0.867188 0.330469 0.792188 0.330469
4 0.860938 0.117969 0.935937 0.117969 0.935937 0.335156 0.860938 0.335156
3 0.079687 0.314063 0.201563 0.314063 0.201563 0.523438 0.079687 0.523438
3 0.200000 0.314063 0.321875 0.314063 0.321875 0.523438 0.200000 0.523438
3 0.320312 0.307812 0.442188 0.307812 0.442188 0.517188 0.320312 0.517188
3 0.439063 0.314063 0.560937 0.314063 0.560937 0.523438 0.439063 0.523438
3 0.554688 0.309375 0.676562 0.309375 0.676562 0.518750 0.554688 0.518750
3 0.673438 0.306250 0.795312 0.306250 0.795312 0.515625 0.673438 0.515625
3 0.795312 0.310937 0.917188 0.310937 0.917188 0.520312 0.795312 0.520312
4 0.000781 0.539844 0.039844 0.539844 0.039844 0.653906 0.000781 0.653906
4 0.038281 0.535156 0.077344 0.535156 0.077344 0.649219 0.038281 0.649219
4 0.069531 0.538281 0.108594 0.538281 0.108594 0.652344 0.069531 0.652344
4 0.110156 0.535156 0.149219 0.535156 0.149219 0.649219 0.110156 0.649219
4 0.144531 0.535156 0.183594 0.535156 0.183594 0.649219 0.144531 0.649219
4 0.178906 0.541406 0.217969 0.541406 0.217969 0.655469 0.178906 0.655469
4 0.211719 0.532031 0.250781 0.532031 0.250781 0.646094 0.211719 0.646094
4 0.241406 0.533594 0.280469 0.533594 0.280469 0.647656 0.241406 0.647656
4 0.282031 0.535156 0.321094 0.535156 0.321094 0.649219 0.282031 0.649219
4 0.313281 0.536719 0.352344 0.536719 0.352344 0.650781 0.313281 0.650781
4 0.346094 0.532031 0.385156 0.532031 0.385156 0.646094 0.346094 0.646094
4 0.383594 0.539844 0.422656 0.539844 0.422656 0.653906 0.383594 0.653906
4 0.413281 0.532031 0.452344 0.532031 0.452344 0.646094 0.413281 0.646094
4 0.452344 0.536719 0.491406 0.536719 0.491406 0.650781 0.452344 0.650781
4 0.488281 0.541406 0.527344 0.541406 0.527344 0.655469 0.488281 0.655469
4 0.516406 0.535156 0.555469 0.535156 0.555469 0.649219 0.516406 0.649219
4 0.552344 0.532031 0.591406 0.532031 0.591406 0.646094 0.552344 0.646094
4 0.591406 0.532031 0.630469 0.532031 0.630469 0.646094 0.591406 0.646094
4 0.619531 0.536719 0.658594 0.536719 0.658594 0.650781 0.619531 0.650781
4 0.653906 0.538281 0.692969 0.538281 0.692969 0.652344 0.653906 0.652344
4 0.689844 0.539844 0.728906 0.539844 0.728906 0.653906 0.689844 0.653906
4 0.724219 0.539844 0.763281 0.539844 0.763281 0.653906 0.724219 0.653906
4 0.758594 0.538281 0.797656 0.538281 0.797656 0.652344 0.758594 0.652344
4 0.794531 0.533594 0.833594 0.533594 0.833594 0.647656 0.794531 0.647656
4 0.830469 0.532031 0.869531 0.532031 0.869531 0.646094 0.830469 0.646094
3 0.046094 0.639844 0.128906 0.639844 0.128906 0.782031 0.046094 0.782031
3 0.113281 0.633594 0.196094 0.633594 0.196094 0.775781 0.113281 0.775781
3 0.182031 0.639844 0.264844 0.639844 0.264844 0.782031 0.182031 0.782031
3 0.249219 0.639844 0.332031 0.639844 0.332031 0.782031 0.249219 0.782031
3 0.317969 0.633594 0.400781 0.633594 0.400781 0.775781 0.317969 0.775781
3 0.385156 0.633594 0.467969 0.633594 0.467969 0.775781 0.385156 0.775781
3 0.452344 0.641406 0.535156 0.641406 0.535156 0.783594 0.452344 0.783594
3 0.519531 0.635156 0.602344 0.635156 0.602344 0.777344 0.519531 0.777344
3 0.583594 0.636719 0.666406 0.636719 0.666406 0.778906 0.583594 0.778906
3 0.653906 0.635156 0.736719 0.635156 0.736719 0.777344 0.653906 0.777344
3 0.721094 0.638281 0.803906 0.638281 0.803906 0.780469 0.721094 0.780469
3 0.789844 0.638281 0.872656 0.638281 0.872656 0.780469 0.789844 0.780469
3 0.852344 0.638281 0.935156 0.638281 0.935156 0.780469 0.852344 0.780469
4 0.006250 0.786719 0.034375 0.786719 0.034375 0.866406 0.006250 0.866406
4 0.034375 0.796094 0.062500 0.796094 0.062500 0.875781 0.034375 0.875781
4 0.062500 0.792969 0.090625 0.792969 0.090625 0.872656 0.062500 0.872656
4 0.087500 0.791406 0.115625 0.791406 0.115625 0.871094 0.087500 0.871094
4 0.115625 0.794531 0.143750 0.794531 0.143750 0.874219 0.115625 0.874219
4 0.145313 0.786719 0.173437 0.786719 0.173437 0.866406 0.145313 0.866406
4 0.170313 0.794531 0.198437 0.794531 0.198437 0.874219 0.170313 0.874219
4 0.195312 0.792969 0.223438 0.792969 0.223438 0.872656 0.195312 0.872656
4 0.223438 0.794531 0.251563 0.794531 0.251563 0.874219 0.223438 0.874219
4 0.246875 0.796094 0.275000 0.796094 0.275000 0.875781 0.246875 0.875781
4 0.271875 0.789844 0.300000 0.789844 0.300000 0.869531 0.271875 0.869531
4 0.303125 0.789844 0.331250 0.789844 0.331250 0.869531 0.303125 0.869531
4 0.325000 0.788281 0.353125 0.788281 0.353125 0.867969 0.325000 0.867969
4 0.357812 0.794531 0.385937 0.794531 0.385937 0.874219 0.357812 0.874219
4 0.381250 0.796094 0.409375 0.796094 0.409375 0.875781 0.381250 0.875781
4 0.406250 0.792969 0.434375 0.792969 0.434375 0.872656 0.406250 0.872656
4 0.432812 0.792969 0.460938 0.792969 0.460938 0.872656 0.432812 0.872656
4 0.462500 0.788281 0.490625 0.788281 0.490625 0.867969 0.462500 0.867969
4 0.489063 0.792969 0.517188 0.792969 0.517188 0.872656 0.489063 0.872656
4 0.510938 0.794531 0.539062 0.794531 0.539062 0.874219 0.510938 0.874219
4 0.542188 0.792969 0.570312 0.792969 0.570312 0.872656 0.542188 0.872656
4 0.568750 0.794531 0.596875 0.794531 0.596875 0.874219 0.568750 0.874219
4 0.595313 0.788281 0.623437 0.788281 0.623437 0.867969 0.595313 0.867969
4 0.618750 0.788281 0.646875 0.788281 0.646875 0.867969 0.618750 0.867969
4 0.650000 0.788281 0.678125 0.788281 0.678125 0.867969 0.650000 0.867969