3 0.015927 0.112272 0.097857 0.047103 0.209715 0.187728 0.127785 0.252897
3 0.077802 0.056740 0.179875 0.033487 0.219786 0.208686 0.117714 0.231939
3 0.157625 0.033487 0.259698 0.056740 0.219786 0.231939 0.117714 0.208686
3 0.239643 0.047103 0.321573 0.112272 0.209715 0.252897 0.127785 0.187728
3 0.228427 0.112272 0.310357 0.047103 0.422215 0.187728 0.340285 0.252897
3 0.290302 0.056740 0.392375 0.033487 0.432286 0.208686 0.330214 0.231939
3 0.370125 0.033487 0.472198 0.056740 0.432286 0.231939 0.330214 0.208686
3 0.452143 0.047103 0.534073 0.112272 0.422215 0.252897 0.340285 0.187728
3 0.440927 0.112272 0.522857 0.047103 0.634715 0.187728 0.552785 0.252897
3 0.502802 0.056740 0.604875 0.033487 0.644786 0.208686 0.542714 0.231939
3 0.582625 0.033487 0.684698 0.056740 0.644786 0.231939 0.542714 0.208686
3 0.664643 0.047103 0.746573 0.112272 0.634715 0.252897 0.552785 0.187728
3 0.653427 0.112272 0.735357 0.047103 0.847215 0.187728 0.765285 0.252897
3 0.715302 0.056740 0.817375 0.033487 0.857286 0.208686 0.755214 0.231939
3 0.795125 0.033487 0.897198 0.056740 0.857286 0.231939 0.755214 0.208686
3 0.877143 0.047103 0.959073 0.112272 0.847215 0.252897 0.765285 0.187728
3 0.051375 0.194425 0.153448 0.217677 0.113536 0.392876 0.011464 0.369624
3 0.133393 0.208040 0.215323 0.273210 0.103465 0.413835 0.021535 0.348665
3 0.122177 0.273210 0.204107 0.208040 0.315965 0.348665 0.234035 0.413835
3 0.184052 0.217677 0.286125 0.194425 0.326036 0.369624 0.223964 0.392876
3 0.263875 0.194425 0.365948 0.217677 0.326036 0.392876 0.223964 0.369624
3 0.345893 0.208040 0.427823 0.273210 0.315965 0.413835 0.234035 0.348665
3 0.334677 0.273210 0.416607 0.208040 0.528465 0.348665 0.446535 0.413835
3 0.396552 0.217677 0.498625 0.194425 0.538536 0.369624 0.436464 0.392876
3 0.476375 0.194425 0.578448 0.217677 0.538536 0.392876 0.436464 0.369624
3 0.558393 0.208040 0.640323 0.273210 0.528465 0.413835 0.446535 0.348665
3 0.547177 0.273210 0.629107 0.208040 0.740965 0.348665 0.659035 0.413835
3 0.609052 0.217677 0.711125 0.194425 0.751036 0.369624 0.648964 0.392876
3 0.688875 0.194425 0.790948 0.217677 0.751036 0.392876 0.648964 0.369624
3 0.770893 0.208040 0.852823 0.273210 0.740965 0.413835 0.659035 0.348665
3 0.759677 0.273210 0.841607 0.208040 0.953465 0.348665 0.871535 0.413835
3 0.821552 0.217677 0.923625 0.194425 0.963536 0.369624 0.861464 0.392876
3 0.015927 0.434147 0.097857 0.368978 0.209715 0.509603 0.127785 0.574772
3 0.077802 0.378615 0.179875 0.355362 0.219786 0.530561 0.117714 0.553814
3 0.157625 0.355362 0.259698 0.378615 0.219786 0.553814 0.117714 0.530561
3 0.239643 0.368978 0.321573 0.434147 0.209715 0.574772 0.127785 0.509603
3 0.228427 0.434147 0.310357 0.368978 0.422215 0.509603 0.340285 0.574772
3 0.290302 0.378615 0.392375 0.355362 0.432286 0.530561 0.330214 0.553814
3 0.370125 0.355362 0.472198 0.378615 0.432286 0.553814 0.330214 0.530561
3 0.452143 0.368978 0.534073 0.434147 0.422215 0.574772 0.340285 0.509603
3 0.440927 0.434147 0.522857 0.368978 0.634715 0.509603 0.552785 0.574772
3 0.502802 0.378615 0.604875 0.355362 0.644786 0.530561 0.542714 0.553814
3 0.582625 0.355362 0.684698 0.378615 0.644786 0.553814 0.542714 0.530561
3 0.664643 0.368978 0.746573 0.434147 0.634715 0.574772 0.552785 0.509603
3 0.653427 0.434147 0.735357 0.368978 0.847215 0.509603 0.765285 0.574772
3 0.715302 0.378615 0.817375 0.355362 0.857286 0.530561 0.755214 0.553814
3 0.795125 0.355362 0.897198 0.378615 0.857286 0.553814 0.755214 0.530561
3 0.877143 0.368978 0.959073 0.434147 0.847215 0.574772 0.765285 0.509603
3 0.051375 0.516300 0.153448 0.539552 0.113536 0.714751 0.011464 0.691499
3 0.133393 0.529915 0.215323 0.595085 0.103465 0.735710 0.021535 0.670540
3 0.122177 0.595085 0.204107 0.529915 0.315965 0.670540 0.234035 0.735710
3 0.184052 0.539552 0.286125 0.516300 0.326036 0.691499 0.223964 0.714751
3 0.263875 0.516300 0.365948 0.539552 0.326036 0.714751 0.223964 0.691499
3 0.345893 0.529915 0.427823 0.595085 0.315965 0.735710 0.234035 0.670540
3 0.334677 0.595085 0.416607 0.529915 0.528465 0.670540 0.446535 0.735710
3 0.396552 0.539552 0.498625 0.516300 0.538536 0.691499 0.436464 0.714751
3 0.476375 0.516300 0.578448 0.539552 0.538536 0.714751 0.436464 0.691499
3 0.558393 0.529915 0.640323 0.595085 0.528465 0.735710 0.446535 0.670540
3 0.547177 0.595085 0.629107 0.529915 0.740965 0.670540 0.659035 0.735710
3 0.609052 0.539552 0.711125 0.516300 0.751036 0.691499 0.648964 0.714751
3 0.688875 0.516300 0.790948 0.539552 0.751036 0.714751 0.648964 0.691499
3 0.770893 0.529915 0.852823 0.595085 0.740965 0.735710 0.659035 0.670540
3 0.759677 0.595085 0.841607 0.529915 0.953465 0.670540 0.871535 0.735710
3 0.821552 0.539552 0.923625 0.516300 0.963536 0.691499 0.861464 0.714751
3 0.015927 0.756022 0.097857 0.690853 0.209715 0.831478 0.127785 0.896647
3 0.077802 0.700490 0.179875 0.677237 0.219786 0.852436 0.117714 0.875689
3 0.157625 0.677237 0.259698 0.700490 0.219786 0.875689 0.117714 0.852436
3 0.239643 0.690853 0.321573 0.756022 0.209715 0.896647 0.127785 0.831478
3 0.228427 0.756022 0.310357 0.690853 0.422215 0.831478 0.340285 0.896647
3 0.290302 0.700490 0.392375 0.677237 0.432286 0.852436 0.330214 0.875689
3 0.370125 0.677237 0.472198 0.700490 0.432286 0.875689 0.330214 0.852436
3 0.452143 0.690853 0.534073 0.756022 0.422215 0.896647 0.340285 0.831478
3 0.440927 0.756022 0.522857 0.690853 0.634715 0.831478 0.552785 0.896647
3 0.502802 0.700490 0.604875 0.677237 0.644786 0.852436 0.542714 0.875689
3 0.582625 0.677237 0.684698 0.700490 0.644786 0.875689 0.542714 0.852436
3 0.664643 0.690853 0.746573 0.756022 0.634715 0.896647 0.552785 0.831478
3 0.653427 0.756022 0.735357 0.690853 0.847215 0.831478 0.765285 0.896647
3 0.715302 0.700490 0.817375 0.677237 0.857286 0.852436 0.755214 0.875689
3 0.795125 0.677237 0.897198 0.700490 0.857286 0.875689 0.755214 0.852436
3 0.877143 0.690853 0.959073 0.756022 0.847215 0.896647 0.765285 0.831478