1 0.009375 0.057031 0.040625 0.057031 0.040625 0.117969 0.009375 0.117969
1 0.039062 0.060156 0.070312 0.060156 0.070312 0.121094 0.039062 0.121094
1 0.064062 0.060156 0.095312 0.060156 0.095312 0.121094 0.064062 0.121094
1 0.096875 0.052344 0.128125 0.052344 0.128125 0.113281 0.096875 0.113281
1 0.118750 0.052344 0.150000 0.052344 0.150000 0.113281 0.118750 0.113281
1 0.151562 0.055469 0.182812 0.055469 0.182812 0.116406 0.151562 0.116406
1 0.181250 0.060156 0.212500 0.060156 0.212500 0.121094 0.181250 0.121094
1 0.203125 0.058594 0.234375 0.058594 0.234375 0.119531 0.203125 0.119531
1 0.234375 0.050781 0.265625 0.050781 0.265625 0.111719 0.234375 0.111719
1 0.265625 0.053906 0.296875 0.053906 0.296875 0.114844 0.265625 0.114844
1 0.290625 0.052344 0.321875 0.052344 0.321875 0.113281 0.290625 0.113281
1 0.320312 0.053906 0.351562 0.053906 0.351562 0.114844 0.320312 0.114844
1 0.345313 0.058594 0.376563 0.058594 0.376563 0.119531 0.345313 0.119531
1 0.375000 0.050781 0.406250 0.050781 0.406250 0.111719 0.375000 0.111719
1 0.400000 0.053906 0.431250 0.053906 0.431250 0.114844 0.400000 0.114844
1 0.431250 0.050781 0.462500 0.050781 0.462500 0.111719 0.431250 0.111719
1 0.456250 0.057031 0.487500 0.057031 0.487500 0.117969 0.456250 0.117969
1 0.485938 0.050781 0.517188 0.050781 0.517188 0.111719 0.485938 0.111719
1 0.515625 0.052344 0.546875 0.052344 0.546875 0.113281 0.515625 0.113281
1 0.546875 0.053906 0.578125 0.053906 0.578125 0.114844 0.546875 0.114844
1 0.571875 0.050781 0.603125 0.050781 0.603125 0.111719 0.571875 0.111719
1 0.600000 0.057031 0.631250 0.057031 0.631250 0.117969 0.600000 0.117969
1 0.625000 0.053906 0.656250 0.053906 0.656250 0.114844 0.625000 0.114844
1 0.654687 0.053906 0.685937 0.053906 0.685937 0.114844 0.654687 0.114844
1 0.685937 0.058594 0.717187 0.058594 0.717187 0.119531 0.685937 0.119531
1 0.016406 0.128906 0.030469 0.128906 0.030469 0.142969 0.016406 0.142969
1 0.030469 0.136719 0.044531 0.136719 0.044531 0.150781 0.030469 0.150781
1 0.042969 0.133594 0.057031 0.133594 0.057031 0.147656 0.042969 0.147656
1 0.058594 0.135156 0.072656 0.135156 0.072656 0.149219 0.058594 0.149219
1 0.071094 0.135156 0.085156 0.135156 0.085156 0.149219 0.071094 0.149219
1 0.077344 0.133594 0.091406 0.133594 0.091406 0.147656 0.077344 0.147656
1 0.092969 0.135156 0.107031 0.135156 0.107031 0.149219 0.092969 0.149219
1 0.103906 0.128906 0.117969 0.128906 0.117969 0.142969 0.103906 0.142969
1 0.116406 0.127344 0.130469 0.127344 0.130469 0.141406 0.116406 0.141406
1 0.130469 0.132031 0.144531 0.132031 0.144531 0.146094 0.130469 0.146094
1 0.144531 0.127344 0.158594 0.127344 0.158594 0.141406 0.144531 0.141406
1 0.155469 0.136719 0.169531 0.136719 0.169531 0.150781 0.155469 0.150781
1 0.164844 0.128906 0.178906 0.128906 0.178906 0.142969 0.164844 0.142969
1 0.178906 0.133594 0.192969 0.133594 0.192969 0.147656 0.178906 0.147656
1 0.192969 0.130469 0.207031 0.130469 0.207031 0.144531 0.192969 0.144531
1 0.207031 0.130469 0.221094 0.130469 0.221094 0.144531 0.207031 0.144531
1 0.217969 0.132031 0.232031 0.132031 0.232031 0.146094 0.217969 0.146094
1 0.227344 0.135156 0.241406 0.135156 0.241406 0.149219 0.227344 0.149219
1 0.244531 0.136719 0.258594 0.136719 0.258594 0.150781 0.244531 0.150781
1 0.252344 0.136719 0.266406 0.136719 0.266406 0.150781 0.252344 0.150781
1 0.264844 0.133594 0.278906 0.133594 0.278906 0.147656 0.264844 0.147656
1 0.277344 0.128906 0.291406 0.128906 0.291406 0.142969 0.277344 0.142969
1 0.289844 0.133594 0.303906 0.133594 0.303906 0.147656 0.289844 0.147656
1 0.305469 0.132031 0.319531 0.132031 0.319531 0.146094 0.305469 0.146094
1 0.321094 0.133594 0.335156 0.133594 0.335156 0.147656 0.321094 0.147656
1 0.044531 0.107813 0.096094 0.107813 0.096094 0.204687 0.044531 0.204687
1 0.086719 0.101562 0.138281 0.101562 0.138281 0.198437 0.086719 0.198437
1 0.138281 0.103125 0.189844 0.103125 0.189844 0.200000 0.138281 0.200000
1 0.177344 0.109375 0.228906 0.109375 0.228906 0.206250 0.177344 0.206250
1 0.225781 0.109375 0.277344 0.109375 0.277344 0.206250 0.225781 0.206250
1 0.274219 0.100000 0.325781 0.100000 0.325781 0.196875 0.274219 0.196875
1 0.319531 0.103125 0.371094 0.103125 0.371094 0.200000 0.319531 0.200000
1 0.360156 0.106250 0.411719 0.106250 0.411719 0.203125 0.360156 0.203125
1 0.408594 0.101562 0.460156 0.101562 0.460156 0.198437 0.408594 0.198437
1 0.453906 0.103125 0.505469 0.103125 0.505469 0.200000 0.453906 0.200000
1 0.494531 0.107813 0.546094 0.107813 0.546094 0.204687 0.494531 0.204687
1 0.542969 0.107813 0.594531 0.107813 0.594531 0.204687 0.542969 0.204687
1 0.591406 0.104688 0.642969 0.104688 0.642969 0.201563 0.591406 0.201563
1 0.630469 0.100000 0.682031 0.100000 0.682031 0.196875 0.630469 0.196875
1 0.677344 0.103125 0.728906 0.103125 0.728906 0.200000 0.677344 0.200000
1 0.727344 0.103125 0.778906 0.103125 0.778906 0.200000 0.727344 0.200000
1 0.772656 0.100000 0.824219 0.100000 0.824219 0.196875 0.772656 0.196875
1 0.814844 0.103125 0.866406 0.103125 0.866406 0.200000 0.814844 0.200000
1 0.857031 0.107813 0.908594 0.107813 0.908594 0.204687 0.857031 0.204687
1 0.908594 0.106250 0.960156 0.106250 0.960156 0.203125 0.908594 0.203125
1 0.017969 0.231250 0.032031 0.231250 0.032031 0.259375 0.017969 0.259375
1 0.033594 0.228125 0.047656 0.228125 0.047656 0.256250 0.033594 0.256250
1 0.042969 0.226562 0.057031 0.226562 0.057031 0.254688 0.042969 0.254688
1 0.052344 0.232813 0.066406 0.232813 0.066406 0.260937 0.052344 0.260937
1 0.067969 0.223438 0.082031 0.223438 0.082031 0.251563 0.067969 0.251563
1 0.082031 0.229687 0.096094 0.229687 0.096094 0.257812 0.082031 0.257812
1 0.091406 0.231250 0.105469 0.231250 0.105469 0.259375 0.091406 0.259375
1 0.107031 0.225000 0.121094 0.225000 0.121094 0.253125 0.107031 0.253125
1 0.114844 0.228125 0.128906 0.228125 0.128906 0.256250 0.114844 0.256250
1 0.133594 0.226562 0.147656 0.226562 0.147656 0.254688 0.133594 0.254688
1 0.141406 0.231250 0.155469 0.231250 0.155469 0.259375 0.141406 0.259375
1 0.155469 0.228125 0.169531 0.228125 0.169531 0.256250 0.155469 0.256250
1 0.169531 0.223438 0.183594 0.223438 0.183594 0.251563 0.169531 0.251563
1 0.178906 0.225000 0.192969 0.225000 0.192969 0.253125 0.178906 0.253125
1 0.191406 0.229687 0.205469 0.229687 0.205469 0.257812 0.191406 0.257812
1 0.202344 0.229687 0.216406 0.229687 0.216406 0.257812 0.202344 0.257812
1 0.216406 0.226562 0.230469 0.226562 0.230469 0.254688 0.216406 0.254688
1 0.230469 0.228125 0.244531 0.228125 0.244531 0.256250 0.230469 0.256250
1 0.242969 0.226562 0.257031 0.226562 0.257031 0.254688 0.242969 0.254688
1 0.252344 0.228125 0.266406 0.228125 0.266406 0.256250 0.252344 0.256250
1 0.266406 0.226562 0.280469 0.226562 0.280469 0.254688 0.266406 0.254688
1 0.283594 0.231250 0.297656 0.231250 0.297656 0.259375 0.283594 0.259375
1 0.292969 0.231250 0.307031 0.231250 0.307031 0.259375 0.292969 0.259375
1 0.305469 0.232813 0.319531 0.232813 0.319531 0.260937 0.305469 0.260937
1 0.314844 0.225000 0.328906 0.225000 0.328906 0.253125 0.314844 0.253125
1 0.014844 0.250781 0.035156 0.250781 0.035156 0.277344 0.014844 0.277344
1 0.033594 0.260156 0.053906 0.260156 0.053906 0.286719 0.033594 0.286719
1 0.049219 0.252344 0.069531 0.252344 0.069531 0.278906 0.049219 0.278906
1 0.063281 0.258594 0.083594 0.258594 0.083594 0.285156 0.063281 0.285156
1 0.075781 0.258594 0.096094 0.258594 0.096094 0.285156 0.075781 0.285156
1 0.089844 0.252344 0.110156 0.252344 0.110156 0.278906 0.089844 0.278906
1 0.108594 0.250781 0.128906 0.250781 0.128906 0.277344 0.108594 0.277344
1 0.121094 0.255469 0.141406 0.255469 0.141406 0.282031 0.121094 0.282031
1 0.138281 0.260156 0.158594 0.260156 0.158594 0.286719 0.138281 0.286719
1 0.155469 0.250781 0.175781 0.250781 0.175781 0.277344 0.155469 0.277344
1 0.169531 0.250781 0.189844 0.250781 0.189844 0.277344 0.169531 0.277344
1 0.183594 0.258594 0.203906 0.258594 0.203906 0.285156 0.183594 0.285156
1 0.205469 0.260156 0.225781 0.260156 0.225781 0.286719 0.205469 0.286719
1 0.219531 0.255469 0.239844 0.255469 0.239844 0.282031 0.219531 0.282031
1 0.235156 0.260156 0.255469 0.260156 0.255469 0.286719 0.235156 0.286719
1 0.252344 0.253906 0.272656 0.253906 0.272656 0.280469 0.252344 0.280469
1 0.264844 0.250781 0.285156 0.250781 0.285156 0.277344 0.264844 0.277344
1 0.280469 0.253906 0.300781 0.253906 0.300781 0.280469 0.280469 0.280469
1 0.292969 0.252344 0.313281 0.252344 0.313281 0.278906 0.292969 0.278906
1 0.314844 0.258594 0.335156 0.258594 0.335156 0.285156 0.314844 0.285156
1 0.324219 0.257031 0.344531 0.257031 0.344531 0.283594 0.324219 0.283594
1 0.342969 0.252344 0.363281 0.252344 0.363281 0.278906 0.342969 0.278906
1 0.361719 0.260156 0.382031 0.260156 0.382031 0.286719 0.361719 0.286719
1 0.372656 0.258594 0.392969 0.258594 0.392969 0.285156 0.372656 0.285156
1 0.386719 0.250781 0.407031 0.250781 0.407031 0.277344 0.386719 0.277344
1 0.009375 0.271875 0.040625 0.271875 0.040625 0.312500 0.009375 0.312500
1 0.039062 0.271875 0.070312 0.271875 0.070312 0.312500 0.039062 0.312500
1 0.065625 0.273438 0.096875 0.273438 0.096875 0.314063 0.065625 0.314063
1 0.090625 0.270313 0.121875 0.270313 0.121875 0.310937 0.090625 0.310937
1 0.117188 0.273438 0.148438 0.273438 0.148438 0.314063 0.117188 0.314063
1 0.143750 0.273438 0.175000 0.273438 0.175000 0.314063 0.143750 0.314063
1 0.167187 0.279687 0.198437 0.279687 0.198437 0.320312 0.167187 0.320312
1 0.196875 0.271875 0.228125 0.271875 0.228125 0.312500 0.196875 0.312500
1 0.225000 0.275000 0.256250 0.275000 0.256250 0.315625 0.225000 0.315625
1 0.250000 0.278125 0.281250 0.278125 0.281250 0.318750 0.250000 0.318750
1 0.273438 0.278125 0.304688 0.278125 0.304688 0.318750 0.273438 0.318750
1 0.303125 0.270313 0.334375 0.270313 0.334375 0.310937 0.303125 0.310937
1 0.326562 0.276562 0.357812 0.276562 0.357812 0.317188 0.326562 0.317188
1 0.356250 0.271875 0.387500 0.271875 0.387500 0.312500 0.356250 0.312500
1 0.384375 0.276562 0.415625 0.276562 0.415625 0.317188 0.384375 0.317188
1 0.409375 0.273438 0.440625 0.273438 0.440625 0.314063 0.409375 0.314063
1 0.435937 0.271875 0.467187 0.271875 0.467187 0.312500 0.435937 0.312500
1 0.464062 0.270313 0.495312 0.270313 0.495312 0.310937 0.464062 0.310937
1 0.487500 0.273438 0.518750 0.273438 0.518750 0.314063 0.487500 0.314063
1 0.512500 0.270313 0.543750 0.270313 0.543750 0.310937 0.512500 0.310937
1 0.543750 0.276562 0.575000 0.276562 0.575000 0.317188 0.543750 0.317188
1 0.570312 0.271875 0.601562 0.271875 0.601562 0.312500 0.570312 0.312500
1 0.592187 0.279687 0.623437 0.279687 0.623437 0.320312 0.592187 0.320312
1 0.623437 0.279687 0.654687 0.279687 0.654687 0.320312 0.623437 0.320312
1 0.645312 0.273438 0.676562 0.273438 0.676562 0.314063 0.645312 0.314063
1 0.046094 0.277344 0.100781 0.277344 0.100781 0.382031 0.046094 0.382031
1 0.094531 0.277344 0.149219 0.277344 0.149219 0.382031 0.094531 0.382031
1 0.139844 0.282031 0.194531 0.282031 0.194531 0.386719 0.139844 0.386719
1 0.194531 0.286719 0.249219 0.286719 0.249219 0.391406 0.194531 0.391406
1 0.236719 0.282031 0.291406 0.282031 0.291406 0.386719 0.236719 0.386719
1 0.286719 0.286719 0.341406 0.286719 0.341406 0.391406 0.286719 0.391406
1 0.336719 0.286719 0.391406 0.286719 0.391406 0.391406 0.336719 0.391406
1 0.382031 0.283594 0.436719 0.283594 0.436719 0.388281 0.382031 0.388281
1 0.436719 0.277344 0.491406 0.277344 0.491406 0.382031 0.436719 0.382031
1 0.478906 0.283594 0.533594 0.283594 0.533594 0.388281 0.478906 0.388281
1 0.530469 0.282031 0.585156 0.282031 0.585156 0.386719 0.530469 0.386719
1 0.575781 0.286719 0.630469 0.286719 0.630469 0.391406 0.575781 0.391406
1 0.630469 0.285156 0.685156 0.285156 0.685156 0.389844 0.630469 0.389844
1 0.675781 0.278906 0.730469 0.278906 0.730469 0.383594 0.675781 0.383594
1 0.727344 0.282031 0.782031 0.282031 0.782031 0.386719 0.727344 0.386719
1 0.772656 0.285156 0.827344 0.285156 0.827344 0.389844 0.772656 0.389844
1 0.822656 0.277344 0.877344 0.277344 0.877344 0.382031 0.822656 0.382031
1 0.869531 0.283594 0.924219 0.283594 0.924219 0.388281 0.869531 0.388281
1 0.914844 0.286719 0.969531 0.286719 0.969531 0.391406 0.914844 0.391406
1 0.015625 0.416406 0.031250 0.416406 0.031250 0.433594 0.015625 0.433594
1 0.028125 0.422656 0.043750 0.422656 0.043750 0.439844 0.028125 0.439844
1 0.045312 0.413281 0.060937 0.413281 0.060937 0.430469 0.045312 0.430469
1 0.060937 0.414844 0.076563 0.414844 0.076563 0.432031 0.060937 0.432031
1 0.076563 0.416406 0.092188 0.416406 0.092188 0.433594 0.076563 0.433594
1 0.085938 0.416406 0.101562 0.416406 0.101562 0.433594 0.085938 0.433594
1 0.101562 0.419531 0.117188 0.419531 0.117188 0.436719 0.101562 0.436719
1 0.118750 0.414844 0.134375 0.414844 0.134375 0.432031 0.118750 0.432031
1 0.129688 0.414844 0.145313 0.414844 0.145313 0.432031 0.129688 0.432031
1 0.146875 0.414844 0.162500 0.414844 0.162500 0.432031 0.146875 0.432031
1 0.159375 0.417969 0.175000 0.417969 0.175000 0.435156 0.159375 0.435156
1 0.168750 0.413281 0.184375 0.413281 0.184375 0.430469 0.168750 0.430469
1 0.182812 0.417969 0.198437 0.417969 0.198437 0.435156 0.182812 0.435156
1 0.198437 0.421094 0.214062 0.421094 0.214062 0.438281 0.198437 0.438281
1 0.215625 0.416406 0.231250 0.416406 0.231250 0.433594 0.215625 0.433594
1 0.225000 0.421094 0.240625 0.421094 0.240625 0.438281 0.225000 0.438281
1 0.239063 0.416406 0.254688 0.416406 0.254688 0.433594 0.239063 0.433594
1 0.256250 0.421094 0.271875 0.421094 0.271875 0.438281 0.256250 0.438281
1 0.271875 0.419531 0.287500 0.419531 0.287500 0.436719 0.271875 0.436719
1 0.287500 0.422656 0.303125 0.422656 0.303125 0.439844 0.287500 0.439844
1 0.301563 0.422656 0.317188 0.422656 0.317188 0.439844 0.301563 0.439844
1 0.310937 0.421094 0.326562 0.421094 0.326562 0.438281 0.310937 0.438281
1 0.326562 0.422656 0.342187 0.422656 0.342187 0.439844 0.326562 0.439844
1 0.339062 0.421094 0.354687 0.421094 0.354687 0.438281 0.339062 0.438281
1 0.351562 0.419531 0.367188 0.419531 0.367188 0.436719 0.351562 0.436719
1 0.012500 0.432812 0.037500 0.432812 0.037500 0.460938 0.012500 0.460938
1 0.031250 0.425000 0.056250 0.425000 0.056250 0.453125 0.031250 0.453125
1 0.051562 0.431250 0.076563 0.431250 0.076563 0.459375 0.051562 0.459375
1 0.070312 0.425000 0.095312 0.425000 0.095312 0.453125 0.070312 0.453125
1 0.092188 0.423438 0.117188 0.423438 0.117188 0.451562 0.092188 0.451562
1 0.115625 0.426563 0.140625 0.426563 0.140625 0.454688 0.115625 0.454688
1 0.132812 0.432812 0.157812 0.432812 0.157812 0.460938 0.132812 0.460938
1 0.157812 0.429688 0.182812 0.429688 0.182812 0.457813 0.157812 0.457813
1 0.176563 0.425000 0.201563 0.425000 0.201563 0.453125 0.176563 0.453125
1 0.193750 0.425000 0.218750 0.425000 0.218750 0.453125 0.193750 0.453125
1 0.218750 0.428125 0.243750 0.428125 0.243750 0.456250 0.218750 0.456250
1 0.235937 0.428125 0.260937 0.428125 0.260937 0.456250 0.235937 0.456250
1 0.257812 0.425000 0.282813 0.425000 0.282813 0.453125 0.257812 0.453125
1 0.276562 0.431250 0.301563 0.431250 0.301563 0.459375 0.276562 0.459375
1 0.293750 0.426563 0.318750 0.426563 0.318750 0.454688 0.293750 0.454688
1 0.318750 0.432812 0.343750 0.432812 0.343750 0.460938 0.318750 0.460938
1 0.337500 0.426563 0.362500 0.426563 0.362500 0.454688 0.337500 0.454688
1 0.354687 0.423438 0.379688 0.423438 0.379688 0.451562 0.354687 0.451562
1 0.375000 0.429688 0.400000 0.429688 0.400000 0.457813 0.375000 0.457813
1 0.398438 0.425000 0.423438 0.425000 0.423438 0.453125 0.398438 0.453125
1 0.417187 0.429688 0.442188 0.429688 0.442188 0.457813 0.417187 0.457813
1 0.439063 0.432812 0.464062 0.432812 0.464062 0.460938 0.439063 0.460938
1 0.459375 0.428125 0.484375 0.428125 0.484375 0.456250 0.459375 0.456250
1 0.482812 0.431250 0.507812 0.431250 0.507812 0.459375 0.482812 0.459375
1 0.498437 0.429688 0.523438 0.429688 0.523438 0.457813 0.498437 0.457813
1 0.043750 0.418750 0.093750 0.418750 0.093750 0.515625 0.043750 0.515625
1 0.078125 0.415625 0.128125 0.415625 0.128125 0.512500 0.078125 0.512500
1 0.123438 0.414062 0.173437 0.414062 0.173437 0.510938 0.123438 0.510938
1 0.165625 0.412500 0.215625 0.412500 0.215625 0.509375 0.165625 0.509375
1 0.200000 0.418750 0.250000 0.418750 0.250000 0.515625 0.200000 0.515625
1 0.242188 0.415625 0.292187 0.415625 0.292187 0.512500 0.242188 0.512500
1 0.281250 0.421875 0.331250 0.421875 0.331250 0.518750 0.281250 0.518750
1 0.326562 0.414062 0.376563 0.414062 0.376563 0.510938 0.326562 0.510938
1 0.362500 0.412500 0.412500 0.412500 0.412500 0.509375 0.362500 0.509375
1 0.404687 0.420312 0.454688 0.420312 0.454688 0.517188 0.404687 0.517188
1 0.445312 0.421875 0.495312 0.421875 0.495312 0.518750 0.445312 0.518750
1 0.487500 0.414062 0.537500 0.414062 0.537500 0.510938 0.487500 0.510938
1 0.528125 0.420312 0.578125 0.420312 0.578125 0.517188 0.528125 0.517188
1 0.568750 0.420312 0.618750 0.420312 0.618750 0.517188 0.568750 0.517188
1 0.607812 0.421875 0.657813 0.421875 0.657813 0.518750 0.607812 0.518750
1 0.653125 0.414062 0.703125 0.414062 0.703125 0.510938 0.653125 0.510938
1 0.687500 0.414062 0.737500 0.414062 0.737500 0.510938 0.687500 0.510938
1 0.731250 0.420312 0.781250 0.420312 0.781250 0.517188 0.731250 0.517188
1 0.773438 0.412500 0.823438 0.412500 0.823438 0.509375 0.773438 0.509375
1 0.815625 0.414062 0.865625 0.414062 0.865625 0.510938 0.815625 0.510938
1 0.856250 0.415625 0.906250 0.415625 0.906250 0.512500 0.856250 0.512500
1 0.890625 0.412500 0.940625 0.412500 0.940625 0.509375 0.890625 0.509375
1 0.932813 0.417187 0.982812 0.417187 0.982812 0.514062 0.932813 0.514062
1 0.012500 0.536719 0.037500 0.536719 0.037500 0.569531 0.012500 0.569531
1 0.034375 0.532031 0.059375 0.532031 0.059375 0.564844 0.034375 0.564844
1 0.053125 0.533594 0.078125 0.533594 0.078125 0.566406 0.053125 0.566406
1 0.065625 0.538281 0.090625 0.538281 0.090625 0.571094 0.065625 0.571094
1 0.089063 0.539844 0.114062 0.539844 0.114062 0.572656 0.089063 0.572656
1 0.107813 0.539844 0.132812 0.539844 0.132812 0.572656 0.107813 0.572656
1 0.125000 0.541406 0.150000 0.541406 0.150000 0.574219 0.125000 0.574219
1 0.140625 0.532031 0.165625 0.532031 0.165625 0.564844 0.140625 0.564844
1 0.165625 0.541406 0.190625 0.541406 0.190625 0.574219 0.165625 0.574219
1 0.178125 0.532031 0.203125 0.532031 0.203125 0.564844 0.178125 0.564844
1 0.200000 0.538281 0.225000 0.538281 0.225000 0.571094 0.200000 0.571094
1 0.220312 0.541406 0.245312 0.541406 0.245312 0.574219 0.220312 0.574219
1 0.237500 0.538281 0.262500 0.538281 0.262500 0.571094 0.237500 0.571094
1 0.256250 0.538281 0.281250 0.538281 0.281250 0.571094 0.256250 0.571094
1 0.278125 0.532031 0.303125 0.532031 0.303125 0.564844 0.278125 0.564844
1 0.290625 0.538281 0.315625 0.538281 0.315625 0.571094 0.290625 0.571094
1 0.310937 0.541406 0.335938 0.541406 0.335938 0.574219 0.310937 0.574219
1 0.331250 0.538281 0.356250 0.538281 0.356250 0.571094 0.331250 0.571094
1 0.350000 0.541406 0.375000 0.541406 0.375000 0.574219 0.350000 0.574219
1 0.370312 0.541406 0.395313 0.541406 0.395313 0.574219 0.370312 0.574219
1 0.387500 0.535156 0.412500 0.535156 0.412500 0.567969 0.387500 0.567969
1 0.406250 0.532031 0.431250 0.532031 0.431250 0.564844 0.406250 0.564844
1 0.426563 0.539844 0.451562 0.539844 0.451562 0.572656 0.426563 0.572656
1 0.446875 0.538281 0.471875 0.538281 0.471875 0.571094 0.446875 0.571094
1 0.464062 0.533594 0.489063 0.533594 0.489063 0.566406 0.464062 0.566406