4 0.021632 0.081801 0.103959 0.052161 0.183351 0.272680 0.101024 0.302320
4 0.071789 0.059707 0.158709 0.049650 0.185648 0.282471 0.098727 0.292529
4 0.125666 0.049650 0.212586 0.059707 0.185648 0.292529 0.098727 0.282471
4 0.180416 0.052161 0.262743 0.081801 0.183351 0.302320 0.101024 0.272680
4 0.233145 0.067109 0.306529 0.114765 0.178879 0.311328 0.105496 0.263672
4 0.220033 0.114765 0.293417 0.067109 0.421067 0.263672 0.347683 0.311328
4 0.263820 0.081801 0.346147 0.052161 0.425539 0.272680 0.343211 0.302320
4 0.313977 0.059707 0.400897 0.049650 0.427835 0.282471 0.340915 0.292529
4 0.367853 0.049650 0.454773 0.059707 0.427835 0.292529 0.340915 0.282471
4 0.422603 0.052161 0.504930 0.081801 0.425539 0.302320 0.343211 0.272680
4 0.475333 0.067109 0.548717 0.114765 0.421067 0.311328 0.347683 0.263672
4 0.462221 0.114765 0.535605 0.067109 0.663254 0.263672 0.589871 0.311328
4 0.506007 0.081801 0.588334 0.052161 0.667726 0.272680 0.585399 0.302320
4 0.556164 0.059707 0.643084 0.049650 0.670023 0.282471 0.583102 0.292529
4 0.610041 0.049650 0.696961 0.059707 0.670023 0.292529 0.583102 0.282471
4 0.664791 0.052161 0.747118 0.081801 0.667726 0.302320 0.585399 0.272680
4 0.717520 0.067109 0.790904 0.114765 0.663254 0.311328 0.589871 0.263672
4 0.704408 0.114765 0.777792 0.067109 0.905442 0.263672 0.832058 0.311328
4 0.748195 0.081801 0.830522 0.052161 0.909914 0.272680 0.827586 0.302320
4 0.798352 0.059707 0.885272 0.049650 0.912210 0.282471 0.825290 0.292529
4 0.852228 0.049650 0.939148 0.059707 0.912210 0.292529 0.825290 0.282471
4 0.906978 0.052161 0.989305 0.081801 0.909914 0.302320 0.827586 0.272680
4 0.099721 0.325702 0.173105 0.278046 0.300754 0.474610 0.227371 0.522265
4 0.143507 0.292738 0.225834 0.263099 0.305226 0.483618 0.222899 0.513257
4 0.193664 0.270644 0.280584 0.260587 0.307523 0.493409 0.220602 0.503466
4 0.247541 0.260587 0.334461 0.270644 0.307523 0.503466 0.220602 0.493409
4 0.302291 0.263099 0.384618 0.292738 0.305226 0.513257 0.222899 0.483618
4 0.355020 0.278046 0.428404 0.325702 0.300754 0.522265 0.227371 0.474610
4 0.341908 0.325702 0.415292 0.278046 0.542942 0.474610 0.469558 0.522265
4 0.385695 0.292738 0.468022 0.263099 0.547414 0.483618 0.465086 0.513257
4 0.435852 0.270644 0.522772 0.260587 0.549710 0.493409 0.462790 0.503466
4 0.489728 0.260587 0.576648 0.270644 0.549710 0.503466 0.462790 0.493409
4 0.544478 0.263099 0.626805 0.292738 0.547414 0.513257 0.465086 0.483618
4 0.597208 0.278046 0.670592 0.325702 0.542942 0.522265 0.469558 0.474610
4 0.584096 0.325702 0.657480 0.278046 0.785129 0.474610 0.711746 0.522265
4 0.627882 0.292738 0.710209 0.263099 0.789601 0.483618 0.707274 0.513257
4 0.678039 0.270644 0.764959 0.260587 0.791898 0.493409 0.704977 0.503466
4 0.731916 0.260587 0.818836 0.270644 0.791898 0.503466 0.704977 0.493409
4 0.786666 0.263099 0.868993 0.292738 0.789601 0.513257 0.707274 0.483618
4 0.839395 0.278046 0.912779 0.325702 0.785129 0.522265 0.711746 0.474610
4 0.021632 0.503676 0.103959 0.474036 0.183351 0.694555 0.101024 0.724195
4 0.071789 0.481582 0.158709 0.471525 0.185648 0.704346 0.098727 0.714404
4 0.125666 0.471525 0.212586 0.481582 0.185648 0.714404 0.098727 0.704346
4 0.180416 0.474036 0.262743 0.503676 0.183351 0.724195 0.101024 0.694555
4 0.233145 0.488984 0.306529 0.536640 0.178879 0.733203 0.105496 0.685547
4 0.220033 0.536640 0.293417 0.488984 0.421067 0.685547 0.347683 0.733203
4 0.263820 0.503676 0.346147 0.474036 0.425539 0.694555 0.343211 0.724195
4 0.313977 0.481582 0.400897 0.471525 0.427835 0.704346 0.340915 0.714404
4 0.367853 0.471525 0.454773 0.481582 0.427835 0.714404 0.340915 0.704346
4 0.422603 0.474036 0.504930 0.503676 0.425539 0.724195 0.343211 0.694555
4 0.475333 0.488984 0.548717 0.536640 0.421067 0.733203 0.347683 0.685547
4 0.462221 0.536640 0.535605 0.488984 0.663254 0.685547 0.589871 0.733203
4 0.506007 0.503676 0.588334 0.474036 0.667726 0.694555 0.585399 0.724195
4 0.556164 0.481582 0.643084 0.471525 0.670023 0.704346 0.583102 0.714404
4 0.610041 0.471525 0.696961 0.481582 0.670023 0.714404 0.583102 0.704346
4 0.664791 0.474036 0.747118 0.503676 0.667726 0.724195 0.585399 0.694555
4 0.717520 0.488984 0.790904 0.536640 0.663254 0.733203 0.589871 0.685547
4 0.704408 0.536640 0.777792 0.488984 0.905442 0.685547 0.832058 0.733203
4 0.748195 0.503676 0.830522 0.474036 0.909914 0.694555 0.827586 0.724195
4 0.798352 0.481582 0.885272 0.471525 0.912210 0.704346 0.825290 0.714404
4 0.852228 0.471525 0.939148 0.481582 0.912210 0.714404 0.825290 0.704346
4 0.906978 0.474036 0.989305 0.503676 0.909914 0.724195 0.827586 0.694555