4 0.037500 0.010937 0.103125 0.010937 0.103125 0.185938 0.037500 0.185938
4 0.090625 0.012500 0.156250 0.012500 0.156250 0.187500 0.090625 0.187500
4 0.145313 0.018750 0.210938 0.018750 0.210938 0.193750 0.145313 0.193750
4 0.192188 0.018750 0.257812 0.018750 0.257812 0.193750 0.192188 0.193750
4 0.251563 0.017188 0.317188 0.017188 0.317188 0.192188 0.251563 0.192188
4 0.298438 0.012500 0.364063 0.012500 0.364063 0.187500 0.298438 0.187500
4 0.353125 0.017188 0.418750 0.017188 0.418750 0.192188 0.353125 0.192188
4 0.407813 0.015625 0.473438 0.015625 0.473438 0.190625 0.407813 0.190625
4 0.457813 0.015625 0.523438 0.015625 0.523438 0.190625 0.457813 0.190625
4 0.512500 0.017188 0.578125 0.017188 0.578125 0.192188 0.512500 0.192188
4 0.564063 0.014063 0.629687 0.014063 0.629687 0.189062 0.564063 0.189062
4 0.618750 0.017188 0.684375 0.017188 0.684375 0.192188 0.618750 0.192188
4 0.676562 0.010937 0.742188 0.010937 0.742188 0.185938 0.676562 0.185938
4 0.726562 0.014063 0.792188 0.014063 0.792188 0.189062 0.726562 0.189062
4 0.776563 0.017188 0.842187 0.017188 0.842187 0.192188 0.776563 0.192188
4 0.829688 0.014063 0.895312 0.014063 0.895312 0.189062 0.829688 0.189062
4 0.885938 0.014063 0.951562 0.014063 0.951562 0.189062 0.885938 0.189062
1 0.042969 0.250781 0.088281 0.250781 0.088281 0.299219 0.042969 0.299219
1 0.078906 0.246094 0.124219 0.246094 0.124219 0.294531 0.078906 0.294531
1 0.121094 0.250781 0.166406 0.250781 0.166406 0.299219 0.121094 0.299219
1 0.157031 0.250781 0.202344 0.250781 0.202344 0.299219 0.157031 0.299219
1 0.191406 0.247656 0.236719 0.247656 0.236719 0.296094 0.191406 0.296094
1 0.228906 0.244531 0.274219 0.244531 0.274219 0.292969 0.228906 0.292969
1 0.260156 0.246094 0.305469 0.246094 0.305469 0.294531 0.260156 0.294531
1 0.297656 0.252344 0.342969 0.252344 0.342969 0.300781 0.297656 0.300781
1 0.333594 0.253906 0.378906 0.253906 0.378906 0.302344 0.333594 0.302344
1 0.366406 0.252344 0.411719 0.252344 0.411719 0.300781 0.366406 0.300781
1 0.405469 0.246094 0.450781 0.246094 0.450781 0.294531 0.405469 0.294531
1 0.442969 0.244531 0.488281 0.244531 0.488281 0.292969 0.442969 0.292969
1 0.477344 0.250781 0.522656 0.250781 0.522656 0.299219 0.477344 0.299219
1 0.510156 0.246094 0.555469 0.246094 0.555469 0.294531 0.510156 0.294531
1 0.546094 0.253906 0.591406 0.253906 0.591406 0.302344 0.546094 0.302344
1 0.586719 0.250781 0.632031 0.250781 0.632031 0.299219 0.586719 0.299219
1 0.619531 0.250781 0.664844 0.250781 0.664844 0.299219 0.619531 0.299219
1 0.657031 0.244531 0.702344 0.244531 0.702344 0.292969 0.657031 0.292969
1 0.692969 0.244531 0.738281 0.244531 0.738281 0.292969 0.692969 0.292969
1 0.725781 0.252344 0.771094 0.252344 0.771094 0.300781 0.725781 0.300781
1 0.764844 0.252344 0.810156 0.252344 0.810156 0.300781 0.764844 0.300781
1 0.802344 0.252344 0.847656 0.252344 0.847656 0.300781 0.802344 0.300781
1 0.839844 0.253906 0.885156 0.253906 0.885156 0.302344 0.839844 0.302344
1 0.874219 0.247656 0.919531 0.247656 0.919531 0.296094 0.874219 0.296094
1 0.905469 0.249219 0.950781 0.249219 0.950781 0.297656 0.905469 0.297656
4 0.004687 0.140625 0.126562 0.140625 0.126562 0.490625 0.004687 0.490625
4 0.115625 0.140625 0.237500 0.140625 0.237500 0.490625 0.115625 0.490625
4 0.214062 0.139063 0.335938 0.139063 0.335938 0.489063 0.214062 0.489063
4 0.325000 0.137500 0.446875 0.137500 0.446875 0.487500 0.325000 0.487500
4 0.426563 0.142187 0.548438 0.142187 0.548438 0.492188 0.426563 0.492188
4 0.531250 0.142187 0.653125 0.142187 0.653125 0.492188 0.531250 0.492188
4 0.634375 0.134375 0.756250 0.134375 0.756250 0.484375 0.634375 0.484375
4 0.739062 0.139063 0.860938 0.139063 0.860938 0.489063 0.739062 0.489063
1 0.046875 0.585938 0.093750 0.585938 0.093750 0.635938 0.046875 0.635938
1 0.089063 0.581250 0.135937 0.581250 0.135937 0.631250 0.089063 0.631250
1 0.131250 0.587500 0.178125 0.587500 0.178125 0.637500 0.131250 0.637500
1 0.173437 0.584375 0.220312 0.584375 0.220312 0.634375 0.173437 0.634375
1 0.217188 0.581250 0.264062 0.581250 0.264062 0.631250 0.217188 0.631250
1 0.254688 0.584375 0.301563 0.584375 0.301563 0.634375 0.254688 0.634375
1 0.298438 0.585938 0.345313 0.585938 0.345313 0.635938 0.298438 0.635938
1 0.343750 0.585938 0.390625 0.585938 0.390625 0.635938 0.343750 0.635938
1 0.379688 0.581250 0.426563 0.581250 0.426563 0.631250 0.379688 0.631250
1 0.421875 0.581250 0.468750 0.581250 0.468750 0.631250 0.421875 0.631250
1 0.464062 0.584375 0.510938 0.584375 0.510938 0.634375 0.464062 0.634375
1 0.510938 0.582812 0.557813 0.582812 0.557813 0.632812 0.510938 0.632812
1 0.553125 0.587500 0.600000 0.587500 0.600000 0.637500 0.553125 0.637500
1 0.592187 0.584375 0.639062 0.584375 0.639062 0.634375 0.592187 0.634375
1 0.637500 0.584375 0.684375 0.584375 0.684375 0.634375 0.637500 0.634375
1 0.676562 0.581250 0.723437 0.581250 0.723437 0.631250 0.676562 0.631250
1 0.717187 0.590625 0.764062 0.590625 0.764062 0.640625 0.717187 0.640625
1 0.760938 0.584375 0.807813 0.584375 0.807813 0.634375 0.760938 0.634375
1 0.807813 0.587500 0.854688 0.587500 0.854688 0.637500 0.807813 0.637500
1 0.843750 0.587500 0.890625 0.587500 0.890625 0.637500 0.843750 0.637500
1 0.885938 0.581250 0.932813 0.581250 0.932813 0.631250 0.885938 0.631250
1 0.928125 0.590625 0.975000 0.590625 0.975000 0.640625 0.928125 0.640625