2 0.024219 0.078125 0.038281 0.078125 0.038281 0.115625 0.024219 0.115625
2 0.036719 0.079687 0.050781 0.079687 0.050781 0.117188 0.036719 0.117188
2 0.047656 0.078125 0.061719 0.078125 0.061719 0.115625 0.047656 0.115625
2 0.060156 0.078125 0.074219 0.078125 0.074219 0.115625 0.060156 0.115625
2 0.075781 0.078125 0.089844 0.078125 0.089844 0.115625 0.075781 0.115625
2 0.086719 0.076563 0.100781 0.076563 0.100781 0.114062 0.086719 0.114062
2 0.099219 0.075000 0.113281 0.075000 0.113281 0.112500 0.099219 0.112500
2 0.113281 0.075000 0.127344 0.075000 0.127344 0.112500 0.113281 0.112500
2 0.121094 0.079687 0.135156 0.079687 0.135156 0.117188 0.121094 0.117188
2 0.138281 0.082812 0.152344 0.082812 0.152344 0.120313 0.138281 0.120313
2 0.146094 0.076563 0.160156 0.076563 0.160156 0.114062 0.146094 0.114062
2 0.158594 0.079687 0.172656 0.079687 0.172656 0.117188 0.158594 0.117188
2 0.172656 0.075000 0.186719 0.075000 0.186719 0.112500 0.172656 0.112500
2 0.189844 0.073438 0.203906 0.073438 0.203906 0.110937 0.189844 0.110937
2 0.200781 0.081250 0.214844 0.081250 0.214844 0.118750 0.200781 0.118750
2 0.211719 0.073438 0.225781 0.073438 0.225781 0.110937 0.211719 0.110937
2 0.221094 0.078125 0.235156 0.078125 0.235156 0.115625 0.221094 0.115625
2 0.238281 0.079687 0.252344 0.079687 0.252344 0.117188 0.238281 0.117188
2 0.250781 0.076563 0.264844 0.076563 0.264844 0.114062 0.250781 0.114062
2 0.264844 0.079687 0.278906 0.079687 0.278906 0.117188 0.264844 0.117188
2 0.272656 0.078125 0.286719 0.078125 0.286719 0.115625 0.272656 0.115625
2 0.283594 0.079687 0.297656 0.079687 0.297656 0.117188 0.283594 0.117188
2 0.297656 0.082812 0.311719 0.082812 0.311719 0.120313 0.297656 0.120313
2 0.314844 0.082812 0.328906 0.082812 0.328906 0.120313 0.314844 0.120313
2 0.321094 0.076563 0.335156 0.076563 0.335156 0.114062 0.321094 0.114062
0 0.092188 0.093750 0.257812 0.093750 0.257812 0.159375 0.092188 0.159375
0 0.229687 0.096875 0.395313 0.096875 0.395313 0.162500 0.229687 0.162500
0 0.378125 0.096875 0.543750 0.096875 0.543750 0.162500 0.378125 0.162500
0 0.514062 0.098437 0.679688 0.098437 0.679688 0.164062 0.514062 0.164062
0 0.659375 0.100000 0.825000 0.100000 0.825000 0.165625 0.659375 0.165625
2 0.070312 0.007031 0.173437 0.007031 0.173437 0.383594 0.070312 0.383594
2 0.156250 0.005469 0.259375 0.005469 0.259375 0.382031 0.156250 0.382031
2 0.242188 0.011719 0.345313 0.011719 0.345313 0.388281 0.242188 0.388281
2 0.331250 0.005469 0.434375 0.005469 0.434375 0.382031 0.331250 0.382031
2 0.414062 0.003906 0.517188 0.003906 0.517188 0.380469 0.414062 0.380469
2 0.501563 0.005469 0.604688 0.005469 0.604688 0.382031 0.501563 0.382031
2 0.590625 0.010156 0.693750 0.010156 0.693750 0.386719 0.590625 0.386719
2 0.682813 0.007031 0.785937 0.007031 0.785937 0.383594 0.682813 0.383594
2 0.768750 0.010156 0.871875 0.010156 0.871875 0.386719 0.768750 0.386719
2 0.856250 0.007031 0.959375 0.007031 0.959375 0.383594 0.856250 0.383594
2 0.006250 0.489844 0.050000 0.489844 0.050000 0.616406 0.006250 0.616406
2 0.046875 0.489844 0.090625 0.489844 0.090625 0.616406 0.046875 0.616406
2 0.090625 0.485156 0.134375 0.485156 0.134375 0.611719 0.090625 0.611719
2 0.128125 0.494531 0.171875 0.494531 0.171875 0.621094 0.128125 0.621094
2 0.162500 0.488281 0.206250 0.488281 0.206250 0.614844 0.162500 0.614844
2 0.203125 0.494531 0.246875 0.494531 0.246875 0.621094 0.203125 0.621094
2 0.243750 0.494531 0.287500 0.494531 0.287500 0.621094 0.243750 0.621094
2 0.284375 0.488281 0.328125 0.488281 0.328125 0.614844 0.284375 0.614844
2 0.320312 0.485156 0.364063 0.485156 0.364063 0.611719 0.320312 0.611719
2 0.364063 0.494531 0.407813 0.494531 0.407813 0.621094 0.364063 0.621094
2 0.401562 0.488281 0.445312 0.488281 0.445312 0.614844 0.401562 0.614844
2 0.435937 0.489844 0.479687 0.489844 0.479687 0.616406 0.435937 0.616406
2 0.478125 0.488281 0.521875 0.488281 0.521875 0.614844 0.478125 0.614844
2 0.515625 0.494531 0.559375 0.494531 0.559375 0.621094 0.515625 0.621094
2 0.559375 0.486719 0.603125 0.486719 0.603125 0.613281 0.559375 0.613281
2 0.595313 0.486719 0.639062 0.486719 0.639062 0.613281 0.595313 0.613281
2 0.631250 0.494531 0.675000 0.494531 0.675000 0.621094 0.631250 0.621094
2 0.670312 0.491406 0.714063 0.491406 0.714063 0.617969 0.670312 0.617969
2 0.715625 0.492969 0.759375 0.492969 0.759375 0.619531 0.715625 0.619531
2 0.750000 0.494531 0.793750 0.494531 0.793750 0.621094 0.750000 0.621094
2 0.790625 0.489844 0.834375 0.489844 0.834375 0.616406 0.790625 0.616406
2 0.826562 0.492969 0.870313 0.492969 0.870313 0.619531 0.826562 0.619531
2 0.865625 0.485156 0.909375 0.485156 0.909375 0.611719 0.865625 0.611719
2 0.904687 0.489844 0.948438 0.489844 0.948438 0.616406 0.904687 0.616406
0 0.077344 0.636719 0.191406 0.636719 0.191406 0.697656 0.077344 0.697656
0 0.186719 0.627344 0.300781 0.627344 0.300781 0.688281 0.186719 0.688281
0 0.286719 0.627344 0.400781 0.627344 0.400781 0.688281 0.286719 0.688281
0 0.392969 0.635156 0.507031 0.635156 0.507031 0.696094 0.392969 0.696094
0 0.500781 0.635156 0.614844 0.635156 0.614844 0.696094 0.500781 0.696094
0 0.603906 0.628906 0.717969 0.628906 0.717969 0.689844 0.603906 0.689844
0 0.703906 0.635156 0.817969 0.635156 0.817969 0.696094 0.703906 0.696094
0 0.810156 0.628906 0.924219 0.628906 0.924219 0.689844 0.810156 0.689844
2 0.099219 0.444531 0.244531 0.444531 0.244531 0.996094 0.099219 0.996094
2 0.242969 0.441406 0.388281 0.441406 0.388281 0.992969 0.242969 0.992969
2 0.380469 0.435156 0.525781 0.435156 0.525781 0.986719 0.380469 0.986719
2 0.517969 0.436719 0.663281 0.436719 0.663281 0.988281 0.517969 0.988281
2 0.658594 0.439844 0.803906 0.439844 0.803906 0.991406 0.658594 0.991406