2 -0.001683 0.011705 0.017579 0.005260 0.040881 0.074902 0.021619 0.081348
2 0.044921 0.005260 0.064183 0.011705 0.040881 0.081348 0.021619 0.074902
2 0.086019 0.028160 0.097524 0.044900 0.037003 0.086495 0.025497 0.069755
2 0.079038 0.044900 0.090543 0.028160 0.151065 0.069755 0.139560 0.086495
2 0.112379 0.011705 0.131642 0.005260 0.154944 0.074902 0.135681 0.081348
2 0.158983 0.005260 0.178246 0.011705 0.154944 0.081348 0.135681 0.074902
2 0.200082 0.028160 0.211587 0.044900 0.151065 0.086495 0.139560 0.069755
2 0.193101 0.044900 0.204606 0.028160 0.265128 0.069755 0.253622 0.086495
2 0.226442 0.011705 0.245704 0.005260 0.269006 0.074902 0.249744 0.081348
2 0.273046 0.005260 0.292308 0.011705 0.269006 0.081348 0.249744 0.074902
2 0.314144 0.028160 0.325649 0.044900 0.265128 0.086495 0.253622 0.069755
2 0.307163 0.044900 0.318668 0.028160 0.379190 0.069755 0.367685 0.086495
2 0.340504 0.011705 0.359767 0.005260 0.383069 0.074902 0.363806 0.081348
2 0.387108 0.005260 0.406371 0.011705 0.383069 0.081348 0.363806 0.074902
2 0.428207 0.028160 0.439712 0.044900 0.379190 0.086495 0.367685 0.069755
2 0.421226 0.044900 0.432731 0.028160 0.493253 0.069755 0.481747 0.086495
2 0.454567 0.011705 0.473829 0.005260 0.497131 0.074902 0.477869 0.081348
2 0.501171 0.005260 0.520433 0.011705 0.497131 0.081348 0.477869 0.074902
2 0.542269 0.028160 0.553774 0.044900 0.493253 0.086495 0.481747 0.069755
2 0.535288 0.044900 0.546793 0.028160 0.607315 0.069755 0.595810 0.086495
2 0.568629 0.011705 0.587892 0.005260 0.611194 0.074902 0.591931 0.081348
2 0.615233 0.005260 0.634496 0.011705 0.611194 0.081348 0.591931 0.074902
2 0.656332 0.028160 0.667837 0.044900 0.607315 0.086495 0.595810 0.069755
2 0.649351 0.044900 0.660856 0.028160 0.721378 0.069755 0.709872 0.086495
2 0.682692 0.011705 0.701954 0.005260 0.725256 0.074902 0.705994 0.081348
2 0.729296 0.005260 0.748558 0.011705 0.725256 0.081348 0.705994 0.074902
2 0.770394 0.028160 0.781899 0.044900 0.721378 0.086495 0.709872 0.069755
2 0.763413 0.044900 0.774918 0.028160 0.835440 0.069755 0.823935 0.086495
2 0.796754 0.011705 0.816017 0.005260 0.839319 0.074902 0.820056 0.081348
2 0.843358 0.005260 0.862621 0.011705 0.839319 0.081348 0.820056 0.074902
2 0.884457 0.028160 0.895962 0.044900 0.835440 0.086495 0.823935 0.069755
2 0.877476 0.044900 0.888981 0.028160 0.949503 0.069755 0.937997 0.086495
2 0.910817 0.011705 0.930079 0.005260 0.953381 0.074902 0.934119 0.081348
2 0.957421 0.005260 0.976683 0.011705 0.953381 0.081348 0.934119 0.074902
2 0.021226 0.123025 0.032731 0.106285 0.093253 0.147880 0.081747 0.164620
2 0.054567 0.089830 0.073829 0.083385 0.097131 0.153027 0.077869 0.159473
2 0.101171 0.083385 0.120433 0.089830 0.097131 0.159473 0.077869 0.153027
2 0.142269 0.106285 0.153774 0.123025 0.093253 0.164620 0.081747 0.147880
2 0.135288 0.123025 0.146793 0.106285 0.207315 0.147880 0.195810 0.164620
2 0.168629 0.089830 0.187892 0.083385 0.211194 0.153027 0.191931 0.159473
2 0.215233 0.083385 0.234496 0.089830 0.211194 0.159473 0.191931 0.153027
2 0.256332 0.106285 0.267837 0.123025 0.207315 0.164620 0.195810 0.147880
2 0.249351 0.123025 0.260856 0.106285 0.321378 0.147880 0.309872 0.164620
2 0.282692 0.089830 0.301954 0.083385 0.325256 0.153027 0.305994 0.159473
2 0.329296 0.083385 0.348558 0.089830 0.325256 0.159473 0.305994 0.153027
2 0.370394 0.106285 0.381899 0.123025 0.321378 0.164620 0.309872 0.147880
2 0.363413 0.123025 0.374918 0.106285 0.435440 0.147880 0.423935 0.164620
2 0.396754 0.089830 0.416017 0.083385 0.439319 0.153027 0.420056 0.159473
2 0.443358 0.083385 0.462621 0.089830 0.439319 0.159473 0.420056 0.153027
2 0.484457 0.106285 0.495962 0.123025 0.435440 0.164620 0.423935 0.147880
2 0.477476 0.123025 0.488981 0.106285 0.549503 0.147880 0.537997 0.164620
2 0.510817 0.089830 0.530079 0.083385 0.553381 0.153027 0.534119 0.159473
2 0.557421 0.083385 0.576683 0.089830 0.553381 0.159473 0.534119 0.153027
2 0.598519 0.106285 0.610024 0.123025 0.549503 0.164620 0.537997 0.147880
2 0.591538 0.123025 0.603043 0.106285 0.663565 0.147880 0.652060 0.164620
2 0.624879 0.089830 0.644142 0.083385 0.667444 0.153027 0.648181 0.159473
2 0.671483 0.083385 0.690746 0.089830 0.667444 0.159473 0.648181 0.153027
2 0.712582 0.106285 0.724087 0.123025 0.663565 0.164620 0.652060 0.147880
2 0.705601 0.123025 0.717106 0.106285 0.777628 0.147880 0.766122 0.164620
2 0.738942 0.089830 0.758204 0.083385 0.781506 0.153027 0.762244 0.159473
2 0.785546 0.083385 0.804808 0.089830 0.781506 0.159473 0.762244 0.153027
2 0.826644 0.106285 0.838149 0.123025 0.777628 0.164620 0.766122 0.147880
2 0.819663 0.123025 0.831168 0.106285 0.891690 0.147880 0.880185 0.164620
2 0.853004 0.089830 0.872267 0.083385 0.895569 0.153027 0.876306 0.159473
2 0.899608 0.083385 0.918871 0.089830 0.895569 0.159473 0.876306 0.153027
2 0.940707 0.106285 0.952212 0.123025 0.891690 0.164620 0.880185 0.147880
2 -0.001683 0.167955 0.017579 0.161510 0.040881 0.231152 0.021619 0.237598
2 0.044921 0.161510 0.064183 0.167955 0.040881 0.237598 0.021619 0.231152
2 0.086019 0.184410 0.097524 0.201150 0.037003 0.242745 0.025497 0.226005
2 0.079038 0.201150 0.090543 0.184410 0.151065 0.226005 0.139560 0.242745
2 0.112379 0.167955 0.131642 0.161510 0.154944 0.231152 0.135681 0.237598
2 0.158983 0.161510 0.178246 0.167955 0.154944 0.237598 0.135681 0.231152
2 0.200082 0.184410 0.211587 0.201150 0.151065 0.242745 0.139560 0.226005
2 0.193101 0.201150 0.204606 0.184410 0.265128 0.226005 0.253622 0.242745
2 0.226442 0.167955 0.245704 0.161510 0.269006 0.231152 0.249744 0.237598
2 0.273046 0.161510 0.292308 0.167955 0.269006 0.237598 0.249744 0.231152
2 0.314144 0.184410 0.325649 0.201150 0.265128 0.242745 0.253622 0.226005
2 0.307163 0.201150 0.318668 0.184410 0.379190 0.226005 0.367685 0.242745
2 0.340504 0.167955 0.359767 0.161510 0.383069 0.231152 0.363806 0.237598
2 0.387108 0.161510 0.406371 0.167955 0.383069 0.237598 0.363806 0.231152
2 0.428207 0.184410 0.439712 0.201150 0.379190 0.242745 0.367685 0.226005
2 0.421226 0.201150 0.432731 0.184410 0.493253 0.226005 0.481747 0.242745
2 0.454567 0.167955 0.473829 0.161510 0.497131 0.231152 0.477869 0.237598
2 0.501171 0.161510 0.520433 0.167955 0.497131 0.237598 0.477869 0.231152
2 0.542269 0.184410 0.553774 0.201150 0.493253 0.242745 0.481747 0.226005
2 0.535288 0.201150 0.546793 0.184410 0.607315 0.226005 0.595810 0.242745
2 0.568629 0.167955 0.587892 0.161510 0.611194 0.231152 0.591931 0.237598
2 0.615233 0.161510 0.634496 0.167955 0.611194 0.237598 0.591931 0.231152
2 0.656332 0.184410 0.667837 0.201150 0.607315 0.242745 0.595810 0.226005
2 0.649351 0.201150 0.660856 0.184410 0.721378 0.226005 0.709872 0.242745
2 0.682692 0.167955 0.701954 0.161510 0.725256 0.231152 0.705994 0.237598
2 0.729296 0.161510 0.748558 0.167955 0.725256 0.237598 0.705994 0.231152
2 0.770394 0.184410 0.781899 0.201150 0.721378 0.242745 0.709872 0.226005
2 0.763413 0.201150 0.774918 0.184410 0.835440 0.226005 0.823935 0.242745
2 0.796754 0.167955 0.816017 0.161510 0.839319 0.231152 0.820056 0.237598
2 0.843358 0.161510 0.862621 0.167955 0.839319 0.237598 0.820056 0.231152
2 0.884457 0.184410 0.895962 0.201150 0.835440 0.242745 0.823935 0.226005
2 0.877476 0.201150 0.888981 0.184410 0.949503 0.226005 0.937997 0.242745
2 0.910817 0.167955 0.930079 0.161510 0.953381 0.231152 0.934119 0.237598
2 0.957421 0.161510 0.976683 0.167955 0.953381 0.237598 0.934119 0.231152
2 0.021226 0.279275 0.032731 0.262535 0.093253 0.304130 0.081747 0.320870
2 0.054567 0.246080 0.073829 0.239635 0.097131 0.309277 0.077869 0.315723
2 0.101171 0.239635 0.120433 0.246080 0.097131 0.315723 0.077869 0.309277
2 0.142269 0.262535 0.153774 0.279275 0.093253 0.320870 0.081747 0.304130
2 0.135288 0.279275 0.146793 0.262535 0.207315 0.304130 0.195810 0.320870
2 0.168629 0.246080 0.187892 0.239635 0.211194 0.309277 0.191931 0.315723
2 0.215233 0.239635 0.234496 0.246080 0.211194 0.315723 0.191931 0.309277
2 0.256332 0.262535 0.267837 0.279275 0.207315 0.320870 0.195810 0.304130
2 0.249351 0.279275 0.260856 0.262535 0.321378 0.304130 0.309872 0.320870
2 0.282692 0.246080 0.301954 0.239635 0.325256 0.309277 0.305994 0.315723
2 0.329296 0.239635 0.348558 0.246080 0.325256 0.315723 0.305994 0.309277
2 0.370394 0.262535 0.381899 0.279275 0.321378 0.320870 0.309872 0.304130
2 0.363413 0.279275 0.374918 0.262535 0.435440 0.304130 0.423935 0.320870
2 0.396754 0.246080 0.416017 0.239635 0.439319 0.309277 0.420056 0.315723
2 0.443358 0.239635 0.462621 0.246080 0.439319 0.315723 0.420056 0.309277
2 0.484457 0.262535 0.495962 0.279275 0.435440 0.320870 0.423935 0.304130
2 0.477476 0.279275 0.488981 0.262535 0.549503 0.304130 0.537997 0.320870
2 0.510817 0.246080 0.530079 0.239635 0.553381 0.309277 0.534119 0.315723
2 0.557421 0.239635 0.576683 0.246080 0.553381 0.315723 0.534119 0.309277
2 0.598519 0.262535 0.610024 0.279275 0.549503 0.320870 0.537997 0.304130
2 0.591538 0.279275 0.603043 0.262535 0.663565 0.304130 0.652060 0.320870
2 0.624879 0.246080 0.644142 0.239635 0.667444 0.309277 0.648181 0.315723
2 0.671483 0.239635 0.690746 0.246080 0.667444 0.315723 0.648181 0.309277
2 0.712582 0.262535 0.724087 0.279275 0.663565 0.320870 0.652060 0.304130
2 0.705601 0.279275 0.717106 0.262535 0.777628 0.304130 0.766122 0.320870
2 0.738942 0.246080 0.758204 0.239635 0.781506 0.309277 0.762244 0.315723
2 0.785546 0.239635 0.804808 0.246080 0.781506 0.315723 0.762244 0.309277
2 0.826644 0.262535 0.838149 0.279275 0.777628 0.320870 0.766122 0.304130
2 0.819663 0.279275 0.831168 0.262535 0.891690 0.304130 0.880185 0.320870
2 0.853004 0.246080 0.872267 0.239635 0.895569 0.309277 0.876306 0.315723
2 0.899608 0.239635 0.918871 0.246080 0.895569 0.315723 0.876306 0.309277
2 0.940707 0.262535 0.952212 0.279275 0.891690 0.320870 0.880185 0.304130
2 -0.001683 0.324205 0.017579 0.317760 0.040881 0.387402 0.021619 0.393848
2 0.044921 0.317760 0.064183 0.324205 0.040881 0.393848 0.021619 0.387402
2 0.086019 0.340660 0.097524 0.357400 0.037003 0.398995 0.025497 0.382255
2 0.079038 0.357400 0.090543 0.340660 0.151065 0.382255 0.139560 0.398995
2 0.112379 0.324205 0.131642 0.317760 0.154944 0.387402 0.135681 0.393848
2 0.158983 0.317760 0.178246 0.324205 0.154944 0.393848 0.135681 0.387402
2 0.200082 0.340660 0.211587 0.357400 0.151065 0.398995 0.139560 0.382255
2 0.193101 0.357400 0.204606 0.340660 0.265128 0.382255 0.253622 0.398995
2 0.226442 0.324205 0.245704 0.317760 0.269006 0.387402 0.249744 0.393848
2 0.273046 0.317760 0.292308 0.324205 0.269006 0.393848 0.249744 0.387402
2 0.314144 0.340660 0.325649 0.357400 0.265128 0.398995 0.253622 0.382255
2 0.307163 0.357400 0.318668 0.340660 0.379190 0.382255 0.367685 0.398995
2 0.340504 0.324205 0.359767 0.317760 0.383069 0.387402 0.363806 0.393848
2 0.387108 0.317760 0.406371 0.324205 0.383069 0.393848 0.363806 0.387402
2 0.428207 0.340660 0.439712 0.357400 0.379190 0.398995 0.367685 0.382255
2 0.421226 0.357400 0.432731 0.340660 0.493253 0.382255 0.481747 0.398995
2 0.454567 0.324205 0.473829 0.317760 0.497131 0.387402 0.477869 0.393848
2 0.501171 0.317760 0.520433 0.324205 0.497131 0.393848 0.477869 0.387402
2 0.542269 0.340660 0.553774 0.357400 0.493253 0.398995 0.481747 0.382255
2 0.535288 0.357400 0.546793 0.340660 0.607315 0.382255 0.595810 0.398995
2 0.568629 0.324205 0.587892 0.317760 0.611194 0.387402 0.591931 0.393848
2 0.615233 0.317760 0.634496 0.324205 0.611194 0.393848 0.591931 0.387402
2 0.656332 0.340660 0.667837 0.357400 0.607315 0.398995 0.595810 0.382255
2 0.649351 0.357400 0.660856 0.340660 0.721378 0.382255 0.709872 0.398995
2 0.682692 0.324205 0.701954 0.317760 0.725256 0.387402 0.705994 0.393848
2 0.729296 0.317760 0.748558 0.324205 0.725256 0.393848 0.705994 0.387402
2 0.770394 0.340660 0.781899 0.357400 0.721378 0.398995 0.709872 0.382255
2 0.763413 0.357400 0.774918 0.340660 0.835440 0.382255 0.823935 0.398995
2 0.796754 0.324205 0.816017 0.317760 0.839319 0.387402 0.820056 0.393848
2 0.843358 0.317760 0.862621 0.324205 0.839319 0.393848 0.820056 0.387402
2 0.884457 0.340660 0.895962 0.357400 0.835440 0.398995 0.823935 0.382255
2 0.877476 0.357400 0.888981 0.340660 0.949503 0.382255 0.937997 0.398995
2 0.910817 0.324205 0.930079 0.317760 0.953381 0.387402 0.934119 0.393848
2 0.957421 0.317760 0.976683 0.324205 0.953381 0.393848 0.934119 0.387402
2 0.021226 0.435525 0.032731 0.418785 0.093253 0.460380 0.081747 0.477120
2 0.054567 0.402330 0.073829 0.395885 0.097131 0.465527 0.077869 0.471973
2 0.101171 0.395885 0.120433 0.402330 0.097131 0.471973 0.077869 0.465527
2 0.142269 0.418785 0.153774 0.435525 0.093253 0.477120 0.081747 0.460380
2 0.135288 0.435525 0.146793 0.418785 0.207315 0.460380 0.195810 0.477120
2 0.168629 0.402330 0.187892 0.395885 0.211194 0.465527 0.191931 0.471973
2 0.215233 0.395885 0.234496 0.402330 0.211194 0.471973 0.191931 0.465527
2 0.256332 0.418785 0.267837 0.435525 0.207315 0.477120 0.195810 0.460380
2 0.249351 0.435525 0.260856 0.418785 0.321378 0.460380 0.309872 0.477120
2 0.282692 0.402330 0.301954 0.395885 0.325256 0.465527 0.305994 0.471973
2 0.329296 0.395885 0.348558 0.402330 0.325256 0.471973 0.305994 0.465527
2 0.370394 0.418785 0.381899 0.435525 0.321378 0.477120 0.309872 0.460380
2 0.363413 0.435525 0.374918 0.418785 0.435440 0.460380 0.423935 0.477120
2 0.396754 0.402330 0.416017 0.395885 0.439319 0.465527 0.420056 0.471973
2 0.443358 0.395885 0.462621 0.402330 0.439319 0.471973 0.420056 0.465527
2 0.484457 0.418785 0.495962 0.435525 0.435440 0.477120 0.423935 0.460380
2 0.477476 0.435525 0.488981 0.418785 0.549503 0.460380 0.537997 0.477120
2 0.510817 0.402330 0.530079 0.395885 0.553381 0.465527 0.534119 0.471973
2 0.557421 0.395885 0.576683 0.402330 0.553381 0.471973 0.534119 0.465527
2 0.598519 0.418785 0.610024 0.435525 0.549503 0.477120 0.537997 0.460380
2 0.591538 0.435525 0.603043 0.418785 0.663565 0.460380 0.652060 0.477120
2 0.624879 0.402330 0.644142 0.395885 0.667444 0.465527 0.648181 0.471973
2 0.671483 0.395885 0.690746 0.402330 0.667444 0.471973 0.648181 0.465527
2 0.712582 0.418785 0.724087 0.435525 0.663565 0.477120 0.652060 0.460380
2 0.705601 0.435525 0.717106 0.418785 0.777628 0.460380 0.766122 0.477120
2 0.738942 0.402330 0.758204 0.395885 0.781506 0.465527 0.762244 0.471973
2 0.785546 0.395885 0.804808 0.402330 0.781506 0.471973 0.762244 0.465527
2 0.826644 0.418785 0.838149 0.435525 0.777628 0.477120 0.766122 0.460380
2 0.819663 0.435525 0.831168 0.418785 0.891690 0.460380 0.880185 0.477120
2 0.853004 0.402330 0.872267 0.395885 0.895569 0.465527 0.876306 0.471973
2 0.899608 0.395885 0.918871 0.402330 0.895569 0.471973 0.876306 0.465527
2 0.940707 0.418785 0.952212 0.435525 0.891690 0.477120 0.880185 0.460380
2 -0.001683 0.480455 0.017579 0.474010 0.040881 0.543652 0.021619 0.550098
2 0.044921 0.474010 0.064183 0.480455 0.040881 0.550098 0.021619 0.543652
2 0.086019 0.496910 0.097524 0.513650 0.037003 0.555245 0.025497 0.538505
2 0.079038 0.513650 0.090543 0.496910 0.151065 0.538505 0.139560 0.555245
2 0.112379 0.480455 0.131642 0.474010 0.154944 0.543652 0.135681 0.550098
2 0.158983 0.474010 0.178246 0.480455 0.154944 0.550098 0.135681 0.543652
2 0.200082 0.496910 0.211587 0.513650 0.151065 0.555245 0.139560 0.538505
2 0.193101 0.513650 0.204606 0.496910 0.265128 0.538505 0.253622 0.555245
2 0.226442 0.480455 0.245704 0.474010 0.269006 0.543652 0.249744 0.550098
2 0.273046 0.474010 0.292308 0.480455 0.269006 0.550098 0.249744 0.543652
2 0.314144 0.496910 0.325649 0.513650 0.265128 0.555245 0.253622 0.538505
2 0.307163 0.513650 0.318668 0.496910 0.379190 0.538505 0.367685 0.555245
2 0.340504 0.480455 0.359767 0.474010 0.383069 0.543652 0.363806 0.550098
2 0.387108 0.474010 0.406371 0.480455 0.383069 0.550098 0.363806 0.543652
2 0.428207 0.496910 0.439712 0.513650 0.379190 0.555245 0.367685 0.538505
2 0.421226 0.513650 0.432731 0.496910 0.493253 0.538505 0.481747 0.555245
2 0.454567 0.480455 0.473829 0.474010 0.497131 0.543652 0.477869 0.550098
2 0.501171 0.474010 0.520433 0.480455 0.497131 0.550098 0.477869 0.543652
2 0.542269 0.496910 0.553774 0.513650 0.493253 0.555245 0.481747 0.538505
2 0.535288 0.513650 0.546793 0.496910 0.607315 0.538505 0.595810 0.555245
2 0.568629 0.480455 0.587892 0.474010 0.611194 0.543652 0.591931 0.550098
2 0.615233 0.474010 0.634496 0.480455 0.611194 0.550098 0.591931 0.543652
2 0.656332 0.496910 0.667837 0.513650 0.607315 0.555245 0.595810 0.538505
2 0.649351 0.513650 0.660856 0.496910 0.721378 0.538505 0.709872 0.555245
2 0.682692 0.480455 0.701954 0.474010 0.725256 0.543652 0.705994 0.550098
2 0.729296 0.474010 0.748558 0.480455 0.725256 0.550098 0.705994 0.543652
2 0.770394 0.496910 0.781899 0.513650 0.721378 0.555245 0.709872 0.538505
2 0.763413 0.513650 0.774918 0.496910 0.835440 0.538505 0.823935 0.555245
2 0.796754 0.480455 0.816017 0.474010 0.839319 0.543652 0.820056 0.550098
2 0.843358 0.474010 0.862621 0.480455 0.839319 0.550098 0.820056 0.543652
2 0.884457 0.496910 0.895962 0.513650 0.835440 0.555245 0.823935 0.538505
2 0.877476 0.513650 0.888981 0.496910 0.949503 0.538505 0.937997 0.555245
2 0.910817 0.480455 0.930079 0.474010 0.953381 0.543652 0.934119 0.550098
2 0.957421 0.474010 0.976683 0.480455 0.953381 0.550098 0.934119 0.543652
2 0.021226 0.591775 0.032731 0.575035 0.093253 0.616630 0.081747 0.633370
2 0.054567 0.558580 0.073829 0.552135 0.097131 0.621777 0.077869 0.628223
2 0.101171 0.552135 0.120433 0.558580 0.097131 0.628223 0.077869 0.621777
2 0.142269 0.575035 0.153774 0.591775 0.093253 0.633370 0.081747 0.616630
2 0.135288 0.591775 0.146793 0.575035 0.207315 0.616630 0.195810 0.633370
2 0.168629 0.558580 0.187892 0.552135 0.211194 0.621777 0.191931 0.628223
2 0.215233 0.552135 0.234496 0.558580 0.211194 0.628223 0.191931 0.621777
2 0.256332 0.575035 0.267837 0.591775 0.207315 0.633370 0.195810 0.616630
2 0.249351 0.591775 0.260856 0.575035 0.321378 0.616630 0.309872 0.633370
2 0.282692 0.558580 0.301954 0.552135 0.325256 0.621777 0.305994 0.628223
2 0.329296 0.552135 0.348558 0.558580 0.325256 0.628223 0.305994 0.621777
2 0.370394 0.575035 0.381899 0.591775 0.321378 0.633370 0.309872 0.616630
2 0.363413 0.591775 0.374918 0.575035 0.435440 0.616630 0.423935 0.633370
2 0.396754 0.558580 0.416017 0.552135 0.439319 0.621777 0.420056 0.628223
2 0.443358 0.552135 0.462621 0.558580 0.439319 0.628223 0.420056 0.621777
2 0.484457 0.575035 0.495962 0.591775 0.435440 0.633370 0.423935 0.616630
2 0.477476 0.591775 0.488981 0.575035 0.549503 0.616630 0.537997 0.633370
2 0.510817 0.558580 0.530079 0.552135 0.553381 0.621777 0.534119 0.628223
2 0.557421 0.552135 0.576683 0.558580 0.553381 0.628223 0.534119 0.621777
2 0.598519 0.575035 0.610024 0.591775 0.549503 0.633370 0.537997 0.616630
2 0.591538 0.591775 0.603043 0.575035 0.663565 0.616630 0.652060 0.633370
2 0.624879 0.558580 0.644142 0.552135 0.667444 0.621777 0.648181 0.628223
2 0.671483 0.552135 0.690746 0.558580 0.667444 0.628223 0.648181 0.621777
2 0.712582 0.575035 0.724087 0.591775 0.663565 0.633370 0.652060 0.616630
2 0.705601 0.591775 0.717106 0.575035 0.777628 0.616630 0.766122 0.633370
2 0.738942 0.558580 0.758204 0.552135 0.781506 0.621777 0.762244 0.628223
2 0.785546 0.552135 0.804808 0.558580 0.781506 0.628223 0.762244 0.621777
2 0.826644 0.575035 0.838149 0.591775 0.777628 0.633370 0.766122 0.616630
2 0.819663 0.591775 0.831168 0.575035 0.891690 0.616630 0.880185 0.633370
2 0.853004 0.558580 0.872267 0.552135 0.895569 0.621777 0.876306 0.628223
2 0.899608 0.552135 0.918871 0.558580 0.895569 0.628223 0.876306 0.621777
2 0.940707 0.575035 0.952212 0.591775 0.891690 0.633370 0.880185 0.616630
2 -0.001683 0.636705 0.017579 0.630260 0.040881 0.699902 0.021619 0.706348
2 0.044921 0.630260 0.064183 0.636705 0.040881 0.706348 0.021619 0.699902
2 0.086019 0.653160 0.097524 0.669900 0.037003 0.711495 0.025497 0.694755
2 0.079038 0.669900 0.090543 0.653160 0.151065 0.694755 0.139560 0.711495
2 0.112379 0.636705 0.131642 0.630260 0.154944 0.699902 0.135681 0.706348
2 0.158983 0.630260 0.178246 0.636705 0.154944 0.706348 0.135681 0.699902
2 0.200082 0.653160 0.211587 0.669900 0.151065 0.711495 0.139560 0.694755
2 0.193101 0.669900 0.204606 0.653160 0.265128 0.694755 0.253622 0.711495
2 0.226442 0.636705 0.245704 0.630260 0.269006 0.699902 0.249744 0.706348
2 0.273046 0.630260 0.292308 0.636705 0.269006 0.706348 0.249744 0.699902
2 0.314144 0.653160 0.325649 0.669900 0.265128 0.711495 0.253622 0.694755
2 0.307163 0.669900 0.318668 0.653160 0.379190 0.694755 0.367685 0.711495
2 0.340504 0.636705 0.359767 0.630260 0.383069 0.699902 0.363806 0.706348
2 0.387108 0.630260 0.406371 0.636705 0.383069 0.706348 0.363806 0.699902
2 0.428207 0.653160 0.439712 0.669900 0.379190 0.711495 0.367685 0.694755
2 0.421226 0.669900 0.432731 0.653160 0.493253 0.694755 0.481747 0.711495
2 0.454567 0.636705 0.473829 0.630260 0.497131 0.699902 0.477869 0.706348
2 0.501171 0.630260 0.520433 0.636705 0.497131 0.706348 0.477869 0.699902
2 0.542269 0.653160 0.553774 0.669900 0.493253 0.711495 0.481747 0.694755
2 0.535288 0.669900 0.546793 0.653160 0.607315 0.694755 0.595810 0.711495
2 0.568629 0.636705 0.587892 0.630260 0.611194 0.699902 0.591931 0.706348
2 0.615233 0.630260 0.634496 0.636705 0.611194 0.706348 0.591931 0.699902
2 0.656332 0.653160 0.667837 0.669900 0.607315 0.711495 0.595810 0.694755
2 0.649351 0.669900 0.660856 0.653160 0.721378 0.694755 0.709872 0.711495
2 0.682692 0.636705 0.701954 0.630260 0.725256 0.699902 0.705994 0.706348
2 0.729296 0.630260 0.748558 0.636705 0.725256 0.706348 0.705994 0.699902
2 0.770394 0.653160 0.781899 0.669900 0.721378 0.711495 0.709872 0.694755
2 0.763413 0.669900 0.774918 0.653160 0.835440 0.694755 0.823935 0.711495
2 0.796754 0.636705 0.816017 0.630260 0.839319 0.699902 0.820056 0.706348
2 0.843358 0.630260 0.862621 0.636705 0.839319 0.706348 0.820056 0.699902
2 0.884457 0.653160 0.895962 0.669900 0.835440 0.711495 0.823935 0.694755
2 0.877476 0.669900 0.888981 0.653160 0.949503 0.694755 0.937997 0.711495
2 0.910817 0.636705 0.930079 0.630260 0.953381 0.699902 0.934119 0.706348
2 0.957421 0.630260 0.976683 0.636705 0.953381 0.706348 0.934119 0.699902
2 0.021226 0.748025 0.032731 0.731285 0.093253 0.772880 0.081747 0.789620
2 0.054567 0.714830 0.073829 0.708385 0.097131 0.778027 0.077869 0.784473
2 0.101171 0.708385 0.120433 0.714830 0.097131 0.784473 0.077869 0.778027
2 0.142269 0.731285 0.153774 0.748025 0.093253 0.789620 0.081747 0.772880
2 0.135288 0.748025 0.146793 0.731285 0.207315 0.772880 0.195810 0.789620
2 0.168629 0.714830 0.187892 0.708385 0.211194 0.778027 0.191931 0.784473
2 0.215233 0.708385 0.234496 0.714830 0.211194 0.784473 0.191931 0.778027
2 0.256332 0.731285 0.267837 0.748025 0.207315 0.789620 0.195810 0.772880
2 0.249351 0.748025 0.260856 0.731285 0.321378 0.772880 0.309872 0.789620
2 0.282692 0.714830 0.301954 0.708385 0.325256 0.778027 0.305994 0.784473
2 0.329296 0.708385 0.348558 0.714830 0.325256 0.784473 0.305994 0.778027
2 0.370394 0.731285 0.381899 0.748025 0.321378 0.789620 0.309872 0.772880
2 0.363413 0.748025 0.374918 0.731285 0.435440 0.772880 0.423935 0.789620
2 0.396754 0.714830 0.416017 0.708385 0.439319 0.778027 0.420056 0.784473
2 0.443358 0.708385 0.462621 0.714830 0.439319 0.784473 0.420056 0.778027
2 0.484457 0.731285 0.495962 0.748025 0.435440 0.789620 0.423935 0.772880
2 0.477476 0.748025 0.488981 0.731285 0.549503 0.772880 0.537997 0.789620
2 0.510817 0.714830 0.530079 0.708385 0.553381 0.778027 0.534119 0.784473
2 0.557421 0.708385 0.576683 0.714830 0.553381 0.784473 0.534119 0.778027
2 0.598519 0.731285 0.610024 0.748025 0.549503 0.789620 0.537997 0.772880
2 0.591538 0.748025 0.603043 0.731285 0.663565 0.772880 0.652060 0.789620
2 0.624879 0.714830 0.644142 0.708385 0.667444 0.778027 0.648181 0.784473
2 0.671483 0.708385 0.690746 0.714830 0.667444 0.784473 0.648181 0.778027
2 0.712582 0.731285 0.724087 0.748025 0.663565 0.789620 0.652060 0.772880
2 0.705601 0.748025 0.717106 0.731285 0.777628 0.772880 0.766122 0.789620
2 0.738942 0.714830 0.758204 0.708385 0.781506 0.778027 0.762244 0.784473
2 0.785546 0.708385 0.804808 0.714830 0.781506 0.784473 0.762244 0.778027
2 0.826644 0.731285 0.838149 0.748025 0.777628 0.789620 0.766122 0.772880
2 0.819663 0.748025 0.831168 0.731285 0.891690 0.772880 0.880185 0.789620
2 0.853004 0.714830 0.872267 0.708385 0.895569 0.778027 0.876306 0.784473
2 0.899608 0.708385 0.918871 0.714830 0.895569 0.784473 0.876306 0.778027
2 0.940707 0.731285 0.952212 0.748025 0.891690 0.789620 0.880185 0.772880