4 0.002108 0.131078 0.086204 0.054019 0.292048 0.278658 0.207952 0.355717
4 0.055196 0.076068 0.155594 0.021934 0.300199 0.290120 0.199801 0.344255
4 0.120133 0.035724 0.230727 0.007808 0.305297 0.303229 0.194703 0.331146
4 0.192969 0.012500 0.307031 0.012500 0.307031 0.317188 0.192969 0.317188
4 0.269273 0.007808 0.379867 0.035724 0.305297 0.331146 0.194703 0.303229
4 0.344406 0.021934 0.444804 0.076068 0.300199 0.344255 0.199801 0.290120
4 0.413796 0.054019 0.497892 0.131078 0.292048 0.355717 0.207952 0.278658
4 0.392733 0.131078 0.476829 0.054019 0.682673 0.278658 0.598577 0.355717
4 0.445821 0.076068 0.546219 0.021934 0.690824 0.290120 0.590426 0.344255
4 0.510758 0.035724 0.621352 0.007808 0.695922 0.303229 0.585328 0.331146
4 0.583594 0.012500 0.697656 0.012500 0.697656 0.317188 0.583594 0.317188
4 0.659898 0.007808 0.770492 0.035724 0.695922 0.331146 0.585328 0.303229
4 0.735031 0.021934 0.835429 0.076068 0.690824 0.344255 0.590426 0.290120
4 0.804421 0.054019 0.888517 0.131078 0.682673 0.355717 0.598577 0.278658
4 0.073961 0.281246 0.184555 0.309162 0.109984 0.604583 -0.000609 0.576667
4 0.149093 0.295372 0.249491 0.349506 0.104886 0.617692 0.004489 0.563558
4 0.218484 0.327456 0.302579 0.404516 0.096735 0.629155 0.012640 0.552095
4 0.197421 0.404516 0.281516 0.327456 0.487360 0.552095 0.403265 0.629155
4 0.250509 0.349506 0.350907 0.295372 0.495511 0.563558 0.395114 0.617692
4 0.315445 0.309162 0.426039 0.281246 0.500609 0.576667 0.390016 0.604583
4 0.388281 0.285938 0.502344 0.285938 0.502344 0.590625 0.388281 0.590625
4 0.464586 0.281246 0.575180 0.309162 0.500609 0.604583 0.390016 0.576667
4 0.539718 0.295372 0.640116 0.349506 0.495511 0.617692 0.395114 0.563558
4 0.609109 0.327456 0.693204 0.404516 0.487360 0.629155 0.403265 0.552095
4 0.588046 0.404516 0.672141 0.327456 0.877985 0.552095 0.793890 0.629155
4 0.641134 0.349506 0.741532 0.295372 0.886136 0.563558 0.785739 0.617692
4 0.706070 0.309162 0.816664 0.281246 0.891234 0.576667 0.780641 0.604583
4 0.778906 0.285938 0.892969 0.285938 0.892969 0.590625 0.778906 0.590625
4 0.855211 0.281246 0.965805 0.309162 0.891234 0.604583 0.780641 0.576667