0 0.188281 0.058594 0.342969 0.058594 0.342969 0.119531 0.188281 0.119531
0 0.402344 0.058594 0.557031 0.058594 0.557031 0.119531 0.402344 0.119531
0 0.616406 0.058594 0.771094 0.058594 0.771094 0.119531 0.616406 0.119531
0 0.830469 0.058594 0.985156 0.058594 0.985156 0.119531 0.830469 0.119531
3 0.008320 0.148153 0.081473 0.082286 0.194389 0.207691 0.121236 0.273559
3 0.030813 0.119093 0.116062 0.069874 0.200437 0.216016 0.115188 0.265234
3 0.058856 0.095344 0.152476 0.064925 0.204622 0.225416 0.111003 0.255834
3 0.091224 0.077944 0.189122 0.067655 0.206762 0.235480 0.108863 0.245770
3 0.126503 0.067655 0.224401 0.077944 0.206762 0.245770 0.108863 0.235480
3 0.163149 0.064925 0.256769 0.095344 0.204622 0.255834 0.111003 0.225416
3 0.199563 0.069874 0.284812 0.119093 0.200437 0.265234 0.115188 0.216016
3 0.234152 0.082286 0.307305 0.148153 0.194389 0.273559 0.121236 0.207691
0 0.080469 0.210156 0.235156 0.210156 0.235156 0.271094 0.080469 0.271094
3 0.222383 0.148153 0.295536 0.082286 0.408452 0.207691 0.335298 0.273559
3 0.244875 0.119093 0.330125 0.069874 0.414500 0.216016 0.329250 0.265234
3 0.272919 0.095344 0.366538 0.064925 0.418685 0.225416 0.325065 0.255834
3 0.305287 0.077944 0.403185 0.067655 0.420824 0.235480 0.322926 0.245770
3 0.340565 0.067655 0.438463 0.077944 0.420824 0.245770 0.322926 0.235480
3 0.377212 0.064925 0.470831 0.095344 0.418685 0.255834 0.325065 0.225416
3 0.413625 0.069874 0.498875 0.119093 0.414500 0.265234 0.329250 0.216016
3 0.448214 0.082286 0.521367 0.148153 0.408452 0.273559 0.335298 0.207691
0 0.294531 0.210156 0.449219 0.210156 0.449219 0.271094 0.294531 0.271094
3 0.436445 0.148153 0.509598 0.082286 0.622514 0.207691 0.549361 0.273559
3 0.458938 0.119093 0.544187 0.069874 0.628562 0.216016 0.543313 0.265234
3 0.486981 0.095344 0.580601 0.064925 0.632747 0.225416 0.539128 0.255834
3 0.519349 0.077944 0.617247 0.067655 0.634887 0.235480 0.536988 0.245770
3 0.554628 0.067655 0.652526 0.077944 0.634887 0.245770 0.536988 0.235480
3 0.591274 0.064925 0.684894 0.095344 0.632747 0.255834 0.539128 0.225416
3 0.627688 0.069874 0.712937 0.119093 0.628562 0.265234 0.543313 0.216016
3 0.662277 0.082286 0.735430 0.148153 0.622514 0.273559 0.549361 0.207691
0 0.508594 0.210156 0.663281 0.210156 0.663281 0.271094 0.508594 0.271094
3 0.650508 0.148153 0.723661 0.082286 0.836577 0.207691 0.763423 0.273559
3 0.673000 0.119093 0.758250 0.069874 0.842625 0.216016 0.757375 0.265234
3 0.701044 0.095344 0.794663 0.064925 0.846810 0.225416 0.753190 0.255834
3 0.733412 0.077944 0.831310 0.067655 0.848949 0.235480 0.751051 0.245770
3 0.768690 0.067655 0.866588 0.077944 0.848949 0.245770 0.751051 0.235480
3 0.805337 0.064925 0.898956 0.095344 0.846810 0.255834 0.753190 0.225416
3 0.841750 0.069874 0.927000 0.119093 0.842625 0.265234 0.757375 0.216016
3 0.876339 0.082286 0.949492 0.148153 0.836577 0.273559 0.763423 0.207691
0 0.722656 0.210156 0.877344 0.210156 0.877344 0.271094 0.722656 0.271094
3 0.020253 0.219217 0.118151 0.229507 0.100512 0.397332 0.002613 0.387043
3 0.056899 0.216487 0.150519 0.246906 0.098372 0.407397 0.004753 0.376978
3 0.093313 0.221436 0.178562 0.270655 0.094187 0.416797 0.008938 0.367578
3 0.127902 0.233848 0.201055 0.299716 0.088139 0.425121 0.014986 0.359254
3 0.116133 0.299716 0.189286 0.233848 0.302202 0.359254 0.229048 0.425121
3 0.138625 0.270655 0.223875 0.221436 0.308250 0.367578 0.223000 0.416797
3 0.166669 0.246906 0.260288 0.216487 0.312435 0.376978 0.218815 0.407397
3 0.199037 0.229507 0.296935 0.219217 0.314574 0.387043 0.216676 0.397332
3 0.234315 0.219217 0.332213 0.229507 0.314574 0.397332 0.216676 0.387043
3 0.270962 0.216487 0.364581 0.246906 0.312435 0.407397 0.218815 0.376978
3 0.307375 0.221436 0.392625 0.270655 0.308250 0.416797 0.223000 0.367578
3 0.341964 0.233848 0.415117 0.299716 0.302202 0.425121 0.229048 0.359254
0 0.188281 0.361719 0.342969 0.361719 0.342969 0.422656 0.188281 0.422656
3 0.330195 0.299716 0.403348 0.233848 0.516264 0.359254 0.443111 0.425121
3 0.352688 0.270655 0.437937 0.221436 0.522312 0.367578 0.437063 0.416797
3 0.380731 0.246906 0.474351 0.216487 0.526497 0.376978 0.432878 0.407397
3 0.413099 0.229507 0.510997 0.219217 0.528637 0.387043 0.430738 0.397332
3 0.448378 0.219217 0.546276 0.229507 0.528637 0.397332 0.430738 0.387043
3 0.485024 0.216487 0.578644 0.246906 0.526497 0.407397 0.432878 0.376978
3 0.521438 0.221436 0.606687 0.270655 0.522312 0.416797 0.437063 0.367578
3 0.556027 0.233848 0.629180 0.299716 0.516264 0.425121 0.443111 0.359254
0 0.402344 0.361719 0.557031 0.361719 0.557031 0.422656 0.402344 0.422656
3 0.544258 0.299716 0.617411 0.233848 0.730327 0.359254 0.657173 0.425121
3 0.566750 0.270655 0.652000 0.221436 0.736375 0.367578 0.651125 0.416797
3 0.594794 0.246906 0.688413 0.216487 0.740560 0.376978 0.646940 0.407397
3 0.627162 0.229507 0.725060 0.219217 0.742699 0.387043 0.644801 0.397332
3 0.662440 0.219217 0.760338 0.229507 0.742699 0.397332 0.644801 0.387043
3 0.699087 0.216487 0.792706 0.246906 0.740560 0.407397 0.646940 0.376978
3 0.735500 0.221436 0.820750 0.270655 0.736375 0.416797 0.651125 0.367578
3 0.770089 0.233848 0.843242 0.299716 0.730327 0.425121 0.657173 0.359254
0 0.616406 0.361719 0.771094 0.361719 0.771094 0.422656 0.616406 0.422656
3 0.758320 0.299716 0.831473 0.233848 0.944389 0.359254 0.871236 0.425121
3 0.780813 0.270655 0.866062 0.221436 0.950437 0.367578 0.865188 0.416797
3 0.808856 0.246906 0.902476 0.216487 0.954622 0.376978 0.861003 0.407397
3 0.841224 0.229507 0.939122 0.219217 0.956762 0.387043 0.858863 0.397332
3 0.876503 0.219217 0.974401 0.229507 0.956762 0.397332 0.858863 0.387043
0 0.830469 0.361719 0.985156 0.361719 0.985156 0.422656 0.830469 0.422656
3 0.008320 0.451278 0.081473 0.385411 0.194389 0.510816 0.121236 0.576684
3 0.030813 0.422218 0.116062 0.372999 0.200437 0.519141 0.115188 0.568359
3 0.058856 0.398469 0.152476 0.368050 0.204622 0.528541 0.111003 0.558959
3 0.091224 0.381069 0.189122 0.370780 0.206762 0.538605 0.108863 0.548895
3 0.126503 0.370780 0.224401 0.381069 0.206762 0.548895 0.108863 0.538605
3 0.163149 0.368050 0.256769 0.398469 0.204622 0.558959 0.111003 0.528541
3 0.199563 0.372999 0.284812 0.422218 0.200437 0.568359 0.115188 0.519141
3 0.234152 0.385411 0.307305 0.451278 0.194389 0.576684 0.121236 0.510816
0 0.080469 0.513281 0.235156 0.513281 0.235156 0.574219 0.080469 0.574219
3 0.222383 0.451278 0.295536 0.385411 0.408452 0.510816 0.335298 0.576684
3 0.244875 0.422218 0.330125 0.372999 0.414500 0.519141 0.329250 0.568359
3 0.272919 0.398469 0.366538 0.368050 0.418685 0.528541 0.325065 0.558959
3 0.305287 0.381069 0.403185 0.370780 0.420824 0.538605 0.322926 0.548895
3 0.340565 0.370780 0.438463 0.381069 0.420824 0.548895 0.322926 0.538605
3 0.377212 0.368050 0.470831 0.398469 0.418685 0.558959 0.325065 0.528541
3 0.413625 0.372999 0.498875 0.422218 0.414500 0.568359 0.329250 0.519141
3 0.448214 0.385411 0.521367 0.451278 0.408452 0.576684 0.335298 0.510816
0 0.294531 0.513281 0.449219 0.513281 0.449219 0.574219 0.294531 0.574219
3 0.436445 0.451278 0.509598 0.385411 0.622514 0.510816 0.549361 0.576684
3 0.458938 0.422218 0.544187 0.372999 0.628562 0.519141 0.543313 0.568359
3 0.486981 0.398469 0.580601 0.368050 0.632747 0.528541 0.539128 0.558959
3 0.519349 0.381069 0.617247 0.370780 0.634887 0.538605 0.536988 0.548895
3 0.554628 0.370780 0.652526 0.381069 0.634887 0.548895 0.536988 0.538605
3 0.591274 0.368050 0.684894 0.398469 0.632747 0.558959 0.539128 0.528541
3 0.627688 0.372999 0.712937 0.422218 0.628562 0.568359 0.543313 0.519141
3 0.662277 0.385411 0.735430 0.451278 0.622514 0.576684 0.549361 0.510816
0 0.508594 0.513281 0.663281 0.513281 0.663281 0.574219 0.508594 0.574219
3 0.650508 0.451278 0.723661 0.385411 0.836577 0.510816 0.763423 0.576684
3 0.673000 0.422218 0.758250 0.372999 0.842625 0.519141 0.757375 0.568359
3 0.701044 0.398469 0.794663 0.368050 0.846810 0.528541 0.753190 0.558959
3 0.733412 0.381069 0.831310 0.370780 0.848949 0.538605 0.751051 0.548895
3 0.768690 0.370780 0.866588 0.381069 0.848949 0.548895 0.751051 0.538605
3 0.805337 0.368050 0.898956 0.398469 0.846810 0.558959 0.753190 0.528541
3 0.841750 0.372999 0.927000 0.422218 0.842625 0.568359 0.757375 0.519141
3 0.876339 0.385411 0.949492 0.451278 0.836577 0.576684 0.763423 0.510816
0 0.722656 0.513281 0.877344 0.513281 0.877344 0.574219 0.722656 0.574219
3 0.020253 0.522342 0.118151 0.532632 0.100512 0.700457 0.002613 0.690168
3 0.056899 0.519612 0.150519 0.550031 0.098372 0.710522 0.004753 0.680103
3 0.093313 0.524561 0.178562 0.573780 0.094187 0.719922 0.008938 0.670703
3 0.127902 0.536973 0.201055 0.602841 0.088139 0.728246 0.014986 0.662379
3 0.116133 0.602841 0.189286 0.536973 0.302202 0.662379 0.229048 0.728246
3 0.138625 0.573780 0.223875 0.524561 0.308250 0.670703 0.223000 0.719922
3 0.166669 0.550031 0.260288 0.519612 0.312435 0.680103 0.218815 0.710522
3 0.199037 0.532632 0.296935 0.522342 0.314574 0.690168 0.216676 0.700457
3 0.234315 0.522342 0.332213 0.532632 0.314574 0.700457 0.216676 0.690168
3 0.270962 0.519612 0.364581 0.550031 0.312435 0.710522 0.218815 0.680103
3 0.307375 0.524561 0.392625 0.573780 0.308250 0.719922 0.223000 0.670703
3 0.341964 0.536973 0.415117 0.602841 0.302202 0.728246 0.229048 0.662379
0 0.188281 0.664844 0.342969 0.664844 0.342969 0.725781 0.188281 0.725781
3 0.330195 0.602841 0.403348 0.536973 0.516264 0.662379 0.443111 0.728246
3 0.352688 0.573780 0.437937 0.524561 0.522312 0.670703 0.437063 0.719922
3 0.380731 0.550031 0.474351 0.519612 0.526497 0.680103 0.432878 0.710522
3 0.413099 0.532632 0.510997 0.522342 0.528637 0.690168 0.430738 0.700457
3 0.448378 0.522342 0.546276 0.532632 0.528637 0.700457 0.430738 0.690168
3 0.485024 0.519612 0.578644 0.550031 0.526497 0.710522 0.432878 0.680103
3 0.521438 0.524561 0.606687 0.573780 0.522312 0.719922 0.437063 0.670703
3 0.556027 0.536973 0.629180 0.602841 0.516264 0.728246 0.443111 0.662379
0 0.402344 0.664844 0.557031 0.664844 0.557031 0.725781 0.402344 0.725781
3 0.544258 0.602841 0.617411 0.536973 0.730327 0.662379 0.657173 0.728246
3 0.566750 0.573780 0.652000 0.524561 0.736375 0.670703 0.651125 0.719922
3 0.594794 0.550031 0.688413 0.519612 0.740560 0.680103 0.646940 0.710522
3 0.627162 0.532632 0.725060 0.522342 0.742699 0.690168 0.644801 0.700457
3 0.662440 0.522342 0.760338 0.532632 0.742699 0.700457 0.644801 0.690168
3 0.699087 0.519612 0.792706 0.550031 0.740560 0.710522 0.646940 0.680103
3 0.735500 0.524561 0.820750 0.573780 0.736375 0.719922 0.651125 0.670703
3 0.770089 0.536973 0.843242 0.602841 0.730327 0.728246 0.657173 0.662379
0 0.616406 0.664844 0.771094 0.664844 0.771094 0.725781 0.616406 0.725781
3 0.758320 0.602841 0.831473 0.536973 0.944389 0.662379 0.871236 0.728246
3 0.780813 0.573780 0.866062 0.524561 0.950437 0.670703 0.865188 0.719922
3 0.808856 0.550031 0.902476 0.519612 0.954622 0.680103 0.861003 0.710522
3 0.841224 0.532632 0.939122 0.522342 0.956762 0.690168 0.858863 0.700457
3 0.876503 0.522342 0.974401 0.532632 0.956762 0.700457 0.858863 0.690168
0 0.830469 0.664844 0.985156 0.664844 0.985156 0.725781 0.830469 0.725781
3 0.008320 0.754403 0.081473 0.688536 0.194389 0.813941 0.121236 0.879809
3 0.030813 0.725343 0.116062 0.676124 0.200437 0.822266 0.115188 0.871484
3 0.058856 0.701594 0.152476 0.671175 0.204622 0.831666 0.111003 0.862084
3 0.091224 0.684194 0.189122 0.673905 0.206762 0.841730 0.108863 0.852020
3 0.126503 0.673905 0.224401 0.684194 0.206762 0.852020 0.108863 0.841730
3 0.163149 0.671175 0.256769 0.701594 0.204622 0.862084 0.111003 0.831666
3 0.199563 0.676124 0.284812 0.725343 0.200437 0.871484 0.115188 0.822266
3 0.234152 0.688536 0.307305 0.754403 0.194389 0.879809 0.121236 0.813941
0 0.080469 0.816406 0.235156 0.816406 0.235156 0.877344 0.080469 0.877344
3 0.222383 0.754403 0.295536 0.688536 0.408452 0.813941 0.335298 0.879809
3 0.244875 0.725343 0.330125 0.676124 0.414500 0.822266 0.329250 0.871484
3 0.272919 0.701594 0.366538 0.671175 0.418685 0.831666 0.325065 0.862084
3 0.305287 0.684194 0.403185 0.673905 0.420824 0.841730 0.322926 0.852020
3 0.340565 0.673905 0.438463 0.684194 0.420824 0.852020 0.322926 0.841730
3 0.377212 0.671175 0.470831 0.701594 0.418685 0.862084 0.325065 0.831666
3 0.413625 0.676124 0.498875 0.725343 0.414500 0.871484 0.329250 0.822266
3 0.448214 0.688536 0.521367 0.754403 0.408452 0.879809 0.335298 0.813941
0 0.294531 0.816406 0.449219 0.816406 0.449219 0.877344 0.294531 0.877344
3 0.436445 0.754403 0.509598 0.688536 0.622514 0.813941 0.549361 0.879809
3 0.458938 0.725343 0.544187 0.676124 0.628562 0.822266 0.543313 0.871484
3 0.486981 0.701594 0.580601 0.671175 0.632747 0.831666 0.539128 0.862084
3 0.519349 0.684194 0.617247 0.673905 0.634887 0.841730 0.536988 0.852020
3 0.554628 0.673905 0.652526 0.684194 0.634887 0.852020 0.536988 0.841730
3 0.591274 0.671175 0.684894 0.701594 0.632747 0.862084 0.539128 0.831666
3 0.627688 0.676124 0.712937 0.725343 0.628562 0.871484 0.543313 0.822266
3 0.662277 0.688536 0.735430 0.754403 0.622514 0.879809 0.549361 0.813941
0 0.508594 0.816406 0.663281 0.816406 0.663281 0.877344 0.508594 0.877344
3 0.650508 0.754403 0.723661 0.688536 0.836577 0.813941 0.763423 0.879809
3 0.673000 0.725343 0.758250 0.676124 0.842625 0.822266 0.757375 0.871484
3 0.701044 0.701594 0.794663 0.671175 0.846810 0.831666 0.753190 0.862084
3 0.733412 0.684194 0.831310 0.673905 0.848949 0.841730 0.751051 0.852020
3 0.768690 0.673905 0.866588 0.684194 0.848949 0.852020 0.751051 0.841730
3 0.805337 0.671175 0.898956 0.701594 0.846810 0.862084 0.753190 0.831666
3 0.841750 0.676124 0.927000 0.725343 0.842625 0.871484 0.757375 0.822266
3 0.876339 0.688536 0.949492 0.754403 0.836577 0.879809 0.763423 0.813941
0 0.722656 0.816406 0.877344 0.816406 0.877344 0.877344 0.722656 0.877344