1 0.035937 0.271875 0.064062 0.271875 0.064062 0.325000 0.035937 0.325000
1 0.054688 0.273438 0.082812 0.273438 0.082812 0.326562 0.054688 0.326562
1 0.079687 0.275000 0.107813 0.275000 0.107813 0.328125 0.079687 0.328125
1 0.110937 0.276562 0.139063 0.276562 0.139063 0.329688 0.110937 0.329688
1 0.131250 0.278125 0.159375 0.278125 0.159375 0.331250 0.131250 0.331250
1 0.159375 0.278125 0.187500 0.278125 0.187500 0.331250 0.159375 0.331250
1 0.179688 0.275000 0.207813 0.275000 0.207813 0.328125 0.179688 0.328125
1 0.210938 0.273438 0.239063 0.273438 0.239063 0.326562 0.210938 0.326562
1 0.234375 0.279687 0.262500 0.279687 0.262500 0.332813 0.234375 0.332813
1 0.259375 0.276562 0.287500 0.276562 0.287500 0.329688 0.259375 0.329688
1 0.279687 0.276562 0.307812 0.276562 0.307812 0.329688 0.279687 0.329688
1 0.304688 0.278125 0.332813 0.278125 0.332813 0.331250 0.304688 0.331250
1 0.335938 0.270313 0.364063 0.270313 0.364063 0.323437 0.335938 0.323437
1 0.354687 0.275000 0.382812 0.275000 0.382812 0.328125 0.354687 0.328125
1 0.384375 0.273438 0.412500 0.273438 0.412500 0.326562 0.384375 0.326562
1 0.404687 0.271875 0.432812 0.271875 0.432812 0.325000 0.404687 0.325000
1 0.431250 0.270313 0.459375 0.270313 0.459375 0.323437 0.431250 0.323437
1 0.457813 0.275000 0.485938 0.275000 0.485938 0.328125 0.457813 0.328125
1 0.485938 0.275000 0.514062 0.275000 0.514062 0.328125 0.485938 0.328125
1 0.506250 0.271875 0.534375 0.271875 0.534375 0.325000 0.506250 0.325000
1 0.534375 0.271875 0.562500 0.271875 0.562500 0.325000 0.534375 0.325000
1 0.560937 0.279687 0.589063 0.279687 0.589063 0.332813 0.560937 0.332813
1 0.585938 0.276562 0.614062 0.276562 0.614062 0.329688 0.585938 0.329688
1 0.604688 0.270313 0.632812 0.270313 0.632812 0.323437 0.604688 0.323437
1 0.632812 0.270313 0.660937 0.270313 0.660937 0.323437 0.632812 0.323437
2 0.097656 0.155469 0.205469 0.155469 0.205469 0.541406 0.097656 0.541406
2 0.199219 0.152344 0.307031 0.152344 0.307031 0.538281 0.199219 0.538281
2 0.303906 0.153906 0.411719 0.153906 0.411719 0.539844 0.303906 0.539844
2 0.413281 0.160156 0.521094 0.160156 0.521094 0.546094 0.413281 0.546094
2 0.514844 0.161719 0.622656 0.161719 0.622656 0.547656 0.514844 0.547656
2 0.621094 0.155469 0.728906 0.155469 0.728906 0.541406 0.621094 0.541406
2 0.724219 0.160156 0.832031 0.160156 0.832031 0.546094 0.724219 0.546094
2 0.830469 0.157031 0.938281 0.157031 0.938281 0.542969 0.830469 0.542969
2 0.000781 0.569531 0.096094 0.569531 0.096094 0.908594 0.000781 0.908594
2 0.074219 0.569531 0.169531 0.569531 0.169531 0.908594 0.074219 0.908594
2 0.149219 0.571094 0.244531 0.571094 0.244531 0.910156 0.149219 0.910156
2 0.232031 0.572656 0.327344 0.572656 0.327344 0.911719 0.232031 0.911719
2 0.303906 0.569531 0.399219 0.569531 0.399219 0.908594 0.303906 0.908594
2 0.382031 0.572656 0.477344 0.572656 0.477344 0.911719 0.382031 0.911719
2 0.461719 0.563281 0.557031 0.563281 0.557031 0.902344 0.461719 0.902344
2 0.536719 0.572656 0.632031 0.572656 0.632031 0.911719 0.536719 0.911719
2 0.608594 0.564844 0.703906 0.564844 0.703906 0.903906 0.608594 0.903906
2 0.688281 0.563281 0.783594 0.563281 0.783594 0.902344 0.688281 0.902344
2 0.761719 0.567969 0.857031 0.567969 0.857031 0.907031 0.761719 0.907031
2 0.844531 0.564844 0.939844 0.564844 0.939844 0.903906 0.844531 0.903906