0 0.021094 0.063281 0.100781 0.063281 0.100781 0.105469 0.021094 0.105469
0 0.194531 0.063281 0.274219 0.063281 0.274219 0.105469 0.194531 0.105469
0 0.367969 0.063281 0.447656 0.063281 0.447656 0.105469 0.367969 0.105469
0 0.541406 0.063281 0.621094 0.063281 0.621094 0.105469 0.541406 0.105469
0 0.714844 0.063281 0.794531 0.063281 0.794531 0.105469 0.714844 0.105469
0 0.888281 0.063281 0.967969 0.063281 0.967969 0.105469 0.888281 0.105469
3 0.009461 0.116680 0.101476 0.063555 0.192883 0.221875 0.100867 0.275000
3 0.030633 0.097671 0.129539 0.058853 0.196328 0.229029 0.097422 0.267846
3 0.054402 0.082030 0.157988 0.058387 0.198668 0.236616 0.095082 0.260259
3 0.080237 0.070106 0.186190 0.062166 0.199851 0.244467 0.093899 0.252408
3 0.107560 0.062166 0.213513 0.070106 0.199851 0.252408 0.093899 0.244467
3 0.135762 0.058387 0.239348 0.082030 0.198668 0.260259 0.095082 0.236616
3 0.164211 0.058853 0.263117 0.097671 0.196328 0.267846 0.097422 0.229029
3 0.192274 0.063555 0.284289 0.116680 0.192883 0.275000 0.100867 0.221875
0 0.107031 0.227344 0.186719 0.227344 0.186719 0.269531 0.107031 0.269531
3 0.182899 0.116680 0.274914 0.063555 0.366320 0.221875 0.274305 0.275000
3 0.204071 0.097671 0.302976 0.058853 0.369765 0.229029 0.270860 0.267846
3 0.227840 0.082030 0.331426 0.058387 0.372106 0.236616 0.268519 0.260259
3 0.253674 0.070106 0.359627 0.062166 0.373289 0.244467 0.267336 0.252408
3 0.280998 0.062166 0.386951 0.070106 0.373289 0.252408 0.267336 0.244467
3 0.309199 0.058387 0.412785 0.082030 0.372106 0.260259 0.268519 0.236616
3 0.337649 0.058853 0.436554 0.097671 0.369765 0.267846 0.270860 0.229029
3 0.365711 0.063555 0.457726 0.116680 0.366320 0.275000 0.274305 0.221875
0 0.280469 0.227344 0.360156 0.227344 0.360156 0.269531 0.280469 0.269531
3 0.356336 0.116680 0.448351 0.063555 0.539758 0.221875 0.447742 0.275000
3 0.377508 0.097671 0.476414 0.058853 0.543203 0.229029 0.444297 0.267846
3 0.401277 0.082030 0.504863 0.058387 0.545543 0.236616 0.441957 0.260259
3 0.427112 0.070106 0.533065 0.062166 0.546726 0.244467 0.440774 0.252408
3 0.454435 0.062166 0.560388 0.070106 0.546726 0.252408 0.440774 0.244467
3 0.482637 0.058387 0.586223 0.082030 0.545543 0.260259 0.441957 0.236616
3 0.511086 0.058853 0.609992 0.097671 0.543203 0.267846 0.444297 0.229029
3 0.539149 0.063555 0.631164 0.116680 0.539758 0.275000 0.447742 0.221875
0 0.453906 0.227344 0.533594 0.227344 0.533594 0.269531 0.453906 0.269531
3 0.529774 0.116680 0.621789 0.063555 0.713195 0.221875 0.621180 0.275000
3 0.550946 0.097671 0.649851 0.058853 0.716640 0.229029 0.617735 0.267846
3 0.574715 0.082030 0.678301 0.058387 0.718981 0.236616 0.615394 0.260259
3 0.600549 0.070106 0.706502 0.062166 0.720164 0.244467 0.614211 0.252408
3 0.627873 0.062166 0.733826 0.070106 0.720164 0.252408 0.614211 0.244467
3 0.656074 0.058387 0.759660 0.082030 0.718981 0.260259 0.615394 0.236616
3 0.684524 0.058853 0.783429 0.097671 0.716640 0.267846 0.617735 0.229029
3 0.712586 0.063555 0.804601 0.116680 0.713195 0.275000 0.621180 0.221875
0 0.627344 0.227344 0.707031 0.227344 0.707031 0.269531 0.627344 0.269531
3 0.703211 0.116680 0.795226 0.063555 0.886633 0.221875 0.794617 0.275000
3 0.724383 0.097671 0.823289 0.058853 0.890078 0.229029 0.791172 0.267846
3 0.748152 0.082030 0.851738 0.058387 0.892418 0.236616 0.788832 0.260259
3 0.773987 0.070106 0.879940 0.062166 0.893601 0.244467 0.787649 0.252408
3 0.801310 0.062166 0.907263 0.070106 0.893601 0.252408 0.787649 0.244467
3 0.829512 0.058387 0.933098 0.082030 0.892418 0.260259 0.788832 0.236616
3 0.857961 0.058853 0.956867 0.097671 0.890078 0.267846 0.791172 0.229029
3 0.886024 0.063555 0.978039 0.116680 0.886633 0.275000 0.794617 0.221875
0 0.800781 0.227344 0.880469 0.227344 0.880469 0.269531 0.800781 0.269531
3 0.021623 0.226229 0.127576 0.234169 0.113914 0.416470 0.007961 0.408530
3 0.049824 0.222450 0.153410 0.246092 0.112731 0.424321 0.009144 0.400679
3 0.078274 0.222916 0.177179 0.261733 0.110390 0.431909 0.011485 0.393091
3 0.106336 0.227617 0.198351 0.280742 0.106945 0.439063 0.014930 0.385937
0 0.021094 0.391406 0.100781 0.391406 0.100781 0.433594 0.021094 0.433594
3 0.096961 0.280742 0.188976 0.227617 0.280383 0.385937 0.188367 0.439063
3 0.118133 0.261733 0.217039 0.222916 0.283828 0.393091 0.184922 0.431909
3 0.141902 0.246092 0.245488 0.222450 0.286168 0.400679 0.182582 0.424321
3 0.167737 0.234169 0.273690 0.226229 0.287351 0.408530 0.181399 0.416470
3 0.195060 0.226229 0.301013 0.234169 0.287351 0.416470 0.181399 0.408530
3 0.223262 0.222450 0.326848 0.246092 0.286168 0.424321 0.182582 0.400679
3 0.251711 0.222916 0.350617 0.261733 0.283828 0.431909 0.184922 0.393091
3 0.279774 0.227617 0.371789 0.280742 0.280383 0.439063 0.188367 0.385937
0 0.194531 0.391406 0.274219 0.391406 0.274219 0.433594 0.194531 0.433594
3 0.270399 0.280742 0.362414 0.227617 0.453820 0.385937 0.361805 0.439063
3 0.291571 0.261733 0.390476 0.222916 0.457265 0.393091 0.358360 0.431909
3 0.315340 0.246092 0.418926 0.222450 0.459606 0.400679 0.356019 0.424321
3 0.341174 0.234169 0.447127 0.226229 0.460789 0.408530 0.354836 0.416470
3 0.368498 0.226229 0.474451 0.234169 0.460789 0.416470 0.354836 0.408530
3 0.396699 0.222450 0.500285 0.246092 0.459606 0.424321 0.356019 0.400679
3 0.425149 0.222916 0.524054 0.261733 0.457265 0.431909 0.358360 0.393091
3 0.453211 0.227617 0.545226 0.280742 0.453820 0.439063 0.361805 0.385937
0 0.367969 0.391406 0.447656 0.391406 0.447656 0.433594 0.367969 0.433594
3 0.443836 0.280742 0.535851 0.227617 0.627258 0.385937 0.535242 0.439063
3 0.465008 0.261733 0.563914 0.222916 0.630703 0.393091 0.531797 0.431909
3 0.488777 0.246092 0.592363 0.222450 0.633043 0.400679 0.529457 0.424321
3 0.514612 0.234169 0.620565 0.226229 0.634226 0.408530 0.528274 0.416470
3 0.541935 0.226229 0.647888 0.234169 0.634226 0.416470 0.528274 0.408530
3 0.570137 0.222450 0.673723 0.246092 0.633043 0.424321 0.529457 0.400679
3 0.598586 0.222916 0.697492 0.261733 0.630703 0.431909 0.531797 0.393091
3 0.626649 0.227617 0.718664 0.280742 0.627258 0.439063 0.535242 0.385937
0 0.541406 0.391406 0.621094 0.391406 0.621094 0.433594 0.541406 0.433594
3 0.617274 0.280742 0.709289 0.227617 0.800695 0.385937 0.708680 0.439063
3 0.638446 0.261733 0.737351 0.222916 0.804140 0.393091 0.705235 0.431909
3 0.662215 0.246092 0.765801 0.222450 0.806481 0.400679 0.702894 0.424321
3 0.688049 0.234169 0.794002 0.226229 0.807664 0.408530 0.701711 0.416470
3 0.715373 0.226229 0.821326 0.234169 0.807664 0.416470 0.701711 0.408530
3 0.743574 0.222450 0.847160 0.246092 0.806481 0.424321 0.702894 0.400679
3 0.772024 0.222916 0.870929 0.261733 0.804140 0.431909 0.705235 0.393091
3 0.800086 0.227617 0.892101 0.280742 0.800695 0.439063 0.708680 0.385937
0 0.714844 0.391406 0.794531 0.391406 0.794531 0.433594 0.714844 0.433594
3 0.790711 0.280742 0.882726 0.227617 0.974133 0.385937 0.882117 0.439063
3 0.811883 0.261733 0.910789 0.222916 0.977578 0.393091 0.878672 0.431909
3 0.835652 0.246092 0.939238 0.222450 0.979918 0.400679 0.876332 0.424321
3 0.861487 0.234169 0.967440 0.226229 0.981101 0.408530 0.875149 0.416470
3 0.888810 0.226229 0.994763 0.234169 0.981101 0.416470 0.875149 0.408530
0 0.888281 0.391406 0.967969 0.391406 0.967969 0.433594 0.888281 0.433594
3 0.009461 0.444805 0.101476 0.391680 0.192883 0.550000 0.100867 0.603125
3 0.030633 0.425796 0.129539 0.386978 0.196328 0.557154 0.097422 0.595971
3 0.054402 0.410155 0.157988 0.386512 0.198668 0.564741 0.095082 0.588384
3 0.080237 0.398231 0.186190 0.390291 0.199851 0.572592 0.093899 0.580533
3 0.107560 0.390291 0.213513 0.398231 0.199851 0.580533 0.093899 0.572592
3 0.135762 0.386512 0.239348 0.410155 0.198668 0.588384 0.095082 0.564741
3 0.164211 0.386978 0.263117 0.425796 0.196328 0.595971 0.097422 0.557154
3 0.192274 0.391680 0.284289 0.444805 0.192883 0.603125 0.100867 0.550000
0 0.107031 0.555469 0.186719 0.555469 0.186719 0.597656 0.107031 0.597656
3 0.182899 0.444805 0.274914 0.391680 0.366320 0.550000 0.274305 0.603125
3 0.204071 0.425796 0.302976 0.386978 0.369765 0.557154 0.270860 0.595971
3 0.227840 0.410155 0.331426 0.386512 0.372106 0.564741 0.268519 0.588384
3 0.253674 0.398231 0.359627 0.390291 0.373289 0.572592 0.267336 0.580533
3 0.280998 0.390291 0.386951 0.398231 0.373289 0.580533 0.267336 0.572592
3 0.309199 0.386512 0.412785 0.410155 0.372106 0.588384 0.268519 0.564741
3 0.337649 0.386978 0.436554 0.425796 0.369765 0.595971 0.270860 0.557154
3 0.365711 0.391680 0.457726 0.444805 0.366320 0.603125 0.274305 0.550000
0 0.280469 0.555469 0.360156 0.555469 0.360156 0.597656 0.280469 0.597656
3 0.356336 0.444805 0.448351 0.391680 0.539758 0.550000 0.447742 0.603125
3 0.377508 0.425796 0.476414 0.386978 0.543203 0.557154 0.444297 0.595971
3 0.401277 0.410155 0.504863 0.386512 0.545543 0.564741 0.441957 0.588384
3 0.427112 0.398231 0.533065 0.390291 0.546726 0.572592 0.440774 0.580533
3 0.454435 0.390291 0.560388 0.398231 0.546726 0.580533 0.440774 0.572592
3 0.482637 0.386512 0.586223 0.410155 0.545543 0.588384 0.441957 0.564741
3 0.511086 0.386978 0.609992 0.425796 0.543203 0.595971 0.444297 0.557154
3 0.539149 0.391680 0.631164 0.444805 0.539758 0.603125 0.447742 0.550000
0 0.453906 0.555469 0.533594 0.555469 0.533594 0.597656 0.453906 0.597656
3 0.529774 0.444805 0.621789 0.391680 0.713195 0.550000 0.621180 0.603125
3 0.550946 0.425796 0.649851 0.386978 0.716640 0.557154 0.617735 0.595971
3 0.574715 0.410155 0.678301 0.386512 0.718981 0.564741 0.615394 0.588384
3 0.600549 0.398231 0.706502 0.390291 0.720164 0.572592 0.614211 0.580533
3 0.627873 0.390291 0.733826 0.398231 0.720164 0.580533 0.614211 0.572592
3 0.656074 0.386512 0.759660 0.410155 0.718981 0.588384 0.615394 0.564741
3 0.684524 0.386978 0.783429 0.425796 0.716640 0.595971 0.617735 0.557154
3 0.712586 0.391680 0.804601 0.444805 0.713195 0.603125 0.621180 0.550000
0 0.627344 0.555469 0.707031 0.555469 0.707031 0.597656 0.627344 0.597656
3 0.703211 0.444805 0.795226 0.391680 0.886633 0.550000 0.794617 0.603125
3 0.724383 0.425796 0.823289 0.386978 0.890078 0.557154 0.791172 0.595971
3 0.748152 0.410155 0.851738 0.386512 0.892418 0.564741 0.788832 0.588384
3 0.773987 0.398231 0.879940 0.390291 0.893601 0.572592 0.787649 0.580533
3 0.801310 0.390291 0.907263 0.398231 0.893601 0.580533 0.787649 0.572592
3 0.829512 0.386512 0.933098 0.410155 0.892418 0.588384 0.788832 0.564741
3 0.857961 0.386978 0.956867 0.425796 0.890078 0.595971 0.791172 0.557154
3 0.886024 0.391680 0.978039 0.444805 0.886633 0.603125 0.794617 0.550000
0 0.800781 0.555469 0.880469 0.555469 0.880469 0.597656 0.800781 0.597656
3 0.021623 0.554354 0.127576 0.562294 0.113914 0.744595 0.007961 0.736655
3 0.049824 0.550575 0.153410 0.574217 0.112731 0.752446 0.009144 0.728804
3 0.078274 0.551041 0.177179 0.589858 0.110390 0.760034 0.011485 0.721216
3 0.106336 0.555742 0.198351 0.608867 0.106945 0.767188 0.014930 0.714063
0 0.021094 0.719531 0.100781 0.719531 0.100781 0.761719 0.021094 0.761719
3 0.096961 0.608867 0.188976 0.555742 0.280383 0.714063 0.188367 0.767188
3 0.118133 0.589858 0.217039 0.551041 0.283828 0.721216 0.184922 0.760034
3 0.141902 0.574217 0.245488 0.550575 0.286168 0.728804 0.182582 0.752446
3 0.167737 0.562294 0.273690 0.554354 0.287351 0.736655 0.181399 0.744595
3 0.195060 0.554354 0.301013 0.562294 0.287351 0.744595 0.181399 0.736655
3 0.223262 0.550575 0.326848 0.574217 0.286168 0.752446 0.182582 0.728804
3 0.251711 0.551041 0.350617 0.589858 0.283828 0.760034 0.184922 0.721216
3 0.279774 0.555742 0.371789 0.608867 0.280383 0.767188 0.188367 0.714063
0 0.194531 0.719531 0.274219 0.719531 0.274219 0.761719 0.194531 0.761719
3 0.270399 0.608867 0.362414 0.555742 0.453820 0.714063 0.361805 0.767188
3 0.291571 0.589858 0.390476 0.551041 0.457265 0.721216 0.358360 0.760034
3 0.315340 0.574217 0.418926 0.550575 0.459606 0.728804 0.356019 0.752446
3 0.341174 0.562294 0.447127 0.554354 0.460789 0.736655 0.354836 0.744595
3 0.368498 0.554354 0.474451 0.562294 0.460789 0.744595 0.354836 0.736655
3 0.396699 0.550575 0.500285 0.574217 0.459606 0.752446 0.356019 0.728804
3 0.425149 0.551041 0.524054 0.589858 0.457265 0.760034 0.358360 0.721216
3 0.453211 0.555742 0.545226 0.608867 0.453820 0.767188 0.361805 0.714063
0 0.367969 0.719531 0.447656 0.719531 0.447656 0.761719 0.367969 0.761719
3 0.443836 0.608867 0.535851 0.555742 0.627258 0.714063 0.535242 0.767188
3 0.465008 0.589858 0.563914 0.551041 0.630703 0.721216 0.531797 0.760034
3 0.488777 0.574217 0.592363 0.550575 0.633043 0.728804 0.529457 0.752446
3 0.514612 0.562294 0.620565 0.554354 0.634226 0.736655 0.528274 0.744595
3 0.541935 0.554354 0.647888 0.562294 0.634226 0.744595 0.528274 0.736655
3 0.570137 0.550575 0.673723 0.574217 0.633043 0.752446 0.529457 0.728804
3 0.598586 0.551041 0.697492 0.589858 0.630703 0.760034 0.531797 0.721216
3 0.626649 0.555742 0.718664 0.608867 0.627258 0.767188 0.535242 0.714063
0 0.541406 0.719531 0.621094 0.719531 0.621094 0.761719 0.541406 0.761719
3 0.617274 0.608867 0.709289 0.555742 0.800695 0.714063 0.708680 0.767188
3 0.638446 0.589858 0.737351 0.551041 0.804140 0.721216 0.705235 0.760034
3 0.662215 0.574217 0.765801 0.550575 0.806481 0.728804 0.702894 0.752446
3 0.688049 0.562294 0.794002 0.554354 0.807664 0.736655 0.701711 0.744595
3 0.715373 0.554354 0.821326 0.562294 0.807664 0.744595 0.701711 0.736655
3 0.743574 0.550575 0.847160 0.574217 0.806481 0.752446 0.702894 0.728804
3 0.772024 0.551041 0.870929 0.589858 0.804140 0.760034 0.705235 0.721216
3 0.800086 0.555742 0.892101 0.608867 0.800695 0.767188 0.708680 0.714063
0 0.714844 0.719531 0.794531 0.719531 0.794531 0.761719 0.714844 0.761719
3 0.790711 0.608867 0.882726 0.555742 0.974133 0.714063 0.882117 0.767188
3 0.811883 0.589858 0.910789 0.551041 0.977578 0.721216 0.878672 0.760034
3 0.835652 0.574217 0.939238 0.550575 0.979918 0.728804 0.876332 0.752446
3 0.861487 0.562294 0.967440 0.554354 0.981101 0.736655 0.875149 0.744595
3 0.888810 0.554354 0.994763 0.562294 0.981101 0.744595 0.875149 0.736655
0 0.888281 0.719531 0.967969 0.719531 0.967969 0.761719 0.888281 0.761719