0 0.107813 0.003125 0.170313 0.003125 0.170313 0.121875 0.107813 0.121875
0 0.168750 0.001563 0.231250 0.001563 0.231250 0.120313 0.168750 0.120313
0 0.331250 0.000000 0.393750 0.000000 0.393750 0.118750 0.331250 0.118750
0 0.446875 0.000000 0.509375 0.000000 0.509375 0.118750 0.446875 0.118750
0 0.500000 0.000000 0.562500 0.000000 0.562500 0.118750 0.500000 0.118750
0 0.557813 0.000000 0.620313 0.000000 0.620313 0.118750 0.557813 0.118750
0 0.671875 0.001563 0.734375 0.001563 0.734375 0.120313 0.671875 0.120313
0 0.729688 0.001563 0.792188 0.001563 0.792188 0.120313 0.729688 0.120313
0 0.843750 0.000000 0.906250 0.000000 0.906250 0.118750 0.843750 0.118750
0 0.015625 0.171094 0.043750 0.171094 0.043750 0.185156 0.015625 0.185156
0 0.037500 0.172656 0.065625 0.172656 0.065625 0.186719 0.037500 0.186719
0 0.064062 0.167969 0.092188 0.167969 0.092188 0.182031 0.064062 0.182031
0 0.089063 0.169531 0.117188 0.169531 0.117188 0.183594 0.089063 0.183594
0 0.114062 0.175781 0.142187 0.175781 0.142187 0.189844 0.114062 0.189844
0 0.135937 0.167969 0.164062 0.167969 0.164062 0.182031 0.135937 0.182031
0 0.167187 0.175781 0.195312 0.175781 0.195312 0.189844 0.167187 0.189844
0 0.189062 0.167969 0.217188 0.167969 0.217188 0.182031 0.189062 0.182031
0 0.212500 0.169531 0.240625 0.169531 0.240625 0.183594 0.212500 0.183594
0 0.237500 0.172656 0.265625 0.172656 0.265625 0.186719 0.237500 0.186719
0 0.265625 0.175781 0.293750 0.175781 0.293750 0.189844 0.265625 0.189844
0 0.285938 0.167969 0.314063 0.167969 0.314063 0.182031 0.285938 0.182031
0 0.310937 0.172656 0.339062 0.172656 0.339062 0.186719 0.310937 0.186719
0 0.337500 0.177344 0.365625 0.177344 0.365625 0.191406 0.337500 0.191406
0 0.362500 0.171094 0.390625 0.171094 0.390625 0.185156 0.362500 0.185156
0 0.392188 0.177344 0.420312 0.177344 0.420312 0.191406 0.392188 0.191406
0 0.410938 0.172656 0.439063 0.172656 0.439063 0.186719 0.410938 0.186719
0 0.439063 0.172656 0.467187 0.172656 0.467187 0.186719 0.439063 0.186719
0 0.464062 0.175781 0.492188 0.175781 0.492188 0.189844 0.464062 0.189844
0 0.489063 0.169531 0.517188 0.169531 0.517188 0.183594 0.489063 0.183594
0 0.517188 0.177344 0.545312 0.177344 0.545312 0.191406 0.517188 0.191406
0 0.540625 0.167969 0.568750 0.167969 0.568750 0.182031 0.540625 0.182031
0 0.562500 0.169531 0.590625 0.169531 0.590625 0.183594 0.562500 0.183594
0 0.589063 0.172656 0.617188 0.172656 0.617188 0.186719 0.589063 0.186719
0 0.612500 0.172656 0.640625 0.172656 0.640625 0.186719 0.612500 0.186719
0 0.002344 0.148438 0.053906 0.148438 0.053906 0.245312 0.002344 0.245312
0 0.046094 0.142187 0.097656 0.142187 0.097656 0.239063 0.046094 0.239063
0 0.089844 0.142187 0.141406 0.142187 0.141406 0.239063 0.089844 0.239063
0 0.138281 0.140625 0.189844 0.140625 0.189844 0.237500 0.138281 0.237500
0 0.186719 0.142187 0.238281 0.142187 0.238281 0.239063 0.186719 0.239063
0 0.230469 0.139063 0.282031 0.139063 0.282031 0.235937 0.230469 0.235937
0 0.271094 0.145313 0.322656 0.145313 0.322656 0.242188 0.271094 0.242188
0 0.316406 0.142187 0.367969 0.142187 0.367969 0.239063 0.316406 0.239063
0 0.363281 0.142187 0.414844 0.142187 0.414844 0.239063 0.363281 0.239063
0 0.408594 0.139063 0.460156 0.139063 0.460156 0.235937 0.408594 0.235937
0 0.457031 0.140625 0.508594 0.140625 0.508594 0.237500 0.457031 0.237500
0 0.499219 0.145313 0.550781 0.145313 0.550781 0.242188 0.499219 0.242188
0 0.549219 0.139063 0.600781 0.139063 0.600781 0.235937 0.549219 0.235937
0 0.588281 0.140625 0.639844 0.140625 0.639844 0.237500 0.588281 0.237500
0 0.636719 0.140625 0.688281 0.140625 0.688281 0.237500 0.636719 0.237500
0 0.685156 0.142187 0.736719 0.142187 0.736719 0.239063 0.685156 0.239063
0 0.724219 0.140625 0.775781 0.140625 0.775781 0.237500 0.724219 0.237500
0 0.772656 0.139063 0.824219 0.139063 0.824219 0.235937 0.772656 0.235937
0 0.814844 0.145313 0.866406 0.145313 0.866406 0.242188 0.814844 0.242188
0 0.866406 0.139063 0.917969 0.139063 0.917969 0.235937 0.866406 0.235937
0 0.907031 0.143750 0.958594 0.143750 0.958594 0.240625 0.907031 0.240625