0 0.023438 0.046094 0.070312 0.046094 0.070312 0.063281 0.023438 0.063281
0 0.239063 0.046094 0.285938 0.046094 0.285938 0.063281 0.239063 0.063281
0 0.454688 0.046094 0.501563 0.046094 0.501563 0.063281 0.454688 0.063281
0 0.670312 0.046094 0.717187 0.046094 0.717187 0.063281 0.670312 0.063281
0 0.885938 0.046094 0.932813 0.046094 0.932813 0.063281 0.885938 0.063281
2 0.018683 0.087450 0.062926 0.055306 0.176809 0.212053 0.132566 0.244197
2 0.057940 0.058047 0.108787 0.037915 0.180111 0.218059 0.129264 0.238191
2 0.103276 0.039330 0.157532 0.032476 0.181816 0.224698 0.127559 0.231552
2 0.151843 0.032476 0.206099 0.039330 0.181816 0.231552 0.127559 0.224698
2 0.200588 0.037915 0.251435 0.058047 0.180111 0.238191 0.129264 0.218059
2 0.246449 0.055306 0.290692 0.087450 0.176809 0.244197 0.132566 0.212053
0 0.131250 0.219531 0.178125 0.219531 0.178125 0.236719 0.131250 0.236719
2 0.234308 0.087450 0.278551 0.055306 0.392434 0.212053 0.348191 0.244197
2 0.273565 0.058047 0.324412 0.037915 0.395736 0.218059 0.344889 0.238191
2 0.318901 0.039330 0.373157 0.032476 0.397441 0.224698 0.343184 0.231552
2 0.367468 0.032476 0.421724 0.039330 0.397441 0.231552 0.343184 0.224698
2 0.416213 0.037915 0.467060 0.058047 0.395736 0.238191 0.344889 0.218059
2 0.462074 0.055306 0.506317 0.087450 0.392434 0.244197 0.348191 0.212053
0 0.346875 0.219531 0.393750 0.219531 0.393750 0.236719 0.346875 0.236719
2 0.449933 0.087450 0.494176 0.055306 0.608059 0.212053 0.563816 0.244197
2 0.489190 0.058047 0.540037 0.037915 0.611361 0.218059 0.560514 0.238191
2 0.534526 0.039330 0.588782 0.032476 0.613066 0.224698 0.558809 0.231552
2 0.583093 0.032476 0.637349 0.039330 0.613066 0.231552 0.558809 0.224698
2 0.631838 0.037915 0.682685 0.058047 0.611361 0.238191 0.560514 0.218059
2 0.677699 0.055306 0.721942 0.087450 0.608059 0.244197 0.563816 0.212053
0 0.562500 0.219531 0.609375 0.219531 0.609375 0.236719 0.562500 0.236719
2 0.665558 0.087450 0.709801 0.055306 0.823684 0.212053 0.779441 0.244197
2 0.704815 0.058047 0.755662 0.037915 0.826986 0.218059 0.776139 0.238191
2 0.750151 0.039330 0.804407 0.032476 0.828691 0.224698 0.774434 0.231552
2 0.798718 0.032476 0.852974 0.039330 0.828691 0.231552 0.774434 0.224698
2 0.847463 0.037915 0.898310 0.058047 0.826986 0.238191 0.776139 0.218059
2 0.893324 0.055306 0.937567 0.087450 0.823684 0.244197 0.779441 0.212053
0 0.778125 0.219531 0.825000 0.219531 0.825000 0.236719 0.778125 0.236719
2 0.044030 0.205913 0.098286 0.212767 0.074003 0.404990 0.019747 0.398135
2 0.092776 0.211352 0.143623 0.231484 0.072299 0.411628 0.021451 0.391497
2 0.138637 0.228743 0.182880 0.260888 0.068997 0.417635 0.024753 0.385490
0 0.023438 0.392969 0.070312 0.392969 0.070312 0.410156 0.023438 0.410156
2 0.126495 0.260888 0.170738 0.228743 0.284622 0.385490 0.240378 0.417635
2 0.165752 0.231484 0.216599 0.211352 0.287924 0.391497 0.237076 0.411628
2 0.211089 0.212767 0.265345 0.205913 0.289628 0.398135 0.235372 0.404990
2 0.259655 0.205913 0.313911 0.212767 0.289628 0.404990 0.235372 0.398135
2 0.308401 0.211352 0.359248 0.231484 0.287924 0.411628 0.237076 0.391497
2 0.354262 0.228743 0.398505 0.260888 0.284622 0.417635 0.240378 0.385490
0 0.239063 0.392969 0.285938 0.392969 0.285938 0.410156 0.239063 0.410156
2 0.342120 0.260888 0.386363 0.228743 0.500247 0.385490 0.456003 0.417635
2 0.381377 0.231484 0.432224 0.211352 0.503549 0.391497 0.452701 0.411628
2 0.426714 0.212767 0.480970 0.205913 0.505253 0.398135 0.450997 0.404990
2 0.475280 0.205913 0.529536 0.212767 0.505253 0.404990 0.450997 0.398135
2 0.524026 0.211352 0.574873 0.231484 0.503549 0.411628 0.452701 0.391497
2 0.569887 0.228743 0.614130 0.260888 0.500247 0.417635 0.456003 0.385490
0 0.454688 0.392969 0.501563 0.392969 0.501563 0.410156 0.454688 0.410156
2 0.557745 0.260888 0.601988 0.228743 0.715872 0.385490 0.671628 0.417635
2 0.597002 0.231484 0.647849 0.211352 0.719174 0.391497 0.668326 0.411628
2 0.642339 0.212767 0.696595 0.205913 0.720878 0.398135 0.666622 0.404990
2 0.690905 0.205913 0.745161 0.212767 0.720878 0.404990 0.666622 0.398135
2 0.739651 0.211352 0.790498 0.231484 0.719174 0.411628 0.668326 0.391497
2 0.785512 0.228743 0.829755 0.260888 0.715872 0.417635 0.671628 0.385490
0 0.670312 0.392969 0.717187 0.392969 0.717187 0.410156 0.670312 0.410156
2 0.773370 0.260888 0.817613 0.228743 0.931497 0.385490 0.887253 0.417635
2 0.812627 0.231484 0.863474 0.211352 0.934799 0.391497 0.883951 0.411628
2 0.857964 0.212767 0.912220 0.205913 0.936503 0.398135 0.882247 0.404990
2 0.906530 0.205913 0.960786 0.212767 0.936503 0.404990 0.882247 0.398135
0 0.885938 0.392969 0.932813 0.392969 0.932813 0.410156 0.885938 0.410156
2 0.018683 0.434325 0.062926 0.402181 0.176809 0.558928 0.132566 0.591072
2 0.057940 0.404922 0.108787 0.384790 0.180111 0.564934 0.129264 0.585066
2 0.103276 0.386205 0.157532 0.379351 0.181816 0.571573 0.127559 0.578427
2 0.151843 0.379351 0.206099 0.386205 0.181816 0.578427 0.127559 0.571573
2 0.200588 0.384790 0.251435 0.404922 0.180111 0.585066 0.129264 0.564934
2 0.246449 0.402181 0.290692 0.434325 0.176809 0.591072 0.132566 0.558928
0 0.131250 0.566406 0.178125 0.566406 0.178125 0.583594 0.131250 0.583594
2 0.234308 0.434325 0.278551 0.402181 0.392434 0.558928 0.348191 0.591072
2 0.273565 0.404922 0.324412 0.384790 0.395736 0.564934 0.344889 0.585066
2 0.318901 0.386205 0.373157 0.379351 0.397441 0.571573 0.343184 0.578427
2 0.367468 0.379351 0.421724 0.386205 0.397441 0.578427 0.343184 0.571573
2 0.416213 0.384790 0.467060 0.404922 0.395736 0.585066 0.344889 0.564934
2 0.462074 0.402181 0.506317 0.434325 0.392434 0.591072 0.348191 0.558928
0 0.346875 0.566406 0.393750 0.566406 0.393750 0.583594 0.346875 0.583594
2 0.449933 0.434325 0.494176 0.402181 0.608059 0.558928 0.563816 0.591072
2 0.489190 0.404922 0.540037 0.384790 0.611361 0.564934 0.560514 0.585066
2 0.534526 0.386205 0.588782 0.379351 0.613066 0.571573 0.558809 0.578427
2 0.583093 0.379351 0.637349 0.386205 0.613066 0.578427 0.558809 0.571573
2 0.631838 0.384790 0.682685 0.404922 0.611361 0.585066 0.560514 0.564934
2 0.677699 0.402181 0.721942 0.434325 0.608059 0.591072 0.563816 0.558928
0 0.562500 0.566406 0.609375 0.566406 0.609375 0.583594 0.562500 0.583594
2 0.665558 0.434325 0.709801 0.402181 0.823684 0.558928 0.779441 0.591072
2 0.704815 0.404922 0.755662 0.384790 0.826986 0.564934 0.776139 0.585066
2 0.750151 0.386205 0.804407 0.379351 0.828691 0.571573 0.774434 0.578427
2 0.798718 0.379351 0.852974 0.386205 0.828691 0.578427 0.774434 0.571573
2 0.847463 0.384790 0.898310 0.404922 0.826986 0.585066 0.776139 0.564934
2 0.893324 0.402181 0.937567 0.434325 0.823684 0.591072 0.779441 0.558928
0 0.778125 0.566406 0.825000 0.566406 0.825000 0.583594 0.778125 0.583594
2 0.044030 0.552788 0.098286 0.559642 0.074003 0.751865 0.019747 0.745010
2 0.092776 0.558227 0.143623 0.578359 0.072299 0.758503 0.021451 0.738372
2 0.138637 0.575618 0.182880 0.607763 0.068997 0.764510 0.024753 0.732365
0 0.023438 0.739844 0.070312 0.739844 0.070312 0.757031 0.023438 0.757031
2 0.126495 0.607763 0.170738 0.575618 0.284622 0.732365 0.240378 0.764510
2 0.165752 0.578359 0.216599 0.558227 0.287924 0.738372 0.237076 0.758503
2 0.211089 0.559642 0.265345 0.552788 0.289628 0.745010 0.235372 0.751865
2 0.259655 0.552788 0.313911 0.559642 0.289628 0.751865 0.235372 0.745010
2 0.308401 0.558227 0.359248 0.578359 0.287924 0.758503 0.237076 0.738372
2 0.354262 0.575618 0.398505 0.607763 0.284622 0.764510 0.240378 0.732365
0 0.239063 0.739844 0.285938 0.739844 0.285938 0.757031 0.239063 0.757031
2 0.342120 0.607763 0.386363 0.575618 0.500247 0.732365 0.456003 0.764510
2 0.381377 0.578359 0.432224 0.558227 0.503549 0.738372 0.452701 0.758503
2 0.426714 0.559642 0.480970 0.552788 0.505253 0.745010 0.450997 0.751865
2 0.475280 0.552788 0.529536 0.559642 0.505253 0.751865 0.450997 0.745010
2 0.524026 0.558227 0.574873 0.578359 0.503549 0.758503 0.452701 0.738372
2 0.569887 0.575618 0.614130 0.607763 0.500247 0.764510 0.456003 0.732365
0 0.454688 0.739844 0.501563 0.739844 0.501563 0.757031 0.454688 0.757031
2 0.557745 0.607763 0.601988 0.575618 0.715872 0.732365 0.671628 0.764510
2 0.597002 0.578359 0.647849 0.558227 0.719174 0.738372 0.668326 0.758503
2 0.642339 0.559642 0.696595 0.552788 0.720878 0.745010 0.666622 0.751865
2 0.690905 0.552788 0.745161 0.559642 0.720878 0.751865 0.666622 0.745010
2 0.739651 0.558227 0.790498 0.578359 0.719174 0.758503 0.668326 0.738372
2 0.785512 0.575618 0.829755 0.607763 0.715872 0.764510 0.671628 0.732365
0 0.670312 0.739844 0.717187 0.739844 0.717187 0.757031 0.670312 0.757031
2 0.773370 0.607763 0.817613 0.575618 0.931497 0.732365 0.887253 0.764510
2 0.812627 0.578359 0.863474 0.558227 0.934799 0.738372 0.883951 0.758503
2 0.857964 0.559642 0.912220 0.552788 0.936503 0.745010 0.882247 0.751865
2 0.906530 0.552788 0.960786 0.559642 0.936503 0.751865 0.882247 0.745010
0 0.885938 0.739844 0.932813 0.739844 0.932813 0.757031 0.885938 0.757031