2 0.030687 0.042232 0.069317 0.025275 0.133377 0.171209 0.094748 0.188166
2 0.071264 0.024724 0.113051 0.018926 0.134956 0.176788 0.093169 0.182587
2 0.115074 0.018926 0.156861 0.024724 0.134956 0.182587 0.093169 0.176788
2 0.158808 0.025275 0.197438 0.042232 0.133377 0.188166 0.094748 0.171209
2 0.199161 0.043293 0.231714 0.070127 0.130339 0.193105 0.097786 0.166270
2 0.188599 0.070127 0.221151 0.043293 0.322526 0.166270 0.289974 0.193105
2 0.222875 0.042232 0.261504 0.025275 0.325565 0.171209 0.286935 0.188166
2 0.263451 0.024724 0.305238 0.018926 0.327144 0.176788 0.285356 0.182587
2 0.307262 0.018926 0.349049 0.024724 0.327144 0.182587 0.285356 0.176788
2 0.350996 0.025275 0.389625 0.042232 0.325565 0.188166 0.286935 0.171209
2 0.391349 0.043293 0.423901 0.070127 0.322526 0.193105 0.289974 0.166270
2 0.380786 0.070127 0.413339 0.043293 0.514714 0.166270 0.482161 0.193105
2 0.415062 0.042232 0.453692 0.025275 0.517752 0.171209 0.479123 0.188166
2 0.455639 0.024724 0.497426 0.018926 0.519331 0.176788 0.477544 0.182587
2 0.499449 0.018926 0.541236 0.024724 0.519331 0.182587 0.477544 0.176788
2 0.543183 0.025275 0.581813 0.042232 0.517752 0.188166 0.479123 0.171209
2 0.583536 0.043293 0.616089 0.070127 0.514714 0.193105 0.482161 0.166270
2 0.572974 0.070127 0.605526 0.043293 0.706901 0.166270 0.674349 0.193105
2 0.607250 0.042232 0.645879 0.025275 0.709940 0.171209 0.671310 0.188166
2 0.647826 0.024724 0.689613 0.018926 0.711519 0.176788 0.669731 0.182587
2 0.691637 0.018926 0.733424 0.024724 0.711519 0.182587 0.669731 0.176788
2 0.735371 0.025275 0.774000 0.042232 0.709940 0.188166 0.671310 0.171209
2 0.775724 0.043293 0.808276 0.070127 0.706901 0.193105 0.674349 0.166270
2 0.765161 0.070127 0.797714 0.043293 0.899089 0.166270 0.866536 0.193105
2 0.799437 0.042232 0.838067 0.025275 0.902127 0.171209 0.863498 0.188166
2 0.840014 0.024724 0.881801 0.018926 0.903706 0.176788 0.861919 0.182587
2 0.883824 0.018926 0.925611 0.024724 0.903706 0.182587 0.861919 0.176788
2 0.927558 0.025275 0.966188 0.042232 0.902127 0.188166 0.863498 0.171209
2 0.967911 0.043293 1.000464 0.070127 0.899089 0.193105 0.866536 0.166270
2 0.019762 0.161113 0.061549 0.166912 0.039644 0.324774 -0.002144 0.318976
2 0.063496 0.167463 0.102125 0.184420 0.038065 0.330354 -0.000565 0.313396
2 0.103849 0.185480 0.136401 0.212315 0.035026 0.335292 0.002474 0.308458
2 0.093286 0.212315 0.125839 0.185480 0.227214 0.308458 0.194661 0.335292
2 0.127562 0.184420 0.166192 0.167463 0.230252 0.313396 0.191623 0.330354
2 0.168139 0.166912 0.209926 0.161113 0.231831 0.318976 0.190044 0.324774
2 0.211949 0.161113 0.253736 0.166912 0.231831 0.324774 0.190044 0.318976
2 0.255683 0.167463 0.294313 0.184420 0.230252 0.330354 0.191623 0.313396
2 0.296036 0.185480 0.328589 0.212315 0.227214 0.335292 0.194661 0.308458
2 0.285474 0.212315 0.318026 0.185480 0.419401 0.308458 0.386849 0.335292
2 0.319750 0.184420 0.358379 0.167463 0.422440 0.313396 0.383810 0.330354
2 0.360326 0.166912 0.402113 0.161113 0.424019 0.318976 0.382231 0.324774
2 0.404137 0.161113 0.445924 0.166912 0.424019 0.324774 0.382231 0.318976
2 0.447871 0.167463 0.486500 0.184420 0.422440 0.330354 0.383810 0.313396
2 0.488224 0.185480 0.520776 0.212315 0.419401 0.335292 0.386849 0.308458
2 0.477661 0.212315 0.510214 0.185480 0.611589 0.308458 0.579036 0.335292
2 0.511937 0.184420 0.550567 0.167463 0.614627 0.313396 0.575998 0.330354
2 0.552514 0.166912 0.594301 0.161113 0.616206 0.318976 0.574419 0.324774
2 0.596324 0.161113 0.638111 0.166912 0.616206 0.324774 0.574419 0.318976
2 0.640058 0.167463 0.678688 0.184420 0.614627 0.330354 0.575998 0.313396
2 0.680411 0.185480 0.712964 0.212315 0.611589 0.335292 0.579036 0.308458
2 0.669849 0.212315 0.702401 0.185480 0.803776 0.308458 0.771224 0.335292
2 0.704125 0.184420 0.742754 0.167463 0.806815 0.313396 0.768185 0.330354
2 0.744701 0.166912 0.786488 0.161113 0.808394 0.318976 0.766606 0.324774
2 0.788512 0.161113 0.830299 0.166912 0.808394 0.324774 0.766606 0.318976
2 0.832246 0.167463 0.870875 0.184420 0.806815 0.330354 0.768185 0.313396
2 0.872599 0.185480 0.905151 0.212315 0.803776 0.335292 0.771224 0.308458
2 0.862036 0.212315 0.894589 0.185480 0.995964 0.308458 0.963411 0.335292
2 0.896312 0.184420 0.934942 0.167463 0.999002 0.313396 0.960373 0.330354
2 0.936889 0.166912 0.978676 0.161113 1.000581 0.318976 0.958794 0.324774
2 0.030687 0.326607 0.069317 0.309650 0.133377 0.455584 0.094748 0.472541
2 0.071264 0.309099 0.113051 0.303301 0.134956 0.461163 0.093169 0.466962
2 0.115074 0.303301 0.156861 0.309099 0.134956 0.466962 0.093169 0.461163
2 0.158808 0.309650 0.197438 0.326607 0.133377 0.472541 0.094748 0.455584
2 0.199161 0.327668 0.231714 0.354502 0.130339 0.477480 0.097786 0.450645
2 0.188599 0.354502 0.221151 0.327668 0.322526 0.450645 0.289974 0.477480
2 0.222875 0.326607 0.261504 0.309650 0.325565 0.455584 0.286935 0.472541
2 0.263451 0.309099 0.305238 0.303301 0.327144 0.461163 0.285356 0.466962
2 0.307262 0.303301 0.349049 0.309099 0.327144 0.466962 0.285356 0.461163
2 0.350996 0.309650 0.389625 0.326607 0.325565 0.472541 0.286935 0.455584
2 0.391349 0.327668 0.423901 0.354502 0.322526 0.477480 0.289974 0.450645
2 0.380786 0.354502 0.413339 0.327668 0.514714 0.450645 0.482161 0.477480
2 0.415062 0.326607 0.453692 0.309650 0.517752 0.455584 0.479123 0.472541
2 0.455639 0.309099 0.497426 0.303301 0.519331 0.461163 0.477544 0.466962
2 0.499449 0.303301 0.541236 0.309099 0.519331 0.466962 0.477544 0.461163
2 0.543183 0.309650 0.581813 0.326607 0.517752 0.472541 0.479123 0.455584
2 0.583536 0.327668 0.616089 0.354502 0.514714 0.477480 0.482161 0.450645
2 0.572974 0.354502 0.605526 0.327668 0.706901 0.450645 0.674349 0.477480
2 0.607250 0.326607 0.645879 0.309650 0.709940 0.455584 0.671310 0.472541
2 0.647826 0.309099 0.689613 0.303301 0.711519 0.461163 0.669731 0.466962
2 0.691637 0.303301 0.733424 0.309099 0.711519 0.466962 0.669731 0.461163
2 0.735371 0.309650 0.774000 0.326607 0.709940 0.472541 0.671310 0.455584
2 0.775724 0.327668 0.808276 0.354502 0.706901 0.477480 0.674349 0.450645
2 0.765161 0.354502 0.797714 0.327668 0.899089 0.450645 0.866536 0.477480
2 0.799437 0.326607 0.838067 0.309650 0.902127 0.455584 0.863498 0.472541
2 0.840014 0.309099 0.881801 0.303301 0.903706 0.461163 0.861919 0.466962
2 0.883824 0.303301 0.925611 0.309099 0.903706 0.466962 0.861919 0.461163
2 0.927558 0.309650 0.966188 0.326607 0.902127 0.472541 0.863498 0.455584
2 0.967911 0.327668 1.000464 0.354502 0.899089 0.477480 0.866536 0.450645
2 0.019762 0.445488 0.061549 0.451287 0.039644 0.609149 -0.002144 0.603351
2 0.063496 0.451838 0.102125 0.468795 0.038065 0.614729 -0.000565 0.597771
2 0.103849 0.469855 0.136401 0.496690 0.035026 0.619667 0.002474 0.592833
2 0.093286 0.496690 0.125839 0.469855 0.227214 0.592833 0.194661 0.619667
2 0.127562 0.468795 0.166192 0.451838 0.230252 0.597771 0.191623 0.614729
2 0.168139 0.451287 0.209926 0.445488 0.231831 0.603351 0.190044 0.609149
2 0.211949 0.445488 0.253736 0.451287 0.231831 0.609149 0.190044 0.603351
2 0.255683 0.451838 0.294313 0.468795 0.230252 0.614729 0.191623 0.597771
2 0.296036 0.469855 0.328589 0.496690 0.227214 0.619667 0.194661 0.592833
2 0.285474 0.496690 0.318026 0.469855 0.419401 0.592833 0.386849 0.619667
2 0.319750 0.468795 0.358379 0.451838 0.422440 0.597771 0.383810 0.614729
2 0.360326 0.451287 0.402113 0.445488 0.424019 0.603351 0.382231 0.609149
2 0.404137 0.445488 0.445924 0.451287 0.424019 0.609149 0.382231 0.603351
2 0.447871 0.451838 0.486500 0.468795 0.422440 0.614729 0.383810 0.597771
2 0.488224 0.469855 0.520776 0.496690 0.419401 0.619667 0.386849 0.592833
2 0.477661 0.496690 0.510214 0.469855 0.611589 0.592833 0.579036 0.619667
2 0.511937 0.468795 0.550567 0.451838 0.614627 0.597771 0.575998 0.614729
2 0.552514 0.451287 0.594301 0.445488 0.616206 0.603351 0.574419 0.609149
2 0.596324 0.445488 0.638111 0.451287 0.616206 0.609149 0.574419 0.603351
2 0.640058 0.451838 0.678688 0.468795 0.614627 0.614729 0.575998 0.597771
2 0.680411 0.469855 0.712964 0.496690 0.611589 0.619667 0.579036 0.592833
2 0.669849 0.496690 0.702401 0.469855 0.803776 0.592833 0.771224 0.619667
2 0.704125 0.468795 0.742754 0.451838 0.806815 0.597771 0.768185 0.614729
2 0.744701 0.451287 0.786488 0.445488 0.808394 0.603351 0.766606 0.609149
2 0.788512 0.445488 0.830299 0.451287 0.808394 0.609149 0.766606 0.603351
2 0.832246 0.451838 0.870875 0.468795 0.806815 0.614729 0.768185 0.597771
2 0.872599 0.469855 0.905151 0.496690 0.803776 0.619667 0.771224 0.592833
2 0.862036 0.496690 0.894589 0.469855 0.995964 0.592833 0.963411 0.619667
2 0.896312 0.468795 0.934942 0.451838 0.999002 0.597771 0.960373 0.614729
2 0.936889 0.451287 0.978676 0.445488 1.000581 0.603351 0.958794 0.609149
2 0.030687 0.610982 0.069317 0.594025 0.133377 0.739959 0.094748 0.756916
2 0.071264 0.593474 0.113051 0.587676 0.134956 0.745538 0.093169 0.751337
2 0.115074 0.587676 0.156861 0.593474 0.134956 0.751337 0.093169 0.745538
2 0.158808 0.594025 0.197438 0.610982 0.133377 0.756916 0.094748 0.739959
2 0.199161 0.612043 0.231714 0.638877 0.130339 0.761855 0.097786 0.735020
2 0.188599 0.638877 0.221151 0.612043 0.322526 0.735020 0.289974 0.761855
2 0.222875 0.610982 0.261504 0.594025 0.325565 0.739959 0.286935 0.756916
2 0.263451 0.593474 0.305238 0.587676 0.327144 0.745538 0.285356 0.751337
2 0.307262 0.587676 0.349049 0.593474 0.327144 0.751337 0.285356 0.745538
2 0.350996 0.594025 0.389625 0.610982 0.325565 0.756916 0.286935 0.739959
2 0.391349 0.612043 0.423901 0.638877 0.322526 0.761855 0.289974 0.735020
2 0.380786 0.638877 0.413339 0.612043 0.514714 0.735020 0.482161 0.761855
2 0.415062 0.610982 0.453692 0.594025 0.517752 0.739959 0.479123 0.756916
2 0.455639 0.593474 0.497426 0.587676 0.519331 0.745538 0.477544 0.751337
2 0.499449 0.587676 0.541236 0.593474 0.519331 0.751337 0.477544 0.745538
2 0.543183 0.594025 0.581813 0.610982 0.517752 0.756916 0.479123 0.739959
2 0.583536 0.612043 0.616089 0.638877 0.514714 0.761855 0.482161 0.735020
2 0.572974 0.638877 0.605526 0.612043 0.706901 0.735020 0.674349 0.761855
2 0.607250 0.610982 0.645879 0.594025 0.709940 0.739959 0.671310 0.756916
2 0.647826 0.593474 0.689613 0.587676 0.711519 0.745538 0.669731 0.751337
2 0.691637 0.587676 0.733424 0.593474 0.711519 0.751337 0.669731 0.745538
2 0.735371 0.594025 0.774000 0.610982 0.709940 0.756916 0.671310 0.739959
2 0.775724 0.612043 0.808276 0.638877 0.706901 0.761855 0.674349 0.735020
2 0.765161 0.638877 0.797714 0.612043 0.899089 0.735020 0.866536 0.761855
2 0.799437 0.610982 0.838067 0.594025 0.902127 0.739959 0.863498 0.756916
2 0.840014 0.593474 0.881801 0.587676 0.903706 0.745538 0.861919 0.751337
2 0.883824 0.587676 0.925611 0.593474 0.903706 0.751337 0.861919 0.745538
2 0.927558 0.594025 0.966188 0.610982 0.902127 0.756916 0.863498 0.739959
2 0.967911 0.612043 1.000464 0.638877 0.899089 0.761855 0.866536 0.735020