4 0.071080 0.083836 0.198007 0.023295 0.358776 0.360355 0.231849 0.420895
4 0.225000 0.017188 0.365625 0.017188 0.365625 0.390625 0.225000 0.390625
4 0.392618 0.023295 0.519545 0.083836 0.358776 0.420895 0.231849 0.360355
4 0.541279 0.100970 0.629777 0.210256 0.339562 0.445268 0.251063 0.335982
4 0.510848 0.210256 0.599346 0.100970 0.889562 0.335982 0.801063 0.445268
4 0.621080 0.083836 0.748007 0.023295 0.908776 0.360355 0.781849 0.420895
4 0.775000 0.017188 0.915625 0.017188 0.915625 0.390625 0.775000 0.390625
4 0.235848 0.546194 0.324346 0.436908 0.614562 0.671919 0.526063 0.781206
4 0.346080 0.419774 0.473007 0.359233 0.633776 0.696292 0.506849 0.756833
4 0.500000 0.353125 0.640625 0.353125 0.640625 0.726562 0.500000 0.726562
4 0.667618 0.359233 0.794545 0.419774 0.633776 0.756833 0.506849 0.696292
4 0.816279 0.436908 0.904777 0.546194 0.614562 0.781206 0.526063 0.671919