3 0.017188 0.021875 0.073438 0.021875 0.073438 0.118750 0.017188 0.118750
3 0.070312 0.018750 0.126562 0.018750 0.126562 0.115625 0.070312 0.115625
3 0.117188 0.026562 0.173437 0.026562 0.173437 0.123438 0.117188 0.123438
3 0.176563 0.021875 0.232813 0.021875 0.232813 0.118750 0.176563 0.118750
3 0.223438 0.017188 0.279687 0.017188 0.279687 0.114062 0.223438 0.114062
3 0.281250 0.023438 0.337500 0.023438 0.337500 0.120313 0.281250 0.120313
3 0.329688 0.026562 0.385937 0.026562 0.385937 0.123438 0.329688 0.123438
3 0.382812 0.017188 0.439063 0.017188 0.439063 0.114062 0.382812 0.114062
3 0.439063 0.017188 0.495312 0.017188 0.495312 0.114062 0.439063 0.114062
3 0.490625 0.023438 0.546875 0.023438 0.546875 0.120313 0.490625 0.120313
3 0.548438 0.017188 0.604688 0.017188 0.604688 0.114062 0.548438 0.114062
3 0.598437 0.017188 0.654687 0.017188 0.654687 0.114062 0.598437 0.114062
3 0.648438 0.023438 0.704688 0.023438 0.704688 0.120313 0.648438 0.120313
3 0.703125 0.021875 0.759375 0.021875 0.759375 0.118750 0.703125 0.118750
3 0.760938 0.026562 0.817187 0.026562 0.817187 0.123438 0.760938 0.123438
3 0.812500 0.017188 0.868750 0.017188 0.868750 0.114062 0.812500 0.114062
3 0.862500 0.021875 0.918750 0.021875 0.918750 0.118750 0.862500 0.118750
3 0.920312 0.026562 0.976562 0.026562 0.976562 0.123438 0.920312 0.123438
1 0.016406 0.108594 0.071094 0.108594 0.071094 0.213281 0.016406 0.213281
1 0.067969 0.105469 0.122656 0.105469 0.122656 0.210156 0.067969 0.210156
1 0.119531 0.105469 0.174219 0.105469 0.174219 0.210156 0.119531 0.210156
1 0.177344 0.103906 0.232031 0.103906 0.232031 0.208594 0.177344 0.208594
1 0.230469 0.110156 0.285156 0.110156 0.285156 0.214844 0.230469 0.214844
1 0.277344 0.111719 0.332031 0.111719 0.332031 0.216406 0.277344 0.216406
1 0.335156 0.105469 0.389844 0.105469 0.389844 0.210156 0.335156 0.210156
1 0.383594 0.102344 0.438281 0.102344 0.438281 0.207031 0.383594 0.207031
1 0.438281 0.111719 0.492969 0.111719 0.492969 0.216406 0.438281 0.216406
1 0.494531 0.111719 0.549219 0.111719 0.549219 0.216406 0.494531 0.216406
1 0.546094 0.110156 0.600781 0.110156 0.600781 0.214844 0.546094 0.214844
1 0.602344 0.108594 0.657031 0.108594 0.657031 0.213281 0.602344 0.213281
1 0.652344 0.103906 0.707031 0.103906 0.707031 0.208594 0.652344 0.208594
1 0.707031 0.108594 0.761719 0.108594 0.761719 0.213281 0.707031 0.213281
1 0.761719 0.102344 0.816406 0.102344 0.816406 0.207031 0.761719 0.207031
1 0.808594 0.103906 0.863281 0.103906 0.863281 0.208594 0.808594 0.208594
1 0.863281 0.105469 0.917969 0.105469 0.917969 0.210156 0.863281 0.210156
1 0.917969 0.103906 0.972656 0.103906 0.972656 0.208594 0.917969 0.208594
3 0.028125 0.226562 0.062500 0.226562 0.062500 0.285938 0.028125 0.285938
3 0.056250 0.225000 0.090625 0.225000 0.090625 0.284375 0.056250 0.284375
3 0.087500 0.228125 0.121875 0.228125 0.121875 0.287500 0.087500 0.287500
3 0.115625 0.221875 0.150000 0.221875 0.150000 0.281250 0.115625 0.281250
3 0.142187 0.220312 0.176563 0.220312 0.176563 0.279687 0.142187 0.279687
3 0.175000 0.223438 0.209375 0.223438 0.209375 0.282813 0.175000 0.282813
3 0.206250 0.221875 0.240625 0.221875 0.240625 0.281250 0.206250 0.281250
3 0.229687 0.225000 0.264062 0.225000 0.264062 0.284375 0.229687 0.284375
3 0.265625 0.229687 0.300000 0.229687 0.300000 0.289062 0.265625 0.289062
3 0.289062 0.229687 0.323437 0.229687 0.323437 0.289062 0.289062 0.289062
3 0.321875 0.226562 0.356250 0.226562 0.356250 0.285938 0.321875 0.285938
3 0.351562 0.228125 0.385937 0.228125 0.385937 0.287500 0.351562 0.287500
3 0.381250 0.226562 0.415625 0.226562 0.415625 0.285938 0.381250 0.285938
3 0.407813 0.229687 0.442188 0.229687 0.442188 0.289062 0.407813 0.289062
3 0.437500 0.225000 0.471875 0.225000 0.471875 0.284375 0.437500 0.284375
3 0.471875 0.228125 0.506250 0.228125 0.506250 0.287500 0.471875 0.287500
3 0.500000 0.225000 0.534375 0.225000 0.534375 0.284375 0.500000 0.284375
3 0.526563 0.226562 0.560937 0.226562 0.560937 0.285938 0.526563 0.285938
3 0.560937 0.228125 0.595313 0.228125 0.595313 0.287500 0.560937 0.287500
3 0.592187 0.226562 0.626563 0.226562 0.626563 0.285938 0.592187 0.285938
3 0.621875 0.223438 0.656250 0.223438 0.656250 0.282813 0.621875 0.282813
3 0.650000 0.228125 0.684375 0.228125 0.684375 0.287500 0.650000 0.287500
3 0.675000 0.221875 0.709375 0.221875 0.709375 0.281250 0.675000 0.281250
3 0.704688 0.228125 0.739062 0.228125 0.739062 0.287500 0.704688 0.287500
3 0.734375 0.223438 0.768750 0.223438 0.768750 0.282813 0.734375 0.282813
1 0.014844 0.275781 0.066406 0.275781 0.066406 0.342969 0.014844 0.342969
1 0.061719 0.280469 0.113281 0.280469 0.113281 0.347656 0.061719 0.347656
1 0.103906 0.278906 0.155469 0.278906 0.155469 0.346094 0.103906 0.346094
1 0.139844 0.271094 0.191406 0.271094 0.191406 0.338281 0.139844 0.338281
1 0.183594 0.274219 0.235156 0.274219 0.235156 0.341406 0.183594 0.341406
1 0.225781 0.272656 0.277344 0.272656 0.277344 0.339844 0.225781 0.339844
1 0.266406 0.275781 0.317969 0.275781 0.317969 0.342969 0.266406 0.342969
1 0.314844 0.280469 0.366406 0.280469 0.366406 0.347656 0.314844 0.347656
1 0.357031 0.274219 0.408594 0.274219 0.408594 0.341406 0.357031 0.341406
1 0.392969 0.274219 0.444531 0.274219 0.444531 0.341406 0.392969 0.341406
1 0.435156 0.274219 0.486719 0.274219 0.486719 0.341406 0.435156 0.341406
1 0.483594 0.275781 0.535156 0.275781 0.535156 0.342969 0.483594 0.342969
1 0.522656 0.274219 0.574219 0.274219 0.574219 0.341406 0.522656 0.341406
1 0.564844 0.278906 0.616406 0.278906 0.616406 0.346094 0.564844 0.346094
1 0.605469 0.275781 0.657031 0.275781 0.657031 0.342969 0.605469 0.342969
1 0.646094 0.272656 0.697656 0.272656 0.697656 0.339844 0.646094 0.339844
1 0.689844 0.277344 0.741406 0.277344 0.741406 0.344531 0.689844 0.344531
1 0.733594 0.280469 0.785156 0.280469 0.785156 0.347656 0.733594 0.347656
1 0.777344 0.278906 0.828906 0.278906 0.828906 0.346094 0.777344 0.346094
1 0.821094 0.280469 0.872656 0.280469 0.872656 0.347656 0.821094 0.347656
1 0.863281 0.274219 0.914844 0.274219 0.914844 0.341406 0.863281 0.341406
1 0.902344 0.280469 0.953906 0.280469 0.953906 0.347656 0.902344 0.347656