0 0.257031 0.015625 0.321094 0.015625 0.321094 0.050000 0.257031 0.050000
0 0.522656 0.015625 0.586719 0.015625 0.586719 0.050000 0.522656 0.050000
0 0.788281 0.015625 0.852344 0.015625 0.852344 0.050000 0.788281 0.050000
3 0.057044 0.042336 0.143204 0.009550 0.199330 0.157044 0.113170 0.189831
3 0.169296 0.009550 0.255456 0.042336 0.199330 0.189831 0.113170 0.157044
3 0.274948 0.059682 0.317515 0.141453 0.177534 0.214323 0.134966 0.132552
0 0.124219 0.156250 0.188281 0.156250 0.188281 0.190625 0.124219 0.190625
3 0.260610 0.141453 0.303177 0.059682 0.443159 0.132552 0.400591 0.214323
3 0.322669 0.042336 0.408829 0.009550 0.464955 0.157044 0.378795 0.189831
3 0.434921 0.009550 0.521081 0.042336 0.464955 0.189831 0.378795 0.157044
3 0.540573 0.059682 0.583140 0.141453 0.443159 0.214323 0.400591 0.132552
0 0.389844 0.156250 0.453906 0.156250 0.453906 0.190625 0.389844 0.190625
3 0.526235 0.141453 0.568802 0.059682 0.708784 0.132552 0.666216 0.214323
3 0.588294 0.042336 0.674454 0.009550 0.730580 0.157044 0.644420 0.189831
3 0.700546 0.009550 0.786706 0.042336 0.730580 0.189831 0.644420 0.157044
3 0.806198 0.059682 0.848765 0.141453 0.708784 0.214323 0.666216 0.132552
0 0.655469 0.156250 0.719531 0.156250 0.719531 0.190625 0.655469 0.190625
3 0.791860 0.141453 0.834427 0.059682 0.974409 0.132552 0.931841 0.214323
3 0.853919 0.042336 0.940079 0.009550 0.996205 0.157044 0.910045 0.189831
0 0.921094 0.156250 0.985156 0.156250 0.985156 0.190625 0.921094 0.190625
3 0.142135 0.200307 0.184703 0.282078 0.044721 0.354948 0.002154 0.273177
3 0.127797 0.282078 0.170365 0.200307 0.310346 0.273177 0.267779 0.354948
3 0.189856 0.182961 0.276016 0.150175 0.332143 0.297669 0.245982 0.330456
3 0.302109 0.150175 0.388269 0.182961 0.332143 0.330456 0.245982 0.297669
3 0.407760 0.200307 0.450328 0.282078 0.310346 0.354948 0.267779 0.273177
0 0.257031 0.296875 0.321094 0.296875 0.321094 0.331250 0.257031 0.331250
3 0.393422 0.282078 0.435990 0.200307 0.575971 0.273177 0.533404 0.354948
3 0.455481 0.182961 0.541641 0.150175 0.597768 0.297669 0.511607 0.330456
3 0.567734 0.150175 0.653894 0.182961 0.597768 0.330456 0.511607 0.297669
3 0.673385 0.200307 0.715953 0.282078 0.575971 0.354948 0.533404 0.273177
0 0.522656 0.296875 0.586719 0.296875 0.586719 0.331250 0.522656 0.331250
3 0.659047 0.282078 0.701615 0.200307 0.841596 0.273177 0.799029 0.354948
3 0.721106 0.182961 0.807266 0.150175 0.863393 0.297669 0.777232 0.330456
3 0.833359 0.150175 0.919519 0.182961 0.863393 0.330456 0.777232 0.297669
3 0.939010 0.200307 0.981578 0.282078 0.841596 0.354948 0.799029 0.273177
0 0.788281 0.296875 0.852344 0.296875 0.852344 0.331250 0.788281 0.331250
3 0.057044 0.323586 0.143204 0.290800 0.199330 0.438294 0.113170 0.471081
3 0.169296 0.290800 0.255456 0.323586 0.199330 0.471081 0.113170 0.438294
3 0.274948 0.340932 0.317515 0.422703 0.177534 0.495573 0.134966 0.413802
0 0.124219 0.437500 0.188281 0.437500 0.188281 0.471875 0.124219 0.471875
3 0.260610 0.422703 0.303177 0.340932 0.443159 0.413802 0.400591 0.495573
3 0.322669 0.323586 0.408829 0.290800 0.464955 0.438294 0.378795 0.471081
3 0.434921 0.290800 0.521081 0.323586 0.464955 0.471081 0.378795 0.438294
3 0.540573 0.340932 0.583140 0.422703 0.443159 0.495573 0.400591 0.413802
0 0.389844 0.437500 0.453906 0.437500 0.453906 0.471875 0.389844 0.471875
3 0.526235 0.422703 0.568802 0.340932 0.708784 0.413802 0.666216 0.495573
3 0.588294 0.323586 0.674454 0.290800 0.730580 0.438294 0.644420 0.471081
3 0.700546 0.290800 0.786706 0.323586 0.730580 0.471081 0.644420 0.438294
3 0.806198 0.340932 0.848765 0.422703 0.708784 0.495573 0.666216 0.413802
0 0.655469 0.437500 0.719531 0.437500 0.719531 0.471875 0.655469 0.471875
3 0.791860 0.422703 0.834427 0.340932 0.974409 0.413802 0.931841 0.495573
3 0.853919 0.323586 0.940079 0.290800 0.996205 0.438294 0.910045 0.471081
0 0.921094 0.437500 0.985156 0.437500 0.985156 0.471875 0.921094 0.471875
3 0.142135 0.481557 0.184703 0.563328 0.044721 0.636198 0.002154 0.554427
3 0.127797 0.563328 0.170365 0.481557 0.310346 0.554427 0.267779 0.636198
3 0.189856 0.464211 0.276016 0.431425 0.332143 0.578919 0.245982 0.611706
3 0.302109 0.431425 0.388269 0.464211 0.332143 0.611706 0.245982 0.578919
3 0.407760 0.481557 0.450328 0.563328 0.310346 0.636198 0.267779 0.554427
0 0.257031 0.578125 0.321094 0.578125 0.321094 0.612500 0.257031 0.612500
3 0.393422 0.563328 0.435990 0.481557 0.575971 0.554427 0.533404 0.636198
3 0.455481 0.464211 0.541641 0.431425 0.597768 0.578919 0.511607 0.611706
3 0.567734 0.431425 0.653894 0.464211 0.597768 0.611706 0.511607 0.578919
3 0.673385 0.481557 0.715953 0.563328 0.575971 0.636198 0.533404 0.554427
0 0.522656 0.578125 0.586719 0.578125 0.586719 0.612500 0.522656 0.612500
3 0.659047 0.563328 0.701615 0.481557 0.841596 0.554427 0.799029 0.636198
3 0.721106 0.464211 0.807266 0.431425 0.863393 0.578919 0.777232 0.611706
3 0.833359 0.431425 0.919519 0.464211 0.863393 0.611706 0.777232 0.578919
3 0.939010 0.481557 0.981578 0.563328 0.841596 0.636198 0.799029 0.554427
0 0.788281 0.578125 0.852344 0.578125 0.852344 0.612500 0.788281 0.612500
3 0.057044 0.604836 0.143204 0.572050 0.199330 0.719544 0.113170 0.752331
3 0.169296 0.572050 0.255456 0.604836 0.199330 0.752331 0.113170 0.719544
3 0.274948 0.622182 0.317515 0.703953 0.177534 0.776823 0.134966 0.695052
0 0.124219 0.718750 0.188281 0.718750 0.188281 0.753125 0.124219 0.753125
3 0.260610 0.703953 0.303177 0.622182 0.443159 0.695052 0.400591 0.776823
3 0.322669 0.604836 0.408829 0.572050 0.464955 0.719544 0.378795 0.752331
3 0.434921 0.572050 0.521081 0.604836 0.464955 0.752331 0.378795 0.719544
3 0.540573 0.622182 0.583140 0.703953 0.443159 0.776823 0.400591 0.695052
0 0.389844 0.718750 0.453906 0.718750 0.453906 0.753125 0.389844 0.753125
3 0.526235 0.703953 0.568802 0.622182 0.708784 0.695052 0.666216 0.776823
3 0.588294 0.604836 0.674454 0.572050 0.730580 0.719544 0.644420 0.752331
3 0.700546 0.572050 0.786706 0.604836 0.730580 0.752331 0.644420 0.719544
3 0.806198 0.622182 0.848765 0.703953 0.708784 0.776823 0.666216 0.695052
0 0.655469 0.718750 0.719531 0.718750 0.719531 0.753125 0.655469 0.753125
3 0.791860 0.703953 0.834427 0.622182 0.974409 0.695052 0.931841 0.776823
3 0.853919 0.604836 0.940079 0.572050 0.996205 0.719544 0.910045 0.752331
0 0.921094 0.718750 0.985156 0.718750 0.985156 0.753125 0.921094 0.753125