1 0.025000 0.061719 0.053125 0.061719 0.053125 0.116406 0.025000 0.116406
1 0.051562 0.060156 0.079687 0.060156 0.079687 0.114844 0.051562 0.114844
1 0.078125 0.063281 0.106250 0.063281 0.106250 0.117969 0.078125 0.117969
1 0.101562 0.064844 0.129688 0.064844 0.129688 0.119531 0.101562 0.119531
1 0.128125 0.060156 0.156250 0.060156 0.156250 0.114844 0.128125 0.114844
1 0.153125 0.061719 0.181250 0.061719 0.181250 0.116406 0.153125 0.116406
1 0.175000 0.064844 0.203125 0.064844 0.203125 0.119531 0.175000 0.119531
1 0.200000 0.064844 0.228125 0.064844 0.228125 0.119531 0.200000 0.119531
1 0.229687 0.066406 0.257812 0.066406 0.257812 0.121094 0.229687 0.121094
1 0.254688 0.066406 0.282813 0.066406 0.282813 0.121094 0.254688 0.121094
1 0.276562 0.058594 0.304688 0.058594 0.304688 0.113281 0.276562 0.113281
1 0.300000 0.058594 0.328125 0.058594 0.328125 0.113281 0.300000 0.113281
1 0.328125 0.064844 0.356250 0.064844 0.356250 0.119531 0.328125 0.119531
1 0.350000 0.058594 0.378125 0.058594 0.378125 0.113281 0.350000 0.113281
1 0.381250 0.064844 0.409375 0.064844 0.409375 0.119531 0.381250 0.119531
1 0.406250 0.063281 0.434375 0.063281 0.434375 0.117969 0.406250 0.117969
1 0.429688 0.060156 0.457813 0.060156 0.457813 0.114844 0.429688 0.114844
1 0.453125 0.057031 0.481250 0.057031 0.481250 0.111719 0.453125 0.111719
1 0.476562 0.066406 0.504687 0.066406 0.504687 0.121094 0.476562 0.121094
1 0.504687 0.064844 0.532813 0.064844 0.532813 0.119531 0.504687 0.119531
1 0.526563 0.061719 0.554688 0.061719 0.554688 0.116406 0.526563 0.116406
1 0.550000 0.057031 0.578125 0.057031 0.578125 0.111719 0.550000 0.111719
1 0.581250 0.066406 0.609375 0.066406 0.609375 0.121094 0.581250 0.121094
1 0.603125 0.061719 0.631250 0.061719 0.631250 0.116406 0.603125 0.116406
1 0.631250 0.064844 0.659375 0.064844 0.659375 0.119531 0.631250 0.119531
1 0.010937 0.089063 0.067187 0.089063 0.067187 0.195312 0.010937 0.195312
1 0.060937 0.085938 0.117188 0.085938 0.117188 0.192188 0.060937 0.192188
1 0.103125 0.089063 0.159375 0.089063 0.159375 0.195312 0.103125 0.195312
1 0.146875 0.084375 0.203125 0.084375 0.203125 0.190625 0.146875 0.190625
1 0.195312 0.079687 0.251563 0.079687 0.251563 0.185938 0.195312 0.185938
1 0.242188 0.079687 0.298438 0.079687 0.298438 0.185938 0.242188 0.185938
1 0.284375 0.085938 0.340625 0.085938 0.340625 0.192188 0.284375 0.192188
1 0.332813 0.081250 0.389062 0.081250 0.389062 0.187500 0.332813 0.187500
1 0.379688 0.082812 0.435937 0.082812 0.435937 0.189062 0.379688 0.189062
1 0.423438 0.087500 0.479687 0.087500 0.479687 0.193750 0.423438 0.193750
1 0.470313 0.079687 0.526563 0.079687 0.526563 0.185938 0.470313 0.185938
1 0.509375 0.085938 0.565625 0.085938 0.565625 0.192188 0.509375 0.192188
1 0.557813 0.084375 0.614062 0.084375 0.614062 0.190625 0.557813 0.190625
1 0.603125 0.081250 0.659375 0.081250 0.659375 0.187500 0.603125 0.187500
1 0.646875 0.084375 0.703125 0.084375 0.703125 0.190625 0.646875 0.190625
1 0.695312 0.082812 0.751563 0.082812 0.751563 0.189062 0.695312 0.189062
1 0.742188 0.084375 0.798438 0.084375 0.798438 0.190625 0.742188 0.190625
1 0.784375 0.082812 0.840625 0.082812 0.840625 0.189062 0.784375 0.189062
1 0.829688 0.081250 0.885938 0.081250 0.885938 0.187500 0.829688 0.187500
1 0.875000 0.082812 0.931250 0.082812 0.931250 0.189062 0.875000 0.189062
1 0.923438 0.084375 0.979688 0.084375 0.979688 0.190625 0.923438 0.190625
1 0.018750 0.221875 0.059375 0.221875 0.059375 0.265625 0.018750 0.265625
1 0.060937 0.214062 0.101562 0.214062 0.101562 0.257812 0.060937 0.257812
1 0.098437 0.212500 0.139063 0.212500 0.139063 0.256250 0.098437 0.256250
1 0.134375 0.221875 0.175000 0.221875 0.175000 0.265625 0.134375 0.265625
1 0.170313 0.218750 0.210938 0.218750 0.210938 0.262500 0.170313 0.262500
1 0.207813 0.217188 0.248438 0.217188 0.248438 0.260937 0.207813 0.260937
1 0.246875 0.217188 0.287500 0.217188 0.287500 0.260937 0.246875 0.260937
1 0.284375 0.215625 0.325000 0.215625 0.325000 0.259375 0.284375 0.259375
1 0.318750 0.215625 0.359375 0.215625 0.359375 0.259375 0.318750 0.259375
1 0.356250 0.212500 0.396875 0.212500 0.396875 0.256250 0.356250 0.256250
1 0.396875 0.220312 0.437500 0.220312 0.437500 0.264062 0.396875 0.264062
1 0.435937 0.221875 0.476562 0.221875 0.476562 0.265625 0.435937 0.265625
1 0.475000 0.221875 0.515625 0.221875 0.515625 0.265625 0.475000 0.265625
1 0.507812 0.215625 0.548438 0.215625 0.548438 0.259375 0.507812 0.259375
1 0.550000 0.214062 0.590625 0.214062 0.590625 0.257812 0.550000 0.257812
1 0.582812 0.220312 0.623437 0.220312 0.623437 0.264062 0.582812 0.264062
1 0.618750 0.221875 0.659375 0.221875 0.659375 0.265625 0.618750 0.265625
1 0.662500 0.212500 0.703125 0.212500 0.703125 0.256250 0.662500 0.256250
1 0.695312 0.214062 0.735938 0.214062 0.735938 0.257812 0.695312 0.257812
1 0.732812 0.218750 0.773438 0.218750 0.773438 0.262500 0.732812 0.262500
1 0.770312 0.217188 0.810937 0.217188 0.810937 0.260937 0.770312 0.260937
1 0.812500 0.215625 0.853125 0.215625 0.853125 0.259375 0.812500 0.259375
1 0.845313 0.215625 0.885938 0.215625 0.885938 0.259375 0.845313 0.259375
1 0.882812 0.217188 0.923438 0.217188 0.923438 0.260937 0.882812 0.260937
1 0.923438 0.217188 0.964063 0.217188 0.964063 0.260937 0.923438 0.260937
1 0.017969 0.263281 0.063281 0.263281 0.063281 0.311719 0.017969 0.311719
1 0.057031 0.261719 0.102344 0.261719 0.102344 0.310156 0.057031 0.310156
1 0.096094 0.253906 0.141406 0.253906 0.141406 0.302344 0.096094 0.302344
1 0.133594 0.258594 0.178906 0.258594 0.178906 0.307031 0.133594 0.307031
1 0.166406 0.255469 0.211719 0.255469 0.211719 0.303906 0.166406 0.303906
1 0.207031 0.261719 0.252344 0.261719 0.252344 0.310156 0.207031 0.310156
1 0.242969 0.260156 0.288281 0.260156 0.288281 0.308594 0.242969 0.308594
1 0.285156 0.261719 0.330469 0.261719 0.330469 0.310156 0.285156 0.310156
1 0.321094 0.260156 0.366406 0.260156 0.366406 0.308594 0.321094 0.308594
1 0.357031 0.260156 0.402344 0.260156 0.402344 0.308594 0.357031 0.308594
1 0.392969 0.263281 0.438281 0.263281 0.438281 0.311719 0.392969 0.311719
1 0.428906 0.258594 0.474219 0.258594 0.474219 0.307031 0.428906 0.307031
1 0.467969 0.253906 0.513281 0.253906 0.513281 0.302344 0.467969 0.302344
1 0.510156 0.253906 0.555469 0.253906 0.555469 0.302344 0.510156 0.302344
1 0.544531 0.258594 0.589844 0.258594 0.589844 0.307031 0.544531 0.307031
1 0.580469 0.260156 0.625781 0.260156 0.625781 0.308594 0.580469 0.308594
1 0.617969 0.255469 0.663281 0.255469 0.663281 0.303906 0.617969 0.303906
1 0.658594 0.257031 0.703906 0.257031 0.703906 0.305469 0.658594 0.305469
1 0.692969 0.255469 0.738281 0.255469 0.738281 0.303906 0.692969 0.303906
1 0.733594 0.263281 0.778906 0.263281 0.778906 0.311719 0.733594 0.311719
1 0.771094 0.253906 0.816406 0.253906 0.816406 0.302344 0.771094 0.302344
1 0.803906 0.257031 0.849219 0.257031 0.849219 0.305469 0.803906 0.305469
1 0.846094 0.253906 0.891406 0.253906 0.891406 0.302344 0.846094 0.302344
1 0.880469 0.260156 0.925781 0.260156 0.925781 0.308594 0.880469 0.308594
1 0.921094 0.257031 0.966406 0.257031 0.966406 0.305469 0.921094 0.305469
1 0.031250 0.316406 0.059375 0.316406 0.059375 0.346094 0.031250 0.346094
1 0.051562 0.316406 0.079687 0.316406 0.079687 0.346094 0.051562 0.346094
1 0.078125 0.311719 0.106250 0.311719 0.106250 0.341406 0.078125 0.341406
1 0.100000 0.310156 0.128125 0.310156 0.128125 0.339844 0.100000 0.339844
1 0.125000 0.308594 0.153125 0.308594 0.153125 0.338281 0.125000 0.338281
1 0.145313 0.313281 0.173437 0.313281 0.173437 0.342969 0.145313 0.342969
1 0.167187 0.310156 0.195312 0.310156 0.195312 0.339844 0.167187 0.339844
1 0.189062 0.310156 0.217188 0.310156 0.217188 0.339844 0.189062 0.339844
1 0.218750 0.316406 0.246875 0.316406 0.246875 0.346094 0.218750 0.346094
1 0.235937 0.316406 0.264062 0.316406 0.264062 0.346094 0.235937 0.346094
1 0.260937 0.314844 0.289062 0.314844 0.289062 0.344531 0.260937 0.344531
1 0.282813 0.308594 0.310937 0.308594 0.310937 0.338281 0.282813 0.338281
1 0.312500 0.314844 0.340625 0.314844 0.340625 0.344531 0.312500 0.344531
1 0.329688 0.308594 0.357812 0.308594 0.357812 0.338281 0.329688 0.338281
1 0.356250 0.310156 0.384375 0.310156 0.384375 0.339844 0.356250 0.339844
1 0.379688 0.316406 0.407813 0.316406 0.407813 0.346094 0.379688 0.346094
1 0.404687 0.314844 0.432812 0.314844 0.432812 0.344531 0.404687 0.344531
1 0.426563 0.317969 0.454688 0.317969 0.454688 0.347656 0.426563 0.347656
1 0.450000 0.314844 0.478125 0.314844 0.478125 0.344531 0.450000 0.344531
1 0.470313 0.313281 0.498437 0.313281 0.498437 0.342969 0.470313 0.342969
1 0.495312 0.313281 0.523438 0.313281 0.523438 0.342969 0.495312 0.342969
1 0.518750 0.313281 0.546875 0.313281 0.546875 0.342969 0.518750 0.342969
1 0.540625 0.314844 0.568750 0.314844 0.568750 0.344531 0.540625 0.344531
1 0.564063 0.308594 0.592187 0.308594 0.592187 0.338281 0.564063 0.338281
1 0.593750 0.308594 0.621875 0.308594 0.621875 0.338281 0.593750 0.338281
1 0.025000 0.339844 0.053125 0.339844 0.053125 0.369531 0.025000 0.369531
1 0.053125 0.341406 0.081250 0.341406 0.081250 0.371094 0.053125 0.371094
1 0.068750 0.341406 0.096875 0.341406 0.096875 0.371094 0.068750 0.371094
1 0.092188 0.336719 0.120313 0.336719 0.120313 0.366406 0.092188 0.366406
1 0.117188 0.335156 0.145313 0.335156 0.145313 0.364844 0.117188 0.364844
1 0.137500 0.341406 0.165625 0.341406 0.165625 0.371094 0.137500 0.371094
1 0.160938 0.342969 0.189062 0.342969 0.189062 0.372656 0.160938 0.372656
1 0.182812 0.335156 0.210938 0.335156 0.210938 0.364844 0.182812 0.364844
1 0.203125 0.342969 0.231250 0.342969 0.231250 0.372656 0.203125 0.372656
1 0.226562 0.341406 0.254688 0.341406 0.254688 0.371094 0.226562 0.371094
1 0.243750 0.341406 0.271875 0.341406 0.271875 0.371094 0.243750 0.371094
1 0.271875 0.338281 0.300000 0.338281 0.300000 0.367969 0.271875 0.367969
1 0.287500 0.339844 0.315625 0.339844 0.315625 0.369531 0.287500 0.369531
1 0.312500 0.333594 0.340625 0.333594 0.340625 0.363281 0.312500 0.363281
1 0.337500 0.336719 0.365625 0.336719 0.365625 0.366406 0.337500 0.366406
1 0.354687 0.336719 0.382812 0.336719 0.382812 0.366406 0.354687 0.366406
1 0.379688 0.339844 0.407813 0.339844 0.407813 0.369531 0.379688 0.369531
1 0.396875 0.339844 0.425000 0.339844 0.425000 0.369531 0.396875 0.369531
1 0.423438 0.333594 0.451562 0.333594 0.451562 0.363281 0.423438 0.363281
1 0.446875 0.333594 0.475000 0.333594 0.475000 0.363281 0.446875 0.363281
1 0.465625 0.342969 0.493750 0.342969 0.493750 0.372656 0.465625 0.372656
1 0.490625 0.342969 0.518750 0.342969 0.518750 0.372656 0.490625 0.372656
1 0.506250 0.338281 0.534375 0.338281 0.534375 0.367969 0.506250 0.367969
1 0.534375 0.333594 0.562500 0.333594 0.562500 0.363281 0.534375 0.363281
1 0.551562 0.342969 0.579688 0.342969 0.579688 0.372656 0.551562 0.372656
1 0.038281 0.371094 0.049219 0.371094 0.049219 0.385156 0.038281 0.385156
1 0.049219 0.374219 0.060156 0.374219 0.060156 0.388281 0.049219 0.388281
1 0.063281 0.375781 0.074219 0.375781 0.074219 0.389844 0.063281 0.389844
1 0.075781 0.371094 0.086719 0.371094 0.086719 0.385156 0.075781 0.385156
1 0.086719 0.378906 0.097656 0.378906 0.097656 0.392969 0.086719 0.392969
1 0.102344 0.371094 0.113281 0.371094 0.113281 0.385156 0.102344 0.385156
1 0.110156 0.372656 0.121094 0.372656 0.121094 0.386719 0.110156 0.386719
1 0.125781 0.371094 0.136719 0.371094 0.136719 0.385156 0.125781 0.385156
1 0.139844 0.374219 0.150781 0.374219 0.150781 0.388281 0.139844 0.388281
1 0.149219 0.378906 0.160156 0.378906 0.160156 0.392969 0.149219 0.392969
1 0.160156 0.378906 0.171094 0.378906 0.171094 0.392969 0.160156 0.392969
1 0.177344 0.374219 0.188281 0.374219 0.188281 0.388281 0.177344 0.388281
1 0.186719 0.371094 0.197656 0.371094 0.197656 0.385156 0.186719 0.385156
1 0.196094 0.375781 0.207031 0.375781 0.207031 0.389844 0.196094 0.389844
1 0.214844 0.374219 0.225781 0.374219 0.225781 0.388281 0.214844 0.388281
1 0.221094 0.372656 0.232031 0.372656 0.232031 0.386719 0.221094 0.386719
1 0.238281 0.375781 0.249219 0.375781 0.249219 0.389844 0.238281 0.389844
1 0.246094 0.369531 0.257031 0.369531 0.257031 0.383594 0.246094 0.383594
1 0.261719 0.374219 0.272656 0.374219 0.272656 0.388281 0.261719 0.388281
1 0.274219 0.372656 0.285156 0.372656 0.285156 0.386719 0.274219 0.386719
1 0.283594 0.371094 0.294531 0.371094 0.294531 0.385156 0.283594 0.385156
1 0.297656 0.371094 0.308594 0.371094 0.308594 0.385156 0.297656 0.385156
1 0.308594 0.371094 0.319531 0.371094 0.319531 0.385156 0.308594 0.385156
1 0.327344 0.378906 0.338281 0.378906 0.338281 0.392969 0.327344 0.392969
1 0.338281 0.378906 0.349219 0.378906 0.349219 0.392969 0.338281 0.392969
1 0.020313 0.345313 0.070312 0.345313 0.070312 0.439063 0.020313 0.439063
1 0.064062 0.351562 0.114062 0.351562 0.114062 0.445312 0.064062 0.445312
1 0.110937 0.348438 0.160938 0.348438 0.160938 0.442188 0.110937 0.442188
1 0.154688 0.342187 0.204687 0.342187 0.204687 0.435937 0.154688 0.435937
1 0.195312 0.348438 0.245312 0.348438 0.245312 0.442188 0.195312 0.442188
1 0.243750 0.342187 0.293750 0.342187 0.293750 0.435937 0.243750 0.435937
1 0.290625 0.342187 0.340625 0.342187 0.340625 0.435937 0.290625 0.435937
1 0.337500 0.351562 0.387500 0.351562 0.387500 0.445312 0.337500 0.445312
1 0.378125 0.345313 0.428125 0.345313 0.428125 0.439063 0.378125 0.439063
1 0.428125 0.351562 0.478125 0.351562 0.478125 0.445312 0.428125 0.445312
1 0.468750 0.343750 0.518750 0.343750 0.518750 0.437500 0.468750 0.437500
1 0.517188 0.350000 0.567187 0.350000 0.567187 0.443750 0.517188 0.443750
1 0.557813 0.346875 0.607812 0.346875 0.607812 0.440625 0.557813 0.440625
1 0.606250 0.342187 0.656250 0.342187 0.656250 0.435937 0.606250 0.435937
1 0.650000 0.343750 0.700000 0.343750 0.700000 0.437500 0.650000 0.437500
1 0.695312 0.342187 0.745313 0.342187 0.745313 0.435937 0.695312 0.435937
1 0.745313 0.351562 0.795312 0.351562 0.795312 0.445312 0.745313 0.445312
1 0.784375 0.342187 0.834375 0.342187 0.834375 0.435937 0.784375 0.435937
1 0.832812 0.345313 0.882812 0.345313 0.882812 0.439063 0.832812 0.439063
1 0.875000 0.343750 0.925000 0.343750 0.925000 0.437500 0.875000 0.437500
1 0.926562 0.350000 0.976562 0.350000 0.976562 0.443750 0.926562 0.443750
1 0.031250 0.461719 0.056250 0.461719 0.056250 0.494531 0.031250 0.494531
1 0.045312 0.461719 0.070312 0.461719 0.070312 0.494531 0.045312 0.494531
1 0.065625 0.460156 0.090625 0.460156 0.090625 0.492969 0.065625 0.492969
1 0.084375 0.455469 0.109375 0.455469 0.109375 0.488281 0.084375 0.488281
1 0.101562 0.460156 0.126562 0.460156 0.126562 0.492969 0.101562 0.492969
1 0.121875 0.458594 0.146875 0.458594 0.146875 0.491406 0.121875 0.491406
1 0.145313 0.464844 0.170313 0.464844 0.170313 0.497656 0.145313 0.497656
1 0.162500 0.464844 0.187500 0.464844 0.187500 0.497656 0.162500 0.497656
1 0.179688 0.464844 0.204687 0.464844 0.204687 0.497656 0.179688 0.497656
1 0.195312 0.463281 0.220312 0.463281 0.220312 0.496094 0.195312 0.496094
1 0.214062 0.463281 0.239063 0.463281 0.239063 0.496094 0.214062 0.496094
1 0.239063 0.460156 0.264062 0.460156 0.264062 0.492969 0.239063 0.492969
1 0.251563 0.457031 0.276562 0.457031 0.276562 0.489844 0.251563 0.489844
1 0.271875 0.455469 0.296875 0.455469 0.296875 0.488281 0.271875 0.488281
1 0.295312 0.457031 0.320312 0.457031 0.320312 0.489844 0.295312 0.489844
1 0.312500 0.461719 0.337500 0.461719 0.337500 0.494531 0.312500 0.494531
1 0.331250 0.458594 0.356250 0.458594 0.356250 0.491406 0.331250 0.491406
1 0.348438 0.455469 0.373437 0.455469 0.373437 0.488281 0.348438 0.488281
1 0.370312 0.457031 0.395313 0.457031 0.395313 0.489844 0.370312 0.489844
1 0.389062 0.464844 0.414062 0.464844 0.414062 0.497656 0.389062 0.497656
1 0.401562 0.458594 0.426563 0.458594 0.426563 0.491406 0.401562 0.491406
1 0.420312 0.463281 0.445312 0.463281 0.445312 0.496094 0.420312 0.496094
1 0.442188 0.460156 0.467187 0.460156 0.467187 0.492969 0.442188 0.492969
1 0.460938 0.464844 0.485938 0.464844 0.485938 0.497656 0.460938 0.497656
1 0.476562 0.464844 0.501563 0.464844 0.501563 0.497656 0.476562 0.497656
1 0.035937 0.494531 0.051562 0.494531 0.051562 0.514844 0.035937 0.514844
1 0.046875 0.497656 0.062500 0.497656 0.062500 0.517969 0.046875 0.517969
1 0.062500 0.497656 0.078125 0.497656 0.078125 0.517969 0.062500 0.517969
1 0.071875 0.499219 0.087500 0.499219 0.087500 0.519531 0.071875 0.519531
1 0.085938 0.491406 0.101562 0.491406 0.101562 0.511719 0.085938 0.511719
1 0.098437 0.497656 0.114062 0.497656 0.114062 0.517969 0.098437 0.517969
1 0.107813 0.496094 0.123438 0.496094 0.123438 0.516406 0.107813 0.516406
1 0.125000 0.491406 0.140625 0.491406 0.140625 0.511719 0.125000 0.511719
1 0.132812 0.496094 0.148438 0.496094 0.148438 0.516406 0.132812 0.516406
1 0.143750 0.499219 0.159375 0.499219 0.159375 0.519531 0.143750 0.519531
1 0.162500 0.497656 0.178125 0.497656 0.178125 0.517969 0.162500 0.517969
1 0.170313 0.492969 0.185938 0.492969 0.185938 0.513281 0.170313 0.513281
1 0.182812 0.499219 0.198437 0.499219 0.198437 0.519531 0.182812 0.519531
1 0.193750 0.499219 0.209375 0.499219 0.209375 0.519531 0.193750 0.519531
1 0.210938 0.489844 0.226562 0.489844 0.226562 0.510156 0.210938 0.510156
1 0.220312 0.489844 0.235937 0.489844 0.235937 0.510156 0.220312 0.510156
1 0.232813 0.489844 0.248438 0.489844 0.248438 0.510156 0.232813 0.510156
1 0.245312 0.496094 0.260937 0.496094 0.260937 0.516406 0.245312 0.516406
1 0.259375 0.489844 0.275000 0.489844 0.275000 0.510156 0.259375 0.510156
1 0.273438 0.496094 0.289062 0.496094 0.289062 0.516406 0.273438 0.516406
1 0.282813 0.497656 0.298438 0.497656 0.298438 0.517969 0.282813 0.517969
1 0.298438 0.492969 0.314063 0.492969 0.314063 0.513281 0.298438 0.513281
1 0.312500 0.492969 0.328125 0.492969 0.328125 0.513281 0.312500 0.513281
1 0.321875 0.494531 0.337500 0.494531 0.337500 0.514844 0.321875 0.514844
1 0.331250 0.489844 0.346875 0.489844 0.346875 0.510156 0.331250 0.510156
1 0.032031 0.498437 0.055469 0.498437 0.055469 0.542188 0.032031 0.542188
1 0.055469 0.498437 0.078906 0.498437 0.078906 0.542188 0.055469 0.542188
1 0.074219 0.498437 0.097656 0.498437 0.097656 0.542188 0.074219 0.542188
1 0.097656 0.504687 0.121094 0.504687 0.121094 0.548438 0.097656 0.548438
1 0.116406 0.498437 0.139844 0.498437 0.139844 0.542188 0.116406 0.542188
1 0.136719 0.504687 0.160156 0.504687 0.160156 0.548438 0.136719 0.548438
1 0.164844 0.495312 0.188281 0.495312 0.188281 0.539062 0.164844 0.539062
1 0.180469 0.501563 0.203906 0.501563 0.203906 0.545312 0.180469 0.545312
1 0.202344 0.495312 0.225781 0.495312 0.225781 0.539062 0.202344 0.539062
1 0.225781 0.495312 0.249219 0.495312 0.249219 0.539062 0.225781 0.539062
1 0.250781 0.503125 0.274219 0.503125 0.274219 0.546875 0.250781 0.546875
1 0.274219 0.501563 0.297656 0.501563 0.297656 0.545312 0.274219 0.545312
1 0.289844 0.501563 0.313281 0.501563 0.313281 0.545312 0.289844 0.545312
1 0.316406 0.501563 0.339844 0.501563 0.339844 0.545312 0.316406 0.545312
1 0.336719 0.495312 0.360156 0.495312 0.360156 0.539062 0.336719 0.539062
1 0.357031 0.500000 0.380469 0.500000 0.380469 0.543750 0.357031 0.543750
1 0.380469 0.503125 0.403906 0.503125 0.403906 0.546875 0.380469 0.546875
1 0.399219 0.501563 0.422656 0.501563 0.422656 0.545312 0.399219 0.545312
1 0.427344 0.504687 0.450781 0.504687 0.450781 0.548438 0.427344 0.548438
1 0.444531 0.496875 0.467969 0.496875 0.467969 0.540625 0.444531 0.540625
1 0.464844 0.498437 0.488281 0.498437 0.488281 0.542188 0.464844 0.542188
1 0.489844 0.503125 0.513281 0.503125 0.513281 0.546875 0.489844 0.546875
1 0.508594 0.496875 0.532031 0.496875 0.532031 0.540625 0.508594 0.540625
1 0.530469 0.504687 0.553906 0.504687 0.553906 0.548438 0.530469 0.548438
1 0.555469 0.500000 0.578906 0.500000 0.578906 0.543750 0.555469 0.543750
1 0.034375 0.546094 0.056250 0.546094 0.056250 0.588281 0.034375 0.588281
1 0.051562 0.542969 0.073438 0.542969 0.073438 0.585156 0.051562 0.585156
1 0.071875 0.546094 0.093750 0.546094 0.093750 0.588281 0.071875 0.588281
1 0.089063 0.547656 0.110937 0.547656 0.110937 0.589844 0.089063 0.589844
1 0.103125 0.542969 0.125000 0.542969 0.125000 0.585156 0.103125 0.585156
1 0.128125 0.549219 0.150000 0.549219 0.150000 0.591406 0.128125 0.591406
1 0.140625 0.542969 0.162500 0.542969 0.162500 0.585156 0.140625 0.585156
1 0.159375 0.541406 0.181250 0.541406 0.181250 0.583594 0.159375 0.583594
1 0.179688 0.547656 0.201563 0.547656 0.201563 0.589844 0.179688 0.589844
1 0.198437 0.541406 0.220312 0.541406 0.220312 0.583594 0.198437 0.583594
1 0.218750 0.549219 0.240625 0.549219 0.240625 0.591406 0.218750 0.591406
1 0.234375 0.542969 0.256250 0.542969 0.256250 0.585156 0.234375 0.585156
1 0.253125 0.544531 0.275000 0.544531 0.275000 0.586719 0.253125 0.586719
1 0.271875 0.544531 0.293750 0.544531 0.293750 0.586719 0.271875 0.586719
1 0.292187 0.544531 0.314063 0.544531 0.314063 0.586719 0.292187 0.586719
1 0.315625 0.546094 0.337500 0.546094 0.337500 0.588281 0.315625 0.588281
1 0.332813 0.547656 0.354687 0.547656 0.354687 0.589844 0.332813 0.589844
1 0.350000 0.542969 0.371875 0.542969 0.371875 0.585156 0.350000 0.585156
1 0.365625 0.542969 0.387500 0.542969 0.387500 0.585156 0.365625 0.585156
1 0.387500 0.547656 0.409375 0.547656 0.409375 0.589844 0.387500 0.589844
1 0.406250 0.546094 0.428125 0.546094 0.428125 0.588281 0.406250 0.588281
1 0.423438 0.539844 0.445312 0.539844 0.445312 0.582031 0.423438 0.582031
1 0.445312 0.547656 0.467187 0.547656 0.467187 0.589844 0.445312 0.589844
1 0.462500 0.544531 0.484375 0.544531 0.484375 0.586719 0.462500 0.586719
1 0.478125 0.549219 0.500000 0.549219 0.500000 0.591406 0.478125 0.591406
1 0.035156 0.600781 0.046094 0.600781 0.046094 0.621094 0.035156 0.621094
1 0.052344 0.594531 0.063281 0.594531 0.063281 0.614844 0.052344 0.614844
1 0.064844 0.591406 0.075781 0.591406 0.075781 0.611719 0.064844 0.611719
1 0.072656 0.592969 0.083594 0.592969 0.083594 0.613281 0.072656 0.613281
1 0.088281 0.599219 0.099219 0.599219 0.099219 0.619531 0.088281 0.619531
1 0.099219 0.599219 0.110156 0.599219 0.110156 0.619531 0.099219 0.619531
1 0.110156 0.600781 0.121094 0.600781 0.121094 0.621094 0.110156 0.621094
1 0.121094 0.594531 0.132031 0.594531 0.132031 0.614844 0.121094 0.614844
1 0.138281 0.597656 0.149219 0.597656 0.149219 0.617969 0.138281 0.617969
1 0.149219 0.592969 0.160156 0.592969 0.160156 0.613281 0.149219 0.613281
1 0.163281 0.599219 0.174219 0.599219 0.174219 0.619531 0.163281 0.619531
1 0.171094 0.592969 0.182031 0.592969 0.182031 0.613281 0.171094 0.613281
1 0.183594 0.600781 0.194531 0.600781 0.194531 0.621094 0.183594 0.621094
1 0.202344 0.591406 0.213281 0.591406 0.213281 0.611719 0.202344 0.611719
1 0.211719 0.599219 0.222656 0.599219 0.222656 0.619531 0.211719 0.619531
1 0.222656 0.600781 0.233594 0.600781 0.233594 0.621094 0.222656 0.621094
1 0.236719 0.600781 0.247656 0.600781 0.247656 0.621094 0.236719 0.621094
1 0.246094 0.594531 0.257031 0.594531 0.257031 0.614844 0.246094 0.614844
1 0.263281 0.597656 0.274219 0.597656 0.274219 0.617969 0.263281 0.617969
1 0.271094 0.596094 0.282031 0.596094 0.282031 0.616406 0.271094 0.616406
1 0.283594 0.597656 0.294531 0.597656 0.294531 0.617969 0.283594 0.617969
1 0.302344 0.596094 0.313281 0.596094 0.313281 0.616406 0.302344 0.616406
1 0.310156 0.594531 0.321094 0.594531 0.321094 0.614844 0.310156 0.614844
1 0.324219 0.596094 0.335156 0.596094 0.335156 0.616406 0.324219 0.616406
1 0.335156 0.599219 0.346094 0.599219 0.346094 0.619531 0.335156 0.619531