1 0.043750 0.052344 0.093750 0.052344 0.093750 0.147656 0.043750 0.147656
1 0.081250 0.050781 0.131250 0.050781 0.131250 0.146094 0.081250 0.146094
1 0.121875 0.052344 0.171875 0.052344 0.171875 0.147656 0.121875 0.147656
1 0.162500 0.060156 0.212500 0.060156 0.212500 0.155469 0.162500 0.155469
1 0.204687 0.055469 0.254688 0.055469 0.254688 0.150781 0.204687 0.150781
1 0.245312 0.060156 0.295312 0.060156 0.295312 0.155469 0.245312 0.155469
1 0.287500 0.052344 0.337500 0.052344 0.337500 0.147656 0.287500 0.147656
1 0.328125 0.055469 0.378125 0.055469 0.378125 0.150781 0.328125 0.150781
1 0.364063 0.052344 0.414062 0.052344 0.414062 0.147656 0.364063 0.147656
1 0.407813 0.060156 0.457813 0.060156 0.457813 0.155469 0.407813 0.155469
1 0.448437 0.053906 0.498437 0.053906 0.498437 0.149219 0.448437 0.149219
1 0.485938 0.052344 0.535937 0.052344 0.535937 0.147656 0.485938 0.147656
1 0.528125 0.050781 0.578125 0.050781 0.578125 0.146094 0.528125 0.146094
1 0.568750 0.052344 0.618750 0.052344 0.618750 0.147656 0.568750 0.147656
1 0.612500 0.055469 0.662500 0.055469 0.662500 0.150781 0.612500 0.150781
1 0.650000 0.057031 0.700000 0.057031 0.700000 0.152344 0.650000 0.152344
1 0.693750 0.057031 0.743750 0.057031 0.743750 0.152344 0.693750 0.152344
1 0.731250 0.055469 0.781250 0.055469 0.781250 0.150781 0.731250 0.150781
1 0.775000 0.057031 0.825000 0.057031 0.825000 0.152344 0.775000 0.152344
1 0.817187 0.053906 0.867188 0.053906 0.867188 0.149219 0.817187 0.149219
1 0.851562 0.053906 0.901563 0.053906 0.901563 0.149219 0.851562 0.149219
1 0.892188 0.058594 0.942187 0.058594 0.942187 0.153906 0.892188 0.153906
3 0.022656 0.114844 0.108594 0.114844 0.108594 0.263281 0.022656 0.263281
3 0.105469 0.119531 0.191406 0.119531 0.191406 0.267969 0.105469 0.267969
3 0.183594 0.121094 0.269531 0.121094 0.269531 0.269531 0.183594 0.269531
3 0.271094 0.114844 0.357031 0.114844 0.357031 0.263281 0.271094 0.263281
3 0.349219 0.116406 0.435156 0.116406 0.435156 0.264844 0.349219 0.264844
3 0.428906 0.117969 0.514844 0.117969 0.514844 0.266406 0.428906 0.266406
3 0.514844 0.119531 0.600781 0.119531 0.600781 0.267969 0.514844 0.267969
3 0.589844 0.121094 0.675781 0.121094 0.675781 0.269531 0.589844 0.269531
3 0.674219 0.121094 0.760156 0.121094 0.760156 0.269531 0.674219 0.269531
3 0.758594 0.119531 0.844531 0.119531 0.844531 0.267969 0.758594 0.267969
3 0.838281 0.121094 0.924219 0.121094 0.924219 0.269531 0.838281 0.269531
3 0.055469 0.322656 0.082031 0.322656 0.082031 0.367969 0.055469 0.367969
3 0.078906 0.316406 0.105469 0.316406 0.105469 0.361719 0.078906 0.361719
3 0.105469 0.325781 0.132031 0.325781 0.132031 0.371094 0.105469 0.371094
3 0.132031 0.324219 0.158594 0.324219 0.158594 0.369531 0.132031 0.369531
3 0.157031 0.322656 0.183594 0.322656 0.183594 0.367969 0.157031 0.367969
3 0.178906 0.321094 0.205469 0.321094 0.205469 0.366406 0.178906 0.366406
3 0.207031 0.325781 0.233594 0.325781 0.233594 0.371094 0.207031 0.371094
3 0.232031 0.321094 0.258594 0.321094 0.258594 0.366406 0.232031 0.366406
3 0.253906 0.316406 0.280469 0.316406 0.280469 0.361719 0.253906 0.361719
3 0.280469 0.322656 0.307031 0.322656 0.307031 0.367969 0.280469 0.367969
3 0.302344 0.317969 0.328906 0.317969 0.328906 0.363281 0.302344 0.363281
3 0.325781 0.322656 0.352344 0.322656 0.352344 0.367969 0.325781 0.367969
3 0.352344 0.325781 0.378906 0.325781 0.378906 0.371094 0.352344 0.371094
3 0.377344 0.319531 0.403906 0.319531 0.403906 0.364844 0.377344 0.364844
3 0.407031 0.325781 0.433594 0.325781 0.433594 0.371094 0.407031 0.371094
3 0.428906 0.324219 0.455469 0.324219 0.455469 0.369531 0.428906 0.369531
3 0.450781 0.322656 0.477344 0.322656 0.477344 0.367969 0.450781 0.367969
3 0.475781 0.325781 0.502344 0.325781 0.502344 0.371094 0.475781 0.371094
3 0.507031 0.316406 0.533594 0.316406 0.533594 0.361719 0.507031 0.361719
3 0.525781 0.317969 0.552344 0.317969 0.552344 0.363281 0.525781 0.363281
3 0.555469 0.324219 0.582031 0.324219 0.582031 0.369531 0.555469 0.369531
3 0.578906 0.322656 0.605469 0.322656 0.605469 0.367969 0.578906 0.367969
3 0.603906 0.322656 0.630469 0.322656 0.630469 0.367969 0.603906 0.367969
3 0.625781 0.321094 0.652344 0.321094 0.652344 0.366406 0.625781 0.366406
3 0.653906 0.322656 0.680469 0.322656 0.680469 0.367969 0.653906 0.367969
1 0.062500 0.374219 0.075000 0.374219 0.075000 0.391406 0.062500 0.391406
1 0.071875 0.378906 0.084375 0.378906 0.084375 0.396094 0.071875 0.396094
1 0.082812 0.377344 0.095312 0.377344 0.095312 0.394531 0.082812 0.394531
1 0.100000 0.378906 0.112500 0.378906 0.112500 0.396094 0.100000 0.396094
1 0.112500 0.375781 0.125000 0.375781 0.125000 0.392969 0.112500 0.392969
1 0.125000 0.375781 0.137500 0.375781 0.137500 0.392969 0.125000 0.392969
1 0.134375 0.377344 0.146875 0.377344 0.146875 0.394531 0.134375 0.394531
1 0.146875 0.374219 0.159375 0.374219 0.159375 0.391406 0.146875 0.391406
1 0.157812 0.375781 0.170313 0.375781 0.170313 0.392969 0.157812 0.392969
1 0.173437 0.377344 0.185938 0.377344 0.185938 0.394531 0.173437 0.394531
1 0.184375 0.372656 0.196875 0.372656 0.196875 0.389844 0.184375 0.389844
1 0.196875 0.378906 0.209375 0.378906 0.209375 0.396094 0.196875 0.396094
1 0.207813 0.372656 0.220312 0.372656 0.220312 0.389844 0.207813 0.389844
1 0.223438 0.369531 0.235937 0.369531 0.235937 0.386719 0.223438 0.386719
1 0.239063 0.372656 0.251563 0.372656 0.251563 0.389844 0.239063 0.389844
1 0.245312 0.375781 0.257812 0.375781 0.257812 0.392969 0.245312 0.392969
1 0.260937 0.369531 0.273438 0.369531 0.273438 0.386719 0.260937 0.386719
1 0.270313 0.377344 0.282813 0.377344 0.282813 0.394531 0.270313 0.394531
1 0.287500 0.374219 0.300000 0.374219 0.300000 0.391406 0.287500 0.391406
1 0.300000 0.374219 0.312500 0.374219 0.312500 0.391406 0.300000 0.391406
1 0.307812 0.375781 0.320312 0.375781 0.320312 0.392969 0.307812 0.392969
1 0.321875 0.375781 0.334375 0.375781 0.334375 0.392969 0.321875 0.392969
1 0.337500 0.377344 0.350000 0.377344 0.350000 0.394531 0.337500 0.394531
1 0.350000 0.375781 0.362500 0.375781 0.362500 0.392969 0.350000 0.392969
1 0.364063 0.377344 0.376563 0.377344 0.376563 0.394531 0.364063 0.394531
3 0.006250 0.285938 0.134375 0.285938 0.134375 0.504687 0.006250 0.504687
3 0.112500 0.292187 0.240625 0.292187 0.240625 0.510938 0.112500 0.510938
3 0.218750 0.284375 0.346875 0.284375 0.346875 0.503125 0.218750 0.503125
3 0.325000 0.289062 0.453125 0.289062 0.453125 0.507812 0.325000 0.507812
3 0.425000 0.282813 0.553125 0.282813 0.553125 0.501563 0.425000 0.501563
3 0.534375 0.284375 0.662500 0.284375 0.662500 0.503125 0.534375 0.503125
3 0.640625 0.289062 0.768750 0.289062 0.768750 0.507812 0.640625 0.507812
3 0.745313 0.289062 0.873437 0.289062 0.873437 0.507812 0.745313 0.507812
3 0.029687 0.558594 0.104688 0.558594 0.104688 0.688281 0.029687 0.688281
3 0.096875 0.553906 0.171875 0.553906 0.171875 0.683594 0.096875 0.683594
3 0.165625 0.557031 0.240625 0.557031 0.240625 0.686719 0.165625 0.686719
3 0.231250 0.560156 0.306250 0.560156 0.306250 0.689844 0.231250 0.689844
3 0.298438 0.560156 0.373437 0.560156 0.373437 0.689844 0.298438 0.689844
3 0.364063 0.555469 0.439063 0.555469 0.439063 0.685156 0.364063 0.685156
3 0.434375 0.563281 0.509375 0.563281 0.509375 0.692969 0.434375 0.692969
3 0.500000 0.557031 0.575000 0.557031 0.575000 0.686719 0.500000 0.686719
3 0.568750 0.558594 0.643750 0.558594 0.643750 0.688281 0.568750 0.688281
3 0.634375 0.558594 0.709375 0.558594 0.709375 0.688281 0.634375 0.688281
3 0.701562 0.553906 0.776563 0.553906 0.776563 0.683594 0.701562 0.683594
3 0.770312 0.553906 0.845313 0.553906 0.845313 0.683594 0.770312 0.683594
3 0.839063 0.557031 0.914062 0.557031 0.914062 0.686719 0.839063 0.686719
1 0.043750 0.710938 0.096875 0.710938 0.096875 0.810937 0.043750 0.810937
1 0.089063 0.712500 0.142187 0.712500 0.142187 0.812500 0.089063 0.812500
1 0.146875 0.704688 0.200000 0.704688 0.200000 0.804688 0.146875 0.804688
1 0.192188 0.707812 0.245312 0.707812 0.245312 0.807813 0.192188 0.807813
1 0.250000 0.709375 0.303125 0.709375 0.303125 0.809375 0.250000 0.809375
1 0.298438 0.706250 0.351562 0.706250 0.351562 0.806250 0.298438 0.806250
1 0.350000 0.712500 0.403125 0.712500 0.403125 0.812500 0.350000 0.812500
1 0.398438 0.707812 0.451562 0.707812 0.451562 0.807813 0.398438 0.807813
1 0.453125 0.704688 0.506250 0.704688 0.506250 0.804688 0.453125 0.804688
1 0.501563 0.706250 0.554688 0.706250 0.554688 0.806250 0.501563 0.806250
1 0.557813 0.704688 0.610938 0.704688 0.610938 0.804688 0.557813 0.804688
1 0.604688 0.712500 0.657813 0.712500 0.657813 0.812500 0.604688 0.812500
1 0.662500 0.703125 0.715625 0.703125 0.715625 0.803125 0.662500 0.803125
1 0.712500 0.706250 0.765625 0.706250 0.765625 0.806250 0.712500 0.806250
1 0.760938 0.712500 0.814063 0.712500 0.814063 0.812500 0.760938 0.812500
1 0.814063 0.703125 0.867188 0.703125 0.867188 0.803125 0.814063 0.803125
1 0.868750 0.710938 0.921875 0.710938 0.921875 0.810937 0.868750 0.810937
1 0.918750 0.707812 0.971875 0.707812 0.971875 0.807813 0.918750 0.807813
3 0.060156 0.836719 0.074219 0.836719 0.074219 0.860156 0.060156 0.860156
3 0.069531 0.842969 0.083594 0.842969 0.083594 0.866406 0.069531 0.866406
3 0.082031 0.841406 0.096094 0.841406 0.096094 0.864844 0.082031 0.864844
3 0.094531 0.839844 0.108594 0.839844 0.108594 0.863281 0.094531 0.863281
3 0.113281 0.838281 0.127344 0.838281 0.127344 0.861719 0.113281 0.861719
3 0.121094 0.833594 0.135156 0.833594 0.135156 0.857031 0.121094 0.857031
3 0.133594 0.839844 0.147656 0.839844 0.147656 0.863281 0.133594 0.863281
3 0.146094 0.841406 0.160156 0.841406 0.160156 0.864844 0.146094 0.864844
3 0.161719 0.841406 0.175781 0.841406 0.175781 0.864844 0.161719 0.864844
3 0.171094 0.838281 0.185156 0.838281 0.185156 0.861719 0.171094 0.861719
3 0.182031 0.835156 0.196094 0.835156 0.196094 0.858594 0.182031 0.858594
3 0.197656 0.842969 0.211719 0.842969 0.211719 0.866406 0.197656 0.866406
3 0.208594 0.841406 0.222656 0.841406 0.222656 0.864844 0.208594 0.864844
3 0.224219 0.839844 0.238281 0.839844 0.238281 0.863281 0.224219 0.863281
3 0.232031 0.833594 0.246094 0.833594 0.246094 0.857031 0.232031 0.857031
3 0.246094 0.835156 0.260156 0.835156 0.260156 0.858594 0.246094 0.858594
3 0.260156 0.838281 0.274219 0.838281 0.274219 0.861719 0.260156 0.861719
3 0.274219 0.841406 0.288281 0.841406 0.288281 0.864844 0.274219 0.864844
3 0.282031 0.835156 0.296094 0.835156 0.296094 0.858594 0.282031 0.858594
3 0.297656 0.839844 0.311719 0.839844 0.311719 0.863281 0.297656 0.863281
3 0.308594 0.833594 0.322656 0.833594 0.322656 0.857031 0.308594 0.857031
3 0.319531 0.836719 0.333594 0.836719 0.333594 0.860156 0.319531 0.860156
3 0.338281 0.835156 0.352344 0.835156 0.352344 0.858594 0.338281 0.858594
3 0.350781 0.833594 0.364844 0.833594 0.364844 0.857031 0.350781 0.857031
3 0.357031 0.836719 0.371094 0.836719 0.371094 0.860156 0.357031 0.860156
1 0.058594 0.858594 0.072656 0.858594 0.072656 0.885156 0.058594 0.885156
1 0.072656 0.858594 0.086719 0.858594 0.086719 0.885156 0.072656 0.885156
1 0.082031 0.850781 0.096094 0.850781 0.096094 0.877344 0.082031 0.877344
1 0.099219 0.860156 0.113281 0.860156 0.113281 0.886719 0.099219 0.886719
1 0.113281 0.857031 0.127344 0.857031 0.127344 0.883594 0.113281 0.883594
1 0.121094 0.860156 0.135156 0.860156 0.135156 0.886719 0.121094 0.886719
1 0.138281 0.855469 0.152344 0.855469 0.152344 0.882031 0.138281 0.882031
1 0.144531 0.850781 0.158594 0.850781 0.158594 0.877344 0.144531 0.877344
1 0.158594 0.850781 0.172656 0.850781 0.172656 0.877344 0.158594 0.877344
1 0.174219 0.853906 0.188281 0.853906 0.188281 0.880469 0.174219 0.880469
1 0.186719 0.852344 0.200781 0.852344 0.200781 0.878906 0.186719 0.878906
1 0.194531 0.857031 0.208594 0.857031 0.208594 0.883594 0.194531 0.883594
1 0.213281 0.852344 0.227344 0.852344 0.227344 0.878906 0.213281 0.878906
1 0.225781 0.860156 0.239844 0.860156 0.239844 0.886719 0.225781 0.886719
1 0.238281 0.860156 0.252344 0.860156 0.252344 0.886719 0.238281 0.886719
1 0.244531 0.850781 0.258594 0.850781 0.258594 0.877344 0.244531 0.877344
1 0.263281 0.858594 0.277344 0.858594 0.277344 0.885156 0.263281 0.885156
1 0.269531 0.853906 0.283594 0.853906 0.283594 0.880469 0.269531 0.880469
1 0.285156 0.857031 0.299219 0.857031 0.299219 0.883594 0.285156 0.883594
1 0.300781 0.853906 0.314844 0.853906 0.314844 0.880469 0.300781 0.880469
1 0.308594 0.857031 0.322656 0.857031 0.322656 0.883594 0.308594 0.883594
1 0.325781 0.850781 0.339844 0.850781 0.339844 0.877344 0.325781 0.877344
1 0.336719 0.858594 0.350781 0.858594 0.350781 0.885156 0.336719 0.885156
1 0.347656 0.855469 0.361719 0.855469 0.361719 0.882031 0.347656 0.882031
1 0.357031 0.852344 0.371094 0.852344 0.371094 0.878906 0.357031 0.878906