3 0.000813 0.094965 0.030564 0.072137 0.069563 0.122961 0.039812 0.145789
3 0.016340 0.079739 0.051850 0.067685 0.072442 0.128348 0.036933 0.140402
3 0.035937 0.070312 0.073438 0.070312 0.073438 0.134375 0.035937 0.134375
3 0.057525 0.067685 0.093035 0.079739 0.072442 0.140402 0.036933 0.128348
3 0.078811 0.072137 0.108562 0.094965 0.069563 0.145789 0.039812 0.122961
3 0.078938 0.094965 0.108689 0.072137 0.147688 0.122961 0.117937 0.145789
3 0.094465 0.079739 0.129975 0.067685 0.150567 0.128348 0.115058 0.140402
3 0.114062 0.070312 0.151562 0.070312 0.151562 0.134375 0.114062 0.134375
3 0.135650 0.067685 0.171160 0.079739 0.150567 0.140402 0.115058 0.128348
3 0.156936 0.072137 0.186687 0.094965 0.147688 0.145789 0.117937 0.122961
3 0.157063 0.094965 0.186814 0.072137 0.225813 0.122961 0.196062 0.145789
3 0.172590 0.079739 0.208100 0.067685 0.228692 0.128348 0.193183 0.140402
3 0.192188 0.070312 0.229687 0.070312 0.229687 0.134375 0.192188 0.134375
3 0.213775 0.067685 0.249285 0.079739 0.228692 0.140402 0.193183 0.128348
3 0.235061 0.072137 0.264812 0.094965 0.225813 0.145789 0.196062 0.122961
3 0.235188 0.094965 0.264939 0.072137 0.303938 0.122961 0.274187 0.145789
3 0.250715 0.079739 0.286225 0.067685 0.306817 0.128348 0.271308 0.140402
3 0.270313 0.070312 0.307812 0.070312 0.307812 0.134375 0.270313 0.134375
3 0.291900 0.067685 0.327410 0.079739 0.306817 0.140402 0.271308 0.128348
3 0.313186 0.072137 0.342937 0.094965 0.303938 0.145789 0.274187 0.122961
3 0.313313 0.094965 0.343064 0.072137 0.382063 0.122961 0.352312 0.145789
3 0.328840 0.079739 0.364350 0.067685 0.384942 0.128348 0.349433 0.140402
3 0.348438 0.070312 0.385937 0.070312 0.385937 0.134375 0.348438 0.134375
3 0.370025 0.067685 0.405535 0.079739 0.384942 0.140402 0.349433 0.128348
3 0.391311 0.072137 0.421062 0.094965 0.382063 0.145789 0.352312 0.122961
3 0.391438 0.094965 0.421189 0.072137 0.460188 0.122961 0.430437 0.145789
3 0.406965 0.079739 0.442475 0.067685 0.463067 0.128348 0.427558 0.140402
3 0.426563 0.070312 0.464062 0.070312 0.464062 0.134375 0.426563 0.134375
3 0.448150 0.067685 0.483660 0.079739 0.463067 0.140402 0.427558 0.128348
3 0.469436 0.072137 0.499187 0.094965 0.460188 0.145789 0.430437 0.122961
3 0.469563 0.094965 0.499314 0.072137 0.538313 0.122961 0.508562 0.145789
3 0.485090 0.079739 0.520600 0.067685 0.541192 0.128348 0.505683 0.140402
3 0.504687 0.070312 0.542188 0.070312 0.542188 0.134375 0.504687 0.134375
3 0.526275 0.067685 0.561785 0.079739 0.541192 0.140402 0.505683 0.128348
3 0.547561 0.072137 0.577312 0.094965 0.538313 0.145789 0.508562 0.122961
3 0.547688 0.094965 0.577439 0.072137 0.616438 0.122961 0.586687 0.145789
3 0.563215 0.079739 0.598725 0.067685 0.619317 0.128348 0.583808 0.140402
3 0.582812 0.070312 0.620313 0.070312 0.620313 0.134375 0.582812 0.134375
3 0.604400 0.067685 0.639910 0.079739 0.619317 0.140402 0.583808 0.128348
3 0.625686 0.072137 0.655437 0.094965 0.616438 0.145789 0.586687 0.122961
3 0.625813 0.094965 0.655564 0.072137 0.694563 0.122961 0.664812 0.145789
3 0.641340 0.079739 0.676850 0.067685 0.697442 0.128348 0.661933 0.140402
3 0.660937 0.070312 0.698438 0.070312 0.698438 0.134375 0.660937 0.134375
3 0.682525 0.067685 0.718035 0.079739 0.697442 0.140402 0.661933 0.128348
3 0.703811 0.072137 0.733562 0.094965 0.694563 0.145789 0.664812 0.122961
3 0.703938 0.094965 0.733689 0.072137 0.772688 0.122961 0.742937 0.145789
3 0.719465 0.079739 0.754975 0.067685 0.775567 0.128348 0.740058 0.140402
3 0.739062 0.070312 0.776563 0.070312 0.776563 0.134375 0.739062 0.134375
3 0.760650 0.067685 0.796160 0.079739 0.775567 0.140402 0.740058 0.128348
3 0.781936 0.072137 0.811687 0.094965 0.772688 0.145789 0.742937 0.122961
3 0.782063 0.094965 0.811814 0.072137 0.850813 0.122961 0.821062 0.145789
3 0.797590 0.079739 0.833100 0.067685 0.853692 0.128348 0.818183 0.140402
3 0.817187 0.070312 0.854688 0.070312 0.854688 0.134375 0.817187 0.134375
3 0.838775 0.067685 0.874285 0.079739 0.853692 0.140402 0.818183 0.128348
3 0.860061 0.072137 0.889812 0.094965 0.850813 0.145789 0.821062 0.122961
3 0.860188 0.094965 0.889939 0.072137 0.928938 0.122961 0.899187 0.145789
3 0.875715 0.079739 0.911225 0.067685 0.931817 0.128348 0.896308 0.140402
3 0.895312 0.070312 0.932813 0.070312 0.932813 0.134375 0.895312 0.134375
3 0.916900 0.067685 0.952410 0.079739 0.931817 0.140402 0.896308 0.128348
3 0.938186 0.072137 0.967937 0.094965 0.928938 0.145789 0.899187 0.122961
3 0.018462 0.145810 0.053972 0.157864 0.033380 0.218527 -0.002130 0.206473
3 0.039748 0.150262 0.069499 0.173090 0.030500 0.223914 0.000750 0.201086
3 0.039876 0.173090 0.069627 0.150262 0.108625 0.201086 0.078875 0.223914
3 0.055403 0.157864 0.090913 0.145810 0.111505 0.206473 0.075995 0.218527
3 0.075000 0.148438 0.112500 0.148438 0.112500 0.212500 0.075000 0.212500
3 0.096587 0.145810 0.132097 0.157864 0.111505 0.218527 0.075995 0.206473
3 0.117873 0.150262 0.147624 0.173090 0.108625 0.223914 0.078875 0.201086
3 0.118001 0.173090 0.147752 0.150262 0.186750 0.201086 0.157000 0.223914
3 0.133528 0.157864 0.169038 0.145810 0.189630 0.206473 0.154120 0.218527
3 0.153125 0.148438 0.190625 0.148438 0.190625 0.212500 0.153125 0.212500
3 0.174712 0.145810 0.210222 0.157864 0.189630 0.218527 0.154120 0.206473
3 0.195998 0.150262 0.225749 0.173090 0.186750 0.223914 0.157000 0.201086
3 0.196126 0.173090 0.225877 0.150262 0.264875 0.201086 0.235125 0.223914
3 0.211653 0.157864 0.247163 0.145810 0.267755 0.206473 0.232245 0.218527
3 0.231250 0.148438 0.268750 0.148438 0.268750 0.212500 0.231250 0.212500
3 0.252837 0.145810 0.288347 0.157864 0.267755 0.218527 0.232245 0.206473
3 0.274123 0.150262 0.303874 0.173090 0.264875 0.223914 0.235125 0.201086
3 0.274251 0.173090 0.304002 0.150262 0.343000 0.201086 0.313250 0.223914
3 0.289778 0.157864 0.325288 0.145810 0.345880 0.206473 0.310370 0.218527
3 0.309375 0.148438 0.346875 0.148438 0.346875 0.212500 0.309375 0.212500
3 0.330962 0.145810 0.366472 0.157864 0.345880 0.218527 0.310370 0.206473
3 0.352248 0.150262 0.381999 0.173090 0.343000 0.223914 0.313250 0.201086
3 0.352376 0.173090 0.382127 0.150262 0.421125 0.201086 0.391375 0.223914
3 0.367903 0.157864 0.403413 0.145810 0.424005 0.206473 0.388495 0.218527
3 0.387500 0.148438 0.425000 0.148438 0.425000 0.212500 0.387500 0.212500
3 0.409087 0.145810 0.444597 0.157864 0.424005 0.218527 0.388495 0.206473
3 0.430373 0.150262 0.460124 0.173090 0.421125 0.223914 0.391375 0.201086
3 0.430501 0.173090 0.460252 0.150262 0.499250 0.201086 0.469500 0.223914
3 0.446028 0.157864 0.481538 0.145810 0.502130 0.206473 0.466620 0.218527
3 0.465625 0.148438 0.503125 0.148438 0.503125 0.212500 0.465625 0.212500
3 0.487212 0.145810 0.522722 0.157864 0.502130 0.218527 0.466620 0.206473
3 0.508498 0.150262 0.538249 0.173090 0.499250 0.223914 0.469500 0.201086
3 0.508626 0.173090 0.538377 0.150262 0.577375 0.201086 0.547625 0.223914
3 0.524153 0.157864 0.559663 0.145810 0.580255 0.206473 0.544745 0.218527
3 0.543750 0.148438 0.581250 0.148438 0.581250 0.212500 0.543750 0.212500
3 0.565337 0.145810 0.600847 0.157864 0.580255 0.218527 0.544745 0.206473
3 0.586623 0.150262 0.616374 0.173090 0.577375 0.223914 0.547625 0.201086
3 0.586751 0.173090 0.616502 0.150262 0.655500 0.201086 0.625750 0.223914
3 0.602278 0.157864 0.637788 0.145810 0.658380 0.206473 0.622870 0.218527
3 0.621875 0.148438 0.659375 0.148438 0.659375 0.212500 0.621875 0.212500
3 0.643462 0.145810 0.678972 0.157864 0.658380 0.218527 0.622870 0.206473
3 0.664748 0.150262 0.694499 0.173090 0.655500 0.223914 0.625750 0.201086
3 0.664876 0.173090 0.694627 0.150262 0.733625 0.201086 0.703875 0.223914
3 0.680403 0.157864 0.715913 0.145810 0.736505 0.206473 0.700995 0.218527
3 0.700000 0.148438 0.737500 0.148438 0.737500 0.212500 0.700000 0.212500
3 0.721587 0.145810 0.757097 0.157864 0.736505 0.218527 0.700995 0.206473
3 0.742873 0.150262 0.772624 0.173090 0.733625 0.223914 0.703875 0.201086
3 0.743001 0.173090 0.772752 0.150262 0.811750 0.201086 0.782000 0.223914
3 0.758528 0.157864 0.794038 0.145810 0.814630 0.206473 0.779120 0.218527
3 0.778125 0.148438 0.815625 0.148438 0.815625 0.212500 0.778125 0.212500
3 0.799712 0.145810 0.835222 0.157864 0.814630 0.218527 0.779120 0.206473
3 0.820998 0.150262 0.850749 0.173090 0.811750 0.223914 0.782000 0.201086
3 0.821126 0.173090 0.850877 0.150262 0.889875 0.201086 0.860125 0.223914
3 0.836653 0.157864 0.872163 0.145810 0.892755 0.206473 0.857245 0.218527
3 0.856250 0.148438 0.893750 0.148438 0.893750 0.212500 0.856250 0.212500
3 0.877837 0.145810 0.913347 0.157864 0.892755 0.218527 0.857245 0.206473
3 0.899123 0.150262 0.928874 0.173090 0.889875 0.223914 0.860125 0.201086
3 0.000813 0.251215 0.030564 0.228387 0.069563 0.279211 0.039812 0.302039
3 0.016340 0.235989 0.051850 0.223935 0.072442 0.284598 0.036933 0.296652
3 0.035937 0.226562 0.073438 0.226562 0.073438 0.290625 0.035937 0.290625
3 0.057525 0.223935 0.093035 0.235989 0.072442 0.296652 0.036933 0.284598
3 0.078811 0.228387 0.108562 0.251215 0.069563 0.302039 0.039812 0.279211
3 0.078938 0.251215 0.108689 0.228387 0.147688 0.279211 0.117937 0.302039
3 0.094465 0.235989 0.129975 0.223935 0.150567 0.284598 0.115058 0.296652
3 0.114062 0.226562 0.151562 0.226562 0.151562 0.290625 0.114062 0.290625
3 0.135650 0.223935 0.171160 0.235989 0.150567 0.296652 0.115058 0.284598
3 0.156936 0.228387 0.186687 0.251215 0.147688 0.302039 0.117937 0.279211
3 0.157063 0.251215 0.186814 0.228387 0.225813 0.279211 0.196062 0.302039
3 0.172590 0.235989 0.208100 0.223935 0.228692 0.284598 0.193183 0.296652
3 0.192188 0.226562 0.229687 0.226562 0.229687 0.290625 0.192188 0.290625
3 0.213775 0.223935 0.249285 0.235989 0.228692 0.296652 0.193183 0.284598
3 0.235061 0.228387 0.264812 0.251215 0.225813 0.302039 0.196062 0.279211
3 0.235188 0.251215 0.264939 0.228387 0.303938 0.279211 0.274187 0.302039
3 0.250715 0.235989 0.286225 0.223935 0.306817 0.284598 0.271308 0.296652
3 0.270313 0.226562 0.307812 0.226562 0.307812 0.290625 0.270313 0.290625
3 0.291900 0.223935 0.327410 0.235989 0.306817 0.296652 0.271308 0.284598
3 0.313186 0.228387 0.342937 0.251215 0.303938 0.302039 0.274187 0.279211
3 0.313313 0.251215 0.343064 0.228387 0.382063 0.279211 0.352312 0.302039
3 0.328840 0.235989 0.364350 0.223935 0.384942 0.284598 0.349433 0.296652
3 0.348438 0.226562 0.385937 0.226562 0.385937 0.290625 0.348438 0.290625
3 0.370025 0.223935 0.405535 0.235989 0.384942 0.296652 0.349433 0.284598
3 0.391311 0.228387 0.421062 0.251215 0.382063 0.302039 0.352312 0.279211
3 0.391438 0.251215 0.421189 0.228387 0.460188 0.279211 0.430437 0.302039
3 0.406965 0.235989 0.442475 0.223935 0.463067 0.284598 0.427558 0.296652
3 0.426563 0.226562 0.464062 0.226562 0.464062 0.290625 0.426563 0.290625
3 0.448150 0.223935 0.483660 0.235989 0.463067 0.296652 0.427558 0.284598
3 0.469436 0.228387 0.499187 0.251215 0.460188 0.302039 0.430437 0.279211
3 0.469563 0.251215 0.499314 0.228387 0.538313 0.279211 0.508562 0.302039
3 0.485090 0.235989 0.520600 0.223935 0.541192 0.284598 0.505683 0.296652
3 0.504687 0.226562 0.542188 0.226562 0.542188 0.290625 0.504687 0.290625
3 0.526275 0.223935 0.561785 0.235989 0.541192 0.296652 0.505683 0.284598
3 0.547561 0.228387 0.577312 0.251215 0.538313 0.302039 0.508562 0.279211
3 0.547688 0.251215 0.577439 0.228387 0.616438 0.279211 0.586687 0.302039
3 0.563215 0.235989 0.598725 0.223935 0.619317 0.284598 0.583808 0.296652
3 0.582812 0.226562 0.620313 0.226562 0.620313 0.290625 0.582812 0.290625
3 0.604400 0.223935 0.639910 0.235989 0.619317 0.296652 0.583808 0.284598
3 0.625686 0.228387 0.655437 0.251215 0.616438 0.302039 0.586687 0.279211
3 0.625813 0.251215 0.655564 0.228387 0.694563 0.279211 0.664812 0.302039
3 0.641340 0.235989 0.676850 0.223935 0.697442 0.284598 0.661933 0.296652
3 0.660937 0.226562 0.698438 0.226562 0.698438 0.290625 0.660937 0.290625
3 0.682525 0.223935 0.718035 0.235989 0.697442 0.296652 0.661933 0.284598
3 0.703811 0.228387 0.733562 0.251215 0.694563 0.302039 0.664812 0.279211
3 0.703938 0.251215 0.733689 0.228387 0.772688 0.279211 0.742937 0.302039
3 0.719465 0.235989 0.754975 0.223935 0.775567 0.284598 0.740058 0.296652
3 0.739062 0.226562 0.776563 0.226562 0.776563 0.290625 0.739062 0.290625
3 0.760650 0.223935 0.796160 0.235989 0.775567 0.296652 0.740058 0.284598
3 0.781936 0.228387 0.811687 0.251215 0.772688 0.302039 0.742937 0.279211
3 0.782063 0.251215 0.811814 0.228387 0.850813 0.279211 0.821062 0.302039
3 0.797590 0.235989 0.833100 0.223935 0.853692 0.284598 0.818183 0.296652
3 0.817187 0.226562 0.854688 0.226562 0.854688 0.290625 0.817187 0.290625
3 0.838775 0.223935 0.874285 0.235989 0.853692 0.296652 0.818183 0.284598
3 0.860061 0.228387 0.889812 0.251215 0.850813 0.302039 0.821062 0.279211
3 0.860188 0.251215 0.889939 0.228387 0.928938 0.279211 0.899187 0.302039
3 0.875715 0.235989 0.911225 0.223935 0.931817 0.284598 0.896308 0.296652
3 0.895312 0.226562 0.932813 0.226562 0.932813 0.290625 0.895312 0.290625
3 0.916900 0.223935 0.952410 0.235989 0.931817 0.296652 0.896308 0.284598
3 0.938186 0.228387 0.967937 0.251215 0.928938 0.302039 0.899187 0.279211
3 0.018462 0.302060 0.053972 0.314114 0.033380 0.374777 -0.002130 0.362723
3 0.039748 0.306512 0.069499 0.329340 0.030500 0.380164 0.000750 0.357336
3 0.039876 0.329340 0.069627 0.306512 0.108625 0.357336 0.078875 0.380164
3 0.055403 0.314114 0.090913 0.302060 0.111505 0.362723 0.075995 0.374777
3 0.075000 0.304688 0.112500 0.304688 0.112500 0.368750 0.075000 0.368750
3 0.096587 0.302060 0.132097 0.314114 0.111505 0.374777 0.075995 0.362723
3 0.117873 0.306512 0.147624 0.329340 0.108625 0.380164 0.078875 0.357336
3 0.118001 0.329340 0.147752 0.306512 0.186750 0.357336 0.157000 0.380164
3 0.133528 0.314114 0.169038 0.302060 0.189630 0.362723 0.154120 0.374777
3 0.153125 0.304688 0.190625 0.304688 0.190625 0.368750 0.153125 0.368750
3 0.174712 0.302060 0.210222 0.314114 0.189630 0.374777 0.154120 0.362723
3 0.195998 0.306512 0.225749 0.329340 0.186750 0.380164 0.157000 0.357336
3 0.196126 0.329340 0.225877 0.306512 0.264875 0.357336 0.235125 0.380164
3 0.211653 0.314114 0.247163 0.302060 0.267755 0.362723 0.232245 0.374777
3 0.231250 0.304688 0.268750 0.304688 0.268750 0.368750 0.231250 0.368750
3 0.252837 0.302060 0.288347 0.314114 0.267755 0.374777 0.232245 0.362723
3 0.274123 0.306512 0.303874 0.329340 0.264875 0.380164 0.235125 0.357336
3 0.274251 0.329340 0.304002 0.306512 0.343000 0.357336 0.313250 0.380164
3 0.289778 0.314114 0.325288 0.302060 0.345880 0.362723 0.310370 0.374777
3 0.309375 0.304688 0.346875 0.304688 0.346875 0.368750 0.309375 0.368750
3 0.330962 0.302060 0.366472 0.314114 0.345880 0.374777 0.310370 0.362723
3 0.352248 0.306512 0.381999 0.329340 0.343000 0.380164 0.313250 0.357336
3 0.352376 0.329340 0.382127 0.306512 0.421125 0.357336 0.391375 0.380164
3 0.367903 0.314114 0.403413 0.302060 0.424005 0.362723 0.388495 0.374777
3 0.387500 0.304688 0.425000 0.304688 0.425000 0.368750 0.387500 0.368750
3 0.409087 0.302060 0.444597 0.314114 0.424005 0.374777 0.388495 0.362723
3 0.430373 0.306512 0.460124 0.329340 0.421125 0.380164 0.391375 0.357336
3 0.430501 0.329340 0.460252 0.306512 0.499250 0.357336 0.469500 0.380164
3 0.446028 0.314114 0.481538 0.302060 0.502130 0.362723 0.466620 0.374777
3 0.465625 0.304688 0.503125 0.304688 0.503125 0.368750 0.465625 0.368750
3 0.487212 0.302060 0.522722 0.314114 0.502130 0.374777 0.466620 0.362723
3 0.508498 0.306512 0.538249 0.329340 0.499250 0.380164 0.469500 0.357336
3 0.508626 0.329340 0.538377 0.306512 0.577375 0.357336 0.547625 0.380164
3 0.524153 0.314114 0.559663 0.302060 0.580255 0.362723 0.544745 0.374777
3 0.543750 0.304688 0.581250 0.304688 0.581250 0.368750 0.543750 0.368750
3 0.565337 0.302060 0.600847 0.314114 0.580255 0.374777 0.544745 0.362723
3 0.586623 0.306512 0.616374 0.329340 0.577375 0.380164 0.547625 0.357336
3 0.586751 0.329340 0.616502 0.306512 0.655500 0.357336 0.625750 0.380164
3 0.602278 0.314114 0.637788 0.302060 0.658380 0.362723 0.622870 0.374777
3 0.621875 0.304688 0.659375 0.304688 0.659375 0.368750 0.621875 0.368750
3 0.643462 0.302060 0.678972 0.314114 0.658380 0.374777 0.622870 0.362723
3 0.664748 0.306512 0.694499 0.329340 0.655500 0.380164 0.625750 0.357336
3 0.664876 0.329340 0.694627 0.306512 0.733625 0.357336 0.703875 0.380164
3 0.680403 0.314114 0.715913 0.302060 0.736505 0.362723 0.700995 0.374777
3 0.700000 0.304688 0.737500 0.304688 0.737500 0.368750 0.700000 0.368750
3 0.721587 0.302060 0.757097 0.314114 0.736505 0.374777 0.700995 0.362723
3 0.742873 0.306512 0.772624 0.329340 0.733625 0.380164 0.703875 0.357336
3 0.743001 0.329340 0.772752 0.306512 0.811750 0.357336 0.782000 0.380164
3 0.758528 0.314114 0.794038 0.302060 0.814630 0.362723 0.779120 0.374777
3 0.778125 0.304688 0.815625 0.304688 0.815625 0.368750 0.778125 0.368750
3 0.799712 0.302060 0.835222 0.314114 0.814630 0.374777 0.779120 0.362723
3 0.820998 0.306512 0.850749 0.329340 0.811750 0.380164 0.782000 0.357336
3 0.821126 0.329340 0.850877 0.306512 0.889875 0.357336 0.860125 0.380164
3 0.836653 0.314114 0.872163 0.302060 0.892755 0.362723 0.857245 0.374777
3 0.856250 0.304688 0.893750 0.304688 0.893750 0.368750 0.856250 0.368750
3 0.877837 0.302060 0.913347 0.314114 0.892755 0.374777 0.857245 0.362723
3 0.899123 0.306512 0.928874 0.329340 0.889875 0.380164 0.860125 0.357336
3 0.000813 0.407465 0.030564 0.384637 0.069563 0.435461 0.039812 0.458289
3 0.016340 0.392239 0.051850 0.380185 0.072442 0.440848 0.036933 0.452902
3 0.035937 0.382812 0.073438 0.382812 0.073438 0.446875 0.035937 0.446875
3 0.057525 0.380185 0.093035 0.392239 0.072442 0.452902 0.036933 0.440848
3 0.078811 0.384637 0.108562 0.407465 0.069563 0.458289 0.039812 0.435461
3 0.078938 0.407465 0.108689 0.384637 0.147688 0.435461 0.117937 0.458289
3 0.094465 0.392239 0.129975 0.380185 0.150567 0.440848 0.115058 0.452902
3 0.114062 0.382812 0.151562 0.382812 0.151562 0.446875 0.114062 0.446875
3 0.135650 0.380185 0.171160 0.392239 0.150567 0.452902 0.115058 0.440848
3 0.156936 0.384637 0.186687 0.407465 0.147688 0.458289 0.117937 0.435461
3 0.157063 0.407465 0.186814 0.384637 0.225813 0.435461 0.196062 0.458289
3 0.172590 0.392239 0.208100 0.380185 0.228692 0.440848 0.193183 0.452902
3 0.192188 0.382812 0.229687 0.382812 0.229687 0.446875 0.192188 0.446875
3 0.213775 0.380185 0.249285 0.392239 0.228692 0.452902 0.193183 0.440848
3 0.235061 0.384637 0.264812 0.407465 0.225813 0.458289 0.196062 0.435461
3 0.235188 0.407465 0.264939 0.384637 0.303938 0.435461 0.274187 0.458289
3 0.250715 0.392239 0.286225 0.380185 0.306817 0.440848 0.271308 0.452902
3 0.270313 0.382812 0.307812 0.382812 0.307812 0.446875 0.270313 0.446875
3 0.291900 0.380185 0.327410 0.392239 0.306817 0.452902 0.271308 0.440848
3 0.313186 0.384637 0.342937 0.407465 0.303938 0.458289 0.274187 0.435461
3 0.313313 0.407465 0.343064 0.384637 0.382063 0.435461 0.352312 0.458289
3 0.328840 0.392239 0.364350 0.380185 0.384942 0.440848 0.349433 0.452902
3 0.348438 0.382812 0.385937 0.382812 0.385937 0.446875 0.348438 0.446875
3 0.370025 0.380185 0.405535 0.392239 0.384942 0.452902 0.349433 0.440848
3 0.391311 0.384637 0.421062 0.407465 0.382063 0.458289 0.352312 0.435461
3 0.391438 0.407465 0.421189 0.384637 0.460188 0.435461 0.430437 0.458289
3 0.406965 0.392239 0.442475 0.380185 0.463067 0.440848 0.427558 0.452902
3 0.426563 0.382812 0.464062 0.382812 0.464062 0.446875 0.426563 0.446875
3 0.448150 0.380185 0.483660 0.392239 0.463067 0.452902 0.427558 0.440848
3 0.469436 0.384637 0.499187 0.407465 0.460188 0.458289 0.430437 0.435461
3 0.469563 0.407465 0.499314 0.384637 0.538313 0.435461 0.508562 0.458289
3 0.485090 0.392239 0.520600 0.380185 0.541192 0.440848 0.505683 0.452902
3 0.504687 0.382812 0.542188 0.382812 0.542188 0.446875 0.504687 0.446875
3 0.526275 0.380185 0.561785 0.392239 0.541192 0.452902 0.505683 0.440848
3 0.547561 0.384637 0.577312 0.407465 0.538313 0.458289 0.508562 0.435461
3 0.547688 0.407465 0.577439 0.384637 0.616438 0.435461 0.586687 0.458289
3 0.563215 0.392239 0.598725 0.380185 0.619317 0.440848 0.583808 0.452902
3 0.582812 0.382812 0.620313 0.382812 0.620313 0.446875 0.582812 0.446875
3 0.604400 0.380185 0.639910 0.392239 0.619317 0.452902 0.583808 0.440848
3 0.625686 0.384637 0.655437 0.407465 0.616438 0.458289 0.586687 0.435461
3 0.625813 0.407465 0.655564 0.384637 0.694563 0.435461 0.664812 0.458289
3 0.641340 0.392239 0.676850 0.380185 0.697442 0.440848 0.661933 0.452902
3 0.660937 0.382812 0.698438 0.382812 0.698438 0.446875 0.660937 0.446875
3 0.682525 0.380185 0.718035 0.392239 0.697442 0.452902 0.661933 0.440848
3 0.703811 0.384637 0.733562 0.407465 0.694563 0.458289 0.664812 0.435461
3 0.703938 0.407465 0.733689 0.384637 0.772688 0.435461 0.742937 0.458289
3 0.719465 0.392239 0.754975 0.380185 0.775567 0.440848 0.740058 0.452902
3 0.739062 0.382812 0.776563 0.382812 0.776563 0.446875 0.739062 0.446875
3 0.760650 0.380185 0.796160 0.392239 0.775567 0.452902 0.740058 0.440848
3 0.781936 0.384637 0.811687 0.407465 0.772688 0.458289 0.742937 0.435461
3 0.782063 0.407465 0.811814 0.384637 0.850813 0.435461 0.821062 0.458289
3 0.797590 0.392239 0.833100 0.380185 0.853692 0.440848 0.818183 0.452902
3 0.817187 0.382812 0.854688 0.382812 0.854688 0.446875 0.817187 0.446875
3 0.838775 0.380185 0.874285 0.392239 0.853692 0.452902 0.818183 0.440848
3 0.860061 0.384637 0.889812 0.407465 0.850813 0.458289 0.821062 0.435461
3 0.860188 0.407465 0.889939 0.384637 0.928938 0.435461 0.899187 0.458289
3 0.875715 0.392239 0.911225 0.380185 0.931817 0.440848 0.896308 0.452902
3 0.895312 0.382812 0.932813 0.382812 0.932813 0.446875 0.895312 0.446875
3 0.916900 0.380185 0.952410 0.392239 0.931817 0.452902 0.896308 0.440848
3 0.938186 0.384637 0.967937 0.407465 0.928938 0.458289 0.899187 0.435461
3 0.018462 0.458310 0.053972 0.470364 0.033380 0.531027 -0.002130 0.518973
3 0.039748 0.462762 0.069499 0.485590 0.030500 0.536414 0.000750 0.513586
3 0.039876 0.485590 0.069627 0.462762 0.108625 0.513586 0.078875 0.536414
3 0.055403 0.470364 0.090913 0.458310 0.111505 0.518973 0.075995 0.531027
3 0.075000 0.460938 0.112500 0.460938 0.112500 0.525000 0.075000 0.525000
3 0.096587 0.458310 0.132097 0.470364 0.111505 0.531027 0.075995 0.518973
3 0.117873 0.462762 0.147624 0.485590 0.108625 0.536414 0.078875 0.513586
3 0.118001 0.485590 0.147752 0.462762 0.186750 0.513586 0.157000 0.536414
3 0.133528 0.470364 0.169038 0.458310 0.189630 0.518973 0.154120 0.531027
3 0.153125 0.460938 0.190625 0.460938 0.190625 0.525000 0.153125 0.525000
3 0.174712 0.458310 0.210222 0.470364 0.189630 0.531027 0.154120 0.518973
3 0.195998 0.462762 0.225749 0.485590 0.186750 0.536414 0.157000 0.513586
3 0.196126 0.485590 0.225877 0.462762 0.264875 0.513586 0.235125 0.536414
3 0.211653 0.470364 0.247163 0.458310 0.267755 0.518973 0.232245 0.531027
3 0.231250 0.460938 0.268750 0.460938 0.268750 0.525000 0.231250 0.525000
3 0.252837 0.458310 0.288347 0.470364 0.267755 0.531027 0.232245 0.518973
3 0.274123 0.462762 0.303874 0.485590 0.264875 0.536414 0.235125 0.513586
3 0.274251 0.485590 0.304002 0.462762 0.343000 0.513586 0.313250 0.536414
3 0.289778 0.470364 0.325288 0.458310 0.345880 0.518973 0.310370 0.531027
3 0.309375 0.460938 0.346875 0.460938 0.346875 0.525000 0.309375 0.525000
3 0.330962 0.458310 0.366472 0.470364 0.345880 0.531027 0.310370 0.518973
3 0.352248 0.462762 0.381999 0.485590 0.343000 0.536414 0.313250 0.513586
3 0.352376 0.485590 0.382127 0.462762 0.421125 0.513586 0.391375 0.536414
3 0.367903 0.470364 0.403413 0.458310 0.424005 0.518973 0.388495 0.531027
3 0.387500 0.460938 0.425000 0.460938 0.425000 0.525000 0.387500 0.525000
3 0.409087 0.458310 0.444597 0.470364 0.424005 0.531027 0.388495 0.518973
3 0.430373 0.462762 0.460124 0.485590 0.421125 0.536414 0.391375 0.513586
3 0.430501 0.485590 0.460252 0.462762 0.499250 0.513586 0.469500 0.536414
3 0.446028 0.470364 0.481538 0.458310 0.502130 0.518973 0.466620 0.531027
3 0.465625 0.460938 0.503125 0.460938 0.503125 0.525000 0.465625 0.525000
3 0.487212 0.458310 0.522722 0.470364 0.502130 0.531027 0.466620 0.518973
3 0.508498 0.462762 0.538249 0.485590 0.499250 0.536414 0.469500 0.513586
3 0.508626 0.485590 0.538377 0.462762 0.577375 0.513586 0.547625 0.536414
3 0.524153 0.470364 0.559663 0.458310 0.580255 0.518973 0.544745 0.531027
3 0.543750 0.460938 0.581250 0.460938 0.581250 0.525000 0.543750 0.525000
3 0.565337 0.458310 0.600847 0.470364 0.580255 0.531027 0.544745 0.518973
3 0.586623 0.462762 0.616374 0.485590 0.577375 0.536414 0.547625 0.513586
3 0.586751 0.485590 0.616502 0.462762 0.655500 0.513586 0.625750 0.536414
3 0.602278 0.470364 0.637788 0.458310 0.658380 0.518973 0.622870 0.531027
3 0.621875 0.460938 0.659375 0.460938 0.659375 0.525000 0.621875 0.525000
3 0.643462 0.458310 0.678972 0.470364 0.658380 0.531027 0.622870 0.518973
3 0.664748 0.462762 0.694499 0.485590 0.655500 0.536414 0.625750 0.513586
3 0.664876 0.485590 0.694627 0.462762 0.733625 0.513586 0.703875 0.536414
3 0.680403 0.470364 0.715913 0.458310 0.736505 0.518973 0.700995 0.531027
3 0.700000 0.460938 0.737500 0.460938 0.737500 0.525000 0.700000 0.525000
3 0.721587 0.458310 0.757097 0.470364 0.736505 0.531027 0.700995 0.518973
3 0.742873 0.462762 0.772624 0.485590 0.733625 0.536414 0.703875 0.513586
3 0.743001 0.485590 0.772752 0.462762 0.811750 0.513586 0.782000 0.536414
3 0.758528 0.470364 0.794038 0.458310 0.814630 0.518973 0.779120 0.531027
3 0.778125 0.460938 0.815625 0.460938 0.815625 0.525000 0.778125 0.525000
3 0.799712 0.458310 0.835222 0.470364 0.814630 0.531027 0.779120 0.518973
3 0.820998 0.462762 0.850749 0.485590 0.811750 0.536414 0.782000 0.513586
3 0.821126 0.485590 0.850877 0.462762 0.889875 0.513586 0.860125 0.536414
3 0.836653 0.470364 0.872163 0.458310 0.892755 0.518973 0.857245 0.531027
3 0.856250 0.460938 0.893750 0.460938 0.893750 0.525000 0.856250 0.525000
3 0.877837 0.458310 0.913347 0.470364 0.892755 0.531027 0.857245 0.518973
3 0.899123 0.462762 0.928874 0.485590 0.889875 0.536414 0.860125 0.513586
3 0.000813 0.563715 0.030564 0.540887 0.069563 0.591711 0.039812 0.614539
3 0.016340 0.548489 0.051850 0.536435 0.072442 0.597098 0.036933 0.609152
3 0.035937 0.539062 0.073438 0.539062 0.073438 0.603125 0.035937 0.603125
3 0.057525 0.536435 0.093035 0.548489 0.072442 0.609152 0.036933 0.597098
3 0.078811 0.540887 0.108562 0.563715 0.069563 0.614539 0.039812 0.591711
3 0.078938 0.563715 0.108689 0.540887 0.147688 0.591711 0.117937 0.614539
3 0.094465 0.548489 0.129975 0.536435 0.150567 0.597098 0.115058 0.609152
3 0.114062 0.539062 0.151562 0.539062 0.151562 0.603125 0.114062 0.603125
3 0.135650 0.536435 0.171160 0.548489 0.150567 0.609152 0.115058 0.597098
3 0.156936 0.540887 0.186687 0.563715 0.147688 0.614539 0.117937 0.591711
3 0.157063 0.563715 0.186814 0.540887 0.225813 0.591711 0.196062 0.614539
3 0.172590 0.548489 0.208100 0.536435 0.228692 0.597098 0.193183 0.609152
3 0.192188 0.539062 0.229687 0.539062 0.229687 0.603125 0.192188 0.603125
3 0.213775 0.536435 0.249285 0.548489 0.228692 0.609152 0.193183 0.597098
3 0.235061 0.540887 0.264812 0.563715 0.225813 0.614539 0.196062 0.591711
3 0.235188 0.563715 0.264939 0.540887 0.303938 0.591711 0.274187 0.614539
3 0.250715 0.548489 0.286225 0.536435 0.306817 0.597098 0.271308 0.609152
3 0.270313 0.539062 0.307812 0.539062 0.307812 0.603125 0.270313 0.603125
3 0.291900 0.536435 0.327410 0.548489 0.306817 0.609152 0.271308 0.597098
3 0.313186 0.540887 0.342937 0.563715 0.303938 0.614539 0.274187 0.591711
3 0.313313 0.563715 0.343064 0.540887 0.382063 0.591711 0.352312 0.614539
3 0.328840 0.548489 0.364350 0.536435 0.384942 0.597098 0.349433 0.609152
3 0.348438 0.539062 0.385937 0.539062 0.385937 0.603125 0.348438 0.603125
3 0.370025 0.536435 0.405535 0.548489 0.384942 0.609152 0.349433 0.597098
3 0.391311 0.540887 0.421062 0.563715 0.382063 0.614539 0.352312 0.591711
3 0.391438 0.563715 0.421189 0.540887 0.460188 0.591711 0.430437 0.614539
3 0.406965 0.548489 0.442475 0.536435 0.463067 0.597098 0.427558 0.609152
3 0.426563 0.539062 0.464062 0.539062 0.464062 0.603125 0.426563 0.603125
3 0.448150 0.536435 0.483660 0.548489 0.463067 0.609152 0.427558 0.597098
3 0.469436 0.540887 0.499187 0.563715 0.460188 0.614539 0.430437 0.591711
3 0.469563 0.563715 0.499314 0.540887 0.538313 0.591711 0.508562 0.614539
3 0.485090 0.548489 0.520600 0.536435 0.541192 0.597098 0.505683 0.609152
3 0.504687 0.539062 0.542188 0.539062 0.542188 0.603125 0.504687 0.603125
3 0.526275 0.536435 0.561785 0.548489 0.541192 0.609152 0.505683 0.597098
3 0.547561 0.540887 0.577312 0.563715 0.538313 0.614539 0.508562 0.591711
3 0.547688 0.563715 0.577439 0.540887 0.616438 0.591711 0.586687 0.614539
3 0.563215 0.548489 0.598725 0.536435 0.619317 0.597098 0.583808 0.609152
3 0.582812 0.539062 0.620313 0.539062 0.620313 0.603125 0.582812 0.603125
3 0.604400 0.536435 0.639910 0.548489 0.619317 0.609152 0.583808 0.597098
3 0.625686 0.540887 0.655437 0.563715 0.616438 0.614539 0.586687 0.591711
3 0.625813 0.563715 0.655564 0.540887 0.694563 0.591711 0.664812 0.614539
3 0.641340 0.548489 0.676850 0.536435 0.697442 0.597098 0.661933 0.609152
3 0.660937 0.539062 0.698438 0.539062 0.698438 0.603125 0.660937 0.603125
3 0.682525 0.536435 0.718035 0.548489 0.697442 0.609152 0.661933 0.597098
3 0.703811 0.540887 0.733562 0.563715 0.694563 0.614539 0.664812 0.591711
3 0.703938 0.563715 0.733689 0.540887 0.772688 0.591711 0.742937 0.614539
3 0.719465 0.548489 0.754975 0.536435 0.775567 0.597098 0.740058 0.609152
3 0.739062 0.539062 0.776563 0.539062 0.776563 0.603125 0.739062 0.603125
3 0.760650 0.536435 0.796160 0.548489 0.775567 0.609152 0.740058 0.597098
3 0.781936 0.540887 0.811687 0.563715 0.772688 0.614539 0.742937 0.591711
3 0.782063 0.563715 0.811814 0.540887 0.850813 0.591711 0.821062 0.614539
3 0.797590 0.548489 0.833100 0.536435 0.853692 0.597098 0.818183 0.609152
3 0.817187 0.539062 0.854688 0.539062 0.854688 0.603125 0.817187 0.603125
3 0.838775 0.536435 0.874285 0.548489 0.853692 0.609152 0.818183 0.597098
3 0.860061 0.540887 0.889812 0.563715 0.850813 0.614539 0.821062 0.591711
3 0.860188 0.563715 0.889939 0.540887 0.928938 0.591711 0.899187 0.614539
3 0.875715 0.548489 0.911225 0.536435 0.931817 0.597098 0.896308 0.609152
3 0.895312 0.539062 0.932813 0.539062 0.932813 0.603125 0.895312 0.603125
3 0.916900 0.536435 0.952410 0.548489 0.931817 0.609152 0.896308 0.597098
3 0.938186 0.540887 0.967937 0.563715 0.928938 0.614539 0.899187 0.591711
3 0.018462 0.614560 0.053972 0.626614 0.033380 0.687277 -0.002130 0.675223
3 0.039748 0.619012 0.069499 0.641840 0.030500 0.692664 0.000750 0.669836
3 0.039876 0.641840 0.069627 0.619012 0.108625 0.669836 0.078875 0.692664
3 0.055403 0.626614 0.090913 0.614560 0.111505 0.675223 0.075995 0.687277
3 0.075000 0.617188 0.112500 0.617188 0.112500 0.681250 0.075000 0.681250
3 0.096587 0.614560 0.132097 0.626614 0.111505 0.687277 0.075995 0.675223
3 0.117873 0.619012 0.147624 0.641840 0.108625 0.692664 0.078875 0.669836
3 0.118001 0.641840 0.147752 0.619012 0.186750 0.669836 0.157000 0.692664
3 0.133528 0.626614 0.169038 0.614560 0.189630 0.675223 0.154120 0.687277
3 0.153125 0.617188 0.190625 0.617188 0.190625 0.681250 0.153125 0.681250
3 0.174712 0.614560 0.210222 0.626614 0.189630 0.687277 0.154120 0.675223
3 0.195998 0.619012 0.225749 0.641840 0.186750 0.692664 0.157000 0.669836
3 0.196126 0.641840 0.225877 0.619012 0.264875 0.669836 0.235125 0.692664
3 0.211653 0.626614 0.247163 0.614560 0.267755 0.675223 0.232245 0.687277
3 0.231250 0.617188 0.268750 0.617188 0.268750 0.681250 0.231250 0.681250
3 0.252837 0.614560 0.288347 0.626614 0.267755 0.687277 0.232245 0.675223
3 0.274123 0.619012 0.303874 0.641840 0.264875 0.692664 0.235125 0.669836
3 0.274251 0.641840 0.304002 0.619012 0.343000 0.669836 0.313250 0.692664
3 0.289778 0.626614 0.325288 0.614560 0.345880 0.675223 0.310370 0.687277
3 0.309375 0.617188 0.346875 0.617188 0.346875 0.681250 0.309375 0.681250
3 0.330962 0.614560 0.366472 0.626614 0.345880 0.687277 0.310370 0.675223
3 0.352248 0.619012 0.381999 0.641840 0.343000 0.692664 0.313250 0.669836
3 0.352376 0.641840 0.382127 0.619012 0.421125 0.669836 0.391375 0.692664
3 0.367903 0.626614 0.403413 0.614560 0.424005 0.675223 0.388495 0.687277
3 0.387500 0.617188 0.425000 0.617188 0.425000 0.681250 0.387500 0.681250
3 0.409087 0.614560 0.444597 0.626614 0.424005 0.687277 0.388495 0.675223
3 0.430373 0.619012 0.460124 0.641840 0.421125 0.692664 0.391375 0.669836
3 0.430501 0.641840 0.460252 0.619012 0.499250 0.669836 0.469500 0.692664
3 0.446028 0.626614 0.481538 0.614560 0.502130 0.675223 0.466620 0.687277
3 0.465625 0.617188 0.503125 0.617188 0.503125 0.681250 0.465625 0.681250
3 0.487212 0.614560 0.522722 0.626614 0.502130 0.687277 0.466620 0.675223
3 0.508498 0.619012 0.538249 0.641840 0.499250 0.692664 0.469500 0.669836
3 0.508626 0.641840 0.538377 0.619012 0.577375 0.669836 0.547625 0.692664
3 0.524153 0.626614 0.559663 0.614560 0.580255 0.675223 0.544745 0.687277
3 0.543750 0.617188 0.581250 0.617188 0.581250 0.681250 0.543750 0.681250
3 0.565337 0.614560 0.600847 0.626614 0.580255 0.687277 0.544745 0.675223
3 0.586623 0.619012 0.616374 0.641840 0.577375 0.692664 0.547625 0.669836
3 0.586751 0.641840 0.616502 0.619012 0.655500 0.669836 0.625750 0.692664
3 0.602278 0.626614 0.637788 0.614560 0.658380 0.675223 0.622870 0.687277
3 0.621875 0.617188 0.659375 0.617188 0.659375 0.681250 0.621875 0.681250
3 0.643462 0.614560 0.678972 0.626614 0.658380 0.687277 0.622870 0.675223
3 0.664748 0.619012 0.694499 0.641840 0.655500 0.692664 0.625750 0.669836
3 0.664876 0.641840 0.694627 0.619012 0.733625 0.669836 0.703875 0.692664
3 0.680403 0.626614 0.715913 0.614560 0.736505 0.675223 0.700995 0.687277
3 0.700000 0.617188 0.737500 0.617188 0.737500 0.681250 0.700000 0.681250
3 0.721587 0.614560 0.757097 0.626614 0.736505 0.687277 0.700995 0.675223
3 0.742873 0.619012 0.772624 0.641840 0.733625 0.692664 0.703875 0.669836
3 0.743001 0.641840 0.772752 0.619012 0.811750 0.669836 0.782000 0.692664
3 0.758528 0.626614 0.794038 0.614560 0.814630 0.675223 0.779120 0.687277
3 0.778125 0.617188 0.815625 0.617188 0.815625 0.681250 0.778125 0.681250
3 0.799712 0.614560 0.835222 0.626614 0.814630 0.687277 0.779120 0.675223
3 0.820998 0.619012 0.850749 0.641840 0.811750 0.692664 0.782000 0.669836
3 0.821126 0.641840 0.850877 0.619012 0.889875 0.669836 0.860125 0.692664
3 0.836653 0.626614 0.872163 0.614560 0.892755 0.675223 0.857245 0.687277
3 0.856250 0.617188 0.893750 0.617188 0.893750 0.681250 0.856250 0.681250
3 0.877837 0.614560 0.913347 0.626614 0.892755 0.687277 0.857245 0.675223
3 0.899123 0.619012 0.928874 0.641840 0.889875 0.692664 0.860125 0.669836
3 0.000813 0.719965 0.030564 0.697137 0.069563 0.747961 0.039812 0.770789
3 0.016340 0.704739 0.051850 0.692685 0.072442 0.753348 0.036933 0.765402
3 0.035937 0.695312 0.073438 0.695312 0.073438 0.759375 0.035937 0.759375
3 0.057525 0.692685 0.093035 0.704739 0.072442 0.765402 0.036933 0.753348
3 0.078811 0.697137 0.108562 0.719965 0.069563 0.770789 0.039812 0.747961
3 0.078938 0.719965 0.108689 0.697137 0.147688 0.747961 0.117937 0.770789
3 0.094465 0.704739 0.129975 0.692685 0.150567 0.753348 0.115058 0.765402
3 0.114062 0.695312 0.151562 0.695312 0.151562 0.759375 0.114062 0.759375
3 0.135650 0.692685 0.171160 0.704739 0.150567 0.765402 0.115058 0.753348
3 0.156936 0.697137 0.186687 0.719965 0.147688 0.770789 0.117937 0.747961
3 0.157063 0.719965 0.186814 0.697137 0.225813 0.747961 0.196062 0.770789
3 0.172590 0.704739 0.208100 0.692685 0.228692 0.753348 0.193183 0.765402
3 0.192188 0.695312 0.229687 0.695312 0.229687 0.759375 0.192188 0.759375
3 0.213775 0.692685 0.249285 0.704739 0.228692 0.765402 0.193183 0.753348
3 0.235061 0.697137 0.264812 0.719965 0.225813 0.770789 0.196062 0.747961
3 0.235188 0.719965 0.264939 0.697137 0.303938 0.747961 0.274187 0.770789
3 0.250715 0.704739 0.286225 0.692685 0.306817 0.753348 0.271308 0.765402
3 0.270313 0.695312 0.307812 0.695312 0.307812 0.759375 0.270313 0.759375
3 0.291900 0.692685 0.327410 0.704739 0.306817 0.765402 0.271308 0.753348
3 0.313186 0.697137 0.342937 0.719965 0.303938 0.770789 0.274187 0.747961
3 0.313313 0.719965 0.343064 0.697137 0.382063 0.747961 0.352312 0.770789
3 0.328840 0.704739 0.364350 0.692685 0.384942 0.753348 0.349433 0.765402
3 0.348438 0.695312 0.385937 0.695312 0.385937 0.759375 0.348438 0.759375
3 0.370025 0.692685 0.405535 0.704739 0.384942 0.765402 0.349433 0.753348
3 0.391311 0.697137 0.421062 0.719965 0.382063 0.770789 0.352312 0.747961
3 0.391438 0.719965 0.421189 0.697137 0.460188 0.747961 0.430437 0.770789
3 0.406965 0.704739 0.442475 0.692685 0.463067 0.753348 0.427558 0.765402
3 0.426563 0.695312 0.464062 0.695312 0.464062 0.759375 0.426563 0.759375
3 0.448150 0.692685 0.483660 0.704739 0.463067 0.765402 0.427558 0.753348
3 0.469436 0.697137 0.499187 0.719965 0.460188 0.770789 0.430437 0.747961
3 0.469563 0.719965 0.499314 0.697137 0.538313 0.747961 0.508562 0.770789
3 0.485090 0.704739 0.520600 0.692685 0.541192 0.753348 0.505683 0.765402
3 0.504687 0.695312 0.542188 0.695312 0.542188 0.759375 0.504687 0.759375
3 0.526275 0.692685 0.561785 0.704739 0.541192 0.765402 0.505683 0.753348
3 0.547561 0.697137 0.577312 0.719965 0.538313 0.770789 0.508562 0.747961
3 0.547688 0.719965 0.577439 0.697137 0.616438 0.747961 0.586687 0.770789
3 0.563215 0.704739 0.598725 0.692685 0.619317 0.753348 0.583808 0.765402
3 0.582812 0.695312 0.620313 0.695312 0.620313 0.759375 0.582812 0.759375
3 0.604400 0.692685 0.639910 0.704739 0.619317 0.765402 0.583808 0.753348
3 0.625686 0.697137 0.655437 0.719965 0.616438 0.770789 0.586687 0.747961
3 0.625813 0.719965 0.655564 0.697137 0.694563 0.747961 0.664812 0.770789
3 0.641340 0.704739 0.676850 0.692685 0.697442 0.753348 0.661933 0.765402
3 0.660937 0.695312 0.698438 0.695312 0.698438 0.759375 0.660937 0.759375
3 0.682525 0.692685 0.718035 0.704739 0.697442 0.765402 0.661933 0.753348
3 0.703811 0.697137 0.733562 0.719965 0.694563 0.770789 0.664812 0.747961
3 0.703938 0.719965 0.733689 0.697137 0.772688 0.747961 0.742937 0.770789
3 0.719465 0.704739 0.754975 0.692685 0.775567 0.753348 0.740058 0.765402
3 0.739062 0.695312 0.776563 0.695312 0.776563 0.759375 0.739062 0.759375
3 0.760650 0.692685 0.796160 0.704739 0.775567 0.765402 0.740058 0.753348
3 0.781936 0.697137 0.811687 0.719965 0.772688 0.770789 0.742937 0.747961
3 0.782063 0.719965 0.811814 0.697137 0.850813 0.747961 0.821062 0.770789
3 0.797590 0.704739 0.833100 0.692685 0.853692 0.753348 0.818183 0.765402
3 0.817187 0.695312 0.854688 0.695312 0.854688 0.759375 0.817187 0.759375
3 0.838775 0.692685 0.874285 0.704739 0.853692 0.765402 0.818183 0.753348
3 0.860061 0.697137 0.889812 0.719965 0.850813 0.770789 0.821062 0.747961
3 0.860188 0.719965 0.889939 0.697137 0.928938 0.747961 0.899187 0.770789
3 0.875715 0.704739 0.911225 0.692685 0.931817 0.753348 0.896308 0.765402
3 0.895312 0.695312 0.932813 0.695312 0.932813 0.759375 0.895312 0.759375
3 0.916900 0.692685 0.952410 0.704739 0.931817 0.765402 0.896308 0.753348
3 0.938186 0.697137 0.967937 0.719965 0.928938 0.770789 0.899187 0.747961