0 0.003125 0.067969 0.056250 0.067969 0.056250 0.088281 0.003125 0.088281
0 0.046875 0.074219 0.100000 0.074219 0.100000 0.094531 0.046875 0.094531
0 0.090625 0.067969 0.143750 0.067969 0.143750 0.088281 0.090625 0.088281
0 0.135937 0.069531 0.189062 0.069531 0.189062 0.089844 0.135937 0.089844
0 0.185938 0.071094 0.239063 0.071094 0.239063 0.091406 0.185938 0.091406
0 0.229687 0.075781 0.282813 0.075781 0.282813 0.096094 0.229687 0.096094
0 0.273438 0.067969 0.326562 0.067969 0.326562 0.088281 0.273438 0.088281
0 0.320312 0.066406 0.373437 0.066406 0.373437 0.086719 0.320312 0.086719
0 0.364063 0.074219 0.417187 0.074219 0.417187 0.094531 0.364063 0.094531
0 0.414062 0.074219 0.467187 0.074219 0.467187 0.094531 0.414062 0.094531
0 0.454688 0.067969 0.507812 0.067969 0.507812 0.088281 0.454688 0.088281
0 0.504687 0.071094 0.557813 0.071094 0.557813 0.091406 0.504687 0.091406
0 0.550000 0.066406 0.603125 0.066406 0.603125 0.086719 0.550000 0.086719
0 0.593750 0.075781 0.646875 0.075781 0.646875 0.096094 0.593750 0.096094
0 0.639062 0.069531 0.692187 0.069531 0.692187 0.089844 0.639062 0.089844
0 0.679688 0.069531 0.732812 0.069531 0.732812 0.089844 0.679688 0.089844
0 0.725000 0.067969 0.778125 0.067969 0.778125 0.088281 0.725000 0.088281
0 0.773438 0.066406 0.826562 0.066406 0.826562 0.086719 0.773438 0.086719
0 0.818750 0.071094 0.871875 0.071094 0.871875 0.091406 0.818750 0.091406
0 0.862500 0.067969 0.915625 0.067969 0.915625 0.088281 0.862500 0.088281
0 0.909375 0.074219 0.962500 0.074219 0.962500 0.094531 0.909375 0.094531
1 0.012500 0.068750 0.046875 0.068750 0.046875 0.134375 0.012500 0.134375
1 0.040625 0.064062 0.075000 0.064062 0.075000 0.129688 0.040625 0.129688
1 0.076563 0.060937 0.110937 0.060937 0.110937 0.126562 0.076563 0.126562
1 0.104688 0.062500 0.139063 0.062500 0.139063 0.128125 0.104688 0.128125
1 0.134375 0.068750 0.168750 0.068750 0.168750 0.134375 0.134375 0.134375
1 0.168750 0.065625 0.203125 0.065625 0.203125 0.131250 0.168750 0.131250
1 0.203125 0.070312 0.237500 0.070312 0.237500 0.135937 0.203125 0.135937
1 0.234375 0.064062 0.268750 0.064062 0.268750 0.129688 0.234375 0.129688
1 0.264062 0.068750 0.298438 0.068750 0.298438 0.134375 0.264062 0.134375
1 0.290625 0.068750 0.325000 0.068750 0.325000 0.134375 0.290625 0.134375
1 0.321875 0.070312 0.356250 0.070312 0.356250 0.135937 0.321875 0.135937
1 0.353125 0.070312 0.387500 0.070312 0.387500 0.135937 0.353125 0.135937
1 0.384375 0.064062 0.418750 0.064062 0.418750 0.129688 0.384375 0.129688
1 0.420312 0.065625 0.454688 0.065625 0.454688 0.131250 0.420312 0.131250
1 0.446875 0.070312 0.481250 0.070312 0.481250 0.135937 0.446875 0.135937
1 0.478125 0.068750 0.512500 0.068750 0.512500 0.134375 0.478125 0.134375
1 0.515625 0.067187 0.550000 0.067187 0.550000 0.132812 0.515625 0.132812
1 0.542188 0.060937 0.576562 0.060937 0.576562 0.126562 0.542188 0.126562
1 0.571875 0.068750 0.606250 0.068750 0.606250 0.134375 0.571875 0.134375
1 0.607812 0.060937 0.642188 0.060937 0.642188 0.126562 0.607812 0.126562
1 0.634375 0.067187 0.668750 0.067187 0.668750 0.132812 0.634375 0.132812
1 0.668750 0.065625 0.703125 0.065625 0.703125 0.131250 0.668750 0.131250
1 0.696875 0.060937 0.731250 0.060937 0.731250 0.126562 0.696875 0.126562
1 0.728125 0.067187 0.762500 0.067187 0.762500 0.132812 0.728125 0.132812
1 0.762500 0.067187 0.796875 0.067187 0.796875 0.132812 0.762500 0.132812
0 0.107031 0.125781 0.267969 0.125781 0.267969 0.189844 0.107031 0.189844
0 0.260156 0.121094 0.421094 0.121094 0.421094 0.185156 0.260156 0.185156
0 0.416406 0.125781 0.577344 0.125781 0.577344 0.189844 0.416406 0.189844
0 0.574219 0.128906 0.735156 0.128906 0.735156 0.192969 0.574219 0.192969
0 0.730469 0.127344 0.891406 0.127344 0.891406 0.191406 0.730469 0.191406
1 0.020313 0.200781 0.035937 0.200781 0.035937 0.230469 0.020313 0.230469
1 0.032813 0.194531 0.048438 0.194531 0.048438 0.224219 0.032813 0.224219
1 0.050000 0.202344 0.065625 0.202344 0.065625 0.232031 0.050000 0.232031
1 0.056250 0.196094 0.071875 0.196094 0.071875 0.225781 0.056250 0.225781
1 0.070312 0.202344 0.085938 0.202344 0.085938 0.232031 0.070312 0.232031
1 0.084375 0.199219 0.100000 0.199219 0.100000 0.228906 0.084375 0.228906
1 0.095312 0.196094 0.110937 0.196094 0.110937 0.225781 0.095312 0.225781
1 0.112500 0.200781 0.128125 0.200781 0.128125 0.230469 0.112500 0.230469
1 0.120313 0.192969 0.135937 0.192969 0.135937 0.222656 0.120313 0.222656
1 0.132812 0.192969 0.148438 0.192969 0.148438 0.222656 0.132812 0.222656
1 0.146875 0.196094 0.162500 0.196094 0.162500 0.225781 0.146875 0.225781
1 0.157812 0.194531 0.173437 0.194531 0.173437 0.224219 0.157812 0.224219
1 0.171875 0.200781 0.187500 0.200781 0.187500 0.230469 0.171875 0.230469
1 0.184375 0.194531 0.200000 0.194531 0.200000 0.224219 0.184375 0.224219
1 0.196875 0.200781 0.212500 0.200781 0.212500 0.230469 0.196875 0.230469
1 0.207813 0.192969 0.223438 0.192969 0.223438 0.222656 0.207813 0.222656
1 0.221875 0.192969 0.237500 0.192969 0.237500 0.222656 0.221875 0.222656
1 0.235937 0.202344 0.251563 0.202344 0.251563 0.232031 0.235937 0.232031
1 0.248438 0.200781 0.264062 0.200781 0.264062 0.230469 0.248438 0.230469
1 0.262500 0.192969 0.278125 0.192969 0.278125 0.222656 0.262500 0.222656
1 0.268750 0.199219 0.284375 0.199219 0.284375 0.228906 0.268750 0.228906
1 0.287500 0.197656 0.303125 0.197656 0.303125 0.227344 0.287500 0.227344
1 0.298438 0.197656 0.314063 0.197656 0.314063 0.227344 0.298438 0.227344
1 0.310937 0.196094 0.326562 0.196094 0.326562 0.225781 0.310937 0.225781
1 0.325000 0.202344 0.340625 0.202344 0.340625 0.232031 0.325000 0.232031
0 0.076563 0.217188 0.189062 0.217188 0.189062 0.260937 0.076563 0.260937
0 0.170313 0.220312 0.282813 0.220312 0.282813 0.264062 0.170313 0.264062
0 0.276562 0.214062 0.389062 0.214062 0.389062 0.257812 0.276562 0.257812
0 0.370312 0.218750 0.482812 0.218750 0.482812 0.262500 0.370312 0.262500
0 0.475000 0.220312 0.587500 0.220312 0.587500 0.264062 0.475000 0.264062
0 0.575000 0.223438 0.687500 0.223438 0.687500 0.267188 0.575000 0.267188
0 0.670312 0.221875 0.782813 0.221875 0.782813 0.265625 0.670312 0.265625
0 0.775000 0.214062 0.887500 0.214062 0.887500 0.257812 0.775000 0.257812
1 0.018750 0.260156 0.034375 0.260156 0.034375 0.289844 0.018750 0.289844
1 0.032813 0.263281 0.048438 0.263281 0.048438 0.292969 0.032813 0.292969
1 0.046875 0.269531 0.062500 0.269531 0.062500 0.299219 0.046875 0.299219
1 0.067187 0.269531 0.082812 0.269531 0.082812 0.299219 0.067187 0.299219
1 0.078125 0.260156 0.093750 0.260156 0.093750 0.289844 0.078125 0.289844
1 0.095312 0.263281 0.110937 0.263281 0.110937 0.292969 0.095312 0.292969
1 0.103125 0.269531 0.118750 0.269531 0.118750 0.299219 0.103125 0.299219
1 0.118750 0.260156 0.134375 0.260156 0.134375 0.289844 0.118750 0.289844
1 0.131250 0.267969 0.146875 0.267969 0.146875 0.297656 0.131250 0.297656
1 0.151562 0.267969 0.167187 0.267969 0.167187 0.297656 0.151562 0.297656
1 0.164062 0.261719 0.179688 0.261719 0.179688 0.291406 0.164062 0.291406
1 0.173437 0.263281 0.189062 0.263281 0.189062 0.292969 0.173437 0.292969
1 0.187500 0.269531 0.203125 0.269531 0.203125 0.299219 0.187500 0.299219
1 0.206250 0.267969 0.221875 0.267969 0.221875 0.297656 0.206250 0.297656
1 0.220312 0.261719 0.235937 0.261719 0.235937 0.291406 0.220312 0.291406
1 0.229687 0.269531 0.245312 0.269531 0.245312 0.299219 0.229687 0.299219
1 0.248438 0.269531 0.264062 0.269531 0.264062 0.299219 0.248438 0.299219
1 0.257812 0.261719 0.273438 0.261719 0.273438 0.291406 0.257812 0.291406
1 0.276562 0.264844 0.292187 0.264844 0.292187 0.294531 0.276562 0.294531
1 0.290625 0.269531 0.306250 0.269531 0.306250 0.299219 0.290625 0.299219
1 0.306250 0.263281 0.321875 0.263281 0.321875 0.292969 0.306250 0.292969
1 0.315625 0.263281 0.331250 0.263281 0.331250 0.292969 0.315625 0.292969
1 0.332813 0.267969 0.348438 0.267969 0.348438 0.297656 0.332813 0.297656
1 0.342187 0.261719 0.357812 0.261719 0.357812 0.291406 0.342187 0.291406
1 0.362500 0.263281 0.378125 0.263281 0.378125 0.292969 0.362500 0.292969
0 0.092188 0.285156 0.223438 0.285156 0.223438 0.336719 0.092188 0.336719
0 0.217188 0.280469 0.348438 0.280469 0.348438 0.332031 0.217188 0.332031
0 0.346875 0.278906 0.478125 0.278906 0.478125 0.330469 0.346875 0.330469
0 0.473438 0.285156 0.604688 0.285156 0.604688 0.336719 0.473438 0.336719
0 0.593750 0.283594 0.725000 0.283594 0.725000 0.335156 0.593750 0.335156
0 0.725000 0.278906 0.856250 0.278906 0.856250 0.330469 0.725000 0.330469
1 0.003906 0.325781 0.052344 0.325781 0.052344 0.377344 0.003906 0.377344
1 0.046094 0.324219 0.094531 0.324219 0.094531 0.375781 0.046094 0.375781
1 0.086719 0.327344 0.135156 0.327344 0.135156 0.378906 0.086719 0.378906
1 0.130469 0.322656 0.178906 0.322656 0.178906 0.374219 0.130469 0.374219
1 0.177344 0.327344 0.225781 0.327344 0.225781 0.378906 0.177344 0.378906
1 0.216406 0.327344 0.264844 0.327344 0.264844 0.378906 0.216406 0.378906
1 0.258594 0.327344 0.307031 0.327344 0.307031 0.378906 0.258594 0.378906
1 0.299219 0.324219 0.347656 0.324219 0.347656 0.375781 0.299219 0.375781
1 0.344531 0.321094 0.392969 0.321094 0.392969 0.372656 0.344531 0.372656
1 0.386719 0.324219 0.435156 0.324219 0.435156 0.375781 0.386719 0.375781
1 0.428906 0.324219 0.477344 0.324219 0.477344 0.375781 0.428906 0.375781
1 0.467969 0.330469 0.516406 0.330469 0.516406 0.382031 0.467969 0.382031
1 0.510156 0.328906 0.558594 0.328906 0.558594 0.380469 0.510156 0.380469
1 0.550781 0.321094 0.599219 0.321094 0.599219 0.372656 0.550781 0.372656
1 0.597656 0.330469 0.646094 0.330469 0.646094 0.382031 0.597656 0.382031
1 0.639844 0.321094 0.688281 0.321094 0.688281 0.372656 0.639844 0.372656
1 0.678906 0.321094 0.727344 0.321094 0.727344 0.372656 0.678906 0.372656
1 0.721094 0.328906 0.769531 0.328906 0.769531 0.380469 0.721094 0.380469
1 0.766406 0.328906 0.814844 0.328906 0.814844 0.380469 0.766406 0.380469
1 0.810156 0.328906 0.858594 0.328906 0.858594 0.380469 0.810156 0.380469
1 0.849219 0.324219 0.897656 0.324219 0.897656 0.375781 0.849219 0.375781
1 0.889844 0.327344 0.938281 0.327344 0.938281 0.378906 0.889844 0.378906
1 0.930469 0.324219 0.978906 0.324219 0.978906 0.375781 0.930469 0.375781
0 0.005469 0.349219 0.057031 0.349219 0.057031 0.444531 0.005469 0.444531
0 0.047656 0.353906 0.099219 0.353906 0.099219 0.449219 0.047656 0.449219
0 0.097656 0.349219 0.149219 0.349219 0.149219 0.444531 0.097656 0.444531
0 0.144531 0.355469 0.196094 0.355469 0.196094 0.450781 0.144531 0.450781
0 0.191406 0.357031 0.242969 0.357031 0.242969 0.452344 0.191406 0.452344
0 0.238281 0.355469 0.289844 0.355469 0.289844 0.450781 0.238281 0.450781
0 0.283594 0.349219 0.335156 0.349219 0.335156 0.444531 0.283594 0.444531
0 0.332031 0.355469 0.383594 0.355469 0.383594 0.450781 0.332031 0.450781
0 0.375781 0.347656 0.427344 0.347656 0.427344 0.442969 0.375781 0.442969
0 0.422656 0.353906 0.474219 0.353906 0.474219 0.449219 0.422656 0.449219
0 0.471094 0.355469 0.522656 0.355469 0.522656 0.450781 0.471094 0.450781
0 0.517969 0.353906 0.569531 0.353906 0.569531 0.449219 0.517969 0.449219
0 0.563281 0.357031 0.614844 0.357031 0.614844 0.452344 0.563281 0.452344
0 0.614844 0.352344 0.666406 0.352344 0.666406 0.447656 0.614844 0.447656
0 0.661719 0.352344 0.713281 0.352344 0.713281 0.447656 0.661719 0.447656
0 0.703906 0.353906 0.755469 0.353906 0.755469 0.449219 0.703906 0.449219
0 0.757031 0.352344 0.808594 0.352344 0.808594 0.447656 0.757031 0.447656
0 0.799219 0.347656 0.850781 0.347656 0.850781 0.442969 0.799219 0.442969
0 0.846094 0.352344 0.897656 0.352344 0.897656 0.447656 0.846094 0.447656
0 0.891406 0.350781 0.942969 0.350781 0.942969 0.446094 0.891406 0.446094