2 0.046094 0.069531 0.060156 0.069531 0.060156 0.111719 0.046094 0.111719
2 0.064844 0.071094 0.078906 0.071094 0.078906 0.113281 0.064844 0.113281
2 0.075781 0.075781 0.089844 0.075781 0.089844 0.117969 0.075781 0.117969
2 0.085156 0.077344 0.099219 0.077344 0.099219 0.119531 0.085156 0.119531
2 0.102344 0.077344 0.116406 0.077344 0.116406 0.119531 0.102344 0.119531
2 0.110156 0.067969 0.124219 0.067969 0.124219 0.110156 0.110156 0.110156
2 0.122656 0.071094 0.136719 0.071094 0.136719 0.113281 0.122656 0.113281
2 0.139844 0.067969 0.153906 0.067969 0.153906 0.110156 0.139844 0.110156
2 0.150781 0.072656 0.164844 0.072656 0.164844 0.114844 0.150781 0.114844
2 0.160156 0.077344 0.174219 0.077344 0.174219 0.119531 0.160156 0.119531
2 0.172656 0.069531 0.186719 0.069531 0.186719 0.111719 0.172656 0.111719
2 0.185156 0.069531 0.199219 0.069531 0.199219 0.111719 0.185156 0.111719
2 0.200781 0.075781 0.214844 0.075781 0.214844 0.117969 0.200781 0.117969
2 0.208594 0.069531 0.222656 0.069531 0.222656 0.111719 0.208594 0.111719
2 0.222656 0.077344 0.236719 0.077344 0.236719 0.119531 0.222656 0.119531
2 0.233594 0.071094 0.247656 0.071094 0.247656 0.113281 0.233594 0.113281
2 0.252344 0.075781 0.266406 0.075781 0.266406 0.117969 0.252344 0.117969
2 0.260156 0.067969 0.274219 0.067969 0.274219 0.110156 0.260156 0.110156
2 0.277344 0.075781 0.291406 0.075781 0.291406 0.117969 0.277344 0.117969
2 0.285156 0.067969 0.299219 0.067969 0.299219 0.110156 0.285156 0.110156
2 0.297656 0.072656 0.311719 0.072656 0.311719 0.114844 0.297656 0.114844
2 0.310156 0.069531 0.324219 0.069531 0.324219 0.111719 0.310156 0.111719
2 0.327344 0.071094 0.341406 0.071094 0.341406 0.113281 0.327344 0.113281
2 0.333594 0.075781 0.347656 0.075781 0.347656 0.117969 0.333594 0.117969
2 0.352344 0.069531 0.366406 0.069531 0.366406 0.111719 0.352344 0.111719
2 0.043750 0.432812 0.071875 0.432812 0.071875 0.495312 0.043750 0.495312
2 0.062500 0.434375 0.090625 0.434375 0.090625 0.496875 0.062500 0.496875
2 0.085938 0.435937 0.114062 0.435937 0.114062 0.498437 0.085938 0.498437
2 0.109375 0.435937 0.137500 0.435937 0.137500 0.498437 0.109375 0.498437
2 0.135937 0.442188 0.164062 0.442188 0.164062 0.504687 0.135937 0.504687
2 0.160938 0.440625 0.189062 0.440625 0.189062 0.503125 0.160938 0.503125
2 0.179688 0.432812 0.207813 0.432812 0.207813 0.495312 0.179688 0.495312
2 0.204687 0.440625 0.232813 0.440625 0.232813 0.503125 0.204687 0.503125
2 0.232813 0.434375 0.260937 0.434375 0.260937 0.496875 0.232813 0.496875
2 0.254688 0.432812 0.282813 0.432812 0.282813 0.495312 0.254688 0.495312
2 0.276562 0.437500 0.304688 0.437500 0.304688 0.500000 0.276562 0.500000
2 0.301563 0.437500 0.329688 0.437500 0.329688 0.500000 0.301563 0.500000
2 0.326562 0.440625 0.354687 0.440625 0.354687 0.503125 0.326562 0.503125
2 0.350000 0.435937 0.378125 0.435937 0.378125 0.498437 0.350000 0.498437
2 0.370312 0.437500 0.398438 0.437500 0.398438 0.500000 0.370312 0.500000
2 0.390625 0.432812 0.418750 0.432812 0.418750 0.495312 0.390625 0.495312
2 0.418750 0.437500 0.446875 0.437500 0.446875 0.500000 0.418750 0.500000
2 0.443750 0.439063 0.471875 0.439063 0.471875 0.501563 0.443750 0.501563
2 0.467187 0.440625 0.495312 0.440625 0.495312 0.503125 0.467187 0.503125
2 0.489063 0.435937 0.517188 0.435937 0.517188 0.498437 0.489063 0.498437
2 0.512500 0.437500 0.540625 0.437500 0.540625 0.500000 0.512500 0.500000
2 0.535937 0.440625 0.564063 0.440625 0.564063 0.503125 0.535937 0.503125
2 0.554688 0.439063 0.582812 0.439063 0.582812 0.501563 0.554688 0.501563
2 0.579688 0.434375 0.607812 0.434375 0.607812 0.496875 0.579688 0.496875
2 0.607812 0.440625 0.635938 0.440625 0.635938 0.503125 0.607812 0.503125
2 0.036719 0.475781 0.082031 0.475781 0.082031 0.583594 0.036719 0.583594
2 0.069531 0.471094 0.114844 0.471094 0.114844 0.578906 0.069531 0.578906
2 0.108594 0.472656 0.153906 0.472656 0.153906 0.580469 0.108594 0.580469
2 0.142969 0.467969 0.188281 0.467969 0.188281 0.575781 0.142969 0.575781
2 0.186719 0.467969 0.232031 0.467969 0.232031 0.575781 0.186719 0.575781
2 0.221094 0.477344 0.266406 0.477344 0.266406 0.585156 0.221094 0.585156
2 0.260156 0.475781 0.305469 0.475781 0.305469 0.583594 0.260156 0.583594
2 0.296094 0.467969 0.341406 0.467969 0.341406 0.575781 0.296094 0.575781
2 0.330469 0.467969 0.375781 0.467969 0.375781 0.575781 0.330469 0.575781
2 0.367969 0.469531 0.413281 0.469531 0.413281 0.577344 0.367969 0.577344
2 0.405469 0.474219 0.450781 0.474219 0.450781 0.582031 0.405469 0.582031
2 0.442969 0.471094 0.488281 0.471094 0.488281 0.578906 0.442969 0.578906
2 0.482031 0.467969 0.527344 0.467969 0.527344 0.575781 0.482031 0.575781
2 0.519531 0.469531 0.564844 0.469531 0.564844 0.577344 0.519531 0.577344
2 0.561719 0.477344 0.607031 0.477344 0.607031 0.585156 0.561719 0.585156
2 0.597656 0.471094 0.642969 0.471094 0.642969 0.578906 0.597656 0.578906
2 0.633594 0.467969 0.678906 0.467969 0.678906 0.575781 0.633594 0.575781
2 0.671094 0.472656 0.716406 0.472656 0.716406 0.580469 0.671094 0.580469
2 0.710156 0.469531 0.755469 0.469531 0.755469 0.577344 0.710156 0.577344
2 0.749219 0.467969 0.794531 0.467969 0.794531 0.575781 0.749219 0.575781
2 0.783594 0.471094 0.828906 0.471094 0.828906 0.578906 0.783594 0.578906
2 0.822656 0.472656 0.867969 0.472656 0.867969 0.580469 0.822656 0.580469
2 0.861719 0.467969 0.907031 0.467969 0.907031 0.575781 0.861719 0.575781
2 0.896094 0.472656 0.941406 0.472656 0.941406 0.580469 0.896094 0.580469
2 0.933594 0.467969 0.978906 0.467969 0.978906 0.575781 0.933594 0.575781
2 0.004687 0.450000 0.101562 0.450000 0.101562 0.818750 0.004687 0.818750
2 0.096875 0.445312 0.193750 0.445312 0.193750 0.814063 0.096875 0.814063
2 0.189062 0.451562 0.285938 0.451562 0.285938 0.820312 0.189062 0.820312
2 0.278125 0.443750 0.375000 0.443750 0.375000 0.812500 0.278125 0.812500
2 0.364063 0.445312 0.460938 0.445312 0.460938 0.814063 0.364063 0.814063
2 0.453125 0.446875 0.550000 0.446875 0.550000 0.815625 0.453125 0.815625
2 0.545312 0.451562 0.642188 0.451562 0.642188 0.820312 0.545312 0.820312
2 0.634375 0.443750 0.731250 0.443750 0.731250 0.812500 0.634375 0.812500
2 0.718750 0.445312 0.815625 0.445312 0.815625 0.814063 0.718750 0.814063
2 0.807813 0.442188 0.904687 0.442188 0.904687 0.810937 0.807813 0.810937