2 0.027344 0.455469 0.085156 0.455469 0.085156 0.660156 0.027344 0.660156
2 0.077344 0.450781 0.135156 0.450781 0.135156 0.655469 0.077344 0.655469
2 0.133594 0.450781 0.191406 0.450781 0.191406 0.655469 0.133594 0.655469
2 0.178906 0.449219 0.236719 0.449219 0.236719 0.653906 0.178906 0.653906
2 0.230469 0.452344 0.288281 0.452344 0.288281 0.657031 0.230469 0.657031
2 0.286719 0.453906 0.344531 0.453906 0.344531 0.658594 0.286719 0.658594
2 0.333594 0.452344 0.391406 0.452344 0.391406 0.657031 0.333594 0.657031
2 0.389844 0.453906 0.447656 0.453906 0.447656 0.658594 0.389844 0.658594
2 0.436719 0.452344 0.494531 0.452344 0.494531 0.657031 0.436719 0.657031
2 0.488281 0.458594 0.546094 0.458594 0.546094 0.663281 0.488281 0.663281
2 0.539844 0.452344 0.597656 0.452344 0.597656 0.657031 0.539844 0.657031
2 0.591406 0.457031 0.649219 0.457031 0.649219 0.661719 0.591406 0.661719
2 0.649219 0.449219 0.707031 0.449219 0.707031 0.653906 0.649219 0.653906
2 0.697656 0.450781 0.755469 0.450781 0.755469 0.655469 0.697656 0.655469
2 0.750781 0.458594 0.808594 0.458594 0.808594 0.663281 0.750781 0.663281
2 0.797656 0.452344 0.855469 0.452344 0.855469 0.657031 0.797656 0.657031
2 0.849219 0.458594 0.907031 0.458594 0.907031 0.663281 0.849219 0.663281
2 0.903906 0.455469 0.961719 0.455469 0.961719 0.660156 0.903906 0.660156
2 0.038281 0.698438 0.080469 0.698438 0.080469 0.823438 0.038281 0.823438
2 0.071094 0.701562 0.113281 0.701562 0.113281 0.826562 0.071094 0.826562
2 0.114844 0.696875 0.157031 0.696875 0.157031 0.821875 0.114844 0.821875
2 0.153906 0.703125 0.196094 0.703125 0.196094 0.828125 0.153906 0.828125
2 0.192969 0.693750 0.235156 0.693750 0.235156 0.818750 0.192969 0.818750
2 0.233594 0.700000 0.275781 0.700000 0.275781 0.825000 0.233594 0.825000
2 0.272656 0.693750 0.314844 0.693750 0.314844 0.818750 0.272656 0.818750
2 0.308594 0.695312 0.350781 0.695312 0.350781 0.820312 0.308594 0.820312
2 0.349219 0.695312 0.391406 0.695312 0.391406 0.820312 0.349219 0.820312
2 0.389844 0.698438 0.432031 0.698438 0.432031 0.823438 0.389844 0.823438
2 0.424219 0.703125 0.466406 0.703125 0.466406 0.828125 0.424219 0.828125
2 0.463281 0.703125 0.505469 0.703125 0.505469 0.828125 0.463281 0.828125
2 0.502344 0.693750 0.544531 0.693750 0.544531 0.818750 0.502344 0.818750
2 0.541406 0.703125 0.583594 0.703125 0.583594 0.828125 0.541406 0.828125
2 0.582031 0.698438 0.624219 0.698438 0.624219 0.823438 0.582031 0.823438
2 0.622656 0.703125 0.664844 0.703125 0.664844 0.828125 0.622656 0.828125
2 0.661719 0.698438 0.703906 0.698438 0.703906 0.823438 0.661719 0.823438
2 0.700781 0.700000 0.742969 0.700000 0.742969 0.825000 0.700781 0.825000
2 0.738281 0.701562 0.780469 0.701562 0.780469 0.826562 0.738281 0.826562
2 0.780469 0.698438 0.822656 0.698438 0.822656 0.823438 0.780469 0.823438
2 0.817969 0.701562 0.860156 0.701562 0.860156 0.826562 0.817969 0.826562
2 0.855469 0.703125 0.897656 0.703125 0.897656 0.828125 0.855469 0.828125
2 0.891406 0.698438 0.933594 0.698438 0.933594 0.823438 0.891406 0.823438
2 0.933594 0.695312 0.975781 0.695312 0.975781 0.820312 0.933594 0.820312