2 0.017414 0.103258 0.071444 0.068837 0.162952 0.212477 0.108923 0.246898
2 0.048892 0.079836 0.109280 0.058452 0.166131 0.218995 0.105744 0.240380
2 0.084832 0.064096 0.148483 0.056844 0.167763 0.226061 0.104112 0.233314
2 0.123392 0.056844 0.187043 0.064096 0.167763 0.233314 0.104112 0.226061
2 0.162595 0.058452 0.222983 0.079836 0.166131 0.240380 0.105744 0.218995
2 0.200431 0.068837 0.254461 0.103258 0.162952 0.246898 0.108923 0.212477
2 0.190851 0.103258 0.244881 0.068837 0.336390 0.212477 0.282360 0.246898
2 0.222330 0.079836 0.282718 0.058452 0.339569 0.218995 0.279181 0.240380
2 0.258270 0.064096 0.321920 0.056844 0.341200 0.226061 0.277550 0.233314
2 0.296830 0.056844 0.360480 0.064096 0.341200 0.233314 0.277550 0.226061
2 0.336032 0.058452 0.396420 0.079836 0.339569 0.240380 0.279181 0.218995
2 0.373869 0.068837 0.427899 0.103258 0.336390 0.246898 0.282360 0.212477
2 0.364289 0.103258 0.418319 0.068837 0.509827 0.212477 0.455798 0.246898
2 0.395767 0.079836 0.456155 0.058452 0.513006 0.218995 0.452619 0.240380
2 0.431707 0.064096 0.495358 0.056844 0.514638 0.226061 0.450987 0.233314
2 0.470267 0.056844 0.533918 0.064096 0.514638 0.233314 0.450987 0.226061
2 0.509470 0.058452 0.569858 0.079836 0.513006 0.240380 0.452619 0.218995
2 0.547306 0.068837 0.601336 0.103258 0.509827 0.246898 0.455798 0.212477
2 0.537726 0.103258 0.591756 0.068837 0.683265 0.212477 0.629235 0.246898
2 0.569205 0.079836 0.629593 0.058452 0.686444 0.218995 0.626056 0.240380
2 0.605145 0.064096 0.668795 0.056844 0.688075 0.226061 0.624425 0.233314
2 0.643705 0.056844 0.707355 0.064096 0.688075 0.233314 0.624425 0.226061
2 0.682907 0.058452 0.743295 0.079836 0.686444 0.240380 0.626056 0.218995
2 0.720744 0.068837 0.774774 0.103258 0.683265 0.246898 0.629235 0.212477
2 0.711164 0.103258 0.765194 0.068837 0.856702 0.212477 0.802673 0.246898
2 0.742642 0.079836 0.803030 0.058452 0.859881 0.218995 0.799494 0.240380
2 0.778582 0.064096 0.842233 0.056844 0.861513 0.226061 0.797862 0.233314
2 0.817142 0.056844 0.880793 0.064096 0.861513 0.233314 0.797862 0.226061
2 0.856345 0.058452 0.916733 0.079836 0.859881 0.240380 0.799494 0.218995
2 0.894181 0.068837 0.948211 0.103258 0.856702 0.246898 0.802673 0.212477
2 -0.001105 0.217221 0.062545 0.209969 0.081825 0.379186 0.018175 0.386439
2 0.037455 0.209969 0.101105 0.217221 0.081825 0.386439 0.018175 0.379186
2 0.076657 0.211577 0.137045 0.232961 0.080194 0.393505 0.019806 0.372120
2 0.114494 0.221962 0.168524 0.256383 0.077015 0.400023 0.022985 0.365602
2 0.104914 0.256383 0.158944 0.221962 0.250452 0.365602 0.196423 0.400023
2 0.136392 0.232961 0.196780 0.211577 0.253631 0.372120 0.193244 0.393505
2 0.172332 0.217221 0.235983 0.209969 0.255263 0.379186 0.191612 0.386439
2 0.210892 0.209969 0.274543 0.217221 0.255263 0.386439 0.191612 0.379186
2 0.250095 0.211577 0.310483 0.232961 0.253631 0.393505 0.193244 0.372120
2 0.287931 0.221962 0.341961 0.256383 0.250452 0.400023 0.196423 0.365602
2 0.278351 0.256383 0.332381 0.221962 0.423890 0.365602 0.369860 0.400023
2 0.309830 0.232961 0.370218 0.211577 0.427069 0.372120 0.366681 0.393505
2 0.345770 0.217221 0.409420 0.209969 0.428700 0.379186 0.365050 0.386439
2 0.384330 0.209969 0.447980 0.217221 0.428700 0.386439 0.365050 0.379186
2 0.423532 0.211577 0.483920 0.232961 0.427069 0.393505 0.366681 0.372120
2 0.461369 0.221962 0.515399 0.256383 0.423890 0.400023 0.369860 0.365602
2 0.451789 0.256383 0.505819 0.221962 0.597327 0.365602 0.543298 0.400023
2 0.483267 0.232961 0.543655 0.211577 0.600506 0.372120 0.540119 0.393505
2 0.519207 0.217221 0.582858 0.209969 0.602138 0.379186 0.538487 0.386439
2 0.557767 0.209969 0.621418 0.217221 0.602138 0.386439 0.538487 0.379186
2 0.596970 0.211577 0.657358 0.232961 0.600506 0.393505 0.540119 0.372120
2 0.634806 0.221962 0.688836 0.256383 0.597327 0.400023 0.543298 0.365602
2 0.625226 0.256383 0.679256 0.221962 0.770765 0.365602 0.716735 0.400023
2 0.656705 0.232961 0.717093 0.211577 0.773944 0.372120 0.713556 0.393505
2 0.692645 0.217221 0.756295 0.209969 0.775575 0.379186 0.711925 0.386439
2 0.731205 0.209969 0.794855 0.217221 0.775575 0.386439 0.711925 0.379186
2 0.770407 0.211577 0.830795 0.232961 0.773944 0.393505 0.713556 0.372120
2 0.808244 0.221962 0.862274 0.256383 0.770765 0.400023 0.716735 0.365602
2 0.798664 0.256383 0.852694 0.221962 0.944202 0.365602 0.890173 0.400023
2 0.830142 0.232961 0.890530 0.211577 0.947381 0.372120 0.886994 0.393505
2 0.866082 0.217221 0.929733 0.209969 0.949013 0.379186 0.885362 0.386439
2 0.904642 0.209969 0.968293 0.217221 0.949013 0.386439 0.885362 0.379186
2 0.017414 0.409508 0.071444 0.375087 0.162952 0.518727 0.108923 0.553148
2 0.048892 0.386086 0.109280 0.364702 0.166131 0.525245 0.105744 0.546630
2 0.084832 0.370346 0.148483 0.363094 0.167763 0.532311 0.104112 0.539564
2 0.123392 0.363094 0.187043 0.370346 0.167763 0.539564 0.104112 0.532311
2 0.162595 0.364702 0.222983 0.386086 0.166131 0.546630 0.105744 0.525245
2 0.200431 0.375087 0.254461 0.409508 0.162952 0.553148 0.108923 0.518727
2 0.190851 0.409508 0.244881 0.375087 0.336390 0.518727 0.282360 0.553148
2 0.222330 0.386086 0.282718 0.364702 0.339569 0.525245 0.279181 0.546630
2 0.258270 0.370346 0.321920 0.363094 0.341200 0.532311 0.277550 0.539564
2 0.296830 0.363094 0.360480 0.370346 0.341200 0.539564 0.277550 0.532311
2 0.336032 0.364702 0.396420 0.386086 0.339569 0.546630 0.279181 0.525245
2 0.373869 0.375087 0.427899 0.409508 0.336390 0.553148 0.282360 0.518727
2 0.364289 0.409508 0.418319 0.375087 0.509827 0.518727 0.455798 0.553148
2 0.395767 0.386086 0.456155 0.364702 0.513006 0.525245 0.452619 0.546630
2 0.431707 0.370346 0.495358 0.363094 0.514638 0.532311 0.450987 0.539564
2 0.470267 0.363094 0.533918 0.370346 0.514638 0.539564 0.450987 0.532311
2 0.509470 0.364702 0.569858 0.386086 0.513006 0.546630 0.452619 0.525245
2 0.547306 0.375087 0.601336 0.409508 0.509827 0.553148 0.455798 0.518727
2 0.537726 0.409508 0.591756 0.375087 0.683265 0.518727 0.629235 0.553148
2 0.569205 0.386086 0.629593 0.364702 0.686444 0.525245 0.626056 0.546630
2 0.605145 0.370346 0.668795 0.363094 0.688075 0.532311 0.624425 0.539564
2 0.643705 0.363094 0.707355 0.370346 0.688075 0.539564 0.624425 0.532311
2 0.682907 0.364702 0.743295 0.386086 0.686444 0.546630 0.626056 0.525245
2 0.720744 0.375087 0.774774 0.409508 0.683265 0.553148 0.629235 0.518727
2 0.711164 0.409508 0.765194 0.375087 0.856702 0.518727 0.802673 0.553148
2 0.742642 0.386086 0.803030 0.364702 0.859881 0.525245 0.799494 0.546630
2 0.778582 0.370346 0.842233 0.363094 0.861513 0.532311 0.797862 0.539564
2 0.817142 0.363094 0.880793 0.370346 0.861513 0.539564 0.797862 0.532311
2 0.856345 0.364702 0.916733 0.386086 0.859881 0.546630 0.799494 0.525245
2 0.894181 0.375087 0.948211 0.409508 0.856702 0.553148 0.802673 0.518727
2 -0.001105 0.523471 0.062545 0.516219 0.081825 0.685436 0.018175 0.692689
2 0.037455 0.516219 0.101105 0.523471 0.081825 0.692689 0.018175 0.685436
2 0.076657 0.517827 0.137045 0.539211 0.080194 0.699755 0.019806 0.678370
2 0.114494 0.528212 0.168524 0.562633 0.077015 0.706273 0.022985 0.671852
2 0.104914 0.562633 0.158944 0.528212 0.250452 0.671852 0.196423 0.706273
2 0.136392 0.539211 0.196780 0.517827 0.253631 0.678370 0.193244 0.699755
2 0.172332 0.523471 0.235983 0.516219 0.255263 0.685436 0.191612 0.692689
2 0.210892 0.516219 0.274543 0.523471 0.255263 0.692689 0.191612 0.685436
2 0.250095 0.517827 0.310483 0.539211 0.253631 0.699755 0.193244 0.678370
2 0.287931 0.528212 0.341961 0.562633 0.250452 0.706273 0.196423 0.671852
2 0.278351 0.562633 0.332381 0.528212 0.423890 0.671852 0.369860 0.706273
2 0.309830 0.539211 0.370218 0.517827 0.427069 0.678370 0.366681 0.699755
2 0.345770 0.523471 0.409420 0.516219 0.428700 0.685436 0.365050 0.692689
2 0.384330 0.516219 0.447980 0.523471 0.428700 0.692689 0.365050 0.685436
2 0.423532 0.517827 0.483920 0.539211 0.427069 0.699755 0.366681 0.678370
2 0.461369 0.528212 0.515399 0.562633 0.423890 0.706273 0.369860 0.671852
2 0.451789 0.562633 0.505819 0.528212 0.597327 0.671852 0.543298 0.706273
2 0.483267 0.539211 0.543655 0.517827 0.600506 0.678370 0.540119 0.699755
2 0.519207 0.523471 0.582858 0.516219 0.602138 0.685436 0.538487 0.692689
2 0.557767 0.516219 0.621418 0.523471 0.602138 0.692689 0.538487 0.685436
2 0.596970 0.517827 0.657358 0.539211 0.600506 0.699755 0.540119 0.678370
2 0.634806 0.528212 0.688836 0.562633 0.597327 0.706273 0.543298 0.671852
2 0.625226 0.562633 0.679256 0.528212 0.770765 0.671852 0.716735 0.706273
2 0.656705 0.539211 0.717093 0.517827 0.773944 0.678370 0.713556 0.699755
2 0.692645 0.523471 0.756295 0.516219 0.775575 0.685436 0.711925 0.692689
2 0.731205 0.516219 0.794855 0.523471 0.775575 0.692689 0.711925 0.685436
2 0.770407 0.517827 0.830795 0.539211 0.773944 0.699755 0.713556 0.678370
2 0.808244 0.528212 0.862274 0.562633 0.770765 0.706273 0.716735 0.671852
2 0.798664 0.562633 0.852694 0.528212 0.944202 0.671852 0.890173 0.706273
2 0.830142 0.539211 0.890530 0.517827 0.947381 0.678370 0.886994 0.699755
2 0.866082 0.523471 0.929733 0.516219 0.949013 0.685436 0.885362 0.692689
2 0.904642 0.516219 0.968293 0.523471 0.949013 0.692689 0.885362 0.685436
2 0.017414 0.715758 0.071444 0.681337 0.162952 0.824977 0.108923 0.859398
2 0.048892 0.692336 0.109280 0.670952 0.166131 0.831495 0.105744 0.852880
2 0.084832 0.676596 0.148483 0.669344 0.167763 0.838561 0.104112 0.845814
2 0.123392 0.669344 0.187043 0.676596 0.167763 0.845814 0.104112 0.838561
2 0.162595 0.670952 0.222983 0.692336 0.166131 0.852880 0.105744 0.831495
2 0.200431 0.681337 0.254461 0.715758 0.162952 0.859398 0.108923 0.824977
2 0.190851 0.715758 0.244881 0.681337 0.336390 0.824977 0.282360 0.859398
2 0.222330 0.692336 0.282718 0.670952 0.339569 0.831495 0.279181 0.852880
2 0.258270 0.676596 0.321920 0.669344 0.341200 0.838561 0.277550 0.845814
2 0.296830 0.669344 0.360480 0.676596 0.341200 0.845814 0.277550 0.838561
2 0.336032 0.670952 0.396420 0.692336 0.339569 0.852880 0.279181 0.831495
2 0.373869 0.681337 0.427899 0.715758 0.336390 0.859398 0.282360 0.824977
2 0.364289 0.715758 0.418319 0.681337 0.509827 0.824977 0.455798 0.859398
2 0.395767 0.692336 0.456155 0.670952 0.513006 0.831495 0.452619 0.852880
2 0.431707 0.676596 0.495358 0.669344 0.514638 0.838561 0.450987 0.845814
2 0.470267 0.669344 0.533918 0.676596 0.514638 0.845814 0.450987 0.838561
2 0.509470 0.670952 0.569858 0.692336 0.513006 0.852880 0.452619 0.831495
2 0.547306 0.681337 0.601336 0.715758 0.509827 0.859398 0.455798 0.824977
2 0.537726 0.715758 0.591756 0.681337 0.683265 0.824977 0.629235 0.859398
2 0.569205 0.692336 0.629593 0.670952 0.686444 0.831495 0.626056 0.852880
2 0.605145 0.676596 0.668795 0.669344 0.688075 0.838561 0.624425 0.845814
2 0.643705 0.669344 0.707355 0.676596 0.688075 0.845814 0.624425 0.838561
2 0.682907 0.670952 0.743295 0.692336 0.686444 0.852880 0.626056 0.831495
2 0.720744 0.681337 0.774774 0.715758 0.683265 0.859398 0.629235 0.824977
2 0.711164 0.715758 0.765194 0.681337 0.856702 0.824977 0.802673 0.859398
2 0.742642 0.692336 0.803030 0.670952 0.859881 0.831495 0.799494 0.852880
2 0.778582 0.676596 0.842233 0.669344 0.861513 0.838561 0.797862 0.845814
2 0.817142 0.669344 0.880793 0.676596 0.861513 0.845814 0.797862 0.838561
2 0.856345 0.670952 0.916733 0.692336 0.859881 0.852880 0.799494 0.831495
2 0.894181 0.681337 0.948211 0.715758 0.856702 0.859398 0.802673 0.824977