0 0.088281 0.277344 0.108594 0.277344 0.108594 0.291406 0.088281 0.291406
0 0.111719 0.299219 0.132031 0.299219 0.132031 0.313281 0.111719 0.313281
0 0.135156 0.294531 0.155469 0.294531 0.155469 0.308594 0.135156 0.308594
0 0.158594 0.297656 0.178906 0.297656 0.178906 0.311719 0.158594 0.311719
0 0.182031 0.282031 0.202344 0.282031 0.202344 0.296094 0.182031 0.296094
0 0.205469 0.291406 0.225781 0.291406 0.225781 0.305469 0.205469 0.305469
0 0.228906 0.291406 0.249219 0.291406 0.249219 0.305469 0.228906 0.305469
0 0.252344 0.282031 0.272656 0.282031 0.272656 0.296094 0.252344 0.296094
0 0.275781 0.297656 0.296094 0.297656 0.296094 0.311719 0.275781 0.311719
0 0.299219 0.288281 0.319531 0.288281 0.319531 0.302344 0.299219 0.302344
0 0.322656 0.277344 0.342969 0.277344 0.342969 0.291406 0.322656 0.291406