1 0.035937 0.074219 0.051562 0.074219 0.051562 0.103906 0.035937 0.103906
1 0.042188 0.071094 0.057813 0.071094 0.057813 0.100781 0.042188 0.100781
1 0.060937 0.078906 0.076563 0.078906 0.076563 0.108594 0.060937 0.108594
1 0.070312 0.075781 0.085938 0.075781 0.085938 0.105469 0.070312 0.105469
1 0.082812 0.069531 0.098437 0.069531 0.098437 0.099219 0.082812 0.099219
1 0.093750 0.071094 0.109375 0.071094 0.109375 0.100781 0.093750 0.100781
1 0.109375 0.075781 0.125000 0.075781 0.125000 0.105469 0.109375 0.105469
1 0.118750 0.071094 0.134375 0.071094 0.134375 0.100781 0.118750 0.100781
1 0.132812 0.078906 0.148438 0.078906 0.148438 0.108594 0.132812 0.108594
1 0.143750 0.074219 0.159375 0.074219 0.159375 0.103906 0.143750 0.103906
1 0.156250 0.074219 0.171875 0.074219 0.171875 0.103906 0.156250 0.103906
1 0.167187 0.069531 0.182812 0.069531 0.182812 0.099219 0.167187 0.099219
1 0.184375 0.078906 0.200000 0.078906 0.200000 0.108594 0.184375 0.108594
1 0.195312 0.072656 0.210938 0.072656 0.210938 0.102344 0.195312 0.102344
1 0.204687 0.069531 0.220312 0.069531 0.220312 0.099219 0.204687 0.099219
1 0.217188 0.072656 0.232813 0.072656 0.232813 0.102344 0.217188 0.102344
1 0.232813 0.078906 0.248438 0.078906 0.248438 0.108594 0.232813 0.108594
1 0.246875 0.075781 0.262500 0.075781 0.262500 0.105469 0.246875 0.105469
1 0.254688 0.077344 0.270313 0.077344 0.270313 0.107031 0.254688 0.107031
1 0.270313 0.069531 0.285938 0.069531 0.285938 0.099219 0.270313 0.099219
1 0.282813 0.072656 0.298438 0.072656 0.298438 0.102344 0.282813 0.102344
1 0.293750 0.077344 0.309375 0.077344 0.309375 0.107031 0.293750 0.107031
1 0.306250 0.074219 0.321875 0.074219 0.321875 0.103906 0.306250 0.103906
1 0.320312 0.074219 0.335938 0.074219 0.335938 0.103906 0.320312 0.103906
1 0.331250 0.078906 0.346875 0.078906 0.346875 0.108594 0.331250 0.108594
1 0.013281 0.068750 0.064844 0.068750 0.064844 0.165625 0.013281 0.165625
1 0.055469 0.070312 0.107031 0.070312 0.107031 0.167187 0.055469 0.167187
1 0.100781 0.065625 0.152344 0.065625 0.152344 0.162500 0.100781 0.162500
1 0.149219 0.073438 0.200781 0.073438 0.200781 0.170313 0.149219 0.170313
1 0.186719 0.071875 0.238281 0.071875 0.238281 0.168750 0.186719 0.168750
1 0.236719 0.068750 0.288281 0.068750 0.288281 0.165625 0.236719 0.165625
1 0.277344 0.065625 0.328906 0.065625 0.328906 0.162500 0.277344 0.162500
1 0.322656 0.067187 0.374219 0.067187 0.374219 0.164062 0.322656 0.164062
1 0.366406 0.067187 0.417969 0.067187 0.417969 0.164062 0.366406 0.164062
1 0.408594 0.065625 0.460156 0.065625 0.460156 0.162500 0.408594 0.162500
1 0.449219 0.071875 0.500781 0.071875 0.500781 0.168750 0.449219 0.168750
1 0.497656 0.065625 0.549219 0.065625 0.549219 0.162500 0.497656 0.162500
1 0.536719 0.068750 0.588281 0.068750 0.588281 0.165625 0.536719 0.165625
1 0.583594 0.070312 0.635156 0.070312 0.635156 0.167187 0.583594 0.167187
1 0.627344 0.064062 0.678906 0.064062 0.678906 0.160938 0.627344 0.160938
1 0.669531 0.070312 0.721094 0.070312 0.721094 0.167187 0.669531 0.167187
1 0.714844 0.071875 0.766406 0.071875 0.766406 0.168750 0.714844 0.168750
1 0.761719 0.071875 0.813281 0.071875 0.813281 0.168750 0.761719 0.168750
1 0.799219 0.071875 0.850781 0.071875 0.850781 0.168750 0.799219 0.168750
1 0.846094 0.068750 0.897656 0.068750 0.897656 0.165625 0.846094 0.165625
1 0.889844 0.070312 0.941406 0.070312 0.941406 0.167187 0.889844 0.167187
1 0.018750 0.161719 0.068750 0.161719 0.068750 0.257031 0.018750 0.257031
1 0.060937 0.158594 0.110937 0.158594 0.110937 0.253906 0.060937 0.253906
1 0.112500 0.158594 0.162500 0.158594 0.162500 0.253906 0.112500 0.253906
1 0.157812 0.157031 0.207813 0.157031 0.207813 0.252344 0.157812 0.252344
1 0.204687 0.155469 0.254688 0.155469 0.254688 0.250781 0.204687 0.250781
1 0.253125 0.161719 0.303125 0.161719 0.303125 0.257031 0.253125 0.257031
1 0.296875 0.155469 0.346875 0.155469 0.346875 0.250781 0.296875 0.250781
1 0.340625 0.155469 0.390625 0.155469 0.390625 0.250781 0.340625 0.250781
1 0.390625 0.164844 0.440625 0.164844 0.440625 0.260156 0.390625 0.260156
1 0.437500 0.157031 0.487500 0.157031 0.487500 0.252344 0.437500 0.252344
1 0.482812 0.163281 0.532813 0.163281 0.532813 0.258594 0.482812 0.258594
1 0.528125 0.161719 0.578125 0.161719 0.578125 0.257031 0.528125 0.257031
1 0.581250 0.160156 0.631250 0.160156 0.631250 0.255469 0.581250 0.255469
1 0.626563 0.161719 0.676562 0.161719 0.676562 0.257031 0.626563 0.257031
1 0.668750 0.161719 0.718750 0.161719 0.718750 0.257031 0.668750 0.257031
1 0.717187 0.158594 0.767188 0.158594 0.767188 0.253906 0.717187 0.253906
1 0.768750 0.161719 0.818750 0.161719 0.818750 0.257031 0.768750 0.257031
1 0.814063 0.160156 0.864062 0.160156 0.864062 0.255469 0.814063 0.255469
1 0.856250 0.157031 0.906250 0.157031 0.906250 0.252344 0.856250 0.252344
1 0.909375 0.161719 0.959375 0.161719 0.959375 0.257031 0.909375 0.257031
1 0.032813 0.277344 0.045312 0.277344 0.045312 0.300781 0.032813 0.300781
1 0.043750 0.280469 0.056250 0.280469 0.056250 0.303906 0.043750 0.303906
1 0.062500 0.280469 0.075000 0.280469 0.075000 0.303906 0.062500 0.303906
1 0.071875 0.280469 0.084375 0.280469 0.084375 0.303906 0.071875 0.303906
1 0.087500 0.274219 0.100000 0.274219 0.100000 0.297656 0.087500 0.297656
1 0.096875 0.280469 0.109375 0.280469 0.109375 0.303906 0.096875 0.303906
1 0.110937 0.277344 0.123438 0.277344 0.123438 0.300781 0.110937 0.300781
1 0.123438 0.277344 0.135937 0.277344 0.135937 0.300781 0.123438 0.300781
1 0.137500 0.278906 0.150000 0.278906 0.150000 0.302344 0.137500 0.302344
1 0.145313 0.278906 0.157812 0.278906 0.157812 0.302344 0.145313 0.302344
1 0.159375 0.275781 0.171875 0.275781 0.171875 0.299219 0.159375 0.299219
1 0.173437 0.280469 0.185938 0.280469 0.185938 0.303906 0.173437 0.303906
1 0.187500 0.280469 0.200000 0.280469 0.200000 0.303906 0.187500 0.303906
1 0.198437 0.278906 0.210938 0.278906 0.210938 0.302344 0.198437 0.302344
1 0.212500 0.282031 0.225000 0.282031 0.225000 0.305469 0.212500 0.305469
1 0.223438 0.278906 0.235937 0.278906 0.235937 0.302344 0.223438 0.302344
1 0.235937 0.277344 0.248438 0.277344 0.248438 0.300781 0.235937 0.300781
1 0.246875 0.274219 0.259375 0.274219 0.259375 0.297656 0.246875 0.297656
1 0.262500 0.272656 0.275000 0.272656 0.275000 0.296094 0.262500 0.296094
1 0.275000 0.280469 0.287500 0.280469 0.287500 0.303906 0.275000 0.303906
1 0.285938 0.272656 0.298438 0.272656 0.298438 0.296094 0.285938 0.296094
1 0.293750 0.274219 0.306250 0.274219 0.306250 0.297656 0.293750 0.297656
1 0.310937 0.277344 0.323437 0.277344 0.323437 0.300781 0.310937 0.300781
1 0.320312 0.274219 0.332813 0.274219 0.332813 0.297656 0.320312 0.297656
1 0.331250 0.277344 0.343750 0.277344 0.343750 0.300781 0.331250 0.300781
1 0.030469 0.296875 0.057031 0.296875 0.057031 0.331250 0.030469 0.331250
1 0.049219 0.293750 0.075781 0.293750 0.075781 0.328125 0.049219 0.328125
1 0.074219 0.290625 0.100781 0.290625 0.100781 0.325000 0.074219 0.325000
1 0.100781 0.293750 0.127344 0.293750 0.127344 0.328125 0.100781 0.328125
1 0.117969 0.292187 0.144531 0.292187 0.144531 0.326562 0.117969 0.326562
1 0.144531 0.296875 0.171094 0.296875 0.171094 0.331250 0.144531 0.331250
1 0.164844 0.298438 0.191406 0.298438 0.191406 0.332813 0.164844 0.332813
1 0.191406 0.293750 0.217969 0.293750 0.217969 0.328125 0.191406 0.328125
1 0.213281 0.298438 0.239844 0.298438 0.239844 0.332813 0.213281 0.332813
1 0.238281 0.290625 0.264844 0.290625 0.264844 0.325000 0.238281 0.325000
1 0.263281 0.293750 0.289844 0.293750 0.289844 0.328125 0.263281 0.328125
1 0.285156 0.295312 0.311719 0.295312 0.311719 0.329688 0.285156 0.329688
1 0.305469 0.290625 0.332031 0.290625 0.332031 0.325000 0.305469 0.325000
1 0.330469 0.296875 0.357031 0.296875 0.357031 0.331250 0.330469 0.331250
1 0.352344 0.293750 0.378906 0.293750 0.378906 0.328125 0.352344 0.328125
1 0.375781 0.295312 0.402344 0.295312 0.402344 0.329688 0.375781 0.329688
1 0.405469 0.296875 0.432031 0.296875 0.432031 0.331250 0.405469 0.331250
1 0.428906 0.298438 0.455469 0.298438 0.455469 0.332813 0.428906 0.332813
1 0.446094 0.293750 0.472656 0.293750 0.472656 0.328125 0.446094 0.328125
1 0.469531 0.290625 0.496094 0.290625 0.496094 0.325000 0.469531 0.325000
1 0.492969 0.292187 0.519531 0.292187 0.519531 0.326562 0.492969 0.326562
1 0.522656 0.292187 0.549219 0.292187 0.549219 0.326562 0.522656 0.326562
1 0.544531 0.293750 0.571094 0.293750 0.571094 0.328125 0.544531 0.328125
1 0.569531 0.292187 0.596094 0.292187 0.596094 0.326562 0.569531 0.326562
1 0.589844 0.290625 0.616406 0.290625 0.616406 0.325000 0.589844 0.325000
1 0.013281 0.289062 0.067969 0.289062 0.067969 0.392188 0.013281 0.392188
1 0.058594 0.292187 0.113281 0.292187 0.113281 0.395313 0.058594 0.395313
1 0.107031 0.295312 0.161719 0.295312 0.161719 0.398438 0.107031 0.398438
1 0.146094 0.290625 0.200781 0.290625 0.200781 0.393750 0.146094 0.393750
1 0.196094 0.290625 0.250781 0.290625 0.250781 0.393750 0.196094 0.393750
1 0.236719 0.289062 0.291406 0.289062 0.291406 0.392188 0.236719 0.392188
1 0.283594 0.298438 0.338281 0.298438 0.338281 0.401562 0.283594 0.401562
1 0.330469 0.298438 0.385156 0.298438 0.385156 0.401562 0.330469 0.401562
1 0.378906 0.293750 0.433594 0.293750 0.433594 0.396875 0.378906 0.396875
1 0.422656 0.296875 0.477344 0.296875 0.477344 0.400000 0.422656 0.400000
1 0.467969 0.289062 0.522656 0.289062 0.522656 0.392188 0.467969 0.392188
1 0.514844 0.295312 0.569531 0.295312 0.569531 0.398438 0.514844 0.398438
1 0.553906 0.293750 0.608594 0.293750 0.608594 0.396875 0.553906 0.396875
1 0.602344 0.298438 0.657031 0.298438 0.657031 0.401562 0.602344 0.401562
1 0.646094 0.289062 0.700781 0.289062 0.700781 0.392188 0.646094 0.392188
1 0.696094 0.296875 0.750781 0.296875 0.750781 0.400000 0.696094 0.400000
1 0.739844 0.289062 0.794531 0.289062 0.794531 0.392188 0.739844 0.392188
1 0.783594 0.295312 0.838281 0.295312 0.838281 0.398438 0.783594 0.398438
1 0.830469 0.292187 0.885156 0.292187 0.885156 0.395313 0.830469 0.395313
1 0.872656 0.296875 0.927344 0.296875 0.927344 0.400000 0.872656 0.400000
1 0.921094 0.296875 0.975781 0.296875 0.975781 0.400000 0.921094 0.400000