0 0.014063 0.031250 0.048438 0.031250 0.048438 0.096875 0.014063 0.096875
0 0.185938 0.031250 0.220312 0.031250 0.220312 0.096875 0.185938 0.096875
0 0.357812 0.031250 0.392188 0.031250 0.392188 0.096875 0.357812 0.096875
0 0.529687 0.031250 0.564063 0.031250 0.564063 0.096875 0.529687 0.096875
0 0.701562 0.031250 0.735938 0.031250 0.735938 0.096875 0.701562 0.096875
0 0.873437 0.031250 0.907813 0.031250 0.907813 0.096875 0.873437 0.096875
2 0.009865 0.105504 0.042427 0.071785 0.133469 0.159703 0.100906 0.193422
2 0.046161 0.069219 0.089310 0.050903 0.138762 0.167405 0.095613 0.185720
2 0.093750 0.050000 0.140625 0.050000 0.140625 0.176563 0.093750 0.176563
2 0.145065 0.050903 0.188214 0.069219 0.138762 0.185720 0.095613 0.167405
2 0.191948 0.071785 0.224510 0.105504 0.133469 0.193422 0.100906 0.159703
0 0.100000 0.143750 0.134375 0.143750 0.134375 0.209375 0.100000 0.209375
2 0.181740 0.105504 0.214302 0.071785 0.305344 0.159703 0.272781 0.193422
2 0.218036 0.069219 0.261185 0.050903 0.310637 0.167405 0.267488 0.185720
2 0.265625 0.050000 0.312500 0.050000 0.312500 0.176563 0.265625 0.176563
2 0.316940 0.050903 0.360089 0.069219 0.310637 0.185720 0.267488 0.167405
2 0.363823 0.071785 0.396385 0.105504 0.305344 0.193422 0.272781 0.159703
0 0.271875 0.143750 0.306250 0.143750 0.306250 0.209375 0.271875 0.209375
2 0.353615 0.105504 0.386177 0.071785 0.477219 0.159703 0.444656 0.193422
2 0.389911 0.069219 0.433060 0.050903 0.482512 0.167405 0.439363 0.185720
2 0.437500 0.050000 0.484375 0.050000 0.484375 0.176563 0.437500 0.176563
2 0.488815 0.050903 0.531964 0.069219 0.482512 0.185720 0.439363 0.167405
2 0.535698 0.071785 0.568260 0.105504 0.477219 0.193422 0.444656 0.159703
0 0.443750 0.143750 0.478125 0.143750 0.478125 0.209375 0.443750 0.209375
2 0.525490 0.105504 0.558052 0.071785 0.649094 0.159703 0.616531 0.193422
2 0.561786 0.069219 0.604935 0.050903 0.654387 0.167405 0.611238 0.185720
2 0.609375 0.050000 0.656250 0.050000 0.656250 0.176563 0.609375 0.176563
2 0.660690 0.050903 0.703839 0.069219 0.654387 0.185720 0.611238 0.167405
2 0.707573 0.071785 0.740135 0.105504 0.649094 0.193422 0.616531 0.159703
0 0.615625 0.143750 0.650000 0.143750 0.650000 0.209375 0.615625 0.209375
2 0.697365 0.105504 0.729927 0.071785 0.820969 0.159703 0.788406 0.193422
2 0.733661 0.069219 0.776810 0.050903 0.826262 0.167405 0.783113 0.185720
2 0.781250 0.050000 0.828125 0.050000 0.828125 0.176563 0.781250 0.176563
2 0.832565 0.050903 0.875714 0.069219 0.826262 0.185720 0.783113 0.167405
2 0.879448 0.071785 0.912010 0.105504 0.820969 0.193422 0.788406 0.159703
0 0.787500 0.143750 0.821875 0.143750 0.821875 0.209375 0.787500 0.209375
2 0.869240 0.105504 0.901802 0.071785 0.992844 0.159703 0.960281 0.193422
2 0.905536 0.069219 0.948685 0.050903 0.998137 0.167405 0.954988 0.185720
0 0.959375 0.143750 0.993750 0.143750 0.993750 0.209375 0.959375 0.209375
2 0.007813 0.162500 0.054688 0.162500 0.054688 0.289062 0.007813 0.289062
2 0.059128 0.163403 0.102276 0.181719 0.052824 0.298220 0.009676 0.279905
2 0.106010 0.184285 0.138572 0.218004 0.047531 0.305922 0.014969 0.272203
0 0.014063 0.256250 0.048438 0.256250 0.048438 0.321875 0.014063 0.321875
2 0.095803 0.218004 0.128365 0.184285 0.219406 0.272203 0.186844 0.305922
2 0.132099 0.181719 0.175247 0.163403 0.224699 0.279905 0.181551 0.298220
2 0.179688 0.162500 0.226562 0.162500 0.226562 0.289062 0.179688 0.289062
2 0.231003 0.163403 0.274151 0.181719 0.224699 0.298220 0.181551 0.279905
2 0.277885 0.184285 0.310447 0.218004 0.219406 0.305922 0.186844 0.272203
0 0.185938 0.256250 0.220312 0.256250 0.220312 0.321875 0.185938 0.321875
2 0.267678 0.218004 0.300240 0.184285 0.391281 0.272203 0.358719 0.305922
2 0.303974 0.181719 0.347122 0.163403 0.396574 0.279905 0.353426 0.298220
2 0.351562 0.162500 0.398438 0.162500 0.398438 0.289062 0.351562 0.289062
2 0.402878 0.163403 0.446026 0.181719 0.396574 0.298220 0.353426 0.279905
2 0.449760 0.184285 0.482322 0.218004 0.391281 0.305922 0.358719 0.272203
0 0.357812 0.256250 0.392188 0.256250 0.392188 0.321875 0.357812 0.321875
2 0.439553 0.218004 0.472115 0.184285 0.563156 0.272203 0.530594 0.305922
2 0.475849 0.181719 0.518997 0.163403 0.568449 0.279905 0.525301 0.298220
2 0.523438 0.162500 0.570312 0.162500 0.570312 0.289062 0.523438 0.289062
2 0.574753 0.163403 0.617901 0.181719 0.568449 0.298220 0.525301 0.279905
2 0.621635 0.184285 0.654197 0.218004 0.563156 0.305922 0.530594 0.272203
0 0.529687 0.256250 0.564063 0.256250 0.564063 0.321875 0.529687 0.321875
2 0.611428 0.218004 0.643990 0.184285 0.735031 0.272203 0.702469 0.305922
2 0.647724 0.181719 0.690872 0.163403 0.740324 0.279905 0.697176 0.298220
2 0.695312 0.162500 0.742188 0.162500 0.742188 0.289062 0.695312 0.289062
2 0.746628 0.163403 0.789776 0.181719 0.740324 0.298220 0.697176 0.279905
2 0.793510 0.184285 0.826072 0.218004 0.735031 0.305922 0.702469 0.272203
0 0.701562 0.256250 0.735938 0.256250 0.735938 0.321875 0.701562 0.321875
2 0.783303 0.218004 0.815865 0.184285 0.906906 0.272203 0.874344 0.305922
2 0.819599 0.181719 0.862747 0.163403 0.912199 0.279905 0.869051 0.298220
2 0.867188 0.162500 0.914062 0.162500 0.914062 0.289062 0.867188 0.289062
2 0.918503 0.163403 0.961651 0.181719 0.912199 0.298220 0.869051 0.279905
2 0.965385 0.184285 0.997947 0.218004 0.906906 0.305922 0.874344 0.272203
0 0.873437 0.256250 0.907813 0.256250 0.907813 0.321875 0.873437 0.321875
2 0.009865 0.330504 0.042427 0.296785 0.133469 0.384703 0.100906 0.418422
2 0.046161 0.294219 0.089310 0.275903 0.138762 0.392405 0.095613 0.410720
2 0.093750 0.275000 0.140625 0.275000 0.140625 0.401562 0.093750 0.401562
2 0.145065 0.275903 0.188214 0.294219 0.138762 0.410720 0.095613 0.392405
2 0.191948 0.296785 0.224510 0.330504 0.133469 0.418422 0.100906 0.384703
0 0.100000 0.368750 0.134375 0.368750 0.134375 0.434375 0.100000 0.434375
2 0.181740 0.330504 0.214302 0.296785 0.305344 0.384703 0.272781 0.418422
2 0.218036 0.294219 0.261185 0.275903 0.310637 0.392405 0.267488 0.410720
2 0.265625 0.275000 0.312500 0.275000 0.312500 0.401562 0.265625 0.401562
2 0.316940 0.275903 0.360089 0.294219 0.310637 0.410720 0.267488 0.392405
2 0.363823 0.296785 0.396385 0.330504 0.305344 0.418422 0.272781 0.384703
0 0.271875 0.368750 0.306250 0.368750 0.306250 0.434375 0.271875 0.434375
2 0.353615 0.330504 0.386177 0.296785 0.477219 0.384703 0.444656 0.418422
2 0.389911 0.294219 0.433060 0.275903 0.482512 0.392405 0.439363 0.410720
2 0.437500 0.275000 0.484375 0.275000 0.484375 0.401562 0.437500 0.401562
2 0.488815 0.275903 0.531964 0.294219 0.482512 0.410720 0.439363 0.392405
2 0.535698 0.296785 0.568260 0.330504 0.477219 0.418422 0.444656 0.384703
0 0.443750 0.368750 0.478125 0.368750 0.478125 0.434375 0.443750 0.434375
2 0.525490 0.330504 0.558052 0.296785 0.649094 0.384703 0.616531 0.418422
2 0.561786 0.294219 0.604935 0.275903 0.654387 0.392405 0.611238 0.410720
2 0.609375 0.275000 0.656250 0.275000 0.656250 0.401562 0.609375 0.401562
2 0.660690 0.275903 0.703839 0.294219 0.654387 0.410720 0.611238 0.392405
2 0.707573 0.296785 0.740135 0.330504 0.649094 0.418422 0.616531 0.384703
0 0.615625 0.368750 0.650000 0.368750 0.650000 0.434375 0.615625 0.434375
2 0.697365 0.330504 0.729927 0.296785 0.820969 0.384703 0.788406 0.418422
2 0.733661 0.294219 0.776810 0.275903 0.826262 0.392405 0.783113 0.410720
2 0.781250 0.275000 0.828125 0.275000 0.828125 0.401562 0.781250 0.401562
2 0.832565 0.275903 0.875714 0.294219 0.826262 0.410720 0.783113 0.392405
2 0.879448 0.296785 0.912010 0.330504 0.820969 0.418422 0.788406 0.384703
0 0.787500 0.368750 0.821875 0.368750 0.821875 0.434375 0.787500 0.434375
2 0.869240 0.330504 0.901802 0.296785 0.992844 0.384703 0.960281 0.418422
2 0.905536 0.294219 0.948685 0.275903 0.998137 0.392405 0.954988 0.410720
0 0.959375 0.368750 0.993750 0.368750 0.993750 0.434375 0.959375 0.434375
2 0.007813 0.387500 0.054688 0.387500 0.054688 0.514062 0.007813 0.514062
2 0.059128 0.388403 0.102276 0.406719 0.052824 0.523220 0.009676 0.504905
2 0.106010 0.409285 0.138572 0.443004 0.047531 0.530922 0.014969 0.497203
0 0.014063 0.481250 0.048438 0.481250 0.048438 0.546875 0.014063 0.546875
2 0.095803 0.443004 0.128365 0.409285 0.219406 0.497203 0.186844 0.530922
2 0.132099 0.406719 0.175247 0.388403 0.224699 0.504905 0.181551 0.523220
2 0.179688 0.387500 0.226562 0.387500 0.226562 0.514062 0.179688 0.514062
2 0.231003 0.388403 0.274151 0.406719 0.224699 0.523220 0.181551 0.504905
2 0.277885 0.409285 0.310447 0.443004 0.219406 0.530922 0.186844 0.497203
0 0.185938 0.481250 0.220312 0.481250 0.220312 0.546875 0.185938 0.546875
2 0.267678 0.443004 0.300240 0.409285 0.391281 0.497203 0.358719 0.530922
2 0.303974 0.406719 0.347122 0.388403 0.396574 0.504905 0.353426 0.523220
2 0.351562 0.387500 0.398438 0.387500 0.398438 0.514062 0.351562 0.514062
2 0.402878 0.388403 0.446026 0.406719 0.396574 0.523220 0.353426 0.504905
2 0.449760 0.409285 0.482322 0.443004 0.391281 0.530922 0.358719 0.497203
0 0.357812 0.481250 0.392188 0.481250 0.392188 0.546875 0.357812 0.546875
2 0.439553 0.443004 0.472115 0.409285 0.563156 0.497203 0.530594 0.530922
2 0.475849 0.406719 0.518997 0.388403 0.568449 0.504905 0.525301 0.523220
2 0.523438 0.387500 0.570312 0.387500 0.570312 0.514062 0.523438 0.514062
2 0.574753 0.388403 0.617901 0.406719 0.568449 0.523220 0.525301 0.504905
2 0.621635 0.409285 0.654197 0.443004 0.563156 0.530922 0.530594 0.497203
0 0.529687 0.481250 0.564063 0.481250 0.564063 0.546875 0.529687 0.546875
2 0.611428 0.443004 0.643990 0.409285 0.735031 0.497203 0.702469 0.530922
2 0.647724 0.406719 0.690872 0.388403 0.740324 0.504905 0.697176 0.523220
2 0.695312 0.387500 0.742188 0.387500 0.742188 0.514062 0.695312 0.514062
2 0.746628 0.388403 0.789776 0.406719 0.740324 0.523220 0.697176 0.504905
2 0.793510 0.409285 0.826072 0.443004 0.735031 0.530922 0.702469 0.497203
0 0.701562 0.481250 0.735938 0.481250 0.735938 0.546875 0.701562 0.546875
2 0.783303 0.443004 0.815865 0.409285 0.906906 0.497203 0.874344 0.530922
2 0.819599 0.406719 0.862747 0.388403 0.912199 0.504905 0.869051 0.523220
2 0.867188 0.387500 0.914062 0.387500 0.914062 0.514062 0.867188 0.514062
2 0.918503 0.388403 0.961651 0.406719 0.912199 0.523220 0.869051 0.504905
2 0.965385 0.409285 0.997947 0.443004 0.906906 0.530922 0.874344 0.497203
0 0.873437 0.481250 0.907813 0.481250 0.907813 0.546875 0.873437 0.546875
2 0.009865 0.555504 0.042427 0.521785 0.133469 0.609703 0.100906 0.643422
2 0.046161 0.519219 0.089310 0.500903 0.138762 0.617405 0.095613 0.635720
2 0.093750 0.500000 0.140625 0.500000 0.140625 0.626563 0.093750 0.626563
2 0.145065 0.500903 0.188214 0.519219 0.138762 0.635720 0.095613 0.617405
2 0.191948 0.521785 0.224510 0.555504 0.133469 0.643422 0.100906 0.609703
0 0.100000 0.593750 0.134375 0.593750 0.134375 0.659375 0.100000 0.659375
2 0.181740 0.555504 0.214302 0.521785 0.305344 0.609703 0.272781 0.643422
2 0.218036 0.519219 0.261185 0.500903 0.310637 0.617405 0.267488 0.635720
2 0.265625 0.500000 0.312500 0.500000 0.312500 0.626563 0.265625 0.626563
2 0.316940 0.500903 0.360089 0.519219 0.310637 0.635720 0.267488 0.617405
2 0.363823 0.521785 0.396385 0.555504 0.305344 0.643422 0.272781 0.609703
0 0.271875 0.593750 0.306250 0.593750 0.306250 0.659375 0.271875 0.659375
2 0.353615 0.555504 0.386177 0.521785 0.477219 0.609703 0.444656 0.643422
2 0.389911 0.519219 0.433060 0.500903 0.482512 0.617405 0.439363 0.635720
2 0.437500 0.500000 0.484375 0.500000 0.484375 0.626563 0.437500 0.626563
2 0.488815 0.500903 0.531964 0.519219 0.482512 0.635720 0.439363 0.617405
2 0.535698 0.521785 0.568260 0.555504 0.477219 0.643422 0.444656 0.609703
0 0.443750 0.593750 0.478125 0.593750 0.478125 0.659375 0.443750 0.659375
2 0.525490 0.555504 0.558052 0.521785 0.649094 0.609703 0.616531 0.643422
2 0.561786 0.519219 0.604935 0.500903 0.654387 0.617405 0.611238 0.635720
2 0.609375 0.500000 0.656250 0.500000 0.656250 0.626563 0.609375 0.626563
2 0.660690 0.500903 0.703839 0.519219 0.654387 0.635720 0.611238 0.617405
2 0.707573 0.521785 0.740135 0.555504 0.649094 0.643422 0.616531 0.609703
0 0.615625 0.593750 0.650000 0.593750 0.650000 0.659375 0.615625 0.659375
2 0.697365 0.555504 0.729927 0.521785 0.820969 0.609703 0.788406 0.643422
2 0.733661 0.519219 0.776810 0.500903 0.826262 0.617405 0.783113 0.635720
2 0.781250 0.500000 0.828125 0.500000 0.828125 0.626563 0.781250 0.626563
2 0.832565 0.500903 0.875714 0.519219 0.826262 0.635720 0.783113 0.617405
2 0.879448 0.521785 0.912010 0.555504 0.820969 0.643422 0.788406 0.609703
0 0.787500 0.593750 0.821875 0.593750 0.821875 0.659375 0.787500 0.659375
2 0.869240 0.555504 0.901802 0.521785 0.992844 0.609703 0.960281 0.643422
2 0.905536 0.519219 0.948685 0.500903 0.998137 0.617405 0.954988 0.635720
0 0.959375 0.593750 0.993750 0.593750 0.993750 0.659375 0.959375 0.659375
2 0.007813 0.612500 0.054688 0.612500 0.054688 0.739062 0.007813 0.739062
2 0.059128 0.613403 0.102276 0.631719 0.052824 0.748220 0.009676 0.729905
2 0.106010 0.634285 0.138572 0.668004 0.047531 0.755922 0.014969 0.722203
0 0.014063 0.706250 0.048438 0.706250 0.048438 0.771875 0.014063 0.771875
2 0.095803 0.668004 0.128365 0.634285 0.219406 0.722203 0.186844 0.755922
2 0.132099 0.631719 0.175247 0.613403 0.224699 0.729905 0.181551 0.748220
2 0.179688 0.612500 0.226562 0.612500 0.226562 0.739062 0.179688 0.739062
2 0.231003 0.613403 0.274151 0.631719 0.224699 0.748220 0.181551 0.729905
2 0.277885 0.634285 0.310447 0.668004 0.219406 0.755922 0.186844 0.722203
0 0.185938 0.706250 0.220312 0.706250 0.220312 0.771875 0.185938 0.771875
2 0.267678 0.668004 0.300240 0.634285 0.391281 0.722203 0.358719 0.755922
2 0.303974 0.631719 0.347122 0.613403 0.396574 0.729905 0.353426 0.748220
2 0.351562 0.612500 0.398438 0.612500 0.398438 0.739062 0.351562 0.739062
2 0.402878 0.613403 0.446026 0.631719 0.396574 0.748220 0.353426 0.729905
2 0.449760 0.634285 0.482322 0.668004 0.391281 0.755922 0.358719 0.722203
0 0.357812 0.706250 0.392188 0.706250 0.392188 0.771875 0.357812 0.771875
2 0.439553 0.668004 0.472115 0.634285 0.563156 0.722203 0.530594 0.755922
2 0.475849 0.631719 0.518997 0.613403 0.568449 0.729905 0.525301 0.748220
2 0.523438 0.612500 0.570312 0.612500 0.570312 0.739062 0.523438 0.739062
2 0.574753 0.613403 0.617901 0.631719 0.568449 0.748220 0.525301 0.729905
2 0.621635 0.634285 0.654197 0.668004 0.563156 0.755922 0.530594 0.722203
0 0.529687 0.706250 0.564063 0.706250 0.564063 0.771875 0.529687 0.771875
2 0.611428 0.668004 0.643990 0.634285 0.735031 0.722203 0.702469 0.755922
2 0.647724 0.631719 0.690872 0.613403 0.740324 0.729905 0.697176 0.748220
2 0.695312 0.612500 0.742188 0.612500 0.742188 0.739062 0.695312 0.739062
2 0.746628 0.613403 0.789776 0.631719 0.740324 0.748220 0.697176 0.729905
2 0.793510 0.634285 0.826072 0.668004 0.735031 0.755922 0.702469 0.722203
0 0.701562 0.706250 0.735938 0.706250 0.735938 0.771875 0.701562 0.771875
2 0.783303 0.668004 0.815865 0.634285 0.906906 0.722203 0.874344 0.755922
2 0.819599 0.631719 0.862747 0.613403 0.912199 0.729905 0.869051 0.748220
2 0.867188 0.612500 0.914062 0.612500 0.914062 0.739062 0.867188 0.739062
2 0.918503 0.613403 0.961651 0.631719 0.912199 0.748220 0.869051 0.729905
2 0.965385 0.634285 0.997947 0.668004 0.906906 0.755922 0.874344 0.722203
0 0.873437 0.706250 0.907813 0.706250 0.907813 0.771875 0.873437 0.771875
2 0.009865 0.780504 0.042427 0.746785 0.133469 0.834703 0.100906 0.868422
2 0.046161 0.744219 0.089310 0.725903 0.138762 0.842405 0.095613 0.860720
2 0.093750 0.725000 0.140625 0.725000 0.140625 0.851562 0.093750 0.851562
2 0.145065 0.725903 0.188214 0.744219 0.138762 0.860720 0.095613 0.842405
2 0.191948 0.746785 0.224510 0.780504 0.133469 0.868422 0.100906 0.834703
0 0.100000 0.818750 0.134375 0.818750 0.134375 0.884375 0.100000 0.884375
2 0.181740 0.780504 0.214302 0.746785 0.305344 0.834703 0.272781 0.868422
2 0.218036 0.744219 0.261185 0.725903 0.310637 0.842405 0.267488 0.860720
2 0.265625 0.725000 0.312500 0.725000 0.312500 0.851562 0.265625 0.851562
2 0.316940 0.725903 0.360089 0.744219 0.310637 0.860720 0.267488 0.842405
2 0.363823 0.746785 0.396385 0.780504 0.305344 0.868422 0.272781 0.834703
0 0.271875 0.818750 0.306250 0.818750 0.306250 0.884375 0.271875 0.884375
2 0.353615 0.780504 0.386177 0.746785 0.477219 0.834703 0.444656 0.868422
2 0.389911 0.744219 0.433060 0.725903 0.482512 0.842405 0.439363 0.860720
2 0.437500 0.725000 0.484375 0.725000 0.484375 0.851562 0.437500 0.851562
2 0.488815 0.725903 0.531964 0.744219 0.482512 0.860720 0.439363 0.842405
2 0.535698 0.746785 0.568260 0.780504 0.477219 0.868422 0.444656 0.834703
0 0.443750 0.818750 0.478125 0.818750 0.478125 0.884375 0.443750 0.884375
2 0.525490 0.780504 0.558052 0.746785 0.649094 0.834703 0.616531 0.868422
2 0.561786 0.744219 0.604935 0.725903 0.654387 0.842405 0.611238 0.860720
2 0.609375 0.725000 0.656250 0.725000 0.656250 0.851562 0.609375 0.851562
2 0.660690 0.725903 0.703839 0.744219 0.654387 0.860720 0.611238 0.842405
2 0.707573 0.746785 0.740135 0.780504 0.649094 0.868422 0.616531 0.834703
0 0.615625 0.818750 0.650000 0.818750 0.650000 0.884375 0.615625 0.884375
2 0.697365 0.780504 0.729927 0.746785 0.820969 0.834703 0.788406 0.868422
2 0.733661 0.744219 0.776810 0.725903 0.826262 0.842405 0.783113 0.860720
2 0.781250 0.725000 0.828125 0.725000 0.828125 0.851562 0.781250 0.851562
2 0.832565 0.725903 0.875714 0.744219 0.826262 0.860720 0.783113 0.842405
2 0.879448 0.746785 0.912010 0.780504 0.820969 0.868422 0.788406 0.834703
0 0.787500 0.818750 0.821875 0.818750 0.821875 0.884375 0.787500 0.884375
2 0.869240 0.780504 0.901802 0.746785 0.992844 0.834703 0.960281 0.868422
2 0.905536 0.744219 0.948685 0.725903 0.998137 0.842405 0.954988 0.860720
0 0.959375 0.818750 0.993750 0.818750 0.993750 0.884375 0.959375 0.884375