4 -0.001093 0.019134 0.010497 0.014452 0.024545 0.049221 0.012955 0.053904
4 0.012500 0.014063 0.025000 0.014063 0.025000 0.051562 0.012500 0.051562
4 0.027003 0.014452 0.038593 0.019134 0.024545 0.053904 0.012955 0.049221
4 0.040304 0.020246 0.049296 0.028929 0.023246 0.055904 0.014254 0.047221
4 0.066329 0.028929 0.075321 0.020246 0.101371 0.047221 0.092379 0.055904
4 0.077032 0.019134 0.088622 0.014452 0.102670 0.049221 0.091080 0.053904
4 0.090625 0.014063 0.103125 0.014063 0.103125 0.051562 0.090625 0.051562
4 0.105128 0.014452 0.116718 0.019134 0.102670 0.053904 0.091080 0.049221
4 0.118429 0.020246 0.127421 0.028929 0.101371 0.055904 0.092379 0.047221
4 0.144454 0.028929 0.153446 0.020246 0.179496 0.047221 0.170504 0.055904
4 0.155157 0.019134 0.166747 0.014452 0.180795 0.049221 0.169205 0.053904
4 0.168750 0.014063 0.181250 0.014063 0.181250 0.051562 0.168750 0.051562
4 0.183253 0.014452 0.194843 0.019134 0.180795 0.053904 0.169205 0.049221
4 0.196554 0.020246 0.205546 0.028929 0.179496 0.055904 0.170504 0.047221
4 0.222579 0.028929 0.231571 0.020246 0.257621 0.047221 0.248629 0.055904
4 0.233282 0.019134 0.244872 0.014452 0.258920 0.049221 0.247330 0.053904
4 0.246875 0.014063 0.259375 0.014063 0.259375 0.051562 0.246875 0.051562
4 0.261378 0.014452 0.272968 0.019134 0.258920 0.053904 0.247330 0.049221
4 0.274679 0.020246 0.283671 0.028929 0.257621 0.055904 0.248629 0.047221
4 0.300704 0.028929 0.309696 0.020246 0.335746 0.047221 0.326754 0.055904
4 0.311407 0.019134 0.322997 0.014452 0.337045 0.049221 0.325455 0.053904
4 0.325000 0.014063 0.337500 0.014063 0.337500 0.051562 0.325000 0.051562
4 0.339503 0.014452 0.351093 0.019134 0.337045 0.053904 0.325455 0.049221
4 0.352804 0.020246 0.361796 0.028929 0.335746 0.055904 0.326754 0.047221
4 0.378829 0.028929 0.387821 0.020246 0.413871 0.047221 0.404879 0.055904
4 0.389532 0.019134 0.401122 0.014452 0.415170 0.049221 0.403580 0.053904
4 0.403125 0.014063 0.415625 0.014063 0.415625 0.051562 0.403125 0.051562
4 0.417628 0.014452 0.429218 0.019134 0.415170 0.053904 0.403580 0.049221
4 0.430929 0.020246 0.439921 0.028929 0.413871 0.055904 0.404879 0.047221
4 0.456954 0.028929 0.465946 0.020246 0.491996 0.047221 0.483004 0.055904
4 0.467657 0.019134 0.479247 0.014452 0.493295 0.049221 0.481705 0.053904
4 0.481250 0.014063 0.493750 0.014063 0.493750 0.051562 0.481250 0.051562
4 0.495753 0.014452 0.507343 0.019134 0.493295 0.053904 0.481705 0.049221
4 0.509054 0.020246 0.518046 0.028929 0.491996 0.055904 0.483004 0.047221
4 0.535079 0.028929 0.544071 0.020246 0.570121 0.047221 0.561129 0.055904
4 0.545782 0.019134 0.557372 0.014452 0.571420 0.049221 0.559830 0.053904
4 0.559375 0.014063 0.571875 0.014063 0.571875 0.051562 0.559375 0.051562
4 0.573878 0.014452 0.585468 0.019134 0.571420 0.053904 0.559830 0.049221
4 0.587179 0.020246 0.596171 0.028929 0.570121 0.055904 0.561129 0.047221
4 0.613204 0.028929 0.622196 0.020246 0.648246 0.047221 0.639254 0.055904
4 0.623907 0.019134 0.635497 0.014452 0.649545 0.049221 0.637955 0.053904
4 0.637500 0.014063 0.650000 0.014063 0.650000 0.051562 0.637500 0.051562
4 0.652003 0.014452 0.663593 0.019134 0.649545 0.053904 0.637955 0.049221
4 0.665304 0.020246 0.674296 0.028929 0.648246 0.055904 0.639254 0.047221
4 0.691329 0.028929 0.700321 0.020246 0.726371 0.047221 0.717379 0.055904
4 0.702032 0.019134 0.713622 0.014452 0.727670 0.049221 0.716080 0.053904
4 0.715625 0.014063 0.728125 0.014063 0.728125 0.051562 0.715625 0.051562
4 0.730128 0.014452 0.741718 0.019134 0.727670 0.053904 0.716080 0.049221
4 0.743429 0.020246 0.752421 0.028929 0.726371 0.055904 0.717379 0.047221
4 0.769454 0.028929 0.778446 0.020246 0.804496 0.047221 0.795504 0.055904
4 0.780157 0.019134 0.791747 0.014452 0.805795 0.049221 0.794205 0.053904
4 0.793750 0.014063 0.806250 0.014063 0.806250 0.051562 0.793750 0.051562
4 0.808253 0.014452 0.819843 0.019134 0.805795 0.053904 0.794205 0.049221
4 0.821554 0.020246 0.830546 0.028929 0.804496 0.055904 0.795504 0.047221
4 0.847579 0.028929 0.856571 0.020246 0.882621 0.047221 0.873629 0.055904
4 0.858282 0.019134 0.869872 0.014452 0.883920 0.049221 0.872330 0.053904
4 0.871875 0.014063 0.884375 0.014063 0.884375 0.051562 0.871875 0.051562
4 0.886378 0.014452 0.897968 0.019134 0.883920 0.053904 0.872330 0.049221
4 0.899679 0.020246 0.908671 0.028929 0.882621 0.055904 0.873629 0.047221
4 0.027267 0.107054 0.036259 0.098371 0.062308 0.125346 0.053317 0.134029
4 0.037970 0.097259 0.049560 0.092577 0.063607 0.127346 0.052018 0.132029
4 0.051562 0.092188 0.064062 0.092188 0.064062 0.129688 0.051562 0.129688
4 0.066065 0.092577 0.077655 0.097259 0.063607 0.132029 0.052018 0.127346
4 0.079366 0.098371 0.088358 0.107054 0.062308 0.134029 0.053317 0.125346
0 0.025781 0.069531 0.089844 0.069531 0.089844 0.189844 0.025781 0.189844
4 0.105392 0.107054 0.114384 0.098371 0.140433 0.125346 0.131442 0.134029
4 0.116095 0.097259 0.127685 0.092577 0.141732 0.127346 0.130143 0.132029
4 0.129688 0.092188 0.142187 0.092188 0.142187 0.129688 0.129688 0.129688
4 0.144190 0.092577 0.155780 0.097259 0.141732 0.132029 0.130143 0.127346
4 0.157491 0.098371 0.166483 0.107054 0.140433 0.134029 0.131442 0.125346
0 0.103906 0.069531 0.167969 0.069531 0.167969 0.189844 0.103906 0.189844
4 0.183517 0.107054 0.192509 0.098371 0.218558 0.125346 0.209567 0.134029
4 0.194220 0.097259 0.205810 0.092577 0.219857 0.127346 0.208268 0.132029
4 0.207813 0.092188 0.220312 0.092188 0.220312 0.129688 0.207813 0.129688
4 0.222315 0.092577 0.233905 0.097259 0.219857 0.132029 0.208268 0.127346
4 0.235616 0.098371 0.244608 0.107054 0.218558 0.134029 0.209567 0.125346
0 0.182031 0.069531 0.246094 0.069531 0.246094 0.189844 0.182031 0.189844
4 0.261642 0.107054 0.270634 0.098371 0.296683 0.125346 0.287692 0.134029
4 0.272345 0.097259 0.283935 0.092577 0.297982 0.127346 0.286393 0.132029
4 0.285938 0.092188 0.298438 0.092188 0.298438 0.129688 0.285938 0.129688
4 0.300440 0.092577 0.312030 0.097259 0.297982 0.132029 0.286393 0.127346
4 0.313741 0.098371 0.322733 0.107054 0.296683 0.134029 0.287692 0.125346
0 0.260156 0.069531 0.324219 0.069531 0.324219 0.189844 0.260156 0.189844
4 0.339767 0.107054 0.348759 0.098371 0.374808 0.125346 0.365817 0.134029
4 0.350470 0.097259 0.362060 0.092577 0.376107 0.127346 0.364518 0.132029
4 0.364063 0.092188 0.376563 0.092188 0.376563 0.129688 0.364063 0.129688
4 0.378565 0.092577 0.390155 0.097259 0.376107 0.132029 0.364518 0.127346
4 0.391866 0.098371 0.400858 0.107054 0.374808 0.134029 0.365817 0.125346
0 0.338281 0.069531 0.402344 0.069531 0.402344 0.189844 0.338281 0.189844
4 0.417892 0.107054 0.426884 0.098371 0.452933 0.125346 0.443942 0.134029
4 0.428595 0.097259 0.440185 0.092577 0.454232 0.127346 0.442643 0.132029
4 0.442188 0.092188 0.454688 0.092188 0.454688 0.129688 0.442188 0.129688
4 0.456690 0.092577 0.468280 0.097259 0.454232 0.132029 0.442643 0.127346
4 0.469991 0.098371 0.478983 0.107054 0.452933 0.134029 0.443942 0.125346
0 0.416406 0.069531 0.480469 0.069531 0.480469 0.189844 0.416406 0.189844
4 0.496017 0.107054 0.505009 0.098371 0.531058 0.125346 0.522067 0.134029
4 0.506720 0.097259 0.518310 0.092577 0.532357 0.127346 0.520768 0.132029
4 0.520312 0.092188 0.532813 0.092188 0.532813 0.129688 0.520312 0.129688
4 0.534815 0.092577 0.546405 0.097259 0.532357 0.132029 0.520768 0.127346
4 0.548116 0.098371 0.557108 0.107054 0.531058 0.134029 0.522067 0.125346
0 0.494531 0.069531 0.558594 0.069531 0.558594 0.189844 0.494531 0.189844
4 0.574142 0.107054 0.583134 0.098371 0.609183 0.125346 0.600192 0.134029
4 0.584845 0.097259 0.596435 0.092577 0.610482 0.127346 0.598893 0.132029
4 0.598437 0.092188 0.610938 0.092188 0.610938 0.129688 0.598437 0.129688
4 0.612940 0.092577 0.624530 0.097259 0.610482 0.132029 0.598893 0.127346
4 0.626241 0.098371 0.635233 0.107054 0.609183 0.134029 0.600192 0.125346
0 0.572656 0.069531 0.636719 0.069531 0.636719 0.189844 0.572656 0.189844
4 0.652267 0.107054 0.661259 0.098371 0.687308 0.125346 0.678317 0.134029
4 0.662970 0.097259 0.674560 0.092577 0.688607 0.127346 0.677018 0.132029
4 0.676562 0.092188 0.689063 0.092188 0.689063 0.129688 0.676562 0.129688
4 0.691065 0.092577 0.702655 0.097259 0.688607 0.132029 0.677018 0.127346
4 0.704366 0.098371 0.713358 0.107054 0.687308 0.134029 0.678317 0.125346
0 0.650781 0.069531 0.714844 0.069531 0.714844 0.189844 0.650781 0.189844
4 0.730392 0.107054 0.739384 0.098371 0.765433 0.125346 0.756442 0.134029
4 0.741095 0.097259 0.752685 0.092577 0.766732 0.127346 0.755143 0.132029
4 0.754687 0.092188 0.767188 0.092188 0.767188 0.129688 0.754687 0.129688
4 0.769190 0.092577 0.780780 0.097259 0.766732 0.132029 0.755143 0.127346
4 0.782491 0.098371 0.791483 0.107054 0.765433 0.134029 0.756442 0.125346
0 0.728906 0.069531 0.792969 0.069531 0.792969 0.189844 0.728906 0.189844
4 0.808517 0.107054 0.817509 0.098371 0.843558 0.125346 0.834567 0.134029
4 0.819220 0.097259 0.830810 0.092577 0.844857 0.127346 0.833268 0.132029
4 0.832812 0.092188 0.845313 0.092188 0.845313 0.129688 0.832812 0.129688
4 0.847315 0.092577 0.858905 0.097259 0.844857 0.132029 0.833268 0.127346
4 0.860616 0.098371 0.869608 0.107054 0.843558 0.134029 0.834567 0.125346
0 0.807031 0.069531 0.871094 0.069531 0.871094 0.189844 0.807031 0.189844
4 0.886642 0.107054 0.895634 0.098371 0.921683 0.125346 0.912692 0.134029
4 0.897345 0.097259 0.908935 0.092577 0.922982 0.127346 0.911393 0.132029
4 0.910937 0.092188 0.923438 0.092188 0.923438 0.129688 0.910937 0.129688
4 0.925440 0.092577 0.937030 0.097259 0.922982 0.132029 0.911393 0.127346
4 0.938741 0.098371 0.947733 0.107054 0.921683 0.134029 0.912692 0.125346
0 0.885156 0.069531 0.949219 0.069531 0.949219 0.189844 0.885156 0.189844
4 -0.001093 0.175384 0.010497 0.170702 0.024545 0.205471 0.012955 0.210154
4 0.012500 0.170313 0.025000 0.170313 0.025000 0.207813 0.012500 0.207813
4 0.027003 0.170702 0.038593 0.175384 0.024545 0.210154 0.012955 0.205471
4 0.040304 0.176496 0.049296 0.185179 0.023246 0.212154 0.014254 0.203471
4 0.066329 0.185179 0.075321 0.176496 0.101371 0.203471 0.092379 0.212154
4 0.077032 0.175384 0.088622 0.170702 0.102670 0.205471 0.091080 0.210154
4 0.090625 0.170313 0.103125 0.170313 0.103125 0.207813 0.090625 0.207813
4 0.105128 0.170702 0.116718 0.175384 0.102670 0.210154 0.091080 0.205471
4 0.118429 0.176496 0.127421 0.185179 0.101371 0.212154 0.092379 0.203471
0 0.064844 0.147656 0.128906 0.147656 0.128906 0.267969 0.064844 0.267969
4 0.144454 0.185179 0.153446 0.176496 0.179496 0.203471 0.170504 0.212154
4 0.155157 0.175384 0.166747 0.170702 0.180795 0.205471 0.169205 0.210154
4 0.168750 0.170313 0.181250 0.170313 0.181250 0.207813 0.168750 0.207813
4 0.183253 0.170702 0.194843 0.175384 0.180795 0.210154 0.169205 0.205471
4 0.196554 0.176496 0.205546 0.185179 0.179496 0.212154 0.170504 0.203471
0 0.142969 0.147656 0.207031 0.147656 0.207031 0.267969 0.142969 0.267969
4 0.222579 0.185179 0.231571 0.176496 0.257621 0.203471 0.248629 0.212154
4 0.233282 0.175384 0.244872 0.170702 0.258920 0.205471 0.247330 0.210154
4 0.246875 0.170313 0.259375 0.170313 0.259375 0.207813 0.246875 0.207813
4 0.261378 0.170702 0.272968 0.175384 0.258920 0.210154 0.247330 0.205471
4 0.274679 0.176496 0.283671 0.185179 0.257621 0.212154 0.248629 0.203471
0 0.221094 0.147656 0.285156 0.147656 0.285156 0.267969 0.221094 0.267969
4 0.300704 0.185179 0.309696 0.176496 0.335746 0.203471 0.326754 0.212154
4 0.311407 0.175384 0.322997 0.170702 0.337045 0.205471 0.325455 0.210154
4 0.325000 0.170313 0.337500 0.170313 0.337500 0.207813 0.325000 0.207813
4 0.339503 0.170702 0.351093 0.175384 0.337045 0.210154 0.325455 0.205471
4 0.352804 0.176496 0.361796 0.185179 0.335746 0.212154 0.326754 0.203471
0 0.299219 0.147656 0.363281 0.147656 0.363281 0.267969 0.299219 0.267969
4 0.378829 0.185179 0.387821 0.176496 0.413871 0.203471 0.404879 0.212154
4 0.389532 0.175384 0.401122 0.170702 0.415170 0.205471 0.403580 0.210154
4 0.403125 0.170313 0.415625 0.170313 0.415625 0.207813 0.403125 0.207813
4 0.417628 0.170702 0.429218 0.175384 0.415170 0.210154 0.403580 0.205471
4 0.430929 0.176496 0.439921 0.185179 0.413871 0.212154 0.404879 0.203471
0 0.377344 0.147656 0.441406 0.147656 0.441406 0.267969 0.377344 0.267969
4 0.456954 0.185179 0.465946 0.176496 0.491996 0.203471 0.483004 0.212154
4 0.467657 0.175384 0.479247 0.170702 0.493295 0.205471 0.481705 0.210154
4 0.481250 0.170313 0.493750 0.170313 0.493750 0.207813 0.481250 0.207813
4 0.495753 0.170702 0.507343 0.175384 0.493295 0.210154 0.481705 0.205471
4 0.509054 0.176496 0.518046 0.185179 0.491996 0.212154 0.483004 0.203471
0 0.455469 0.147656 0.519531 0.147656 0.519531 0.267969 0.455469 0.267969
4 0.535079 0.185179 0.544071 0.176496 0.570121 0.203471 0.561129 0.212154
4 0.545782 0.175384 0.557372 0.170702 0.571420 0.205471 0.559830 0.210154
4 0.559375 0.170313 0.571875 0.170313 0.571875 0.207813 0.559375 0.207813
4 0.573878 0.170702 0.585468 0.175384 0.571420 0.210154 0.559830 0.205471
4 0.587179 0.176496 0.596171 0.185179 0.570121 0.212154 0.561129 0.203471
0 0.533594 0.147656 0.597656 0.147656 0.597656 0.267969 0.533594 0.267969
4 0.613204 0.185179 0.622196 0.176496 0.648246 0.203471 0.639254 0.212154
4 0.623907 0.175384 0.635497 0.170702 0.649545 0.205471 0.637955 0.210154
4 0.637500 0.170313 0.650000 0.170313 0.650000 0.207813 0.637500 0.207813
4 0.652003 0.170702 0.663593 0.175384 0.649545 0.210154 0.637955 0.205471
4 0.665304 0.176496 0.674296 0.185179 0.648246 0.212154 0.639254 0.203471
0 0.611719 0.147656 0.675781 0.147656 0.675781 0.267969 0.611719 0.267969
4 0.691329 0.185179 0.700321 0.176496 0.726371 0.203471 0.717379 0.212154
4 0.702032 0.175384 0.713622 0.170702 0.727670 0.205471 0.716080 0.210154
4 0.715625 0.170313 0.728125 0.170313 0.728125 0.207813 0.715625 0.207813
4 0.730128 0.170702 0.741718 0.175384 0.727670 0.210154 0.716080 0.205471
4 0.743429 0.176496 0.752421 0.185179 0.726371 0.212154 0.717379 0.203471
0 0.689844 0.147656 0.753906 0.147656 0.753906 0.267969 0.689844 0.267969
4 0.769454 0.185179 0.778446 0.176496 0.804496 0.203471 0.795504 0.212154
4 0.780157 0.175384 0.791747 0.170702 0.805795 0.205471 0.794205 0.210154
4 0.793750 0.170313 0.806250 0.170313 0.806250 0.207813 0.793750 0.207813
4 0.808253 0.170702 0.819843 0.175384 0.805795 0.210154 0.794205 0.205471
4 0.821554 0.176496 0.830546 0.185179 0.804496 0.212154 0.795504 0.203471
0 0.767969 0.147656 0.832031 0.147656 0.832031 0.267969 0.767969 0.267969
4 0.847579 0.185179 0.856571 0.176496 0.882621 0.203471 0.873629 0.212154
4 0.858282 0.175384 0.869872 0.170702 0.883920 0.205471 0.872330 0.210154
4 0.871875 0.170313 0.884375 0.170313 0.884375 0.207813 0.871875 0.207813
4 0.886378 0.170702 0.897968 0.175384 0.883920 0.210154 0.872330 0.205471
4 0.899679 0.176496 0.908671 0.185179 0.882621 0.212154 0.873629 0.203471
0 0.846094 0.147656 0.910156 0.147656 0.910156 0.267969 0.846094 0.267969
4 0.027267 0.263304 0.036259 0.254621 0.062308 0.281596 0.053317 0.290279
4 0.037970 0.253509 0.049560 0.248827 0.063607 0.283596 0.052018 0.288279
4 0.051562 0.248438 0.064062 0.248438 0.064062 0.285938 0.051562 0.285938
4 0.066065 0.248827 0.077655 0.253509 0.063607 0.288279 0.052018 0.283596
4 0.079366 0.254621 0.088358 0.263304 0.062308 0.290279 0.053317 0.281596
0 0.025781 0.225781 0.089844 0.225781 0.089844 0.346094 0.025781 0.346094
4 0.105392 0.263304 0.114384 0.254621 0.140433 0.281596 0.131442 0.290279
4 0.116095 0.253509 0.127685 0.248827 0.141732 0.283596 0.130143 0.288279
4 0.129688 0.248438 0.142187 0.248438 0.142187 0.285938 0.129688 0.285938
4 0.144190 0.248827 0.155780 0.253509 0.141732 0.288279 0.130143 0.283596
4 0.157491 0.254621 0.166483 0.263304 0.140433 0.290279 0.131442 0.281596
0 0.103906 0.225781 0.167969 0.225781 0.167969 0.346094 0.103906 0.346094
4 0.183517 0.263304 0.192509 0.254621 0.218558 0.281596 0.209567 0.290279
4 0.194220 0.253509 0.205810 0.248827 0.219857 0.283596 0.208268 0.288279
4 0.207813 0.248438 0.220312 0.248438 0.220312 0.285938 0.207813 0.285938
4 0.222315 0.248827 0.233905 0.253509 0.219857 0.288279 0.208268 0.283596
4 0.235616 0.254621 0.244608 0.263304 0.218558 0.290279 0.209567 0.281596
0 0.182031 0.225781 0.246094 0.225781 0.246094 0.346094 0.182031 0.346094
4 0.261642 0.263304 0.270634 0.254621 0.296683 0.281596 0.287692 0.290279
4 0.272345 0.253509 0.283935 0.248827 0.297982 0.283596 0.286393 0.288279
4 0.285938 0.248438 0.298438 0.248438 0.298438 0.285938 0.285938 0.285938
4 0.300440 0.248827 0.312030 0.253509 0.297982 0.288279 0.286393 0.283596
4 0.313741 0.254621 0.322733 0.263304 0.296683 0.290279 0.287692 0.281596
0 0.260156 0.225781 0.324219 0.225781 0.324219 0.346094 0.260156 0.346094
4 0.339767 0.263304 0.348759 0.254621 0.374808 0.281596 0.365817 0.290279
4 0.350470 0.253509 0.362060 0.248827 0.376107 0.283596 0.364518 0.288279
4 0.364063 0.248438 0.376563 0.248438 0.376563 0.285938 0.364063 0.285938
4 0.378565 0.248827 0.390155 0.253509 0.376107 0.288279 0.364518 0.283596
4 0.391866 0.254621 0.400858 0.263304 0.374808 0.290279 0.365817 0.281596
0 0.338281 0.225781 0.402344 0.225781 0.402344 0.346094 0.338281 0.346094
4 0.417892 0.263304 0.426884 0.254621 0.452933 0.281596 0.443942 0.290279
4 0.428595 0.253509 0.440185 0.248827 0.454232 0.283596 0.442643 0.288279
4 0.442188 0.248438 0.454688 0.248438 0.454688 0.285938 0.442188 0.285938
4 0.456690 0.248827 0.468280 0.253509 0.454232 0.288279 0.442643 0.283596
4 0.469991 0.254621 0.478983 0.263304 0.452933 0.290279 0.443942 0.281596
0 0.416406 0.225781 0.480469 0.225781 0.480469 0.346094 0.416406 0.346094
4 0.496017 0.263304 0.505009 0.254621 0.531058 0.281596 0.522067 0.290279
4 0.506720 0.253509 0.518310 0.248827 0.532357 0.283596 0.520768 0.288279
4 0.520312 0.248438 0.532813 0.248438 0.532813 0.285938 0.520312 0.285938
4 0.534815 0.248827 0.546405 0.253509 0.532357 0.288279 0.520768 0.283596
4 0.548116 0.254621 0.557108 0.263304 0.531058 0.290279 0.522067 0.281596
0 0.494531 0.225781 0.558594 0.225781 0.558594 0.346094 0.494531 0.346094
4 0.574142 0.263304 0.583134 0.254621 0.609183 0.281596 0.600192 0.290279
4 0.584845 0.253509 0.596435 0.248827 0.610482 0.283596 0.598893 0.288279
4 0.598437 0.248438 0.610938 0.248438 0.610938 0.285938 0.598437 0.285938
4 0.612940 0.248827 0.624530 0.253509 0.610482 0.288279 0.598893 0.283596
4 0.626241 0.254621 0.635233 0.263304 0.609183 0.290279 0.600192 0.281596
0 0.572656 0.225781 0.636719 0.225781 0.636719 0.346094 0.572656 0.346094
4 0.652267 0.263304 0.661259 0.254621 0.687308 0.281596 0.678317 0.290279
4 0.662970 0.253509 0.674560 0.248827 0.688607 0.283596 0.677018 0.288279
4 0.676562 0.248438 0.689063 0.248438 0.689063 0.285938 0.676562 0.285938
4 0.691065 0.248827 0.702655 0.253509 0.688607 0.288279 0.677018 0.283596
4 0.704366 0.254621 0.713358 0.263304 0.687308 0.290279 0.678317 0.281596
0 0.650781 0.225781 0.714844 0.225781 0.714844 0.346094 0.650781 0.346094
4 0.730392 0.263304 0.739384 0.254621 0.765433 0.281596 0.756442 0.290279
4 0.741095 0.253509 0.752685 0.248827 0.766732 0.283596 0.755143 0.288279
4 0.754687 0.248438 0.767188 0.248438 0.767188 0.285938 0.754687 0.285938
4 0.769190 0.248827 0.780780 0.253509 0.766732 0.288279 0.755143 0.283596
4 0.782491 0.254621 0.791483 0.263304 0.765433 0.290279 0.756442 0.281596
0 0.728906 0.225781 0.792969 0.225781 0.792969 0.346094 0.728906 0.346094
4 0.808517 0.263304 0.817509 0.254621 0.843558 0.281596 0.834567 0.290279
4 0.819220 0.253509 0.830810 0.248827 0.844857 0.283596 0.833268 0.288279
4 0.832812 0.248438 0.845313 0.248438 0.845313 0.285938 0.832812 0.285938
4 0.847315 0.248827 0.858905 0.253509 0.844857 0.288279 0.833268 0.283596
4 0.860616 0.254621 0.869608 0.263304 0.843558 0.290279 0.834567 0.281596
0 0.807031 0.225781 0.871094 0.225781 0.871094 0.346094 0.807031 0.346094
4 0.886642 0.263304 0.895634 0.254621 0.921683 0.281596 0.912692 0.290279
4 0.897345 0.253509 0.908935 0.248827 0.922982 0.283596 0.911393 0.288279
4 0.910937 0.248438 0.923438 0.248438 0.923438 0.285938 0.910937 0.285938
4 0.925440 0.248827 0.937030 0.253509 0.922982 0.288279 0.911393 0.283596
4 0.938741 0.254621 0.947733 0.263304 0.921683 0.290279 0.912692 0.281596
0 0.885156 0.225781 0.949219 0.225781 0.949219 0.346094 0.885156 0.346094
4 -0.001093 0.331634 0.010497 0.326952 0.024545 0.361721 0.012955 0.366404
4 0.012500 0.326562 0.025000 0.326562 0.025000 0.364063 0.012500 0.364063
4 0.027003 0.326952 0.038593 0.331634 0.024545 0.366404 0.012955 0.361721
4 0.040304 0.332746 0.049296 0.341429 0.023246 0.368404 0.014254 0.359721
4 0.066329 0.341429 0.075321 0.332746 0.101371 0.359721 0.092379 0.368404
4 0.077032 0.331634 0.088622 0.326952 0.102670 0.361721 0.091080 0.366404
4 0.090625 0.326562 0.103125 0.326562 0.103125 0.364063 0.090625 0.364063
4 0.105128 0.326952 0.116718 0.331634 0.102670 0.366404 0.091080 0.361721
4 0.118429 0.332746 0.127421 0.341429 0.101371 0.368404 0.092379 0.359721
0 0.064844 0.303906 0.128906 0.303906 0.128906 0.424219 0.064844 0.424219
4 0.144454 0.341429 0.153446 0.332746 0.179496 0.359721 0.170504 0.368404
4 0.155157 0.331634 0.166747 0.326952 0.180795 0.361721 0.169205 0.366404
4 0.168750 0.326562 0.181250 0.326562 0.181250 0.364063 0.168750 0.364063
4 0.183253 0.326952 0.194843 0.331634 0.180795 0.366404 0.169205 0.361721
4 0.196554 0.332746 0.205546 0.341429 0.179496 0.368404 0.170504 0.359721
0 0.142969 0.303906 0.207031 0.303906 0.207031 0.424219 0.142969 0.424219
4 0.222579 0.341429 0.231571 0.332746 0.257621 0.359721 0.248629 0.368404
4 0.233282 0.331634 0.244872 0.326952 0.258920 0.361721 0.247330 0.366404
4 0.246875 0.326562 0.259375 0.326562 0.259375 0.364063 0.246875 0.364063
4 0.261378 0.326952 0.272968 0.331634 0.258920 0.366404 0.247330 0.361721
4 0.274679 0.332746 0.283671 0.341429 0.257621 0.368404 0.248629 0.359721
0 0.221094 0.303906 0.285156 0.303906 0.285156 0.424219 0.221094 0.424219
4 0.300704 0.341429 0.309696 0.332746 0.335746 0.359721 0.326754 0.368404
4 0.311407 0.331634 0.322997 0.326952 0.337045 0.361721 0.325455 0.366404
4 0.325000 0.326562 0.337500 0.326562 0.337500 0.364063 0.325000 0.364063
4 0.339503 0.326952 0.351093 0.331634 0.337045 0.366404 0.325455 0.361721
4 0.352804 0.332746 0.361796 0.341429 0.335746 0.368404 0.326754 0.359721
0 0.299219 0.303906 0.363281 0.303906 0.363281 0.424219 0.299219 0.424219
4 0.378829 0.341429 0.387821 0.332746 0.413871 0.359721 0.404879 0.368404
4 0.389532 0.331634 0.401122 0.326952 0.415170 0.361721 0.403580 0.366404
4 0.403125 0.326562 0.415625 0.326562 0.415625 0.364063 0.403125 0.364063
4 0.417628 0.326952 0.429218 0.331634 0.415170 0.366404 0.403580 0.361721
4 0.430929 0.332746 0.439921 0.341429 0.413871 0.368404 0.404879 0.359721
0 0.377344 0.303906 0.441406 0.303906 0.441406 0.424219 0.377344 0.424219
4 0.456954 0.341429 0.465946 0.332746 0.491996 0.359721 0.483004 0.368404
4 0.467657 0.331634 0.479247 0.326952 0.493295 0.361721 0.481705 0.366404
4 0.481250 0.326562 0.493750 0.326562 0.493750 0.364063 0.481250 0.364063
4 0.495753 0.326952 0.507343 0.331634 0.493295 0.366404 0.481705 0.361721
4 0.509054 0.332746 0.518046 0.341429 0.491996 0.368404 0.483004 0.359721
0 0.455469 0.303906 0.519531 0.303906 0.519531 0.424219 0.455469 0.424219
4 0.535079 0.341429 0.544071 0.332746 0.570121 0.359721 0.561129 0.368404
4 0.545782 0.331634 0.557372 0.326952 0.571420 0.361721 0.559830 0.366404
4 0.559375 0.326562 0.571875 0.326562 0.571875 0.364063 0.559375 0.364063
4 0.573878 0.326952 0.585468 0.331634 0.571420 0.366404 0.559830 0.361721
4 0.587179 0.332746 0.596171 0.341429 0.570121 0.368404 0.561129 0.359721
0 0.533594 0.303906 0.597656 0.303906 0.597656 0.424219 0.533594 0.424219
4 0.613204 0.341429 0.622196 0.332746 0.648246 0.359721 0.639254 0.368404
4 0.623907 0.331634 0.635497 0.326952 0.649545 0.361721 0.637955 0.366404
4 0.637500 0.326562 0.650000 0.326562 0.650000 0.364063 0.637500 0.364063
4 0.652003 0.326952 0.663593 0.331634 0.649545 0.366404 0.637955 0.361721
4 0.665304 0.332746 0.674296 0.341429 0.648246 0.368404 0.639254 0.359721
0 0.611719 0.303906 0.675781 0.303906 0.675781 0.424219 0.611719 0.424219
4 0.691329 0.341429 0.700321 0.332746 0.726371 0.359721 0.717379 0.368404
4 0.702032 0.331634 0.713622 0.326952 0.727670 0.361721 0.716080 0.366404
4 0.715625 0.326562 0.728125 0.326562 0.728125 0.364063 0.715625 0.364063
4 0.730128 0.326952 0.741718 0.331634 0.727670 0.366404 0.716080 0.361721
4 0.743429 0.332746 0.752421 0.341429 0.726371 0.368404 0.717379 0.359721
0 0.689844 0.303906 0.753906 0.303906 0.753906 0.424219 0.689844 0.424219
4 0.769454 0.341429 0.778446 0.332746 0.804496 0.359721 0.795504 0.368404
4 0.780157 0.331634 0.791747 0.326952 0.805795 0.361721 0.794205 0.366404
4 0.793750 0.326562 0.806250 0.326562 0.806250 0.364063 0.793750 0.364063
4 0.808253 0.326952 0.819843 0.331634 0.805795 0.366404 0.794205 0.361721
4 0.821554 0.332746 0.830546 0.341429 0.804496 0.368404 0.795504 0.359721
0 0.767969 0.303906 0.832031 0.303906 0.832031 0.424219 0.767969 0.424219
4 0.847579 0.341429 0.856571 0.332746 0.882621 0.359721 0.873629 0.368404
4 0.858282 0.331634 0.869872 0.326952 0.883920 0.361721 0.872330 0.366404
4 0.871875 0.326562 0.884375 0.326562 0.884375 0.364063 0.871875 0.364063
4 0.886378 0.326952 0.897968 0.331634 0.883920 0.366404 0.872330 0.361721
4 0.899679 0.332746 0.908671 0.341429 0.882621 0.368404 0.873629 0.359721
0 0.846094 0.303906 0.910156 0.303906 0.910156 0.424219 0.846094 0.424219
4 0.027267 0.419554 0.036259 0.410871 0.062308 0.437846 0.053317 0.446529
4 0.037970 0.409759 0.049560 0.405077 0.063607 0.439846 0.052018 0.444529
4 0.051562 0.404687 0.064062 0.404687 0.064062 0.442188 0.051562 0.442188
4 0.066065 0.405077 0.077655 0.409759 0.063607 0.444529 0.052018 0.439846
4 0.079366 0.410871 0.088358 0.419554 0.062308 0.446529 0.053317 0.437846
0 0.025781 0.382031 0.089844 0.382031 0.089844 0.502344 0.025781 0.502344
4 0.105392 0.419554 0.114384 0.410871 0.140433 0.437846 0.131442 0.446529
4 0.116095 0.409759 0.127685 0.405077 0.141732 0.439846 0.130143 0.444529
4 0.129688 0.404687 0.142187 0.404687 0.142187 0.442188 0.129688 0.442188
4 0.144190 0.405077 0.155780 0.409759 0.141732 0.444529 0.130143 0.439846
4 0.157491 0.410871 0.166483 0.419554 0.140433 0.446529 0.131442 0.437846
0 0.103906 0.382031 0.167969 0.382031 0.167969 0.502344 0.103906 0.502344
4 0.183517 0.419554 0.192509 0.410871 0.218558 0.437846 0.209567 0.446529
4 0.194220 0.409759 0.205810 0.405077 0.219857 0.439846 0.208268 0.444529
4 0.207813 0.404687 0.220312 0.404687 0.220312 0.442188 0.207813 0.442188
4 0.222315 0.405077 0.233905 0.409759 0.219857 0.444529 0.208268 0.439846
4 0.235616 0.410871 0.244608 0.419554 0.218558 0.446529 0.209567 0.437846
0 0.182031 0.382031 0.246094 0.382031 0.246094 0.502344 0.182031 0.502344
4 0.261642 0.419554 0.270634 0.410871 0.296683 0.437846 0.287692 0.446529
4 0.272345 0.409759 0.283935 0.405077 0.297982 0.439846 0.286393 0.444529
4 0.285938 0.404687 0.298438 0.404687 0.298438 0.442188 0.285938 0.442188
4 0.300440 0.405077 0.312030 0.409759 0.297982 0.444529 0.286393 0.439846
4 0.313741 0.410871 0.322733 0.419554 0.296683 0.446529 0.287692 0.437846
0 0.260156 0.382031 0.324219 0.382031 0.324219 0.502344 0.260156 0.502344
4 0.339767 0.419554 0.348759 0.410871 0.374808 0.437846 0.365817 0.446529
4 0.350470 0.409759 0.362060 0.405077 0.376107 0.439846 0.364518 0.444529
4 0.364063 0.404687 0.376563 0.404687 0.376563 0.442188 0.364063 0.442188
4 0.378565 0.405077 0.390155 0.409759 0.376107 0.444529 0.364518 0.439846
4 0.391866 0.410871 0.400858 0.419554 0.374808 0.446529 0.365817 0.437846
0 0.338281 0.382031 0.402344 0.382031 0.402344 0.502344 0.338281 0.502344
4 0.417892 0.419554 0.426884 0.410871 0.452933 0.437846 0.443942 0.446529
4 0.428595 0.409759 0.440185 0.405077 0.454232 0.439846 0.442643 0.444529
4 0.442188 0.404687 0.454688 0.404687 0.454688 0.442188 0.442188 0.442188
4 0.456690 0.405077 0.468280 0.409759 0.454232 0.444529 0.442643 0.439846
4 0.469991 0.410871 0.478983 0.419554 0.452933 0.446529 0.443942 0.437846
0 0.416406 0.382031 0.480469 0.382031 0.480469 0.502344 0.416406 0.502344
4 0.496017 0.419554 0.505009 0.410871 0.531058 0.437846 0.522067 0.446529
4 0.506720 0.409759 0.518310 0.405077 0.532357 0.439846 0.520768 0.444529
4 0.520312 0.404687 0.532813 0.404687 0.532813 0.442188 0.520312 0.442188
4 0.534815 0.405077 0.546405 0.409759 0.532357 0.444529 0.520768 0.439846
4 0.548116 0.410871 0.557108 0.419554 0.531058 0.446529 0.522067 0.437846
0 0.494531 0.382031 0.558594 0.382031 0.558594 0.502344 0.494531 0.502344
4 0.574142 0.419554 0.583134 0.410871 0.609183 0.437846 0.600192 0.446529
4 0.584845 0.409759 0.596435 0.405077 0.610482 0.439846 0.598893 0.444529
4 0.598437 0.404687 0.610938 0.404687 0.610938 0.442188 0.598437 0.442188
4 0.612940 0.405077 0.624530 0.409759 0.610482 0.444529 0.598893 0.439846
4 0.626241 0.410871 0.635233 0.419554 0.609183 0.446529 0.600192 0.437846
0 0.572656 0.382031 0.636719 0.382031 0.636719 0.502344 0.572656 0.502344
4 0.652267 0.419554 0.661259 0.410871 0.687308 0.437846 0.678317 0.446529
4 0.662970 0.409759 0.674560 0.405077 0.688607 0.439846 0.677018 0.444529
4 0.676562 0.404687 0.689063 0.404687 0.689063 0.442188 0.676562 0.442188
4 0.691065 0.405077 0.702655 0.409759 0.688607 0.444529 0.677018 0.439846
4 0.704366 0.410871 0.713358 0.419554 0.687308 0.446529 0.678317 0.437846
0 0.650781 0.382031 0.714844 0.382031 0.714844 0.502344 0.650781 0.502344
4 0.730392 0.419554 0.739384 0.410871 0.765433 0.437846 0.756442 0.446529
4 0.741095 0.409759 0.752685 0.405077 0.766732 0.439846 0.755143 0.444529
4 0.754687 0.404687 0.767188 0.404687 0.767188 0.442188 0.754687 0.442188
4 0.769190 0.405077 0.780780 0.409759 0.766732 0.444529 0.755143 0.439846
4 0.782491 0.410871 0.791483 0.419554 0.765433 0.446529 0.756442 0.437846
0 0.728906 0.382031 0.792969 0.382031 0.792969 0.502344 0.728906 0.502344
4 0.808517 0.419554 0.817509 0.410871 0.843558 0.437846 0.834567 0.446529
4 0.819220 0.409759 0.830810 0.405077 0.844857 0.439846 0.833268 0.444529
4 0.832812 0.404687 0.845313 0.404687 0.845313 0.442188 0.832812 0.442188
4 0.847315 0.405077 0.858905 0.409759 0.844857 0.444529 0.833268 0.439846
4 0.860616 0.410871 0.869608 0.419554 0.843558 0.446529 0.834567 0.437846
0 0.807031 0.382031 0.871094 0.382031 0.871094 0.502344 0.807031 0.502344
4 0.886642 0.419554 0.895634 0.410871 0.921683 0.437846 0.912692 0.446529
4 0.897345 0.409759 0.908935 0.405077 0.922982 0.439846 0.911393 0.444529
4 0.910937 0.404687 0.923438 0.404687 0.923438 0.442188 0.910937 0.442188
4 0.925440 0.405077 0.937030 0.409759 0.922982 0.444529 0.911393 0.439846
4 0.938741 0.410871 0.947733 0.419554 0.921683 0.446529 0.912692 0.437846
0 0.885156 0.382031 0.949219 0.382031 0.949219 0.502344 0.885156 0.502344
4 -0.001093 0.487884 0.010497 0.483202 0.024545 0.517971 0.012955 0.522654
4 0.012500 0.482812 0.025000 0.482812 0.025000 0.520312 0.012500 0.520312
4 0.027003 0.483202 0.038593 0.487884 0.024545 0.522654 0.012955 0.517971
4 0.040304 0.488996 0.049296 0.497679 0.023246 0.524654 0.014254 0.515971
4 0.066329 0.497679 0.075321 0.488996 0.101371 0.515971 0.092379 0.524654
4 0.077032 0.487884 0.088622 0.483202 0.102670 0.517971 0.091080 0.522654
4 0.090625 0.482812 0.103125 0.482812 0.103125 0.520312 0.090625 0.520312
4 0.105128 0.483202 0.116718 0.487884 0.102670 0.522654 0.091080 0.517971
4 0.118429 0.488996 0.127421 0.497679 0.101371 0.524654 0.092379 0.515971
0 0.064844 0.460156 0.128906 0.460156 0.128906 0.580469 0.064844 0.580469
4 0.144454 0.497679 0.153446 0.488996 0.179496 0.515971 0.170504 0.524654
4 0.155157 0.487884 0.166747 0.483202 0.180795 0.517971 0.169205 0.522654
4 0.168750 0.482812 0.181250 0.482812 0.181250 0.520312 0.168750 0.520312
4 0.183253 0.483202 0.194843 0.487884 0.180795 0.522654 0.169205 0.517971
4 0.196554 0.488996 0.205546 0.497679 0.179496 0.524654 0.170504 0.515971
0 0.142969 0.460156 0.207031 0.460156 0.207031 0.580469 0.142969 0.580469
4 0.222579 0.497679 0.231571 0.488996 0.257621 0.515971 0.248629 0.524654
4 0.233282 0.487884 0.244872 0.483202 0.258920 0.517971 0.247330 0.522654
4 0.246875 0.482812 0.259375 0.482812 0.259375 0.520312 0.246875 0.520312
4 0.261378 0.483202 0.272968 0.487884 0.258920 0.522654 0.247330 0.517971
4 0.274679 0.488996 0.283671 0.497679 0.257621 0.524654 0.248629 0.515971
0 0.221094 0.460156 0.285156 0.460156 0.285156 0.580469 0.221094 0.580469
4 0.300704 0.497679 0.309696 0.488996 0.335746 0.515971 0.326754 0.524654
4 0.311407 0.487884 0.322997 0.483202 0.337045 0.517971 0.325455 0.522654
4 0.325000 0.482812 0.337500 0.482812 0.337500 0.520312 0.325000 0.520312
4 0.339503 0.483202 0.351093 0.487884 0.337045 0.522654 0.325455 0.517971
4 0.352804 0.488996 0.361796 0.497679 0.335746 0.524654 0.326754 0.515971
0 0.299219 0.460156 0.363281 0.460156 0.363281 0.580469 0.299219 0.580469
4 0.378829 0.497679 0.387821 0.488996 0.413871 0.515971 0.404879 0.524654
4 0.389532 0.487884 0.401122 0.483202 0.415170 0.517971 0.403580 0.522654
4 0.403125 0.482812 0.415625 0.482812 0.415625 0.520312 0.403125 0.520312
4 0.417628 0.483202 0.429218 0.487884 0.415170 0.522654 0.403580 0.517971
4 0.430929 0.488996 0.439921 0.497679 0.413871 0.524654 0.404879 0.515971
0 0.377344 0.460156 0.441406 0.460156 0.441406 0.580469 0.377344 0.580469
4 0.456954 0.497679 0.465946 0.488996 0.491996 0.515971 0.483004 0.524654
4 0.467657 0.487884 0.479247 0.483202 0.493295 0.517971 0.481705 0.522654
4 0.481250 0.482812 0.493750 0.482812 0.493750 0.520312 0.481250 0.520312
4 0.495753 0.483202 0.507343 0.487884 0.493295 0.522654 0.481705 0.517971
4 0.509054 0.488996 0.518046 0.497679 0.491996 0.524654 0.483004 0.515971
0 0.455469 0.460156 0.519531 0.460156 0.519531 0.580469 0.455469 0.580469
4 0.535079 0.497679 0.544071 0.488996 0.570121 0.515971 0.561129 0.524654
4 0.545782 0.487884 0.557372 0.483202 0.571420 0.517971 0.559830 0.522654
4 0.559375 0.482812 0.571875 0.482812 0.571875 0.520312 0.559375 0.520312
4 0.573878 0.483202 0.585468 0.487884 0.571420 0.522654 0.559830 0.517971
4 0.587179 0.488996 0.596171 0.497679 0.570121 0.524654 0.561129 0.515971
0 0.533594 0.460156 0.597656 0.460156 0.597656 0.580469 0.533594 0.580469
4 0.613204 0.497679 0.622196 0.488996 0.648246 0.515971 0.639254 0.524654
4 0.623907 0.487884 0.635497 0.483202 0.649545 0.517971 0.637955 0.522654
4 0.637500 0.482812 0.650000 0.482812 0.650000 0.520312 0.637500 0.520312
4 0.652003 0.483202 0.663593 0.487884 0.649545 0.522654 0.637955 0.517971
4 0.665304 0.488996 0.674296 0.497679 0.648246 0.524654 0.639254 0.515971
0 0.611719 0.460156 0.675781 0.460156 0.675781 0.580469 0.611719 0.580469
4 0.691329 0.497679 0.700321 0.488996 0.726371 0.515971 0.717379 0.524654
4 0.702032 0.487884 0.713622 0.483202 0.727670 0.517971 0.716080 0.522654
4 0.715625 0.482812 0.728125 0.482812 0.728125 0.520312 0.715625 0.520312
4 0.730128 0.483202 0.741718 0.487884 0.727670 0.522654 0.716080 0.517971
4 0.743429 0.488996 0.752421 0.497679 0.726371 0.524654 0.717379 0.515971
0 0.689844 0.460156 0.753906 0.460156 0.753906 0.580469 0.689844 0.580469
4 0.769454 0.497679 0.778446 0.488996 0.804496 0.515971 0.795504 0.524654
4 0.780157 0.487884 0.791747 0.483202 0.805795 0.517971 0.794205 0.522654
4 0.793750 0.482812 0.806250 0.482812 0.806250 0.520312 0.793750 0.520312
4 0.808253 0.483202 0.819843 0.487884 0.805795 0.522654 0.794205 0.517971
4 0.821554 0.488996 0.830546 0.497679 0.804496 0.524654 0.795504 0.515971
0 0.767969 0.460156 0.832031 0.460156 0.832031 0.580469 0.767969 0.580469
4 0.847579 0.497679 0.856571 0.488996 0.882621 0.515971 0.873629 0.524654
4 0.858282 0.487884 0.869872 0.483202 0.883920 0.517971 0.872330 0.522654
4 0.871875 0.482812 0.884375 0.482812 0.884375 0.520312 0.871875 0.520312
4 0.886378 0.483202 0.897968 0.487884 0.883920 0.522654 0.872330 0.517971
4 0.899679 0.488996 0.908671 0.497679 0.882621 0.524654 0.873629 0.515971
0 0.846094 0.460156 0.910156 0.460156 0.910156 0.580469 0.846094 0.580469
4 0.027267 0.575804 0.036259 0.567121 0.062308 0.594096 0.053317 0.602779
4 0.037970 0.566009 0.049560 0.561327 0.063607 0.596096 0.052018 0.600779
4 0.051562 0.560937 0.064062 0.560937 0.064062 0.598437 0.051562 0.598437
4 0.066065 0.561327 0.077655 0.566009 0.063607 0.600779 0.052018 0.596096
4 0.079366 0.567121 0.088358 0.575804 0.062308 0.602779 0.053317 0.594096
0 0.025781 0.538281 0.089844 0.538281 0.089844 0.658594 0.025781 0.658594
4 0.105392 0.575804 0.114384 0.567121 0.140433 0.594096 0.131442 0.602779
4 0.116095 0.566009 0.127685 0.561327 0.141732 0.596096 0.130143 0.600779
4 0.129688 0.560937 0.142187 0.560937 0.142187 0.598437 0.129688 0.598437
4 0.144190 0.561327 0.155780 0.566009 0.141732 0.600779 0.130143 0.596096
4 0.157491 0.567121 0.166483 0.575804 0.140433 0.602779 0.131442 0.594096
0 0.103906 0.538281 0.167969 0.538281 0.167969 0.658594 0.103906 0.658594
4 0.183517 0.575804 0.192509 0.567121 0.218558 0.594096 0.209567 0.602779
4 0.194220 0.566009 0.205810 0.561327 0.219857 0.596096 0.208268 0.600779
4 0.207813 0.560937 0.220312 0.560937 0.220312 0.598437 0.207813 0.598437
4 0.222315 0.561327 0.233905 0.566009 0.219857 0.600779 0.208268 0.596096
4 0.235616 0.567121 0.244608 0.575804 0.218558 0.602779 0.209567 0.594096
0 0.182031 0.538281 0.246094 0.538281 0.246094 0.658594 0.182031 0.658594
4 0.261642 0.575804 0.270634 0.567121 0.296683 0.594096 0.287692 0.602779
4 0.272345 0.566009 0.283935 0.561327 0.297982 0.596096 0.286393 0.600779
4 0.285938 0.560937 0.298438 0.560937 0.298438 0.598437 0.285938 0.598437
4 0.300440 0.561327 0.312030 0.566009 0.297982 0.600779 0.286393 0.596096
4 0.313741 0.567121 0.322733 0.575804 0.296683 0.602779 0.287692 0.594096
0 0.260156 0.538281 0.324219 0.538281 0.324219 0.658594 0.260156 0.658594
4 0.339767 0.575804 0.348759 0.567121 0.374808 0.594096 0.365817 0.602779
4 0.350470 0.566009 0.362060 0.561327 0.376107 0.596096 0.364518 0.600779
4 0.364063 0.560937 0.376563 0.560937 0.376563 0.598437 0.364063 0.598437
4 0.378565 0.561327 0.390155 0.566009 0.376107 0.600779 0.364518 0.596096
4 0.391866 0.567121 0.400858 0.575804 0.374808 0.602779 0.365817 0.594096
0 0.338281 0.538281 0.402344 0.538281 0.402344 0.658594 0.338281 0.658594
4 0.417892 0.575804 0.426884 0.567121 0.452933 0.594096 0.443942 0.602779
4 0.428595 0.566009 0.440185 0.561327 0.454232 0.596096 0.442643 0.600779
4 0.442188 0.560937 0.454688 0.560937 0.454688 0.598437 0.442188 0.598437
4 0.456690 0.561327 0.468280 0.566009 0.454232 0.600779 0.442643 0.596096
4 0.469991 0.567121 0.478983 0.575804 0.452933 0.602779 0.443942 0.594096
0 0.416406 0.538281 0.480469 0.538281 0.480469 0.658594 0.416406 0.658594
4 0.496017 0.575804 0.505009 0.567121 0.531058 0.594096 0.522067 0.602779
4 0.506720 0.566009 0.518310 0.561327 0.532357 0.596096 0.520768 0.600779
4 0.520312 0.560937 0.532813 0.560937 0.532813 0.598437 0.520312 0.598437
4 0.534815 0.561327 0.546405 0.566009 0.532357 0.600779 0.520768 0.596096
4 0.548116 0.567121 0.557108 0.575804 0.531058 0.602779 0.522067 0.594096
0 0.494531 0.538281 0.558594 0.538281 0.558594 0.658594 0.494531 0.658594
4 0.574142 0.575804 0.583134 0.567121 0.609183 0.594096 0.600192 0.602779
4 0.584845 0.566009 0.596435 0.561327 0.610482 0.596096 0.598893 0.600779
4 0.598437 0.560937 0.610938 0.560937 0.610938 0.598437 0.598437 0.598437
4 0.612940 0.561327 0.624530 0.566009 0.610482 0.600779 0.598893 0.596096
4 0.626241 0.567121 0.635233 0.575804 0.609183 0.602779 0.600192 0.594096
0 0.572656 0.538281 0.636719 0.538281 0.636719 0.658594 0.572656 0.658594
4 0.652267 0.575804 0.661259 0.567121 0.687308 0.594096 0.678317 0.602779
4 0.662970 0.566009 0.674560 0.561327 0.688607 0.596096 0.677018 0.600779
4 0.676562 0.560937 0.689063 0.560937 0.689063 0.598437 0.676562 0.598437
4 0.691065 0.561327 0.702655 0.566009 0.688607 0.600779 0.677018 0.596096
4 0.704366 0.567121 0.713358 0.575804 0.687308 0.602779 0.678317 0.594096
0 0.650781 0.538281 0.714844 0.538281 0.714844 0.658594 0.650781 0.658594
4 0.730392 0.575804 0.739384 0.567121 0.765433 0.594096 0.756442 0.602779
4 0.741095 0.566009 0.752685 0.561327 0.766732 0.596096 0.755143 0.600779
4 0.754687 0.560937 0.767188 0.560937 0.767188 0.598437 0.754687 0.598437
4 0.769190 0.561327 0.780780 0.566009 0.766732 0.600779 0.755143 0.596096
4 0.782491 0.567121 0.791483 0.575804 0.765433 0.602779 0.756442 0.594096
0 0.728906 0.538281 0.792969 0.538281 0.792969 0.658594 0.728906 0.658594
4 0.808517 0.575804 0.817509 0.567121 0.843558 0.594096 0.834567 0.602779
4 0.819220 0.566009 0.830810 0.561327 0.844857 0.596096 0.833268 0.600779
4 0.832812 0.560937 0.845313 0.560937 0.845313 0.598437 0.832812 0.598437
4 0.847315 0.561327 0.858905 0.566009 0.844857 0.600779 0.833268 0.596096
4 0.860616 0.567121 0.869608 0.575804 0.843558 0.602779 0.834567 0.594096
0 0.807031 0.538281 0.871094 0.538281 0.871094 0.658594 0.807031 0.658594
4 0.886642 0.575804 0.895634 0.567121 0.921683 0.594096 0.912692 0.602779
4 0.897345 0.566009 0.908935 0.561327 0.922982 0.596096 0.911393 0.600779
4 0.910937 0.560937 0.923438 0.560937 0.923438 0.598437 0.910937 0.598437
4 0.925440 0.561327 0.937030 0.566009 0.922982 0.600779 0.911393 0.596096
4 0.938741 0.567121 0.947733 0.575804 0.921683 0.602779 0.912692 0.594096
0 0.885156 0.538281 0.949219 0.538281 0.949219 0.658594 0.885156 0.658594
4 -0.001093 0.644134 0.010497 0.639452 0.024545 0.674221 0.012955 0.678904
4 0.012500 0.639062 0.025000 0.639062 0.025000 0.676562 0.012500 0.676562
4 0.027003 0.639452 0.038593 0.644134 0.024545 0.678904 0.012955 0.674221
4 0.040304 0.645246 0.049296 0.653929 0.023246 0.680904 0.014254 0.672221
4 0.066329 0.653929 0.075321 0.645246 0.101371 0.672221 0.092379 0.680904
4 0.077032 0.644134 0.088622 0.639452 0.102670 0.674221 0.091080 0.678904
4 0.090625 0.639062 0.103125 0.639062 0.103125 0.676562 0.090625 0.676562
4 0.105128 0.639452 0.116718 0.644134 0.102670 0.678904 0.091080 0.674221
4 0.118429 0.645246 0.127421 0.653929 0.101371 0.680904 0.092379 0.672221
0 0.064844 0.616406 0.128906 0.616406 0.128906 0.736719 0.064844 0.736719
4 0.144454 0.653929 0.153446 0.645246 0.179496 0.672221 0.170504 0.680904
4 0.155157 0.644134 0.166747 0.639452 0.180795 0.674221 0.169205 0.678904
4 0.168750 0.639062 0.181250 0.639062 0.181250 0.676562 0.168750 0.676562
4 0.183253 0.639452 0.194843 0.644134 0.180795 0.678904 0.169205 0.674221
4 0.196554 0.645246 0.205546 0.653929 0.179496 0.680904 0.170504 0.672221
0 0.142969 0.616406 0.207031 0.616406 0.207031 0.736719 0.142969 0.736719
4 0.222579 0.653929 0.231571 0.645246 0.257621 0.672221 0.248629 0.680904
4 0.233282 0.644134 0.244872 0.639452 0.258920 0.674221 0.247330 0.678904
4 0.246875 0.639062 0.259375 0.639062 0.259375 0.676562 0.246875 0.676562
4 0.261378 0.639452 0.272968 0.644134 0.258920 0.678904 0.247330 0.674221
4 0.274679 0.645246 0.283671 0.653929 0.257621 0.680904 0.248629 0.672221
0 0.221094 0.616406 0.285156 0.616406 0.285156 0.736719 0.221094 0.736719
4 0.300704 0.653929 0.309696 0.645246 0.335746 0.672221 0.326754 0.680904
4 0.311407 0.644134 0.322997 0.639452 0.337045 0.674221 0.325455 0.678904
4 0.325000 0.639062 0.337500 0.639062 0.337500 0.676562 0.325000 0.676562
4 0.339503 0.639452 0.351093 0.644134 0.337045 0.678904 0.325455 0.674221
4 0.352804 0.645246 0.361796 0.653929 0.335746 0.680904 0.326754 0.672221
0 0.299219 0.616406 0.363281 0.616406 0.363281 0.736719 0.299219 0.736719
4 0.378829 0.653929 0.387821 0.645246 0.413871 0.672221 0.404879 0.680904
4 0.389532 0.644134 0.401122 0.639452 0.415170 0.674221 0.403580 0.678904
4 0.403125 0.639062 0.415625 0.639062 0.415625 0.676562 0.403125 0.676562
4 0.417628 0.639452 0.429218 0.644134 0.415170 0.678904 0.403580 0.674221
4 0.430929 0.645246 0.439921 0.653929 0.413871 0.680904 0.404879 0.672221
0 0.377344 0.616406 0.441406 0.616406 0.441406 0.736719 0.377344 0.736719
4 0.456954 0.653929 0.465946 0.645246 0.491996 0.672221 0.483004 0.680904
4 0.467657 0.644134 0.479247 0.639452 0.493295 0.674221 0.481705 0.678904
4 0.481250 0.639062 0.493750 0.639062 0.493750 0.676562 0.481250 0.676562
4 0.495753 0.639452 0.507343 0.644134 0.493295 0.678904 0.481705 0.674221
4 0.509054 0.645246 0.518046 0.653929 0.491996 0.680904 0.483004 0.672221
0 0.455469 0.616406 0.519531 0.616406 0.519531 0.736719 0.455469 0.736719
4 0.535079 0.653929 0.544071 0.645246 0.570121 0.672221 0.561129 0.680904
4 0.545782 0.644134 0.557372 0.639452 0.571420 0.674221 0.559830 0.678904
4 0.559375 0.639062 0.571875 0.639062 0.571875 0.676562 0.559375 0.676562
4 0.573878 0.639452 0.585468 0.644134 0.571420 0.678904 0.559830 0.674221
4 0.587179 0.645246 0.596171 0.653929 0.570121 0.680904 0.561129 0.672221
0 0.533594 0.616406 0.597656 0.616406 0.597656 0.736719 0.533594 0.736719
4 0.613204 0.653929 0.622196 0.645246 0.648246 0.672221 0.639254 0.680904
4 0.623907 0.644134 0.635497 0.639452 0.649545 0.674221 0.637955 0.678904
4 0.637500 0.639062 0.650000 0.639062 0.650000 0.676562 0.637500 0.676562
4 0.652003 0.639452 0.663593 0.644134 0.649545 0.678904 0.637955 0.674221
4 0.665304 0.645246 0.674296 0.653929 0.648246 0.680904 0.639254 0.672221
0 0.611719 0.616406 0.675781 0.616406 0.675781 0.736719 0.611719 0.736719
4 0.691329 0.653929 0.700321 0.645246 0.726371 0.672221 0.717379 0.680904
4 0.702032 0.644134 0.713622 0.639452 0.727670 0.674221 0.716080 0.678904
4 0.715625 0.639062 0.728125 0.639062 0.728125 0.676562 0.715625 0.676562
4 0.730128 0.639452 0.741718 0.644134 0.727670 0.678904 0.716080 0.674221
4 0.743429 0.645246 0.752421 0.653929 0.726371 0.680904 0.717379 0.672221
0 0.689844 0.616406 0.753906 0.616406 0.753906 0.736719 0.689844 0.736719
4 0.769454 0.653929 0.778446 0.645246 0.804496 0.672221 0.795504 0.680904
4 0.780157 0.644134 0.791747 0.639452 0.805795 0.674221 0.794205 0.678904
4 0.793750 0.639062 0.806250 0.639062 0.806250 0.676562 0.793750 0.676562
4 0.808253 0.639452 0.819843 0.644134 0.805795 0.678904 0.794205 0.674221
4 0.821554 0.645246 0.830546 0.653929 0.804496 0.680904 0.795504 0.672221
0 0.767969 0.616406 0.832031 0.616406 0.832031 0.736719 0.767969 0.736719
4 0.847579 0.653929 0.856571 0.645246 0.882621 0.672221 0.873629 0.680904
4 0.858282 0.644134 0.869872 0.639452 0.883920 0.674221 0.872330 0.678904
4 0.871875 0.639062 0.884375 0.639062 0.884375 0.676562 0.871875 0.676562
4 0.886378 0.639452 0.897968 0.644134 0.883920 0.678904 0.872330 0.674221
4 0.899679 0.645246 0.908671 0.653929 0.882621 0.680904 0.873629 0.672221
0 0.846094 0.616406 0.910156 0.616406 0.910156 0.736719 0.846094 0.736719
4 0.027267 0.732054 0.036259 0.723371 0.062308 0.750346 0.053317 0.759029
4 0.037970 0.722259 0.049560 0.717577 0.063607 0.752346 0.052018 0.757029
4 0.051562 0.717187 0.064062 0.717187 0.064062 0.754687 0.051562 0.754687
4 0.066065 0.717577 0.077655 0.722259 0.063607 0.757029 0.052018 0.752346
4 0.079366 0.723371 0.088358 0.732054 0.062308 0.759029 0.053317 0.750346
0 0.025781 0.694531 0.089844 0.694531 0.089844 0.814844 0.025781 0.814844
4 0.105392 0.732054 0.114384 0.723371 0.140433 0.750346 0.131442 0.759029
4 0.116095 0.722259 0.127685 0.717577 0.141732 0.752346 0.130143 0.757029
4 0.129688 0.717187 0.142187 0.717187 0.142187 0.754687 0.129688 0.754687
4 0.144190 0.717577 0.155780 0.722259 0.141732 0.757029 0.130143 0.752346
4 0.157491 0.723371 0.166483 0.732054 0.140433 0.759029 0.131442 0.750346
0 0.103906 0.694531 0.167969 0.694531 0.167969 0.814844 0.103906 0.814844
4 0.183517 0.732054 0.192509 0.723371 0.218558 0.750346 0.209567 0.759029
4 0.194220 0.722259 0.205810 0.717577 0.219857 0.752346 0.208268 0.757029
4 0.207813 0.717187 0.220312 0.717187 0.220312 0.754687 0.207813 0.754687
4 0.222315 0.717577 0.233905 0.722259 0.219857 0.757029 0.208268 0.752346
4 0.235616 0.723371 0.244608 0.732054 0.218558 0.759029 0.209567 0.750346
0 0.182031 0.694531 0.246094 0.694531 0.246094 0.814844 0.182031 0.814844
4 0.261642 0.732054 0.270634 0.723371 0.296683 0.750346 0.287692 0.759029
4 0.272345 0.722259 0.283935 0.717577 0.297982 0.752346 0.286393 0.757029
4 0.285938 0.717187 0.298438 0.717187 0.298438 0.754687 0.285938 0.754687
4 0.300440 0.717577 0.312030 0.722259 0.297982 0.757029 0.286393 0.752346
4 0.313741 0.723371 0.322733 0.732054 0.296683 0.759029 0.287692 0.750346
0 0.260156 0.694531 0.324219 0.694531 0.324219 0.814844 0.260156 0.814844
4 0.339767 0.732054 0.348759 0.723371 0.374808 0.750346 0.365817 0.759029
4 0.350470 0.722259 0.362060 0.717577 0.376107 0.752346 0.364518 0.757029
4 0.364063 0.717187 0.376563 0.717187 0.376563 0.754687 0.364063 0.754687
4 0.378565 0.717577 0.390155 0.722259 0.376107 0.757029 0.364518 0.752346
4 0.391866 0.723371 0.400858 0.732054 0.374808 0.759029 0.365817 0.750346
0 0.338281 0.694531 0.402344 0.694531 0.402344 0.814844 0.338281 0.814844
4 0.417892 0.732054 0.426884 0.723371 0.452933 0.750346 0.443942 0.759029
4 0.428595 0.722259 0.440185 0.717577 0.454232 0.752346 0.442643 0.757029
4 0.442188 0.717187 0.454688 0.717187 0.454688 0.754687 0.442188 0.754687
4 0.456690 0.717577 0.468280 0.722259 0.454232 0.757029 0.442643 0.752346
4 0.469991 0.723371 0.478983 0.732054 0.452933 0.759029 0.443942 0.750346
0 0.416406 0.694531 0.480469 0.694531 0.480469 0.814844 0.416406 0.814844
4 0.496017 0.732054 0.505009 0.723371 0.531058 0.750346 0.522067 0.759029
4 0.506720 0.722259 0.518310 0.717577 0.532357 0.752346 0.520768 0.757029
4 0.520312 0.717187 0.532813 0.717187 0.532813 0.754687 0.520312 0.754687
4 0.534815 0.717577 0.546405 0.722259 0.532357 0.757029 0.520768 0.752346
4 0.548116 0.723371 0.557108 0.732054 0.531058 0.759029 0.522067 0.750346
0 0.494531 0.694531 0.558594 0.694531 0.558594 0.814844 0.494531 0.814844
4 0.574142 0.732054 0.583134 0.723371 0.609183 0.750346 0.600192 0.759029
4 0.584845 0.722259 0.596435 0.717577 0.610482 0.752346 0.598893 0.757029
4 0.598437 0.717187 0.610938 0.717187 0.610938 0.754687 0.598437 0.754687
4 0.612940 0.717577 0.624530 0.722259 0.610482 0.757029 0.598893 0.752346
4 0.626241 0.723371 0.635233 0.732054 0.609183 0.759029 0.600192 0.750346
0 0.572656 0.694531 0.636719 0.694531 0.636719 0.814844 0.572656 0.814844
4 0.652267 0.732054 0.661259 0.723371 0.687308 0.750346 0.678317 0.759029
4 0.662970 0.722259 0.674560 0.717577 0.688607 0.752346 0.677018 0.757029
4 0.676562 0.717187 0.689063 0.717187 0.689063 0.754687 0.676562 0.754687
4 0.691065 0.717577 0.702655 0.722259 0.688607 0.757029 0.677018 0.752346
4 0.704366 0.723371 0.713358 0.732054 0.687308 0.759029 0.678317 0.750346
0 0.650781 0.694531 0.714844 0.694531 0.714844 0.814844 0.650781 0.814844
4 0.730392 0.732054 0.739384 0.723371 0.765433 0.750346 0.756442 0.759029
4 0.741095 0.722259 0.752685 0.717577 0.766732 0.752346 0.755143 0.757029
4 0.754687 0.717187 0.767188 0.717187 0.767188 0.754687 0.754687 0.754687
4 0.769190 0.717577 0.780780 0.722259 0.766732 0.757029 0.755143 0.752346
4 0.782491 0.723371 0.791483 0.732054 0.765433 0.759029 0.756442 0.750346
0 0.728906 0.694531 0.792969 0.694531 0.792969 0.814844 0.728906 0.814844
4 0.808517 0.732054 0.817509 0.723371 0.843558 0.750346 0.834567 0.759029
4 0.819220 0.722259 0.830810 0.717577 0.844857 0.752346 0.833268 0.757029
4 0.832812 0.717187 0.845313 0.717187 0.845313 0.754687 0.832812 0.754687
4 0.847315 0.717577 0.858905 0.722259 0.844857 0.757029 0.833268 0.752346
4 0.860616 0.723371 0.869608 0.732054 0.843558 0.759029 0.834567 0.750346
0 0.807031 0.694531 0.871094 0.694531 0.871094 0.814844 0.807031 0.814844
4 0.886642 0.732054 0.895634 0.723371 0.921683 0.750346 0.912692 0.759029
4 0.897345 0.722259 0.908935 0.717577 0.922982 0.752346 0.911393 0.757029
4 0.910937 0.717187 0.923438 0.717187 0.923438 0.754687 0.910937 0.754687
4 0.925440 0.717577 0.937030 0.722259 0.922982 0.757029 0.911393 0.752346
4 0.938741 0.723371 0.947733 0.732054 0.921683 0.759029 0.912692 0.750346
0 0.885156 0.694531 0.949219 0.694531 0.949219 0.814844 0.885156 0.814844