0 0.020313 0.045312 0.064062 0.045312 0.064062 0.129688 0.020313 0.129688
0 0.317188 0.045312 0.360938 0.045312 0.360938 0.129688 0.317188 0.129688
0 0.614062 0.045312 0.657813 0.045312 0.657813 0.129688 0.614062 0.129688
0 0.910937 0.045312 0.954688 0.045312 0.954688 0.129688 0.910937 0.129688
3 0.010212 0.134114 0.126117 0.063086 0.248578 0.262924 0.132672 0.333951
3 0.043178 0.103987 0.170087 0.055272 0.254079 0.274080 0.127171 0.322795
3 0.081083 0.080373 0.214744 0.055601 0.257456 0.286051 0.123794 0.310824
3 0.122656 0.064062 0.258594 0.064062 0.258594 0.298438 0.122656 0.298438
3 0.166506 0.055601 0.300167 0.080373 0.257456 0.310824 0.123794 0.286051
3 0.211163 0.055272 0.338072 0.103987 0.254079 0.322795 0.127171 0.274080
3 0.255133 0.063086 0.371038 0.134114 0.248578 0.333951 0.132672 0.262924
3 0.296942 0.078783 0.397963 0.169743 0.241136 0.343917 0.140114 0.252958
0 0.168750 0.256250 0.212500 0.256250 0.212500 0.340625 0.168750 0.340625
3 0.280162 0.169743 0.381183 0.078783 0.538011 0.252958 0.436989 0.343917
3 0.307087 0.134114 0.422992 0.063086 0.545453 0.262924 0.429547 0.333951
3 0.340053 0.103987 0.466962 0.055272 0.550954 0.274080 0.424046 0.322795
3 0.377958 0.080373 0.511619 0.055601 0.554331 0.286051 0.420669 0.310824
3 0.419531 0.064062 0.555469 0.064062 0.555469 0.298438 0.419531 0.298438
3 0.463381 0.055601 0.597042 0.080373 0.554331 0.310824 0.420669 0.286051
3 0.508038 0.055272 0.634947 0.103987 0.550954 0.322795 0.424046 0.274080
3 0.552008 0.063086 0.667913 0.134114 0.545453 0.333951 0.429547 0.262924
3 0.593817 0.078783 0.694838 0.169743 0.538011 0.343917 0.436989 0.252958
0 0.465625 0.256250 0.509375 0.256250 0.509375 0.340625 0.465625 0.340625
3 0.577037 0.169743 0.678058 0.078783 0.834886 0.252958 0.733864 0.343917
3 0.603962 0.134114 0.719867 0.063086 0.842328 0.262924 0.726422 0.333951
3 0.636928 0.103987 0.763837 0.055272 0.847829 0.274080 0.720921 0.322795
3 0.674833 0.080373 0.808494 0.055601 0.851206 0.286051 0.717544 0.310824
3 0.716406 0.064062 0.852344 0.064062 0.852344 0.298438 0.716406 0.298438
3 0.760256 0.055601 0.893917 0.080373 0.851206 0.310824 0.717544 0.286051
3 0.804913 0.055272 0.931822 0.103987 0.847829 0.322795 0.720921 0.274080
3 0.848883 0.063086 0.964788 0.134114 0.842328 0.333951 0.726422 0.262924
3 0.890692 0.078783 0.991713 0.169743 0.834886 0.343917 0.733864 0.252958
0 0.762500 0.256250 0.806250 0.256250 0.806250 0.340625 0.762500 0.340625
0 0.020313 0.467187 0.064062 0.467187 0.064062 0.551562 0.020313 0.551562
3 0.131724 0.380680 0.232746 0.289720 0.389573 0.463895 0.288552 0.554855
3 0.158649 0.345051 0.274555 0.274024 0.397015 0.473861 0.281110 0.544889
3 0.191616 0.314925 0.318524 0.266209 0.402517 0.485017 0.275608 0.533733
3 0.229520 0.291311 0.363182 0.266538 0.405893 0.496989 0.272232 0.521761
3 0.271094 0.275000 0.407031 0.275000 0.407031 0.509375 0.271094 0.509375
3 0.314943 0.266538 0.448605 0.291311 0.405893 0.521761 0.272232 0.496989
3 0.359601 0.266209 0.486509 0.314925 0.402517 0.533733 0.275608 0.485017
3 0.403570 0.274024 0.519476 0.345051 0.397015 0.544889 0.281110 0.473861
3 0.445379 0.289720 0.546401 0.380680 0.389573 0.554855 0.288552 0.463895
0 0.317188 0.467187 0.360938 0.467187 0.360938 0.551562 0.317188 0.551562
3 0.428599 0.380680 0.529621 0.289720 0.686448 0.463895 0.585427 0.554855
3 0.455524 0.345051 0.571430 0.274024 0.693890 0.473861 0.577985 0.544889
3 0.488491 0.314925 0.615399 0.266209 0.699392 0.485017 0.572483 0.533733
3 0.526395 0.291311 0.660057 0.266538 0.702768 0.496989 0.569107 0.521761
3 0.567969 0.275000 0.703906 0.275000 0.703906 0.509375 0.567969 0.509375
3 0.611818 0.266538 0.745480 0.291311 0.702768 0.521761 0.569107 0.496989
3 0.656476 0.266209 0.783384 0.314925 0.699392 0.533733 0.572483 0.485017
3 0.700445 0.274024 0.816351 0.345051 0.693890 0.544889 0.577985 0.473861
3 0.742254 0.289720 0.843276 0.380680 0.686448 0.554855 0.585427 0.463895
0 0.614062 0.467187 0.657813 0.467187 0.657813 0.551562 0.614062 0.551562
3 0.725474 0.380680 0.826496 0.289720 0.983323 0.463895 0.882302 0.554855
3 0.752399 0.345051 0.868305 0.274024 0.990765 0.473861 0.874860 0.544889
3 0.785366 0.314925 0.912274 0.266209 0.996267 0.485017 0.869358 0.533733
3 0.823270 0.291311 0.956932 0.266538 0.999643 0.496989 0.865982 0.521761
0 0.910937 0.467187 0.954688 0.467187 0.954688 0.551562 0.910937 0.551562
3 0.010212 0.555989 0.126117 0.484961 0.248578 0.684799 0.132672 0.755826
3 0.043178 0.525862 0.170087 0.477147 0.254079 0.695955 0.127171 0.744670
3 0.081083 0.502248 0.214744 0.477476 0.257456 0.707926 0.123794 0.732699
3 0.122656 0.485938 0.258594 0.485938 0.258594 0.720313 0.122656 0.720313
3 0.166506 0.477476 0.300167 0.502248 0.257456 0.732699 0.123794 0.707926
3 0.211163 0.477147 0.338072 0.525862 0.254079 0.744670 0.127171 0.695955
3 0.255133 0.484961 0.371038 0.555989 0.248578 0.755826 0.132672 0.684799
3 0.296942 0.500658 0.397963 0.591618 0.241136 0.765792 0.140114 0.674833
0 0.168750 0.678125 0.212500 0.678125 0.212500 0.762500 0.168750 0.762500
3 0.280162 0.591618 0.381183 0.500658 0.538011 0.674833 0.436989 0.765792
3 0.307087 0.555989 0.422992 0.484961 0.545453 0.684799 0.429547 0.755826
3 0.340053 0.525862 0.466962 0.477147 0.550954 0.695955 0.424046 0.744670
3 0.377958 0.502248 0.511619 0.477476 0.554331 0.707926 0.420669 0.732699
3 0.419531 0.485938 0.555469 0.485938 0.555469 0.720313 0.419531 0.720313
3 0.463381 0.477476 0.597042 0.502248 0.554331 0.732699 0.420669 0.707926
3 0.508038 0.477147 0.634947 0.525862 0.550954 0.744670 0.424046 0.695955
3 0.552008 0.484961 0.667913 0.555989 0.545453 0.755826 0.429547 0.684799
3 0.593817 0.500658 0.694838 0.591618 0.538011 0.765792 0.436989 0.674833
0 0.465625 0.678125 0.509375 0.678125 0.509375 0.762500 0.465625 0.762500
3 0.577037 0.591618 0.678058 0.500658 0.834886 0.674833 0.733864 0.765792
3 0.603962 0.555989 0.719867 0.484961 0.842328 0.684799 0.726422 0.755826
3 0.636928 0.525862 0.763837 0.477147 0.847829 0.695955 0.720921 0.744670
3 0.674833 0.502248 0.808494 0.477476 0.851206 0.707926 0.717544 0.732699
3 0.716406 0.485938 0.852344 0.485938 0.852344 0.720313 0.716406 0.720313
3 0.760256 0.477476 0.893917 0.502248 0.851206 0.732699 0.717544 0.707926
3 0.804913 0.477147 0.931822 0.525862 0.847829 0.744670 0.720921 0.695955
3 0.848883 0.484961 0.964788 0.555989 0.842328 0.755826 0.726422 0.684799
3 0.890692 0.500658 0.991713 0.591618 0.834886 0.765792 0.733864 0.674833
0 0.762500 0.678125 0.806250 0.678125 0.806250 0.762500 0.762500 0.762500