1 0.015625 0.087500 0.062500 0.087500 0.062500 0.137500 0.015625 0.137500
1 0.059375 0.081250 0.106250 0.081250 0.106250 0.131250 0.059375 0.131250
1 0.100000 0.085938 0.146875 0.085938 0.146875 0.135937 0.100000 0.135937
1 0.140625 0.081250 0.187500 0.081250 0.187500 0.131250 0.140625 0.131250
1 0.185938 0.085938 0.232813 0.085938 0.232813 0.135937 0.185938 0.135937
1 0.232813 0.089063 0.279687 0.089063 0.279687 0.139063 0.232813 0.139063
1 0.275000 0.082812 0.321875 0.082812 0.321875 0.132812 0.275000 0.132812
1 0.318750 0.087500 0.365625 0.087500 0.365625 0.137500 0.318750 0.137500
1 0.365625 0.090625 0.412500 0.090625 0.412500 0.140625 0.365625 0.140625
1 0.407813 0.089063 0.454688 0.089063 0.454688 0.139063 0.407813 0.139063
1 0.450000 0.090625 0.496875 0.090625 0.496875 0.140625 0.450000 0.140625
1 0.492188 0.089063 0.539062 0.089063 0.539062 0.139063 0.492188 0.139063
1 0.534375 0.084375 0.581250 0.084375 0.581250 0.134375 0.534375 0.134375
1 0.578125 0.084375 0.625000 0.084375 0.625000 0.134375 0.578125 0.134375
1 0.626563 0.089063 0.673438 0.089063 0.673438 0.139063 0.626563 0.139063
1 0.665625 0.084375 0.712500 0.084375 0.712500 0.134375 0.665625 0.134375
1 0.709375 0.081250 0.756250 0.081250 0.756250 0.131250 0.709375 0.131250
1 0.757812 0.087500 0.804688 0.087500 0.804688 0.137500 0.757812 0.137500
1 0.801562 0.089063 0.848437 0.089063 0.848437 0.139063 0.801562 0.139063
1 0.842187 0.085938 0.889062 0.085938 0.889062 0.135937 0.842187 0.135937
1 0.887500 0.085938 0.934375 0.085938 0.934375 0.135937 0.887500 0.135937
1 0.934375 0.082812 0.981250 0.082812 0.981250 0.132812 0.934375 0.132812
1 0.031250 0.152344 0.040625 0.152344 0.040625 0.163281 0.031250 0.163281
1 0.040625 0.158594 0.050000 0.158594 0.050000 0.169531 0.040625 0.169531
1 0.056250 0.152344 0.065625 0.152344 0.065625 0.163281 0.056250 0.163281
1 0.068750 0.150781 0.078125 0.150781 0.078125 0.161719 0.068750 0.161719
1 0.078125 0.155469 0.087500 0.155469 0.087500 0.166406 0.078125 0.166406
1 0.095312 0.152344 0.104688 0.152344 0.104688 0.163281 0.095312 0.163281
1 0.109375 0.155469 0.118750 0.155469 0.118750 0.166406 0.109375 0.166406
1 0.118750 0.150781 0.128125 0.150781 0.128125 0.161719 0.118750 0.161719
1 0.128125 0.153906 0.137500 0.153906 0.137500 0.164844 0.128125 0.164844
1 0.140625 0.153906 0.150000 0.153906 0.150000 0.164844 0.140625 0.164844
1 0.159375 0.152344 0.168750 0.152344 0.168750 0.163281 0.159375 0.163281
1 0.170313 0.153906 0.179688 0.153906 0.179688 0.164844 0.170313 0.164844
1 0.179688 0.153906 0.189062 0.153906 0.189062 0.164844 0.179688 0.164844
1 0.195312 0.160156 0.204687 0.160156 0.204687 0.171094 0.195312 0.171094
1 0.204687 0.160156 0.214062 0.160156 0.214062 0.171094 0.204687 0.171094
1 0.221875 0.150781 0.231250 0.150781 0.231250 0.161719 0.221875 0.161719
1 0.228125 0.157031 0.237500 0.157031 0.237500 0.167969 0.228125 0.167969
1 0.245312 0.152344 0.254688 0.152344 0.254688 0.163281 0.245312 0.163281
1 0.253125 0.153906 0.262500 0.153906 0.262500 0.164844 0.253125 0.164844
1 0.267188 0.155469 0.276562 0.155469 0.276562 0.166406 0.267188 0.166406
1 0.281250 0.160156 0.290625 0.160156 0.290625 0.171094 0.281250 0.171094
1 0.292187 0.152344 0.301563 0.152344 0.301563 0.163281 0.292187 0.163281
1 0.303125 0.152344 0.312500 0.152344 0.312500 0.163281 0.303125 0.163281
1 0.320312 0.155469 0.329688 0.155469 0.329688 0.166406 0.320312 0.166406
1 0.328125 0.150781 0.337500 0.150781 0.337500 0.161719 0.328125 0.161719
1 0.016406 0.140625 0.055469 0.140625 0.055469 0.215625 0.016406 0.215625
1 0.052344 0.139063 0.091406 0.139063 0.091406 0.214062 0.052344 0.214062
1 0.091406 0.140625 0.130469 0.140625 0.130469 0.215625 0.091406 0.215625
1 0.127344 0.140625 0.166406 0.140625 0.166406 0.215625 0.127344 0.215625
1 0.157031 0.137500 0.196094 0.137500 0.196094 0.212500 0.157031 0.212500
1 0.194531 0.140625 0.233594 0.140625 0.233594 0.215625 0.194531 0.215625
1 0.233594 0.132812 0.272656 0.132812 0.272656 0.207813 0.233594 0.207813
1 0.266406 0.132812 0.305469 0.132812 0.305469 0.207813 0.266406 0.207813
1 0.307031 0.131250 0.346094 0.131250 0.346094 0.206250 0.307031 0.206250
1 0.339844 0.134375 0.378906 0.134375 0.378906 0.209375 0.339844 0.209375
1 0.372656 0.137500 0.411719 0.137500 0.411719 0.212500 0.372656 0.212500
1 0.408594 0.140625 0.447656 0.140625 0.447656 0.215625 0.408594 0.215625
1 0.449219 0.137500 0.488281 0.137500 0.488281 0.212500 0.449219 0.212500
1 0.486719 0.139063 0.525781 0.139063 0.525781 0.214062 0.486719 0.214062
1 0.517969 0.135937 0.557031 0.135937 0.557031 0.210938 0.517969 0.210938
1 0.553906 0.132812 0.592969 0.132812 0.592969 0.207813 0.553906 0.207813
1 0.592969 0.132812 0.632031 0.132812 0.632031 0.207813 0.592969 0.207813
1 0.627344 0.134375 0.666406 0.134375 0.666406 0.209375 0.627344 0.209375
1 0.660156 0.131250 0.699219 0.131250 0.699219 0.206250 0.660156 0.206250
1 0.700781 0.137500 0.739844 0.137500 0.739844 0.212500 0.700781 0.212500
1 0.735156 0.135937 0.774219 0.135937 0.774219 0.210938 0.735156 0.210938
1 0.772656 0.131250 0.811719 0.131250 0.811719 0.206250 0.772656 0.206250
1 0.807031 0.135937 0.846094 0.135937 0.846094 0.210938 0.807031 0.210938
1 0.844531 0.140625 0.883594 0.140625 0.883594 0.215625 0.844531 0.215625
1 0.878906 0.137500 0.917969 0.137500 0.917969 0.212500 0.878906 0.212500
0 0.068750 0.212500 0.184375 0.212500 0.184375 0.275000 0.068750 0.275000
0 0.165625 0.214062 0.281250 0.214062 0.281250 0.276562 0.165625 0.276562
0 0.256250 0.212500 0.371875 0.212500 0.371875 0.275000 0.256250 0.275000
0 0.350000 0.210938 0.465625 0.210938 0.465625 0.273438 0.350000 0.273438
0 0.439063 0.214062 0.554688 0.214062 0.554688 0.276562 0.439063 0.276562
0 0.532813 0.218750 0.648438 0.218750 0.648438 0.281250 0.532813 0.281250
0 0.626563 0.214062 0.742188 0.214062 0.742188 0.276562 0.626563 0.276562
0 0.712500 0.217188 0.828125 0.217188 0.828125 0.279687 0.712500 0.279687
0 0.804688 0.215625 0.920312 0.215625 0.920312 0.278125 0.804688 0.278125
1 0.030469 0.296875 0.047656 0.296875 0.047656 0.318750 0.030469 0.318750
1 0.038281 0.303125 0.055469 0.303125 0.055469 0.325000 0.038281 0.325000
1 0.058594 0.303125 0.075781 0.303125 0.075781 0.325000 0.058594 0.325000
1 0.066406 0.303125 0.083594 0.303125 0.083594 0.325000 0.066406 0.325000
1 0.083594 0.303125 0.100781 0.303125 0.100781 0.325000 0.083594 0.325000
1 0.097656 0.295312 0.114844 0.295312 0.114844 0.317188 0.097656 0.317188
1 0.114844 0.301563 0.132031 0.301563 0.132031 0.323437 0.114844 0.323437
1 0.127344 0.304688 0.144531 0.304688 0.144531 0.326562 0.127344 0.326562
1 0.139844 0.295312 0.157031 0.295312 0.157031 0.317188 0.139844 0.317188
1 0.153906 0.295312 0.171094 0.295312 0.171094 0.317188 0.153906 0.317188
1 0.171094 0.296875 0.188281 0.296875 0.188281 0.318750 0.171094 0.318750
1 0.180469 0.296875 0.197656 0.296875 0.197656 0.318750 0.180469 0.318750
1 0.196094 0.303125 0.213281 0.303125 0.213281 0.325000 0.196094 0.325000
1 0.208594 0.296875 0.225781 0.296875 0.225781 0.318750 0.208594 0.318750
1 0.224219 0.295312 0.241406 0.295312 0.241406 0.317188 0.224219 0.317188
1 0.238281 0.300000 0.255469 0.300000 0.255469 0.321875 0.238281 0.321875
1 0.255469 0.295312 0.272656 0.295312 0.272656 0.317188 0.255469 0.317188
1 0.263281 0.303125 0.280469 0.303125 0.280469 0.325000 0.263281 0.325000
1 0.278906 0.303125 0.296094 0.303125 0.296094 0.325000 0.278906 0.325000
1 0.291406 0.296875 0.308594 0.296875 0.308594 0.318750 0.291406 0.318750
1 0.305469 0.300000 0.322656 0.300000 0.322656 0.321875 0.305469 0.321875
1 0.322656 0.304688 0.339844 0.304688 0.339844 0.326562 0.322656 0.326562
1 0.335156 0.296875 0.352344 0.296875 0.352344 0.318750 0.335156 0.318750
1 0.350781 0.301563 0.367969 0.301563 0.367969 0.323437 0.350781 0.323437
1 0.367969 0.295312 0.385156 0.295312 0.385156 0.317188 0.367969 0.317188
1 0.025000 0.322656 0.040625 0.322656 0.040625 0.339844 0.025000 0.339844
1 0.040625 0.317969 0.056250 0.317969 0.056250 0.335156 0.040625 0.335156
1 0.054688 0.325781 0.070312 0.325781 0.070312 0.342969 0.054688 0.342969
1 0.071875 0.319531 0.087500 0.319531 0.087500 0.336719 0.071875 0.336719
1 0.087500 0.324219 0.103125 0.324219 0.103125 0.341406 0.087500 0.341406
1 0.100000 0.317969 0.115625 0.317969 0.115625 0.335156 0.100000 0.335156
1 0.109375 0.322656 0.125000 0.322656 0.125000 0.339844 0.109375 0.339844
1 0.129688 0.322656 0.145313 0.322656 0.145313 0.339844 0.129688 0.339844
1 0.137500 0.322656 0.153125 0.322656 0.153125 0.339844 0.137500 0.339844
1 0.154688 0.317969 0.170313 0.317969 0.170313 0.335156 0.154688 0.335156
1 0.165625 0.324219 0.181250 0.324219 0.181250 0.341406 0.165625 0.341406
1 0.182812 0.324219 0.198437 0.324219 0.198437 0.341406 0.182812 0.341406
1 0.193750 0.316406 0.209375 0.316406 0.209375 0.333594 0.193750 0.333594
1 0.214062 0.324219 0.229687 0.324219 0.229687 0.341406 0.214062 0.341406
1 0.223438 0.324219 0.239063 0.324219 0.239063 0.341406 0.223438 0.341406
1 0.237500 0.321094 0.253125 0.321094 0.253125 0.338281 0.237500 0.338281
1 0.254688 0.321094 0.270313 0.321094 0.270313 0.338281 0.254688 0.338281
1 0.264062 0.324219 0.279687 0.324219 0.279687 0.341406 0.264062 0.341406
1 0.279687 0.319531 0.295312 0.319531 0.295312 0.336719 0.279687 0.336719
1 0.293750 0.324219 0.309375 0.324219 0.309375 0.341406 0.293750 0.341406
1 0.312500 0.317969 0.328125 0.317969 0.328125 0.335156 0.312500 0.335156
1 0.323437 0.317969 0.339062 0.317969 0.339062 0.335156 0.323437 0.335156
1 0.334375 0.316406 0.350000 0.316406 0.350000 0.333594 0.334375 0.333594
1 0.354687 0.321094 0.370312 0.321094 0.370312 0.338281 0.354687 0.338281
1 0.362500 0.322656 0.378125 0.322656 0.378125 0.339844 0.362500 0.339844