0 0.030469 0.043750 0.072656 0.043750 0.072656 0.065625 0.030469 0.065625
0 0.360156 0.043750 0.402344 0.043750 0.402344 0.065625 0.360156 0.065625
0 0.689844 0.043750 0.732031 0.043750 0.732031 0.065625 0.689844 0.065625
2 0.013647 0.117370 0.069071 0.069191 0.243337 0.269660 0.187913 0.317840
2 0.048256 0.084244 0.111369 0.046696 0.247181 0.274976 0.184069 0.312524
2 0.088208 0.057806 0.156995 0.032087 0.250018 0.280891 0.181232 0.306609
2 0.132226 0.038898 0.204491 0.025830 0.251758 0.287216 0.179492 0.300284
2 0.178906 0.028125 0.252344 0.028125 0.252344 0.293750 0.178906 0.293750
2 0.226759 0.025830 0.299024 0.038898 0.251758 0.300284 0.179492 0.287216
2 0.274255 0.032087 0.343042 0.057806 0.250018 0.306609 0.181232 0.280891
2 0.319881 0.046696 0.382994 0.084244 0.247181 0.312524 0.184069 0.274976
2 0.362179 0.069191 0.417603 0.117370 0.243337 0.317840 0.187913 0.269660
0 0.194531 0.282813 0.236719 0.282813 0.236719 0.304688 0.194531 0.304688
2 0.343335 0.117370 0.398759 0.069191 0.573024 0.269660 0.517601 0.317840
2 0.377944 0.084244 0.441057 0.046696 0.576869 0.274976 0.513756 0.312524
2 0.417895 0.057806 0.486682 0.032087 0.579706 0.280891 0.510919 0.306609
2 0.461914 0.038898 0.534179 0.025830 0.581445 0.287216 0.509180 0.300284
2 0.508594 0.028125 0.582031 0.028125 0.582031 0.293750 0.508594 0.293750
2 0.556446 0.025830 0.628711 0.038898 0.581445 0.300284 0.509180 0.287216
2 0.603943 0.032087 0.672730 0.057806 0.579706 0.306609 0.510919 0.280891
2 0.649568 0.046696 0.712681 0.084244 0.576869 0.312524 0.513756 0.274976
2 0.691866 0.069191 0.747290 0.117370 0.573024 0.317840 0.517601 0.269660
0 0.524219 0.282813 0.566406 0.282813 0.566406 0.304688 0.524219 0.304688
2 0.673022 0.117370 0.728446 0.069191 0.902712 0.269660 0.847288 0.317840
2 0.707631 0.084244 0.770744 0.046696 0.906556 0.274976 0.843444 0.312524
2 0.747583 0.057806 0.816370 0.032087 0.909393 0.280891 0.840607 0.306609
2 0.791601 0.038898 0.863866 0.025830 0.911133 0.287216 0.838867 0.300284
2 0.838281 0.028125 0.911719 0.028125 0.911719 0.293750 0.838281 0.293750
2 0.886134 0.025830 0.958399 0.038898 0.911133 0.300284 0.838867 0.287216
0 0.853906 0.282813 0.896094 0.282813 0.896094 0.304688 0.853906 0.304688
2 0.014844 0.267188 0.088281 0.267188 0.088281 0.532813 0.014844 0.532813
2 0.062696 0.264893 0.134961 0.277961 0.087695 0.539346 0.015430 0.526279
2 0.110193 0.271150 0.178980 0.296868 0.085956 0.545672 0.017169 0.519953
2 0.155818 0.285759 0.218931 0.323307 0.083119 0.551587 0.020006 0.514038
2 0.198116 0.308253 0.253540 0.356432 0.079274 0.556902 0.023851 0.508723
0 0.030469 0.521875 0.072656 0.521875 0.072656 0.543750 0.030469 0.543750
2 0.179272 0.356432 0.234696 0.308253 0.408962 0.508723 0.353538 0.556902
2 0.213881 0.323307 0.276994 0.285759 0.412806 0.514038 0.349694 0.551587
2 0.253833 0.296868 0.322620 0.271150 0.415643 0.519953 0.346857 0.545672
2 0.297851 0.277961 0.370116 0.264893 0.417383 0.526279 0.345117 0.539346
2 0.344531 0.267188 0.417969 0.267188 0.417969 0.532813 0.344531 0.532813
2 0.392384 0.264893 0.464649 0.277961 0.417383 0.539346 0.345117 0.526279
2 0.439880 0.271150 0.508667 0.296868 0.415643 0.545672 0.346857 0.519953
2 0.485506 0.285759 0.548619 0.323307 0.412806 0.551587 0.349694 0.514038
2 0.527804 0.308253 0.583228 0.356432 0.408962 0.556902 0.353538 0.508723
0 0.360156 0.521875 0.402344 0.521875 0.402344 0.543750 0.360156 0.543750
2 0.508960 0.356432 0.564384 0.308253 0.738649 0.508723 0.683226 0.556902
2 0.543569 0.323307 0.606682 0.285759 0.742494 0.514038 0.679381 0.551587
2 0.583520 0.296868 0.652307 0.271150 0.745331 0.519953 0.676544 0.545672
2 0.627539 0.277961 0.699804 0.264893 0.747070 0.526279 0.674805 0.539346
2 0.674219 0.267188 0.747656 0.267188 0.747656 0.532813 0.674219 0.532813
2 0.722071 0.264893 0.794336 0.277961 0.747070 0.539346 0.674805 0.526279
2 0.769568 0.271150 0.838355 0.296868 0.745331 0.545672 0.676544 0.519953
2 0.815193 0.285759 0.878306 0.323307 0.742494 0.551587 0.679381 0.514038
2 0.857491 0.308253 0.912915 0.356432 0.738649 0.556902 0.683226 0.508723
0 0.689844 0.521875 0.732031 0.521875 0.732031 0.543750 0.689844 0.543750
2 0.013647 0.595495 0.069071 0.547316 0.243337 0.747785 0.187913 0.795965
2 0.048256 0.562369 0.111369 0.524821 0.247181 0.753101 0.184069 0.790649
2 0.088208 0.535931 0.156995 0.510212 0.250018 0.759016 0.181232 0.784734
2 0.132226 0.517023 0.204491 0.503955 0.251758 0.765341 0.179492 0.778409
2 0.178906 0.506250 0.252344 0.506250 0.252344 0.771875 0.178906 0.771875
2 0.226759 0.503955 0.299024 0.517023 0.251758 0.778409 0.179492 0.765341
2 0.274255 0.510212 0.343042 0.535931 0.250018 0.784734 0.181232 0.759016
2 0.319881 0.524821 0.382994 0.562369 0.247181 0.790649 0.184069 0.753101
2 0.362179 0.547316 0.417603 0.595495 0.243337 0.795965 0.187913 0.747785
0 0.194531 0.760938 0.236719 0.760938 0.236719 0.782813 0.194531 0.782813
2 0.343335 0.595495 0.398759 0.547316 0.573024 0.747785 0.517601 0.795965
2 0.377944 0.562369 0.441057 0.524821 0.576869 0.753101 0.513756 0.790649
2 0.417895 0.535931 0.486682 0.510212 0.579706 0.759016 0.510919 0.784734
2 0.461914 0.517023 0.534179 0.503955 0.581445 0.765341 0.509180 0.778409
2 0.508594 0.506250 0.582031 0.506250 0.582031 0.771875 0.508594 0.771875
2 0.556446 0.503955 0.628711 0.517023 0.581445 0.778409 0.509180 0.765341
2 0.603943 0.510212 0.672730 0.535931 0.579706 0.784734 0.510919 0.759016
2 0.649568 0.524821 0.712681 0.562369 0.576869 0.790649 0.513756 0.753101
2 0.691866 0.547316 0.747290 0.595495 0.573024 0.795965 0.517601 0.747785
0 0.524219 0.760938 0.566406 0.760938 0.566406 0.782813 0.524219 0.782813
2 0.673022 0.595495 0.728446 0.547316 0.902712 0.747785 0.847288 0.795965
2 0.707631 0.562369 0.770744 0.524821 0.906556 0.753101 0.843444 0.790649
2 0.747583 0.535931 0.816370 0.510212 0.909393 0.759016 0.840607 0.784734
2 0.791601 0.517023 0.863866 0.503955 0.911133 0.765341 0.838867 0.778409
2 0.838281 0.506250 0.911719 0.506250 0.911719 0.771875 0.838281 0.771875
2 0.886134 0.503955 0.958399 0.517023 0.911133 0.778409 0.838867 0.765341
0 0.853906 0.760938 0.896094 0.760938 0.896094 0.782813 0.853906 0.782813