0 0.021094 0.026562 0.047656 0.026562 0.047656 0.076563 0.021094 0.076563
0 0.319531 0.026562 0.346094 0.026562 0.346094 0.076563 0.319531 0.076563
0 0.617969 0.026562 0.644531 0.026562 0.644531 0.076563 0.617969 0.076563
0 0.916406 0.026562 0.942969 0.026562 0.942969 0.076563 0.916406 0.076563
4 0.040926 0.066519 0.125144 0.029023 0.224921 0.253127 0.140704 0.290623
4 0.103026 0.035365 0.194317 0.022535 0.228458 0.265460 0.137167 0.278290
4 0.171308 0.022535 0.262599 0.035365 0.228458 0.278290 0.137167 0.265460
4 0.240481 0.029023 0.324699 0.066519 0.224921 0.290623 0.140704 0.253127
4 0.305186 0.054326 0.375806 0.113583 0.218122 0.301503 0.147503 0.242247
0 0.169531 0.246875 0.196094 0.246875 0.196094 0.296875 0.169531 0.296875
4 0.288256 0.113583 0.358876 0.054326 0.516560 0.242247 0.445940 0.301503
4 0.339364 0.066519 0.423581 0.029023 0.523359 0.253127 0.439141 0.290623
4 0.401464 0.035365 0.492754 0.022535 0.526895 0.265460 0.435605 0.278290
4 0.469746 0.022535 0.561036 0.035365 0.526895 0.278290 0.435605 0.265460
4 0.538919 0.029023 0.623136 0.066519 0.523359 0.290623 0.439141 0.253127
4 0.603624 0.054326 0.674244 0.113583 0.516560 0.301503 0.445940 0.242247
0 0.467969 0.246875 0.494531 0.246875 0.494531 0.296875 0.467969 0.296875
4 0.586694 0.113583 0.657314 0.054326 0.814997 0.242247 0.744378 0.301503
4 0.637801 0.066519 0.722019 0.029023 0.821796 0.253127 0.737579 0.290623
4 0.699901 0.035365 0.791192 0.022535 0.825333 0.265460 0.734042 0.278290
4 0.768183 0.022535 0.859474 0.035365 0.825333 0.278290 0.734042 0.265460
4 0.837356 0.029023 0.921574 0.066519 0.821796 0.290623 0.737579 0.253127
4 0.902061 0.054326 0.972681 0.113583 0.814997 0.301503 0.744378 0.242247
0 0.766406 0.246875 0.792969 0.246875 0.792969 0.296875 0.766406 0.296875
4 0.156749 0.274639 0.227369 0.333896 0.069685 0.521816 -0.000935 0.462559
0 0.021094 0.467187 0.047656 0.467187 0.047656 0.517188 0.021094 0.517188
4 0.139819 0.333896 0.210439 0.274639 0.368122 0.462559 0.297503 0.521816
4 0.190926 0.286831 0.275144 0.249335 0.374921 0.473439 0.290704 0.510936
4 0.253026 0.255677 0.344317 0.242847 0.378458 0.485772 0.287167 0.498603
4 0.321308 0.242847 0.412599 0.255677 0.378458 0.498603 0.287167 0.485772
4 0.390481 0.249335 0.474699 0.286831 0.374921 0.510936 0.290704 0.473439
4 0.455186 0.274639 0.525806 0.333896 0.368122 0.521816 0.297503 0.462559
0 0.319531 0.467187 0.346094 0.467187 0.346094 0.517188 0.319531 0.517188
4 0.438256 0.333896 0.508876 0.274639 0.666560 0.462559 0.595940 0.521816
4 0.489364 0.286831 0.573581 0.249335 0.673359 0.473439 0.589141 0.510936
4 0.551464 0.255677 0.642754 0.242847 0.676895 0.485772 0.585605 0.498603
4 0.619746 0.242847 0.711036 0.255677 0.676895 0.498603 0.585605 0.485772
4 0.688919 0.249335 0.773136 0.286831 0.673359 0.510936 0.589141 0.473439
4 0.753624 0.274639 0.824244 0.333896 0.666560 0.521816 0.595940 0.462559
0 0.617969 0.467187 0.644531 0.467187 0.644531 0.517188 0.617969 0.517188
4 0.736694 0.333896 0.807314 0.274639 0.964997 0.462559 0.894378 0.521816
4 0.787801 0.286831 0.872019 0.249335 0.971796 0.473439 0.887579 0.510936
4 0.849901 0.255677 0.941192 0.242847 0.975333 0.485772 0.884042 0.498603
0 0.916406 0.467187 0.942969 0.467187 0.942969 0.517188 0.916406 0.517188
4 0.040926 0.507144 0.125144 0.469648 0.224921 0.693752 0.140704 0.731248
4 0.103026 0.475990 0.194317 0.463160 0.228458 0.706085 0.137167 0.718915
4 0.171308 0.463160 0.262599 0.475990 0.228458 0.718915 0.137167 0.706085
4 0.240481 0.469648 0.324699 0.507144 0.224921 0.731248 0.140704 0.693752
4 0.305186 0.494951 0.375806 0.554208 0.218122 0.742128 0.147503 0.682872
0 0.169531 0.687500 0.196094 0.687500 0.196094 0.737500 0.169531 0.737500
4 0.288256 0.554208 0.358876 0.494951 0.516560 0.682872 0.445940 0.742128
4 0.339364 0.507144 0.423581 0.469648 0.523359 0.693752 0.439141 0.731248
4 0.401464 0.475990 0.492754 0.463160 0.526895 0.706085 0.435605 0.718915
4 0.469746 0.463160 0.561036 0.475990 0.526895 0.718915 0.435605 0.706085
4 0.538919 0.469648 0.623136 0.507144 0.523359 0.731248 0.439141 0.693752
4 0.603624 0.494951 0.674244 0.554208 0.516560 0.742128 0.445940 0.682872
0 0.467969 0.687500 0.494531 0.687500 0.494531 0.737500 0.467969 0.737500
4 0.586694 0.554208 0.657314 0.494951 0.814997 0.682872 0.744378 0.742128
4 0.637801 0.507144 0.722019 0.469648 0.821796 0.693752 0.737579 0.731248
4 0.699901 0.475990 0.791192 0.463160 0.825333 0.706085 0.734042 0.718915
4 0.768183 0.463160 0.859474 0.475990 0.825333 0.718915 0.734042 0.706085
4 0.837356 0.469648 0.921574 0.507144 0.821796 0.731248 0.737579 0.693752
4 0.902061 0.494951 0.972681 0.554208 0.814997 0.742128 0.744378 0.682872
0 0.766406 0.687500 0.792969 0.687500 0.792969 0.737500 0.766406 0.737500