0 0.138281 0.240625 0.171094 0.240625 0.171094 0.262500 0.138281 0.262500
0 0.172656 0.228125 0.205469 0.228125 0.205469 0.250000 0.172656 0.250000
0 0.207031 0.221875 0.239844 0.221875 0.239844 0.243750 0.207031 0.243750
0 0.241406 0.225000 0.274219 0.225000 0.274219 0.246875 0.241406 0.246875
0 0.275781 0.217188 0.308594 0.217188 0.308594 0.239063 0.275781 0.239063
0 0.310156 0.234375 0.342969 0.234375 0.342969 0.256250 0.310156 0.256250
0 0.344531 0.240625 0.377344 0.240625 0.377344 0.262500 0.344531 0.262500
0 0.378906 0.226562 0.411719 0.226562 0.411719 0.248438 0.378906 0.248438
0 0.413281 0.240625 0.446094 0.240625 0.446094 0.262500 0.413281 0.262500
0 0.447656 0.220312 0.480469 0.220312 0.480469 0.242188 0.447656 0.242188
0 0.482031 0.225000 0.514844 0.225000 0.514844 0.246875 0.482031 0.246875
0 0.516406 0.231250 0.549219 0.231250 0.549219 0.253125 0.516406 0.253125