2 0.003330 0.078420 0.071985 0.032112 0.181202 0.194033 0.112548 0.240342
2 0.039985 0.048558 0.117604 0.019692 0.185684 0.202754 0.108066 0.231621
2 0.082634 0.028152 0.164864 0.018346 0.187990 0.212285 0.105760 0.222090
2 0.128886 0.018346 0.211116 0.028152 0.187990 0.222090 0.105760 0.212285
2 0.176146 0.019692 0.253765 0.048558 0.185684 0.231621 0.108066 0.202754
2 0.221765 0.032112 0.290420 0.078420 0.181202 0.240342 0.112548 0.194033
2 0.209580 0.078420 0.278235 0.032112 0.387452 0.194033 0.318798 0.240342
2 0.246235 0.048558 0.323854 0.019692 0.391934 0.202754 0.314316 0.231621
2 0.288884 0.028152 0.371114 0.018346 0.394240 0.212285 0.312010 0.222090
2 0.335136 0.018346 0.417366 0.028152 0.394240 0.222090 0.312010 0.212285
2 0.382396 0.019692 0.460015 0.048558 0.391934 0.231621 0.314316 0.202754
2 0.428015 0.032112 0.496670 0.078420 0.387452 0.240342 0.318798 0.194033
2 0.415830 0.078420 0.484485 0.032112 0.593702 0.194033 0.525048 0.240342
2 0.452485 0.048558 0.530104 0.019692 0.598184 0.202754 0.520566 0.231621
2 0.495134 0.028152 0.577364 0.018346 0.600490 0.212285 0.518260 0.222090
2 0.541386 0.018346 0.623616 0.028152 0.600490 0.222090 0.518260 0.212285
2 0.588646 0.019692 0.666265 0.048558 0.598184 0.231621 0.520566 0.202754
2 0.634265 0.032112 0.702920 0.078420 0.593702 0.240342 0.525048 0.194033
2 0.622080 0.078420 0.690735 0.032112 0.799952 0.194033 0.731298 0.240342
2 0.658735 0.048558 0.736354 0.019692 0.804434 0.202754 0.726816 0.231621
2 0.701384 0.028152 0.783614 0.018346 0.806740 0.212285 0.724510 0.222090
2 0.747636 0.018346 0.829866 0.028152 0.806740 0.222090 0.724510 0.212285
2 0.794896 0.019692 0.872515 0.048558 0.804434 0.231621 0.726816 0.202754
2 0.840515 0.032112 0.909170 0.078420 0.799952 0.240342 0.731298 0.194033
2 0.025761 0.193346 0.107991 0.203152 0.084865 0.397090 0.002635 0.387285
2 0.073021 0.194692 0.150640 0.223558 0.082559 0.406621 0.004941 0.377754
2 0.118640 0.207112 0.187295 0.253420 0.078077 0.415342 0.009423 0.369033
2 0.106455 0.253420 0.175110 0.207112 0.284327 0.369033 0.215673 0.415342
2 0.143110 0.223558 0.220729 0.194692 0.288809 0.377754 0.211191 0.406621
2 0.185759 0.203152 0.267989 0.193346 0.291115 0.387285 0.208885 0.397090
2 0.232011 0.193346 0.314241 0.203152 0.291115 0.397090 0.208885 0.387285
2 0.279271 0.194692 0.356890 0.223558 0.288809 0.406621 0.211191 0.377754
2 0.324890 0.207112 0.393545 0.253420 0.284327 0.415342 0.215673 0.369033
2 0.312705 0.253420 0.381360 0.207112 0.490577 0.369033 0.421923 0.415342
2 0.349360 0.223558 0.426979 0.194692 0.495059 0.377754 0.417441 0.406621
2 0.392009 0.203152 0.474239 0.193346 0.497365 0.387285 0.415135 0.397090
2 0.438261 0.193346 0.520491 0.203152 0.497365 0.397090 0.415135 0.387285
2 0.485521 0.194692 0.563140 0.223558 0.495059 0.406621 0.417441 0.377754
2 0.531140 0.207112 0.599795 0.253420 0.490577 0.415342 0.421923 0.369033
2 0.518955 0.253420 0.587610 0.207112 0.696827 0.369033 0.628173 0.415342
2 0.555610 0.223558 0.633229 0.194692 0.701309 0.377754 0.623691 0.406621
2 0.598259 0.203152 0.680489 0.193346 0.703615 0.387285 0.621385 0.397090
2 0.644511 0.193346 0.726741 0.203152 0.703615 0.397090 0.621385 0.387285
2 0.691771 0.194692 0.769390 0.223558 0.701309 0.406621 0.623691 0.377754
2 0.737390 0.207112 0.806045 0.253420 0.696827 0.415342 0.628173 0.369033
2 0.725205 0.253420 0.793860 0.207112 0.903077 0.369033 0.834423 0.415342
2 0.761860 0.223558 0.839479 0.194692 0.907559 0.377754 0.829941 0.406621
2 0.804509 0.203152 0.886739 0.193346 0.909865 0.387285 0.827635 0.397090
2 0.850761 0.193346 0.932991 0.203152 0.909865 0.397090 0.827635 0.387285
2 0.898021 0.194692 0.975640 0.223558 0.907559 0.406621 0.829941 0.377754
2 0.003330 0.428420 0.071985 0.382112 0.181202 0.544033 0.112548 0.590342
2 0.039985 0.398558 0.117604 0.369692 0.185684 0.552754 0.108066 0.581621
2 0.082634 0.378152 0.164864 0.368346 0.187990 0.562285 0.105760 0.572090
2 0.128886 0.368346 0.211116 0.378152 0.187990 0.572090 0.105760 0.562285
2 0.176146 0.369692 0.253765 0.398558 0.185684 0.581621 0.108066 0.552754
2 0.221765 0.382112 0.290420 0.428420 0.181202 0.590342 0.112548 0.544033
2 0.209580 0.428420 0.278235 0.382112 0.387452 0.544033 0.318798 0.590342
2 0.246235 0.398558 0.323854 0.369692 0.391934 0.552754 0.314316 0.581621
2 0.288884 0.378152 0.371114 0.368346 0.394240 0.562285 0.312010 0.572090
2 0.335136 0.368346 0.417366 0.378152 0.394240 0.572090 0.312010 0.562285
2 0.382396 0.369692 0.460015 0.398558 0.391934 0.581621 0.314316 0.552754
2 0.428015 0.382112 0.496670 0.428420 0.387452 0.590342 0.318798 0.544033
2 0.415830 0.428420 0.484485 0.382112 0.593702 0.544033 0.525048 0.590342
2 0.452485 0.398558 0.530104 0.369692 0.598184 0.552754 0.520566 0.581621
2 0.495134 0.378152 0.577364 0.368346 0.600490 0.562285 0.518260 0.572090
2 0.541386 0.368346 0.623616 0.378152 0.600490 0.572090 0.518260 0.562285
2 0.588646 0.369692 0.666265 0.398558 0.598184 0.581621 0.520566 0.552754
2 0.634265 0.382112 0.702920 0.428420 0.593702 0.590342 0.525048 0.544033
2 0.622080 0.428420 0.690735 0.382112 0.799952 0.544033 0.731298 0.590342
2 0.658735 0.398558 0.736354 0.369692 0.804434 0.552754 0.726816 0.581621
2 0.701384 0.378152 0.783614 0.368346 0.806740 0.562285 0.724510 0.572090
2 0.747636 0.368346 0.829866 0.378152 0.806740 0.572090 0.724510 0.562285
2 0.794896 0.369692 0.872515 0.398558 0.804434 0.581621 0.726816 0.552754
2 0.840515 0.382112 0.909170 0.428420 0.799952 0.590342 0.731298 0.544033
2 0.025761 0.543346 0.107991 0.553152 0.084865 0.747090 0.002635 0.737285
2 0.073021 0.544692 0.150640 0.573558 0.082559 0.756621 0.004941 0.727754
2 0.118640 0.557112 0.187295 0.603420 0.078077 0.765342 0.009423 0.719033
2 0.106455 0.603420 0.175110 0.557112 0.284327 0.719033 0.215673 0.765342
2 0.143110 0.573558 0.220729 0.544692 0.288809 0.727754 0.211191 0.756621
2 0.185759 0.553152 0.267989 0.543346 0.291115 0.737285 0.208885 0.747090
2 0.232011 0.543346 0.314241 0.553152 0.291115 0.747090 0.208885 0.737285
2 0.279271 0.544692 0.356890 0.573558 0.288809 0.756621 0.211191 0.727754
2 0.324890 0.557112 0.393545 0.603420 0.284327 0.765342 0.215673 0.719033
2 0.312705 0.603420 0.381360 0.557112 0.490577 0.719033 0.421923 0.765342
2 0.349360 0.573558 0.426979 0.544692 0.495059 0.727754 0.417441 0.756621
2 0.392009 0.553152 0.474239 0.543346 0.497365 0.737285 0.415135 0.747090
2 0.438261 0.543346 0.520491 0.553152 0.497365 0.747090 0.415135 0.737285
2 0.485521 0.544692 0.563140 0.573558 0.495059 0.756621 0.417441 0.727754
2 0.531140 0.557112 0.599795 0.603420 0.490577 0.765342 0.421923 0.719033
2 0.518955 0.603420 0.587610 0.557112 0.696827 0.719033 0.628173 0.765342
2 0.555610 0.573558 0.633229 0.544692 0.701309 0.727754 0.623691 0.756621
2 0.598259 0.553152 0.680489 0.543346 0.703615 0.737285 0.621385 0.747090
2 0.644511 0.543346 0.726741 0.553152 0.703615 0.747090 0.621385 0.737285
2 0.691771 0.544692 0.769390 0.573558 0.701309 0.756621 0.623691 0.727754
2 0.737390 0.557112 0.806045 0.603420 0.696827 0.765342 0.628173 0.719033
2 0.725205 0.603420 0.793860 0.557112 0.903077 0.719033 0.834423 0.765342
2 0.761860 0.573558 0.839479 0.544692 0.907559 0.727754 0.829941 0.756621
2 0.804509 0.553152 0.886739 0.543346 0.909865 0.737285 0.827635 0.747090
2 0.850761 0.543346 0.932991 0.553152 0.909865 0.747090 0.827635 0.737285
2 0.898021 0.544692 0.975640 0.573558 0.907559 0.756621 0.829941 0.727754