3 0.044531 0.079687 0.067969 0.079687 0.067969 0.120313 0.044531 0.120313
3 0.069531 0.076563 0.092969 0.076563 0.092969 0.117188 0.069531 0.117188
3 0.092969 0.071875 0.116406 0.071875 0.116406 0.112500 0.092969 0.112500
3 0.116406 0.076563 0.139844 0.076563 0.139844 0.117188 0.116406 0.117188
3 0.135156 0.076563 0.158594 0.076563 0.158594 0.117188 0.135156 0.117188
3 0.157031 0.079687 0.180469 0.079687 0.180469 0.120313 0.157031 0.120313
3 0.175781 0.070312 0.199219 0.070312 0.199219 0.110937 0.175781 0.110937
3 0.203906 0.078125 0.227344 0.078125 0.227344 0.118750 0.203906 0.118750
3 0.219531 0.079687 0.242969 0.079687 0.242969 0.120313 0.219531 0.120313
3 0.241406 0.071875 0.264844 0.071875 0.264844 0.112500 0.241406 0.112500
3 0.269531 0.070312 0.292969 0.070312 0.292969 0.110937 0.269531 0.110937
3 0.288281 0.076563 0.311719 0.076563 0.311719 0.117188 0.288281 0.117188
3 0.310156 0.071875 0.333594 0.071875 0.333594 0.112500 0.310156 0.112500
3 0.330469 0.070312 0.353906 0.070312 0.353906 0.110937 0.330469 0.110937
3 0.352344 0.075000 0.375781 0.075000 0.375781 0.115625 0.352344 0.115625
3 0.377344 0.079687 0.400781 0.079687 0.400781 0.120313 0.377344 0.120313
3 0.399219 0.073438 0.422656 0.073438 0.422656 0.114062 0.399219 0.114062
3 0.416406 0.070312 0.439844 0.070312 0.439844 0.110937 0.416406 0.110937
3 0.444531 0.071875 0.467969 0.071875 0.467969 0.112500 0.444531 0.112500
3 0.461719 0.070312 0.485156 0.070312 0.485156 0.110937 0.461719 0.110937
3 0.482031 0.079687 0.505469 0.079687 0.505469 0.120313 0.482031 0.120313
3 0.503906 0.078125 0.527344 0.078125 0.527344 0.118750 0.503906 0.118750
3 0.528906 0.079687 0.552344 0.079687 0.552344 0.120313 0.528906 0.120313
3 0.549219 0.070312 0.572656 0.070312 0.572656 0.110937 0.549219 0.110937
3 0.575781 0.078125 0.599219 0.078125 0.599219 0.118750 0.575781 0.118750
3 0.001563 0.042969 0.110937 0.042969 0.110937 0.228906 0.001563 0.228906
3 0.101562 0.041406 0.210938 0.041406 0.210938 0.227344 0.101562 0.227344
3 0.200000 0.042969 0.309375 0.042969 0.309375 0.228906 0.200000 0.228906
3 0.298438 0.042969 0.407813 0.042969 0.407813 0.228906 0.298438 0.228906
3 0.396875 0.038281 0.506250 0.038281 0.506250 0.224219 0.396875 0.224219
3 0.493750 0.044531 0.603125 0.044531 0.603125 0.230469 0.493750 0.230469
3 0.593750 0.044531 0.703125 0.044531 0.703125 0.230469 0.593750 0.230469
3 0.690625 0.044531 0.800000 0.044531 0.800000 0.230469 0.690625 0.230469
3 0.793750 0.041406 0.903125 0.041406 0.903125 0.227344 0.793750 0.227344
3 0.094531 0.207813 0.221094 0.207813 0.221094 0.423438 0.094531 0.423438
3 0.197656 0.210938 0.324219 0.210938 0.324219 0.426563 0.197656 0.426563
3 0.302344 0.212500 0.428906 0.212500 0.428906 0.428125 0.302344 0.428125
3 0.403906 0.212500 0.530469 0.212500 0.530469 0.428125 0.403906 0.428125
3 0.505469 0.206250 0.632031 0.206250 0.632031 0.421875 0.505469 0.421875
3 0.605469 0.214062 0.732031 0.214062 0.732031 0.429688 0.605469 0.429688
3 0.708594 0.212500 0.835156 0.212500 0.835156 0.428125 0.708594 0.428125
3 0.805469 0.210938 0.932031 0.210938 0.932031 0.426563 0.805469 0.426563
3 0.025000 0.457813 0.100000 0.457813 0.100000 0.585938 0.025000 0.585938
3 0.082812 0.467187 0.157812 0.467187 0.157812 0.595313 0.082812 0.595313
3 0.140625 0.462500 0.215625 0.462500 0.215625 0.590625 0.140625 0.590625
3 0.201563 0.459375 0.276562 0.459375 0.276562 0.587500 0.201563 0.587500
3 0.268750 0.460938 0.343750 0.460938 0.343750 0.589063 0.268750 0.589063
3 0.325000 0.465625 0.400000 0.465625 0.400000 0.593750 0.325000 0.593750
3 0.385937 0.462500 0.460938 0.462500 0.460938 0.590625 0.385937 0.590625
3 0.446875 0.460938 0.521875 0.460938 0.521875 0.589063 0.446875 0.589063
3 0.506250 0.457813 0.581250 0.457813 0.581250 0.585938 0.506250 0.585938
3 0.567187 0.459375 0.642188 0.459375 0.642188 0.587500 0.567187 0.587500
3 0.634375 0.465625 0.709375 0.465625 0.709375 0.593750 0.634375 0.593750
3 0.692187 0.462500 0.767188 0.462500 0.767188 0.590625 0.692187 0.590625
3 0.751563 0.465625 0.826562 0.465625 0.826562 0.593750 0.751563 0.593750
3 0.810937 0.465625 0.885938 0.465625 0.885938 0.593750 0.810937 0.593750
3 0.873437 0.460938 0.948438 0.460938 0.948438 0.589063 0.873437 0.589063