3 0.013408 0.133003 0.090808 0.069685 0.199637 0.202716 0.122238 0.266034
3 0.046378 0.096835 0.138034 0.056846 0.206766 0.214380 0.115109 0.254370
3 0.087911 0.070949 0.186972 0.057278 0.210468 0.227540 0.111407 0.241210
3 0.134903 0.057278 0.233964 0.070949 0.210468 0.241210 0.111407 0.227540
3 0.183841 0.056846 0.275497 0.096835 0.206766 0.254370 0.115109 0.214380
3 0.231067 0.069685 0.308467 0.133003 0.199637 0.266034 0.122238 0.202716
3 0.273050 0.094834 0.330408 0.176749 0.189616 0.275333 0.132259 0.193417
3 0.258654 0.176749 0.316012 0.094834 0.456804 0.193417 0.399446 0.275333
3 0.280596 0.133003 0.357996 0.069685 0.466825 0.202716 0.389425 0.266034
3 0.313565 0.096835 0.405222 0.056846 0.473953 0.214380 0.382297 0.254370
3 0.355098 0.070949 0.454160 0.057278 0.477656 0.227540 0.378594 0.241210
3 0.402090 0.057278 0.501152 0.070949 0.477656 0.241210 0.378594 0.227540
3 0.451028 0.056846 0.542685 0.096835 0.473953 0.254370 0.382297 0.214380
3 0.498254 0.069685 0.575654 0.133003 0.466825 0.266034 0.389425 0.202716
3 0.540238 0.094834 0.597596 0.176749 0.456804 0.275333 0.399446 0.193417
3 0.525842 0.176749 0.583200 0.094834 0.723991 0.193417 0.666634 0.275333
3 0.547783 0.133003 0.625183 0.069685 0.734012 0.202716 0.656613 0.266034
3 0.580753 0.096835 0.672409 0.056846 0.741141 0.214380 0.649484 0.254370
3 0.622286 0.070949 0.721347 0.057278 0.744843 0.227540 0.645782 0.241210
3 0.669278 0.057278 0.768339 0.070949 0.744843 0.241210 0.645782 0.227540
3 0.718216 0.056846 0.809872 0.096835 0.741141 0.254370 0.649484 0.214380
3 0.765442 0.069685 0.842842 0.133003 0.734012 0.266034 0.656613 0.202716
3 0.807425 0.094834 0.864783 0.176749 0.723991 0.275333 0.666634 0.193417
3 0.793029 0.176749 0.850387 0.094834 0.991179 0.193417 0.933821 0.275333
3 0.140238 0.249521 0.197596 0.331437 0.056804 0.430020 -0.000554 0.348105
3 0.125842 0.331437 0.183200 0.249521 0.323991 0.348105 0.266634 0.430020
3 0.147783 0.287691 0.225183 0.224372 0.334012 0.357403 0.256613 0.420722
3 0.180753 0.251523 0.272409 0.211534 0.341141 0.369068 0.249484 0.409057
3 0.222286 0.225636 0.321347 0.211966 0.344843 0.382227 0.245782 0.395898
3 0.269278 0.211966 0.368339 0.225636 0.344843 0.395898 0.245782 0.382227
3 0.318216 0.211534 0.409872 0.251523 0.341141 0.409057 0.249484 0.369068
3 0.365442 0.224372 0.442842 0.287691 0.334012 0.420722 0.256613 0.357403
3 0.407425 0.249521 0.464783 0.331437 0.323991 0.430020 0.266634 0.348105
3 0.393029 0.331437 0.450387 0.249521 0.591179 0.348105 0.533821 0.430020
3 0.414971 0.287691 0.492371 0.224372 0.601200 0.357403 0.523800 0.420722
3 0.447940 0.251523 0.539597 0.211534 0.608328 0.369068 0.516672 0.409057
3 0.489473 0.225636 0.588535 0.211966 0.612031 0.382227 0.512969 0.395898
3 0.536465 0.211966 0.635527 0.225636 0.612031 0.395898 0.512969 0.382227
3 0.585403 0.211534 0.677060 0.251523 0.608328 0.409057 0.516672 0.369068
3 0.632629 0.224372 0.710029 0.287691 0.601200 0.420722 0.523800 0.357403
3 0.674613 0.249521 0.731971 0.331437 0.591179 0.430020 0.533821 0.348105
3 0.660217 0.331437 0.717575 0.249521 0.858366 0.348105 0.801009 0.430020
3 0.682158 0.287691 0.759558 0.224372 0.868387 0.357403 0.790988 0.420722
3 0.715128 0.251523 0.806784 0.211534 0.875516 0.369068 0.783859 0.409057
3 0.756661 0.225636 0.855722 0.211966 0.879218 0.382227 0.780157 0.395898
3 0.803653 0.211966 0.902714 0.225636 0.879218 0.395898 0.780157 0.382227
3 0.852591 0.211534 0.944247 0.251523 0.875516 0.409057 0.783859 0.369068
3 0.899817 0.224372 0.977217 0.287691 0.868387 0.420722 0.790988 0.357403
3 0.941800 0.249521 0.999158 0.331437 0.858366 0.430020 0.801009 0.348105
3 0.013408 0.442378 0.090808 0.379060 0.199637 0.512091 0.122238 0.575409
3 0.046378 0.406210 0.138034 0.366221 0.206766 0.523755 0.115109 0.563745
3 0.087911 0.380324 0.186972 0.366653 0.210468 0.536915 0.111407 0.550585
3 0.134903 0.366653 0.233964 0.380324 0.210468 0.550585 0.111407 0.536915
3 0.183841 0.366221 0.275497 0.406210 0.206766 0.563745 0.115109 0.523755
3 0.231067 0.379060 0.308467 0.442378 0.199637 0.575409 0.122238 0.512091
3 0.273050 0.404209 0.330408 0.486124 0.189616 0.584708 0.132259 0.502792
3 0.258654 0.486124 0.316012 0.404209 0.456804 0.502792 0.399446 0.584708
3 0.280596 0.442378 0.357996 0.379060 0.466825 0.512091 0.389425 0.575409
3 0.313565 0.406210 0.405222 0.366221 0.473953 0.523755 0.382297 0.563745
3 0.355098 0.380324 0.454160 0.366653 0.477656 0.536915 0.378594 0.550585
3 0.402090 0.366653 0.501152 0.380324 0.477656 0.550585 0.378594 0.536915
3 0.451028 0.366221 0.542685 0.406210 0.473953 0.563745 0.382297 0.523755
3 0.498254 0.379060 0.575654 0.442378 0.466825 0.575409 0.389425 0.512091
3 0.540238 0.404209 0.597596 0.486124 0.456804 0.584708 0.399446 0.502792
3 0.525842 0.486124 0.583200 0.404209 0.723991 0.502792 0.666634 0.584708
3 0.547783 0.442378 0.625183 0.379060 0.734012 0.512091 0.656613 0.575409
3 0.580753 0.406210 0.672409 0.366221 0.741141 0.523755 0.649484 0.563745
3 0.622286 0.380324 0.721347 0.366653 0.744843 0.536915 0.645782 0.550585
3 0.669278 0.366653 0.768339 0.380324 0.744843 0.550585 0.645782 0.536915
3 0.718216 0.366221 0.809872 0.406210 0.741141 0.563745 0.649484 0.523755
3 0.765442 0.379060 0.842842 0.442378 0.734012 0.575409 0.656613 0.512091
3 0.807425 0.404209 0.864783 0.486124 0.723991 0.584708 0.666634 0.502792
3 0.793029 0.486124 0.850387 0.404209 0.991179 0.502792 0.933821 0.584708
3 0.140238 0.558896 0.197596 0.640812 0.056804 0.739395 -0.000554 0.657480
3 0.125842 0.640812 0.183200 0.558896 0.323991 0.657480 0.266634 0.739395
3 0.147783 0.597066 0.225183 0.533747 0.334012 0.666778 0.256613 0.730097
3 0.180753 0.560898 0.272409 0.520909 0.341141 0.678443 0.249484 0.718432
3 0.222286 0.535011 0.321347 0.521341 0.344843 0.691602 0.245782 0.705273
3 0.269278 0.521341 0.368339 0.535011 0.344843 0.705273 0.245782 0.691602
3 0.318216 0.520909 0.409872 0.560898 0.341141 0.718432 0.249484 0.678443
3 0.365442 0.533747 0.442842 0.597066 0.334012 0.730097 0.256613 0.666778
3 0.407425 0.558896 0.464783 0.640812 0.323991 0.739395 0.266634 0.657480
3 0.393029 0.640812 0.450387 0.558896 0.591179 0.657480 0.533821 0.739395
3 0.414971 0.597066 0.492371 0.533747 0.601200 0.666778 0.523800 0.730097
3 0.447940 0.560898 0.539597 0.520909 0.608328 0.678443 0.516672 0.718432
3 0.489473 0.535011 0.588535 0.521341 0.612031 0.691602 0.512969 0.705273
3 0.536465 0.521341 0.635527 0.535011 0.612031 0.705273 0.512969 0.691602
3 0.585403 0.520909 0.677060 0.560898 0.608328 0.718432 0.516672 0.678443
3 0.632629 0.533747 0.710029 0.597066 0.601200 0.730097 0.523800 0.666778
3 0.674613 0.558896 0.731971 0.640812 0.591179 0.739395 0.533821 0.657480
3 0.660217 0.640812 0.717575 0.558896 0.858366 0.657480 0.801009 0.739395
3 0.682158 0.597066 0.759558 0.533747 0.868387 0.666778 0.790988 0.730097
3 0.715128 0.560898 0.806784 0.520909 0.875516 0.678443 0.783859 0.718432
3 0.756661 0.535011 0.855722 0.521341 0.879218 0.691602 0.780157 0.705273
3 0.803653 0.521341 0.902714 0.535011 0.879218 0.705273 0.780157 0.691602
3 0.852591 0.520909 0.944247 0.560898 0.875516 0.718432 0.783859 0.678443
3 0.899817 0.533747 0.977217 0.597066 0.868387 0.730097 0.790988 0.666778
3 0.941800 0.558896 0.999158 0.640812 0.858366 0.739395 0.801009 0.657480
3 0.013408 0.751753 0.090808 0.688435 0.199637 0.821466 0.122238 0.884784
3 0.046378 0.715585 0.138034 0.675596 0.206766 0.833130 0.115109 0.873120
3 0.087911 0.689699 0.186972 0.676028 0.210468 0.846290 0.111407 0.859960
3 0.134903 0.676028 0.233964 0.689699 0.210468 0.859960 0.111407 0.846290
3 0.183841 0.675596 0.275497 0.715585 0.206766 0.873120 0.115109 0.833130
3 0.231067 0.688435 0.308467 0.751753 0.199637 0.884784 0.122238 0.821466
3 0.273050 0.713584 0.330408 0.795499 0.189616 0.894083 0.132259 0.812167
3 0.258654 0.795499 0.316012 0.713584 0.456804 0.812167 0.399446 0.894083
3 0.280596 0.751753 0.357996 0.688435 0.466825 0.821466 0.389425 0.884784
3 0.313565 0.715585 0.405222 0.675596 0.473953 0.833130 0.382297 0.873120
3 0.355098 0.689699 0.454160 0.676028 0.477656 0.846290 0.378594 0.859960
3 0.402090 0.676028 0.501152 0.689699 0.477656 0.859960 0.378594 0.846290
3 0.451028 0.675596 0.542685 0.715585 0.473953 0.873120 0.382297 0.833130
3 0.498254 0.688435 0.575654 0.751753 0.466825 0.884784 0.389425 0.821466
3 0.540238 0.713584 0.597596 0.795499 0.456804 0.894083 0.399446 0.812167
3 0.525842 0.795499 0.583200 0.713584 0.723991 0.812167 0.666634 0.894083
3 0.547783 0.751753 0.625183 0.688435 0.734012 0.821466 0.656613 0.884784
3 0.580753 0.715585 0.672409 0.675596 0.741141 0.833130 0.649484 0.873120
3 0.622286 0.689699 0.721347 0.676028 0.744843 0.846290 0.645782 0.859960
3 0.669278 0.676028 0.768339 0.689699 0.744843 0.859960 0.645782 0.846290
3 0.718216 0.675596 0.809872 0.715585 0.741141 0.873120 0.649484 0.833130
3 0.765442 0.688435 0.842842 0.751753 0.734012 0.884784 0.656613 0.821466
3 0.807425 0.713584 0.864783 0.795499 0.723991 0.894083 0.666634 0.812167
3 0.793029 0.795499 0.850387 0.713584 0.991179 0.812167 0.933821 0.894083