2 0.049219 0.014063 0.094531 0.014063 0.094531 0.173437 0.049219 0.173437
2 0.086719 0.012500 0.132031 0.012500 0.132031 0.171875 0.086719 0.171875
2 0.125781 0.014063 0.171094 0.014063 0.171094 0.173437 0.125781 0.173437
2 0.166406 0.020313 0.211719 0.020313 0.211719 0.179688 0.166406 0.179688
2 0.208594 0.018750 0.253906 0.018750 0.253906 0.178125 0.208594 0.178125
2 0.249219 0.015625 0.294531 0.015625 0.294531 0.175000 0.249219 0.175000
2 0.286719 0.020313 0.332031 0.020313 0.332031 0.179688 0.286719 0.179688
2 0.332031 0.015625 0.377344 0.015625 0.377344 0.175000 0.332031 0.175000
2 0.371094 0.021875 0.416406 0.021875 0.416406 0.181250 0.371094 0.181250
2 0.413281 0.015625 0.458594 0.015625 0.458594 0.175000 0.413281 0.175000
2 0.453906 0.021875 0.499219 0.021875 0.499219 0.181250 0.453906 0.181250
2 0.492969 0.018750 0.538281 0.018750 0.538281 0.178125 0.492969 0.178125
2 0.536719 0.015625 0.582031 0.015625 0.582031 0.175000 0.536719 0.175000
2 0.571094 0.018750 0.616406 0.018750 0.616406 0.178125 0.571094 0.178125
2 0.614844 0.021875 0.660156 0.021875 0.660156 0.181250 0.614844 0.181250
2 0.657031 0.018750 0.702344 0.018750 0.702344 0.178125 0.657031 0.178125
2 0.699219 0.014063 0.744531 0.014063 0.744531 0.173437 0.699219 0.173437
2 0.733594 0.014063 0.778906 0.014063 0.778906 0.173437 0.733594 0.173437
2 0.780469 0.012500 0.825781 0.012500 0.825781 0.171875 0.780469 0.171875
2 0.816406 0.018750 0.861719 0.018750 0.861719 0.178125 0.816406 0.178125
2 0.861719 0.014063 0.907031 0.014063 0.907031 0.173437 0.861719 0.173437
2 0.897656 0.020313 0.942969 0.020313 0.942969 0.179688 0.897656 0.179688
2 0.040625 0.179688 0.103125 0.179688 0.103125 0.326562 0.040625 0.326562
2 0.085938 0.175000 0.148438 0.175000 0.148438 0.321875 0.085938 0.321875
2 0.140625 0.171875 0.203125 0.171875 0.203125 0.318750 0.140625 0.318750
2 0.189062 0.170313 0.251563 0.170313 0.251563 0.317188 0.189062 0.317188
2 0.234375 0.176563 0.296875 0.176563 0.296875 0.323437 0.234375 0.323437
2 0.290625 0.171875 0.353125 0.171875 0.353125 0.318750 0.290625 0.318750
2 0.337500 0.178125 0.400000 0.178125 0.400000 0.325000 0.337500 0.325000
2 0.390625 0.179688 0.453125 0.179688 0.453125 0.326562 0.390625 0.326562
2 0.439063 0.178125 0.501563 0.178125 0.501563 0.325000 0.439063 0.325000
2 0.489063 0.171875 0.551562 0.171875 0.551562 0.318750 0.489063 0.318750
2 0.535937 0.171875 0.598437 0.171875 0.598437 0.318750 0.535937 0.318750
2 0.589063 0.175000 0.651563 0.175000 0.651563 0.321875 0.589063 0.321875
2 0.640625 0.175000 0.703125 0.175000 0.703125 0.321875 0.640625 0.321875
2 0.690625 0.171875 0.753125 0.171875 0.753125 0.318750 0.690625 0.318750
2 0.734375 0.178125 0.796875 0.178125 0.796875 0.325000 0.734375 0.325000
2 0.789062 0.170313 0.851562 0.170313 0.851562 0.317188 0.789062 0.317188
2 0.839063 0.170313 0.901563 0.170313 0.901563 0.317188 0.839063 0.317188
2 0.889062 0.173437 0.951562 0.173437 0.951562 0.320312 0.889062 0.320312
2 0.021875 0.238281 0.121875 0.238281 0.121875 0.536719 0.021875 0.536719
2 0.106250 0.235156 0.206250 0.235156 0.206250 0.533594 0.106250 0.533594
2 0.190625 0.241406 0.290625 0.241406 0.290625 0.539844 0.190625 0.539844
2 0.270313 0.242969 0.370312 0.242969 0.370312 0.541406 0.270313 0.541406
2 0.356250 0.236719 0.456250 0.236719 0.456250 0.535156 0.356250 0.535156
2 0.442188 0.235156 0.542188 0.235156 0.542188 0.533594 0.442188 0.533594
2 0.526563 0.244531 0.626563 0.244531 0.626563 0.542969 0.526563 0.542969
2 0.610938 0.239844 0.710938 0.239844 0.710938 0.538281 0.610938 0.538281
2 0.695312 0.241406 0.795312 0.241406 0.795312 0.539844 0.695312 0.539844
2 0.778125 0.242969 0.878125 0.242969 0.878125 0.541406 0.778125 0.541406
2 0.864062 0.236719 0.964063 0.236719 0.964063 0.535156 0.864062 0.535156
2 0.007031 0.564844 0.124219 0.564844 0.124219 0.828906 0.007031 0.828906
2 0.121094 0.571094 0.238281 0.571094 0.238281 0.835156 0.121094 0.835156
2 0.224219 0.561719 0.341406 0.561719 0.341406 0.825781 0.224219 0.825781
2 0.330469 0.563281 0.447656 0.563281 0.447656 0.827344 0.330469 0.827344
2 0.438281 0.564844 0.555469 0.564844 0.555469 0.828906 0.438281 0.828906
2 0.546094 0.563281 0.663281 0.563281 0.663281 0.827344 0.546094 0.827344
2 0.660156 0.569531 0.777344 0.569531 0.777344 0.833594 0.660156 0.833594
2 0.763281 0.563281 0.880469 0.563281 0.880469 0.827344 0.763281 0.827344