4 0.003906 0.010937 0.055469 0.010937 0.055469 0.160938 0.003906 0.160938
4 0.049219 0.009375 0.100781 0.009375 0.100781 0.159375 0.049219 0.159375
4 0.091406 0.010937 0.142969 0.010937 0.142969 0.160938 0.091406 0.160938
4 0.135156 0.017188 0.186719 0.017188 0.186719 0.167187 0.135156 0.167187
4 0.183594 0.017188 0.235156 0.017188 0.235156 0.167187 0.183594 0.167187
4 0.228906 0.012500 0.280469 0.012500 0.280469 0.162500 0.228906 0.162500
4 0.271094 0.017188 0.322656 0.017188 0.322656 0.167187 0.271094 0.167187
4 0.314844 0.007812 0.366406 0.007812 0.366406 0.157812 0.314844 0.157812
4 0.358594 0.017188 0.410156 0.017188 0.410156 0.167187 0.358594 0.167187
4 0.400781 0.007812 0.452344 0.007812 0.452344 0.157812 0.400781 0.157812
4 0.447656 0.012500 0.499219 0.012500 0.499219 0.162500 0.447656 0.162500
4 0.486719 0.007812 0.538281 0.007812 0.538281 0.157812 0.486719 0.157812
4 0.532031 0.015625 0.583594 0.015625 0.583594 0.165625 0.532031 0.165625
4 0.578906 0.015625 0.630469 0.015625 0.630469 0.165625 0.578906 0.165625
4 0.619531 0.012500 0.671094 0.012500 0.671094 0.162500 0.619531 0.162500
4 0.663281 0.017188 0.714844 0.017188 0.714844 0.167187 0.663281 0.167187
4 0.710156 0.007812 0.761719 0.007812 0.761719 0.157812 0.710156 0.157812
4 0.752344 0.007812 0.803906 0.007812 0.803906 0.157812 0.752344 0.157812
4 0.792969 0.009375 0.844531 0.009375 0.844531 0.159375 0.792969 0.159375
4 0.841406 0.015625 0.892969 0.015625 0.892969 0.165625 0.841406 0.165625
4 0.878906 0.015625 0.930469 0.015625 0.930469 0.165625 0.878906 0.165625
4 0.924219 0.009375 0.975781 0.009375 0.975781 0.159375 0.924219 0.159375
4 0.087500 0.054688 0.215625 0.054688 0.215625 0.426563 0.087500 0.426563
4 0.207813 0.048438 0.335938 0.048438 0.335938 0.420312 0.207813 0.420312
4 0.331250 0.056250 0.459375 0.056250 0.459375 0.428125 0.331250 0.428125
4 0.451562 0.048438 0.579688 0.048438 0.579688 0.420312 0.451562 0.420312
4 0.567187 0.056250 0.695312 0.056250 0.695312 0.428125 0.567187 0.428125
4 0.687500 0.046875 0.815625 0.046875 0.815625 0.418750 0.687500 0.418750
4 0.810937 0.054688 0.939063 0.054688 0.939063 0.426563 0.810937 0.426563
4 0.017188 0.525000 0.051562 0.525000 0.051562 0.625000 0.017188 0.625000
4 0.045312 0.528125 0.079687 0.528125 0.079687 0.628125 0.045312 0.628125
4 0.081250 0.529687 0.115625 0.529687 0.115625 0.629687 0.081250 0.629687
4 0.114062 0.521875 0.148438 0.521875 0.148438 0.621875 0.114062 0.621875
4 0.145313 0.528125 0.179688 0.528125 0.179688 0.628125 0.145313 0.628125
4 0.182812 0.523438 0.217188 0.523438 0.217188 0.623437 0.182812 0.623437
4 0.209375 0.525000 0.243750 0.525000 0.243750 0.625000 0.209375 0.625000
4 0.245312 0.529687 0.279687 0.529687 0.279687 0.629687 0.245312 0.629687
4 0.278125 0.523438 0.312500 0.523438 0.312500 0.623437 0.278125 0.623437
4 0.312500 0.521875 0.346875 0.521875 0.346875 0.621875 0.312500 0.621875
4 0.346875 0.526563 0.381250 0.526563 0.381250 0.626563 0.346875 0.626563
4 0.375000 0.523438 0.409375 0.523438 0.409375 0.623437 0.375000 0.623437
4 0.407813 0.520312 0.442188 0.520312 0.442188 0.620313 0.407813 0.620313
4 0.440625 0.526563 0.475000 0.526563 0.475000 0.626563 0.440625 0.626563
4 0.475000 0.529687 0.509375 0.529687 0.509375 0.629687 0.475000 0.629687
4 0.509375 0.526563 0.543750 0.526563 0.543750 0.626563 0.509375 0.626563
4 0.537500 0.528125 0.571875 0.528125 0.571875 0.628125 0.537500 0.628125
4 0.571875 0.523438 0.606250 0.523438 0.606250 0.623437 0.571875 0.623437
4 0.606250 0.521875 0.640625 0.521875 0.640625 0.621875 0.606250 0.621875
4 0.640625 0.525000 0.675000 0.525000 0.675000 0.625000 0.640625 0.625000
4 0.671875 0.520312 0.706250 0.520312 0.706250 0.620313 0.671875 0.620313
4 0.703125 0.528125 0.737500 0.528125 0.737500 0.628125 0.703125 0.628125
4 0.735938 0.523438 0.770312 0.523438 0.770312 0.623437 0.735938 0.623437
4 0.771875 0.525000 0.806250 0.525000 0.806250 0.625000 0.771875 0.625000
4 0.806250 0.529687 0.840625 0.529687 0.840625 0.629687 0.806250 0.629687
4 0.061719 0.561719 0.141406 0.561719 0.141406 0.791406 0.061719 0.791406
4 0.122656 0.563281 0.202344 0.563281 0.202344 0.792969 0.122656 0.792969
4 0.186719 0.558594 0.266406 0.558594 0.266406 0.788281 0.186719 0.788281
4 0.252344 0.561719 0.332031 0.561719 0.332031 0.791406 0.252344 0.791406
4 0.321094 0.563281 0.400781 0.563281 0.400781 0.792969 0.321094 0.792969
4 0.386719 0.564844 0.466406 0.564844 0.466406 0.794531 0.386719 0.794531
4 0.450781 0.566406 0.530469 0.566406 0.530469 0.796094 0.450781 0.796094
4 0.516406 0.561719 0.596094 0.561719 0.596094 0.791406 0.516406 0.791406
4 0.585156 0.558594 0.664844 0.558594 0.664844 0.788281 0.585156 0.788281
4 0.650781 0.564844 0.730469 0.564844 0.730469 0.794531 0.650781 0.794531
4 0.714844 0.564844 0.794531 0.564844 0.794531 0.794531 0.714844 0.794531
4 0.783594 0.566406 0.863281 0.566406 0.863281 0.796094 0.783594 0.796094
4 0.846094 0.560156 0.925781 0.560156 0.925781 0.789844 0.846094 0.789844
4 0.006250 0.835156 0.062500 0.835156 0.062500 0.986719 0.006250 0.986719
4 0.048438 0.841406 0.104688 0.841406 0.104688 0.992969 0.048438 0.992969
4 0.098437 0.839844 0.154688 0.839844 0.154688 0.991406 0.098437 0.991406
4 0.143750 0.833594 0.200000 0.833594 0.200000 0.985156 0.143750 0.985156
4 0.193750 0.836719 0.250000 0.836719 0.250000 0.988281 0.193750 0.988281
4 0.235937 0.838281 0.292187 0.838281 0.292187 0.989844 0.235937 0.989844
4 0.287500 0.835156 0.343750 0.835156 0.343750 0.986719 0.287500 0.986719
4 0.331250 0.838281 0.387500 0.838281 0.387500 0.989844 0.331250 0.989844
4 0.376563 0.839844 0.432812 0.839844 0.432812 0.991406 0.376563 0.991406
4 0.429688 0.833594 0.485938 0.833594 0.485938 0.985156 0.429688 0.985156
4 0.476562 0.836719 0.532813 0.836719 0.532813 0.988281 0.476562 0.988281
4 0.521875 0.842969 0.578125 0.842969 0.578125 0.994531 0.521875 0.994531
4 0.564063 0.838281 0.620313 0.838281 0.620313 0.989844 0.564063 0.989844
4 0.615625 0.836719 0.671875 0.836719 0.671875 0.988281 0.615625 0.988281
4 0.657813 0.835156 0.714063 0.835156 0.714063 0.986719 0.657813 0.986719
4 0.704688 0.835156 0.760938 0.835156 0.760938 0.986719 0.704688 0.986719
4 0.754687 0.839844 0.810937 0.839844 0.810937 0.991406 0.754687 0.991406
4 0.801562 0.835156 0.857812 0.835156 0.857812 0.986719 0.801562 0.986719
4 0.846875 0.838281 0.903125 0.838281 0.903125 0.989844 0.846875 0.989844
4 0.896875 0.842969 0.953125 0.842969 0.953125 0.994531 0.896875 0.994531