4 0.057728 0.134316 0.172760 0.050740 0.395016 0.356650 0.279984 0.440225
4 0.189343 0.043357 0.328424 0.013794 0.407040 0.383656 0.267960 0.413219
4 0.346576 0.013794 0.485657 0.043357 0.407040 0.413219 0.267960 0.383656
4 0.502240 0.050740 0.617272 0.134316 0.395016 0.440225 0.279984 0.356650
4 0.629419 0.147806 0.700513 0.270944 0.373047 0.460006 0.301953 0.336869
4 0.596362 0.270944 0.667456 0.147806 0.994922 0.336869 0.923828 0.460006
4 0.285425 0.610006 0.356519 0.486869 0.683984 0.675931 0.612891 0.799069
4 0.368665 0.473378 0.483697 0.389803 0.705954 0.695712 0.590921 0.779288
4 0.500281 0.382419 0.639361 0.352857 0.717978 0.722719 0.578897 0.752281
4 0.657514 0.352857 0.796594 0.382419 0.717978 0.752281 0.578897 0.722719
4 0.813178 0.389803 0.928210 0.473378 0.705954 0.779288 0.590921 0.695712