0 0.045312 0.032813 0.070312 0.032813 0.070312 0.042188 0.045312 0.042188
0 0.387500 0.032813 0.412500 0.032813 0.412500 0.042188 0.387500 0.042188
0 0.729688 0.032813 0.754687 0.032813 0.754687 0.042188 0.729688 0.042188
3 -0.001447 0.143573 0.096591 0.038441 0.277144 0.206809 0.179106 0.311941
3 0.038354 0.085881 0.161139 0.011129 0.289517 0.221999 0.166733 0.296751
3 0.092254 0.041081 0.230664 0.002263 0.297330 0.239966 0.158920 0.278784
3 0.156250 0.012500 0.300000 0.012500 0.300000 0.259375 0.156250 0.259375
3 0.225586 0.002263 0.363996 0.041081 0.297330 0.278784 0.158920 0.239966
3 0.295111 0.011129 0.417896 0.085881 0.289517 0.296751 0.166733 0.221999
3 0.359659 0.038441 0.457697 0.143573 0.277144 0.311941 0.179106 0.206809
0 0.215625 0.254688 0.240625 0.254688 0.240625 0.264062 0.215625 0.264062
3 0.340741 0.143573 0.438778 0.038441 0.619331 0.206809 0.521294 0.311941
3 0.380541 0.085881 0.503326 0.011129 0.631705 0.221999 0.508920 0.296751
3 0.434442 0.041081 0.572851 0.002263 0.639517 0.239966 0.501108 0.278784
3 0.498437 0.012500 0.642188 0.012500 0.642188 0.259375 0.498437 0.259375
3 0.567774 0.002263 0.706183 0.041081 0.639517 0.278784 0.501108 0.239966
3 0.637299 0.011129 0.760084 0.085881 0.631705 0.296751 0.508920 0.221999
3 0.701847 0.038441 0.799884 0.143573 0.619331 0.311941 0.521294 0.206809
0 0.557813 0.254688 0.582812 0.254688 0.582812 0.264062 0.557813 0.264062
3 0.682928 0.143573 0.780966 0.038441 0.961519 0.206809 0.863481 0.311941
3 0.722729 0.085881 0.845514 0.011129 0.973892 0.221999 0.851108 0.296751
3 0.776629 0.041081 0.915039 0.002263 0.981705 0.239966 0.843295 0.278784
3 0.840625 0.012500 0.984375 0.012500 0.984375 0.259375 0.840625 0.259375
0 0.900000 0.254688 0.925000 0.254688 0.925000 0.264062 0.900000 0.264062
3 0.189347 0.260316 0.287384 0.365448 0.106831 0.533816 0.008794 0.428684
0 0.045312 0.476562 0.070312 0.476562 0.070312 0.485938 0.045312 0.485938
3 0.170428 0.365448 0.268466 0.260316 0.449019 0.428684 0.350981 0.533816
3 0.210229 0.307756 0.333014 0.233004 0.461392 0.443874 0.338608 0.518626
3 0.264129 0.262956 0.402539 0.224138 0.469205 0.461841 0.330795 0.500659
3 0.328125 0.234375 0.471875 0.234375 0.471875 0.481250 0.328125 0.481250
3 0.397461 0.224138 0.535871 0.262956 0.469205 0.500659 0.330795 0.461841
3 0.466986 0.233004 0.589771 0.307756 0.461392 0.518626 0.338608 0.443874
3 0.531534 0.260316 0.629572 0.365448 0.449019 0.533816 0.350981 0.428684
0 0.387500 0.476562 0.412500 0.476562 0.412500 0.485938 0.387500 0.485938
3 0.512616 0.365448 0.610653 0.260316 0.791206 0.428684 0.693169 0.533816
3 0.552416 0.307756 0.675201 0.233004 0.803580 0.443874 0.680795 0.518626
3 0.606317 0.262956 0.744726 0.224138 0.811392 0.461841 0.672983 0.500659
3 0.670312 0.234375 0.814063 0.234375 0.814063 0.481250 0.670312 0.481250
3 0.739649 0.224138 0.878058 0.262956 0.811392 0.500659 0.672983 0.461841
3 0.809174 0.233004 0.931959 0.307756 0.803580 0.518626 0.680795 0.443874
3 0.873722 0.260316 0.971759 0.365448 0.791206 0.533816 0.693169 0.428684
0 0.729688 0.476562 0.754687 0.476562 0.754687 0.485938 0.729688 0.485938
3 -0.001447 0.587323 0.096591 0.482191 0.277144 0.650559 0.179106 0.755691
3 0.038354 0.529631 0.161139 0.454879 0.289517 0.665749 0.166733 0.740501
3 0.092254 0.484831 0.230664 0.446013 0.297330 0.683716 0.158920 0.722534
3 0.156250 0.456250 0.300000 0.456250 0.300000 0.703125 0.156250 0.703125
3 0.225586 0.446013 0.363996 0.484831 0.297330 0.722534 0.158920 0.683716
3 0.295111 0.454879 0.417896 0.529631 0.289517 0.740501 0.166733 0.665749
3 0.359659 0.482191 0.457697 0.587323 0.277144 0.755691 0.179106 0.650559
0 0.215625 0.698438 0.240625 0.698438 0.240625 0.707812 0.215625 0.707812
3 0.340741 0.587323 0.438778 0.482191 0.619331 0.650559 0.521294 0.755691
3 0.380541 0.529631 0.503326 0.454879 0.631705 0.665749 0.508920 0.740501
3 0.434442 0.484831 0.572851 0.446013 0.639517 0.683716 0.501108 0.722534
3 0.498437 0.456250 0.642188 0.456250 0.642188 0.703125 0.498437 0.703125
3 0.567774 0.446013 0.706183 0.484831 0.639517 0.722534 0.501108 0.683716
3 0.637299 0.454879 0.760084 0.529631 0.631705 0.740501 0.508920 0.665749
3 0.701847 0.482191 0.799884 0.587323 0.619331 0.755691 0.521294 0.650559
0 0.557813 0.698438 0.582812 0.698438 0.582812 0.707812 0.557813 0.707812
3 0.682928 0.587323 0.780966 0.482191 0.961519 0.650559 0.863481 0.755691
3 0.722729 0.529631 0.845514 0.454879 0.973892 0.665749 0.851108 0.740501
3 0.776629 0.484831 0.915039 0.446013 0.981705 0.683716 0.843295 0.722534
3 0.840625 0.456250 0.984375 0.456250 0.984375 0.703125 0.840625 0.703125
0 0.900000 0.698438 0.925000 0.698438 0.925000 0.707812 0.900000 0.707812