1 0.050000 0.044531 0.081250 0.044531 0.081250 0.105469 0.050000 0.105469
1 0.079687 0.038281 0.110937 0.038281 0.110937 0.099219 0.079687 0.099219
1 0.104688 0.046094 0.135937 0.046094 0.135937 0.107031 0.104688 0.107031
1 0.135937 0.042969 0.167187 0.042969 0.167187 0.103906 0.135937 0.103906
1 0.162500 0.046094 0.193750 0.046094 0.193750 0.107031 0.162500 0.107031
1 0.190625 0.039844 0.221875 0.039844 0.221875 0.100781 0.190625 0.100781
1 0.215625 0.042969 0.246875 0.042969 0.246875 0.103906 0.215625 0.103906
1 0.243750 0.038281 0.275000 0.038281 0.275000 0.099219 0.243750 0.099219
1 0.270313 0.044531 0.301563 0.044531 0.301563 0.105469 0.270313 0.105469
1 0.301563 0.044531 0.332813 0.044531 0.332813 0.105469 0.301563 0.105469
1 0.328125 0.036719 0.359375 0.036719 0.359375 0.097656 0.328125 0.097656
1 0.356250 0.041406 0.387500 0.041406 0.387500 0.102344 0.356250 0.102344
1 0.384375 0.044531 0.415625 0.044531 0.415625 0.105469 0.384375 0.105469
1 0.415625 0.039844 0.446875 0.039844 0.446875 0.100781 0.415625 0.100781
1 0.442188 0.039844 0.473438 0.039844 0.473438 0.100781 0.442188 0.100781
1 0.467187 0.039844 0.498437 0.039844 0.498437 0.100781 0.467187 0.100781
1 0.501563 0.036719 0.532813 0.036719 0.532813 0.097656 0.501563 0.097656
1 0.523438 0.038281 0.554688 0.038281 0.554688 0.099219 0.523438 0.099219
1 0.557813 0.042969 0.589063 0.042969 0.589063 0.103906 0.557813 0.103906
1 0.582812 0.042969 0.614062 0.042969 0.614062 0.103906 0.582812 0.103906
1 0.609375 0.036719 0.640625 0.036719 0.640625 0.097656 0.609375 0.097656
1 0.639062 0.041406 0.670312 0.041406 0.670312 0.102344 0.639062 0.102344
1 0.667188 0.039844 0.698438 0.039844 0.698438 0.100781 0.667188 0.100781
1 0.695312 0.042969 0.726562 0.042969 0.726562 0.103906 0.695312 0.103906
1 0.720313 0.044531 0.751563 0.044531 0.751563 0.105469 0.720313 0.105469
4 0.044531 0.070312 0.089844 0.070312 0.089844 0.192188 0.044531 0.192188
4 0.082031 0.065625 0.127344 0.065625 0.127344 0.187500 0.082031 0.187500
4 0.122656 0.068750 0.167969 0.068750 0.167969 0.190625 0.122656 0.190625
4 0.160156 0.070312 0.205469 0.070312 0.205469 0.192188 0.160156 0.192188
4 0.205469 0.064062 0.250781 0.064062 0.250781 0.185938 0.205469 0.185938
4 0.242969 0.071875 0.288281 0.071875 0.288281 0.193750 0.242969 0.193750
4 0.283594 0.062500 0.328906 0.062500 0.328906 0.184375 0.283594 0.184375
4 0.322656 0.062500 0.367969 0.062500 0.367969 0.184375 0.322656 0.184375
4 0.366406 0.068750 0.411719 0.068750 0.411719 0.190625 0.366406 0.190625
4 0.403906 0.070312 0.449219 0.070312 0.449219 0.192188 0.403906 0.192188
4 0.449219 0.065625 0.494531 0.065625 0.494531 0.187500 0.449219 0.187500
4 0.491406 0.070312 0.536719 0.070312 0.536719 0.192188 0.491406 0.192188
4 0.530469 0.070312 0.575781 0.070312 0.575781 0.192188 0.530469 0.192188
4 0.571094 0.070312 0.616406 0.070312 0.616406 0.192188 0.571094 0.192188
4 0.613281 0.064062 0.658594 0.064062 0.658594 0.185938 0.613281 0.185938
4 0.652344 0.064062 0.697656 0.064062 0.697656 0.185938 0.652344 0.185938
4 0.694531 0.064062 0.739844 0.064062 0.739844 0.185938 0.694531 0.185938
4 0.732031 0.067187 0.777344 0.067187 0.777344 0.189062 0.732031 0.189062
4 0.769531 0.065625 0.814844 0.065625 0.814844 0.187500 0.769531 0.187500
4 0.814844 0.062500 0.860156 0.062500 0.860156 0.184375 0.814844 0.184375
4 0.857031 0.065625 0.902344 0.065625 0.902344 0.187500 0.857031 0.187500
4 0.892969 0.062500 0.938281 0.062500 0.938281 0.184375 0.892969 0.184375
4 0.935156 0.067187 0.980469 0.067187 0.980469 0.189062 0.935156 0.189062
2 0.035937 0.186719 0.085938 0.186719 0.085938 0.303906 0.035937 0.303906
2 0.085938 0.189844 0.135937 0.189844 0.135937 0.307031 0.085938 0.307031
2 0.128125 0.182031 0.178125 0.182031 0.178125 0.299219 0.128125 0.299219
2 0.171875 0.189844 0.221875 0.189844 0.221875 0.307031 0.171875 0.307031
2 0.217188 0.189844 0.267188 0.189844 0.267188 0.307031 0.217188 0.307031
2 0.256250 0.183594 0.306250 0.183594 0.306250 0.300781 0.256250 0.300781
2 0.301563 0.182031 0.351562 0.182031 0.351562 0.299219 0.301563 0.299219
2 0.343750 0.185156 0.393750 0.185156 0.393750 0.302344 0.343750 0.302344
2 0.385937 0.185156 0.435937 0.185156 0.435937 0.302344 0.385937 0.302344
2 0.429688 0.180469 0.479687 0.180469 0.479687 0.297656 0.429688 0.297656
2 0.473438 0.180469 0.523438 0.180469 0.523438 0.297656 0.473438 0.297656
2 0.518750 0.189844 0.568750 0.189844 0.568750 0.307031 0.518750 0.307031
2 0.564063 0.180469 0.614062 0.180469 0.614062 0.297656 0.564063 0.297656
2 0.606250 0.180469 0.656250 0.180469 0.656250 0.297656 0.606250 0.297656
2 0.651563 0.180469 0.701562 0.180469 0.701562 0.297656 0.651563 0.297656
2 0.692187 0.188281 0.742188 0.188281 0.742188 0.305469 0.692187 0.305469
2 0.737500 0.182031 0.787500 0.182031 0.787500 0.299219 0.737500 0.299219
2 0.784375 0.189844 0.834375 0.189844 0.834375 0.307031 0.784375 0.307031
2 0.825000 0.186719 0.875000 0.186719 0.875000 0.303906 0.825000 0.303906
2 0.868750 0.182031 0.918750 0.182031 0.918750 0.299219 0.868750 0.299219
2 0.915625 0.188281 0.965625 0.188281 0.965625 0.305469 0.915625 0.305469
1 0.056250 0.353906 0.071875 0.353906 0.071875 0.371094 0.056250 0.371094
1 0.071875 0.358594 0.087500 0.358594 0.087500 0.375781 0.071875 0.375781
1 0.081250 0.353906 0.096875 0.353906 0.096875 0.371094 0.081250 0.371094
1 0.092188 0.353906 0.107813 0.353906 0.107813 0.371094 0.092188 0.371094
1 0.106250 0.353906 0.121875 0.353906 0.121875 0.371094 0.106250 0.371094
1 0.120313 0.352344 0.135937 0.352344 0.135937 0.369531 0.120313 0.369531
1 0.132812 0.355469 0.148438 0.355469 0.148438 0.372656 0.132812 0.372656
1 0.142187 0.353906 0.157812 0.353906 0.157812 0.371094 0.142187 0.371094
1 0.159375 0.352344 0.175000 0.352344 0.175000 0.369531 0.159375 0.369531
1 0.168750 0.357031 0.184375 0.357031 0.184375 0.374219 0.168750 0.374219
1 0.182812 0.357031 0.198437 0.357031 0.198437 0.374219 0.182812 0.374219
1 0.193750 0.360156 0.209375 0.360156 0.209375 0.377344 0.193750 0.377344
1 0.204687 0.360156 0.220312 0.360156 0.220312 0.377344 0.204687 0.377344
1 0.215625 0.350781 0.231250 0.350781 0.231250 0.367969 0.215625 0.367969
1 0.229687 0.355469 0.245312 0.355469 0.245312 0.372656 0.229687 0.372656
1 0.245312 0.358594 0.260937 0.358594 0.260937 0.375781 0.245312 0.375781
1 0.254688 0.353906 0.270313 0.353906 0.270313 0.371094 0.254688 0.371094
1 0.265625 0.353906 0.281250 0.353906 0.281250 0.371094 0.265625 0.371094
1 0.278125 0.360156 0.293750 0.360156 0.293750 0.377344 0.278125 0.377344
1 0.295312 0.357031 0.310937 0.357031 0.310937 0.374219 0.295312 0.374219
1 0.304688 0.352344 0.320312 0.352344 0.320312 0.369531 0.304688 0.369531
1 0.318750 0.355469 0.334375 0.355469 0.334375 0.372656 0.318750 0.372656
1 0.334375 0.353906 0.350000 0.353906 0.350000 0.371094 0.334375 0.371094
1 0.346875 0.358594 0.362500 0.358594 0.362500 0.375781 0.346875 0.375781
1 0.357812 0.358594 0.373437 0.358594 0.373437 0.375781 0.357812 0.375781
4 0.062500 0.368750 0.071875 0.368750 0.071875 0.396875 0.062500 0.396875
4 0.073438 0.360938 0.082812 0.360938 0.082812 0.389062 0.073438 0.389062
4 0.084375 0.364063 0.093750 0.364063 0.093750 0.392188 0.084375 0.392188
4 0.096875 0.368750 0.106250 0.368750 0.106250 0.396875 0.096875 0.396875
4 0.110937 0.367188 0.120313 0.367188 0.120313 0.395313 0.110937 0.395313
4 0.118750 0.365625 0.128125 0.365625 0.128125 0.393750 0.118750 0.393750
4 0.132812 0.370312 0.142187 0.370312 0.142187 0.398438 0.132812 0.398438
4 0.145313 0.360938 0.154688 0.360938 0.154688 0.389062 0.145313 0.389062
4 0.157812 0.367188 0.167187 0.367188 0.167187 0.395313 0.157812 0.395313
4 0.171875 0.364063 0.181250 0.364063 0.181250 0.392188 0.171875 0.392188
4 0.181250 0.370312 0.190625 0.370312 0.190625 0.398438 0.181250 0.398438
4 0.193750 0.368750 0.203125 0.368750 0.203125 0.396875 0.193750 0.396875
4 0.212500 0.365625 0.221875 0.365625 0.221875 0.393750 0.212500 0.393750
4 0.218750 0.362500 0.228125 0.362500 0.228125 0.390625 0.218750 0.390625
4 0.231250 0.368750 0.240625 0.368750 0.240625 0.396875 0.231250 0.396875
4 0.243750 0.364063 0.253125 0.364063 0.253125 0.392188 0.243750 0.392188
4 0.260937 0.370312 0.270313 0.370312 0.270313 0.398438 0.260937 0.398438
4 0.268750 0.368750 0.278125 0.368750 0.278125 0.396875 0.268750 0.396875
4 0.285938 0.365625 0.295312 0.365625 0.295312 0.393750 0.285938 0.393750
4 0.293750 0.365625 0.303125 0.365625 0.303125 0.393750 0.293750 0.393750
4 0.306250 0.368750 0.315625 0.368750 0.315625 0.396875 0.306250 0.396875
4 0.320312 0.370312 0.329688 0.370312 0.329688 0.398438 0.320312 0.398438
4 0.334375 0.370312 0.343750 0.370312 0.343750 0.398438 0.334375 0.398438
4 0.350000 0.368750 0.359375 0.368750 0.359375 0.396875 0.350000 0.396875
4 0.356250 0.370312 0.365625 0.370312 0.365625 0.398438 0.356250 0.398438
2 0.117969 0.192969 0.244531 0.192969 0.244531 0.628906 0.117969 0.628906
2 0.233594 0.185156 0.360156 0.185156 0.360156 0.621094 0.233594 0.621094
2 0.350781 0.186719 0.477344 0.186719 0.477344 0.622656 0.350781 0.622656
2 0.472656 0.188281 0.599219 0.188281 0.599219 0.624219 0.472656 0.624219
2 0.583594 0.191406 0.710156 0.191406 0.710156 0.627344 0.583594 0.627344
2 0.705469 0.185156 0.832031 0.185156 0.832031 0.621094 0.705469 0.621094
4 0.053906 0.786719 0.071094 0.786719 0.071094 0.832031 0.053906 0.832031
4 0.069531 0.786719 0.086719 0.786719 0.086719 0.832031 0.069531 0.832031
4 0.082031 0.791406 0.099219 0.791406 0.099219 0.836719 0.082031 0.836719
4 0.097656 0.792969 0.114844 0.792969 0.114844 0.838281 0.097656 0.838281
4 0.110156 0.785156 0.127344 0.785156 0.127344 0.830469 0.110156 0.830469
4 0.124219 0.785156 0.141406 0.785156 0.141406 0.830469 0.124219 0.830469
4 0.142969 0.789844 0.160156 0.789844 0.160156 0.835156 0.142969 0.835156
4 0.152344 0.786719 0.169531 0.786719 0.169531 0.832031 0.152344 0.832031
4 0.167969 0.792969 0.185156 0.792969 0.185156 0.838281 0.167969 0.838281
4 0.183594 0.791406 0.200781 0.791406 0.200781 0.836719 0.183594 0.836719
4 0.197656 0.791406 0.214844 0.791406 0.214844 0.836719 0.197656 0.836719
4 0.207031 0.791406 0.224219 0.791406 0.224219 0.836719 0.207031 0.836719
4 0.222656 0.792969 0.239844 0.792969 0.239844 0.838281 0.222656 0.838281
4 0.238281 0.786719 0.255469 0.786719 0.255469 0.832031 0.238281 0.832031
4 0.249219 0.792969 0.266406 0.792969 0.266406 0.838281 0.249219 0.838281
4 0.263281 0.785156 0.280469 0.785156 0.280469 0.830469 0.263281 0.830469
4 0.280469 0.785156 0.297656 0.785156 0.297656 0.830469 0.280469 0.830469
4 0.296094 0.786719 0.313281 0.786719 0.313281 0.832031 0.296094 0.832031
4 0.305469 0.785156 0.322656 0.785156 0.322656 0.830469 0.305469 0.830469
4 0.319531 0.788281 0.336719 0.788281 0.336719 0.833594 0.319531 0.833594
4 0.339844 0.789844 0.357031 0.789844 0.357031 0.835156 0.339844 0.835156
4 0.349219 0.791406 0.366406 0.791406 0.366406 0.836719 0.349219 0.836719
4 0.364844 0.786719 0.382031 0.786719 0.382031 0.832031 0.364844 0.832031
4 0.377344 0.788281 0.394531 0.788281 0.394531 0.833594 0.377344 0.833594
4 0.396094 0.789844 0.413281 0.789844 0.413281 0.835156 0.396094 0.835156
2 0.016406 0.716406 0.108594 0.716406 0.108594 0.983594 0.016406 0.983594
2 0.099219 0.725781 0.191406 0.725781 0.191406 0.992969 0.099219 0.992969
2 0.175781 0.722656 0.267969 0.722656 0.267969 0.989844 0.175781 0.989844
2 0.258594 0.719531 0.350781 0.719531 0.350781 0.986719 0.258594 0.986719
2 0.338281 0.724219 0.430469 0.724219 0.430469 0.991406 0.338281 0.991406
2 0.414844 0.719531 0.507031 0.719531 0.507031 0.986719 0.414844 0.986719
2 0.499219 0.717969 0.591406 0.717969 0.591406 0.985156 0.499219 0.985156
2 0.574219 0.721094 0.666406 0.721094 0.666406 0.988281 0.574219 0.988281
2 0.658594 0.725781 0.750781 0.725781 0.750781 0.992969 0.658594 0.992969
2 0.736719 0.719531 0.828906 0.719531 0.828906 0.986719 0.736719 0.986719
2 0.817969 0.722656 0.910156 0.722656 0.910156 0.989844 0.817969 0.989844