1 0.019531 0.025000 0.074219 0.025000 0.074219 0.128125 0.019531 0.128125
1 0.069531 0.026562 0.124219 0.026562 0.124219 0.129688 0.069531 0.129688
1 0.119531 0.023438 0.174219 0.023438 0.174219 0.126562 0.119531 0.126562
1 0.163281 0.023438 0.217969 0.023438 0.217969 0.126562 0.163281 0.126562
1 0.214844 0.025000 0.269531 0.025000 0.269531 0.128125 0.214844 0.128125
1 0.267969 0.021875 0.322656 0.021875 0.322656 0.125000 0.267969 0.125000
1 0.314844 0.020313 0.369531 0.020313 0.369531 0.123438 0.314844 0.123438
1 0.366406 0.018750 0.421094 0.018750 0.421094 0.121875 0.366406 0.121875
1 0.416406 0.018750 0.471094 0.018750 0.471094 0.121875 0.416406 0.121875
1 0.467969 0.025000 0.522656 0.025000 0.522656 0.128125 0.467969 0.128125
1 0.513281 0.020313 0.567969 0.020313 0.567969 0.123438 0.513281 0.123438
1 0.569531 0.020313 0.624219 0.020313 0.624219 0.123438 0.569531 0.123438
1 0.619531 0.026562 0.674219 0.026562 0.674219 0.129688 0.619531 0.129688
1 0.667969 0.018750 0.722656 0.018750 0.722656 0.121875 0.667969 0.121875
1 0.719531 0.025000 0.774219 0.025000 0.774219 0.128125 0.719531 0.128125
1 0.767969 0.021875 0.822656 0.021875 0.822656 0.125000 0.767969 0.125000
1 0.816406 0.026562 0.871094 0.026562 0.871094 0.129688 0.816406 0.129688
1 0.863281 0.018750 0.917969 0.018750 0.917969 0.121875 0.863281 0.121875
1 0.916406 0.018750 0.971094 0.018750 0.971094 0.121875 0.916406 0.121875
1 0.026562 0.160938 0.064062 0.160938 0.064062 0.201563 0.026562 0.201563
1 0.059375 0.156250 0.096875 0.156250 0.096875 0.196875 0.059375 0.196875
1 0.090625 0.157812 0.128125 0.157812 0.128125 0.198437 0.090625 0.198437
1 0.125000 0.160938 0.162500 0.160938 0.162500 0.201563 0.125000 0.201563
1 0.157812 0.160938 0.195312 0.160938 0.195312 0.201563 0.157812 0.201563
1 0.189062 0.159375 0.226562 0.159375 0.226562 0.200000 0.189062 0.200000
1 0.218750 0.159375 0.256250 0.159375 0.256250 0.200000 0.218750 0.200000
1 0.251563 0.157812 0.289062 0.157812 0.289062 0.198437 0.251563 0.198437
1 0.285938 0.157812 0.323437 0.157812 0.323437 0.198437 0.285938 0.198437
1 0.320312 0.156250 0.357812 0.156250 0.357812 0.196875 0.320312 0.196875
1 0.350000 0.162500 0.387500 0.162500 0.387500 0.203125 0.350000 0.203125
1 0.387500 0.165625 0.425000 0.165625 0.425000 0.206250 0.387500 0.206250
1 0.420312 0.164062 0.457813 0.164062 0.457813 0.204687 0.420312 0.204687
1 0.454688 0.165625 0.492188 0.165625 0.492188 0.206250 0.454688 0.206250
1 0.485938 0.162500 0.523438 0.162500 0.523438 0.203125 0.485938 0.203125
1 0.517188 0.159375 0.554688 0.159375 0.554688 0.200000 0.517188 0.200000
1 0.548438 0.162500 0.585938 0.162500 0.585938 0.203125 0.548438 0.203125
1 0.581250 0.162500 0.618750 0.162500 0.618750 0.203125 0.581250 0.203125
1 0.618750 0.160938 0.656250 0.160938 0.656250 0.201563 0.618750 0.201563
1 0.648438 0.157812 0.685937 0.157812 0.685937 0.198437 0.648438 0.198437
1 0.684375 0.156250 0.721875 0.156250 0.721875 0.196875 0.684375 0.196875
1 0.710938 0.165625 0.748437 0.165625 0.748437 0.206250 0.710938 0.206250
1 0.748437 0.156250 0.785937 0.156250 0.785937 0.196875 0.748437 0.196875
1 0.782813 0.156250 0.820312 0.156250 0.820312 0.196875 0.782813 0.196875
1 0.810937 0.159375 0.848437 0.159375 0.848437 0.200000 0.810937 0.200000
1 0.017969 0.178906 0.075781 0.178906 0.075781 0.252344 0.017969 0.252344
1 0.072656 0.183594 0.130469 0.183594 0.130469 0.257031 0.072656 0.257031
1 0.121094 0.180469 0.178906 0.180469 0.178906 0.253906 0.121094 0.253906
1 0.175781 0.178906 0.233594 0.178906 0.233594 0.252344 0.175781 0.252344
1 0.235156 0.174219 0.292969 0.174219 0.292969 0.247656 0.235156 0.247656
1 0.289844 0.182031 0.347656 0.182031 0.347656 0.255469 0.289844 0.255469
1 0.344531 0.175781 0.402344 0.175781 0.402344 0.249219 0.344531 0.249219
1 0.396094 0.177344 0.453906 0.177344 0.453906 0.250781 0.396094 0.250781
1 0.453906 0.182031 0.511719 0.182031 0.511719 0.255469 0.453906 0.255469
1 0.505469 0.183594 0.563281 0.183594 0.563281 0.257031 0.505469 0.257031
1 0.561719 0.177344 0.619531 0.177344 0.619531 0.250781 0.561719 0.250781
1 0.619531 0.182031 0.677344 0.182031 0.677344 0.255469 0.619531 0.255469
1 0.674219 0.182031 0.732031 0.182031 0.732031 0.255469 0.674219 0.255469
1 0.727344 0.183594 0.785156 0.183594 0.785156 0.257031 0.727344 0.257031
1 0.778906 0.175781 0.836719 0.175781 0.836719 0.249219 0.778906 0.249219
1 0.833594 0.182031 0.891406 0.182031 0.891406 0.255469 0.833594 0.255469
1 0.892969 0.178906 0.950781 0.178906 0.950781 0.252344 0.892969 0.252344
1 0.038281 0.278906 0.049219 0.278906 0.049219 0.292969 0.038281 0.292969
1 0.047656 0.282031 0.058594 0.282031 0.058594 0.296094 0.047656 0.296094
1 0.064844 0.280469 0.075781 0.280469 0.075781 0.294531 0.064844 0.294531
1 0.075781 0.277344 0.086719 0.277344 0.086719 0.291406 0.075781 0.291406
1 0.091406 0.277344 0.102344 0.277344 0.102344 0.291406 0.091406 0.291406
1 0.097656 0.277344 0.108594 0.277344 0.108594 0.291406 0.097656 0.291406
1 0.114844 0.278906 0.125781 0.278906 0.125781 0.292969 0.114844 0.292969
1 0.122656 0.282031 0.133594 0.282031 0.133594 0.296094 0.122656 0.296094
1 0.136719 0.280469 0.147656 0.280469 0.147656 0.294531 0.136719 0.294531
1 0.149219 0.283594 0.160156 0.283594 0.160156 0.297656 0.149219 0.297656
1 0.163281 0.283594 0.174219 0.283594 0.174219 0.297656 0.163281 0.297656
1 0.175781 0.275781 0.186719 0.275781 0.186719 0.289844 0.175781 0.289844
1 0.185156 0.277344 0.196094 0.277344 0.196094 0.291406 0.185156 0.291406
1 0.203906 0.280469 0.214844 0.280469 0.214844 0.294531 0.203906 0.294531
1 0.210156 0.283594 0.221094 0.283594 0.221094 0.297656 0.210156 0.297656
1 0.227344 0.282031 0.238281 0.282031 0.238281 0.296094 0.227344 0.296094
1 0.238281 0.278906 0.249219 0.278906 0.249219 0.292969 0.238281 0.292969
1 0.249219 0.278906 0.260156 0.278906 0.260156 0.292969 0.249219 0.292969
1 0.260156 0.277344 0.271094 0.277344 0.271094 0.291406 0.260156 0.291406
1 0.278906 0.275781 0.289844 0.275781 0.289844 0.289844 0.278906 0.289844
1 0.285156 0.283594 0.296094 0.283594 0.296094 0.297656 0.285156 0.297656
1 0.299219 0.282031 0.310156 0.282031 0.310156 0.296094 0.299219 0.296094
1 0.316406 0.282031 0.327344 0.282031 0.327344 0.296094 0.316406 0.296094
1 0.322656 0.278906 0.333594 0.278906 0.333594 0.292969 0.322656 0.292969
1 0.335156 0.277344 0.346094 0.277344 0.346094 0.291406 0.335156 0.291406
1 0.033594 0.281250 0.060156 0.281250 0.060156 0.309375 0.033594 0.309375
1 0.050781 0.287500 0.077344 0.287500 0.077344 0.315625 0.050781 0.315625
1 0.072656 0.289062 0.099219 0.289062 0.099219 0.317188 0.072656 0.317188
1 0.094531 0.281250 0.121094 0.281250 0.121094 0.309375 0.094531 0.309375
1 0.117969 0.281250 0.144531 0.281250 0.144531 0.309375 0.117969 0.309375
1 0.141406 0.287500 0.167969 0.287500 0.167969 0.315625 0.141406 0.315625
1 0.163281 0.285938 0.189844 0.285938 0.189844 0.314063 0.163281 0.314063
1 0.183594 0.282813 0.210156 0.282813 0.210156 0.310937 0.183594 0.310937
1 0.207031 0.279687 0.233594 0.279687 0.233594 0.307812 0.207031 0.307812
1 0.227344 0.285938 0.253906 0.285938 0.253906 0.314063 0.227344 0.314063
1 0.252344 0.279687 0.278906 0.279687 0.278906 0.307812 0.252344 0.307812
1 0.267969 0.287500 0.294531 0.287500 0.294531 0.315625 0.267969 0.315625
1 0.296094 0.285938 0.322656 0.285938 0.322656 0.314063 0.296094 0.314063
1 0.311719 0.284375 0.338281 0.284375 0.338281 0.312500 0.311719 0.312500
1 0.339844 0.284375 0.366406 0.284375 0.366406 0.312500 0.339844 0.312500
1 0.355469 0.289062 0.382031 0.289062 0.382031 0.317188 0.355469 0.317188
1 0.378906 0.284375 0.405469 0.284375 0.405469 0.312500 0.378906 0.312500
1 0.402344 0.279687 0.428906 0.279687 0.428906 0.307812 0.402344 0.307812
1 0.422656 0.287500 0.449219 0.287500 0.449219 0.315625 0.422656 0.315625
1 0.449219 0.289062 0.475781 0.289062 0.475781 0.317188 0.449219 0.317188
1 0.464844 0.282813 0.491406 0.282813 0.491406 0.310937 0.464844 0.310937
1 0.489844 0.284375 0.516406 0.284375 0.516406 0.312500 0.489844 0.312500
1 0.514844 0.281250 0.541406 0.281250 0.541406 0.309375 0.514844 0.309375
1 0.533594 0.289062 0.560156 0.289062 0.560156 0.317188 0.533594 0.317188
1 0.557031 0.281250 0.583594 0.281250 0.583594 0.309375 0.557031 0.309375
1 0.026562 0.303906 0.064062 0.303906 0.064062 0.342969 0.026562 0.342969
1 0.062500 0.300781 0.100000 0.300781 0.100000 0.339844 0.062500 0.339844
1 0.096875 0.300781 0.134375 0.300781 0.134375 0.339844 0.096875 0.339844
1 0.126562 0.297656 0.164062 0.297656 0.164062 0.336719 0.126562 0.336719
1 0.162500 0.299219 0.200000 0.299219 0.200000 0.338281 0.162500 0.338281
1 0.193750 0.305469 0.231250 0.305469 0.231250 0.344531 0.193750 0.344531
1 0.234375 0.302344 0.271875 0.302344 0.271875 0.341406 0.234375 0.341406
1 0.267188 0.305469 0.304688 0.305469 0.304688 0.344531 0.267188 0.344531
1 0.296875 0.305469 0.334375 0.305469 0.334375 0.344531 0.296875 0.344531
1 0.337500 0.297656 0.375000 0.297656 0.375000 0.336719 0.337500 0.336719
1 0.368750 0.297656 0.406250 0.297656 0.406250 0.336719 0.368750 0.336719
1 0.400000 0.307031 0.437500 0.307031 0.437500 0.346094 0.400000 0.346094
1 0.439063 0.300781 0.476562 0.300781 0.476562 0.339844 0.439063 0.339844
1 0.475000 0.300781 0.512500 0.300781 0.512500 0.339844 0.475000 0.339844
1 0.507812 0.307031 0.545312 0.307031 0.545312 0.346094 0.507812 0.346094
1 0.539062 0.299219 0.576562 0.299219 0.576562 0.338281 0.539062 0.338281
1 0.575000 0.305469 0.612500 0.305469 0.612500 0.344531 0.575000 0.344531
1 0.610938 0.297656 0.648438 0.297656 0.648438 0.336719 0.610938 0.336719
1 0.640625 0.307031 0.678125 0.307031 0.678125 0.346094 0.640625 0.346094
1 0.676562 0.299219 0.714063 0.299219 0.714063 0.338281 0.676562 0.338281
1 0.714063 0.299219 0.751563 0.299219 0.751563 0.338281 0.714063 0.338281
1 0.743750 0.297656 0.781250 0.297656 0.781250 0.336719 0.743750 0.336719
1 0.782813 0.307031 0.820312 0.307031 0.820312 0.346094 0.782813 0.346094
1 0.818750 0.303906 0.856250 0.303906 0.856250 0.342969 0.818750 0.342969
1 0.851562 0.303906 0.889062 0.303906 0.889062 0.342969 0.851562 0.342969
1 0.029687 0.341406 0.051562 0.341406 0.051562 0.371094 0.029687 0.371094
1 0.053125 0.339844 0.075000 0.339844 0.075000 0.369531 0.053125 0.369531
1 0.073438 0.344531 0.095312 0.344531 0.095312 0.374219 0.073438 0.374219
1 0.092188 0.346094 0.114062 0.346094 0.114062 0.375781 0.092188 0.375781
1 0.114062 0.339844 0.135937 0.339844 0.135937 0.369531 0.114062 0.369531
1 0.134375 0.346094 0.156250 0.346094 0.156250 0.375781 0.134375 0.375781
1 0.151562 0.342969 0.173437 0.342969 0.173437 0.372656 0.151562 0.372656
1 0.178125 0.347656 0.200000 0.347656 0.200000 0.377344 0.178125 0.377344
1 0.198437 0.346094 0.220312 0.346094 0.220312 0.375781 0.198437 0.375781
1 0.214062 0.339844 0.235937 0.339844 0.235937 0.369531 0.214062 0.369531
1 0.234375 0.346094 0.256250 0.346094 0.256250 0.375781 0.234375 0.375781
1 0.254688 0.346094 0.276562 0.346094 0.276562 0.375781 0.254688 0.375781
1 0.279687 0.341406 0.301563 0.341406 0.301563 0.371094 0.279687 0.371094
1 0.295312 0.341406 0.317188 0.341406 0.317188 0.371094 0.295312 0.371094
1 0.315625 0.338281 0.337500 0.338281 0.337500 0.367969 0.315625 0.367969
1 0.339062 0.347656 0.360938 0.347656 0.360938 0.377344 0.339062 0.377344
1 0.360938 0.338281 0.382812 0.338281 0.382812 0.367969 0.360938 0.367969
1 0.378125 0.347656 0.400000 0.347656 0.400000 0.377344 0.378125 0.377344
1 0.400000 0.339844 0.421875 0.339844 0.421875 0.369531 0.400000 0.369531
1 0.417187 0.344531 0.439063 0.344531 0.439063 0.374219 0.417187 0.374219
1 0.440625 0.347656 0.462500 0.347656 0.462500 0.377344 0.440625 0.377344
1 0.462500 0.342969 0.484375 0.342969 0.484375 0.372656 0.462500 0.372656
1 0.482812 0.344531 0.504687 0.344531 0.504687 0.374219 0.482812 0.374219
1 0.501563 0.341406 0.523438 0.341406 0.523438 0.371094 0.501563 0.371094
1 0.523438 0.346094 0.545312 0.346094 0.545312 0.375781 0.523438 0.375781
1 0.028125 0.360938 0.062500 0.360938 0.062500 0.404687 0.028125 0.404687
1 0.062500 0.362500 0.096875 0.362500 0.096875 0.406250 0.062500 0.406250
1 0.092188 0.365625 0.126562 0.365625 0.126562 0.409375 0.092188 0.409375
1 0.121875 0.360938 0.156250 0.360938 0.156250 0.404687 0.121875 0.404687
1 0.160938 0.365625 0.195312 0.365625 0.195312 0.409375 0.160938 0.409375
1 0.189062 0.364063 0.223438 0.364063 0.223438 0.407813 0.189062 0.407813
1 0.223438 0.370312 0.257812 0.370312 0.257812 0.414062 0.223438 0.414062
1 0.256250 0.367188 0.290625 0.367188 0.290625 0.410938 0.256250 0.410938
1 0.287500 0.362500 0.321875 0.362500 0.321875 0.406250 0.287500 0.406250
1 0.321875 0.368750 0.356250 0.368750 0.356250 0.412500 0.321875 0.412500
1 0.357812 0.362500 0.392188 0.362500 0.392188 0.406250 0.357812 0.406250
1 0.384375 0.365625 0.418750 0.365625 0.418750 0.409375 0.384375 0.409375
1 0.417187 0.364063 0.451562 0.364063 0.451562 0.407813 0.417187 0.407813
1 0.453125 0.367188 0.487500 0.367188 0.487500 0.410938 0.453125 0.410938
1 0.482812 0.370312 0.517188 0.370312 0.517188 0.414062 0.482812 0.414062
1 0.515625 0.362500 0.550000 0.362500 0.550000 0.406250 0.515625 0.406250
1 0.550000 0.365625 0.584375 0.365625 0.584375 0.409375 0.550000 0.409375
1 0.582812 0.370312 0.617188 0.370312 0.617188 0.414062 0.582812 0.414062
1 0.617188 0.368750 0.651563 0.368750 0.651563 0.412500 0.617188 0.412500
1 0.646875 0.364063 0.681250 0.364063 0.681250 0.407813 0.646875 0.407813
1 0.684375 0.364063 0.718750 0.364063 0.718750 0.407813 0.684375 0.407813
1 0.718750 0.364063 0.753125 0.364063 0.753125 0.407813 0.718750 0.407813
1 0.750000 0.362500 0.784375 0.362500 0.784375 0.406250 0.750000 0.406250
1 0.782813 0.362500 0.817187 0.362500 0.817187 0.406250 0.782813 0.406250
1 0.810937 0.370312 0.845313 0.370312 0.845313 0.414062 0.810937 0.414062
1 0.024219 0.394531 0.066406 0.394531 0.066406 0.474219 0.024219 0.474219
1 0.063281 0.386719 0.105469 0.386719 0.105469 0.466406 0.063281 0.466406
1 0.099219 0.392969 0.141406 0.392969 0.141406 0.472656 0.099219 0.472656
1 0.142969 0.389844 0.185156 0.389844 0.185156 0.469531 0.142969 0.469531
1 0.182031 0.385156 0.224219 0.385156 0.224219 0.464844 0.182031 0.464844
1 0.217969 0.392969 0.260156 0.392969 0.260156 0.472656 0.217969 0.472656
1 0.257031 0.385156 0.299219 0.385156 0.299219 0.464844 0.257031 0.464844
1 0.292969 0.389844 0.335156 0.389844 0.335156 0.469531 0.292969 0.469531
1 0.336719 0.386719 0.378906 0.386719 0.378906 0.466406 0.336719 0.466406
1 0.377344 0.389844 0.419531 0.389844 0.419531 0.469531 0.377344 0.469531
1 0.411719 0.385156 0.453906 0.385156 0.453906 0.464844 0.411719 0.464844
1 0.452344 0.385156 0.494531 0.385156 0.494531 0.464844 0.452344 0.464844
1 0.488281 0.385156 0.530469 0.385156 0.530469 0.464844 0.488281 0.464844
1 0.530469 0.388281 0.572656 0.388281 0.572656 0.467969 0.530469 0.467969
1 0.571094 0.385156 0.613281 0.385156 0.613281 0.464844 0.571094 0.464844
1 0.611719 0.389844 0.653906 0.389844 0.653906 0.469531 0.611719 0.469531
1 0.650781 0.386719 0.692969 0.386719 0.692969 0.466406 0.650781 0.466406
1 0.688281 0.386719 0.730469 0.386719 0.730469 0.466406 0.688281 0.466406
1 0.722656 0.385156 0.764844 0.385156 0.764844 0.464844 0.722656 0.464844
1 0.767969 0.389844 0.810156 0.389844 0.810156 0.469531 0.767969 0.469531
1 0.807031 0.388281 0.849219 0.388281 0.849219 0.467969 0.807031 0.467969
1 0.841406 0.389844 0.883594 0.389844 0.883594 0.469531 0.841406 0.469531
1 0.885156 0.385156 0.927344 0.385156 0.927344 0.464844 0.885156 0.464844
1 0.924219 0.392969 0.966406 0.392969 0.966406 0.472656 0.924219 0.472656
1 0.025000 0.477344 0.062500 0.477344 0.062500 0.525781 0.025000 0.525781
1 0.057813 0.478906 0.095312 0.478906 0.095312 0.527344 0.057813 0.527344
1 0.081250 0.474219 0.118750 0.474219 0.118750 0.522656 0.081250 0.522656
1 0.110937 0.475781 0.148438 0.475781 0.148438 0.524219 0.110937 0.524219
1 0.146875 0.474219 0.184375 0.474219 0.184375 0.522656 0.146875 0.522656
1 0.173437 0.469531 0.210938 0.469531 0.210938 0.517969 0.173437 0.517969
1 0.206250 0.475781 0.243750 0.475781 0.243750 0.524219 0.206250 0.524219
1 0.229687 0.474219 0.267188 0.474219 0.267188 0.522656 0.229687 0.522656
1 0.259375 0.472656 0.296875 0.472656 0.296875 0.521094 0.259375 0.521094
1 0.292187 0.469531 0.329688 0.469531 0.329688 0.517969 0.292187 0.517969
1 0.321875 0.471094 0.359375 0.471094 0.359375 0.519531 0.321875 0.519531
1 0.350000 0.474219 0.387500 0.474219 0.387500 0.522656 0.350000 0.522656
1 0.381250 0.474219 0.418750 0.474219 0.418750 0.522656 0.381250 0.522656
1 0.409375 0.477344 0.446875 0.477344 0.446875 0.525781 0.409375 0.525781
1 0.443750 0.474219 0.481250 0.474219 0.481250 0.522656 0.443750 0.522656
1 0.473438 0.475781 0.510938 0.475781 0.510938 0.524219 0.473438 0.524219
1 0.503125 0.478906 0.540625 0.478906 0.540625 0.527344 0.503125 0.527344
1 0.532813 0.472656 0.570312 0.472656 0.570312 0.521094 0.532813 0.521094
1 0.562500 0.477344 0.600000 0.477344 0.600000 0.525781 0.562500 0.525781
1 0.589063 0.472656 0.626563 0.472656 0.626563 0.521094 0.589063 0.521094
1 0.621875 0.477344 0.659375 0.477344 0.659375 0.525781 0.621875 0.525781
1 0.645312 0.477344 0.682813 0.477344 0.682813 0.525781 0.645312 0.525781
1 0.678125 0.469531 0.715625 0.469531 0.715625 0.517969 0.678125 0.517969
1 0.710938 0.472656 0.748437 0.472656 0.748437 0.521094 0.710938 0.521094
1 0.739062 0.477344 0.776563 0.477344 0.776563 0.525781 0.739062 0.525781
1 0.041406 0.535156 0.052344 0.535156 0.052344 0.549219 0.041406 0.549219
1 0.052344 0.532031 0.063281 0.532031 0.063281 0.546094 0.052344 0.546094
1 0.063281 0.541406 0.074219 0.541406 0.074219 0.555469 0.063281 0.555469
1 0.077344 0.538281 0.088281 0.538281 0.088281 0.552344 0.077344 0.552344
1 0.085156 0.538281 0.096094 0.538281 0.096094 0.552344 0.085156 0.552344
1 0.102344 0.538281 0.113281 0.538281 0.113281 0.552344 0.102344 0.552344
1 0.113281 0.539844 0.124219 0.539844 0.124219 0.553906 0.113281 0.553906
1 0.122656 0.533594 0.133594 0.533594 0.133594 0.547656 0.122656 0.547656
1 0.136719 0.536719 0.147656 0.536719 0.147656 0.550781 0.136719 0.550781
1 0.153906 0.541406 0.164844 0.541406 0.164844 0.555469 0.153906 0.555469
1 0.164844 0.532031 0.175781 0.532031 0.175781 0.546094 0.164844 0.546094
1 0.174219 0.541406 0.185156 0.541406 0.185156 0.555469 0.174219 0.555469
1 0.186719 0.538281 0.197656 0.538281 0.197656 0.552344 0.186719 0.552344
1 0.197656 0.532031 0.208594 0.532031 0.208594 0.546094 0.197656 0.546094
1 0.214844 0.538281 0.225781 0.538281 0.225781 0.552344 0.214844 0.552344
1 0.228906 0.533594 0.239844 0.533594 0.239844 0.547656 0.228906 0.547656
1 0.236719 0.538281 0.247656 0.538281 0.247656 0.552344 0.236719 0.552344
1 0.249219 0.541406 0.260156 0.541406 0.260156 0.555469 0.249219 0.555469
1 0.266406 0.539844 0.277344 0.539844 0.277344 0.553906 0.266406 0.553906
1 0.274219 0.538281 0.285156 0.538281 0.285156 0.552344 0.274219 0.552344
1 0.285156 0.533594 0.296094 0.533594 0.296094 0.547656 0.285156 0.547656
1 0.303906 0.539844 0.314844 0.539844 0.314844 0.553906 0.303906 0.553906
1 0.316406 0.536719 0.327344 0.536719 0.327344 0.550781 0.316406 0.550781
1 0.322656 0.532031 0.333594 0.532031 0.333594 0.546094 0.322656 0.546094
1 0.338281 0.538281 0.349219 0.538281 0.349219 0.552344 0.338281 0.552344