1 0.050000 0.034375 0.093750 0.034375 0.093750 0.118750 0.050000 0.118750
1 0.093750 0.031250 0.137500 0.031250 0.137500 0.115625 0.093750 0.115625
1 0.126562 0.028125 0.170313 0.028125 0.170313 0.112500 0.126562 0.112500
1 0.164062 0.037500 0.207813 0.037500 0.207813 0.121875 0.164062 0.121875
1 0.203125 0.032813 0.246875 0.032813 0.246875 0.117188 0.203125 0.117188
1 0.237500 0.032813 0.281250 0.032813 0.281250 0.117188 0.237500 0.117188
1 0.279687 0.028125 0.323437 0.028125 0.323437 0.112500 0.279687 0.112500
1 0.318750 0.029687 0.362500 0.029687 0.362500 0.114062 0.318750 0.114062
1 0.353125 0.029687 0.396875 0.029687 0.396875 0.114062 0.353125 0.114062
1 0.387500 0.035937 0.431250 0.035937 0.431250 0.120313 0.387500 0.120313
1 0.429688 0.035937 0.473438 0.035937 0.473438 0.120313 0.429688 0.120313
1 0.462500 0.034375 0.506250 0.034375 0.506250 0.118750 0.462500 0.118750
1 0.506250 0.034375 0.550000 0.034375 0.550000 0.118750 0.506250 0.118750
1 0.537500 0.031250 0.581250 0.031250 0.581250 0.115625 0.537500 0.115625
1 0.575000 0.035937 0.618750 0.035937 0.618750 0.120313 0.575000 0.120313
1 0.618750 0.035937 0.662500 0.035937 0.662500 0.120313 0.618750 0.120313
1 0.653125 0.034375 0.696875 0.034375 0.696875 0.118750 0.653125 0.118750
1 0.687500 0.032813 0.731250 0.032813 0.731250 0.117188 0.687500 0.117188
1 0.725000 0.035937 0.768750 0.035937 0.768750 0.120313 0.725000 0.120313
1 0.765625 0.035937 0.809375 0.035937 0.809375 0.120313 0.765625 0.120313
1 0.801562 0.029687 0.845313 0.029687 0.845313 0.114062 0.801562 0.114062
1 0.839063 0.029687 0.882812 0.029687 0.882812 0.114062 0.839063 0.114062
1 0.878125 0.032813 0.921875 0.032813 0.921875 0.117188 0.878125 0.117188
1 0.918750 0.032813 0.962500 0.032813 0.962500 0.117188 0.918750 0.117188
0 0.037500 0.124219 0.118750 0.124219 0.118750 0.182031 0.037500 0.182031
0 0.101562 0.125781 0.182812 0.125781 0.182812 0.183594 0.101562 0.183594
0 0.175000 0.128906 0.256250 0.128906 0.256250 0.186719 0.175000 0.186719
0 0.239063 0.130469 0.320312 0.130469 0.320312 0.188281 0.239063 0.188281
0 0.309375 0.128906 0.390625 0.128906 0.390625 0.186719 0.309375 0.186719
0 0.379688 0.125781 0.460938 0.125781 0.460938 0.183594 0.379688 0.183594
0 0.445312 0.132031 0.526563 0.132031 0.526563 0.189844 0.445312 0.189844
0 0.514062 0.125781 0.595313 0.125781 0.595313 0.183594 0.514062 0.183594
0 0.581250 0.124219 0.662500 0.124219 0.662500 0.182031 0.581250 0.182031
0 0.654687 0.125781 0.735938 0.125781 0.735938 0.183594 0.654687 0.183594
0 0.723437 0.130469 0.804688 0.130469 0.804688 0.188281 0.723437 0.188281
0 0.792188 0.127344 0.873437 0.127344 0.873437 0.185156 0.792188 0.185156
0 0.860938 0.127344 0.942187 0.127344 0.942187 0.185156 0.860938 0.185156
3 0.035156 0.132812 0.121094 0.132812 0.121094 0.279687 0.035156 0.279687
3 0.108594 0.131250 0.194531 0.131250 0.194531 0.278125 0.108594 0.278125
3 0.188281 0.132812 0.274219 0.132812 0.274219 0.279687 0.188281 0.279687
3 0.269531 0.132812 0.355469 0.132812 0.355469 0.279687 0.269531 0.279687
3 0.350781 0.129688 0.436719 0.129688 0.436719 0.276562 0.350781 0.276562
3 0.428906 0.135937 0.514844 0.135937 0.514844 0.282813 0.428906 0.282813
3 0.510156 0.135937 0.596094 0.135937 0.596094 0.282813 0.510156 0.282813
3 0.586719 0.132812 0.672656 0.132812 0.672656 0.279687 0.586719 0.279687
3 0.669531 0.128125 0.755469 0.128125 0.755469 0.275000 0.669531 0.275000
3 0.750781 0.131250 0.836719 0.131250 0.836719 0.278125 0.750781 0.278125
3 0.828906 0.132812 0.914844 0.132812 0.914844 0.279687 0.828906 0.279687
1 0.051562 0.307812 0.098437 0.307812 0.098437 0.357812 0.051562 0.357812
1 0.090625 0.314063 0.137500 0.314063 0.137500 0.364063 0.090625 0.364063
1 0.126562 0.306250 0.173437 0.306250 0.173437 0.356250 0.126562 0.356250
1 0.171875 0.306250 0.218750 0.306250 0.218750 0.356250 0.171875 0.356250
1 0.207813 0.314063 0.254688 0.314063 0.254688 0.364063 0.207813 0.364063
1 0.250000 0.310937 0.296875 0.310937 0.296875 0.360938 0.250000 0.360938
1 0.289062 0.307812 0.335938 0.307812 0.335938 0.357812 0.289062 0.357812
1 0.321875 0.314063 0.368750 0.314063 0.368750 0.364063 0.321875 0.364063
1 0.365625 0.314063 0.412500 0.314063 0.412500 0.364063 0.365625 0.364063
1 0.400000 0.306250 0.446875 0.306250 0.446875 0.356250 0.400000 0.356250
1 0.439063 0.307812 0.485938 0.307812 0.485938 0.357812 0.439063 0.357812
1 0.478125 0.310937 0.525000 0.310937 0.525000 0.360938 0.478125 0.360938
1 0.517188 0.306250 0.564063 0.306250 0.564063 0.356250 0.517188 0.356250
1 0.556250 0.314063 0.603125 0.314063 0.603125 0.364063 0.556250 0.364063
1 0.601562 0.309375 0.648438 0.309375 0.648438 0.359375 0.601562 0.359375
1 0.634375 0.307812 0.681250 0.307812 0.681250 0.357812 0.634375 0.357812
1 0.679688 0.306250 0.726562 0.306250 0.726562 0.356250 0.679688 0.356250
1 0.717187 0.309375 0.764062 0.309375 0.764062 0.359375 0.717187 0.359375
1 0.751563 0.306250 0.798438 0.306250 0.798438 0.356250 0.751563 0.356250
1 0.792188 0.306250 0.839063 0.306250 0.839063 0.356250 0.792188 0.356250
1 0.834375 0.312500 0.881250 0.312500 0.881250 0.362500 0.834375 0.362500
1 0.868750 0.312500 0.915625 0.312500 0.915625 0.362500 0.868750 0.362500
1 0.910937 0.306250 0.957812 0.306250 0.957812 0.356250 0.910937 0.356250