1 0.016406 0.089844 0.055469 0.089844 0.055469 0.132031 0.016406 0.132031
1 0.052344 0.085156 0.091406 0.085156 0.091406 0.127344 0.052344 0.127344
1 0.080469 0.088281 0.119531 0.088281 0.119531 0.130469 0.080469 0.130469
1 0.117969 0.091406 0.157031 0.091406 0.157031 0.133594 0.117969 0.133594
1 0.155469 0.088281 0.194531 0.088281 0.194531 0.130469 0.155469 0.130469
1 0.186719 0.092969 0.225781 0.092969 0.225781 0.135156 0.186719 0.135156
1 0.221094 0.089844 0.260156 0.089844 0.260156 0.132031 0.221094 0.132031
1 0.252344 0.094531 0.291406 0.094531 0.291406 0.136719 0.252344 0.136719
1 0.288281 0.089844 0.327344 0.089844 0.327344 0.132031 0.288281 0.132031
1 0.322656 0.089844 0.361719 0.089844 0.361719 0.132031 0.322656 0.132031
1 0.355469 0.089844 0.394531 0.089844 0.394531 0.132031 0.355469 0.132031
1 0.392969 0.091406 0.432031 0.091406 0.432031 0.133594 0.392969 0.133594
1 0.428906 0.089844 0.467969 0.089844 0.467969 0.132031 0.428906 0.132031
1 0.464844 0.094531 0.503906 0.094531 0.503906 0.136719 0.464844 0.136719
1 0.496094 0.092969 0.535156 0.092969 0.535156 0.135156 0.496094 0.135156
1 0.528906 0.089844 0.567969 0.089844 0.567969 0.132031 0.528906 0.132031
1 0.563281 0.089844 0.602344 0.089844 0.602344 0.132031 0.563281 0.132031
1 0.602344 0.089844 0.641406 0.089844 0.641406 0.132031 0.602344 0.132031
1 0.630469 0.086719 0.669531 0.086719 0.669531 0.128906 0.630469 0.128906
1 0.667969 0.088281 0.707031 0.088281 0.707031 0.130469 0.667969 0.130469
1 0.702344 0.091406 0.741406 0.091406 0.741406 0.133594 0.702344 0.133594
1 0.739844 0.088281 0.778906 0.088281 0.778906 0.130469 0.739844 0.130469
1 0.769531 0.094531 0.808594 0.094531 0.808594 0.136719 0.769531 0.136719
1 0.803906 0.092969 0.842969 0.092969 0.842969 0.135156 0.803906 0.135156
1 0.841406 0.094531 0.880469 0.094531 0.880469 0.136719 0.841406 0.136719
1 0.027344 0.132031 0.047656 0.132031 0.047656 0.171094 0.027344 0.171094
1 0.044531 0.135156 0.064844 0.135156 0.064844 0.174219 0.044531 0.174219
1 0.060156 0.132031 0.080469 0.132031 0.080469 0.171094 0.060156 0.171094
1 0.083594 0.138281 0.103906 0.138281 0.103906 0.177344 0.083594 0.177344
1 0.099219 0.128906 0.119531 0.128906 0.119531 0.167969 0.099219 0.167969
1 0.119531 0.135156 0.139844 0.135156 0.139844 0.174219 0.119531 0.174219
1 0.135156 0.130469 0.155469 0.130469 0.155469 0.169531 0.135156 0.169531
1 0.152344 0.128906 0.172656 0.128906 0.172656 0.167969 0.152344 0.167969
1 0.174219 0.135156 0.194531 0.135156 0.194531 0.174219 0.174219 0.174219
1 0.191406 0.135156 0.211719 0.135156 0.211719 0.174219 0.191406 0.174219
1 0.211719 0.135156 0.232031 0.135156 0.232031 0.174219 0.211719 0.174219
1 0.230469 0.138281 0.250781 0.138281 0.250781 0.177344 0.230469 0.177344
1 0.252344 0.135156 0.272656 0.135156 0.272656 0.174219 0.252344 0.174219
1 0.267969 0.136719 0.288281 0.136719 0.288281 0.175781 0.267969 0.175781
1 0.286719 0.135156 0.307031 0.135156 0.307031 0.174219 0.286719 0.174219
1 0.308594 0.135156 0.328906 0.135156 0.328906 0.174219 0.308594 0.174219
1 0.321094 0.138281 0.341406 0.138281 0.341406 0.177344 0.321094 0.177344
1 0.339844 0.133594 0.360156 0.133594 0.360156 0.172656 0.339844 0.172656
1 0.358594 0.135156 0.378906 0.135156 0.378906 0.174219 0.358594 0.174219
1 0.378906 0.133594 0.399219 0.133594 0.399219 0.172656 0.378906 0.172656
1 0.397656 0.136719 0.417969 0.136719 0.417969 0.175781 0.397656 0.175781
1 0.417969 0.132031 0.438281 0.132031 0.438281 0.171094 0.417969 0.171094
1 0.436719 0.135156 0.457031 0.135156 0.457031 0.174219 0.436719 0.174219
1 0.453906 0.133594 0.474219 0.133594 0.474219 0.172656 0.453906 0.172656
1 0.471094 0.132031 0.491406 0.132031 0.491406 0.171094 0.471094 0.171094
1 0.014844 0.146875 0.053906 0.146875 0.053906 0.221875 0.014844 0.221875
1 0.046094 0.148438 0.085156 0.148438 0.085156 0.223438 0.046094 0.223438
1 0.078906 0.153125 0.117969 0.153125 0.117969 0.228125 0.078906 0.228125
1 0.116406 0.146875 0.155469 0.146875 0.155469 0.221875 0.116406 0.221875
1 0.146094 0.151562 0.185156 0.151562 0.185156 0.226562 0.146094 0.226562
1 0.178906 0.151562 0.217969 0.151562 0.217969 0.226562 0.178906 0.226562
1 0.210156 0.146875 0.249219 0.146875 0.249219 0.221875 0.210156 0.221875
1 0.241406 0.151562 0.280469 0.151562 0.280469 0.226562 0.241406 0.226562
1 0.280469 0.156250 0.319531 0.156250 0.319531 0.231250 0.280469 0.231250
1 0.307031 0.153125 0.346094 0.153125 0.346094 0.228125 0.307031 0.228125
1 0.346094 0.151562 0.385156 0.151562 0.385156 0.226562 0.346094 0.226562
1 0.377344 0.150000 0.416406 0.150000 0.416406 0.225000 0.377344 0.225000
1 0.405469 0.148438 0.444531 0.148438 0.444531 0.223438 0.405469 0.223438
1 0.438281 0.148438 0.477344 0.148438 0.477344 0.223438 0.438281 0.223438
1 0.471094 0.156250 0.510156 0.156250 0.510156 0.231250 0.471094 0.231250
1 0.503906 0.153125 0.542969 0.153125 0.542969 0.228125 0.503906 0.228125
1 0.541406 0.150000 0.580469 0.150000 0.580469 0.225000 0.541406 0.225000
1 0.571094 0.154688 0.610156 0.154688 0.610156 0.229687 0.571094 0.229687
1 0.608594 0.146875 0.647656 0.146875 0.647656 0.221875 0.608594 0.221875
1 0.639844 0.156250 0.678906 0.156250 0.678906 0.231250 0.639844 0.231250
1 0.667969 0.153125 0.707031 0.153125 0.707031 0.228125 0.667969 0.228125
1 0.700781 0.148438 0.739844 0.148438 0.739844 0.223438 0.700781 0.223438
1 0.738281 0.151562 0.777344 0.151562 0.777344 0.226562 0.738281 0.226562
1 0.769531 0.154688 0.808594 0.154688 0.808594 0.229687 0.769531 0.229687
1 0.802344 0.156250 0.841406 0.156250 0.841406 0.231250 0.802344 0.231250
1 0.025781 0.247656 0.049219 0.247656 0.049219 0.277344 0.025781 0.277344
1 0.038281 0.249219 0.061719 0.249219 0.061719 0.278906 0.038281 0.278906
1 0.063281 0.247656 0.086719 0.247656 0.086719 0.277344 0.063281 0.277344
1 0.080469 0.244531 0.103906 0.244531 0.103906 0.274219 0.080469 0.274219
1 0.096094 0.252344 0.119531 0.252344 0.119531 0.282031 0.096094 0.282031
1 0.113281 0.252344 0.136719 0.252344 0.136719 0.282031 0.113281 0.282031
1 0.135156 0.250781 0.158594 0.250781 0.158594 0.280469 0.135156 0.280469
1 0.150781 0.252344 0.174219 0.252344 0.174219 0.282031 0.150781 0.282031
1 0.174219 0.244531 0.197656 0.244531 0.197656 0.274219 0.174219 0.274219
1 0.188281 0.250781 0.211719 0.250781 0.211719 0.280469 0.188281 0.280469
1 0.207031 0.252344 0.230469 0.252344 0.230469 0.282031 0.207031 0.282031
1 0.232031 0.249219 0.255469 0.249219 0.255469 0.278906 0.232031 0.278906
1 0.247656 0.244531 0.271094 0.244531 0.271094 0.274219 0.247656 0.274219
1 0.269531 0.246094 0.292969 0.246094 0.292969 0.275781 0.269531 0.275781
1 0.283594 0.249219 0.307031 0.249219 0.307031 0.278906 0.283594 0.278906
1 0.307031 0.247656 0.330469 0.247656 0.330469 0.277344 0.307031 0.277344
1 0.322656 0.253906 0.346094 0.253906 0.346094 0.283594 0.322656 0.283594
1 0.344531 0.249219 0.367969 0.249219 0.367969 0.278906 0.344531 0.278906
1 0.361719 0.244531 0.385156 0.244531 0.385156 0.274219 0.361719 0.274219
1 0.382031 0.250781 0.405469 0.250781 0.405469 0.280469 0.382031 0.280469
1 0.397656 0.247656 0.421094 0.247656 0.421094 0.277344 0.397656 0.277344
1 0.416406 0.244531 0.439844 0.244531 0.439844 0.274219 0.416406 0.274219
1 0.433594 0.253906 0.457031 0.253906 0.457031 0.283594 0.433594 0.283594
1 0.455469 0.247656 0.478906 0.247656 0.478906 0.277344 0.455469 0.277344
1 0.475781 0.246094 0.499219 0.246094 0.499219 0.275781 0.475781 0.275781
1 0.025000 0.279687 0.040625 0.279687 0.040625 0.298438 0.025000 0.298438
1 0.037500 0.285938 0.053125 0.285938 0.053125 0.304688 0.037500 0.304688
1 0.053125 0.284375 0.068750 0.284375 0.068750 0.303125 0.053125 0.303125
1 0.064062 0.281250 0.079687 0.281250 0.079687 0.300000 0.064062 0.300000
1 0.079687 0.284375 0.095312 0.284375 0.095312 0.303125 0.079687 0.303125
1 0.090625 0.278125 0.106250 0.278125 0.106250 0.296875 0.090625 0.296875
1 0.100000 0.279687 0.115625 0.279687 0.115625 0.298438 0.100000 0.298438
1 0.115625 0.279687 0.131250 0.279687 0.131250 0.298438 0.115625 0.298438
1 0.128125 0.284375 0.143750 0.284375 0.143750 0.303125 0.128125 0.303125
1 0.140625 0.282813 0.156250 0.282813 0.156250 0.301563 0.140625 0.301563
1 0.154688 0.278125 0.170313 0.278125 0.170313 0.296875 0.154688 0.296875
1 0.167187 0.285938 0.182812 0.285938 0.182812 0.304688 0.167187 0.304688
1 0.173437 0.284375 0.189062 0.284375 0.189062 0.303125 0.173437 0.303125
1 0.187500 0.285938 0.203125 0.285938 0.203125 0.304688 0.187500 0.304688
1 0.204687 0.278125 0.220312 0.278125 0.220312 0.296875 0.204687 0.296875
1 0.214062 0.285938 0.229687 0.285938 0.229687 0.304688 0.214062 0.304688
1 0.225000 0.279687 0.240625 0.279687 0.240625 0.298438 0.225000 0.298438
1 0.237500 0.276562 0.253125 0.276562 0.253125 0.295312 0.237500 0.295312
1 0.248438 0.276562 0.264062 0.276562 0.264062 0.295312 0.248438 0.295312
1 0.262500 0.282813 0.278125 0.282813 0.278125 0.301563 0.262500 0.301563
1 0.276562 0.281250 0.292187 0.281250 0.292187 0.300000 0.276562 0.300000
1 0.290625 0.282813 0.306250 0.282813 0.306250 0.301563 0.290625 0.301563
1 0.298438 0.284375 0.314063 0.284375 0.314063 0.303125 0.298438 0.303125
1 0.315625 0.284375 0.331250 0.284375 0.331250 0.303125 0.315625 0.303125
1 0.325000 0.284375 0.340625 0.284375 0.340625 0.303125 0.325000 0.303125
1 0.002344 0.275000 0.060156 0.275000 0.060156 0.337500 0.002344 0.337500
1 0.061719 0.276562 0.119531 0.276562 0.119531 0.339062 0.061719 0.339062
1 0.111719 0.279687 0.169531 0.279687 0.169531 0.342187 0.111719 0.342187
1 0.161719 0.275000 0.219531 0.275000 0.219531 0.337500 0.161719 0.337500
1 0.221094 0.275000 0.278906 0.275000 0.278906 0.337500 0.221094 0.337500
1 0.271094 0.275000 0.328906 0.275000 0.328906 0.337500 0.271094 0.337500
1 0.322656 0.278125 0.380469 0.278125 0.380469 0.340625 0.322656 0.340625
1 0.378906 0.281250 0.436719 0.281250 0.436719 0.343750 0.378906 0.343750
1 0.427344 0.279687 0.485156 0.279687 0.485156 0.342187 0.427344 0.342187
1 0.486719 0.276562 0.544531 0.276562 0.544531 0.339062 0.486719 0.339062
1 0.539844 0.271875 0.597656 0.271875 0.597656 0.334375 0.539844 0.334375
1 0.592969 0.275000 0.650781 0.275000 0.650781 0.337500 0.592969 0.337500
1 0.646094 0.275000 0.703906 0.275000 0.703906 0.337500 0.646094 0.337500
1 0.694531 0.275000 0.752344 0.275000 0.752344 0.337500 0.694531 0.337500
1 0.750781 0.281250 0.808594 0.281250 0.808594 0.343750 0.750781 0.343750
1 0.802344 0.273438 0.860156 0.273438 0.860156 0.335938 0.802344 0.335938
1 0.853906 0.275000 0.911719 0.275000 0.911719 0.337500 0.853906 0.337500
1 0.905469 0.279687 0.963281 0.279687 0.963281 0.342187 0.905469 0.342187
1 0.026562 0.359375 0.035937 0.359375 0.035937 0.368750 0.026562 0.368750
1 0.045312 0.359375 0.054688 0.359375 0.054688 0.368750 0.045312 0.368750
1 0.053125 0.354687 0.062500 0.354687 0.062500 0.364063 0.053125 0.364063
1 0.068750 0.354687 0.078125 0.354687 0.078125 0.364063 0.068750 0.364063
1 0.081250 0.356250 0.090625 0.356250 0.090625 0.365625 0.081250 0.365625
1 0.095312 0.357812 0.104688 0.357812 0.104688 0.367188 0.095312 0.367188
1 0.101562 0.354687 0.110937 0.354687 0.110937 0.364063 0.101562 0.364063
1 0.120313 0.360938 0.129688 0.360938 0.129688 0.370312 0.120313 0.370312
1 0.129688 0.356250 0.139063 0.356250 0.139063 0.365625 0.129688 0.365625
1 0.140625 0.357812 0.150000 0.357812 0.150000 0.367188 0.140625 0.367188
1 0.157812 0.353125 0.167187 0.353125 0.167187 0.362500 0.157812 0.362500
1 0.170313 0.362500 0.179688 0.362500 0.179688 0.371875 0.170313 0.371875
1 0.176563 0.353125 0.185938 0.353125 0.185938 0.362500 0.176563 0.362500
1 0.192188 0.356250 0.201563 0.356250 0.201563 0.365625 0.192188 0.365625
1 0.203125 0.354687 0.212500 0.354687 0.212500 0.364063 0.203125 0.364063
1 0.218750 0.362500 0.228125 0.362500 0.228125 0.371875 0.218750 0.371875
1 0.232813 0.357812 0.242188 0.357812 0.242188 0.367188 0.232813 0.367188
1 0.243750 0.356250 0.253125 0.356250 0.253125 0.365625 0.243750 0.365625
1 0.257812 0.359375 0.267188 0.359375 0.267188 0.368750 0.257812 0.368750
1 0.265625 0.357812 0.275000 0.357812 0.275000 0.367188 0.265625 0.367188
1 0.278125 0.360938 0.287500 0.360938 0.287500 0.370312 0.278125 0.370312
1 0.295312 0.354687 0.304688 0.354687 0.304688 0.364063 0.295312 0.364063
1 0.304688 0.354687 0.314063 0.354687 0.314063 0.364063 0.304688 0.364063
1 0.318750 0.354687 0.328125 0.354687 0.328125 0.364063 0.318750 0.364063
1 0.331250 0.360938 0.340625 0.360938 0.340625 0.370312 0.331250 0.370312