1 0.119531 0.267969 0.139844 0.267969 0.139844 0.307031 0.119531 0.307031
1 0.139844 0.274219 0.160156 0.274219 0.160156 0.313281 0.139844 0.313281
1 0.160156 0.272656 0.180469 0.272656 0.180469 0.311719 0.160156 0.311719
1 0.180469 0.289844 0.200781 0.289844 0.200781 0.328906 0.180469 0.328906
1 0.200781 0.285156 0.221094 0.285156 0.221094 0.324219 0.200781 0.324219
1 0.221094 0.271094 0.241406 0.271094 0.241406 0.310156 0.221094 0.310156
1 0.241406 0.269531 0.261719 0.269531 0.261719 0.308594 0.241406 0.308594
1 0.261719 0.274219 0.282031 0.274219 0.282031 0.313281 0.261719 0.313281
1 0.282031 0.288281 0.302344 0.288281 0.302344 0.327344 0.282031 0.327344
1 0.302344 0.266406 0.322656 0.266406 0.322656 0.305469 0.302344 0.305469
1 0.322656 0.275781 0.342969 0.275781 0.342969 0.314844 0.322656 0.314844