4 0.116673 0.005339 0.141981 0.046638 0.031404 0.114400 0.006096 0.073100
4 0.104894 0.046638 0.130202 0.005339 0.240779 0.073100 0.215471 0.114400
4 0.326048 0.005339 0.351356 0.046638 0.240779 0.114400 0.215471 0.073100
0 0.183594 0.062500 0.272656 0.062500 0.272656 0.125000 0.183594 0.125000
4 0.314269 0.046638 0.339577 0.005339 0.450154 0.073100 0.424846 0.114400
4 0.535423 0.005339 0.560731 0.046638 0.450154 0.114400 0.424846 0.073100
0 0.392969 0.062500 0.482031 0.062500 0.482031 0.125000 0.392969 0.125000
4 0.523644 0.046638 0.548952 0.005339 0.659529 0.073100 0.634221 0.114400
4 0.744798 0.005339 0.770106 0.046638 0.659529 0.114400 0.634221 0.073100
0 0.602344 0.062500 0.691406 0.062500 0.691406 0.125000 0.602344 0.125000
4 0.733019 0.046638 0.758327 0.005339 0.868904 0.073100 0.843596 0.114400
4 0.954173 0.005339 0.979481 0.046638 0.868904 0.114400 0.843596 0.073100
0 0.811719 0.062500 0.900781 0.062500 0.900781 0.125000 0.811719 0.125000
4 0.000206 0.162263 0.025515 0.120964 0.136092 0.188725 0.110783 0.230025
4 0.029052 0.117197 0.068681 0.089345 0.143252 0.195449 0.103623 0.223301
4 0.073423 0.087293 0.120854 0.077471 0.147153 0.204464 0.099722 0.214286
4 0.126021 0.077471 0.173452 0.087293 0.147153 0.214286 0.099722 0.204464
4 0.178194 0.089345 0.217823 0.117197 0.143252 0.223301 0.103623 0.195449
4 0.221360 0.120964 0.246669 0.162263 0.136092 0.230025 0.110783 0.188725
0 0.078906 0.178125 0.167969 0.178125 0.167969 0.240625 0.078906 0.240625
4 0.209581 0.162263 0.234890 0.120964 0.345467 0.188725 0.320158 0.230025
4 0.238427 0.117197 0.278056 0.089345 0.352627 0.195449 0.312998 0.223301
4 0.282798 0.087293 0.330229 0.077471 0.356528 0.204464 0.309097 0.214286
4 0.335396 0.077471 0.382827 0.087293 0.356528 0.214286 0.309097 0.204464
4 0.387569 0.089345 0.427198 0.117197 0.352627 0.223301 0.312998 0.195449
4 0.430735 0.120964 0.456044 0.162263 0.345467 0.230025 0.320158 0.188725
0 0.288281 0.178125 0.377344 0.178125 0.377344 0.240625 0.288281 0.240625
4 0.418956 0.162263 0.444265 0.120964 0.554842 0.188725 0.529533 0.230025
4 0.447802 0.117197 0.487431 0.089345 0.562002 0.195449 0.522373 0.223301
4 0.492173 0.087293 0.539604 0.077471 0.565903 0.204464 0.518472 0.214286
4 0.544771 0.077471 0.592202 0.087293 0.565903 0.214286 0.518472 0.204464
4 0.596944 0.089345 0.636573 0.117197 0.562002 0.223301 0.522373 0.195449
4 0.640110 0.120964 0.665419 0.162263 0.554842 0.230025 0.529533 0.188725
0 0.497656 0.178125 0.586719 0.178125 0.586719 0.240625 0.497656 0.240625
4 0.628331 0.162263 0.653640 0.120964 0.764217 0.188725 0.738908 0.230025
4 0.657177 0.117197 0.696806 0.089345 0.771377 0.195449 0.731748 0.223301
4 0.701548 0.087293 0.748979 0.077471 0.775278 0.204464 0.727847 0.214286
4 0.754146 0.077471 0.801577 0.087293 0.775278 0.214286 0.727847 0.204464
4 0.806319 0.089345 0.845948 0.117197 0.771377 0.223301 0.731748 0.195449
4 0.849485 0.120964 0.874794 0.162263 0.764217 0.230025 0.738908 0.188725
0 0.707031 0.178125 0.796094 0.178125 0.796094 0.240625 0.707031 0.240625
4 0.837706 0.162263 0.863015 0.120964 0.973592 0.188725 0.948283 0.230025
4 0.866552 0.117197 0.906181 0.089345 0.980752 0.195449 0.941123 0.223301
4 0.910923 0.087293 0.958354 0.077471 0.984653 0.204464 0.937222 0.214286
4 0.073506 0.204970 0.113136 0.232822 0.038565 0.338926 -0.001065 0.311074
4 0.116673 0.236589 0.141981 0.277888 0.031404 0.345650 0.006096 0.304350
4 0.104894 0.277888 0.130202 0.236589 0.240779 0.304350 0.215471 0.345650
4 0.133739 0.232822 0.173369 0.204970 0.247940 0.311074 0.208310 0.338926
4 0.178110 0.202918 0.225542 0.193096 0.251841 0.320089 0.204409 0.329911
4 0.230708 0.193096 0.278140 0.202918 0.251841 0.329911 0.204409 0.320089
4 0.282881 0.204970 0.322511 0.232822 0.247940 0.338926 0.208310 0.311074
4 0.326048 0.236589 0.351356 0.277888 0.240779 0.345650 0.215471 0.304350
0 0.183594 0.293750 0.272656 0.293750 0.272656 0.356250 0.183594 0.356250
4 0.314269 0.277888 0.339577 0.236589 0.450154 0.304350 0.424846 0.345650
4 0.343114 0.232822 0.382744 0.204970 0.457315 0.311074 0.417685 0.338926
4 0.387485 0.202918 0.434917 0.193096 0.461216 0.320089 0.413784 0.329911
4 0.440083 0.193096 0.487515 0.202918 0.461216 0.329911 0.413784 0.320089
4 0.492256 0.204970 0.531886 0.232822 0.457315 0.338926 0.417685 0.311074
4 0.535423 0.236589 0.560731 0.277888 0.450154 0.345650 0.424846 0.304350
0 0.392969 0.293750 0.482031 0.293750 0.482031 0.356250 0.392969 0.356250
4 0.523644 0.277888 0.548952 0.236589 0.659529 0.304350 0.634221 0.345650
4 0.552489 0.232822 0.592119 0.204970 0.666690 0.311074 0.627060 0.338926
4 0.596860 0.202918 0.644292 0.193096 0.670591 0.320089 0.623159 0.329911
4 0.649458 0.193096 0.696890 0.202918 0.670591 0.329911 0.623159 0.320089
4 0.701631 0.204970 0.741261 0.232822 0.666690 0.338926 0.627060 0.311074
4 0.744798 0.236589 0.770106 0.277888 0.659529 0.345650 0.634221 0.304350
0 0.602344 0.293750 0.691406 0.293750 0.691406 0.356250 0.602344 0.356250
4 0.733019 0.277888 0.758327 0.236589 0.868904 0.304350 0.843596 0.345650
4 0.761864 0.232822 0.801494 0.204970 0.876065 0.311074 0.836435 0.338926
4 0.806235 0.202918 0.853667 0.193096 0.879966 0.320089 0.832534 0.329911
4 0.858833 0.193096 0.906265 0.202918 0.879966 0.329911 0.832534 0.320089
4 0.911006 0.204970 0.950636 0.232822 0.876065 0.338926 0.836435 0.311074
4 0.954173 0.236589 0.979481 0.277888 0.868904 0.345650 0.843596 0.304350
0 0.811719 0.293750 0.900781 0.293750 0.900781 0.356250 0.811719 0.356250
4 0.000206 0.393513 0.025515 0.352214 0.136092 0.419975 0.110783 0.461275
4 0.029052 0.348447 0.068681 0.320595 0.143252 0.426699 0.103623 0.454551
4 0.073423 0.318543 0.120854 0.308721 0.147153 0.435714 0.099722 0.445536
4 0.126021 0.308721 0.173452 0.318543 0.147153 0.445536 0.099722 0.435714
4 0.178194 0.320595 0.217823 0.348447 0.143252 0.454551 0.103623 0.426699
4 0.221360 0.352214 0.246669 0.393513 0.136092 0.461275 0.110783 0.419975
0 0.078906 0.409375 0.167969 0.409375 0.167969 0.471875 0.078906 0.471875
4 0.209581 0.393513 0.234890 0.352214 0.345467 0.419975 0.320158 0.461275
4 0.238427 0.348447 0.278056 0.320595 0.352627 0.426699 0.312998 0.454551
4 0.282798 0.318543 0.330229 0.308721 0.356528 0.435714 0.309097 0.445536
4 0.335396 0.308721 0.382827 0.318543 0.356528 0.445536 0.309097 0.435714
4 0.387569 0.320595 0.427198 0.348447 0.352627 0.454551 0.312998 0.426699
4 0.430735 0.352214 0.456044 0.393513 0.345467 0.461275 0.320158 0.419975
0 0.288281 0.409375 0.377344 0.409375 0.377344 0.471875 0.288281 0.471875
4 0.418956 0.393513 0.444265 0.352214 0.554842 0.419975 0.529533 0.461275
4 0.447802 0.348447 0.487431 0.320595 0.562002 0.426699 0.522373 0.454551
4 0.492173 0.318543 0.539604 0.308721 0.565903 0.435714 0.518472 0.445536
4 0.544771 0.308721 0.592202 0.318543 0.565903 0.445536 0.518472 0.435714
4 0.596944 0.320595 0.636573 0.348447 0.562002 0.454551 0.522373 0.426699
4 0.640110 0.352214 0.665419 0.393513 0.554842 0.461275 0.529533 0.419975
0 0.497656 0.409375 0.586719 0.409375 0.586719 0.471875 0.497656 0.471875
4 0.628331 0.393513 0.653640 0.352214 0.764217 0.419975 0.738908 0.461275
4 0.657177 0.348447 0.696806 0.320595 0.771377 0.426699 0.731748 0.454551
4 0.701548 0.318543 0.748979 0.308721 0.775278 0.435714 0.727847 0.445536
4 0.754146 0.308721 0.801577 0.318543 0.775278 0.445536 0.727847 0.435714
4 0.806319 0.320595 0.845948 0.348447 0.771377 0.454551 0.731748 0.426699
4 0.849485 0.352214 0.874794 0.393513 0.764217 0.461275 0.738908 0.419975
0 0.707031 0.409375 0.796094 0.409375 0.796094 0.471875 0.707031 0.471875
4 0.837706 0.393513 0.863015 0.352214 0.973592 0.419975 0.948283 0.461275
4 0.866552 0.348447 0.906181 0.320595 0.980752 0.426699 0.941123 0.454551
4 0.910923 0.318543 0.958354 0.308721 0.984653 0.435714 0.937222 0.445536
4 0.073506 0.436220 0.113136 0.464072 0.038565 0.570176 -0.001065 0.542324
4 0.116673 0.467839 0.141981 0.509138 0.031404 0.576900 0.006096 0.535600
4 0.104894 0.509138 0.130202 0.467839 0.240779 0.535600 0.215471 0.576900
4 0.133739 0.464072 0.173369 0.436220 0.247940 0.542324 0.208310 0.570176
4 0.178110 0.434168 0.225542 0.424346 0.251841 0.551339 0.204409 0.561161
4 0.230708 0.424346 0.278140 0.434168 0.251841 0.561161 0.204409 0.551339
4 0.282881 0.436220 0.322511 0.464072 0.247940 0.570176 0.208310 0.542324
4 0.326048 0.467839 0.351356 0.509138 0.240779 0.576900 0.215471 0.535600
0 0.183594 0.525000 0.272656 0.525000 0.272656 0.587500 0.183594 0.587500
4 0.314269 0.509138 0.339577 0.467839 0.450154 0.535600 0.424846 0.576900
4 0.343114 0.464072 0.382744 0.436220 0.457315 0.542324 0.417685 0.570176
4 0.387485 0.434168 0.434917 0.424346 0.461216 0.551339 0.413784 0.561161
4 0.440083 0.424346 0.487515 0.434168 0.461216 0.561161 0.413784 0.551339
4 0.492256 0.436220 0.531886 0.464072 0.457315 0.570176 0.417685 0.542324
4 0.535423 0.467839 0.560731 0.509138 0.450154 0.576900 0.424846 0.535600
0 0.392969 0.525000 0.482031 0.525000 0.482031 0.587500 0.392969 0.587500
4 0.523644 0.509138 0.548952 0.467839 0.659529 0.535600 0.634221 0.576900
4 0.552489 0.464072 0.592119 0.436220 0.666690 0.542324 0.627060 0.570176
4 0.596860 0.434168 0.644292 0.424346 0.670591 0.551339 0.623159 0.561161
4 0.649458 0.424346 0.696890 0.434168 0.670591 0.561161 0.623159 0.551339
4 0.701631 0.436220 0.741261 0.464072 0.666690 0.570176 0.627060 0.542324
4 0.744798 0.467839 0.770106 0.509138 0.659529 0.576900 0.634221 0.535600
0 0.602344 0.525000 0.691406 0.525000 0.691406 0.587500 0.602344 0.587500
4 0.733019 0.509138 0.758327 0.467839 0.868904 0.535600 0.843596 0.576900
4 0.761864 0.464072 0.801494 0.436220 0.876065 0.542324 0.836435 0.570176
4 0.806235 0.434168 0.853667 0.424346 0.879966 0.551339 0.832534 0.561161
4 0.858833 0.424346 0.906265 0.434168 0.879966 0.561161 0.832534 0.551339
4 0.911006 0.436220 0.950636 0.464072 0.876065 0.570176 0.836435 0.542324
4 0.954173 0.467839 0.979481 0.509138 0.868904 0.576900 0.843596 0.535600
0 0.811719 0.525000 0.900781 0.525000 0.900781 0.587500 0.811719 0.587500
4 0.000206 0.624763 0.025515 0.583464 0.136092 0.651225 0.110783 0.692525
4 0.029052 0.579697 0.068681 0.551845 0.143252 0.657949 0.103623 0.685801
4 0.073423 0.549793 0.120854 0.539971 0.147153 0.666964 0.099722 0.676786
4 0.126021 0.539971 0.173452 0.549793 0.147153 0.676786 0.099722 0.666964
4 0.178194 0.551845 0.217823 0.579697 0.143252 0.685801 0.103623 0.657949
4 0.221360 0.583464 0.246669 0.624763 0.136092 0.692525 0.110783 0.651225
0 0.078906 0.640625 0.167969 0.640625 0.167969 0.703125 0.078906 0.703125
4 0.209581 0.624763 0.234890 0.583464 0.345467 0.651225 0.320158 0.692525
4 0.238427 0.579697 0.278056 0.551845 0.352627 0.657949 0.312998 0.685801
4 0.282798 0.549793 0.330229 0.539971 0.356528 0.666964 0.309097 0.676786
4 0.335396 0.539971 0.382827 0.549793 0.356528 0.676786 0.309097 0.666964
4 0.387569 0.551845 0.427198 0.579697 0.352627 0.685801 0.312998 0.657949
4 0.430735 0.583464 0.456044 0.624763 0.345467 0.692525 0.320158 0.651225
0 0.288281 0.640625 0.377344 0.640625 0.377344 0.703125 0.288281 0.703125
4 0.418956 0.624763 0.444265 0.583464 0.554842 0.651225 0.529533 0.692525
4 0.447802 0.579697 0.487431 0.551845 0.562002 0.657949 0.522373 0.685801
4 0.492173 0.549793 0.539604 0.539971 0.565903 0.666964 0.518472 0.676786
4 0.544771 0.539971 0.592202 0.549793 0.565903 0.676786 0.518472 0.666964
4 0.596944 0.551845 0.636573 0.579697 0.562002 0.685801 0.522373 0.657949
4 0.640110 0.583464 0.665419 0.624763 0.554842 0.692525 0.529533 0.651225
0 0.497656 0.640625 0.586719 0.640625 0.586719 0.703125 0.497656 0.703125
4 0.628331 0.624763 0.653640 0.583464 0.764217 0.651225 0.738908 0.692525
4 0.657177 0.579697 0.696806 0.551845 0.771377 0.657949 0.731748 0.685801
4 0.701548 0.549793 0.748979 0.539971 0.775278 0.666964 0.727847 0.676786
4 0.754146 0.539971 0.801577 0.549793 0.775278 0.676786 0.727847 0.666964
4 0.806319 0.551845 0.845948 0.579697 0.771377 0.685801 0.731748 0.657949
4 0.849485 0.583464 0.874794 0.624763 0.764217 0.692525 0.738908 0.651225
0 0.707031 0.640625 0.796094 0.640625 0.796094 0.703125 0.707031 0.703125
4 0.837706 0.624763 0.863015 0.583464 0.973592 0.651225 0.948283 0.692525
4 0.866552 0.579697 0.906181 0.551845 0.980752 0.657949 0.941123 0.685801
4 0.910923 0.549793 0.958354 0.539971 0.984653 0.666964 0.937222 0.676786
4 0.073506 0.667470 0.113136 0.695322 0.038565 0.801426 -0.001065 0.773574
4 0.116673 0.699089 0.141981 0.740388 0.031404 0.808150 0.006096 0.766850
4 0.104894 0.740388 0.130202 0.699089 0.240779 0.766850 0.215471 0.808150
4 0.133739 0.695322 0.173369 0.667470 0.247940 0.773574 0.208310 0.801426
4 0.178110 0.665418 0.225542 0.655596 0.251841 0.782589 0.204409 0.792411
4 0.230708 0.655596 0.278140 0.665418 0.251841 0.792411 0.204409 0.782589
4 0.282881 0.667470 0.322511 0.695322 0.247940 0.801426 0.208310 0.773574
4 0.326048 0.699089 0.351356 0.740388 0.240779 0.808150 0.215471 0.766850
0 0.183594 0.756250 0.272656 0.756250 0.272656 0.818750 0.183594 0.818750
4 0.314269 0.740388 0.339577 0.699089 0.450154 0.766850 0.424846 0.808150
4 0.343114 0.695322 0.382744 0.667470 0.457315 0.773574 0.417685 0.801426
4 0.387485 0.665418 0.434917 0.655596 0.461216 0.782589 0.413784 0.792411
4 0.440083 0.655596 0.487515 0.665418 0.461216 0.792411 0.413784 0.782589
4 0.492256 0.667470 0.531886 0.695322 0.457315 0.801426 0.417685 0.773574
4 0.535423 0.699089 0.560731 0.740388 0.450154 0.808150 0.424846 0.766850
0 0.392969 0.756250 0.482031 0.756250 0.482031 0.818750 0.392969 0.818750
4 0.523644 0.740388 0.548952 0.699089 0.659529 0.766850 0.634221 0.808150
4 0.552489 0.695322 0.592119 0.667470 0.666690 0.773574 0.627060 0.801426
4 0.596860 0.665418 0.644292 0.655596 0.670591 0.782589 0.623159 0.792411
4 0.649458 0.655596 0.696890 0.665418 0.670591 0.792411 0.623159 0.782589
4 0.701631 0.667470 0.741261 0.695322 0.666690 0.801426 0.627060 0.773574
4 0.744798 0.699089 0.770106 0.740388 0.659529 0.808150 0.634221 0.766850
0 0.602344 0.756250 0.691406 0.756250 0.691406 0.818750 0.602344 0.818750
4 0.733019 0.740388 0.758327 0.699089 0.868904 0.766850 0.843596 0.808150
4 0.761864 0.695322 0.801494 0.667470 0.876065 0.773574 0.836435 0.801426
4 0.806235 0.665418 0.853667 0.655596 0.879966 0.782589 0.832534 0.792411
4 0.858833 0.655596 0.906265 0.665418 0.879966 0.792411 0.832534 0.782589
4 0.911006 0.667470 0.950636 0.695322 0.876065 0.801426 0.836435 0.773574
4 0.954173 0.699089 0.979481 0.740388 0.868904 0.808150 0.843596 0.766850
0 0.811719 0.756250 0.900781 0.756250 0.900781 0.818750 0.811719 0.818750
4 0.000206 0.856013 0.025515 0.814714 0.136092 0.882475 0.110783 0.923775
4 0.029052 0.810947 0.068681 0.783095 0.143252 0.889199 0.103623 0.917051
4 0.073423 0.781043 0.120854 0.771221 0.147153 0.898214 0.099722 0.908036
4 0.126021 0.771221 0.173452 0.781043 0.147153 0.908036 0.099722 0.898214
4 0.178194 0.783095 0.217823 0.810947 0.143252 0.917051 0.103623 0.889199
4 0.221360 0.814714 0.246669 0.856013 0.136092 0.923775 0.110783 0.882475
0 0.078906 0.871875 0.167969 0.871875 0.167969 0.934375 0.078906 0.934375
4 0.209581 0.856013 0.234890 0.814714 0.345467 0.882475 0.320158 0.923775
4 0.238427 0.810947 0.278056 0.783095 0.352627 0.889199 0.312998 0.917051
4 0.282798 0.781043 0.330229 0.771221 0.356528 0.898214 0.309097 0.908036
4 0.335396 0.771221 0.382827 0.781043 0.356528 0.908036 0.309097 0.898214
4 0.387569 0.783095 0.427198 0.810947 0.352627 0.917051 0.312998 0.889199
4 0.430735 0.814714 0.456044 0.856013 0.345467 0.923775 0.320158 0.882475
0 0.288281 0.871875 0.377344 0.871875 0.377344 0.934375 0.288281 0.934375
4 0.418956 0.856013 0.444265 0.814714 0.554842 0.882475 0.529533 0.923775
4 0.447802 0.810947 0.487431 0.783095 0.562002 0.889199 0.522373 0.917051
4 0.492173 0.781043 0.539604 0.771221 0.565903 0.898214 0.518472 0.908036
4 0.544771 0.771221 0.592202 0.781043 0.565903 0.908036 0.518472 0.898214
4 0.596944 0.783095 0.636573 0.810947 0.562002 0.917051 0.522373 0.889199
4 0.640110 0.814714 0.665419 0.856013 0.554842 0.923775 0.529533 0.882475
0 0.497656 0.871875 0.586719 0.871875 0.586719 0.934375 0.497656 0.934375
4 0.628331 0.856013 0.653640 0.814714 0.764217 0.882475 0.738908 0.923775
4 0.657177 0.810947 0.696806 0.783095 0.771377 0.889199 0.731748 0.917051
4 0.701548 0.781043 0.748979 0.771221 0.775278 0.898214 0.727847 0.908036
4 0.754146 0.771221 0.801577 0.781043 0.775278 0.908036 0.727847 0.898214
4 0.806319 0.783095 0.845948 0.810947 0.771377 0.917051 0.731748 0.889199
4 0.849485 0.814714 0.874794 0.856013 0.764217 0.923775 0.738908 0.882475
0 0.707031 0.871875 0.796094 0.871875 0.796094 0.934375 0.707031 0.934375
4 0.837706 0.856013 0.863015 0.814714 0.973592 0.882475 0.948283 0.923775
4 0.866552 0.810947 0.906181 0.783095 0.980752 0.889199 0.941123 0.917051
4 0.910923 0.781043 0.958354 0.771221 0.984653 0.898214 0.937222 0.908036