0 0.079687 0.046094 0.170313 0.046094 0.170313 0.110156 0.079687 0.110156
0 0.160938 0.042969 0.251563 0.042969 0.251563 0.107031 0.160938 0.107031
0 0.240625 0.041406 0.331250 0.041406 0.331250 0.105469 0.240625 0.105469
0 0.317188 0.046094 0.407813 0.046094 0.407813 0.110156 0.317188 0.110156
0 0.404687 0.042969 0.495312 0.042969 0.495312 0.107031 0.404687 0.107031
0 0.484375 0.049219 0.575000 0.049219 0.575000 0.113281 0.484375 0.113281
0 0.565625 0.041406 0.656250 0.041406 0.656250 0.105469 0.565625 0.105469
0 0.643750 0.042969 0.734375 0.042969 0.734375 0.107031 0.643750 0.107031
0 0.725000 0.044531 0.815625 0.044531 0.815625 0.108594 0.725000 0.108594
0 0.806250 0.042969 0.896875 0.042969 0.896875 0.107031 0.806250 0.107031
0 0.008594 0.123438 0.078906 0.123438 0.078906 0.151562 0.008594 0.151562
0 0.069531 0.120313 0.139844 0.120313 0.139844 0.148438 0.069531 0.148438
0 0.138281 0.129688 0.208594 0.129688 0.208594 0.157812 0.138281 0.157812
0 0.199219 0.121875 0.269531 0.121875 0.269531 0.150000 0.199219 0.150000
0 0.264844 0.126562 0.335156 0.126562 0.335156 0.154688 0.264844 0.154688
0 0.336719 0.121875 0.407031 0.121875 0.407031 0.150000 0.336719 0.150000
0 0.399219 0.125000 0.469531 0.125000 0.469531 0.153125 0.399219 0.153125
0 0.464844 0.125000 0.535156 0.125000 0.535156 0.153125 0.464844 0.153125
0 0.530469 0.128125 0.600781 0.128125 0.600781 0.156250 0.530469 0.156250
0 0.599219 0.123438 0.669531 0.123438 0.669531 0.151562 0.599219 0.151562
0 0.660156 0.121875 0.730469 0.121875 0.730469 0.150000 0.660156 0.150000
0 0.725781 0.123438 0.796094 0.123438 0.796094 0.151562 0.725781 0.151562
0 0.794531 0.123438 0.864844 0.123438 0.864844 0.151562 0.794531 0.151562
0 0.861719 0.123438 0.932031 0.123438 0.932031 0.151562 0.861719 0.151562
0 0.033594 0.147656 0.053906 0.147656 0.053906 0.186719 0.033594 0.186719
0 0.044531 0.150781 0.064844 0.150781 0.064844 0.189844 0.044531 0.189844
0 0.058594 0.152344 0.078906 0.152344 0.078906 0.191406 0.058594 0.191406
0 0.080469 0.152344 0.100781 0.152344 0.100781 0.191406 0.080469 0.191406
0 0.089844 0.144531 0.110156 0.144531 0.110156 0.183594 0.089844 0.183594
0 0.111719 0.146094 0.132031 0.146094 0.132031 0.185156 0.111719 0.185156
0 0.124219 0.144531 0.144531 0.144531 0.144531 0.183594 0.124219 0.183594
0 0.141406 0.147656 0.161719 0.147656 0.161719 0.186719 0.141406 0.186719
0 0.152344 0.144531 0.172656 0.144531 0.172656 0.183594 0.152344 0.183594
0 0.171094 0.147656 0.191406 0.147656 0.191406 0.186719 0.171094 0.186719
0 0.189844 0.144531 0.210156 0.144531 0.210156 0.183594 0.189844 0.183594
0 0.202344 0.146094 0.222656 0.146094 0.222656 0.185156 0.202344 0.185156
0 0.214844 0.150781 0.235156 0.150781 0.235156 0.189844 0.214844 0.189844
0 0.232031 0.147656 0.252344 0.147656 0.252344 0.186719 0.232031 0.186719
0 0.247656 0.144531 0.267969 0.144531 0.267969 0.183594 0.247656 0.183594
0 0.263281 0.152344 0.283594 0.152344 0.283594 0.191406 0.263281 0.191406
0 0.278906 0.144531 0.299219 0.144531 0.299219 0.183594 0.278906 0.183594
0 0.296094 0.149219 0.316406 0.149219 0.316406 0.188281 0.296094 0.188281
0 0.311719 0.147656 0.332031 0.147656 0.332031 0.186719 0.311719 0.186719
0 0.327344 0.150781 0.347656 0.150781 0.347656 0.189844 0.327344 0.189844
0 0.344531 0.150781 0.364844 0.150781 0.364844 0.189844 0.344531 0.189844
0 0.357031 0.146094 0.377344 0.146094 0.377344 0.185156 0.357031 0.185156
0 0.372656 0.144531 0.392969 0.144531 0.392969 0.183594 0.372656 0.183594
0 0.386719 0.142969 0.407031 0.142969 0.407031 0.182031 0.386719 0.182031
0 0.408594 0.142969 0.428906 0.142969 0.428906 0.182031 0.408594 0.182031
0 0.027344 0.196875 0.050781 0.196875 0.050781 0.212500 0.027344 0.212500
0 0.047656 0.198437 0.071094 0.198437 0.071094 0.214062 0.047656 0.214062
0 0.071094 0.189062 0.094531 0.189062 0.094531 0.204687 0.071094 0.204687
0 0.094531 0.190625 0.117969 0.190625 0.117969 0.206250 0.094531 0.206250
0 0.119531 0.190625 0.142969 0.190625 0.142969 0.206250 0.119531 0.206250
0 0.136719 0.189062 0.160156 0.189062 0.160156 0.204687 0.136719 0.204687
0 0.163281 0.190625 0.186719 0.190625 0.186719 0.206250 0.163281 0.206250
0 0.183594 0.189062 0.207031 0.189062 0.207031 0.204687 0.183594 0.204687
0 0.200781 0.196875 0.224219 0.196875 0.224219 0.212500 0.200781 0.212500
0 0.228906 0.196875 0.252344 0.196875 0.252344 0.212500 0.228906 0.212500
0 0.246094 0.189062 0.269531 0.189062 0.269531 0.204687 0.246094 0.204687
0 0.272656 0.192188 0.296094 0.192188 0.296094 0.207813 0.272656 0.207813
0 0.291406 0.198437 0.314844 0.198437 0.314844 0.214062 0.291406 0.214062
0 0.313281 0.189062 0.336719 0.189062 0.336719 0.204687 0.313281 0.204687
0 0.335156 0.192188 0.358594 0.192188 0.358594 0.207813 0.335156 0.207813
0 0.355469 0.189062 0.378906 0.189062 0.378906 0.204687 0.355469 0.204687
0 0.378906 0.192188 0.402344 0.192188 0.402344 0.207813 0.378906 0.207813
0 0.397656 0.193750 0.421094 0.193750 0.421094 0.209375 0.397656 0.209375
0 0.419531 0.196875 0.442969 0.196875 0.442969 0.212500 0.419531 0.212500
0 0.447656 0.189062 0.471094 0.189062 0.471094 0.204687 0.447656 0.204687
0 0.463281 0.193750 0.486719 0.193750 0.486719 0.209375 0.463281 0.209375
0 0.485156 0.198437 0.508594 0.198437 0.508594 0.214062 0.485156 0.214062
0 0.508594 0.190625 0.532031 0.190625 0.532031 0.206250 0.508594 0.206250
0 0.532031 0.192188 0.555469 0.192188 0.555469 0.207813 0.532031 0.207813
0 0.550781 0.195312 0.574219 0.195312 0.574219 0.210938 0.550781 0.210938
0 0.034375 0.197656 0.053125 0.197656 0.053125 0.233594 0.034375 0.233594
0 0.051562 0.199219 0.070312 0.199219 0.070312 0.235156 0.051562 0.235156
0 0.064062 0.196094 0.082812 0.196094 0.082812 0.232031 0.064062 0.232031
0 0.084375 0.200781 0.103125 0.200781 0.103125 0.236719 0.084375 0.236719
0 0.096875 0.197656 0.115625 0.197656 0.115625 0.233594 0.096875 0.233594
0 0.114062 0.194531 0.132812 0.194531 0.132812 0.230469 0.114062 0.230469
0 0.131250 0.202344 0.150000 0.202344 0.150000 0.238281 0.131250 0.238281
0 0.148438 0.199219 0.167187 0.199219 0.167187 0.235156 0.148438 0.235156
0 0.168750 0.192969 0.187500 0.192969 0.187500 0.228906 0.168750 0.228906
0 0.189062 0.192969 0.207813 0.192969 0.207813 0.228906 0.189062 0.228906
0 0.206250 0.197656 0.225000 0.197656 0.225000 0.233594 0.206250 0.233594
0 0.217188 0.197656 0.235937 0.197656 0.235937 0.233594 0.217188 0.233594
0 0.240625 0.196094 0.259375 0.196094 0.259375 0.232031 0.240625 0.232031
0 0.253125 0.196094 0.271875 0.196094 0.271875 0.232031 0.253125 0.232031
0 0.271875 0.199219 0.290625 0.199219 0.290625 0.235156 0.271875 0.235156
0 0.285938 0.196094 0.304688 0.196094 0.304688 0.232031 0.285938 0.232031
0 0.306250 0.200781 0.325000 0.200781 0.325000 0.236719 0.306250 0.236719
0 0.323437 0.194531 0.342187 0.194531 0.342187 0.230469 0.323437 0.230469
0 0.339062 0.194531 0.357812 0.194531 0.357812 0.230469 0.339062 0.230469
0 0.360938 0.200781 0.379688 0.200781 0.379688 0.236719 0.360938 0.236719
0 0.373437 0.196094 0.392188 0.196094 0.392188 0.232031 0.373437 0.232031
0 0.389062 0.194531 0.407813 0.194531 0.407813 0.230469 0.389062 0.230469
0 0.407813 0.202344 0.426563 0.202344 0.426563 0.238281 0.407813 0.238281
0 0.425000 0.197656 0.443750 0.197656 0.443750 0.233594 0.425000 0.233594
0 0.443750 0.192969 0.462500 0.192969 0.462500 0.228906 0.443750 0.228906
0 0.021094 0.212500 0.063281 0.212500 0.063281 0.290625 0.021094 0.290625
0 0.057031 0.209375 0.099219 0.209375 0.099219 0.287500 0.057031 0.287500
0 0.094531 0.207813 0.136719 0.207813 0.136719 0.285938 0.094531 0.285938
0 0.124219 0.215625 0.166406 0.215625 0.166406 0.293750 0.124219 0.293750
0 0.166406 0.215625 0.208594 0.215625 0.208594 0.293750 0.166406 0.293750
0 0.200781 0.209375 0.242969 0.209375 0.242969 0.287500 0.200781 0.287500
0 0.233594 0.206250 0.275781 0.206250 0.275781 0.284375 0.233594 0.284375
0 0.267969 0.209375 0.310156 0.209375 0.310156 0.287500 0.267969 0.287500
0 0.307031 0.210938 0.349219 0.210938 0.349219 0.289062 0.307031 0.289062
0 0.346094 0.214062 0.388281 0.214062 0.388281 0.292187 0.346094 0.292187
0 0.375781 0.212500 0.417969 0.212500 0.417969 0.290625 0.375781 0.290625
0 0.413281 0.214062 0.455469 0.214062 0.455469 0.292187 0.413281 0.292187
0 0.447656 0.210938 0.489844 0.210938 0.489844 0.289062 0.447656 0.289062
0 0.489844 0.209375 0.532031 0.209375 0.532031 0.287500 0.489844 0.287500
0 0.521094 0.214062 0.563281 0.214062 0.563281 0.292187 0.521094 0.292187
0 0.555469 0.207813 0.597656 0.207813 0.597656 0.285938 0.555469 0.285938
0 0.597656 0.209375 0.639844 0.209375 0.639844 0.287500 0.597656 0.287500
0 0.633594 0.214062 0.675781 0.214062 0.675781 0.292187 0.633594 0.292187
0 0.666406 0.207813 0.708594 0.207813 0.708594 0.285938 0.666406 0.285938
0 0.705469 0.215625 0.747656 0.215625 0.747656 0.293750 0.705469 0.293750
0 0.738281 0.206250 0.780469 0.206250 0.780469 0.284375 0.738281 0.284375
0 0.774219 0.212500 0.816406 0.212500 0.816406 0.290625 0.774219 0.290625
0 0.813281 0.207813 0.855469 0.207813 0.855469 0.285938 0.813281 0.285938
0 0.847656 0.215625 0.889844 0.215625 0.889844 0.293750 0.847656 0.293750
0 0.880469 0.214062 0.922656 0.214062 0.922656 0.292187 0.880469 0.292187