4 0.091206 0.005612 0.111819 0.035050 0.033744 0.089719 0.013131 0.060281
4 0.081931 0.035050 0.102544 0.005612 0.180619 0.060281 0.160006 0.089719
4 0.238081 0.005612 0.258694 0.035050 0.180619 0.089719 0.160006 0.060281
4 0.228806 0.035050 0.249419 0.005612 0.327494 0.060281 0.306881 0.089719
4 0.384956 0.005612 0.405569 0.035050 0.327494 0.089719 0.306881 0.060281
4 0.375681 0.035050 0.396294 0.005612 0.474369 0.060281 0.453756 0.089719
4 0.531831 0.005612 0.552444 0.035050 0.474369 0.089719 0.453756 0.060281
4 0.522556 0.035050 0.543169 0.005612 0.621244 0.060281 0.600631 0.089719
4 0.678706 0.005612 0.699319 0.035050 0.621244 0.089719 0.600631 0.060281
4 0.669431 0.035050 0.690044 0.005612 0.768119 0.060281 0.747506 0.089719
4 0.825581 0.005612 0.846194 0.035050 0.768119 0.089719 0.747506 0.060281
4 0.816306 0.035050 0.836919 0.005612 0.914994 0.060281 0.894381 0.089719
4 0.972456 0.005612 0.993069 0.035050 0.914994 0.089719 0.894381 0.060281
4 0.008493 0.119425 0.029106 0.089987 0.107181 0.144656 0.086569 0.174094
4 0.036926 0.083129 0.068803 0.066535 0.112813 0.151078 0.080937 0.167672
4 0.078906 0.064062 0.114844 0.064062 0.114844 0.159375 0.078906 0.159375
4 0.124947 0.066535 0.156824 0.083129 0.112813 0.167672 0.080937 0.151078
4 0.164644 0.089987 0.185257 0.119425 0.107181 0.174094 0.086569 0.144656
4 0.155368 0.119425 0.175981 0.089987 0.254056 0.144656 0.233444 0.174094
4 0.183801 0.083129 0.215678 0.066535 0.259688 0.151078 0.227812 0.167672
4 0.225781 0.064062 0.261719 0.064062 0.261719 0.159375 0.225781 0.159375
4 0.271822 0.066535 0.303699 0.083129 0.259688 0.167672 0.227812 0.151078
4 0.311519 0.089987 0.332132 0.119425 0.254056 0.174094 0.233444 0.144656
4 0.302243 0.119425 0.322856 0.089987 0.400931 0.144656 0.380319 0.174094
4 0.330676 0.083129 0.362553 0.066535 0.406563 0.151078 0.374687 0.167672
4 0.372656 0.064062 0.408594 0.064062 0.408594 0.159375 0.372656 0.159375
4 0.418697 0.066535 0.450574 0.083129 0.406563 0.167672 0.374687 0.151078
4 0.458394 0.089987 0.479007 0.119425 0.400931 0.174094 0.380319 0.144656
4 0.449118 0.119425 0.469731 0.089987 0.547806 0.144656 0.527194 0.174094
4 0.477551 0.083129 0.509428 0.066535 0.553438 0.151078 0.521562 0.167672
4 0.519531 0.064062 0.555469 0.064062 0.555469 0.159375 0.519531 0.159375
4 0.565572 0.066535 0.597449 0.083129 0.553438 0.167672 0.521562 0.151078
4 0.605269 0.089987 0.625882 0.119425 0.547806 0.174094 0.527194 0.144656
4 0.595993 0.119425 0.616606 0.089987 0.694681 0.144656 0.674069 0.174094
4 0.624426 0.083129 0.656303 0.066535 0.700313 0.151078 0.668437 0.167672
4 0.666406 0.064062 0.702344 0.064062 0.702344 0.159375 0.666406 0.159375
4 0.712447 0.066535 0.744324 0.083129 0.700313 0.167672 0.668437 0.151078
4 0.752144 0.089987 0.772757 0.119425 0.694681 0.174094 0.674069 0.144656
4 0.742868 0.119425 0.763481 0.089987 0.841556 0.144656 0.820944 0.174094
4 0.771301 0.083129 0.803178 0.066535 0.847188 0.151078 0.815312 0.167672
4 0.813281 0.064062 0.849219 0.064062 0.849219 0.159375 0.813281 0.159375
4 0.859322 0.066535 0.891199 0.083129 0.847188 0.167672 0.815312 0.151078
4 0.899019 0.089987 0.919632 0.119425 0.841556 0.174094 0.820944 0.144656
4 0.889743 0.119425 0.910356 0.089987 0.988431 0.144656 0.967819 0.174094
4 0.918176 0.083129 0.950053 0.066535 0.994063 0.151078 0.962187 0.167672
4 0.960156 0.064062 0.996094 0.064062 0.996094 0.159375 0.960156 0.159375
4 0.005469 0.148438 0.041406 0.148438 0.041406 0.243750 0.005469 0.243750
4 0.051509 0.150910 0.083386 0.167504 0.039376 0.252047 0.007499 0.235453
4 0.091206 0.174362 0.111819 0.203800 0.033744 0.258469 0.013131 0.229031
4 0.081931 0.203800 0.102544 0.174362 0.180619 0.229031 0.160006 0.258469
4 0.110364 0.167504 0.142241 0.150910 0.186251 0.235453 0.154374 0.252047
4 0.152344 0.148438 0.188281 0.148438 0.188281 0.243750 0.152344 0.243750
4 0.198384 0.150910 0.230261 0.167504 0.186251 0.252047 0.154374 0.235453
4 0.238081 0.174362 0.258694 0.203800 0.180619 0.258469 0.160006 0.229031
4 0.228806 0.203800 0.249419 0.174362 0.327494 0.229031 0.306881 0.258469
4 0.257239 0.167504 0.289116 0.150910 0.333126 0.235453 0.301249 0.252047
4 0.299219 0.148438 0.335156 0.148438 0.335156 0.243750 0.299219 0.243750
4 0.345259 0.150910 0.377136 0.167504 0.333126 0.252047 0.301249 0.235453
4 0.384956 0.174362 0.405569 0.203800 0.327494 0.258469 0.306881 0.229031
4 0.375681 0.203800 0.396294 0.174362 0.474369 0.229031 0.453756 0.258469
4 0.404114 0.167504 0.435991 0.150910 0.480001 0.235453 0.448124 0.252047
4 0.446094 0.148438 0.482031 0.148438 0.482031 0.243750 0.446094 0.243750
4 0.492134 0.150910 0.524011 0.167504 0.480001 0.252047 0.448124 0.235453
4 0.531831 0.174362 0.552444 0.203800 0.474369 0.258469 0.453756 0.229031
4 0.522556 0.203800 0.543169 0.174362 0.621244 0.229031 0.600631 0.258469
4 0.550989 0.167504 0.582866 0.150910 0.626876 0.235453 0.594999 0.252047
4 0.592969 0.148438 0.628906 0.148438 0.628906 0.243750 0.592969 0.243750
4 0.639009 0.150910 0.670886 0.167504 0.626876 0.252047 0.594999 0.235453
4 0.678706 0.174362 0.699319 0.203800 0.621244 0.258469 0.600631 0.229031
4 0.669431 0.203800 0.690044 0.174362 0.768119 0.229031 0.747506 0.258469
4 0.697864 0.167504 0.729741 0.150910 0.773751 0.235453 0.741874 0.252047
4 0.739844 0.148438 0.775781 0.148438 0.775781 0.243750 0.739844 0.243750
4 0.785884 0.150910 0.817761 0.167504 0.773751 0.252047 0.741874 0.235453
4 0.825581 0.174362 0.846194 0.203800 0.768119 0.258469 0.747506 0.229031
4 0.816306 0.203800 0.836919 0.174362 0.914994 0.229031 0.894381 0.258469
4 0.844739 0.167504 0.876616 0.150910 0.920626 0.235453 0.888749 0.252047
4 0.886719 0.148438 0.922656 0.148438 0.922656 0.243750 0.886719 0.243750
4 0.932759 0.150910 0.964636 0.167504 0.920626 0.252047 0.888749 0.235453
4 0.972456 0.174362 0.993069 0.203800 0.914994 0.258469 0.894381 0.229031
4 0.008493 0.288175 0.029106 0.258737 0.107181 0.313406 0.086569 0.342844
4 0.036926 0.251879 0.068803 0.235285 0.112813 0.319828 0.080937 0.336422
4 0.078906 0.232813 0.114844 0.232813 0.114844 0.328125 0.078906 0.328125
4 0.124947 0.235285 0.156824 0.251879 0.112813 0.336422 0.080937 0.319828
4 0.164644 0.258737 0.185257 0.288175 0.107181 0.342844 0.086569 0.313406
4 0.155368 0.288175 0.175981 0.258737 0.254056 0.313406 0.233444 0.342844
4 0.183801 0.251879 0.215678 0.235285 0.259688 0.319828 0.227812 0.336422
4 0.225781 0.232813 0.261719 0.232813 0.261719 0.328125 0.225781 0.328125
4 0.271822 0.235285 0.303699 0.251879 0.259688 0.336422 0.227812 0.319828
4 0.311519 0.258737 0.332132 0.288175 0.254056 0.342844 0.233444 0.313406
4 0.302243 0.288175 0.322856 0.258737 0.400931 0.313406 0.380319 0.342844
4 0.330676 0.251879 0.362553 0.235285 0.406563 0.319828 0.374687 0.336422
4 0.372656 0.232813 0.408594 0.232813 0.408594 0.328125 0.372656 0.328125
4 0.418697 0.235285 0.450574 0.251879 0.406563 0.336422 0.374687 0.319828
4 0.458394 0.258737 0.479007 0.288175 0.400931 0.342844 0.380319 0.313406
4 0.449118 0.288175 0.469731 0.258737 0.547806 0.313406 0.527194 0.342844
4 0.477551 0.251879 0.509428 0.235285 0.553438 0.319828 0.521562 0.336422
4 0.519531 0.232813 0.555469 0.232813 0.555469 0.328125 0.519531 0.328125
4 0.565572 0.235285 0.597449 0.251879 0.553438 0.336422 0.521562 0.319828
4 0.605269 0.258737 0.625882 0.288175 0.547806 0.342844 0.527194 0.313406
4 0.595993 0.288175 0.616606 0.258737 0.694681 0.313406 0.674069 0.342844
4 0.624426 0.251879 0.656303 0.235285 0.700313 0.319828 0.668437 0.336422
4 0.666406 0.232813 0.702344 0.232813 0.702344 0.328125 0.666406 0.328125
4 0.712447 0.235285 0.744324 0.251879 0.700313 0.336422 0.668437 0.319828
4 0.752144 0.258737 0.772757 0.288175 0.694681 0.342844 0.674069 0.313406
4 0.742868 0.288175 0.763481 0.258737 0.841556 0.313406 0.820944 0.342844
4 0.771301 0.251879 0.803178 0.235285 0.847188 0.319828 0.815312 0.336422
4 0.813281 0.232813 0.849219 0.232813 0.849219 0.328125 0.813281 0.328125
4 0.859322 0.235285 0.891199 0.251879 0.847188 0.336422 0.815312 0.319828
4 0.899019 0.258737 0.919632 0.288175 0.841556 0.342844 0.820944 0.313406
4 0.889743 0.288175 0.910356 0.258737 0.988431 0.313406 0.967819 0.342844
4 0.918176 0.251879 0.950053 0.235285 0.994063 0.319828 0.962187 0.336422
4 0.960156 0.232813 0.996094 0.232813 0.996094 0.328125 0.960156 0.328125
4 0.005469 0.317188 0.041406 0.317188 0.041406 0.412500 0.005469 0.412500
4 0.051509 0.319660 0.083386 0.336254 0.039376 0.420797 0.007499 0.404203
4 0.091206 0.343112 0.111819 0.372550 0.033744 0.427219 0.013131 0.397781
4 0.081931 0.372550 0.102544 0.343112 0.180619 0.397781 0.160006 0.427219
4 0.110364 0.336254 0.142241 0.319660 0.186251 0.404203 0.154374 0.420797
4 0.152344 0.317188 0.188281 0.317188 0.188281 0.412500 0.152344 0.412500
4 0.198384 0.319660 0.230261 0.336254 0.186251 0.420797 0.154374 0.404203
4 0.238081 0.343112 0.258694 0.372550 0.180619 0.427219 0.160006 0.397781
4 0.228806 0.372550 0.249419 0.343112 0.327494 0.397781 0.306881 0.427219
4 0.257239 0.336254 0.289116 0.319660 0.333126 0.404203 0.301249 0.420797
4 0.299219 0.317188 0.335156 0.317188 0.335156 0.412500 0.299219 0.412500
4 0.345259 0.319660 0.377136 0.336254 0.333126 0.420797 0.301249 0.404203
4 0.384956 0.343112 0.405569 0.372550 0.327494 0.427219 0.306881 0.397781
4 0.375681 0.372550 0.396294 0.343112 0.474369 0.397781 0.453756 0.427219
4 0.404114 0.336254 0.435991 0.319660 0.480001 0.404203 0.448124 0.420797
4 0.446094 0.317188 0.482031 0.317188 0.482031 0.412500 0.446094 0.412500
4 0.492134 0.319660 0.524011 0.336254 0.480001 0.420797 0.448124 0.404203
4 0.531831 0.343112 0.552444 0.372550 0.474369 0.427219 0.453756 0.397781
4 0.522556 0.372550 0.543169 0.343112 0.621244 0.397781 0.600631 0.427219
4 0.550989 0.336254 0.582866 0.319660 0.626876 0.404203 0.594999 0.420797
4 0.592969 0.317188 0.628906 0.317188 0.628906 0.412500 0.592969 0.412500
4 0.639009 0.319660 0.670886 0.336254 0.626876 0.420797 0.594999 0.404203
4 0.678706 0.343112 0.699319 0.372550 0.621244 0.427219 0.600631 0.397781
4 0.669431 0.372550 0.690044 0.343112 0.768119 0.397781 0.747506 0.427219
4 0.697864 0.336254 0.729741 0.319660 0.773751 0.404203 0.741874 0.420797
4 0.739844 0.317188 0.775781 0.317188 0.775781 0.412500 0.739844 0.412500
4 0.785884 0.319660 0.817761 0.336254 0.773751 0.420797 0.741874 0.404203
4 0.825581 0.343112 0.846194 0.372550 0.768119 0.427219 0.747506 0.397781
4 0.816306 0.372550 0.836919 0.343112 0.914994 0.397781 0.894381 0.427219
4 0.844739 0.336254 0.876616 0.319660 0.920626 0.404203 0.888749 0.420797
4 0.886719 0.317188 0.922656 0.317188 0.922656 0.412500 0.886719 0.412500
4 0.932759 0.319660 0.964636 0.336254 0.920626 0.420797 0.888749 0.404203
4 0.972456 0.343112 0.993069 0.372550 0.914994 0.427219 0.894381 0.397781
4 0.008493 0.456925 0.029106 0.427487 0.107181 0.482156 0.086569 0.511594
4 0.036926 0.420629 0.068803 0.404035 0.112813 0.488578 0.080937 0.505172
4 0.078906 0.401562 0.114844 0.401562 0.114844 0.496875 0.078906 0.496875
4 0.124947 0.404035 0.156824 0.420629 0.112813 0.505172 0.080937 0.488578
4 0.164644 0.427487 0.185257 0.456925 0.107181 0.511594 0.086569 0.482156
4 0.155368 0.456925 0.175981 0.427487 0.254056 0.482156 0.233444 0.511594
4 0.183801 0.420629 0.215678 0.404035 0.259688 0.488578 0.227812 0.505172
4 0.225781 0.401562 0.261719 0.401562 0.261719 0.496875 0.225781 0.496875
4 0.271822 0.404035 0.303699 0.420629 0.259688 0.505172 0.227812 0.488578
4 0.311519 0.427487 0.332132 0.456925 0.254056 0.511594 0.233444 0.482156
4 0.302243 0.456925 0.322856 0.427487 0.400931 0.482156 0.380319 0.511594
4 0.330676 0.420629 0.362553 0.404035 0.406563 0.488578 0.374687 0.505172
4 0.372656 0.401562 0.408594 0.401562 0.408594 0.496875 0.372656 0.496875
4 0.418697 0.404035 0.450574 0.420629 0.406563 0.505172 0.374687 0.488578
4 0.458394 0.427487 0.479007 0.456925 0.400931 0.511594 0.380319 0.482156
4 0.449118 0.456925 0.469731 0.427487 0.547806 0.482156 0.527194 0.511594
4 0.477551 0.420629 0.509428 0.404035 0.553438 0.488578 0.521562 0.505172
4 0.519531 0.401562 0.555469 0.401562 0.555469 0.496875 0.519531 0.496875
4 0.565572 0.404035 0.597449 0.420629 0.553438 0.505172 0.521562 0.488578
4 0.605269 0.427487 0.625882 0.456925 0.547806 0.511594 0.527194 0.482156
4 0.595993 0.456925 0.616606 0.427487 0.694681 0.482156 0.674069 0.511594
4 0.624426 0.420629 0.656303 0.404035 0.700313 0.488578 0.668437 0.505172
4 0.666406 0.401562 0.702344 0.401562 0.702344 0.496875 0.666406 0.496875
4 0.712447 0.404035 0.744324 0.420629 0.700313 0.505172 0.668437 0.488578
4 0.752144 0.427487 0.772757 0.456925 0.694681 0.511594 0.674069 0.482156
4 0.742868 0.456925 0.763481 0.427487 0.841556 0.482156 0.820944 0.511594
4 0.771301 0.420629 0.803178 0.404035 0.847188 0.488578 0.815312 0.505172
4 0.813281 0.401562 0.849219 0.401562 0.849219 0.496875 0.813281 0.496875
4 0.859322 0.404035 0.891199 0.420629 0.847188 0.505172 0.815312 0.488578
4 0.899019 0.427487 0.919632 0.456925 0.841556 0.511594 0.820944 0.482156
4 0.889743 0.456925 0.910356 0.427487 0.988431 0.482156 0.967819 0.511594
4 0.918176 0.420629 0.950053 0.404035 0.994063 0.488578 0.962187 0.505172
4 0.960156 0.401562 0.996094 0.401562 0.996094 0.496875 0.960156 0.496875
4 0.005469 0.485938 0.041406 0.485938 0.041406 0.581250 0.005469 0.581250
4 0.051509 0.488410 0.083386 0.505004 0.039376 0.589547 0.007499 0.572953
4 0.091206 0.511862 0.111819 0.541300 0.033744 0.595969 0.013131 0.566531
4 0.081931 0.541300 0.102544 0.511862 0.180619 0.566531 0.160006 0.595969
4 0.110364 0.505004 0.142241 0.488410 0.186251 0.572953 0.154374 0.589547
4 0.152344 0.485938 0.188281 0.485938 0.188281 0.581250 0.152344 0.581250
4 0.198384 0.488410 0.230261 0.505004 0.186251 0.589547 0.154374 0.572953
4 0.238081 0.511862 0.258694 0.541300 0.180619 0.595969 0.160006 0.566531
4 0.228806 0.541300 0.249419 0.511862 0.327494 0.566531 0.306881 0.595969
4 0.257239 0.505004 0.289116 0.488410 0.333126 0.572953 0.301249 0.589547
4 0.299219 0.485938 0.335156 0.485938 0.335156 0.581250 0.299219 0.581250
4 0.345259 0.488410 0.377136 0.505004 0.333126 0.589547 0.301249 0.572953
4 0.384956 0.511862 0.405569 0.541300 0.327494 0.595969 0.306881 0.566531
4 0.375681 0.541300 0.396294 0.511862 0.474369 0.566531 0.453756 0.595969
4 0.404114 0.505004 0.435991 0.488410 0.480001 0.572953 0.448124 0.589547
4 0.446094 0.485938 0.482031 0.485938 0.482031 0.581250 0.446094 0.581250
4 0.492134 0.488410 0.524011 0.505004 0.480001 0.589547 0.448124 0.572953
4 0.531831 0.511862 0.552444 0.541300 0.474369 0.595969 0.453756 0.566531
4 0.522556 0.541300 0.543169 0.511862 0.621244 0.566531 0.600631 0.595969
4 0.550989 0.505004 0.582866 0.488410 0.626876 0.572953 0.594999 0.589547
4 0.592969 0.485938 0.628906 0.485938 0.628906 0.581250 0.592969 0.581250
4 0.639009 0.488410 0.670886 0.505004 0.626876 0.589547 0.594999 0.572953
4 0.678706 0.511862 0.699319 0.541300 0.621244 0.595969 0.600631 0.566531
4 0.669431 0.541300 0.690044 0.511862 0.768119 0.566531 0.747506 0.595969
4 0.697864 0.505004 0.729741 0.488410 0.773751 0.572953 0.741874 0.589547
4 0.739844 0.485938 0.775781 0.485938 0.775781 0.581250 0.739844 0.581250
4 0.785884 0.488410 0.817761 0.505004 0.773751 0.589547 0.741874 0.572953
4 0.825581 0.511862 0.846194 0.541300 0.768119 0.595969 0.747506 0.566531
4 0.816306 0.541300 0.836919 0.511862 0.914994 0.566531 0.894381 0.595969
4 0.844739 0.505004 0.876616 0.488410 0.920626 0.572953 0.888749 0.589547
4 0.886719 0.485938 0.922656 0.485938 0.922656 0.581250 0.886719 0.581250
4 0.932759 0.488410 0.964636 0.505004 0.920626 0.589547 0.888749 0.572953
4 0.972456 0.511862 0.993069 0.541300 0.914994 0.595969 0.894381 0.566531
4 0.008493 0.625675 0.029106 0.596237 0.107181 0.650906 0.086569 0.680344
4 0.036926 0.589379 0.068803 0.572785 0.112813 0.657328 0.080937 0.673922
4 0.078906 0.570312 0.114844 0.570312 0.114844 0.665625 0.078906 0.665625
4 0.124947 0.572785 0.156824 0.589379 0.112813 0.673922 0.080937 0.657328
4 0.164644 0.596237 0.185257 0.625675 0.107181 0.680344 0.086569 0.650906
4 0.155368 0.625675 0.175981 0.596237 0.254056 0.650906 0.233444 0.680344
4 0.183801 0.589379 0.215678 0.572785 0.259688 0.657328 0.227812 0.673922
4 0.225781 0.570312 0.261719 0.570312 0.261719 0.665625 0.225781 0.665625
4 0.271822 0.572785 0.303699 0.589379 0.259688 0.673922 0.227812 0.657328
4 0.311519 0.596237 0.332132 0.625675 0.254056 0.680344 0.233444 0.650906
4 0.302243 0.625675 0.322856 0.596237 0.400931 0.650906 0.380319 0.680344
4 0.330676 0.589379 0.362553 0.572785 0.406563 0.657328 0.374687 0.673922
4 0.372656 0.570312 0.408594 0.570312 0.408594 0.665625 0.372656 0.665625
4 0.418697 0.572785 0.450574 0.589379 0.406563 0.673922 0.374687 0.657328
4 0.458394 0.596237 0.479007 0.625675 0.400931 0.680344 0.380319 0.650906
4 0.449118 0.625675 0.469731 0.596237 0.547806 0.650906 0.527194 0.680344
4 0.477551 0.589379 0.509428 0.572785 0.553438 0.657328 0.521562 0.673922
4 0.519531 0.570312 0.555469 0.570312 0.555469 0.665625 0.519531 0.665625
4 0.565572 0.572785 0.597449 0.589379 0.553438 0.673922 0.521562 0.657328
4 0.605269 0.596237 0.625882 0.625675 0.547806 0.680344 0.527194 0.650906
4 0.595993 0.625675 0.616606 0.596237 0.694681 0.650906 0.674069 0.680344
4 0.624426 0.589379 0.656303 0.572785 0.700313 0.657328 0.668437 0.673922
4 0.666406 0.570312 0.702344 0.570312 0.702344 0.665625 0.666406 0.665625
4 0.712447 0.572785 0.744324 0.589379 0.700313 0.673922 0.668437 0.657328
4 0.752144 0.596237 0.772757 0.625675 0.694681 0.680344 0.674069 0.650906
4 0.742868 0.625675 0.763481 0.596237 0.841556 0.650906 0.820944 0.680344
4 0.771301 0.589379 0.803178 0.572785 0.847188 0.657328 0.815312 0.673922
4 0.813281 0.570312 0.849219 0.570312 0.849219 0.665625 0.813281 0.665625
4 0.859322 0.572785 0.891199 0.589379 0.847188 0.673922 0.815312 0.657328
4 0.899019 0.596237 0.919632 0.625675 0.841556 0.680344 0.820944 0.650906
4 0.889743 0.625675 0.910356 0.596237 0.988431 0.650906 0.967819 0.680344
4 0.918176 0.589379 0.950053 0.572785 0.994063 0.657328 0.962187 0.673922
4 0.960156 0.570312 0.996094 0.570312 0.996094 0.665625 0.960156 0.665625
4 0.005469 0.654687 0.041406 0.654687 0.041406 0.750000 0.005469 0.750000
4 0.051509 0.657160 0.083386 0.673754 0.039376 0.758297 0.007499 0.741703
4 0.091206 0.680612 0.111819 0.710050 0.033744 0.764719 0.013131 0.735281
4 0.081931 0.710050 0.102544 0.680612 0.180619 0.735281 0.160006 0.764719
4 0.110364 0.673754 0.142241 0.657160 0.186251 0.741703 0.154374 0.758297
4 0.152344 0.654687 0.188281 0.654687 0.188281 0.750000 0.152344 0.750000
4 0.198384 0.657160 0.230261 0.673754 0.186251 0.758297 0.154374 0.741703
4 0.238081 0.680612 0.258694 0.710050 0.180619 0.764719 0.160006 0.735281
4 0.228806 0.710050 0.249419 0.680612 0.327494 0.735281 0.306881 0.764719
4 0.257239 0.673754 0.289116 0.657160 0.333126 0.741703 0.301249 0.758297
4 0.299219 0.654687 0.335156 0.654687 0.335156 0.750000 0.299219 0.750000
4 0.345259 0.657160 0.377136 0.673754 0.333126 0.758297 0.301249 0.741703
4 0.384956 0.680612 0.405569 0.710050 0.327494 0.764719 0.306881 0.735281
4 0.375681 0.710050 0.396294 0.680612 0.474369 0.735281 0.453756 0.764719
4 0.404114 0.673754 0.435991 0.657160 0.480001 0.741703 0.448124 0.758297
4 0.446094 0.654687 0.482031 0.654687 0.482031 0.750000 0.446094 0.750000
4 0.492134 0.657160 0.524011 0.673754 0.480001 0.758297 0.448124 0.741703
4 0.531831 0.680612 0.552444 0.710050 0.474369 0.764719 0.453756 0.735281
4 0.522556 0.710050 0.543169 0.680612 0.621244 0.735281 0.600631 0.764719
4 0.550989 0.673754 0.582866 0.657160 0.626876 0.741703 0.594999 0.758297
4 0.592969 0.654687 0.628906 0.654687 0.628906 0.750000 0.592969 0.750000
4 0.639009 0.657160 0.670886 0.673754 0.626876 0.758297 0.594999 0.741703
4 0.678706 0.680612 0.699319 0.710050 0.621244 0.764719 0.600631 0.735281
4 0.669431 0.710050 0.690044 0.680612 0.768119 0.735281 0.747506 0.764719
4 0.697864 0.673754 0.729741 0.657160 0.773751 0.741703 0.741874 0.758297
4 0.739844 0.654687 0.775781 0.654687 0.775781 0.750000 0.739844 0.750000
4 0.785884 0.657160 0.817761 0.673754 0.773751 0.758297 0.741874 0.741703
4 0.825581 0.680612 0.846194 0.710050 0.768119 0.764719 0.747506 0.735281
4 0.816306 0.710050 0.836919 0.680612 0.914994 0.735281 0.894381 0.764719
4 0.844739 0.673754 0.876616 0.657160 0.920626 0.741703 0.888749 0.758297
4 0.886719 0.654687 0.922656 0.654687 0.922656 0.750000 0.886719 0.750000
4 0.932759 0.657160 0.964636 0.673754 0.920626 0.758297 0.888749 0.741703
4 0.972456 0.680612 0.993069 0.710050 0.914994 0.764719 0.894381 0.735281
4 0.008493 0.794425 0.029106 0.764987 0.107181 0.819656 0.086569 0.849094
4 0.036926 0.758129 0.068803 0.741535 0.112813 0.826078 0.080937 0.842672
4 0.078906 0.739062 0.114844 0.739062 0.114844 0.834375 0.078906 0.834375
4 0.124947 0.741535 0.156824 0.758129 0.112813 0.842672 0.080937 0.826078
4 0.164644 0.764987 0.185257 0.794425 0.107181 0.849094 0.086569 0.819656
4 0.155368 0.794425 0.175981 0.764987 0.254056 0.819656 0.233444 0.849094
4 0.183801 0.758129 0.215678 0.741535 0.259688 0.826078 0.227812 0.842672
4 0.225781 0.739062 0.261719 0.739062 0.261719 0.834375 0.225781 0.834375
4 0.271822 0.741535 0.303699 0.758129 0.259688 0.842672 0.227812 0.826078
4 0.311519 0.764987 0.332132 0.794425 0.254056 0.849094 0.233444 0.819656
4 0.302243 0.794425 0.322856 0.764987 0.400931 0.819656 0.380319 0.849094
4 0.330676 0.758129 0.362553 0.741535 0.406563 0.826078 0.374687 0.842672
4 0.372656 0.739062 0.408594 0.739062 0.408594 0.834375 0.372656 0.834375
4 0.418697 0.741535 0.450574 0.758129 0.406563 0.842672 0.374687 0.826078
4 0.458394 0.764987 0.479007 0.794425 0.400931 0.849094 0.380319 0.819656
4 0.449118 0.794425 0.469731 0.764987 0.547806 0.819656 0.527194 0.849094
4 0.477551 0.758129 0.509428 0.741535 0.553438 0.826078 0.521562 0.842672
4 0.519531 0.739062 0.555469 0.739062 0.555469 0.834375 0.519531 0.834375
4 0.565572 0.741535 0.597449 0.758129 0.553438 0.842672 0.521562 0.826078
4 0.605269 0.764987 0.625882 0.794425 0.547806 0.849094 0.527194 0.819656
4 0.595993 0.794425 0.616606 0.764987 0.694681 0.819656 0.674069 0.849094
4 0.624426 0.758129 0.656303 0.741535 0.700313 0.826078 0.668437 0.842672
4 0.666406 0.739062 0.702344 0.739062 0.702344 0.834375 0.666406 0.834375
4 0.712447 0.741535 0.744324 0.758129 0.700313 0.842672 0.668437 0.826078
4 0.752144 0.764987 0.772757 0.794425 0.694681 0.849094 0.674069 0.819656
4 0.742868 0.794425 0.763481 0.764987 0.841556 0.819656 0.820944 0.849094
4 0.771301 0.758129 0.803178 0.741535 0.847188 0.826078 0.815312 0.842672
4 0.813281 0.739062 0.849219 0.739062 0.849219 0.834375 0.813281 0.834375
4 0.859322 0.741535 0.891199 0.758129 0.847188 0.842672 0.815312 0.826078
4 0.899019 0.764987 0.919632 0.794425 0.841556 0.849094 0.820944 0.819656
4 0.889743 0.794425 0.910356 0.764987 0.988431 0.819656 0.967819 0.849094
4 0.918176 0.758129 0.950053 0.741535 0.994063 0.826078 0.962187 0.842672
4 0.960156 0.739062 0.996094 0.739062 0.996094 0.834375 0.960156 0.834375