3 0.041022 0.049656 0.046962 0.044582 0.056095 0.055276 0.050155 0.060349
3 0.043778 0.046603 0.050898 0.043388 0.056685 0.056205 0.049565 0.059420
3 0.047276 0.044441 0.055011 0.043340 0.056992 0.057262 0.049258 0.058363
3 0.051239 0.043340 0.058974 0.044441 0.056992 0.058363 0.049258 0.057262
3 0.055352 0.043388 0.062472 0.046603 0.056685 0.059420 0.049565 0.056205
3 0.059288 0.044582 0.065228 0.049656 0.056095 0.060349 0.050155 0.055276
3 0.119147 0.049656 0.125087 0.044582 0.134220 0.055276 0.128280 0.060349
3 0.121903 0.046603 0.129023 0.043388 0.134810 0.056205 0.127690 0.059420
3 0.125401 0.044441 0.133136 0.043340 0.135117 0.057262 0.127383 0.058363
3 0.129364 0.043340 0.137099 0.044441 0.135117 0.058363 0.127383 0.057262
3 0.133477 0.043388 0.140597 0.046603 0.134810 0.059420 0.127690 0.056205
3 0.137413 0.044582 0.143353 0.049656 0.134220 0.060349 0.128280 0.055276
0 0.050000 0.025781 0.212500 0.025781 0.212500 0.089844 0.050000 0.089844
3 0.197272 0.049656 0.203212 0.044582 0.212345 0.055276 0.206405 0.060349
3 0.200028 0.046603 0.207148 0.043388 0.212935 0.056205 0.205815 0.059420
3 0.203526 0.044441 0.211261 0.043340 0.213242 0.057262 0.205508 0.058363
3 0.207489 0.043340 0.215224 0.044441 0.213242 0.058363 0.205508 0.057262
3 0.211602 0.043388 0.218722 0.046603 0.212935 0.059420 0.205815 0.056205
3 0.215538 0.044582 0.221478 0.049656 0.212345 0.060349 0.206405 0.055276
0 0.128125 0.025781 0.290625 0.025781 0.290625 0.089844 0.128125 0.089844
3 0.275397 0.049656 0.281337 0.044582 0.290470 0.055276 0.284530 0.060349
3 0.278153 0.046603 0.285273 0.043388 0.291060 0.056205 0.283940 0.059420
3 0.281651 0.044441 0.289386 0.043340 0.291367 0.057262 0.283633 0.058363
3 0.285614 0.043340 0.293349 0.044441 0.291367 0.058363 0.283633 0.057262
3 0.289727 0.043388 0.296847 0.046603 0.291060 0.059420 0.283940 0.056205
3 0.293663 0.044582 0.299603 0.049656 0.290470 0.060349 0.284530 0.055276
0 0.206250 0.025781 0.368750 0.025781 0.368750 0.089844 0.206250 0.089844
3 0.353522 0.049656 0.359462 0.044582 0.368595 0.055276 0.362655 0.060349
3 0.356278 0.046603 0.363398 0.043388 0.369185 0.056205 0.362065 0.059420
3 0.359776 0.044441 0.367511 0.043340 0.369492 0.057262 0.361758 0.058363
3 0.363739 0.043340 0.371474 0.044441 0.369492 0.058363 0.361758 0.057262
3 0.367852 0.043388 0.374972 0.046603 0.369185 0.059420 0.362065 0.056205
3 0.371788 0.044582 0.377728 0.049656 0.368595 0.060349 0.362655 0.055276
0 0.284375 0.025781 0.446875 0.025781 0.446875 0.089844 0.284375 0.089844
3 0.431647 0.049656 0.437587 0.044582 0.446720 0.055276 0.440780 0.060349
3 0.434403 0.046603 0.441523 0.043388 0.447310 0.056205 0.440190 0.059420
3 0.437901 0.044441 0.445636 0.043340 0.447617 0.057262 0.439883 0.058363
3 0.441864 0.043340 0.449599 0.044441 0.447617 0.058363 0.439883 0.057262
3 0.445977 0.043388 0.453097 0.046603 0.447310 0.059420 0.440190 0.056205
3 0.449913 0.044582 0.455853 0.049656 0.446720 0.060349 0.440780 0.055276
0 0.362500 0.025781 0.525000 0.025781 0.525000 0.089844 0.362500 0.089844
3 0.509772 0.049656 0.515712 0.044582 0.524845 0.055276 0.518905 0.060349
3 0.512528 0.046603 0.519648 0.043388 0.525435 0.056205 0.518315 0.059420
3 0.516026 0.044441 0.523761 0.043340 0.525742 0.057262 0.518008 0.058363
3 0.519989 0.043340 0.527724 0.044441 0.525742 0.058363 0.518008 0.057262
3 0.524102 0.043388 0.531222 0.046603 0.525435 0.059420 0.518315 0.056205
3 0.528038 0.044582 0.533978 0.049656 0.524845 0.060349 0.518905 0.055276
0 0.440625 0.025781 0.603125 0.025781 0.603125 0.089844 0.440625 0.089844
3 0.587897 0.049656 0.593837 0.044582 0.602970 0.055276 0.597030 0.060349
3 0.590653 0.046603 0.597773 0.043388 0.603560 0.056205 0.596440 0.059420
3 0.594151 0.044441 0.601886 0.043340 0.603867 0.057262 0.596133 0.058363
3 0.598114 0.043340 0.605849 0.044441 0.603867 0.058363 0.596133 0.057262
3 0.602227 0.043388 0.609347 0.046603 0.603560 0.059420 0.596440 0.056205
3 0.606163 0.044582 0.612103 0.049656 0.602970 0.060349 0.597030 0.055276
0 0.518750 0.025781 0.681250 0.025781 0.681250 0.089844 0.518750 0.089844
3 0.666022 0.049656 0.671962 0.044582 0.681095 0.055276 0.675155 0.060349
3 0.668778 0.046603 0.675898 0.043388 0.681685 0.056205 0.674565 0.059420
3 0.672276 0.044441 0.680011 0.043340 0.681992 0.057262 0.674258 0.058363
3 0.676239 0.043340 0.683974 0.044441 0.681992 0.058363 0.674258 0.057262
3 0.680352 0.043388 0.687472 0.046603 0.681685 0.059420 0.674565 0.056205
3 0.684288 0.044582 0.690228 0.049656 0.681095 0.060349 0.675155 0.055276
0 0.596875 0.025781 0.759375 0.025781 0.759375 0.089844 0.596875 0.089844
3 0.744147 0.049656 0.750087 0.044582 0.759220 0.055276 0.753280 0.060349
3 0.746903 0.046603 0.754023 0.043388 0.759810 0.056205 0.752690 0.059420
3 0.750401 0.044441 0.758136 0.043340 0.760117 0.057262 0.752383 0.058363
3 0.754364 0.043340 0.762099 0.044441 0.760117 0.058363 0.752383 0.057262
3 0.758477 0.043388 0.765597 0.046603 0.759810 0.059420 0.752690 0.056205
3 0.762413 0.044582 0.768353 0.049656 0.759220 0.060349 0.753280 0.055276
0 0.675000 0.025781 0.837500 0.025781 0.837500 0.089844 0.675000 0.089844
3 0.822272 0.049656 0.828212 0.044582 0.837345 0.055276 0.831405 0.060349
3 0.825028 0.046603 0.832148 0.043388 0.837935 0.056205 0.830815 0.059420
3 0.828526 0.044441 0.836261 0.043340 0.838242 0.057262 0.830508 0.058363
3 0.832489 0.043340 0.840224 0.044441 0.838242 0.058363 0.830508 0.057262
3 0.836602 0.043388 0.843722 0.046603 0.837935 0.059420 0.830815 0.056205
3 0.840538 0.044582 0.846478 0.049656 0.837345 0.060349 0.831405 0.055276
0 0.753125 0.025781 0.915625 0.025781 0.915625 0.089844 0.753125 0.089844
3 0.900397 0.049656 0.906337 0.044582 0.915470 0.055276 0.909530 0.060349
3 0.903153 0.046603 0.910273 0.043388 0.916060 0.056205 0.908940 0.059420
3 0.906651 0.044441 0.914386 0.043340 0.916367 0.057262 0.908633 0.058363
3 0.910614 0.043340 0.918349 0.044441 0.916367 0.058363 0.908633 0.057262
3 0.914727 0.043388 0.921847 0.046603 0.916060 0.059420 0.908940 0.056205
3 0.918663 0.044582 0.924603 0.049656 0.915470 0.060349 0.909530 0.055276
0 0.831250 0.025781 0.993750 0.025781 0.993750 0.089844 0.831250 0.089844
3 0.080084 0.127781 0.086025 0.122707 0.095158 0.133401 0.089217 0.138474
3 0.082840 0.124728 0.089961 0.121513 0.095748 0.134330 0.088627 0.137545
3 0.086339 0.122566 0.094073 0.121465 0.096055 0.135387 0.088320 0.136488
3 0.090302 0.121465 0.098036 0.122566 0.096055 0.136488 0.088320 0.135387
3 0.094414 0.121513 0.101535 0.124728 0.095748 0.137545 0.088627 0.134330
3 0.098350 0.122707 0.104291 0.127781 0.095158 0.138474 0.089217 0.133401
0 0.010937 0.103906 0.173437 0.103906 0.173437 0.167969 0.010937 0.167969
3 0.158209 0.127781 0.164150 0.122707 0.173283 0.133401 0.167342 0.138474
3 0.160965 0.124728 0.168086 0.121513 0.173873 0.134330 0.166752 0.137545
3 0.164464 0.122566 0.172198 0.121465 0.174180 0.135387 0.166445 0.136488
3 0.168427 0.121465 0.176161 0.122566 0.174180 0.136488 0.166445 0.135387
3 0.172539 0.121513 0.179660 0.124728 0.173873 0.137545 0.166752 0.134330
3 0.176475 0.122707 0.182416 0.127781 0.173283 0.138474 0.167342 0.133401
0 0.089063 0.103906 0.251563 0.103906 0.251563 0.167969 0.089063 0.167969
3 0.236334 0.127781 0.242275 0.122707 0.251408 0.133401 0.245467 0.138474
3 0.239090 0.124728 0.246211 0.121513 0.251998 0.134330 0.244877 0.137545
3 0.242589 0.122566 0.250323 0.121465 0.252305 0.135387 0.244570 0.136488
3 0.246552 0.121465 0.254286 0.122566 0.252305 0.136488 0.244570 0.135387
3 0.250664 0.121513 0.257785 0.124728 0.251998 0.137545 0.244877 0.134330
3 0.254600 0.122707 0.260541 0.127781 0.251408 0.138474 0.245467 0.133401
0 0.167187 0.103906 0.329688 0.103906 0.329688 0.167969 0.167187 0.167969
3 0.314459 0.127781 0.320400 0.122707 0.329533 0.133401 0.323592 0.138474
3 0.317215 0.124728 0.324336 0.121513 0.330123 0.134330 0.323002 0.137545
3 0.320714 0.122566 0.328448 0.121465 0.330430 0.135387 0.322695 0.136488
3 0.324677 0.121465 0.332411 0.122566 0.330430 0.136488 0.322695 0.135387
3 0.328789 0.121513 0.335910 0.124728 0.330123 0.137545 0.323002 0.134330
3 0.332725 0.122707 0.338666 0.127781 0.329533 0.138474 0.323592 0.133401
0 0.245312 0.103906 0.407813 0.103906 0.407813 0.167969 0.245312 0.167969
3 0.392584 0.127781 0.398525 0.122707 0.407658 0.133401 0.401717 0.138474
3 0.395340 0.124728 0.402461 0.121513 0.408248 0.134330 0.401127 0.137545
3 0.398839 0.122566 0.406573 0.121465 0.408555 0.135387 0.400820 0.136488
3 0.402802 0.121465 0.410536 0.122566 0.408555 0.136488 0.400820 0.135387
3 0.406914 0.121513 0.414035 0.124728 0.408248 0.137545 0.401127 0.134330
3 0.410850 0.122707 0.416791 0.127781 0.407658 0.138474 0.401717 0.133401
0 0.323437 0.103906 0.485938 0.103906 0.485938 0.167969 0.323437 0.167969
3 0.470709 0.127781 0.476650 0.122707 0.485783 0.133401 0.479842 0.138474
3 0.473465 0.124728 0.480586 0.121513 0.486373 0.134330 0.479252 0.137545
3 0.476964 0.122566 0.484698 0.121465 0.486680 0.135387 0.478945 0.136488
3 0.480927 0.121465 0.488661 0.122566 0.486680 0.136488 0.478945 0.135387
3 0.485039 0.121513 0.492160 0.124728 0.486373 0.137545 0.479252 0.134330
3 0.488975 0.122707 0.494916 0.127781 0.485783 0.138474 0.479842 0.133401
0 0.401562 0.103906 0.564063 0.103906 0.564063 0.167969 0.401562 0.167969
3 0.548834 0.127781 0.554775 0.122707 0.563908 0.133401 0.557967 0.138474
3 0.551590 0.124728 0.558711 0.121513 0.564498 0.134330 0.557377 0.137545
3 0.555089 0.122566 0.562823 0.121465 0.564805 0.135387 0.557070 0.136488
3 0.559052 0.121465 0.566786 0.122566 0.564805 0.136488 0.557070 0.135387
3 0.563164 0.121513 0.570285 0.124728 0.564498 0.137545 0.557377 0.134330
3 0.567100 0.122707 0.573041 0.127781 0.563908 0.138474 0.557967 0.133401
0 0.479687 0.103906 0.642188 0.103906 0.642188 0.167969 0.479687 0.167969
3 0.626959 0.127781 0.632900 0.122707 0.642033 0.133401 0.636092 0.138474
3 0.629715 0.124728 0.636836 0.121513 0.642623 0.134330 0.635502 0.137545
3 0.633214 0.122566 0.640948 0.121465 0.642930 0.135387 0.635195 0.136488
3 0.637177 0.121465 0.644911 0.122566 0.642930 0.136488 0.635195 0.135387
3 0.641289 0.121513 0.648410 0.124728 0.642623 0.137545 0.635502 0.134330
3 0.645225 0.122707 0.651166 0.127781 0.642033 0.138474 0.636092 0.133401
0 0.557813 0.103906 0.720313 0.103906 0.720313 0.167969 0.557813 0.167969
3 0.705084 0.127781 0.711025 0.122707 0.720158 0.133401 0.714217 0.138474
3 0.707840 0.124728 0.714961 0.121513 0.720748 0.134330 0.713627 0.137545
3 0.711339 0.122566 0.719073 0.121465 0.721055 0.135387 0.713320 0.136488
3 0.715302 0.121465 0.723036 0.122566 0.721055 0.136488 0.713320 0.135387
3 0.719414 0.121513 0.726535 0.124728 0.720748 0.137545 0.713627 0.134330
3 0.723350 0.122707 0.729291 0.127781 0.720158 0.138474 0.714217 0.133401
0 0.635938 0.103906 0.798438 0.103906 0.798438 0.167969 0.635938 0.167969
3 0.783209 0.127781 0.789150 0.122707 0.798283 0.133401 0.792342 0.138474
3 0.785965 0.124728 0.793086 0.121513 0.798873 0.134330 0.791752 0.137545
3 0.789464 0.122566 0.797198 0.121465 0.799180 0.135387 0.791445 0.136488
3 0.793427 0.121465 0.801161 0.122566 0.799180 0.136488 0.791445 0.135387
3 0.797539 0.121513 0.804660 0.124728 0.798873 0.137545 0.791752 0.134330
3 0.801475 0.122707 0.807416 0.127781 0.798283 0.138474 0.792342 0.133401
0 0.714063 0.103906 0.876563 0.103906 0.876563 0.167969 0.714063 0.167969
3 0.861334 0.127781 0.867275 0.122707 0.876408 0.133401 0.870467 0.138474
3 0.864090 0.124728 0.871211 0.121513 0.876998 0.134330 0.869877 0.137545
3 0.867589 0.122566 0.875323 0.121465 0.877305 0.135387 0.869570 0.136488
3 0.871552 0.121465 0.879286 0.122566 0.877305 0.136488 0.869570 0.135387
3 0.875664 0.121513 0.882785 0.124728 0.876998 0.137545 0.869877 0.134330
3 0.879600 0.122707 0.885541 0.127781 0.876408 0.138474 0.870467 0.133401
0 0.792188 0.103906 0.954688 0.103906 0.954688 0.167969 0.792188 0.167969
3 0.939459 0.127781 0.945400 0.122707 0.954533 0.133401 0.948592 0.138474
3 0.942215 0.124728 0.949336 0.121513 0.955123 0.134330 0.948002 0.137545
3 0.945714 0.122566 0.953448 0.121465 0.955430 0.135387 0.947695 0.136488
3 0.949677 0.121465 0.957411 0.122566 0.955430 0.136488 0.947695 0.135387
3 0.953789 0.121513 0.960910 0.124728 0.955123 0.137545 0.948002 0.134330
3 0.957725 0.122707 0.963666 0.127781 0.954533 0.138474 0.948592 0.133401
3 0.041022 0.205906 0.046962 0.200832 0.056095 0.211526 0.050155 0.216599
3 0.043778 0.202853 0.050898 0.199638 0.056685 0.212455 0.049565 0.215670
3 0.047276 0.200691 0.055011 0.199590 0.056992 0.213512 0.049258 0.214613
3 0.051239 0.199590 0.058974 0.200691 0.056992 0.214613 0.049258 0.213512
3 0.055352 0.199638 0.062472 0.202853 0.056685 0.215670 0.049565 0.212455
3 0.059288 0.200832 0.065228 0.205906 0.056095 0.216599 0.050155 0.211526
3 0.119147 0.205906 0.125087 0.200832 0.134220 0.211526 0.128280 0.216599
3 0.121903 0.202853 0.129023 0.199638 0.134810 0.212455 0.127690 0.215670
3 0.125401 0.200691 0.133136 0.199590 0.135117 0.213512 0.127383 0.214613
3 0.129364 0.199590 0.137099 0.200691 0.135117 0.214613 0.127383 0.213512
3 0.133477 0.199638 0.140597 0.202853 0.134810 0.215670 0.127690 0.212455
3 0.137413 0.200832 0.143353 0.205906 0.134220 0.216599 0.128280 0.211526
0 0.050000 0.182031 0.212500 0.182031 0.212500 0.246094 0.050000 0.246094
3 0.197272 0.205906 0.203212 0.200832 0.212345 0.211526 0.206405 0.216599
3 0.200028 0.202853 0.207148 0.199638 0.212935 0.212455 0.205815 0.215670
3 0.203526 0.200691 0.211261 0.199590 0.213242 0.213512 0.205508 0.214613
3 0.207489 0.199590 0.215224 0.200691 0.213242 0.214613 0.205508 0.213512
3 0.211602 0.199638 0.218722 0.202853 0.212935 0.215670 0.205815 0.212455
3 0.215538 0.200832 0.221478 0.205906 0.212345 0.216599 0.206405 0.211526
0 0.128125 0.182031 0.290625 0.182031 0.290625 0.246094 0.128125 0.246094
3 0.275397 0.205906 0.281337 0.200832 0.290470 0.211526 0.284530 0.216599
3 0.278153 0.202853 0.285273 0.199638 0.291060 0.212455 0.283940 0.215670
3 0.281651 0.200691 0.289386 0.199590 0.291367 0.213512 0.283633 0.214613
3 0.285614 0.199590 0.293349 0.200691 0.291367 0.214613 0.283633 0.213512
3 0.289727 0.199638 0.296847 0.202853 0.291060 0.215670 0.283940 0.212455
3 0.293663 0.200832 0.299603 0.205906 0.290470 0.216599 0.284530 0.211526
0 0.206250 0.182031 0.368750 0.182031 0.368750 0.246094 0.206250 0.246094
3 0.353522 0.205906 0.359462 0.200832 0.368595 0.211526 0.362655 0.216599
3 0.356278 0.202853 0.363398 0.199638 0.369185 0.212455 0.362065 0.215670
3 0.359776 0.200691 0.367511 0.199590 0.369492 0.213512 0.361758 0.214613
3 0.363739 0.199590 0.371474 0.200691 0.369492 0.214613 0.361758 0.213512
3 0.367852 0.199638 0.374972 0.202853 0.369185 0.215670 0.362065 0.212455
3 0.371788 0.200832 0.377728 0.205906 0.368595 0.216599 0.362655 0.211526
0 0.284375 0.182031 0.446875 0.182031 0.446875 0.246094 0.284375 0.246094
3 0.431647 0.205906 0.437587 0.200832 0.446720 0.211526 0.440780 0.216599
3 0.434403 0.202853 0.441523 0.199638 0.447310 0.212455 0.440190 0.215670
3 0.437901 0.200691 0.445636 0.199590 0.447617 0.213512 0.439883 0.214613
3 0.441864 0.199590 0.449599 0.200691 0.447617 0.214613 0.439883 0.213512
3 0.445977 0.199638 0.453097 0.202853 0.447310 0.215670 0.440190 0.212455
3 0.449913 0.200832 0.455853 0.205906 0.446720 0.216599 0.440780 0.211526
0 0.362500 0.182031 0.525000 0.182031 0.525000 0.246094 0.362500 0.246094
3 0.509772 0.205906 0.515712 0.200832 0.524845 0.211526 0.518905 0.216599
3 0.512528 0.202853 0.519648 0.199638 0.525435 0.212455 0.518315 0.215670
3 0.516026 0.200691 0.523761 0.199590 0.525742 0.213512 0.518008 0.214613
3 0.519989 0.199590 0.527724 0.200691 0.525742 0.214613 0.518008 0.213512
3 0.524102 0.199638 0.531222 0.202853 0.525435 0.215670 0.518315 0.212455
3 0.528038 0.200832 0.533978 0.205906 0.524845 0.216599 0.518905 0.211526
0 0.440625 0.182031 0.603125 0.182031 0.603125 0.246094 0.440625 0.246094
3 0.587897 0.205906 0.593837 0.200832 0.602970 0.211526 0.597030 0.216599
3 0.590653 0.202853 0.597773 0.199638 0.603560 0.212455 0.596440 0.215670
3 0.594151 0.200691 0.601886 0.199590 0.603867 0.213512 0.596133 0.214613
3 0.598114 0.199590 0.605849 0.200691 0.603867 0.214613 0.596133 0.213512
3 0.602227 0.199638 0.609347 0.202853 0.603560 0.215670 0.596440 0.212455
3 0.606163 0.200832 0.612103 0.205906 0.602970 0.216599 0.597030 0.211526
0 0.518750 0.182031 0.681250 0.182031 0.681250 0.246094 0.518750 0.246094
3 0.666022 0.205906 0.671962 0.200832 0.681095 0.211526 0.675155 0.216599
3 0.668778 0.202853 0.675898 0.199638 0.681685 0.212455 0.674565 0.215670
3 0.672276 0.200691 0.680011 0.199590 0.681992 0.213512 0.674258 0.214613
3 0.676239 0.199590 0.683974 0.200691 0.681992 0.214613 0.674258 0.213512
3 0.680352 0.199638 0.687472 0.202853 0.681685 0.215670 0.674565 0.212455
3 0.684288 0.200832 0.690228 0.205906 0.681095 0.216599 0.675155 0.211526
0 0.596875 0.182031 0.759375 0.182031 0.759375 0.246094 0.596875 0.246094
3 0.744147 0.205906 0.750087 0.200832 0.759220 0.211526 0.753280 0.216599
3 0.746903 0.202853 0.754023 0.199638 0.759810 0.212455 0.752690 0.215670
3 0.750401 0.200691 0.758136 0.199590 0.760117 0.213512 0.752383 0.214613
3 0.754364 0.199590 0.762099 0.200691 0.760117 0.214613 0.752383 0.213512
3 0.758477 0.199638 0.765597 0.202853 0.759810 0.215670 0.752690 0.212455
3 0.762413 0.200832 0.768353 0.205906 0.759220 0.216599 0.753280 0.211526
0 0.675000 0.182031 0.837500 0.182031 0.837500 0.246094 0.675000 0.246094
3 0.822272 0.205906 0.828212 0.200832 0.837345 0.211526 0.831405 0.216599
3 0.825028 0.202853 0.832148 0.199638 0.837935 0.212455 0.830815 0.215670
3 0.828526 0.200691 0.836261 0.199590 0.838242 0.213512 0.830508 0.214613
3 0.832489 0.199590 0.840224 0.200691 0.838242 0.214613 0.830508 0.213512
3 0.836602 0.199638 0.843722 0.202853 0.837935 0.215670 0.830815 0.212455
3 0.840538 0.200832 0.846478 0.205906 0.837345 0.216599 0.831405 0.211526
0 0.753125 0.182031 0.915625 0.182031 0.915625 0.246094 0.753125 0.246094
3 0.900397 0.205906 0.906337 0.200832 0.915470 0.211526 0.909530 0.216599
3 0.903153 0.202853 0.910273 0.199638 0.916060 0.212455 0.908940 0.215670
3 0.906651 0.200691 0.914386 0.199590 0.916367 0.213512 0.908633 0.214613
3 0.910614 0.199590 0.918349 0.200691 0.916367 0.214613 0.908633 0.213512
3 0.914727 0.199638 0.921847 0.202853 0.916060 0.215670 0.908940 0.212455
3 0.918663 0.200832 0.924603 0.205906 0.915470 0.216599 0.909530 0.211526
0 0.831250 0.182031 0.993750 0.182031 0.993750 0.246094 0.831250 0.246094
3 0.080084 0.284031 0.086025 0.278957 0.095158 0.289651 0.089217 0.294724
3 0.082840 0.280978 0.089961 0.277763 0.095748 0.290580 0.088627 0.293795
3 0.086339 0.278816 0.094073 0.277715 0.096055 0.291637 0.088320 0.292738
3 0.090302 0.277715 0.098036 0.278816 0.096055 0.292738 0.088320 0.291637
3 0.094414 0.277763 0.101535 0.280978 0.095748 0.293795 0.088627 0.290580
3 0.098350 0.278957 0.104291 0.284031 0.095158 0.294724 0.089217 0.289651
0 0.010937 0.260156 0.173437 0.260156 0.173437 0.324219 0.010937 0.324219
3 0.158209 0.284031 0.164150 0.278957 0.173283 0.289651 0.167342 0.294724
3 0.160965 0.280978 0.168086 0.277763 0.173873 0.290580 0.166752 0.293795
3 0.164464 0.278816 0.172198 0.277715 0.174180 0.291637 0.166445 0.292738
3 0.168427 0.277715 0.176161 0.278816 0.174180 0.292738 0.166445 0.291637
3 0.172539 0.277763 0.179660 0.280978 0.173873 0.293795 0.166752 0.290580
3 0.176475 0.278957 0.182416 0.284031 0.173283 0.294724 0.167342 0.289651
0 0.089063 0.260156 0.251563 0.260156 0.251563 0.324219 0.089063 0.324219
3 0.236334 0.284031 0.242275 0.278957 0.251408 0.289651 0.245467 0.294724
3 0.239090 0.280978 0.246211 0.277763 0.251998 0.290580 0.244877 0.293795
3 0.242589 0.278816 0.250323 0.277715 0.252305 0.291637 0.244570 0.292738
3 0.246552 0.277715 0.254286 0.278816 0.252305 0.292738 0.244570 0.291637
3 0.250664 0.277763 0.257785 0.280978 0.251998 0.293795 0.244877 0.290580
3 0.254600 0.278957 0.260541 0.284031 0.251408 0.294724 0.245467 0.289651
0 0.167187 0.260156 0.329688 0.260156 0.329688 0.324219 0.167187 0.324219
3 0.314459 0.284031 0.320400 0.278957 0.329533 0.289651 0.323592 0.294724
3 0.317215 0.280978 0.324336 0.277763 0.330123 0.290580 0.323002 0.293795
3 0.320714 0.278816 0.328448 0.277715 0.330430 0.291637 0.322695 0.292738
3 0.324677 0.277715 0.332411 0.278816 0.330430 0.292738 0.322695 0.291637
3 0.328789 0.277763 0.335910 0.280978 0.330123 0.293795 0.323002 0.290580
3 0.332725 0.278957 0.338666 0.284031 0.329533 0.294724 0.323592 0.289651
0 0.245312 0.260156 0.407813 0.260156 0.407813 0.324219 0.245312 0.324219
3 0.392584 0.284031 0.398525 0.278957 0.407658 0.289651 0.401717 0.294724
3 0.395340 0.280978 0.402461 0.277763 0.408248 0.290580 0.401127 0.293795
3 0.398839 0.278816 0.406573 0.277715 0.408555 0.291637 0.400820 0.292738
3 0.402802 0.277715 0.410536 0.278816 0.408555 0.292738 0.400820 0.291637
3 0.406914 0.277763 0.414035 0.280978 0.408248 0.293795 0.401127 0.290580
3 0.410850 0.278957 0.416791 0.284031 0.407658 0.294724 0.401717 0.289651
0 0.323437 0.260156 0.485938 0.260156 0.485938 0.324219 0.323437 0.324219
3 0.470709 0.284031 0.476650 0.278957 0.485783 0.289651 0.479842 0.294724
3 0.473465 0.280978 0.480586 0.277763 0.486373 0.290580 0.479252 0.293795
3 0.476964 0.278816 0.484698 0.277715 0.486680 0.291637 0.478945 0.292738
3 0.480927 0.277715 0.488661 0.278816 0.486680 0.292738 0.478945 0.291637
3 0.485039 0.277763 0.492160 0.280978 0.486373 0.293795 0.479252 0.290580
3 0.488975 0.278957 0.494916 0.284031 0.485783 0.294724 0.479842 0.289651
0 0.401562 0.260156 0.564063 0.260156 0.564063 0.324219 0.401562 0.324219
3 0.548834 0.284031 0.554775 0.278957 0.563908 0.289651 0.557967 0.294724
3 0.551590 0.280978 0.558711 0.277763 0.564498 0.290580 0.557377 0.293795
3 0.555089 0.278816 0.562823 0.277715 0.564805 0.291637 0.557070 0.292738
3 0.559052 0.277715 0.566786 0.278816 0.564805 0.292738 0.557070 0.291637
3 0.563164 0.277763 0.570285 0.280978 0.564498 0.293795 0.557377 0.290580
3 0.567100 0.278957 0.573041 0.284031 0.563908 0.294724 0.557967 0.289651
0 0.479687 0.260156 0.642188 0.260156 0.642188 0.324219 0.479687 0.324219
3 0.626959 0.284031 0.632900 0.278957 0.642033 0.289651 0.636092 0.294724
3 0.629715 0.280978 0.636836 0.277763 0.642623 0.290580 0.635502 0.293795
3 0.633214 0.278816 0.640948 0.277715 0.642930 0.291637 0.635195 0.292738
3 0.637177 0.277715 0.644911 0.278816 0.642930 0.292738 0.635195 0.291637
3 0.641289 0.277763 0.648410 0.280978 0.642623 0.293795 0.635502 0.290580
3 0.645225 0.278957 0.651166 0.284031 0.642033 0.294724 0.636092 0.289651
0 0.557813 0.260156 0.720313 0.260156 0.720313 0.324219 0.557813 0.324219
3 0.705084 0.284031 0.711025 0.278957 0.720158 0.289651 0.714217 0.294724
3 0.707840 0.280978 0.714961 0.277763 0.720748 0.290580 0.713627 0.293795
3 0.711339 0.278816 0.719073 0.277715 0.721055 0.291637 0.713320 0.292738
3 0.715302 0.277715 0.723036 0.278816 0.721055 0.292738 0.713320 0.291637
3 0.719414 0.277763 0.726535 0.280978 0.720748 0.293795 0.713627 0.290580
3 0.723350 0.278957 0.729291 0.284031 0.720158 0.294724 0.714217 0.289651
0 0.635938 0.260156 0.798438 0.260156 0.798438 0.324219 0.635938 0.324219
3 0.783209 0.284031 0.789150 0.278957 0.798283 0.289651 0.792342 0.294724
3 0.785965 0.280978 0.793086 0.277763 0.798873 0.290580 0.791752 0.293795
3 0.789464 0.278816 0.797198 0.277715 0.799180 0.291637 0.791445 0.292738
3 0.793427 0.277715 0.801161 0.278816 0.799180 0.292738 0.791445 0.291637
3 0.797539 0.277763 0.804660 0.280978 0.798873 0.293795 0.791752 0.290580
3 0.801475 0.278957 0.807416 0.284031 0.798283 0.294724 0.792342 0.289651
0 0.714063 0.260156 0.876563 0.260156 0.876563 0.324219 0.714063 0.324219
3 0.861334 0.284031 0.867275 0.278957 0.876408 0.289651 0.870467 0.294724
3 0.864090 0.280978 0.871211 0.277763 0.876998 0.290580 0.869877 0.293795
3 0.867589 0.278816 0.875323 0.277715 0.877305 0.291637 0.869570 0.292738
3 0.871552 0.277715 0.879286 0.278816 0.877305 0.292738 0.869570 0.291637
3 0.875664 0.277763 0.882785 0.280978 0.876998 0.293795 0.869877 0.290580
3 0.879600 0.278957 0.885541 0.284031 0.876408 0.294724 0.870467 0.289651
0 0.792188 0.260156 0.954688 0.260156 0.954688 0.324219 0.792188 0.324219
3 0.939459 0.284031 0.945400 0.278957 0.954533 0.289651 0.948592 0.294724
3 0.942215 0.280978 0.949336 0.277763 0.955123 0.290580 0.948002 0.293795
3 0.945714 0.278816 0.953448 0.277715 0.955430 0.291637 0.947695 0.292738
3 0.949677 0.277715 0.957411 0.278816 0.955430 0.292738 0.947695 0.291637
3 0.953789 0.277763 0.960910 0.280978 0.955123 0.293795 0.948002 0.290580
3 0.957725 0.278957 0.963666 0.284031 0.954533 0.294724 0.948592 0.289651
3 0.041022 0.362156 0.046962 0.357082 0.056095 0.367776 0.050155 0.372849
3 0.043778 0.359103 0.050898 0.355888 0.056685 0.368705 0.049565 0.371920
3 0.047276 0.356941 0.055011 0.355840 0.056992 0.369762 0.049258 0.370863
3 0.051239 0.355840 0.058974 0.356941 0.056992 0.370863 0.049258 0.369762
3 0.055352 0.355888 0.062472 0.359103 0.056685 0.371920 0.049565 0.368705
3 0.059288 0.357082 0.065228 0.362156 0.056095 0.372849 0.050155 0.367776
3 0.119147 0.362156 0.125087 0.357082 0.134220 0.367776 0.128280 0.372849
3 0.121903 0.359103 0.129023 0.355888 0.134810 0.368705 0.127690 0.371920
3 0.125401 0.356941 0.133136 0.355840 0.135117 0.369762 0.127383 0.370863
3 0.129364 0.355840 0.137099 0.356941 0.135117 0.370863 0.127383 0.369762
3 0.133477 0.355888 0.140597 0.359103 0.134810 0.371920 0.127690 0.368705
3 0.137413 0.357082 0.143353 0.362156 0.134220 0.372849 0.128280 0.367776
0 0.050000 0.338281 0.212500 0.338281 0.212500 0.402344 0.050000 0.402344
3 0.197272 0.362156 0.203212 0.357082 0.212345 0.367776 0.206405 0.372849
3 0.200028 0.359103 0.207148 0.355888 0.212935 0.368705 0.205815 0.371920
3 0.203526 0.356941 0.211261 0.355840 0.213242 0.369762 0.205508 0.370863
3 0.207489 0.355840 0.215224 0.356941 0.213242 0.370863 0.205508 0.369762
3 0.211602 0.355888 0.218722 0.359103 0.212935 0.371920 0.205815 0.368705
3 0.215538 0.357082 0.221478 0.362156 0.212345 0.372849 0.206405 0.367776
0 0.128125 0.338281 0.290625 0.338281 0.290625 0.402344 0.128125 0.402344
3 0.275397 0.362156 0.281337 0.357082 0.290470 0.367776 0.284530 0.372849
3 0.278153 0.359103 0.285273 0.355888 0.291060 0.368705 0.283940 0.371920
3 0.281651 0.356941 0.289386 0.355840 0.291367 0.369762 0.283633 0.370863
3 0.285614 0.355840 0.293349 0.356941 0.291367 0.370863 0.283633 0.369762
3 0.289727 0.355888 0.296847 0.359103 0.291060 0.371920 0.283940 0.368705
3 0.293663 0.357082 0.299603 0.362156 0.290470 0.372849 0.284530 0.367776
0 0.206250 0.338281 0.368750 0.338281 0.368750 0.402344 0.206250 0.402344
3 0.353522 0.362156 0.359462 0.357082 0.368595 0.367776 0.362655 0.372849
3 0.356278 0.359103 0.363398 0.355888 0.369185 0.368705 0.362065 0.371920
3 0.359776 0.356941 0.367511 0.355840 0.369492 0.369762 0.361758 0.370863
3 0.363739 0.355840 0.371474 0.356941 0.369492 0.370863 0.361758 0.369762
3 0.367852 0.355888 0.374972 0.359103 0.369185 0.371920 0.362065 0.368705
3 0.371788 0.357082 0.377728 0.362156 0.368595 0.372849 0.362655 0.367776
0 0.284375 0.338281 0.446875 0.338281 0.446875 0.402344 0.284375 0.402344
3 0.431647 0.362156 0.437587 0.357082 0.446720 0.367776 0.440780 0.372849
3 0.434403 0.359103 0.441523 0.355888 0.447310 0.368705 0.440190 0.371920
3 0.437901 0.356941 0.445636 0.355840 0.447617 0.369762 0.439883 0.370863
3 0.441864 0.355840 0.449599 0.356941 0.447617 0.370863 0.439883 0.369762
3 0.445977 0.355888 0.453097 0.359103 0.447310 0.371920 0.440190 0.368705
3 0.449913 0.357082 0.455853 0.362156 0.446720 0.372849 0.440780 0.367776
0 0.362500 0.338281 0.525000 0.338281 0.525000 0.402344 0.362500 0.402344
3 0.509772 0.362156 0.515712 0.357082 0.524845 0.367776 0.518905 0.372849
3 0.512528 0.359103 0.519648 0.355888 0.525435 0.368705 0.518315 0.371920
3 0.516026 0.356941 0.523761 0.355840 0.525742 0.369762 0.518008 0.370863
3 0.519989 0.355840 0.527724 0.356941 0.525742 0.370863 0.518008 0.369762
3 0.524102 0.355888 0.531222 0.359103 0.525435 0.371920 0.518315 0.368705
3 0.528038 0.357082 0.533978 0.362156 0.524845 0.372849 0.518905 0.367776
0 0.440625 0.338281 0.603125 0.338281 0.603125 0.402344 0.440625 0.402344
3 0.587897 0.362156 0.593837 0.357082 0.602970 0.367776 0.597030 0.372849
3 0.590653 0.359103 0.597773 0.355888 0.603560 0.368705 0.596440 0.371920
3 0.594151 0.356941 0.601886 0.355840 0.603867 0.369762 0.596133 0.370863
3 0.598114 0.355840 0.605849 0.356941 0.603867 0.370863 0.596133 0.369762
3 0.602227 0.355888 0.609347 0.359103 0.603560 0.371920 0.596440 0.368705
3 0.606163 0.357082 0.612103 0.362156 0.602970 0.372849 0.597030 0.367776
0 0.518750 0.338281 0.681250 0.338281 0.681250 0.402344 0.518750 0.402344
3 0.666022 0.362156 0.671962 0.357082 0.681095 0.367776 0.675155 0.372849
3 0.668778 0.359103 0.675898 0.355888 0.681685 0.368705 0.674565 0.371920
3 0.672276 0.356941 0.680011 0.355840 0.681992 0.369762 0.674258 0.370863
3 0.676239 0.355840 0.683974 0.356941 0.681992 0.370863 0.674258 0.369762
3 0.680352 0.355888 0.687472 0.359103 0.681685 0.371920 0.674565 0.368705
3 0.684288 0.357082 0.690228 0.362156 0.681095 0.372849 0.675155 0.367776
0 0.596875 0.338281 0.759375 0.338281 0.759375 0.402344 0.596875 0.402344
3 0.744147 0.362156 0.750087 0.357082 0.759220 0.367776 0.753280 0.372849
3 0.746903 0.359103 0.754023 0.355888 0.759810 0.368705 0.752690 0.371920
3 0.750401 0.356941 0.758136 0.355840 0.760117 0.369762 0.752383 0.370863
3 0.754364 0.355840 0.762099 0.356941 0.760117 0.370863 0.752383 0.369762
3 0.758477 0.355888 0.765597 0.359103 0.759810 0.371920 0.752690 0.368705
3 0.762413 0.357082 0.768353 0.362156 0.759220 0.372849 0.753280 0.367776
0 0.675000 0.338281 0.837500 0.338281 0.837500 0.402344 0.675000 0.402344
3 0.822272 0.362156 0.828212 0.357082 0.837345 0.367776 0.831405 0.372849
3 0.825028 0.359103 0.832148 0.355888 0.837935 0.368705 0.830815 0.371920
3 0.828526 0.356941 0.836261 0.355840 0.838242 0.369762 0.830508 0.370863
3 0.832489 0.355840 0.840224 0.356941 0.838242 0.370863 0.830508 0.369762
3 0.836602 0.355888 0.843722 0.359103 0.837935 0.371920 0.830815 0.368705
3 0.840538 0.357082 0.846478 0.362156 0.837345 0.372849 0.831405 0.367776
0 0.753125 0.338281 0.915625 0.338281 0.915625 0.402344 0.753125 0.402344
3 0.900397 0.362156 0.906337 0.357082 0.915470 0.367776 0.909530 0.372849
3 0.903153 0.359103 0.910273 0.355888 0.916060 0.368705 0.908940 0.371920
3 0.906651 0.356941 0.914386 0.355840 0.916367 0.369762 0.908633 0.370863
3 0.910614 0.355840 0.918349 0.356941 0.916367 0.370863 0.908633 0.369762
3 0.914727 0.355888 0.921847 0.359103 0.916060 0.371920 0.908940 0.368705
3 0.918663 0.357082 0.924603 0.362156 0.915470 0.372849 0.909530 0.367776
0 0.831250 0.338281 0.993750 0.338281 0.993750 0.402344 0.831250 0.402344
3 0.080084 0.440281 0.086025 0.435207 0.095158 0.445901 0.089217 0.450974
3 0.082840 0.437228 0.089961 0.434013 0.095748 0.446830 0.088627 0.450045
3 0.086339 0.435066 0.094073 0.433965 0.096055 0.447887 0.088320 0.448988
3 0.090302 0.433965 0.098036 0.435066 0.096055 0.448988 0.088320 0.447887
3 0.094414 0.434013 0.101535 0.437228 0.095748 0.450045 0.088627 0.446830
3 0.098350 0.435207 0.104291 0.440281 0.095158 0.450974 0.089217 0.445901
0 0.010937 0.416406 0.173437 0.416406 0.173437 0.480469 0.010937 0.480469
3 0.158209 0.440281 0.164150 0.435207 0.173283 0.445901 0.167342 0.450974
3 0.160965 0.437228 0.168086 0.434013 0.173873 0.446830 0.166752 0.450045
3 0.164464 0.435066 0.172198 0.433965 0.174180 0.447887 0.166445 0.448988
3 0.168427 0.433965 0.176161 0.435066 0.174180 0.448988 0.166445 0.447887
3 0.172539 0.434013 0.179660 0.437228 0.173873 0.450045 0.166752 0.446830
3 0.176475 0.435207 0.182416 0.440281 0.173283 0.450974 0.167342 0.445901
0 0.089063 0.416406 0.251563 0.416406 0.251563 0.480469 0.089063 0.480469
3 0.236334 0.440281 0.242275 0.435207 0.251408 0.445901 0.245467 0.450974
3 0.239090 0.437228 0.246211 0.434013 0.251998 0.446830 0.244877 0.450045
3 0.242589 0.435066 0.250323 0.433965 0.252305 0.447887 0.244570 0.448988
3 0.246552 0.433965 0.254286 0.435066 0.252305 0.448988 0.244570 0.447887
3 0.250664 0.434013 0.257785 0.437228 0.251998 0.450045 0.244877 0.446830
3 0.254600 0.435207 0.260541 0.440281 0.251408 0.450974 0.245467 0.445901
0 0.167187 0.416406 0.329688 0.416406 0.329688 0.480469 0.167187 0.480469
3 0.314459 0.440281 0.320400 0.435207 0.329533 0.445901 0.323592 0.450974
3 0.317215 0.437228 0.324336 0.434013 0.330123 0.446830 0.323002 0.450045
3 0.320714 0.435066 0.328448 0.433965 0.330430 0.447887 0.322695 0.448988
3 0.324677 0.433965 0.332411 0.435066 0.330430 0.448988 0.322695 0.447887
3 0.328789 0.434013 0.335910 0.437228 0.330123 0.450045 0.323002 0.446830
3 0.332725 0.435207 0.338666 0.440281 0.329533 0.450974 0.323592 0.445901
0 0.245312 0.416406 0.407813 0.416406 0.407813 0.480469 0.245312 0.480469
3 0.392584 0.440281 0.398525 0.435207 0.407658 0.445901 0.401717 0.450974
3 0.395340 0.437228 0.402461 0.434013 0.408248 0.446830 0.401127 0.450045
3 0.398839 0.435066 0.406573 0.433965 0.408555 0.447887 0.400820 0.448988
3 0.402802 0.433965 0.410536 0.435066 0.408555 0.448988 0.400820 0.447887
3 0.406914 0.434013 0.414035 0.437228 0.408248 0.450045 0.401127 0.446830
3 0.410850 0.435207 0.416791 0.440281 0.407658 0.450974 0.401717 0.445901
0 0.323437 0.416406 0.485938 0.416406 0.485938 0.480469 0.323437 0.480469
3 0.470709 0.440281 0.476650 0.435207 0.485783 0.445901 0.479842 0.450974
3 0.473465 0.437228 0.480586 0.434013 0.486373 0.446830 0.479252 0.450045
3 0.476964 0.435066 0.484698 0.433965 0.486680 0.447887 0.478945 0.448988
3 0.480927 0.433965 0.488661 0.435066 0.486680 0.448988 0.478945 0.447887
3 0.485039 0.434013 0.492160 0.437228 0.486373 0.450045 0.479252 0.446830
3 0.488975 0.435207 0.494916 0.440281 0.485783 0.450974 0.479842 0.445901
0 0.401562 0.416406 0.564063 0.416406 0.564063 0.480469 0.401562 0.480469
3 0.548834 0.440281 0.554775 0.435207 0.563908 0.445901 0.557967 0.450974
3 0.551590 0.437228 0.558711 0.434013 0.564498 0.446830 0.557377 0.450045
3 0.555089 0.435066 0.562823 0.433965 0.564805 0.447887 0.557070 0.448988
3 0.559052 0.433965 0.566786 0.435066 0.564805 0.448988 0.557070 0.447887
3 0.563164 0.434013 0.570285 0.437228 0.564498 0.450045 0.557377 0.446830
3 0.567100 0.435207 0.573041 0.440281 0.563908 0.450974 0.557967 0.445901
0 0.479687 0.416406 0.642188 0.416406 0.642188 0.480469 0.479687 0.480469
3 0.626959 0.440281 0.632900 0.435207 0.642033 0.445901 0.636092 0.450974
3 0.629715 0.437228 0.636836 0.434013 0.642623 0.446830 0.635502 0.450045
3 0.633214 0.435066 0.640948 0.433965 0.642930 0.447887 0.635195 0.448988
3 0.637177 0.433965 0.644911 0.435066 0.642930 0.448988 0.635195 0.447887
3 0.641289 0.434013 0.648410 0.437228 0.642623 0.450045 0.635502 0.446830
3 0.645225 0.435207 0.651166 0.440281 0.642033 0.450974 0.636092 0.445901
0 0.557813 0.416406 0.720313 0.416406 0.720313 0.480469 0.557813 0.480469
3 0.705084 0.440281 0.711025 0.435207 0.720158 0.445901 0.714217 0.450974
3 0.707840 0.437228 0.714961 0.434013 0.720748 0.446830 0.713627 0.450045
3 0.711339 0.435066 0.719073 0.433965 0.721055 0.447887 0.713320 0.448988
3 0.715302 0.433965 0.723036 0.435066 0.721055 0.448988 0.713320 0.447887
3 0.719414 0.434013 0.726535 0.437228 0.720748 0.450045 0.713627 0.446830
3 0.723350 0.435207 0.729291 0.440281 0.720158 0.450974 0.714217 0.445901
0 0.635938 0.416406 0.798438 0.416406 0.798438 0.480469 0.635938 0.480469
3 0.783209 0.440281 0.789150 0.435207 0.798283 0.445901 0.792342 0.450974
3 0.785965 0.437228 0.793086 0.434013 0.798873 0.446830 0.791752 0.450045
3 0.789464 0.435066 0.797198 0.433965 0.799180 0.447887 0.791445 0.448988
3 0.793427 0.433965 0.801161 0.435066 0.799180 0.448988 0.791445 0.447887
3 0.797539 0.434013 0.804660 0.437228 0.798873 0.450045 0.791752 0.446830
3 0.801475 0.435207 0.807416 0.440281 0.798283 0.450974 0.792342 0.445901
0 0.714063 0.416406 0.876563 0.416406 0.876563 0.480469 0.714063 0.480469
3 0.861334 0.440281 0.867275 0.435207 0.876408 0.445901 0.870467 0.450974
3 0.864090 0.437228 0.871211 0.434013 0.876998 0.446830 0.869877 0.450045
3 0.867589 0.435066 0.875323 0.433965 0.877305 0.447887 0.869570 0.448988
3 0.871552 0.433965 0.879286 0.435066 0.877305 0.448988 0.869570 0.447887
3 0.875664 0.434013 0.882785 0.437228 0.876998 0.450045 0.869877 0.446830
3 0.879600 0.435207 0.885541 0.440281 0.876408 0.450974 0.870467 0.445901
0 0.792188 0.416406 0.954688 0.416406 0.954688 0.480469 0.792188 0.480469
3 0.939459 0.440281 0.945400 0.435207 0.954533 0.445901 0.948592 0.450974
3 0.942215 0.437228 0.949336 0.434013 0.955123 0.446830 0.948002 0.450045
3 0.945714 0.435066 0.953448 0.433965 0.955430 0.447887 0.947695 0.448988
3 0.949677 0.433965 0.957411 0.435066 0.955430 0.448988 0.947695 0.447887
3 0.953789 0.434013 0.960910 0.437228 0.955123 0.450045 0.948002 0.446830
3 0.957725 0.435207 0.963666 0.440281 0.954533 0.450974 0.948592 0.445901
3 0.041022 0.518406 0.046962 0.513332 0.056095 0.524026 0.050155 0.529099
3 0.043778 0.515353 0.050898 0.512138 0.056685 0.524955 0.049565 0.528170
3 0.047276 0.513191 0.055011 0.512090 0.056992 0.526012 0.049258 0.527113
3 0.051239 0.512090 0.058974 0.513191 0.056992 0.527113 0.049258 0.526012
3 0.055352 0.512138 0.062472 0.515353 0.056685 0.528170 0.049565 0.524955
3 0.059288 0.513332 0.065228 0.518406 0.056095 0.529099 0.050155 0.524026
3 0.119147 0.518406 0.125087 0.513332 0.134220 0.524026 0.128280 0.529099
3 0.121903 0.515353 0.129023 0.512138 0.134810 0.524955 0.127690 0.528170
3 0.125401 0.513191 0.133136 0.512090 0.135117 0.526012 0.127383 0.527113
3 0.129364 0.512090 0.137099 0.513191 0.135117 0.527113 0.127383 0.526012
3 0.133477 0.512138 0.140597 0.515353 0.134810 0.528170 0.127690 0.524955
3 0.137413 0.513332 0.143353 0.518406 0.134220 0.529099 0.128280 0.524026
0 0.050000 0.494531 0.212500 0.494531 0.212500 0.558594 0.050000 0.558594
3 0.197272 0.518406 0.203212 0.513332 0.212345 0.524026 0.206405 0.529099
3 0.200028 0.515353 0.207148 0.512138 0.212935 0.524955 0.205815 0.528170
3 0.203526 0.513191 0.211261 0.512090 0.213242 0.526012 0.205508 0.527113
3 0.207489 0.512090 0.215224 0.513191 0.213242 0.527113 0.205508 0.526012
3 0.211602 0.512138 0.218722 0.515353 0.212935 0.528170 0.205815 0.524955
3 0.215538 0.513332 0.221478 0.518406 0.212345 0.529099 0.206405 0.524026
0 0.128125 0.494531 0.290625 0.494531 0.290625 0.558594 0.128125 0.558594
3 0.275397 0.518406 0.281337 0.513332 0.290470 0.524026 0.284530 0.529099
3 0.278153 0.515353 0.285273 0.512138 0.291060 0.524955 0.283940 0.528170
3 0.281651 0.513191 0.289386 0.512090 0.291367 0.526012 0.283633 0.527113
3 0.285614 0.512090 0.293349 0.513191 0.291367 0.527113 0.283633 0.526012
3 0.289727 0.512138 0.296847 0.515353 0.291060 0.528170 0.283940 0.524955
3 0.293663 0.513332 0.299603 0.518406 0.290470 0.529099 0.284530 0.524026
0 0.206250 0.494531 0.368750 0.494531 0.368750 0.558594 0.206250 0.558594
3 0.353522 0.518406 0.359462 0.513332 0.368595 0.524026 0.362655 0.529099
3 0.356278 0.515353 0.363398 0.512138 0.369185 0.524955 0.362065 0.528170
3 0.359776 0.513191 0.367511 0.512090 0.369492 0.526012 0.361758 0.527113
3 0.363739 0.512090 0.371474 0.513191 0.369492 0.527113 0.361758 0.526012
3 0.367852 0.512138 0.374972 0.515353 0.369185 0.528170 0.362065 0.524955
3 0.371788 0.513332 0.377728 0.518406 0.368595 0.529099 0.362655 0.524026
0 0.284375 0.494531 0.446875 0.494531 0.446875 0.558594 0.284375 0.558594
3 0.431647 0.518406 0.437587 0.513332 0.446720 0.524026 0.440780 0.529099
3 0.434403 0.515353 0.441523 0.512138 0.447310 0.524955 0.440190 0.528170
3 0.437901 0.513191 0.445636 0.512090 0.447617 0.526012 0.439883 0.527113
3 0.441864 0.512090 0.449599 0.513191 0.447617 0.527113 0.439883 0.526012
3 0.445977 0.512138 0.453097 0.515353 0.447310 0.528170 0.440190 0.524955
3 0.449913 0.513332 0.455853 0.518406 0.446720 0.529099 0.440780 0.524026
0 0.362500 0.494531 0.525000 0.494531 0.525000 0.558594 0.362500 0.558594
3 0.509772 0.518406 0.515712 0.513332 0.524845 0.524026 0.518905 0.529099
3 0.512528 0.515353 0.519648 0.512138 0.525435 0.524955 0.518315 0.528170
3 0.516026 0.513191 0.523761 0.512090 0.525742 0.526012 0.518008 0.527113
3 0.519989 0.512090 0.527724 0.513191 0.525742 0.527113 0.518008 0.526012
3 0.524102 0.512138 0.531222 0.515353 0.525435 0.528170 0.518315 0.524955
3 0.528038 0.513332 0.533978 0.518406 0.524845 0.529099 0.518905 0.524026
0 0.440625 0.494531 0.603125 0.494531 0.603125 0.558594 0.440625 0.558594
3 0.587897 0.518406 0.593837 0.513332 0.602970 0.524026 0.597030 0.529099
3 0.590653 0.515353 0.597773 0.512138 0.603560 0.524955 0.596440 0.528170
3 0.594151 0.513191 0.601886 0.512090 0.603867 0.526012 0.596133 0.527113
3 0.598114 0.512090 0.605849 0.513191 0.603867 0.527113 0.596133 0.526012
3 0.602227 0.512138 0.609347 0.515353 0.603560 0.528170 0.596440 0.524955
3 0.606163 0.513332 0.612103 0.518406 0.602970 0.529099 0.597030 0.524026
0 0.518750 0.494531 0.681250 0.494531 0.681250 0.558594 0.518750 0.558594
3 0.666022 0.518406 0.671962 0.513332 0.681095 0.524026 0.675155 0.529099
3 0.668778 0.515353 0.675898 0.512138 0.681685 0.524955 0.674565 0.528170
3 0.672276 0.513191 0.680011 0.512090 0.681992 0.526012 0.674258 0.527113
3 0.676239 0.512090 0.683974 0.513191 0.681992 0.527113 0.674258 0.526012
3 0.680352 0.512138 0.687472 0.515353 0.681685 0.528170 0.674565 0.524955
3 0.684288 0.513332 0.690228 0.518406 0.681095 0.529099 0.675155 0.524026
0 0.596875 0.494531 0.759375 0.494531 0.759375 0.558594 0.596875 0.558594
3 0.744147 0.518406 0.750087 0.513332 0.759220 0.524026 0.753280 0.529099
3 0.746903 0.515353 0.754023 0.512138 0.759810 0.524955 0.752690 0.528170
3 0.750401 0.513191 0.758136 0.512090 0.760117 0.526012 0.752383 0.527113
3 0.754364 0.512090 0.762099 0.513191 0.760117 0.527113 0.752383 0.526012
3 0.758477 0.512138 0.765597 0.515353 0.759810 0.528170 0.752690 0.524955
3 0.762413 0.513332 0.768353 0.518406 0.759220 0.529099 0.753280 0.524026
0 0.675000 0.494531 0.837500 0.494531 0.837500 0.558594 0.675000 0.558594
3 0.822272 0.518406 0.828212 0.513332 0.837345 0.524026 0.831405 0.529099
3 0.825028 0.515353 0.832148 0.512138 0.837935 0.524955 0.830815 0.528170
3 0.828526 0.513191 0.836261 0.512090 0.838242 0.526012 0.830508 0.527113
3 0.832489 0.512090 0.840224 0.513191 0.838242 0.527113 0.830508 0.526012
3 0.836602 0.512138 0.843722 0.515353 0.837935 0.528170 0.830815 0.524955
3 0.840538 0.513332 0.846478 0.518406 0.837345 0.529099 0.831405 0.524026
0 0.753125 0.494531 0.915625 0.494531 0.915625 0.558594 0.753125 0.558594
3 0.900397 0.518406 0.906337 0.513332 0.915470 0.524026 0.909530 0.529099
3 0.903153 0.515353 0.910273 0.512138 0.916060 0.524955 0.908940 0.528170
3 0.906651 0.513191 0.914386 0.512090 0.916367 0.526012 0.908633 0.527113
3 0.910614 0.512090 0.918349 0.513191 0.916367 0.527113 0.908633 0.526012
3 0.914727 0.512138 0.921847 0.515353 0.916060 0.528170 0.908940 0.524955
3 0.918663 0.513332 0.924603 0.518406 0.915470 0.529099 0.909530 0.524026
0 0.831250 0.494531 0.993750 0.494531 0.993750 0.558594 0.831250 0.558594
3 0.080084 0.596531 0.086025 0.591457 0.095158 0.602151 0.089217 0.607224
3 0.082840 0.593478 0.089961 0.590263 0.095748 0.603080 0.088627 0.606295
3 0.086339 0.591316 0.094073 0.590215 0.096055 0.604137 0.088320 0.605238
3 0.090302 0.590215 0.098036 0.591316 0.096055 0.605238 0.088320 0.604137
3 0.094414 0.590263 0.101535 0.593478 0.095748 0.606295 0.088627 0.603080
3 0.098350 0.591457 0.104291 0.596531 0.095158 0.607224 0.089217 0.602151
0 0.010937 0.572656 0.173437 0.572656 0.173437 0.636719 0.010937 0.636719
3 0.158209 0.596531 0.164150 0.591457 0.173283 0.602151 0.167342 0.607224
3 0.160965 0.593478 0.168086 0.590263 0.173873 0.603080 0.166752 0.606295
3 0.164464 0.591316 0.172198 0.590215 0.174180 0.604137 0.166445 0.605238
3 0.168427 0.590215 0.176161 0.591316 0.174180 0.605238 0.166445 0.604137
3 0.172539 0.590263 0.179660 0.593478 0.173873 0.606295 0.166752 0.603080
3 0.176475 0.591457 0.182416 0.596531 0.173283 0.607224 0.167342 0.602151
0 0.089063 0.572656 0.251563 0.572656 0.251563 0.636719 0.089063 0.636719
3 0.236334 0.596531 0.242275 0.591457 0.251408 0.602151 0.245467 0.607224
3 0.239090 0.593478 0.246211 0.590263 0.251998 0.603080 0.244877 0.606295
3 0.242589 0.591316 0.250323 0.590215 0.252305 0.604137 0.244570 0.605238
3 0.246552 0.590215 0.254286 0.591316 0.252305 0.605238 0.244570 0.604137
3 0.250664 0.590263 0.257785 0.593478 0.251998 0.606295 0.244877 0.603080
3 0.254600 0.591457 0.260541 0.596531 0.251408 0.607224 0.245467 0.602151
0 0.167187 0.572656 0.329688 0.572656 0.329688 0.636719 0.167187 0.636719
3 0.314459 0.596531 0.320400 0.591457 0.329533 0.602151 0.323592 0.607224
3 0.317215 0.593478 0.324336 0.590263 0.330123 0.603080 0.323002 0.606295
3 0.320714 0.591316 0.328448 0.590215 0.330430 0.604137 0.322695 0.605238
3 0.324677 0.590215 0.332411 0.591316 0.330430 0.605238 0.322695 0.604137
3 0.328789 0.590263 0.335910 0.593478 0.330123 0.606295 0.323002 0.603080
3 0.332725 0.591457 0.338666 0.596531 0.329533 0.607224 0.323592 0.602151
0 0.245312 0.572656 0.407813 0.572656 0.407813 0.636719 0.245312 0.636719
3 0.392584 0.596531 0.398525 0.591457 0.407658 0.602151 0.401717 0.607224
3 0.395340 0.593478 0.402461 0.590263 0.408248 0.603080 0.401127 0.606295
3 0.398839 0.591316 0.406573 0.590215 0.408555 0.604137 0.400820 0.605238
3 0.402802 0.590215 0.410536 0.591316 0.408555 0.605238 0.400820 0.604137
3 0.406914 0.590263 0.414035 0.593478 0.408248 0.606295 0.401127 0.603080
3 0.410850 0.591457 0.416791 0.596531 0.407658 0.607224 0.401717 0.602151
0 0.323437 0.572656 0.485938 0.572656 0.485938 0.636719 0.323437 0.636719
3 0.470709 0.596531 0.476650 0.591457 0.485783 0.602151 0.479842 0.607224
3 0.473465 0.593478 0.480586 0.590263 0.486373 0.603080 0.479252 0.606295
3 0.476964 0.591316 0.484698 0.590215 0.486680 0.604137 0.478945 0.605238
3 0.480927 0.590215 0.488661 0.591316 0.486680 0.605238 0.478945 0.604137
3 0.485039 0.590263 0.492160 0.593478 0.486373 0.606295 0.479252 0.603080
3 0.488975 0.591457 0.494916 0.596531 0.485783 0.607224 0.479842 0.602151
0 0.401562 0.572656 0.564063 0.572656 0.564063 0.636719 0.401562 0.636719
3 0.548834 0.596531 0.554775 0.591457 0.563908 0.602151 0.557967 0.607224
3 0.551590 0.593478 0.558711 0.590263 0.564498 0.603080 0.557377 0.606295
3 0.555089 0.591316 0.562823 0.590215 0.564805 0.604137 0.557070 0.605238
3 0.559052 0.590215 0.566786 0.591316 0.564805 0.605238 0.557070 0.604137
3 0.563164 0.590263 0.570285 0.593478 0.564498 0.606295 0.557377 0.603080
3 0.567100 0.591457 0.573041 0.596531 0.563908 0.607224 0.557967 0.602151
0 0.479687 0.572656 0.642188 0.572656 0.642188 0.636719 0.479687 0.636719
3 0.626959 0.596531 0.632900 0.591457 0.642033 0.602151 0.636092 0.607224
3 0.629715 0.593478 0.636836 0.590263 0.642623 0.603080 0.635502 0.606295
3 0.633214 0.591316 0.640948 0.590215 0.642930 0.604137 0.635195 0.605238
3 0.637177 0.590215 0.644911 0.591316 0.642930 0.605238 0.635195 0.604137
3 0.641289 0.590263 0.648410 0.593478 0.642623 0.606295 0.635502 0.603080
3 0.645225 0.591457 0.651166 0.596531 0.642033 0.607224 0.636092 0.602151
0 0.557813 0.572656 0.720313 0.572656 0.720313 0.636719 0.557813 0.636719
3 0.705084 0.596531 0.711025 0.591457 0.720158 0.602151 0.714217 0.607224
3 0.707840 0.593478 0.714961 0.590263 0.720748 0.603080 0.713627 0.606295
3 0.711339 0.591316 0.719073 0.590215 0.721055 0.604137 0.713320 0.605238
3 0.715302 0.590215 0.723036 0.591316 0.721055 0.605238 0.713320 0.604137
3 0.719414 0.590263 0.726535 0.593478 0.720748 0.606295 0.713627 0.603080
3 0.723350 0.591457 0.729291 0.596531 0.720158 0.607224 0.714217 0.602151
0 0.635938 0.572656 0.798438 0.572656 0.798438 0.636719 0.635938 0.636719
3 0.783209 0.596531 0.789150 0.591457 0.798283 0.602151 0.792342 0.607224
3 0.785965 0.593478 0.793086 0.590263 0.798873 0.603080 0.791752 0.606295
3 0.789464 0.591316 0.797198 0.590215 0.799180 0.604137 0.791445 0.605238
3 0.793427 0.590215 0.801161 0.591316 0.799180 0.605238 0.791445 0.604137
3 0.797539 0.590263 0.804660 0.593478 0.798873 0.606295 0.791752 0.603080
3 0.801475 0.591457 0.807416 0.596531 0.798283 0.607224 0.792342 0.602151
0 0.714063 0.572656 0.876563 0.572656 0.876563 0.636719 0.714063 0.636719
3 0.861334 0.596531 0.867275 0.591457 0.876408 0.602151 0.870467 0.607224
3 0.864090 0.593478 0.871211 0.590263 0.876998 0.603080 0.869877 0.606295
3 0.867589 0.591316 0.875323 0.590215 0.877305 0.604137 0.869570 0.605238
3 0.871552 0.590215 0.879286 0.591316 0.877305 0.605238 0.869570 0.604137
3 0.875664 0.590263 0.882785 0.593478 0.876998 0.606295 0.869877 0.603080
3 0.879600 0.591457 0.885541 0.596531 0.876408 0.607224 0.870467 0.602151
0 0.792188 0.572656 0.954688 0.572656 0.954688 0.636719 0.792188 0.636719
3 0.939459 0.596531 0.945400 0.591457 0.954533 0.602151 0.948592 0.607224
3 0.942215 0.593478 0.949336 0.590263 0.955123 0.603080 0.948002 0.606295
3 0.945714 0.591316 0.953448 0.590215 0.955430 0.604137 0.947695 0.605238
3 0.949677 0.590215 0.957411 0.591316 0.955430 0.605238 0.947695 0.604137
3 0.953789 0.590263 0.960910 0.593478 0.955123 0.606295 0.948002 0.603080
3 0.957725 0.591457 0.963666 0.596531 0.954533 0.607224 0.948592 0.602151
3 0.041022 0.674656 0.046962 0.669582 0.056095 0.680276 0.050155 0.685349
3 0.043778 0.671603 0.050898 0.668388 0.056685 0.681205 0.049565 0.684420
3 0.047276 0.669441 0.055011 0.668340 0.056992 0.682262 0.049258 0.683363
3 0.051239 0.668340 0.058974 0.669441 0.056992 0.683363 0.049258 0.682262
3 0.055352 0.668388 0.062472 0.671603 0.056685 0.684420 0.049565 0.681205
3 0.059288 0.669582 0.065228 0.674656 0.056095 0.685349 0.050155 0.680276
3 0.119147 0.674656 0.125087 0.669582 0.134220 0.680276 0.128280 0.685349
3 0.121903 0.671603 0.129023 0.668388 0.134810 0.681205 0.127690 0.684420
3 0.125401 0.669441 0.133136 0.668340 0.135117 0.682262 0.127383 0.683363
3 0.129364 0.668340 0.137099 0.669441 0.135117 0.683363 0.127383 0.682262
3 0.133477 0.668388 0.140597 0.671603 0.134810 0.684420 0.127690 0.681205
3 0.137413 0.669582 0.143353 0.674656 0.134220 0.685349 0.128280 0.680276
0 0.050000 0.650781 0.212500 0.650781 0.212500 0.714844 0.050000 0.714844
3 0.197272 0.674656 0.203212 0.669582 0.212345 0.680276 0.206405 0.685349
3 0.200028 0.671603 0.207148 0.668388 0.212935 0.681205 0.205815 0.684420
3 0.203526 0.669441 0.211261 0.668340 0.213242 0.682262 0.205508 0.683363
3 0.207489 0.668340 0.215224 0.669441 0.213242 0.683363 0.205508 0.682262
3 0.211602 0.668388 0.218722 0.671603 0.212935 0.684420 0.205815 0.681205
3 0.215538 0.669582 0.221478 0.674656 0.212345 0.685349 0.206405 0.680276
0 0.128125 0.650781 0.290625 0.650781 0.290625 0.714844 0.128125 0.714844
3 0.275397 0.674656 0.281337 0.669582 0.290470 0.680276 0.284530 0.685349
3 0.278153 0.671603 0.285273 0.668388 0.291060 0.681205 0.283940 0.684420
3 0.281651 0.669441 0.289386 0.668340 0.291367 0.682262 0.283633 0.683363
3 0.285614 0.668340 0.293349 0.669441 0.291367 0.683363 0.283633 0.682262
3 0.289727 0.668388 0.296847 0.671603 0.291060 0.684420 0.283940 0.681205
3 0.293663 0.669582 0.299603 0.674656 0.290470 0.685349 0.284530 0.680276
0 0.206250 0.650781 0.368750 0.650781 0.368750 0.714844 0.206250 0.714844
3 0.353522 0.674656 0.359462 0.669582 0.368595 0.680276 0.362655 0.685349
3 0.356278 0.671603 0.363398 0.668388 0.369185 0.681205 0.362065 0.684420
3 0.359776 0.669441 0.367511 0.668340 0.369492 0.682262 0.361758 0.683363
3 0.363739 0.668340 0.371474 0.669441 0.369492 0.683363 0.361758 0.682262
3 0.367852 0.668388 0.374972 0.671603 0.369185 0.684420 0.362065 0.681205
3 0.371788 0.669582 0.377728 0.674656 0.368595 0.685349 0.362655 0.680276
0 0.284375 0.650781 0.446875 0.650781 0.446875 0.714844 0.284375 0.714844
3 0.431647 0.674656 0.437587 0.669582 0.446720 0.680276 0.440780 0.685349
3 0.434403 0.671603 0.441523 0.668388 0.447310 0.681205 0.440190 0.684420
3 0.437901 0.669441 0.445636 0.668340 0.447617 0.682262 0.439883 0.683363
3 0.441864 0.668340 0.449599 0.669441 0.447617 0.683363 0.439883 0.682262
3 0.445977 0.668388 0.453097 0.671603 0.447310 0.684420 0.440190 0.681205
3 0.449913 0.669582 0.455853 0.674656 0.446720 0.685349 0.440780 0.680276
0 0.362500 0.650781 0.525000 0.650781 0.525000 0.714844 0.362500 0.714844
3 0.509772 0.674656 0.515712 0.669582 0.524845 0.680276 0.518905 0.685349
3 0.512528 0.671603 0.519648 0.668388 0.525435 0.681205 0.518315 0.684420
3 0.516026 0.669441 0.523761 0.668340 0.525742 0.682262 0.518008 0.683363
3 0.519989 0.668340 0.527724 0.669441 0.525742 0.683363 0.518008 0.682262
3 0.524102 0.668388 0.531222 0.671603 0.525435 0.684420 0.518315 0.681205
3 0.528038 0.669582 0.533978 0.674656 0.524845 0.685349 0.518905 0.680276
0 0.440625 0.650781 0.603125 0.650781 0.603125 0.714844 0.440625 0.714844
3 0.587897 0.674656 0.593837 0.669582 0.602970 0.680276 0.597030 0.685349
3 0.590653 0.671603 0.597773 0.668388 0.603560 0.681205 0.596440 0.684420
3 0.594151 0.669441 0.601886 0.668340 0.603867 0.682262 0.596133 0.683363
3 0.598114 0.668340 0.605849 0.669441 0.603867 0.683363 0.596133 0.682262
3 0.602227 0.668388 0.609347 0.671603 0.603560 0.684420 0.596440 0.681205
3 0.606163 0.669582 0.612103 0.674656 0.602970 0.685349 0.597030 0.680276
0 0.518750 0.650781 0.681250 0.650781 0.681250 0.714844 0.518750 0.714844
3 0.666022 0.674656 0.671962 0.669582 0.681095 0.680276 0.675155 0.685349
3 0.668778 0.671603 0.675898 0.668388 0.681685 0.681205 0.674565 0.684420
3 0.672276 0.669441 0.680011 0.668340 0.681992 0.682262 0.674258 0.683363
3 0.676239 0.668340 0.683974 0.669441 0.681992 0.683363 0.674258 0.682262
3 0.680352 0.668388 0.687472 0.671603 0.681685 0.684420 0.674565 0.681205
3 0.684288 0.669582 0.690228 0.674656 0.681095 0.685349 0.675155 0.680276
0 0.596875 0.650781 0.759375 0.650781 0.759375 0.714844 0.596875 0.714844
3 0.744147 0.674656 0.750087 0.669582 0.759220 0.680276 0.753280 0.685349
3 0.746903 0.671603 0.754023 0.668388 0.759810 0.681205 0.752690 0.684420
3 0.750401 0.669441 0.758136 0.668340 0.760117 0.682262 0.752383 0.683363
3 0.754364 0.668340 0.762099 0.669441 0.760117 0.683363 0.752383 0.682262
3 0.758477 0.668388 0.765597 0.671603 0.759810 0.684420 0.752690 0.681205
3 0.762413 0.669582 0.768353 0.674656 0.759220 0.685349 0.753280 0.680276
0 0.675000 0.650781 0.837500 0.650781 0.837500 0.714844 0.675000 0.714844
3 0.822272 0.674656 0.828212 0.669582 0.837345 0.680276 0.831405 0.685349
3 0.825028 0.671603 0.832148 0.668388 0.837935 0.681205 0.830815 0.684420
3 0.828526 0.669441 0.836261 0.668340 0.838242 0.682262 0.830508 0.683363
3 0.832489 0.668340 0.840224 0.669441 0.838242 0.683363 0.830508 0.682262
3 0.836602 0.668388 0.843722 0.671603 0.837935 0.684420 0.830815 0.681205
3 0.840538 0.669582 0.846478 0.674656 0.837345 0.685349 0.831405 0.680276
0 0.753125 0.650781 0.915625 0.650781 0.915625 0.714844 0.753125 0.714844
3 0.900397 0.674656 0.906337 0.669582 0.915470 0.680276 0.909530 0.685349
3 0.903153 0.671603 0.910273 0.668388 0.916060 0.681205 0.908940 0.684420
3 0.906651 0.669441 0.914386 0.668340 0.916367 0.682262 0.908633 0.683363
3 0.910614 0.668340 0.918349 0.669441 0.916367 0.683363 0.908633 0.682262
3 0.914727 0.668388 0.921847 0.671603 0.916060 0.684420 0.908940 0.681205
3 0.918663 0.669582 0.924603 0.674656 0.915470 0.685349 0.909530 0.680276
0 0.831250 0.650781 0.993750 0.650781 0.993750 0.714844 0.831250 0.714844
3 0.080084 0.752781 0.086025 0.747707 0.095158 0.758401 0.089217 0.763474
3 0.082840 0.749728 0.089961 0.746513 0.095748 0.759330 0.088627 0.762545
3 0.086339 0.747566 0.094073 0.746465 0.096055 0.760387 0.088320 0.761488
3 0.090302 0.746465 0.098036 0.747566 0.096055 0.761488 0.088320 0.760387
3 0.094414 0.746513 0.101535 0.749728 0.095748 0.762545 0.088627 0.759330
3 0.098350 0.747707 0.104291 0.752781 0.095158 0.763474 0.089217 0.758401
0 0.010937 0.728906 0.173437 0.728906 0.173437 0.792969 0.010937 0.792969
3 0.158209 0.752781 0.164150 0.747707 0.173283 0.758401 0.167342 0.763474
3 0.160965 0.749728 0.168086 0.746513 0.173873 0.759330 0.166752 0.762545
3 0.164464 0.747566 0.172198 0.746465 0.174180 0.760387 0.166445 0.761488
3 0.168427 0.746465 0.176161 0.747566 0.174180 0.761488 0.166445 0.760387
3 0.172539 0.746513 0.179660 0.749728 0.173873 0.762545 0.166752 0.759330
3 0.176475 0.747707 0.182416 0.752781 0.173283 0.763474 0.167342 0.758401
0 0.089063 0.728906 0.251563 0.728906 0.251563 0.792969 0.089063 0.792969
3 0.236334 0.752781 0.242275 0.747707 0.251408 0.758401 0.245467 0.763474
3 0.239090 0.749728 0.246211 0.746513 0.251998 0.759330 0.244877 0.762545
3 0.242589 0.747566 0.250323 0.746465 0.252305 0.760387 0.244570 0.761488
3 0.246552 0.746465 0.254286 0.747566 0.252305 0.761488 0.244570 0.760387
3 0.250664 0.746513 0.257785 0.749728 0.251998 0.762545 0.244877 0.759330
3 0.254600 0.747707 0.260541 0.752781 0.251408 0.763474 0.245467 0.758401
0 0.167187 0.728906 0.329688 0.728906 0.329688 0.792969 0.167187 0.792969
3 0.314459 0.752781 0.320400 0.747707 0.329533 0.758401 0.323592 0.763474
3 0.317215 0.749728 0.324336 0.746513 0.330123 0.759330 0.323002 0.762545
3 0.320714 0.747566 0.328448 0.746465 0.330430 0.760387 0.322695 0.761488
3 0.324677 0.746465 0.332411 0.747566 0.330430 0.761488 0.322695 0.760387
3 0.328789 0.746513 0.335910 0.749728 0.330123 0.762545 0.323002 0.759330
3 0.332725 0.747707 0.338666 0.752781 0.329533 0.763474 0.323592 0.758401
0 0.245312 0.728906 0.407813 0.728906 0.407813 0.792969 0.245312 0.792969
3 0.392584 0.752781 0.398525 0.747707 0.407658 0.758401 0.401717 0.763474
3 0.395340 0.749728 0.402461 0.746513 0.408248 0.759330 0.401127 0.762545
3 0.398839 0.747566 0.406573 0.746465 0.408555 0.760387 0.400820 0.761488
3 0.402802 0.746465 0.410536 0.747566 0.408555 0.761488 0.400820 0.760387
3 0.406914 0.746513 0.414035 0.749728 0.408248 0.762545 0.401127 0.759330
3 0.410850 0.747707 0.416791 0.752781 0.407658 0.763474 0.401717 0.758401
0 0.323437 0.728906 0.485938 0.728906 0.485938 0.792969 0.323437 0.792969
3 0.470709 0.752781 0.476650 0.747707 0.485783 0.758401 0.479842 0.763474
3 0.473465 0.749728 0.480586 0.746513 0.486373 0.759330 0.479252 0.762545
3 0.476964 0.747566 0.484698 0.746465 0.486680 0.760387 0.478945 0.761488
3 0.480927 0.746465 0.488661 0.747566 0.486680 0.761488 0.478945 0.760387
3 0.485039 0.746513 0.492160 0.749728 0.486373 0.762545 0.479252 0.759330
3 0.488975 0.747707 0.494916 0.752781 0.485783 0.763474 0.479842 0.758401
0 0.401562 0.728906 0.564063 0.728906 0.564063 0.792969 0.401562 0.792969
3 0.548834 0.752781 0.554775 0.747707 0.563908 0.758401 0.557967 0.763474
3 0.551590 0.749728 0.558711 0.746513 0.564498 0.759330 0.557377 0.762545
3 0.555089 0.747566 0.562823 0.746465 0.564805 0.760387 0.557070 0.761488
3 0.559052 0.746465 0.566786 0.747566 0.564805 0.761488 0.557070 0.760387
3 0.563164 0.746513 0.570285 0.749728 0.564498 0.762545 0.557377 0.759330
3 0.567100 0.747707 0.573041 0.752781 0.563908 0.763474 0.557967 0.758401
0 0.479687 0.728906 0.642188 0.728906 0.642188 0.792969 0.479687 0.792969
3 0.626959 0.752781 0.632900 0.747707 0.642033 0.758401 0.636092 0.763474
3 0.629715 0.749728 0.636836 0.746513 0.642623 0.759330 0.635502 0.762545
3 0.633214 0.747566 0.640948 0.746465 0.642930 0.760387 0.635195 0.761488
3 0.637177 0.746465 0.644911 0.747566 0.642930 0.761488 0.635195 0.760387
3 0.641289 0.746513 0.648410 0.749728 0.642623 0.762545 0.635502 0.759330
3 0.645225 0.747707 0.651166 0.752781 0.642033 0.763474 0.636092 0.758401
0 0.557813 0.728906 0.720313 0.728906 0.720313 0.792969 0.557813 0.792969
3 0.705084 0.752781 0.711025 0.747707 0.720158 0.758401 0.714217 0.763474
3 0.707840 0.749728 0.714961 0.746513 0.720748 0.759330 0.713627 0.762545
3 0.711339 0.747566 0.719073 0.746465 0.721055 0.760387 0.713320 0.761488
3 0.715302 0.746465 0.723036 0.747566 0.721055 0.761488 0.713320 0.760387
3 0.719414 0.746513 0.726535 0.749728 0.720748 0.762545 0.713627 0.759330
3 0.723350 0.747707 0.729291 0.752781 0.720158 0.763474 0.714217 0.758401
0 0.635938 0.728906 0.798438 0.728906 0.798438 0.792969 0.635938 0.792969
3 0.783209 0.752781 0.789150 0.747707 0.798283 0.758401 0.792342 0.763474
3 0.785965 0.749728 0.793086 0.746513 0.798873 0.759330 0.791752 0.762545
3 0.789464 0.747566 0.797198 0.746465 0.799180 0.760387 0.791445 0.761488
3 0.793427 0.746465 0.801161 0.747566 0.799180 0.761488 0.791445 0.760387
3 0.797539 0.746513 0.804660 0.749728 0.798873 0.762545 0.791752 0.759330
3 0.801475 0.747707 0.807416 0.752781 0.798283 0.763474 0.792342 0.758401
0 0.714063 0.728906 0.876563 0.728906 0.876563 0.792969 0.714063 0.792969
3 0.861334 0.752781 0.867275 0.747707 0.876408 0.758401 0.870467 0.763474
3 0.864090 0.749728 0.871211 0.746513 0.876998 0.759330 0.869877 0.762545
3 0.867589 0.747566 0.875323 0.746465 0.877305 0.760387 0.869570 0.761488
3 0.871552 0.746465 0.879286 0.747566 0.877305 0.761488 0.869570 0.760387
3 0.875664 0.746513 0.882785 0.749728 0.876998 0.762545 0.869877 0.759330
3 0.879600 0.747707 0.885541 0.752781 0.876408 0.763474 0.870467 0.758401
0 0.792188 0.728906 0.954688 0.728906 0.954688 0.792969 0.792188 0.792969
3 0.939459 0.752781 0.945400 0.747707 0.954533 0.758401 0.948592 0.763474
3 0.942215 0.749728 0.949336 0.746513 0.955123 0.759330 0.948002 0.762545
3 0.945714 0.747566 0.953448 0.746465 0.955430 0.760387 0.947695 0.761488
3 0.949677 0.746465 0.957411 0.747566 0.955430 0.761488 0.947695 0.760387
3 0.953789 0.746513 0.960910 0.749728 0.955123 0.762545 0.948002 0.759330
3 0.957725 0.747707 0.963666 0.752781 0.954533 0.763474 0.948592 0.758401