0 0.125781 0.043750 0.186719 0.043750 0.186719 0.087500 0.125781 0.087500
0 0.266406 0.043750 0.327344 0.043750 0.327344 0.087500 0.266406 0.087500
0 0.407031 0.043750 0.467969 0.043750 0.467969 0.087500 0.407031 0.087500
0 0.547656 0.043750 0.608594 0.043750 0.608594 0.087500 0.547656 0.087500
0 0.688281 0.043750 0.749219 0.043750 0.749219 0.087500 0.688281 0.087500
0 0.828906 0.043750 0.889844 0.043750 0.889844 0.087500 0.828906 0.087500
2 0.023842 0.064848 0.070038 0.050282 0.109035 0.173967 0.062840 0.188533
2 0.061719 0.051562 0.110156 0.051562 0.110156 0.181250 0.061719 0.181250
2 0.101837 0.050282 0.148033 0.064848 0.109035 0.188533 0.062840 0.173967
2 0.140484 0.061125 0.180162 0.088908 0.105776 0.195141 0.066099 0.167359
0 0.055469 0.159375 0.116406 0.159375 0.116406 0.203125 0.055469 0.203125
2 0.132338 0.088908 0.172016 0.061125 0.246401 0.167359 0.206724 0.195141
2 0.164467 0.064848 0.210663 0.050282 0.249660 0.173967 0.203465 0.188533
2 0.202344 0.051562 0.250781 0.051562 0.250781 0.181250 0.202344 0.181250
2 0.242462 0.050282 0.288658 0.064848 0.249660 0.188533 0.203465 0.173967
2 0.281109 0.061125 0.320787 0.088908 0.246401 0.195141 0.206724 0.167359
0 0.196094 0.159375 0.257031 0.159375 0.257031 0.203125 0.196094 0.203125
2 0.272963 0.088908 0.312641 0.061125 0.387026 0.167359 0.347349 0.195141
2 0.305092 0.064848 0.351288 0.050282 0.390285 0.173967 0.344090 0.188533
2 0.342969 0.051562 0.391406 0.051562 0.391406 0.181250 0.342969 0.181250
2 0.383087 0.050282 0.429283 0.064848 0.390285 0.188533 0.344090 0.173967
2 0.421734 0.061125 0.461412 0.088908 0.387026 0.195141 0.347349 0.167359
0 0.336719 0.159375 0.397656 0.159375 0.397656 0.203125 0.336719 0.203125
2 0.413588 0.088908 0.453266 0.061125 0.527651 0.167359 0.487974 0.195141
2 0.445717 0.064848 0.491913 0.050282 0.530910 0.173967 0.484715 0.188533
2 0.483594 0.051562 0.532031 0.051562 0.532031 0.181250 0.483594 0.181250
2 0.523712 0.050282 0.569908 0.064848 0.530910 0.188533 0.484715 0.173967
2 0.562359 0.061125 0.602037 0.088908 0.527651 0.195141 0.487974 0.167359
0 0.477344 0.159375 0.538281 0.159375 0.538281 0.203125 0.477344 0.203125
2 0.554213 0.088908 0.593891 0.061125 0.668276 0.167359 0.628599 0.195141
2 0.586342 0.064848 0.632538 0.050282 0.671535 0.173967 0.625340 0.188533
2 0.624219 0.051562 0.672656 0.051562 0.672656 0.181250 0.624219 0.181250
2 0.664337 0.050282 0.710533 0.064848 0.671535 0.188533 0.625340 0.173967
2 0.702984 0.061125 0.742662 0.088908 0.668276 0.195141 0.628599 0.167359
0 0.617969 0.159375 0.678906 0.159375 0.678906 0.203125 0.617969 0.203125
2 0.694838 0.088908 0.734516 0.061125 0.808901 0.167359 0.769224 0.195141
2 0.726967 0.064848 0.773163 0.050282 0.812160 0.173967 0.765965 0.188533
2 0.764844 0.051562 0.813281 0.051562 0.813281 0.181250 0.764844 0.181250
2 0.804962 0.050282 0.851158 0.064848 0.812160 0.188533 0.765965 0.173967
2 0.843609 0.061125 0.883287 0.088908 0.808901 0.195141 0.769224 0.167359
0 0.758594 0.159375 0.819531 0.159375 0.819531 0.203125 0.758594 0.203125
2 0.835463 0.088908 0.875141 0.061125 0.949526 0.167359 0.909849 0.195141
2 0.867592 0.064848 0.913788 0.050282 0.952785 0.173967 0.906590 0.188533
2 0.905469 0.051562 0.953906 0.051562 0.953906 0.181250 0.905469 0.181250
2 0.945587 0.050282 0.991783 0.064848 0.952785 0.188533 0.906590 0.173967
0 0.899219 0.159375 0.960156 0.159375 0.960156 0.203125 0.899219 0.203125
2 0.062025 0.204533 0.101703 0.176750 0.176089 0.282984 0.136411 0.310766
2 0.094154 0.180473 0.140350 0.165907 0.179348 0.289592 0.133152 0.304158
2 0.132031 0.167187 0.180469 0.167187 0.180469 0.296875 0.132031 0.296875
2 0.172150 0.165907 0.218346 0.180473 0.179348 0.304158 0.133152 0.289592
2 0.210797 0.176750 0.250475 0.204533 0.176089 0.310766 0.136411 0.282984
0 0.125781 0.275000 0.186719 0.275000 0.186719 0.318750 0.125781 0.318750
2 0.202650 0.204533 0.242328 0.176750 0.316714 0.282984 0.277036 0.310766
2 0.234779 0.180473 0.280975 0.165907 0.319973 0.289592 0.273777 0.304158
2 0.272656 0.167187 0.321094 0.167187 0.321094 0.296875 0.272656 0.296875
2 0.312775 0.165907 0.358971 0.180473 0.319973 0.304158 0.273777 0.289592
2 0.351422 0.176750 0.391100 0.204533 0.316714 0.310766 0.277036 0.282984
0 0.266406 0.275000 0.327344 0.275000 0.327344 0.318750 0.266406 0.318750
2 0.343275 0.204533 0.382953 0.176750 0.457339 0.282984 0.417661 0.310766
2 0.375404 0.180473 0.421600 0.165907 0.460598 0.289592 0.414402 0.304158
2 0.413281 0.167187 0.461719 0.167187 0.461719 0.296875 0.413281 0.296875
2 0.453400 0.165907 0.499596 0.180473 0.460598 0.304158 0.414402 0.289592
2 0.492047 0.176750 0.531725 0.204533 0.457339 0.310766 0.417661 0.282984
0 0.407031 0.275000 0.467969 0.275000 0.467969 0.318750 0.407031 0.318750
2 0.483900 0.204533 0.523578 0.176750 0.597964 0.282984 0.558286 0.310766
2 0.516029 0.180473 0.562225 0.165907 0.601223 0.289592 0.555027 0.304158
2 0.553906 0.167187 0.602344 0.167187 0.602344 0.296875 0.553906 0.296875
2 0.594025 0.165907 0.640221 0.180473 0.601223 0.304158 0.555027 0.289592
2 0.632672 0.176750 0.672350 0.204533 0.597964 0.310766 0.558286 0.282984
0 0.547656 0.275000 0.608594 0.275000 0.608594 0.318750 0.547656 0.318750
2 0.624525 0.204533 0.664203 0.176750 0.738589 0.282984 0.698911 0.310766
2 0.656654 0.180473 0.702850 0.165907 0.741848 0.289592 0.695652 0.304158
2 0.694531 0.167187 0.742969 0.167187 0.742969 0.296875 0.694531 0.296875
2 0.734650 0.165907 0.780846 0.180473 0.741848 0.304158 0.695652 0.289592
2 0.773297 0.176750 0.812975 0.204533 0.738589 0.310766 0.698911 0.282984
0 0.688281 0.275000 0.749219 0.275000 0.749219 0.318750 0.688281 0.318750
2 0.765150 0.204533 0.804828 0.176750 0.879214 0.282984 0.839536 0.310766
2 0.797279 0.180473 0.843475 0.165907 0.882473 0.289592 0.836277 0.304158
2 0.835156 0.167187 0.883594 0.167187 0.883594 0.296875 0.835156 0.296875
2 0.875275 0.165907 0.921471 0.180473 0.882473 0.304158 0.836277 0.289592
2 0.913922 0.176750 0.953600 0.204533 0.879214 0.310766 0.839536 0.282984
0 0.828906 0.275000 0.889844 0.275000 0.889844 0.318750 0.828906 0.318750
2 0.023842 0.296098 0.070038 0.281532 0.109035 0.405217 0.062840 0.419783
2 0.061719 0.282813 0.110156 0.282813 0.110156 0.412500 0.061719 0.412500
2 0.101837 0.281532 0.148033 0.296098 0.109035 0.419783 0.062840 0.405217
2 0.140484 0.292375 0.180162 0.320158 0.105776 0.426391 0.066099 0.398609
0 0.055469 0.390625 0.116406 0.390625 0.116406 0.434375 0.055469 0.434375
2 0.132338 0.320158 0.172016 0.292375 0.246401 0.398609 0.206724 0.426391
2 0.164467 0.296098 0.210663 0.281532 0.249660 0.405217 0.203465 0.419783
2 0.202344 0.282813 0.250781 0.282813 0.250781 0.412500 0.202344 0.412500
2 0.242462 0.281532 0.288658 0.296098 0.249660 0.419783 0.203465 0.405217
2 0.281109 0.292375 0.320787 0.320158 0.246401 0.426391 0.206724 0.398609
0 0.196094 0.390625 0.257031 0.390625 0.257031 0.434375 0.196094 0.434375
2 0.272963 0.320158 0.312641 0.292375 0.387026 0.398609 0.347349 0.426391
2 0.305092 0.296098 0.351288 0.281532 0.390285 0.405217 0.344090 0.419783
2 0.342969 0.282813 0.391406 0.282813 0.391406 0.412500 0.342969 0.412500
2 0.383087 0.281532 0.429283 0.296098 0.390285 0.419783 0.344090 0.405217
2 0.421734 0.292375 0.461412 0.320158 0.387026 0.426391 0.347349 0.398609
0 0.336719 0.390625 0.397656 0.390625 0.397656 0.434375 0.336719 0.434375
2 0.413588 0.320158 0.453266 0.292375 0.527651 0.398609 0.487974 0.426391
2 0.445717 0.296098 0.491913 0.281532 0.530910 0.405217 0.484715 0.419783
2 0.483594 0.282813 0.532031 0.282813 0.532031 0.412500 0.483594 0.412500
2 0.523712 0.281532 0.569908 0.296098 0.530910 0.419783 0.484715 0.405217
2 0.562359 0.292375 0.602037 0.320158 0.527651 0.426391 0.487974 0.398609
0 0.477344 0.390625 0.538281 0.390625 0.538281 0.434375 0.477344 0.434375
2 0.554213 0.320158 0.593891 0.292375 0.668276 0.398609 0.628599 0.426391
2 0.586342 0.296098 0.632538 0.281532 0.671535 0.405217 0.625340 0.419783
2 0.624219 0.282813 0.672656 0.282813 0.672656 0.412500 0.624219 0.412500
2 0.664337 0.281532 0.710533 0.296098 0.671535 0.419783 0.625340 0.405217
2 0.702984 0.292375 0.742662 0.320158 0.668276 0.426391 0.628599 0.398609
0 0.617969 0.390625 0.678906 0.390625 0.678906 0.434375 0.617969 0.434375
2 0.694838 0.320158 0.734516 0.292375 0.808901 0.398609 0.769224 0.426391
2 0.726967 0.296098 0.773163 0.281532 0.812160 0.405217 0.765965 0.419783
2 0.764844 0.282813 0.813281 0.282813 0.813281 0.412500 0.764844 0.412500
2 0.804962 0.281532 0.851158 0.296098 0.812160 0.419783 0.765965 0.405217
2 0.843609 0.292375 0.883287 0.320158 0.808901 0.426391 0.769224 0.398609
0 0.758594 0.390625 0.819531 0.390625 0.819531 0.434375 0.758594 0.434375
2 0.835463 0.320158 0.875141 0.292375 0.949526 0.398609 0.909849 0.426391
2 0.867592 0.296098 0.913788 0.281532 0.952785 0.405217 0.906590 0.419783
2 0.905469 0.282813 0.953906 0.282813 0.953906 0.412500 0.905469 0.412500
2 0.945587 0.281532 0.991783 0.296098 0.952785 0.419783 0.906590 0.405217
0 0.899219 0.390625 0.960156 0.390625 0.960156 0.434375 0.899219 0.434375
2 0.062025 0.435783 0.101703 0.408000 0.176089 0.514234 0.136411 0.542016
2 0.094154 0.411723 0.140350 0.397157 0.179348 0.520842 0.133152 0.535408
2 0.132031 0.398438 0.180469 0.398438 0.180469 0.528125 0.132031 0.528125
2 0.172150 0.397157 0.218346 0.411723 0.179348 0.535408 0.133152 0.520842
2 0.210797 0.408000 0.250475 0.435783 0.176089 0.542016 0.136411 0.514234
0 0.125781 0.506250 0.186719 0.506250 0.186719 0.550000 0.125781 0.550000
2 0.202650 0.435783 0.242328 0.408000 0.316714 0.514234 0.277036 0.542016
2 0.234779 0.411723 0.280975 0.397157 0.319973 0.520842 0.273777 0.535408
2 0.272656 0.398438 0.321094 0.398438 0.321094 0.528125 0.272656 0.528125
2 0.312775 0.397157 0.358971 0.411723 0.319973 0.535408 0.273777 0.520842
2 0.351422 0.408000 0.391100 0.435783 0.316714 0.542016 0.277036 0.514234
0 0.266406 0.506250 0.327344 0.506250 0.327344 0.550000 0.266406 0.550000
2 0.343275 0.435783 0.382953 0.408000 0.457339 0.514234 0.417661 0.542016
2 0.375404 0.411723 0.421600 0.397157 0.460598 0.520842 0.414402 0.535408
2 0.413281 0.398438 0.461719 0.398438 0.461719 0.528125 0.413281 0.528125
2 0.453400 0.397157 0.499596 0.411723 0.460598 0.535408 0.414402 0.520842
2 0.492047 0.408000 0.531725 0.435783 0.457339 0.542016 0.417661 0.514234
0 0.407031 0.506250 0.467969 0.506250 0.467969 0.550000 0.407031 0.550000
2 0.483900 0.435783 0.523578 0.408000 0.597964 0.514234 0.558286 0.542016
2 0.516029 0.411723 0.562225 0.397157 0.601223 0.520842 0.555027 0.535408
2 0.553906 0.398438 0.602344 0.398438 0.602344 0.528125 0.553906 0.528125
2 0.594025 0.397157 0.640221 0.411723 0.601223 0.535408 0.555027 0.520842
2 0.632672 0.408000 0.672350 0.435783 0.597964 0.542016 0.558286 0.514234
0 0.547656 0.506250 0.608594 0.506250 0.608594 0.550000 0.547656 0.550000
2 0.624525 0.435783 0.664203 0.408000 0.738589 0.514234 0.698911 0.542016
2 0.656654 0.411723 0.702850 0.397157 0.741848 0.520842 0.695652 0.535408
2 0.694531 0.398438 0.742969 0.398438 0.742969 0.528125 0.694531 0.528125
2 0.734650 0.397157 0.780846 0.411723 0.741848 0.535408 0.695652 0.520842
2 0.773297 0.408000 0.812975 0.435783 0.738589 0.542016 0.698911 0.514234
0 0.688281 0.506250 0.749219 0.506250 0.749219 0.550000 0.688281 0.550000
2 0.765150 0.435783 0.804828 0.408000 0.879214 0.514234 0.839536 0.542016
2 0.797279 0.411723 0.843475 0.397157 0.882473 0.520842 0.836277 0.535408
2 0.835156 0.398438 0.883594 0.398438 0.883594 0.528125 0.835156 0.528125
2 0.875275 0.397157 0.921471 0.411723 0.882473 0.535408 0.836277 0.520842
2 0.913922 0.408000 0.953600 0.435783 0.879214 0.542016 0.839536 0.514234
0 0.828906 0.506250 0.889844 0.506250 0.889844 0.550000 0.828906 0.550000
2 0.023842 0.527348 0.070038 0.512782 0.109035 0.636467 0.062840 0.651033
2 0.061719 0.514062 0.110156 0.514062 0.110156 0.643750 0.061719 0.643750
2 0.101837 0.512782 0.148033 0.527348 0.109035 0.651033 0.062840 0.636467
2 0.140484 0.523625 0.180162 0.551408 0.105776 0.657641 0.066099 0.629859
0 0.055469 0.621875 0.116406 0.621875 0.116406 0.665625 0.055469 0.665625
2 0.132338 0.551408 0.172016 0.523625 0.246401 0.629859 0.206724 0.657641
2 0.164467 0.527348 0.210663 0.512782 0.249660 0.636467 0.203465 0.651033
2 0.202344 0.514062 0.250781 0.514062 0.250781 0.643750 0.202344 0.643750
2 0.242462 0.512782 0.288658 0.527348 0.249660 0.651033 0.203465 0.636467
2 0.281109 0.523625 0.320787 0.551408 0.246401 0.657641 0.206724 0.629859
0 0.196094 0.621875 0.257031 0.621875 0.257031 0.665625 0.196094 0.665625
2 0.272963 0.551408 0.312641 0.523625 0.387026 0.629859 0.347349 0.657641
2 0.305092 0.527348 0.351288 0.512782 0.390285 0.636467 0.344090 0.651033
2 0.342969 0.514062 0.391406 0.514062 0.391406 0.643750 0.342969 0.643750
2 0.383087 0.512782 0.429283 0.527348 0.390285 0.651033 0.344090 0.636467
2 0.421734 0.523625 0.461412 0.551408 0.387026 0.657641 0.347349 0.629859
0 0.336719 0.621875 0.397656 0.621875 0.397656 0.665625 0.336719 0.665625
2 0.413588 0.551408 0.453266 0.523625 0.527651 0.629859 0.487974 0.657641
2 0.445717 0.527348 0.491913 0.512782 0.530910 0.636467 0.484715 0.651033
2 0.483594 0.514062 0.532031 0.514062 0.532031 0.643750 0.483594 0.643750
2 0.523712 0.512782 0.569908 0.527348 0.530910 0.651033 0.484715 0.636467
2 0.562359 0.523625 0.602037 0.551408 0.527651 0.657641 0.487974 0.629859
0 0.477344 0.621875 0.538281 0.621875 0.538281 0.665625 0.477344 0.665625
2 0.554213 0.551408 0.593891 0.523625 0.668276 0.629859 0.628599 0.657641
2 0.586342 0.527348 0.632538 0.512782 0.671535 0.636467 0.625340 0.651033
2 0.624219 0.514062 0.672656 0.514062 0.672656 0.643750 0.624219 0.643750
2 0.664337 0.512782 0.710533 0.527348 0.671535 0.651033 0.625340 0.636467
2 0.702984 0.523625 0.742662 0.551408 0.668276 0.657641 0.628599 0.629859
0 0.617969 0.621875 0.678906 0.621875 0.678906 0.665625 0.617969 0.665625
2 0.694838 0.551408 0.734516 0.523625 0.808901 0.629859 0.769224 0.657641
2 0.726967 0.527348 0.773163 0.512782 0.812160 0.636467 0.765965 0.651033
2 0.764844 0.514062 0.813281 0.514062 0.813281 0.643750 0.764844 0.643750
2 0.804962 0.512782 0.851158 0.527348 0.812160 0.651033 0.765965 0.636467
2 0.843609 0.523625 0.883287 0.551408 0.808901 0.657641 0.769224 0.629859
0 0.758594 0.621875 0.819531 0.621875 0.819531 0.665625 0.758594 0.665625
2 0.835463 0.551408 0.875141 0.523625 0.949526 0.629859 0.909849 0.657641
2 0.867592 0.527348 0.913788 0.512782 0.952785 0.636467 0.906590 0.651033
2 0.905469 0.514062 0.953906 0.514062 0.953906 0.643750 0.905469 0.643750
2 0.945587 0.512782 0.991783 0.527348 0.952785 0.651033 0.906590 0.636467
0 0.899219 0.621875 0.960156 0.621875 0.960156 0.665625 0.899219 0.665625
2 0.062025 0.667033 0.101703 0.639250 0.176089 0.745484 0.136411 0.773266
2 0.094154 0.642973 0.140350 0.628407 0.179348 0.752092 0.133152 0.766658
2 0.132031 0.629687 0.180469 0.629687 0.180469 0.759375 0.132031 0.759375
2 0.172150 0.628407 0.218346 0.642973 0.179348 0.766658 0.133152 0.752092
2 0.210797 0.639250 0.250475 0.667033 0.176089 0.773266 0.136411 0.745484
0 0.125781 0.737500 0.186719 0.737500 0.186719 0.781250 0.125781 0.781250
2 0.202650 0.667033 0.242328 0.639250 0.316714 0.745484 0.277036 0.773266
2 0.234779 0.642973 0.280975 0.628407 0.319973 0.752092 0.273777 0.766658
2 0.272656 0.629687 0.321094 0.629687 0.321094 0.759375 0.272656 0.759375
2 0.312775 0.628407 0.358971 0.642973 0.319973 0.766658 0.273777 0.752092
2 0.351422 0.639250 0.391100 0.667033 0.316714 0.773266 0.277036 0.745484
0 0.266406 0.737500 0.327344 0.737500 0.327344 0.781250 0.266406 0.781250
2 0.343275 0.667033 0.382953 0.639250 0.457339 0.745484 0.417661 0.773266
2 0.375404 0.642973 0.421600 0.628407 0.460598 0.752092 0.414402 0.766658
2 0.413281 0.629687 0.461719 0.629687 0.461719 0.759375 0.413281 0.759375
2 0.453400 0.628407 0.499596 0.642973 0.460598 0.766658 0.414402 0.752092
2 0.492047 0.639250 0.531725 0.667033 0.457339 0.773266 0.417661 0.745484
0 0.407031 0.737500 0.467969 0.737500 0.467969 0.781250 0.407031 0.781250
2 0.483900 0.667033 0.523578 0.639250 0.597964 0.745484 0.558286 0.773266
2 0.516029 0.642973 0.562225 0.628407 0.601223 0.752092 0.555027 0.766658
2 0.553906 0.629687 0.602344 0.629687 0.602344 0.759375 0.553906 0.759375
2 0.594025 0.628407 0.640221 0.642973 0.601223 0.766658 0.555027 0.752092
2 0.632672 0.639250 0.672350 0.667033 0.597964 0.773266 0.558286 0.745484
0 0.547656 0.737500 0.608594 0.737500 0.608594 0.781250 0.547656 0.781250
2 0.624525 0.667033 0.664203 0.639250 0.738589 0.745484 0.698911 0.773266
2 0.656654 0.642973 0.702850 0.628407 0.741848 0.752092 0.695652 0.766658
2 0.694531 0.629687 0.742969 0.629687 0.742969 0.759375 0.694531 0.759375
2 0.734650 0.628407 0.780846 0.642973 0.741848 0.766658 0.695652 0.752092
2 0.773297 0.639250 0.812975 0.667033 0.738589 0.773266 0.698911 0.745484
0 0.688281 0.737500 0.749219 0.737500 0.749219 0.781250 0.688281 0.781250
2 0.765150 0.667033 0.804828 0.639250 0.879214 0.745484 0.839536 0.773266
2 0.797279 0.642973 0.843475 0.628407 0.882473 0.752092 0.836277 0.766658
2 0.835156 0.629687 0.883594 0.629687 0.883594 0.759375 0.835156 0.759375
2 0.875275 0.628407 0.921471 0.642973 0.882473 0.766658 0.836277 0.752092
2 0.913922 0.639250 0.953600 0.667033 0.879214 0.773266 0.839536 0.745484
0 0.828906 0.737500 0.889844 0.737500 0.889844 0.781250 0.828906 0.781250
2 0.023842 0.758598 0.070038 0.744032 0.109035 0.867717 0.062840 0.882283
2 0.061719 0.745313 0.110156 0.745313 0.110156 0.875000 0.061719 0.875000
2 0.101837 0.744032 0.148033 0.758598 0.109035 0.882283 0.062840 0.867717
2 0.140484 0.754875 0.180162 0.782658 0.105776 0.888891 0.066099 0.861109
0 0.055469 0.853125 0.116406 0.853125 0.116406 0.896875 0.055469 0.896875
2 0.132338 0.782658 0.172016 0.754875 0.246401 0.861109 0.206724 0.888891
2 0.164467 0.758598 0.210663 0.744032 0.249660 0.867717 0.203465 0.882283
2 0.202344 0.745313 0.250781 0.745313 0.250781 0.875000 0.202344 0.875000
2 0.242462 0.744032 0.288658 0.758598 0.249660 0.882283 0.203465 0.867717
2 0.281109 0.754875 0.320787 0.782658 0.246401 0.888891 0.206724 0.861109
0 0.196094 0.853125 0.257031 0.853125 0.257031 0.896875 0.196094 0.896875
2 0.272963 0.782658 0.312641 0.754875 0.387026 0.861109 0.347349 0.888891
2 0.305092 0.758598 0.351288 0.744032 0.390285 0.867717 0.344090 0.882283
2 0.342969 0.745313 0.391406 0.745313 0.391406 0.875000 0.342969 0.875000
2 0.383087 0.744032 0.429283 0.758598 0.390285 0.882283 0.344090 0.867717
2 0.421734 0.754875 0.461412 0.782658 0.387026 0.888891 0.347349 0.861109
0 0.336719 0.853125 0.397656 0.853125 0.397656 0.896875 0.336719 0.896875
2 0.413588 0.782658 0.453266 0.754875 0.527651 0.861109 0.487974 0.888891
2 0.445717 0.758598 0.491913 0.744032 0.530910 0.867717 0.484715 0.882283
2 0.483594 0.745313 0.532031 0.745313 0.532031 0.875000 0.483594 0.875000
2 0.523712 0.744032 0.569908 0.758598 0.530910 0.882283 0.484715 0.867717
2 0.562359 0.754875 0.602037 0.782658 0.527651 0.888891 0.487974 0.861109
0 0.477344 0.853125 0.538281 0.853125 0.538281 0.896875 0.477344 0.896875
2 0.554213 0.782658 0.593891 0.754875 0.668276 0.861109 0.628599 0.888891
2 0.586342 0.758598 0.632538 0.744032 0.671535 0.867717 0.625340 0.882283
2 0.624219 0.745313 0.672656 0.745313 0.672656 0.875000 0.624219 0.875000
2 0.664337 0.744032 0.710533 0.758598 0.671535 0.882283 0.625340 0.867717
2 0.702984 0.754875 0.742662 0.782658 0.668276 0.888891 0.628599 0.861109
0 0.617969 0.853125 0.678906 0.853125 0.678906 0.896875 0.617969 0.896875
2 0.694838 0.782658 0.734516 0.754875 0.808901 0.861109 0.769224 0.888891
2 0.726967 0.758598 0.773163 0.744032 0.812160 0.867717 0.765965 0.882283
2 0.764844 0.745313 0.813281 0.745313 0.813281 0.875000 0.764844 0.875000
2 0.804962 0.744032 0.851158 0.758598 0.812160 0.882283 0.765965 0.867717
2 0.843609 0.754875 0.883287 0.782658 0.808901 0.888891 0.769224 0.861109
0 0.758594 0.853125 0.819531 0.853125 0.819531 0.896875 0.758594 0.896875
2 0.835463 0.782658 0.875141 0.754875 0.949526 0.861109 0.909849 0.888891
2 0.867592 0.758598 0.913788 0.744032 0.952785 0.867717 0.906590 0.882283
2 0.905469 0.745313 0.953906 0.745313 0.953906 0.875000 0.905469 0.875000
2 0.945587 0.744032 0.991783 0.758598 0.952785 0.882283 0.906590 0.867717
0 0.899219 0.853125 0.960156 0.853125 0.960156 0.896875 0.899219 0.896875