3 0.054688 0.051562 0.085938 0.051562 0.085938 0.104688 0.054688 0.104688
3 0.082812 0.048438 0.114062 0.048438 0.114062 0.101562 0.082812 0.101562
3 0.110937 0.045312 0.142187 0.045312 0.142187 0.098437 0.110937 0.098437
3 0.140625 0.051562 0.171875 0.051562 0.171875 0.104688 0.140625 0.104688
3 0.170313 0.046875 0.201563 0.046875 0.201563 0.100000 0.170313 0.100000
3 0.200000 0.048438 0.231250 0.048438 0.231250 0.101562 0.200000 0.101562
3 0.225000 0.048438 0.256250 0.048438 0.256250 0.101562 0.225000 0.101562
3 0.257812 0.051562 0.289062 0.051562 0.289062 0.104688 0.257812 0.104688
3 0.285938 0.051562 0.317188 0.051562 0.317188 0.104688 0.285938 0.104688
3 0.310937 0.053125 0.342187 0.053125 0.342187 0.106250 0.310937 0.106250
3 0.337500 0.051562 0.368750 0.051562 0.368750 0.104688 0.337500 0.104688
3 0.364063 0.053125 0.395313 0.053125 0.395313 0.106250 0.364063 0.106250
3 0.392188 0.045312 0.423438 0.045312 0.423438 0.098437 0.392188 0.098437
3 0.420312 0.053125 0.451562 0.053125 0.451562 0.106250 0.420312 0.106250
3 0.451562 0.051562 0.482812 0.051562 0.482812 0.104688 0.451562 0.104688
3 0.478125 0.046875 0.509375 0.046875 0.509375 0.100000 0.478125 0.100000
3 0.509375 0.048438 0.540625 0.048438 0.540625 0.101562 0.509375 0.101562
3 0.537500 0.050000 0.568750 0.050000 0.568750 0.103125 0.537500 0.103125
3 0.560937 0.045312 0.592187 0.045312 0.592187 0.098437 0.560937 0.098437
3 0.595313 0.046875 0.626563 0.046875 0.626563 0.100000 0.595313 0.100000
3 0.623437 0.051562 0.654687 0.051562 0.654687 0.104688 0.623437 0.104688
3 0.651563 0.048438 0.682813 0.048438 0.682813 0.101562 0.651563 0.101562
3 0.675000 0.054688 0.706250 0.054688 0.706250 0.107813 0.675000 0.107813
3 0.707812 0.045312 0.739062 0.045312 0.739062 0.098437 0.707812 0.098437
3 0.734375 0.054688 0.765625 0.054688 0.765625 0.107813 0.734375 0.107813
3 0.059375 0.103906 0.084375 0.103906 0.084375 0.146094 0.059375 0.146094
3 0.079687 0.107031 0.104688 0.107031 0.104688 0.149219 0.079687 0.149219
3 0.106250 0.107031 0.131250 0.107031 0.131250 0.149219 0.106250 0.149219
3 0.126562 0.103906 0.151562 0.103906 0.151562 0.146094 0.126562 0.146094
3 0.146875 0.102344 0.171875 0.102344 0.171875 0.144531 0.146875 0.144531
3 0.168750 0.099219 0.193750 0.099219 0.193750 0.141406 0.168750 0.141406
3 0.192188 0.103906 0.217188 0.103906 0.217188 0.146094 0.192188 0.146094
3 0.214062 0.103906 0.239063 0.103906 0.239063 0.146094 0.214062 0.146094
3 0.239063 0.100781 0.264062 0.100781 0.264062 0.142969 0.239063 0.142969
3 0.257812 0.099219 0.282813 0.099219 0.282813 0.141406 0.257812 0.141406
3 0.282813 0.107031 0.307812 0.107031 0.307812 0.149219 0.282813 0.149219
3 0.304688 0.103906 0.329688 0.103906 0.329688 0.146094 0.304688 0.146094
3 0.323437 0.100781 0.348438 0.100781 0.348438 0.142969 0.323437 0.142969
3 0.342187 0.102344 0.367188 0.102344 0.367188 0.144531 0.342187 0.144531
3 0.370312 0.102344 0.395313 0.102344 0.395313 0.144531 0.370312 0.144531
3 0.389062 0.105469 0.414062 0.105469 0.414062 0.147656 0.389062 0.147656
3 0.412500 0.105469 0.437500 0.105469 0.437500 0.147656 0.412500 0.147656
3 0.432812 0.100781 0.457813 0.100781 0.457813 0.142969 0.432812 0.142969
3 0.451562 0.108594 0.476562 0.108594 0.476562 0.150781 0.451562 0.150781
3 0.478125 0.105469 0.503125 0.105469 0.503125 0.147656 0.478125 0.147656
3 0.495312 0.099219 0.520312 0.099219 0.520312 0.141406 0.495312 0.141406
3 0.523438 0.102344 0.548438 0.102344 0.548438 0.144531 0.523438 0.144531
3 0.542188 0.107031 0.567187 0.107031 0.567187 0.149219 0.542188 0.149219
3 0.562500 0.108594 0.587500 0.108594 0.587500 0.150781 0.562500 0.150781
3 0.585938 0.103906 0.610938 0.103906 0.610938 0.146094 0.585938 0.146094
1 0.059375 0.150781 0.081250 0.150781 0.081250 0.174219 0.059375 0.174219
1 0.084375 0.147656 0.106250 0.147656 0.106250 0.171094 0.084375 0.171094
1 0.104688 0.150781 0.126562 0.150781 0.126562 0.174219 0.104688 0.174219
1 0.123438 0.152344 0.145313 0.152344 0.145313 0.175781 0.123438 0.175781
1 0.145313 0.155469 0.167187 0.155469 0.167187 0.178906 0.145313 0.178906
1 0.165625 0.157031 0.187500 0.157031 0.187500 0.180469 0.165625 0.180469
1 0.184375 0.152344 0.206250 0.152344 0.206250 0.175781 0.184375 0.175781
1 0.207813 0.157031 0.229687 0.157031 0.229687 0.180469 0.207813 0.180469
1 0.223438 0.153906 0.245312 0.153906 0.245312 0.177344 0.223438 0.177344
1 0.243750 0.153906 0.265625 0.153906 0.265625 0.177344 0.243750 0.177344
1 0.267188 0.150781 0.289062 0.150781 0.289062 0.174219 0.267188 0.174219
1 0.289062 0.153906 0.310937 0.153906 0.310937 0.177344 0.289062 0.177344
1 0.309375 0.150781 0.331250 0.150781 0.331250 0.174219 0.309375 0.174219
1 0.329688 0.157031 0.351562 0.157031 0.351562 0.180469 0.329688 0.180469
1 0.343750 0.149219 0.365625 0.149219 0.365625 0.172656 0.343750 0.172656
1 0.365625 0.155469 0.387500 0.155469 0.387500 0.178906 0.365625 0.178906
1 0.389062 0.157031 0.410938 0.157031 0.410938 0.180469 0.389062 0.180469
1 0.409375 0.147656 0.431250 0.147656 0.431250 0.171094 0.409375 0.171094
1 0.429688 0.149219 0.451562 0.149219 0.451562 0.172656 0.429688 0.172656
1 0.445312 0.155469 0.467187 0.155469 0.467187 0.178906 0.445312 0.178906
1 0.465625 0.150781 0.487500 0.150781 0.487500 0.174219 0.465625 0.174219
1 0.489063 0.147656 0.510938 0.147656 0.510938 0.171094 0.489063 0.171094
1 0.512500 0.152344 0.534375 0.152344 0.534375 0.175781 0.512500 0.175781
1 0.528125 0.147656 0.550000 0.147656 0.550000 0.171094 0.528125 0.171094
1 0.553125 0.157031 0.575000 0.157031 0.575000 0.180469 0.553125 0.180469
3 0.022656 0.098437 0.121094 0.098437 0.121094 0.267188 0.022656 0.267188
3 0.117969 0.098437 0.216406 0.098437 0.216406 0.267188 0.117969 0.267188
3 0.210156 0.103125 0.308594 0.103125 0.308594 0.271875 0.210156 0.271875
3 0.303906 0.098437 0.402344 0.098437 0.402344 0.267188 0.303906 0.267188
3 0.396094 0.107813 0.494531 0.107813 0.494531 0.276562 0.396094 0.276562
3 0.491406 0.106250 0.589844 0.106250 0.589844 0.275000 0.491406 0.275000
3 0.588281 0.103125 0.686719 0.103125 0.686719 0.271875 0.588281 0.271875
3 0.683594 0.107813 0.782031 0.107813 0.782031 0.276562 0.683594 0.276562
3 0.772656 0.098437 0.871094 0.098437 0.871094 0.267188 0.772656 0.267188
3 0.028906 0.253125 0.121094 0.253125 0.121094 0.409375 0.028906 0.409375
3 0.116406 0.257812 0.208594 0.257812 0.208594 0.414062 0.116406 0.414062
3 0.203906 0.254688 0.296094 0.254688 0.296094 0.410938 0.203906 0.410938
3 0.291406 0.260937 0.383594 0.260937 0.383594 0.417187 0.291406 0.417187
3 0.378906 0.253125 0.471094 0.253125 0.471094 0.409375 0.378906 0.409375
3 0.467969 0.259375 0.560156 0.259375 0.560156 0.415625 0.467969 0.415625
3 0.555469 0.257812 0.647656 0.257812 0.647656 0.414062 0.555469 0.414062
3 0.639844 0.256250 0.732031 0.256250 0.732031 0.412500 0.639844 0.412500
3 0.728906 0.259375 0.821094 0.259375 0.821094 0.415625 0.728906 0.415625
3 0.814844 0.253125 0.907031 0.253125 0.907031 0.409375 0.814844 0.409375
1 0.068750 0.494531 0.078125 0.494531 0.078125 0.505469 0.068750 0.505469
1 0.081250 0.494531 0.090625 0.494531 0.090625 0.505469 0.081250 0.505469
1 0.093750 0.494531 0.103125 0.494531 0.103125 0.505469 0.093750 0.505469
1 0.103125 0.491406 0.112500 0.491406 0.112500 0.502344 0.103125 0.502344
1 0.115625 0.491406 0.125000 0.491406 0.125000 0.502344 0.115625 0.502344
1 0.132812 0.497656 0.142187 0.497656 0.142187 0.508594 0.132812 0.508594
1 0.145313 0.491406 0.154688 0.491406 0.154688 0.502344 0.145313 0.502344
1 0.153125 0.494531 0.162500 0.494531 0.162500 0.505469 0.153125 0.505469
1 0.167187 0.488281 0.176563 0.488281 0.176563 0.499219 0.167187 0.499219
1 0.178125 0.494531 0.187500 0.494531 0.187500 0.505469 0.178125 0.505469
1 0.195312 0.492969 0.204687 0.492969 0.204687 0.503906 0.195312 0.503906
1 0.203125 0.496094 0.212500 0.496094 0.212500 0.507031 0.203125 0.507031
1 0.221875 0.492969 0.231250 0.492969 0.231250 0.503906 0.221875 0.503906
1 0.231250 0.496094 0.240625 0.496094 0.240625 0.507031 0.231250 0.507031
1 0.246875 0.489844 0.256250 0.489844 0.256250 0.500781 0.246875 0.500781
1 0.253125 0.491406 0.262500 0.491406 0.262500 0.502344 0.253125 0.502344
1 0.271875 0.489844 0.281250 0.489844 0.281250 0.500781 0.271875 0.500781
1 0.284375 0.489844 0.293750 0.489844 0.293750 0.500781 0.284375 0.500781
1 0.292187 0.494531 0.301563 0.494531 0.301563 0.505469 0.292187 0.505469
1 0.303125 0.491406 0.312500 0.491406 0.312500 0.502344 0.303125 0.502344
1 0.315625 0.488281 0.325000 0.488281 0.325000 0.499219 0.315625 0.499219
1 0.334375 0.494531 0.343750 0.494531 0.343750 0.505469 0.334375 0.505469
1 0.342187 0.494531 0.351562 0.494531 0.351562 0.505469 0.342187 0.505469
1 0.354687 0.497656 0.364063 0.497656 0.364063 0.508594 0.354687 0.508594
1 0.367188 0.496094 0.376563 0.496094 0.376563 0.507031 0.367188 0.507031
3 0.056250 0.488281 0.084375 0.488281 0.084375 0.536719 0.056250 0.536719
3 0.082812 0.491406 0.110937 0.491406 0.110937 0.539844 0.082812 0.539844
3 0.104688 0.491406 0.132812 0.491406 0.132812 0.539844 0.104688 0.539844
3 0.121875 0.483594 0.150000 0.483594 0.150000 0.532031 0.121875 0.532031
3 0.146875 0.491406 0.175000 0.491406 0.175000 0.539844 0.146875 0.539844
3 0.167187 0.488281 0.195312 0.488281 0.195312 0.536719 0.167187 0.536719
3 0.192188 0.482031 0.220312 0.482031 0.220312 0.530469 0.192188 0.530469
3 0.212500 0.486719 0.240625 0.486719 0.240625 0.535156 0.212500 0.535156
3 0.231250 0.489844 0.259375 0.489844 0.259375 0.538281 0.231250 0.538281
3 0.257812 0.489844 0.285938 0.489844 0.285938 0.538281 0.257812 0.538281
3 0.275000 0.486719 0.303125 0.486719 0.303125 0.535156 0.275000 0.535156
3 0.303125 0.486719 0.331250 0.486719 0.331250 0.535156 0.303125 0.535156
3 0.321875 0.488281 0.350000 0.488281 0.350000 0.536719 0.321875 0.536719
3 0.340625 0.483594 0.368750 0.483594 0.368750 0.532031 0.340625 0.532031
3 0.362500 0.488281 0.390625 0.488281 0.390625 0.536719 0.362500 0.536719
3 0.389062 0.483594 0.417187 0.483594 0.417187 0.532031 0.389062 0.532031
3 0.412500 0.486719 0.440625 0.486719 0.440625 0.535156 0.412500 0.535156
3 0.431250 0.483594 0.459375 0.483594 0.459375 0.532031 0.431250 0.532031
3 0.451562 0.482031 0.479687 0.482031 0.479687 0.530469 0.451562 0.530469
3 0.476562 0.488281 0.504687 0.488281 0.504687 0.536719 0.476562 0.536719
3 0.498437 0.489844 0.526563 0.489844 0.526563 0.538281 0.498437 0.538281
3 0.517188 0.483594 0.545312 0.483594 0.545312 0.532031 0.517188 0.532031
3 0.543750 0.491406 0.571875 0.491406 0.571875 0.539844 0.543750 0.539844
3 0.559375 0.491406 0.587500 0.491406 0.587500 0.539844 0.559375 0.539844
3 0.585938 0.489844 0.614062 0.489844 0.614062 0.538281 0.585938 0.538281
3 0.069531 0.546094 0.080469 0.546094 0.080469 0.566406 0.069531 0.566406
3 0.082031 0.549219 0.092969 0.549219 0.092969 0.569531 0.082031 0.569531
3 0.092969 0.549219 0.103906 0.549219 0.103906 0.569531 0.092969 0.569531
3 0.102344 0.549219 0.113281 0.549219 0.113281 0.569531 0.102344 0.569531
3 0.119531 0.550781 0.130469 0.550781 0.130469 0.571094 0.119531 0.571094
3 0.127344 0.553906 0.138281 0.553906 0.138281 0.574219 0.127344 0.574219
3 0.142969 0.544531 0.153906 0.544531 0.153906 0.564844 0.142969 0.564844
3 0.155469 0.547656 0.166406 0.547656 0.166406 0.567969 0.155469 0.567969
3 0.169531 0.553906 0.180469 0.553906 0.180469 0.574219 0.169531 0.574219
3 0.183594 0.549219 0.194531 0.549219 0.194531 0.569531 0.183594 0.569531
3 0.192969 0.547656 0.203906 0.547656 0.203906 0.567969 0.192969 0.567969
3 0.205469 0.546094 0.216406 0.546094 0.216406 0.566406 0.205469 0.566406
3 0.217969 0.552344 0.228906 0.552344 0.228906 0.572656 0.217969 0.572656
3 0.230469 0.546094 0.241406 0.546094 0.241406 0.566406 0.230469 0.566406
3 0.246094 0.550781 0.257031 0.550781 0.257031 0.571094 0.246094 0.571094
3 0.253906 0.547656 0.264844 0.547656 0.264844 0.567969 0.253906 0.567969
3 0.266406 0.550781 0.277344 0.550781 0.277344 0.571094 0.266406 0.571094
3 0.280469 0.547656 0.291406 0.547656 0.291406 0.567969 0.280469 0.567969
3 0.291406 0.550781 0.302344 0.550781 0.302344 0.571094 0.291406 0.571094
3 0.305469 0.549219 0.316406 0.549219 0.316406 0.569531 0.305469 0.569531
3 0.319531 0.544531 0.330469 0.544531 0.330469 0.564844 0.319531 0.564844
3 0.328906 0.544531 0.339844 0.544531 0.339844 0.564844 0.328906 0.564844
3 0.341406 0.546094 0.352344 0.546094 0.352344 0.566406 0.341406 0.566406
3 0.357031 0.544531 0.367969 0.544531 0.367969 0.564844 0.357031 0.564844
3 0.364844 0.553906 0.375781 0.553906 0.375781 0.574219 0.364844 0.574219
1 0.061719 0.558594 0.082031 0.558594 0.082031 0.585156 0.061719 0.585156
1 0.082031 0.566406 0.102344 0.566406 0.102344 0.592969 0.082031 0.592969
1 0.099219 0.558594 0.119531 0.558594 0.119531 0.585156 0.099219 0.585156
1 0.119531 0.558594 0.139844 0.558594 0.139844 0.585156 0.119531 0.585156
1 0.139844 0.563281 0.160156 0.563281 0.160156 0.589844 0.139844 0.589844
1 0.153906 0.560156 0.174219 0.560156 0.174219 0.586719 0.153906 0.586719
1 0.174219 0.558594 0.194531 0.558594 0.194531 0.585156 0.174219 0.585156
1 0.196094 0.558594 0.216406 0.558594 0.216406 0.585156 0.196094 0.585156
1 0.213281 0.560156 0.233594 0.560156 0.233594 0.586719 0.213281 0.586719
1 0.230469 0.567969 0.250781 0.567969 0.250781 0.594531 0.230469 0.594531
1 0.249219 0.566406 0.269531 0.566406 0.269531 0.592969 0.249219 0.592969
1 0.269531 0.561719 0.289844 0.561719 0.289844 0.588281 0.269531 0.588281
1 0.286719 0.564844 0.307031 0.564844 0.307031 0.591406 0.286719 0.591406
1 0.308594 0.558594 0.328906 0.558594 0.328906 0.585156 0.308594 0.585156
1 0.324219 0.558594 0.344531 0.558594 0.344531 0.585156 0.324219 0.585156
1 0.347656 0.558594 0.367969 0.558594 0.367969 0.585156 0.347656 0.585156
1 0.361719 0.567969 0.382031 0.567969 0.382031 0.594531 0.361719 0.594531
1 0.385156 0.563281 0.405469 0.563281 0.405469 0.589844 0.385156 0.589844
1 0.399219 0.561719 0.419531 0.561719 0.419531 0.588281 0.399219 0.588281
1 0.416406 0.560156 0.436719 0.560156 0.436719 0.586719 0.416406 0.586719
1 0.439844 0.567969 0.460156 0.567969 0.460156 0.594531 0.439844 0.594531
1 0.455469 0.564844 0.475781 0.564844 0.475781 0.591406 0.455469 0.591406
1 0.472656 0.563281 0.492969 0.563281 0.492969 0.589844 0.472656 0.589844
1 0.496094 0.566406 0.516406 0.566406 0.516406 0.592969 0.496094 0.592969
1 0.516406 0.563281 0.536719 0.563281 0.536719 0.589844 0.516406 0.589844
3 0.042969 0.556250 0.097656 0.556250 0.097656 0.650000 0.042969 0.650000
3 0.096094 0.554688 0.150781 0.554688 0.150781 0.648438 0.096094 0.648438
3 0.155469 0.553125 0.210156 0.553125 0.210156 0.646875 0.155469 0.646875
3 0.205469 0.554688 0.260156 0.554688 0.260156 0.648438 0.205469 0.648438
3 0.260156 0.551562 0.314844 0.551562 0.314844 0.645312 0.260156 0.645312
3 0.310156 0.553125 0.364844 0.553125 0.364844 0.646875 0.310156 0.646875
3 0.366406 0.553125 0.421094 0.553125 0.421094 0.646875 0.366406 0.646875
3 0.417969 0.556250 0.472656 0.556250 0.472656 0.650000 0.417969 0.650000
3 0.471094 0.553125 0.525781 0.553125 0.525781 0.646875 0.471094 0.646875
3 0.527344 0.553125 0.582031 0.553125 0.582031 0.646875 0.527344 0.646875
3 0.580469 0.550000 0.635156 0.550000 0.635156 0.643750 0.580469 0.643750
3 0.632031 0.553125 0.686719 0.553125 0.686719 0.646875 0.632031 0.646875
3 0.682031 0.556250 0.736719 0.556250 0.736719 0.650000 0.682031 0.650000
3 0.733594 0.551562 0.788281 0.551562 0.788281 0.645312 0.733594 0.645312
3 0.788281 0.556250 0.842969 0.556250 0.842969 0.650000 0.788281 0.650000
3 0.841406 0.551562 0.896094 0.551562 0.896094 0.645312 0.841406 0.645312
3 0.899219 0.556250 0.953906 0.556250 0.953906 0.650000 0.899219 0.650000