2 0.000657 0.067560 0.039970 0.042030 0.135281 0.188798 0.095969 0.214327
2 0.059227 0.034250 0.105240 0.025306 0.138632 0.197090 0.092618 0.206035
2 0.126010 0.025306 0.172023 0.034250 0.138632 0.206035 0.092618 0.197090
2 0.191280 0.042030 0.230593 0.067560 0.135281 0.214327 0.095969 0.188798
2 0.180344 0.067560 0.219657 0.042030 0.314969 0.188798 0.275656 0.214327
2 0.238914 0.034250 0.284928 0.025306 0.318319 0.197090 0.272306 0.206035
2 0.305697 0.025306 0.351711 0.034250 0.318319 0.206035 0.272306 0.197090
2 0.370968 0.042030 0.410281 0.067560 0.314969 0.214327 0.275656 0.188798
2 0.360032 0.067560 0.399345 0.042030 0.494656 0.188798 0.455344 0.214327
2 0.418602 0.034250 0.464615 0.025306 0.498007 0.197090 0.451993 0.206035
2 0.485385 0.025306 0.531398 0.034250 0.498007 0.206035 0.451993 0.197090
2 0.550655 0.042030 0.589968 0.067560 0.494656 0.214327 0.455344 0.188798
2 0.539719 0.067560 0.579032 0.042030 0.674344 0.188798 0.635031 0.214327
2 0.598289 0.034250 0.644303 0.025306 0.677694 0.197090 0.631681 0.206035
2 0.665072 0.025306 0.711086 0.034250 0.677694 0.206035 0.631681 0.197090
2 0.730343 0.042030 0.769656 0.067560 0.674344 0.214327 0.635031 0.188798
2 0.719407 0.067560 0.758720 0.042030 0.854031 0.188798 0.814719 0.214327
2 0.777977 0.034250 0.823990 0.025306 0.857382 0.197090 0.811368 0.206035
2 0.844760 0.025306 0.890773 0.034250 0.857382 0.206035 0.811368 0.197090
2 0.910030 0.042030 0.949343 0.067560 0.854031 0.214327 0.814719 0.188798
2 0.036947 0.181556 0.082961 0.190500 0.049569 0.362285 0.003556 0.353340
2 0.102218 0.198280 0.141531 0.223810 0.046219 0.370577 0.006906 0.345048
2 0.091282 0.223810 0.130595 0.198280 0.225906 0.345048 0.186594 0.370577
2 0.149852 0.190500 0.195865 0.181556 0.229257 0.353340 0.183243 0.362285
2 0.216635 0.181556 0.262648 0.190500 0.229257 0.362285 0.183243 0.353340
2 0.281905 0.198280 0.321218 0.223810 0.225906 0.370577 0.186594 0.345048
2 0.270969 0.223810 0.310282 0.198280 0.405594 0.345048 0.366281 0.370577
2 0.329539 0.190500 0.375553 0.181556 0.408944 0.353340 0.362931 0.362285
2 0.396322 0.181556 0.442336 0.190500 0.408944 0.362285 0.362931 0.353340
2 0.461593 0.198280 0.500906 0.223810 0.405594 0.370577 0.366281 0.345048
2 0.450657 0.223810 0.489970 0.198280 0.585281 0.345048 0.545969 0.370577
2 0.509227 0.190500 0.555240 0.181556 0.588632 0.353340 0.542618 0.362285
2 0.576010 0.181556 0.622023 0.190500 0.588632 0.362285 0.542618 0.353340
2 0.641280 0.198280 0.680593 0.223810 0.585281 0.370577 0.545969 0.345048
2 0.630344 0.223810 0.669657 0.198280 0.764969 0.345048 0.725656 0.370577
2 0.688914 0.190500 0.734928 0.181556 0.768319 0.353340 0.722306 0.362285
2 0.755697 0.181556 0.801711 0.190500 0.768319 0.362285 0.722306 0.353340
2 0.820968 0.198280 0.860281 0.223810 0.764969 0.370577 0.725656 0.345048
2 0.810032 0.223810 0.849345 0.198280 0.944656 0.345048 0.905344 0.370577
2 0.868602 0.190500 0.914615 0.181556 0.948007 0.353340 0.901993 0.362285
2 0.935385 0.181556 0.981398 0.190500 0.948007 0.362285 0.901993 0.353340
2 0.000657 0.380060 0.039970 0.354530 0.135281 0.501298 0.095969 0.526827
2 0.059227 0.346750 0.105240 0.337806 0.138632 0.509590 0.092618 0.518535
2 0.126010 0.337806 0.172023 0.346750 0.138632 0.518535 0.092618 0.509590
2 0.191280 0.354530 0.230593 0.380060 0.135281 0.526827 0.095969 0.501298
2 0.180344 0.380060 0.219657 0.354530 0.314969 0.501298 0.275656 0.526827
2 0.238914 0.346750 0.284928 0.337806 0.318319 0.509590 0.272306 0.518535
2 0.305697 0.337806 0.351711 0.346750 0.318319 0.518535 0.272306 0.509590
2 0.370968 0.354530 0.410281 0.380060 0.314969 0.526827 0.275656 0.501298
2 0.360032 0.380060 0.399345 0.354530 0.494656 0.501298 0.455344 0.526827
2 0.418602 0.346750 0.464615 0.337806 0.498007 0.509590 0.451993 0.518535
2 0.485385 0.337806 0.531398 0.346750 0.498007 0.518535 0.451993 0.509590
2 0.550655 0.354530 0.589968 0.380060 0.494656 0.526827 0.455344 0.501298
2 0.539719 0.380060 0.579032 0.354530 0.674344 0.501298 0.635031 0.526827
2 0.598289 0.346750 0.644303 0.337806 0.677694 0.509590 0.631681 0.518535
2 0.665072 0.337806 0.711086 0.346750 0.677694 0.518535 0.631681 0.509590
2 0.730343 0.354530 0.769656 0.380060 0.674344 0.526827 0.635031 0.501298
2 0.719407 0.380060 0.758720 0.354530 0.854031 0.501298 0.814719 0.526827
2 0.777977 0.346750 0.823990 0.337806 0.857382 0.509590 0.811368 0.518535
2 0.844760 0.337806 0.890773 0.346750 0.857382 0.518535 0.811368 0.509590
2 0.910030 0.354530 0.949343 0.380060 0.854031 0.526827 0.814719 0.501298
2 0.036947 0.494056 0.082961 0.503000 0.049569 0.674785 0.003556 0.665840
2 0.102218 0.510780 0.141531 0.536310 0.046219 0.683077 0.006906 0.657548
2 0.091282 0.536310 0.130595 0.510780 0.225906 0.657548 0.186594 0.683077
2 0.149852 0.503000 0.195865 0.494056 0.229257 0.665840 0.183243 0.674785
2 0.216635 0.494056 0.262648 0.503000 0.229257 0.674785 0.183243 0.665840
2 0.281905 0.510780 0.321218 0.536310 0.225906 0.683077 0.186594 0.657548
2 0.270969 0.536310 0.310282 0.510780 0.405594 0.657548 0.366281 0.683077
2 0.329539 0.503000 0.375553 0.494056 0.408944 0.665840 0.362931 0.674785
2 0.396322 0.494056 0.442336 0.503000 0.408944 0.674785 0.362931 0.665840
2 0.461593 0.510780 0.500906 0.536310 0.405594 0.683077 0.366281 0.657548
2 0.450657 0.536310 0.489970 0.510780 0.585281 0.657548 0.545969 0.683077
2 0.509227 0.503000 0.555240 0.494056 0.588632 0.665840 0.542618 0.674785
2 0.576010 0.494056 0.622023 0.503000 0.588632 0.674785 0.542618 0.665840
2 0.641280 0.510780 0.680593 0.536310 0.585281 0.683077 0.545969 0.657548
2 0.630344 0.536310 0.669657 0.510780 0.764969 0.657548 0.725656 0.683077
2 0.688914 0.503000 0.734928 0.494056 0.768319 0.665840 0.722306 0.674785
2 0.755697 0.494056 0.801711 0.503000 0.768319 0.674785 0.722306 0.665840
2 0.820968 0.510780 0.860281 0.536310 0.764969 0.683077 0.725656 0.657548
2 0.810032 0.536310 0.849345 0.510780 0.944656 0.657548 0.905344 0.683077
2 0.868602 0.503000 0.914615 0.494056 0.948007 0.665840 0.901993 0.674785
2 0.935385 0.494056 0.981398 0.503000 0.948007 0.674785 0.901993 0.665840
2 0.000657 0.692560 0.039970 0.667030 0.135281 0.813798 0.095969 0.839327
2 0.059227 0.659250 0.105240 0.650306 0.138632 0.822090 0.092618 0.831035
2 0.126010 0.650306 0.172023 0.659250 0.138632 0.831035 0.092618 0.822090
2 0.191280 0.667030 0.230593 0.692560 0.135281 0.839327 0.095969 0.813798
2 0.180344 0.692560 0.219657 0.667030 0.314969 0.813798 0.275656 0.839327
2 0.238914 0.659250 0.284928 0.650306 0.318319 0.822090 0.272306 0.831035
2 0.305697 0.650306 0.351711 0.659250 0.318319 0.831035 0.272306 0.822090
2 0.370968 0.667030 0.410281 0.692560 0.314969 0.839327 0.275656 0.813798
2 0.360032 0.692560 0.399345 0.667030 0.494656 0.813798 0.455344 0.839327
2 0.418602 0.659250 0.464615 0.650306 0.498007 0.822090 0.451993 0.831035
2 0.485385 0.650306 0.531398 0.659250 0.498007 0.831035 0.451993 0.822090
2 0.550655 0.667030 0.589968 0.692560 0.494656 0.839327 0.455344 0.813798
2 0.539719 0.692560 0.579032 0.667030 0.674344 0.813798 0.635031 0.839327
2 0.598289 0.659250 0.644303 0.650306 0.677694 0.822090 0.631681 0.831035
2 0.665072 0.650306 0.711086 0.659250 0.677694 0.831035 0.631681 0.822090
2 0.730343 0.667030 0.769656 0.692560 0.674344 0.839327 0.635031 0.813798
2 0.719407 0.692560 0.758720 0.667030 0.854031 0.813798 0.814719 0.839327
2 0.777977 0.659250 0.823990 0.650306 0.857382 0.822090 0.811368 0.831035
2 0.844760 0.650306 0.890773 0.659250 0.857382 0.831035 0.811368 0.822090
2 0.910030 0.667030 0.949343 0.692560 0.854031 0.839327 0.814719 0.813798