2 0.022070 0.105923 0.084036 0.076145 0.154421 0.222611 0.092454 0.252389
2 0.053827 0.086694 0.120860 0.071424 0.156954 0.229865 0.089921 0.245135
2 0.089063 0.075000 0.157812 0.075000 0.157812 0.237500 0.089063 0.237500
2 0.126015 0.071424 0.193048 0.086694 0.156954 0.245135 0.089921 0.229865
2 0.162839 0.076145 0.224805 0.105923 0.154421 0.252389 0.092454 0.222611
2 0.197694 0.088927 0.251498 0.131725 0.150340 0.258899 0.096535 0.216101
2 0.187564 0.131725 0.241369 0.088927 0.342527 0.216101 0.288723 0.258899
2 0.214257 0.105923 0.276224 0.076145 0.346608 0.222611 0.284642 0.252389
2 0.246015 0.086694 0.313048 0.071424 0.349141 0.229865 0.282109 0.245135
2 0.281250 0.075000 0.350000 0.075000 0.350000 0.237500 0.281250 0.237500
2 0.318202 0.071424 0.385235 0.086694 0.349141 0.245135 0.282109 0.229865
2 0.355026 0.076145 0.416993 0.105923 0.346608 0.252389 0.284642 0.222611
2 0.389881 0.088927 0.443686 0.131725 0.342527 0.258899 0.288723 0.216101
2 0.379752 0.131725 0.433556 0.088927 0.534715 0.216101 0.480910 0.258899
2 0.406445 0.105923 0.468411 0.076145 0.538796 0.222611 0.476829 0.252389
2 0.438202 0.086694 0.505235 0.071424 0.541329 0.229865 0.474296 0.245135
2 0.473438 0.075000 0.542188 0.075000 0.542188 0.237500 0.473438 0.237500
2 0.510390 0.071424 0.577423 0.086694 0.541329 0.245135 0.474296 0.229865
2 0.547214 0.076145 0.609180 0.105923 0.538796 0.252389 0.476829 0.222611
2 0.582069 0.088927 0.635873 0.131725 0.534715 0.258899 0.480910 0.216101
2 0.571939 0.131725 0.625744 0.088927 0.726902 0.216101 0.673098 0.258899
2 0.598632 0.105923 0.660599 0.076145 0.730983 0.222611 0.669017 0.252389
2 0.630390 0.086694 0.697423 0.071424 0.733516 0.229865 0.666484 0.245135
2 0.665625 0.075000 0.734375 0.075000 0.734375 0.237500 0.665625 0.237500
2 0.702577 0.071424 0.769610 0.086694 0.733516 0.245135 0.666484 0.229865
2 0.739401 0.076145 0.801368 0.105923 0.730983 0.252389 0.669017 0.222611
2 0.774256 0.088927 0.828061 0.131725 0.726902 0.258899 0.673098 0.216101
2 0.764127 0.131725 0.817931 0.088927 0.919090 0.216101 0.865285 0.258899
2 0.790820 0.105923 0.852786 0.076145 0.923171 0.222611 0.861204 0.252389
2 0.822577 0.086694 0.889610 0.071424 0.925704 0.229865 0.858671 0.245135
2 0.857812 0.075000 0.926562 0.075000 0.926562 0.237500 0.857812 0.237500
2 0.894765 0.071424 0.961798 0.086694 0.925704 0.245135 0.858671 0.229865
2 0.931589 0.076145 0.993555 0.105923 0.923171 0.252389 0.861204 0.222611
2 0.102381 0.234240 0.156186 0.277038 0.055027 0.404211 0.001223 0.361414
2 0.092252 0.277038 0.146056 0.234240 0.247215 0.361414 0.193410 0.404211
2 0.118945 0.251236 0.180911 0.221458 0.251296 0.367923 0.189329 0.397702
2 0.150702 0.232007 0.217735 0.216736 0.253829 0.375177 0.186796 0.390448
2 0.185938 0.220312 0.254688 0.220312 0.254688 0.382812 0.185938 0.382812
2 0.222890 0.216736 0.289923 0.232007 0.253829 0.390448 0.186796 0.375177
2 0.259714 0.221458 0.321680 0.251236 0.251296 0.397702 0.189329 0.367923
2 0.294569 0.234240 0.348373 0.277038 0.247215 0.404211 0.193410 0.361414
2 0.284439 0.277038 0.338244 0.234240 0.439402 0.361414 0.385598 0.404211
2 0.311132 0.251236 0.373099 0.221458 0.443483 0.367923 0.381517 0.397702
2 0.342890 0.232007 0.409923 0.216736 0.446016 0.375177 0.378984 0.390448
2 0.378125 0.220312 0.446875 0.220312 0.446875 0.382812 0.378125 0.382812
2 0.415077 0.216736 0.482110 0.232007 0.446016 0.390448 0.378984 0.375177
2 0.451901 0.221458 0.513868 0.251236 0.443483 0.397702 0.381517 0.367923
2 0.486756 0.234240 0.540561 0.277038 0.439402 0.404211 0.385598 0.361414
2 0.476627 0.277038 0.530431 0.234240 0.631590 0.361414 0.577785 0.404211
2 0.503320 0.251236 0.565286 0.221458 0.635671 0.367923 0.573704 0.397702
2 0.535077 0.232007 0.602110 0.216736 0.638204 0.375177 0.571171 0.390448
2 0.570312 0.220312 0.639062 0.220312 0.639062 0.382812 0.570312 0.382812
2 0.607265 0.216736 0.674298 0.232007 0.638204 0.390448 0.571171 0.375177
2 0.644089 0.221458 0.706055 0.251236 0.635671 0.397702 0.573704 0.367923
2 0.678944 0.234240 0.732748 0.277038 0.631590 0.404211 0.577785 0.361414
2 0.668814 0.277038 0.722619 0.234240 0.823777 0.361414 0.769973 0.404211
2 0.695507 0.251236 0.757474 0.221458 0.827858 0.367923 0.765892 0.397702
2 0.727265 0.232007 0.794298 0.216736 0.830391 0.375177 0.763359 0.390448
2 0.762500 0.220312 0.831250 0.220312 0.831250 0.382812 0.762500 0.382812
2 0.799452 0.216736 0.866485 0.232007 0.830391 0.390448 0.763359 0.375177
2 0.836276 0.221458 0.898243 0.251236 0.827858 0.397702 0.765892 0.367923
2 0.871131 0.234240 0.924936 0.277038 0.823777 0.404211 0.769973 0.361414
2 0.022070 0.396548 0.084036 0.366770 0.154421 0.513236 0.092454 0.543014
2 0.053827 0.377319 0.120860 0.362049 0.156954 0.520490 0.089921 0.535760
2 0.089063 0.365625 0.157812 0.365625 0.157812 0.528125 0.089063 0.528125
2 0.126015 0.362049 0.193048 0.377319 0.156954 0.535760 0.089921 0.520490
2 0.162839 0.366770 0.224805 0.396548 0.154421 0.543014 0.092454 0.513236
2 0.197694 0.379552 0.251498 0.422350 0.150340 0.549524 0.096535 0.506726
2 0.187564 0.422350 0.241369 0.379552 0.342527 0.506726 0.288723 0.549524
2 0.214257 0.396548 0.276224 0.366770 0.346608 0.513236 0.284642 0.543014
2 0.246015 0.377319 0.313048 0.362049 0.349141 0.520490 0.282109 0.535760
2 0.281250 0.365625 0.350000 0.365625 0.350000 0.528125 0.281250 0.528125
2 0.318202 0.362049 0.385235 0.377319 0.349141 0.535760 0.282109 0.520490
2 0.355026 0.366770 0.416993 0.396548 0.346608 0.543014 0.284642 0.513236
2 0.389881 0.379552 0.443686 0.422350 0.342527 0.549524 0.288723 0.506726
2 0.379752 0.422350 0.433556 0.379552 0.534715 0.506726 0.480910 0.549524
2 0.406445 0.396548 0.468411 0.366770 0.538796 0.513236 0.476829 0.543014
2 0.438202 0.377319 0.505235 0.362049 0.541329 0.520490 0.474296 0.535760
2 0.473438 0.365625 0.542188 0.365625 0.542188 0.528125 0.473438 0.528125
2 0.510390 0.362049 0.577423 0.377319 0.541329 0.535760 0.474296 0.520490
2 0.547214 0.366770 0.609180 0.396548 0.538796 0.543014 0.476829 0.513236
2 0.582069 0.379552 0.635873 0.422350 0.534715 0.549524 0.480910 0.506726
2 0.571939 0.422350 0.625744 0.379552 0.726902 0.506726 0.673098 0.549524
2 0.598632 0.396548 0.660599 0.366770 0.730983 0.513236 0.669017 0.543014
2 0.630390 0.377319 0.697423 0.362049 0.733516 0.520490 0.666484 0.535760
2 0.665625 0.365625 0.734375 0.365625 0.734375 0.528125 0.665625 0.528125
2 0.702577 0.362049 0.769610 0.377319 0.733516 0.535760 0.666484 0.520490
2 0.739401 0.366770 0.801368 0.396548 0.730983 0.543014 0.669017 0.513236
2 0.774256 0.379552 0.828061 0.422350 0.726902 0.549524 0.673098 0.506726
2 0.764127 0.422350 0.817931 0.379552 0.919090 0.506726 0.865285 0.549524
2 0.790820 0.396548 0.852786 0.366770 0.923171 0.513236 0.861204 0.543014
2 0.822577 0.377319 0.889610 0.362049 0.925704 0.520490 0.858671 0.535760
2 0.857812 0.365625 0.926562 0.365625 0.926562 0.528125 0.857812 0.528125
2 0.894765 0.362049 0.961798 0.377319 0.925704 0.535760 0.858671 0.520490
2 0.931589 0.366770 0.993555 0.396548 0.923171 0.543014 0.861204 0.513236
2 0.102381 0.524865 0.156186 0.567663 0.055027 0.694836 0.001223 0.652039
2 0.092252 0.567663 0.146056 0.524865 0.247215 0.652039 0.193410 0.694836
2 0.118945 0.541861 0.180911 0.512083 0.251296 0.658548 0.189329 0.688327
2 0.150702 0.522632 0.217735 0.507361 0.253829 0.665802 0.186796 0.681073
2 0.185938 0.510938 0.254688 0.510938 0.254688 0.673438 0.185938 0.673438
2 0.222890 0.507361 0.289923 0.522632 0.253829 0.681073 0.186796 0.665802
2 0.259714 0.512083 0.321680 0.541861 0.251296 0.688327 0.189329 0.658548
2 0.294569 0.524865 0.348373 0.567663 0.247215 0.694836 0.193410 0.652039
2 0.284439 0.567663 0.338244 0.524865 0.439402 0.652039 0.385598 0.694836
2 0.311132 0.541861 0.373099 0.512083 0.443483 0.658548 0.381517 0.688327
2 0.342890 0.522632 0.409923 0.507361 0.446016 0.665802 0.378984 0.681073
2 0.378125 0.510938 0.446875 0.510938 0.446875 0.673438 0.378125 0.673438
2 0.415077 0.507361 0.482110 0.522632 0.446016 0.681073 0.378984 0.665802
2 0.451901 0.512083 0.513868 0.541861 0.443483 0.688327 0.381517 0.658548
2 0.486756 0.524865 0.540561 0.567663 0.439402 0.694836 0.385598 0.652039
2 0.476627 0.567663 0.530431 0.524865 0.631590 0.652039 0.577785 0.694836
2 0.503320 0.541861 0.565286 0.512083 0.635671 0.658548 0.573704 0.688327
2 0.535077 0.522632 0.602110 0.507361 0.638204 0.665802 0.571171 0.681073
2 0.570312 0.510938 0.639062 0.510938 0.639062 0.673438 0.570312 0.673438
2 0.607265 0.507361 0.674298 0.522632 0.638204 0.681073 0.571171 0.665802
2 0.644089 0.512083 0.706055 0.541861 0.635671 0.688327 0.573704 0.658548
2 0.678944 0.524865 0.732748 0.567663 0.631590 0.694836 0.577785 0.652039
2 0.668814 0.567663 0.722619 0.524865 0.823777 0.652039 0.769973 0.694836
2 0.695507 0.541861 0.757474 0.512083 0.827858 0.658548 0.765892 0.688327
2 0.727265 0.522632 0.794298 0.507361 0.830391 0.665802 0.763359 0.681073
2 0.762500 0.510938 0.831250 0.510938 0.831250 0.673438 0.762500 0.673438
2 0.799452 0.507361 0.866485 0.522632 0.830391 0.681073 0.763359 0.665802
2 0.836276 0.512083 0.898243 0.541861 0.827858 0.688327 0.765892 0.658548
2 0.871131 0.524865 0.924936 0.567663 0.823777 0.694836 0.769973 0.652039
2 0.022070 0.687173 0.084036 0.657395 0.154421 0.803861 0.092454 0.833639
2 0.053827 0.667944 0.120860 0.652674 0.156954 0.811115 0.089921 0.826385
2 0.089063 0.656250 0.157812 0.656250 0.157812 0.818750 0.089063 0.818750
2 0.126015 0.652674 0.193048 0.667944 0.156954 0.826385 0.089921 0.811115
2 0.162839 0.657395 0.224805 0.687173 0.154421 0.833639 0.092454 0.803861
2 0.197694 0.670177 0.251498 0.712975 0.150340 0.840149 0.096535 0.797351
2 0.187564 0.712975 0.241369 0.670177 0.342527 0.797351 0.288723 0.840149
2 0.214257 0.687173 0.276224 0.657395 0.346608 0.803861 0.284642 0.833639
2 0.246015 0.667944 0.313048 0.652674 0.349141 0.811115 0.282109 0.826385
2 0.281250 0.656250 0.350000 0.656250 0.350000 0.818750 0.281250 0.818750
2 0.318202 0.652674 0.385235 0.667944 0.349141 0.826385 0.282109 0.811115
2 0.355026 0.657395 0.416993 0.687173 0.346608 0.833639 0.284642 0.803861
2 0.389881 0.670177 0.443686 0.712975 0.342527 0.840149 0.288723 0.797351
2 0.379752 0.712975 0.433556 0.670177 0.534715 0.797351 0.480910 0.840149
2 0.406445 0.687173 0.468411 0.657395 0.538796 0.803861 0.476829 0.833639
2 0.438202 0.667944 0.505235 0.652674 0.541329 0.811115 0.474296 0.826385
2 0.473438 0.656250 0.542188 0.656250 0.542188 0.818750 0.473438 0.818750
2 0.510390 0.652674 0.577423 0.667944 0.541329 0.826385 0.474296 0.811115
2 0.547214 0.657395 0.609180 0.687173 0.538796 0.833639 0.476829 0.803861
2 0.582069 0.670177 0.635873 0.712975 0.534715 0.840149 0.480910 0.797351
2 0.571939 0.712975 0.625744 0.670177 0.726902 0.797351 0.673098 0.840149
2 0.598632 0.687173 0.660599 0.657395 0.730983 0.803861 0.669017 0.833639
2 0.630390 0.667944 0.697423 0.652674 0.733516 0.811115 0.666484 0.826385
2 0.665625 0.656250 0.734375 0.656250 0.734375 0.818750 0.665625 0.818750
2 0.702577 0.652674 0.769610 0.667944 0.733516 0.826385 0.666484 0.811115
2 0.739401 0.657395 0.801368 0.687173 0.730983 0.833639 0.669017 0.803861
2 0.774256 0.670177 0.828061 0.712975 0.726902 0.840149 0.673098 0.797351
2 0.764127 0.712975 0.817931 0.670177 0.919090 0.797351 0.865285 0.840149
2 0.790820 0.687173 0.852786 0.657395 0.923171 0.803861 0.861204 0.833639
2 0.822577 0.667944 0.889610 0.652674 0.925704 0.811115 0.858671 0.826385
2 0.857812 0.656250 0.926562 0.656250 0.926562 0.818750 0.857812 0.818750
2 0.894765 0.652674 0.961798 0.667944 0.925704 0.826385 0.858671 0.811115
2 0.931589 0.657395 0.993555 0.687173 0.923171 0.833639 0.861204 0.803861