3 0.090625 0.591406 0.150000 0.591406 0.150000 0.692969 0.090625 0.692969
3 0.151562 0.592969 0.210938 0.592969 0.210938 0.694531 0.151562 0.694531
3 0.212500 0.580469 0.271875 0.580469 0.271875 0.682031 0.212500 0.682031
3 0.273438 0.589844 0.332813 0.589844 0.332813 0.691406 0.273438 0.691406
3 0.334375 0.589844 0.393750 0.589844 0.393750 0.691406 0.334375 0.691406
3 0.395313 0.591406 0.454688 0.591406 0.454688 0.692969 0.395313 0.692969
3 0.456250 0.582031 0.515625 0.582031 0.515625 0.683594 0.456250 0.683594
3 0.517188 0.589844 0.576562 0.589844 0.576562 0.691406 0.517188 0.691406
3 0.578125 0.583594 0.637500 0.583594 0.637500 0.685156 0.578125 0.685156
3 0.639062 0.589844 0.698438 0.589844 0.698438 0.691406 0.639062 0.691406
3 0.700000 0.592969 0.759375 0.592969 0.759375 0.694531 0.700000 0.694531
3 0.760938 0.582031 0.820312 0.582031 0.820312 0.683594 0.760938 0.683594