0 0.007812 0.064844 0.098437 0.064844 0.098437 0.113281 0.007812 0.113281
0 0.120313 0.064844 0.210938 0.064844 0.210938 0.113281 0.120313 0.113281
0 0.232813 0.064844 0.323437 0.064844 0.323437 0.113281 0.232813 0.113281
0 0.345313 0.064844 0.435937 0.064844 0.435937 0.113281 0.345313 0.113281
0 0.457813 0.064844 0.548438 0.064844 0.548438 0.113281 0.457813 0.113281
0 0.570312 0.064844 0.660937 0.064844 0.660937 0.113281 0.570312 0.113281
0 0.682813 0.064844 0.773438 0.064844 0.773438 0.113281 0.682813 0.113281
0 0.795312 0.064844 0.885938 0.064844 0.885938 0.113281 0.795312 0.113281
0 0.907813 0.064844 0.998437 0.064844 0.998437 0.113281 0.907813 0.113281
3 0.021028 0.110380 0.078619 0.075775 0.138170 0.174885 0.080580 0.209490
3 0.055586 0.084464 0.121684 0.072412 0.142424 0.186162 0.076326 0.198213
3 0.097066 0.072412 0.163164 0.084464 0.142424 0.198213 0.076326 0.186162
3 0.140131 0.075775 0.197722 0.110380 0.138170 0.209490 0.080580 0.174885
0 0.064062 0.167969 0.154688 0.167969 0.154688 0.216406 0.064062 0.216406
3 0.133528 0.110380 0.191119 0.075775 0.250670 0.174885 0.193080 0.209490
3 0.168086 0.084464 0.234184 0.072412 0.254924 0.186162 0.188826 0.198213
3 0.209566 0.072412 0.275664 0.084464 0.254924 0.198213 0.188826 0.186162
3 0.252631 0.075775 0.310222 0.110380 0.250670 0.209490 0.193080 0.174885
0 0.176563 0.167969 0.267188 0.167969 0.267188 0.216406 0.176563 0.216406
3 0.246028 0.110380 0.303619 0.075775 0.363170 0.174885 0.305580 0.209490
3 0.280586 0.084464 0.346684 0.072412 0.367424 0.186162 0.301326 0.198213
3 0.322066 0.072412 0.388164 0.084464 0.367424 0.198213 0.301326 0.186162
3 0.365131 0.075775 0.422722 0.110380 0.363170 0.209490 0.305580 0.174885
0 0.289062 0.167969 0.379688 0.167969 0.379688 0.216406 0.289062 0.216406
3 0.358528 0.110380 0.416119 0.075775 0.475670 0.174885 0.418080 0.209490
3 0.393086 0.084464 0.459184 0.072412 0.479924 0.186162 0.413826 0.198213
3 0.434566 0.072412 0.500664 0.084464 0.479924 0.198213 0.413826 0.186162
3 0.477631 0.075775 0.535222 0.110380 0.475670 0.209490 0.418080 0.174885
0 0.401562 0.167969 0.492188 0.167969 0.492188 0.216406 0.401562 0.216406
3 0.471028 0.110380 0.528619 0.075775 0.588170 0.174885 0.530580 0.209490
3 0.505586 0.084464 0.571684 0.072412 0.592424 0.186162 0.526326 0.198213
3 0.547066 0.072412 0.613164 0.084464 0.592424 0.198213 0.526326 0.186162
3 0.590131 0.075775 0.647722 0.110380 0.588170 0.209490 0.530580 0.174885
0 0.514062 0.167969 0.604688 0.167969 0.604688 0.216406 0.514062 0.216406
3 0.583528 0.110380 0.641119 0.075775 0.700670 0.174885 0.643080 0.209490
3 0.618086 0.084464 0.684184 0.072412 0.704924 0.186162 0.638826 0.198213
3 0.659566 0.072412 0.725664 0.084464 0.704924 0.198213 0.638826 0.186162
3 0.702631 0.075775 0.760222 0.110380 0.700670 0.209490 0.643080 0.174885
0 0.626563 0.167969 0.717187 0.167969 0.717187 0.216406 0.626563 0.216406
3 0.696028 0.110380 0.753619 0.075775 0.813170 0.174885 0.755580 0.209490
3 0.730586 0.084464 0.796684 0.072412 0.817424 0.186162 0.751326 0.198213
3 0.772066 0.072412 0.838164 0.084464 0.817424 0.198213 0.751326 0.186162
3 0.815131 0.075775 0.872722 0.110380 0.813170 0.209490 0.755580 0.174885
0 0.739062 0.167969 0.829688 0.167969 0.829688 0.216406 0.739062 0.216406
3 0.808528 0.110380 0.866119 0.075775 0.925670 0.174885 0.868080 0.209490
3 0.843086 0.084464 0.909184 0.072412 0.929924 0.186162 0.863826 0.198213
3 0.884566 0.072412 0.950664 0.084464 0.929924 0.198213 0.863826 0.186162
3 0.927631 0.075775 0.985222 0.110380 0.925670 0.209490 0.868080 0.174885
0 0.851562 0.167969 0.942187 0.167969 0.942187 0.216406 0.851562 0.216406
3 -0.000664 0.187589 0.065434 0.175537 0.086174 0.289287 0.020076 0.301338
3 0.040816 0.175537 0.106914 0.187589 0.086174 0.301338 0.020076 0.289287
3 0.083881 0.178900 0.141472 0.213505 0.081920 0.312615 0.024330 0.278010
0 0.007812 0.271094 0.098437 0.271094 0.098437 0.319531 0.007812 0.319531
3 0.077278 0.213505 0.134869 0.178900 0.194420 0.278010 0.136830 0.312615
3 0.111836 0.187589 0.177934 0.175537 0.198674 0.289287 0.132576 0.301338
3 0.153316 0.175537 0.219414 0.187589 0.198674 0.301338 0.132576 0.289287
3 0.196381 0.178900 0.253972 0.213505 0.194420 0.312615 0.136830 0.278010
0 0.120313 0.271094 0.210938 0.271094 0.210938 0.319531 0.120313 0.319531
3 0.189778 0.213505 0.247369 0.178900 0.306920 0.278010 0.249330 0.312615
3 0.224336 0.187589 0.290434 0.175537 0.311174 0.289287 0.245076 0.301338
3 0.265816 0.175537 0.331914 0.187589 0.311174 0.301338 0.245076 0.289287
3 0.308881 0.178900 0.366472 0.213505 0.306920 0.312615 0.249330 0.278010
0 0.232813 0.271094 0.323437 0.271094 0.323437 0.319531 0.232813 0.319531
3 0.302278 0.213505 0.359869 0.178900 0.419420 0.278010 0.361830 0.312615
3 0.336836 0.187589 0.402934 0.175537 0.423674 0.289287 0.357576 0.301338
3 0.378316 0.175537 0.444414 0.187589 0.423674 0.301338 0.357576 0.289287
3 0.421381 0.178900 0.478972 0.213505 0.419420 0.312615 0.361830 0.278010
0 0.345313 0.271094 0.435937 0.271094 0.435937 0.319531 0.345313 0.319531
3 0.414778 0.213505 0.472369 0.178900 0.531920 0.278010 0.474330 0.312615
3 0.449336 0.187589 0.515434 0.175537 0.536174 0.289287 0.470076 0.301338
3 0.490816 0.175537 0.556914 0.187589 0.536174 0.301338 0.470076 0.289287
3 0.533881 0.178900 0.591472 0.213505 0.531920 0.312615 0.474330 0.278010
0 0.457813 0.271094 0.548438 0.271094 0.548438 0.319531 0.457813 0.319531
3 0.527278 0.213505 0.584869 0.178900 0.644420 0.278010 0.586830 0.312615
3 0.561836 0.187589 0.627934 0.175537 0.648674 0.289287 0.582576 0.301338
3 0.603316 0.175537 0.669414 0.187589 0.648674 0.301338 0.582576 0.289287
3 0.646381 0.178900 0.703972 0.213505 0.644420 0.312615 0.586830 0.278010
0 0.570312 0.271094 0.660937 0.271094 0.660937 0.319531 0.570312 0.319531
3 0.639778 0.213505 0.697369 0.178900 0.756920 0.278010 0.699330 0.312615
3 0.674336 0.187589 0.740434 0.175537 0.761174 0.289287 0.695076 0.301338
3 0.715816 0.175537 0.781914 0.187589 0.761174 0.301338 0.695076 0.289287
3 0.758881 0.178900 0.816472 0.213505 0.756920 0.312615 0.699330 0.278010
0 0.682813 0.271094 0.773438 0.271094 0.773438 0.319531 0.682813 0.319531
3 0.752278 0.213505 0.809869 0.178900 0.869420 0.278010 0.811830 0.312615
3 0.786836 0.187589 0.852934 0.175537 0.873674 0.289287 0.807576 0.301338
3 0.828316 0.175537 0.894414 0.187589 0.873674 0.301338 0.807576 0.289287
3 0.871381 0.178900 0.928972 0.213505 0.869420 0.312615 0.811830 0.278010
0 0.795312 0.271094 0.885938 0.271094 0.885938 0.319531 0.795312 0.319531
3 0.864778 0.213505 0.922369 0.178900 0.981920 0.278010 0.924330 0.312615
3 0.899336 0.187589 0.965434 0.175537 0.986174 0.289287 0.920076 0.301338
0 0.907813 0.271094 0.998437 0.271094 0.998437 0.319531 0.907813 0.319531
3 0.021028 0.316630 0.078619 0.282025 0.138170 0.381135 0.080580 0.415740
3 0.055586 0.290714 0.121684 0.278662 0.142424 0.392412 0.076326 0.404463
3 0.097066 0.278662 0.163164 0.290714 0.142424 0.404463 0.076326 0.392412
3 0.140131 0.282025 0.197722 0.316630 0.138170 0.415740 0.080580 0.381135
0 0.064062 0.374219 0.154688 0.374219 0.154688 0.422656 0.064062 0.422656
3 0.133528 0.316630 0.191119 0.282025 0.250670 0.381135 0.193080 0.415740
3 0.168086 0.290714 0.234184 0.278662 0.254924 0.392412 0.188826 0.404463
3 0.209566 0.278662 0.275664 0.290714 0.254924 0.404463 0.188826 0.392412
3 0.252631 0.282025 0.310222 0.316630 0.250670 0.415740 0.193080 0.381135
0 0.176563 0.374219 0.267188 0.374219 0.267188 0.422656 0.176563 0.422656
3 0.246028 0.316630 0.303619 0.282025 0.363170 0.381135 0.305580 0.415740
3 0.280586 0.290714 0.346684 0.278662 0.367424 0.392412 0.301326 0.404463
3 0.322066 0.278662 0.388164 0.290714 0.367424 0.404463 0.301326 0.392412
3 0.365131 0.282025 0.422722 0.316630 0.363170 0.415740 0.305580 0.381135
0 0.289062 0.374219 0.379688 0.374219 0.379688 0.422656 0.289062 0.422656
3 0.358528 0.316630 0.416119 0.282025 0.475670 0.381135 0.418080 0.415740
3 0.393086 0.290714 0.459184 0.278662 0.479924 0.392412 0.413826 0.404463
3 0.434566 0.278662 0.500664 0.290714 0.479924 0.404463 0.413826 0.392412
3 0.477631 0.282025 0.535222 0.316630 0.475670 0.415740 0.418080 0.381135
0 0.401562 0.374219 0.492188 0.374219 0.492188 0.422656 0.401562 0.422656
3 0.471028 0.316630 0.528619 0.282025 0.588170 0.381135 0.530580 0.415740
3 0.505586 0.290714 0.571684 0.278662 0.592424 0.392412 0.526326 0.404463
3 0.547066 0.278662 0.613164 0.290714 0.592424 0.404463 0.526326 0.392412
3 0.590131 0.282025 0.647722 0.316630 0.588170 0.415740 0.530580 0.381135
0 0.514062 0.374219 0.604688 0.374219 0.604688 0.422656 0.514062 0.422656
3 0.583528 0.316630 0.641119 0.282025 0.700670 0.381135 0.643080 0.415740
3 0.618086 0.290714 0.684184 0.278662 0.704924 0.392412 0.638826 0.404463
3 0.659566 0.278662 0.725664 0.290714 0.704924 0.404463 0.638826 0.392412
3 0.702631 0.282025 0.760222 0.316630 0.700670 0.415740 0.643080 0.381135
0 0.626563 0.374219 0.717187 0.374219 0.717187 0.422656 0.626563 0.422656
3 0.696028 0.316630 0.753619 0.282025 0.813170 0.381135 0.755580 0.415740
3 0.730586 0.290714 0.796684 0.278662 0.817424 0.392412 0.751326 0.404463
3 0.772066 0.278662 0.838164 0.290714 0.817424 0.404463 0.751326 0.392412
3 0.815131 0.282025 0.872722 0.316630 0.813170 0.415740 0.755580 0.381135
0 0.739062 0.374219 0.829688 0.374219 0.829688 0.422656 0.739062 0.422656
3 0.808528 0.316630 0.866119 0.282025 0.925670 0.381135 0.868080 0.415740
3 0.843086 0.290714 0.909184 0.278662 0.929924 0.392412 0.863826 0.404463
3 0.884566 0.278662 0.950664 0.290714 0.929924 0.404463 0.863826 0.392412
3 0.927631 0.282025 0.985222 0.316630 0.925670 0.415740 0.868080 0.381135
0 0.851562 0.374219 0.942187 0.374219 0.942187 0.422656 0.851562 0.422656
3 -0.000664 0.393839 0.065434 0.381787 0.086174 0.495537 0.020076 0.507588
3 0.040816 0.381787 0.106914 0.393839 0.086174 0.507588 0.020076 0.495537
3 0.083881 0.385150 0.141472 0.419755 0.081920 0.518865 0.024330 0.484260
0 0.007812 0.477344 0.098437 0.477344 0.098437 0.525781 0.007812 0.525781
3 0.077278 0.419755 0.134869 0.385150 0.194420 0.484260 0.136830 0.518865
3 0.111836 0.393839 0.177934 0.381787 0.198674 0.495537 0.132576 0.507588
3 0.153316 0.381787 0.219414 0.393839 0.198674 0.507588 0.132576 0.495537
3 0.196381 0.385150 0.253972 0.419755 0.194420 0.518865 0.136830 0.484260
0 0.120313 0.477344 0.210938 0.477344 0.210938 0.525781 0.120313 0.525781
3 0.189778 0.419755 0.247369 0.385150 0.306920 0.484260 0.249330 0.518865
3 0.224336 0.393839 0.290434 0.381787 0.311174 0.495537 0.245076 0.507588
3 0.265816 0.381787 0.331914 0.393839 0.311174 0.507588 0.245076 0.495537
3 0.308881 0.385150 0.366472 0.419755 0.306920 0.518865 0.249330 0.484260
0 0.232813 0.477344 0.323437 0.477344 0.323437 0.525781 0.232813 0.525781
3 0.302278 0.419755 0.359869 0.385150 0.419420 0.484260 0.361830 0.518865
3 0.336836 0.393839 0.402934 0.381787 0.423674 0.495537 0.357576 0.507588
3 0.378316 0.381787 0.444414 0.393839 0.423674 0.507588 0.357576 0.495537
3 0.421381 0.385150 0.478972 0.419755 0.419420 0.518865 0.361830 0.484260
0 0.345313 0.477344 0.435937 0.477344 0.435937 0.525781 0.345313 0.525781
3 0.414778 0.419755 0.472369 0.385150 0.531920 0.484260 0.474330 0.518865
3 0.449336 0.393839 0.515434 0.381787 0.536174 0.495537 0.470076 0.507588
3 0.490816 0.381787 0.556914 0.393839 0.536174 0.507588 0.470076 0.495537
3 0.533881 0.385150 0.591472 0.419755 0.531920 0.518865 0.474330 0.484260
0 0.457813 0.477344 0.548438 0.477344 0.548438 0.525781 0.457813 0.525781
3 0.527278 0.419755 0.584869 0.385150 0.644420 0.484260 0.586830 0.518865
3 0.561836 0.393839 0.627934 0.381787 0.648674 0.495537 0.582576 0.507588
3 0.603316 0.381787 0.669414 0.393839 0.648674 0.507588 0.582576 0.495537
3 0.646381 0.385150 0.703972 0.419755 0.644420 0.518865 0.586830 0.484260
0 0.570312 0.477344 0.660937 0.477344 0.660937 0.525781 0.570312 0.525781
3 0.639778 0.419755 0.697369 0.385150 0.756920 0.484260 0.699330 0.518865
3 0.674336 0.393839 0.740434 0.381787 0.761174 0.495537 0.695076 0.507588
3 0.715816 0.381787 0.781914 0.393839 0.761174 0.507588 0.695076 0.495537
3 0.758881 0.385150 0.816472 0.419755 0.756920 0.518865 0.699330 0.484260
0 0.682813 0.477344 0.773438 0.477344 0.773438 0.525781 0.682813 0.525781
3 0.752278 0.419755 0.809869 0.385150 0.869420 0.484260 0.811830 0.518865
3 0.786836 0.393839 0.852934 0.381787 0.873674 0.495537 0.807576 0.507588
3 0.828316 0.381787 0.894414 0.393839 0.873674 0.507588 0.807576 0.495537
3 0.871381 0.385150 0.928972 0.419755 0.869420 0.518865 0.811830 0.484260
0 0.795312 0.477344 0.885938 0.477344 0.885938 0.525781 0.795312 0.525781
3 0.864778 0.419755 0.922369 0.385150 0.981920 0.484260 0.924330 0.518865
3 0.899336 0.393839 0.965434 0.381787 0.986174 0.495537 0.920076 0.507588
0 0.907813 0.477344 0.998437 0.477344 0.998437 0.525781 0.907813 0.525781
3 0.021028 0.522880 0.078619 0.488275 0.138170 0.587385 0.080580 0.621990
3 0.055586 0.496964 0.121684 0.484912 0.142424 0.598662 0.076326 0.610713
3 0.097066 0.484912 0.163164 0.496964 0.142424 0.610713 0.076326 0.598662
3 0.140131 0.488275 0.197722 0.522880 0.138170 0.621990 0.080580 0.587385
0 0.064062 0.580469 0.154688 0.580469 0.154688 0.628906 0.064062 0.628906
3 0.133528 0.522880 0.191119 0.488275 0.250670 0.587385 0.193080 0.621990
3 0.168086 0.496964 0.234184 0.484912 0.254924 0.598662 0.188826 0.610713
3 0.209566 0.484912 0.275664 0.496964 0.254924 0.610713 0.188826 0.598662
3 0.252631 0.488275 0.310222 0.522880 0.250670 0.621990 0.193080 0.587385
0 0.176563 0.580469 0.267188 0.580469 0.267188 0.628906 0.176563 0.628906
3 0.246028 0.522880 0.303619 0.488275 0.363170 0.587385 0.305580 0.621990
3 0.280586 0.496964 0.346684 0.484912 0.367424 0.598662 0.301326 0.610713
3 0.322066 0.484912 0.388164 0.496964 0.367424 0.610713 0.301326 0.598662
3 0.365131 0.488275 0.422722 0.522880 0.363170 0.621990 0.305580 0.587385
0 0.289062 0.580469 0.379688 0.580469 0.379688 0.628906 0.289062 0.628906
3 0.358528 0.522880 0.416119 0.488275 0.475670 0.587385 0.418080 0.621990
3 0.393086 0.496964 0.459184 0.484912 0.479924 0.598662 0.413826 0.610713
3 0.434566 0.484912 0.500664 0.496964 0.479924 0.610713 0.413826 0.598662
3 0.477631 0.488275 0.535222 0.522880 0.475670 0.621990 0.418080 0.587385
0 0.401562 0.580469 0.492188 0.580469 0.492188 0.628906 0.401562 0.628906
3 0.471028 0.522880 0.528619 0.488275 0.588170 0.587385 0.530580 0.621990
3 0.505586 0.496964 0.571684 0.484912 0.592424 0.598662 0.526326 0.610713
3 0.547066 0.484912 0.613164 0.496964 0.592424 0.610713 0.526326 0.598662
3 0.590131 0.488275 0.647722 0.522880 0.588170 0.621990 0.530580 0.587385
0 0.514062 0.580469 0.604688 0.580469 0.604688 0.628906 0.514062 0.628906
3 0.583528 0.522880 0.641119 0.488275 0.700670 0.587385 0.643080 0.621990
3 0.618086 0.496964 0.684184 0.484912 0.704924 0.598662 0.638826 0.610713
3 0.659566 0.484912 0.725664 0.496964 0.704924 0.610713 0.638826 0.598662
3 0.702631 0.488275 0.760222 0.522880 0.700670 0.621990 0.643080 0.587385
0 0.626563 0.580469 0.717187 0.580469 0.717187 0.628906 0.626563 0.628906
3 0.696028 0.522880 0.753619 0.488275 0.813170 0.587385 0.755580 0.621990
3 0.730586 0.496964 0.796684 0.484912 0.817424 0.598662 0.751326 0.610713
3 0.772066 0.484912 0.838164 0.496964 0.817424 0.610713 0.751326 0.598662
3 0.815131 0.488275 0.872722 0.522880 0.813170 0.621990 0.755580 0.587385
0 0.739062 0.580469 0.829688 0.580469 0.829688 0.628906 0.739062 0.628906
3 0.808528 0.522880 0.866119 0.488275 0.925670 0.587385 0.868080 0.621990
3 0.843086 0.496964 0.909184 0.484912 0.929924 0.598662 0.863826 0.610713
3 0.884566 0.484912 0.950664 0.496964 0.929924 0.610713 0.863826 0.598662
3 0.927631 0.488275 0.985222 0.522880 0.925670 0.621990 0.868080 0.587385
0 0.851562 0.580469 0.942187 0.580469 0.942187 0.628906 0.851562 0.628906
3 -0.000664 0.600089 0.065434 0.588037 0.086174 0.701787 0.020076 0.713838
3 0.040816 0.588037 0.106914 0.600089 0.086174 0.713838 0.020076 0.701787
3 0.083881 0.591400 0.141472 0.626005 0.081920 0.725115 0.024330 0.690510
0 0.007812 0.683594 0.098437 0.683594 0.098437 0.732031 0.007812 0.732031
3 0.077278 0.626005 0.134869 0.591400 0.194420 0.690510 0.136830 0.725115
3 0.111836 0.600089 0.177934 0.588037 0.198674 0.701787 0.132576 0.713838
3 0.153316 0.588037 0.219414 0.600089 0.198674 0.713838 0.132576 0.701787
3 0.196381 0.591400 0.253972 0.626005 0.194420 0.725115 0.136830 0.690510
0 0.120313 0.683594 0.210938 0.683594 0.210938 0.732031 0.120313 0.732031
3 0.189778 0.626005 0.247369 0.591400 0.306920 0.690510 0.249330 0.725115
3 0.224336 0.600089 0.290434 0.588037 0.311174 0.701787 0.245076 0.713838
3 0.265816 0.588037 0.331914 0.600089 0.311174 0.713838 0.245076 0.701787
3 0.308881 0.591400 0.366472 0.626005 0.306920 0.725115 0.249330 0.690510
0 0.232813 0.683594 0.323437 0.683594 0.323437 0.732031 0.232813 0.732031
3 0.302278 0.626005 0.359869 0.591400 0.419420 0.690510 0.361830 0.725115
3 0.336836 0.600089 0.402934 0.588037 0.423674 0.701787 0.357576 0.713838
3 0.378316 0.588037 0.444414 0.600089 0.423674 0.713838 0.357576 0.701787
3 0.421381 0.591400 0.478972 0.626005 0.419420 0.725115 0.361830 0.690510
0 0.345313 0.683594 0.435937 0.683594 0.435937 0.732031 0.345313 0.732031
3 0.414778 0.626005 0.472369 0.591400 0.531920 0.690510 0.474330 0.725115
3 0.449336 0.600089 0.515434 0.588037 0.536174 0.701787 0.470076 0.713838
3 0.490816 0.588037 0.556914 0.600089 0.536174 0.713838 0.470076 0.701787
3 0.533881 0.591400 0.591472 0.626005 0.531920 0.725115 0.474330 0.690510
0 0.457813 0.683594 0.548438 0.683594 0.548438 0.732031 0.457813 0.732031
3 0.527278 0.626005 0.584869 0.591400 0.644420 0.690510 0.586830 0.725115
3 0.561836 0.600089 0.627934 0.588037 0.648674 0.701787 0.582576 0.713838
3 0.603316 0.588037 0.669414 0.600089 0.648674 0.713838 0.582576 0.701787
3 0.646381 0.591400 0.703972 0.626005 0.644420 0.725115 0.586830 0.690510
0 0.570312 0.683594 0.660937 0.683594 0.660937 0.732031 0.570312 0.732031
3 0.639778 0.626005 0.697369 0.591400 0.756920 0.690510 0.699330 0.725115
3 0.674336 0.600089 0.740434 0.588037 0.761174 0.701787 0.695076 0.713838
3 0.715816 0.588037 0.781914 0.600089 0.761174 0.713838 0.695076 0.701787
3 0.758881 0.591400 0.816472 0.626005 0.756920 0.725115 0.699330 0.690510
0 0.682813 0.683594 0.773438 0.683594 0.773438 0.732031 0.682813 0.732031
3 0.752278 0.626005 0.809869 0.591400 0.869420 0.690510 0.811830 0.725115
3 0.786836 0.600089 0.852934 0.588037 0.873674 0.701787 0.807576 0.713838
3 0.828316 0.588037 0.894414 0.600089 0.873674 0.713838 0.807576 0.701787
3 0.871381 0.591400 0.928972 0.626005 0.869420 0.725115 0.811830 0.690510
0 0.795312 0.683594 0.885938 0.683594 0.885938 0.732031 0.795312 0.732031
3 0.864778 0.626005 0.922369 0.591400 0.981920 0.690510 0.924330 0.725115
3 0.899336 0.600089 0.965434 0.588037 0.986174 0.701787 0.920076 0.713838
0 0.907813 0.683594 0.998437 0.683594 0.998437 0.732031 0.907813 0.732031
3 0.021028 0.729130 0.078619 0.694525 0.138170 0.793635 0.080580 0.828240
3 0.055586 0.703214 0.121684 0.691162 0.142424 0.804912 0.076326 0.816963
3 0.097066 0.691162 0.163164 0.703214 0.142424 0.816963 0.076326 0.804912
3 0.140131 0.694525 0.197722 0.729130 0.138170 0.828240 0.080580 0.793635
0 0.064062 0.786719 0.154688 0.786719 0.154688 0.835156 0.064062 0.835156
3 0.133528 0.729130 0.191119 0.694525 0.250670 0.793635 0.193080 0.828240
3 0.168086 0.703214 0.234184 0.691162 0.254924 0.804912 0.188826 0.816963
3 0.209566 0.691162 0.275664 0.703214 0.254924 0.816963 0.188826 0.804912
3 0.252631 0.694525 0.310222 0.729130 0.250670 0.828240 0.193080 0.793635
0 0.176563 0.786719 0.267188 0.786719 0.267188 0.835156 0.176563 0.835156
3 0.246028 0.729130 0.303619 0.694525 0.363170 0.793635 0.305580 0.828240
3 0.280586 0.703214 0.346684 0.691162 0.367424 0.804912 0.301326 0.816963
3 0.322066 0.691162 0.388164 0.703214 0.367424 0.816963 0.301326 0.804912
3 0.365131 0.694525 0.422722 0.729130 0.363170 0.828240 0.305580 0.793635
0 0.289062 0.786719 0.379688 0.786719 0.379688 0.835156 0.289062 0.835156
3 0.358528 0.729130 0.416119 0.694525 0.475670 0.793635 0.418080 0.828240
3 0.393086 0.703214 0.459184 0.691162 0.479924 0.804912 0.413826 0.816963
3 0.434566 0.691162 0.500664 0.703214 0.479924 0.816963 0.413826 0.804912
3 0.477631 0.694525 0.535222 0.729130 0.475670 0.828240 0.418080 0.793635
0 0.401562 0.786719 0.492188 0.786719 0.492188 0.835156 0.401562 0.835156
3 0.471028 0.729130 0.528619 0.694525 0.588170 0.793635 0.530580 0.828240
3 0.505586 0.703214 0.571684 0.691162 0.592424 0.804912 0.526326 0.816963
3 0.547066 0.691162 0.613164 0.703214 0.592424 0.816963 0.526326 0.804912
3 0.590131 0.694525 0.647722 0.729130 0.588170 0.828240 0.530580 0.793635
0 0.514062 0.786719 0.604688 0.786719 0.604688 0.835156 0.514062 0.835156
3 0.583528 0.729130 0.641119 0.694525 0.700670 0.793635 0.643080 0.828240
3 0.618086 0.703214 0.684184 0.691162 0.704924 0.804912 0.638826 0.816963
3 0.659566 0.691162 0.725664 0.703214 0.704924 0.816963 0.638826 0.804912
3 0.702631 0.694525 0.760222 0.729130 0.700670 0.828240 0.643080 0.793635
0 0.626563 0.786719 0.717187 0.786719 0.717187 0.835156 0.626563 0.835156
3 0.696028 0.729130 0.753619 0.694525 0.813170 0.793635 0.755580 0.828240
3 0.730586 0.703214 0.796684 0.691162 0.817424 0.804912 0.751326 0.816963
3 0.772066 0.691162 0.838164 0.703214 0.817424 0.816963 0.751326 0.804912
3 0.815131 0.694525 0.872722 0.729130 0.813170 0.828240 0.755580 0.793635
0 0.739062 0.786719 0.829688 0.786719 0.829688 0.835156 0.739062 0.835156
3 0.808528 0.729130 0.866119 0.694525 0.925670 0.793635 0.868080 0.828240
3 0.843086 0.703214 0.909184 0.691162 0.929924 0.804912 0.863826 0.816963
3 0.884566 0.691162 0.950664 0.703214 0.929924 0.816963 0.863826 0.804912
3 0.927631 0.694525 0.985222 0.729130 0.925670 0.828240 0.868080 0.793635
0 0.851562 0.786719 0.942187 0.786719 0.942187 0.835156 0.851562 0.835156
3 -0.000664 0.806339 0.065434 0.794287 0.086174 0.908037 0.020076 0.920088
3 0.040816 0.794287 0.106914 0.806339 0.086174 0.920088 0.020076 0.908037
3 0.083881 0.797650 0.141472 0.832255 0.081920 0.931365 0.024330 0.896760
0 0.007812 0.889844 0.098437 0.889844 0.098437 0.938281 0.007812 0.938281
3 0.077278 0.832255 0.134869 0.797650 0.194420 0.896760 0.136830 0.931365
3 0.111836 0.806339 0.177934 0.794287 0.198674 0.908037 0.132576 0.920088
3 0.153316 0.794287 0.219414 0.806339 0.198674 0.920088 0.132576 0.908037
3 0.196381 0.797650 0.253972 0.832255 0.194420 0.931365 0.136830 0.896760
0 0.120313 0.889844 0.210938 0.889844 0.210938 0.938281 0.120313 0.938281
3 0.189778 0.832255 0.247369 0.797650 0.306920 0.896760 0.249330 0.931365
3 0.224336 0.806339 0.290434 0.794287 0.311174 0.908037 0.245076 0.920088
3 0.265816 0.794287 0.331914 0.806339 0.311174 0.920088 0.245076 0.908037
3 0.308881 0.797650 0.366472 0.832255 0.306920 0.931365 0.249330 0.896760
0 0.232813 0.889844 0.323437 0.889844 0.323437 0.938281 0.232813 0.938281
3 0.302278 0.832255 0.359869 0.797650 0.419420 0.896760 0.361830 0.931365
3 0.336836 0.806339 0.402934 0.794287 0.423674 0.908037 0.357576 0.920088
3 0.378316 0.794287 0.444414 0.806339 0.423674 0.920088 0.357576 0.908037
3 0.421381 0.797650 0.478972 0.832255 0.419420 0.931365 0.361830 0.896760
0 0.345313 0.889844 0.435937 0.889844 0.435937 0.938281 0.345313 0.938281
3 0.414778 0.832255 0.472369 0.797650 0.531920 0.896760 0.474330 0.931365
3 0.449336 0.806339 0.515434 0.794287 0.536174 0.908037 0.470076 0.920088
3 0.490816 0.794287 0.556914 0.806339 0.536174 0.920088 0.470076 0.908037
3 0.533881 0.797650 0.591472 0.832255 0.531920 0.931365 0.474330 0.896760
0 0.457813 0.889844 0.548438 0.889844 0.548438 0.938281 0.457813 0.938281
3 0.527278 0.832255 0.584869 0.797650 0.644420 0.896760 0.586830 0.931365
3 0.561836 0.806339 0.627934 0.794287 0.648674 0.908037 0.582576 0.920088
3 0.603316 0.794287 0.669414 0.806339 0.648674 0.920088 0.582576 0.908037
3 0.646381 0.797650 0.703972 0.832255 0.644420 0.931365 0.586830 0.896760
0 0.570312 0.889844 0.660937 0.889844 0.660937 0.938281 0.570312 0.938281
3 0.639778 0.832255 0.697369 0.797650 0.756920 0.896760 0.699330 0.931365
3 0.674336 0.806339 0.740434 0.794287 0.761174 0.908037 0.695076 0.920088
3 0.715816 0.794287 0.781914 0.806339 0.761174 0.920088 0.695076 0.908037
3 0.758881 0.797650 0.816472 0.832255 0.756920 0.931365 0.699330 0.896760
0 0.682813 0.889844 0.773438 0.889844 0.773438 0.938281 0.682813 0.938281
3 0.752278 0.832255 0.809869 0.797650 0.869420 0.896760 0.811830 0.931365
3 0.786836 0.806339 0.852934 0.794287 0.873674 0.908037 0.807576 0.920088
3 0.828316 0.794287 0.894414 0.806339 0.873674 0.920088 0.807576 0.908037
3 0.871381 0.797650 0.928972 0.832255 0.869420 0.931365 0.811830 0.896760
0 0.795312 0.889844 0.885938 0.889844 0.885938 0.938281 0.795312 0.938281
3 0.864778 0.832255 0.922369 0.797650 0.981920 0.896760 0.924330 0.931365
3 0.899336 0.806339 0.965434 0.794287 0.986174 0.908037 0.920076 0.920088
0 0.907813 0.889844 0.998437 0.889844 0.998437 0.938281 0.907813 0.938281