1 0.049219 0.045312 0.078906 0.045312 0.078906 0.082812 0.049219 0.082812
1 0.069531 0.050000 0.099219 0.050000 0.099219 0.087500 0.069531 0.087500
1 0.097656 0.050000 0.127344 0.050000 0.127344 0.087500 0.097656 0.087500
1 0.119531 0.048438 0.149219 0.048438 0.149219 0.085938 0.119531 0.085938
1 0.147656 0.046875 0.177344 0.046875 0.177344 0.084375 0.147656 0.084375
1 0.175781 0.048438 0.205469 0.048438 0.205469 0.085938 0.175781 0.085938
1 0.194531 0.048438 0.224219 0.048438 0.224219 0.085938 0.194531 0.085938
1 0.221094 0.046875 0.250781 0.046875 0.250781 0.084375 0.221094 0.084375
1 0.246094 0.045312 0.275781 0.045312 0.275781 0.082812 0.246094 0.082812
1 0.275781 0.053125 0.305469 0.053125 0.305469 0.090625 0.275781 0.090625
1 0.296094 0.046875 0.325781 0.046875 0.325781 0.084375 0.296094 0.084375
1 0.325781 0.045312 0.355469 0.045312 0.355469 0.082812 0.325781 0.082812
1 0.347656 0.054688 0.377344 0.054688 0.377344 0.092188 0.347656 0.092188
1 0.372656 0.048438 0.402344 0.048438 0.402344 0.085938 0.372656 0.085938
1 0.396094 0.045312 0.425781 0.045312 0.425781 0.082812 0.396094 0.082812
1 0.424219 0.051562 0.453906 0.051562 0.453906 0.089063 0.424219 0.089063
1 0.450781 0.053125 0.480469 0.053125 0.480469 0.090625 0.450781 0.090625
1 0.472656 0.051562 0.502344 0.051562 0.502344 0.089063 0.472656 0.089063
1 0.496094 0.045312 0.525781 0.045312 0.525781 0.082812 0.496094 0.082812
1 0.522656 0.048438 0.552344 0.048438 0.552344 0.085938 0.522656 0.085938
1 0.547656 0.053125 0.577344 0.053125 0.577344 0.090625 0.547656 0.090625
1 0.574219 0.051562 0.603906 0.051562 0.603906 0.089063 0.574219 0.089063
1 0.596094 0.053125 0.625781 0.053125 0.625781 0.090625 0.596094 0.090625
1 0.619531 0.050000 0.649219 0.050000 0.649219 0.087500 0.619531 0.087500
1 0.650781 0.045312 0.680469 0.045312 0.680469 0.082812 0.650781 0.082812
1 0.046875 0.091406 0.078125 0.091406 0.078125 0.124219 0.046875 0.124219
1 0.075000 0.086719 0.106250 0.086719 0.106250 0.119531 0.075000 0.119531
1 0.103125 0.082031 0.134375 0.082031 0.134375 0.114844 0.103125 0.114844
1 0.126562 0.082031 0.157812 0.082031 0.157812 0.114844 0.126562 0.114844
1 0.153125 0.091406 0.184375 0.091406 0.184375 0.124219 0.153125 0.124219
1 0.178125 0.086719 0.209375 0.086719 0.209375 0.119531 0.178125 0.119531
1 0.206250 0.086719 0.237500 0.086719 0.237500 0.119531 0.206250 0.119531
1 0.232813 0.085156 0.264062 0.085156 0.264062 0.117969 0.232813 0.117969
1 0.262500 0.082031 0.293750 0.082031 0.293750 0.114844 0.262500 0.114844
1 0.284375 0.091406 0.315625 0.091406 0.315625 0.124219 0.284375 0.124219
1 0.312500 0.091406 0.343750 0.091406 0.343750 0.124219 0.312500 0.124219
1 0.342187 0.083594 0.373437 0.083594 0.373437 0.116406 0.342187 0.116406
1 0.364063 0.086719 0.395313 0.086719 0.395313 0.119531 0.364063 0.119531
1 0.390625 0.082031 0.421875 0.082031 0.421875 0.114844 0.390625 0.114844
1 0.421875 0.091406 0.453125 0.091406 0.453125 0.124219 0.421875 0.124219
1 0.448437 0.083594 0.479687 0.083594 0.479687 0.116406 0.448437 0.116406
1 0.475000 0.089844 0.506250 0.089844 0.506250 0.122656 0.475000 0.122656
1 0.500000 0.086719 0.531250 0.086719 0.531250 0.119531 0.500000 0.119531
1 0.528125 0.091406 0.559375 0.091406 0.559375 0.124219 0.528125 0.124219
1 0.553125 0.091406 0.584375 0.091406 0.584375 0.124219 0.553125 0.124219
1 0.576562 0.088281 0.607812 0.088281 0.607812 0.121094 0.576562 0.121094
1 0.606250 0.091406 0.637500 0.091406 0.637500 0.124219 0.606250 0.124219
1 0.632812 0.085156 0.664062 0.085156 0.664062 0.117969 0.632812 0.117969
1 0.657813 0.086719 0.689063 0.086719 0.689063 0.119531 0.657813 0.119531
1 0.684375 0.083594 0.715625 0.083594 0.715625 0.116406 0.684375 0.116406
1 0.053906 0.122656 0.077344 0.122656 0.077344 0.152344 0.053906 0.152344
1 0.074219 0.116406 0.097656 0.116406 0.097656 0.146094 0.074219 0.146094
1 0.091406 0.114844 0.114844 0.114844 0.114844 0.144531 0.091406 0.144531
1 0.114844 0.117969 0.138281 0.117969 0.138281 0.147656 0.114844 0.147656
1 0.128906 0.117969 0.152344 0.117969 0.152344 0.147656 0.128906 0.147656
1 0.150781 0.119531 0.174219 0.119531 0.174219 0.149219 0.150781 0.149219
1 0.175781 0.121094 0.199219 0.121094 0.199219 0.150781 0.175781 0.150781
1 0.191406 0.117969 0.214844 0.117969 0.214844 0.147656 0.191406 0.147656
1 0.211719 0.114844 0.235156 0.114844 0.235156 0.144531 0.211719 0.144531
1 0.236719 0.121094 0.260156 0.121094 0.260156 0.150781 0.236719 0.150781
1 0.253906 0.116406 0.277344 0.116406 0.277344 0.146094 0.253906 0.146094
1 0.271094 0.121094 0.294531 0.121094 0.294531 0.150781 0.271094 0.150781
1 0.292969 0.122656 0.316406 0.122656 0.316406 0.152344 0.292969 0.152344
1 0.316406 0.113281 0.339844 0.113281 0.339844 0.142969 0.316406 0.142969
1 0.336719 0.114844 0.360156 0.114844 0.360156 0.144531 0.336719 0.144531
1 0.353906 0.114844 0.377344 0.114844 0.377344 0.144531 0.353906 0.144531
1 0.372656 0.121094 0.396094 0.121094 0.396094 0.150781 0.372656 0.150781
1 0.397656 0.114844 0.421094 0.114844 0.421094 0.144531 0.397656 0.144531
1 0.416406 0.119531 0.439844 0.119531 0.439844 0.149219 0.416406 0.149219
1 0.435156 0.117969 0.458594 0.117969 0.458594 0.147656 0.435156 0.147656
1 0.458594 0.122656 0.482031 0.122656 0.482031 0.152344 0.458594 0.152344
1 0.477344 0.117969 0.500781 0.117969 0.500781 0.147656 0.477344 0.147656
1 0.494531 0.114844 0.517969 0.114844 0.517969 0.144531 0.494531 0.144531
1 0.519531 0.114844 0.542969 0.114844 0.542969 0.144531 0.519531 0.144531
1 0.539844 0.122656 0.563281 0.122656 0.563281 0.152344 0.539844 0.152344
1 0.042969 0.117969 0.085156 0.117969 0.085156 0.197656 0.042969 0.197656
1 0.077344 0.119531 0.119531 0.119531 0.119531 0.199219 0.077344 0.199219
1 0.122656 0.124219 0.164844 0.124219 0.164844 0.203906 0.122656 0.203906
1 0.158594 0.117969 0.200781 0.117969 0.200781 0.197656 0.158594 0.197656
1 0.194531 0.117969 0.236719 0.117969 0.236719 0.197656 0.194531 0.197656
1 0.239844 0.119531 0.282031 0.119531 0.282031 0.199219 0.239844 0.199219
1 0.274219 0.116406 0.316406 0.116406 0.316406 0.196094 0.274219 0.196094
1 0.311719 0.119531 0.353906 0.119531 0.353906 0.199219 0.311719 0.199219
1 0.355469 0.124219 0.397656 0.124219 0.397656 0.203906 0.355469 0.203906
1 0.392969 0.116406 0.435156 0.116406 0.435156 0.196094 0.392969 0.196094
1 0.428906 0.114844 0.471094 0.114844 0.471094 0.194531 0.428906 0.194531
1 0.467969 0.114844 0.510156 0.114844 0.510156 0.194531 0.467969 0.194531
1 0.508594 0.117969 0.550781 0.117969 0.550781 0.197656 0.508594 0.197656
1 0.550781 0.117969 0.592969 0.117969 0.592969 0.197656 0.550781 0.197656
1 0.591406 0.117969 0.633594 0.117969 0.633594 0.197656 0.591406 0.197656
1 0.630469 0.124219 0.672656 0.124219 0.672656 0.203906 0.630469 0.203906
1 0.667969 0.122656 0.710156 0.122656 0.710156 0.202344 0.667969 0.202344
1 0.705469 0.121094 0.747656 0.121094 0.747656 0.200781 0.705469 0.200781
1 0.744531 0.122656 0.786719 0.122656 0.786719 0.202344 0.744531 0.202344
1 0.780469 0.121094 0.822656 0.121094 0.822656 0.200781 0.780469 0.200781
1 0.821094 0.114844 0.863281 0.114844 0.863281 0.194531 0.821094 0.194531
1 0.861719 0.117969 0.903906 0.117969 0.903906 0.197656 0.861719 0.197656
1 0.897656 0.117969 0.939844 0.117969 0.939844 0.197656 0.897656 0.197656
1 0.936719 0.124219 0.978906 0.124219 0.978906 0.203906 0.936719 0.203906
1 0.035937 0.194531 0.089063 0.194531 0.089063 0.261719 0.035937 0.261719
1 0.081250 0.200781 0.134375 0.200781 0.134375 0.267969 0.081250 0.267969
1 0.131250 0.197656 0.184375 0.197656 0.184375 0.264844 0.131250 0.264844
1 0.178125 0.194531 0.231250 0.194531 0.231250 0.261719 0.178125 0.261719
1 0.223438 0.196094 0.276562 0.196094 0.276562 0.263281 0.223438 0.263281
1 0.273438 0.196094 0.326562 0.196094 0.326562 0.263281 0.273438 0.263281
1 0.318750 0.197656 0.371875 0.197656 0.371875 0.264844 0.318750 0.264844
1 0.365625 0.196094 0.418750 0.196094 0.418750 0.263281 0.365625 0.263281
1 0.407813 0.194531 0.460938 0.194531 0.460938 0.261719 0.407813 0.261719
1 0.454688 0.202344 0.507812 0.202344 0.507812 0.269531 0.454688 0.269531
1 0.506250 0.200781 0.559375 0.200781 0.559375 0.267969 0.506250 0.267969
1 0.550000 0.197656 0.603125 0.197656 0.603125 0.264844 0.550000 0.264844
1 0.600000 0.197656 0.653125 0.197656 0.653125 0.264844 0.600000 0.264844
1 0.645312 0.199219 0.698438 0.199219 0.698438 0.266406 0.645312 0.266406
1 0.695312 0.199219 0.748437 0.199219 0.748437 0.266406 0.695312 0.266406
1 0.740625 0.192969 0.793750 0.192969 0.793750 0.260156 0.740625 0.260156
1 0.787500 0.194531 0.840625 0.194531 0.840625 0.261719 0.787500 0.261719
1 0.829688 0.199219 0.882812 0.199219 0.882812 0.266406 0.829688 0.266406
1 0.876563 0.199219 0.929688 0.199219 0.929688 0.266406 0.876563 0.266406
1 0.925000 0.197656 0.978125 0.197656 0.978125 0.264844 0.925000 0.264844
1 0.039844 0.267188 0.085156 0.267188 0.085156 0.326562 0.039844 0.326562
1 0.080469 0.267188 0.125781 0.267188 0.125781 0.326562 0.080469 0.326562
1 0.119531 0.259375 0.164844 0.259375 0.164844 0.318750 0.119531 0.318750
1 0.160156 0.267188 0.205469 0.267188 0.205469 0.326562 0.160156 0.326562
1 0.203906 0.268750 0.249219 0.268750 0.249219 0.328125 0.203906 0.328125
1 0.242969 0.262500 0.288281 0.262500 0.288281 0.321875 0.242969 0.321875
1 0.283594 0.265625 0.328906 0.265625 0.328906 0.325000 0.283594 0.325000
1 0.324219 0.267188 0.369531 0.267188 0.369531 0.326562 0.324219 0.326562
1 0.361719 0.267188 0.407031 0.267188 0.407031 0.326562 0.361719 0.326562
1 0.403906 0.267188 0.449219 0.267188 0.449219 0.326562 0.403906 0.326562
1 0.447656 0.259375 0.492969 0.259375 0.492969 0.318750 0.447656 0.318750
1 0.486719 0.267188 0.532031 0.267188 0.532031 0.326562 0.486719 0.326562
1 0.527344 0.267188 0.572656 0.267188 0.572656 0.326562 0.527344 0.326562
1 0.567969 0.268750 0.613281 0.268750 0.613281 0.328125 0.567969 0.328125
1 0.607031 0.265625 0.652344 0.265625 0.652344 0.325000 0.607031 0.325000
1 0.650781 0.260937 0.696094 0.260937 0.696094 0.320312 0.650781 0.320312
1 0.688281 0.264062 0.733594 0.264062 0.733594 0.323437 0.688281 0.323437
1 0.733594 0.262500 0.778906 0.262500 0.778906 0.321875 0.733594 0.321875
1 0.774219 0.268750 0.819531 0.268750 0.819531 0.328125 0.774219 0.328125
1 0.814844 0.267188 0.860156 0.267188 0.860156 0.326562 0.814844 0.326562
1 0.849219 0.267188 0.894531 0.267188 0.894531 0.326562 0.849219 0.326562
1 0.892969 0.267188 0.938281 0.267188 0.938281 0.326562 0.892969 0.326562
1 0.935156 0.267188 0.980469 0.267188 0.980469 0.326562 0.935156 0.326562
1 0.045312 0.314063 0.085938 0.314063 0.085938 0.392188 0.045312 0.392188
1 0.076563 0.314063 0.117188 0.314063 0.117188 0.392188 0.076563 0.392188
1 0.107813 0.318750 0.148438 0.318750 0.148438 0.396875 0.107813 0.396875
1 0.146875 0.312500 0.187500 0.312500 0.187500 0.390625 0.146875 0.390625
1 0.176563 0.315625 0.217188 0.315625 0.217188 0.393750 0.176563 0.393750
1 0.210938 0.317188 0.251563 0.317188 0.251563 0.395313 0.210938 0.395313
1 0.246875 0.320312 0.287500 0.320312 0.287500 0.398438 0.246875 0.398438
1 0.281250 0.317188 0.321875 0.317188 0.321875 0.395313 0.281250 0.395313
1 0.320312 0.312500 0.360938 0.312500 0.360938 0.390625 0.320312 0.390625
1 0.350000 0.317188 0.390625 0.317188 0.390625 0.395313 0.350000 0.395313
1 0.384375 0.310937 0.425000 0.310937 0.425000 0.389062 0.384375 0.389062
1 0.420312 0.317188 0.460938 0.317188 0.460938 0.395313 0.420312 0.395313
1 0.453125 0.312500 0.493750 0.312500 0.493750 0.390625 0.453125 0.390625
1 0.492188 0.318750 0.532813 0.318750 0.532813 0.396875 0.492188 0.396875
1 0.526563 0.312500 0.567187 0.312500 0.567187 0.390625 0.526563 0.390625
1 0.557813 0.312500 0.598437 0.312500 0.598437 0.390625 0.557813 0.390625
1 0.589063 0.320312 0.629687 0.320312 0.629687 0.398438 0.589063 0.398438
1 0.623437 0.317188 0.664062 0.317188 0.664062 0.395313 0.623437 0.395313
1 0.664062 0.314063 0.704688 0.314063 0.704688 0.392188 0.664062 0.392188
1 0.692187 0.314063 0.732812 0.314063 0.732812 0.392188 0.692187 0.392188
1 0.731250 0.318750 0.771875 0.318750 0.771875 0.396875 0.731250 0.396875
1 0.762500 0.312500 0.803125 0.312500 0.803125 0.390625 0.762500 0.390625
1 0.800000 0.315625 0.840625 0.315625 0.840625 0.393750 0.800000 0.393750
1 0.834375 0.310937 0.875000 0.310937 0.875000 0.389062 0.834375 0.389062
1 0.868750 0.317188 0.909375 0.317188 0.909375 0.395313 0.868750 0.395313
1 0.061719 0.428125 0.069531 0.428125 0.069531 0.437500 0.061719 0.437500
1 0.074219 0.420312 0.082031 0.420312 0.082031 0.429688 0.074219 0.429688
1 0.082031 0.426563 0.089844 0.426563 0.089844 0.435937 0.082031 0.435937
1 0.094531 0.428125 0.102344 0.428125 0.102344 0.437500 0.094531 0.437500
1 0.110156 0.418750 0.117969 0.418750 0.117969 0.428125 0.110156 0.428125
1 0.124219 0.428125 0.132031 0.428125 0.132031 0.437500 0.124219 0.437500
1 0.130469 0.426563 0.138281 0.426563 0.138281 0.435937 0.130469 0.435937
1 0.144531 0.425000 0.152344 0.425000 0.152344 0.434375 0.144531 0.434375
1 0.157031 0.428125 0.164844 0.428125 0.164844 0.437500 0.157031 0.437500
1 0.172656 0.428125 0.180469 0.428125 0.180469 0.437500 0.172656 0.437500
1 0.185156 0.418750 0.192969 0.418750 0.192969 0.428125 0.185156 0.428125
1 0.199219 0.423438 0.207031 0.423438 0.207031 0.432812 0.199219 0.432812
1 0.208594 0.421875 0.216406 0.421875 0.216406 0.431250 0.208594 0.431250
1 0.221094 0.418750 0.228906 0.418750 0.228906 0.428125 0.221094 0.428125
1 0.232031 0.428125 0.239844 0.428125 0.239844 0.437500 0.232031 0.437500
1 0.246094 0.418750 0.253906 0.418750 0.253906 0.428125 0.246094 0.428125
1 0.261719 0.425000 0.269531 0.425000 0.269531 0.434375 0.261719 0.434375
1 0.274219 0.428125 0.282031 0.428125 0.282031 0.437500 0.274219 0.437500
1 0.285156 0.425000 0.292969 0.425000 0.292969 0.434375 0.285156 0.434375
1 0.296094 0.428125 0.303906 0.428125 0.303906 0.437500 0.296094 0.437500
1 0.308594 0.421875 0.316406 0.421875 0.316406 0.431250 0.308594 0.431250
1 0.321094 0.425000 0.328906 0.425000 0.328906 0.434375 0.321094 0.434375
1 0.333594 0.421875 0.341406 0.421875 0.341406 0.431250 0.333594 0.431250
1 0.349219 0.425000 0.357031 0.425000 0.357031 0.434375 0.349219 0.434375
1 0.355469 0.418750 0.363281 0.418750 0.363281 0.428125 0.355469 0.428125
1 0.045312 0.403906 0.085938 0.403906 0.085938 0.480469 0.045312 0.480469
1 0.076563 0.399219 0.117188 0.399219 0.117188 0.475781 0.076563 0.475781
1 0.109375 0.400781 0.150000 0.400781 0.150000 0.477344 0.109375 0.477344
1 0.143750 0.397656 0.184375 0.397656 0.184375 0.474219 0.143750 0.474219
1 0.176563 0.400781 0.217188 0.400781 0.217188 0.477344 0.176563 0.477344
1 0.206250 0.399219 0.246875 0.399219 0.246875 0.475781 0.206250 0.475781
1 0.235937 0.399219 0.276562 0.399219 0.276562 0.475781 0.235937 0.475781
1 0.268750 0.400781 0.309375 0.400781 0.309375 0.477344 0.268750 0.477344
1 0.306250 0.400781 0.346875 0.400781 0.346875 0.477344 0.306250 0.477344
1 0.337500 0.399219 0.378125 0.399219 0.378125 0.475781 0.337500 0.475781
1 0.370312 0.402344 0.410938 0.402344 0.410938 0.478906 0.370312 0.478906
1 0.400000 0.407031 0.440625 0.407031 0.440625 0.483594 0.400000 0.483594
1 0.432812 0.397656 0.473438 0.397656 0.473438 0.474219 0.432812 0.474219
1 0.470313 0.402344 0.510938 0.402344 0.510938 0.478906 0.470313 0.478906
1 0.501563 0.400781 0.542188 0.400781 0.542188 0.477344 0.501563 0.477344
1 0.537500 0.405469 0.578125 0.405469 0.578125 0.482031 0.537500 0.482031
1 0.567187 0.407031 0.607812 0.407031 0.607812 0.483594 0.567187 0.483594
1 0.601562 0.403906 0.642188 0.403906 0.642188 0.480469 0.601562 0.480469
1 0.631250 0.403906 0.671875 0.403906 0.671875 0.480469 0.631250 0.480469
1 0.662500 0.405469 0.703125 0.405469 0.703125 0.482031 0.662500 0.482031
1 0.701562 0.400781 0.742188 0.400781 0.742188 0.477344 0.701562 0.477344
1 0.729688 0.400781 0.770312 0.400781 0.770312 0.477344 0.729688 0.477344
1 0.764062 0.397656 0.804688 0.397656 0.804688 0.474219 0.764062 0.474219
1 0.796875 0.405469 0.837500 0.405469 0.837500 0.482031 0.796875 0.482031
1 0.829688 0.400781 0.870313 0.400781 0.870313 0.477344 0.829688 0.477344
1 0.032031 0.462500 0.089844 0.462500 0.089844 0.571875 0.032031 0.571875
1 0.078906 0.459375 0.136719 0.459375 0.136719 0.568750 0.078906 0.568750
1 0.124219 0.465625 0.182031 0.465625 0.182031 0.575000 0.124219 0.575000
1 0.174219 0.464062 0.232031 0.464062 0.232031 0.573438 0.174219 0.573438
1 0.224219 0.460938 0.282031 0.460938 0.282031 0.570312 0.224219 0.570312
1 0.269531 0.456250 0.327344 0.456250 0.327344 0.565625 0.269531 0.565625
1 0.317969 0.464062 0.375781 0.464062 0.375781 0.573438 0.317969 0.573438
1 0.363281 0.459375 0.421094 0.459375 0.421094 0.568750 0.363281 0.568750
1 0.405469 0.462500 0.463281 0.462500 0.463281 0.571875 0.405469 0.571875
1 0.453906 0.459375 0.511719 0.459375 0.511719 0.568750 0.453906 0.568750
1 0.500781 0.457813 0.558594 0.457813 0.558594 0.567187 0.500781 0.567187
1 0.552344 0.462500 0.610156 0.462500 0.610156 0.571875 0.552344 0.571875
1 0.592969 0.465625 0.650781 0.465625 0.650781 0.575000 0.592969 0.575000
1 0.641406 0.462500 0.699219 0.462500 0.699219 0.571875 0.641406 0.571875
1 0.686719 0.459375 0.744531 0.459375 0.744531 0.568750 0.686719 0.568750
1 0.738281 0.465625 0.796094 0.465625 0.796094 0.575000 0.738281 0.575000
1 0.780469 0.465625 0.838281 0.465625 0.838281 0.575000 0.780469 0.575000
1 0.830469 0.464062 0.888281 0.464062 0.888281 0.573438 0.830469 0.573438
1 0.878906 0.465625 0.936719 0.465625 0.936719 0.575000 0.878906 0.575000
1 0.927344 0.456250 0.985156 0.456250 0.985156 0.565625 0.927344 0.565625