0 0.064062 0.057031 0.142187 0.057031 0.142187 0.111719 0.064062 0.111719
0 0.135937 0.058594 0.214062 0.058594 0.214062 0.113281 0.135937 0.113281
0 0.209375 0.061719 0.287500 0.061719 0.287500 0.116406 0.209375 0.116406
0 0.289062 0.064844 0.367188 0.064844 0.367188 0.119531 0.289062 0.119531
0 0.362500 0.061719 0.440625 0.061719 0.440625 0.116406 0.362500 0.116406
0 0.435937 0.058594 0.514062 0.058594 0.514062 0.113281 0.435937 0.113281
0 0.510938 0.064844 0.589063 0.064844 0.589063 0.119531 0.510938 0.119531
0 0.584375 0.060156 0.662500 0.060156 0.662500 0.114844 0.584375 0.114844
0 0.664062 0.057031 0.742188 0.057031 0.742188 0.111719 0.664062 0.111719
0 0.740625 0.064844 0.818750 0.064844 0.818750 0.119531 0.740625 0.119531
0 0.809375 0.066406 0.887500 0.066406 0.887500 0.121094 0.809375 0.121094
0 -0.000781 0.128906 0.060156 0.128906 0.060156 0.161719 -0.000781 0.161719
0 0.046094 0.128906 0.107031 0.128906 0.107031 0.161719 0.046094 0.161719
0 0.094531 0.122656 0.155469 0.122656 0.155469 0.155469 0.094531 0.155469
0 0.138281 0.121094 0.199219 0.121094 0.199219 0.153906 0.138281 0.153906
0 0.192969 0.127344 0.253906 0.127344 0.253906 0.160156 0.192969 0.160156
0 0.241406 0.128906 0.302344 0.128906 0.302344 0.161719 0.241406 0.161719
0 0.289844 0.124219 0.350781 0.124219 0.350781 0.157031 0.289844 0.157031
0 0.332031 0.128906 0.392969 0.128906 0.392969 0.161719 0.332031 0.161719
0 0.383594 0.124219 0.444531 0.124219 0.444531 0.157031 0.383594 0.157031
0 0.428906 0.124219 0.489844 0.124219 0.489844 0.157031 0.428906 0.157031
0 0.477344 0.127344 0.538281 0.127344 0.538281 0.160156 0.477344 0.160156
0 0.528906 0.128906 0.589844 0.128906 0.589844 0.161719 0.528906 0.161719
0 0.574219 0.121094 0.635156 0.121094 0.635156 0.153906 0.574219 0.153906
0 0.628906 0.121094 0.689844 0.121094 0.689844 0.153906 0.628906 0.153906
0 0.672656 0.124219 0.733594 0.124219 0.733594 0.157031 0.672656 0.157031
0 0.722656 0.121094 0.783594 0.121094 0.783594 0.153906 0.722656 0.153906
0 0.767969 0.121094 0.828906 0.121094 0.828906 0.153906 0.767969 0.153906
0 0.821094 0.124219 0.882031 0.124219 0.882031 0.157031 0.821094 0.157031
0 0.869531 0.121094 0.930469 0.121094 0.930469 0.153906 0.869531 0.153906
0 0.917969 0.122656 0.978906 0.122656 0.978906 0.155469 0.917969 0.155469
1 0.022656 0.162500 0.033594 0.162500 0.033594 0.175000 0.022656 0.175000
1 0.030469 0.168750 0.041406 0.168750 0.041406 0.181250 0.030469 0.181250
1 0.046094 0.167187 0.057031 0.167187 0.057031 0.179688 0.046094 0.179688
1 0.060156 0.165625 0.071094 0.165625 0.071094 0.178125 0.060156 0.178125
1 0.071094 0.159375 0.082031 0.159375 0.082031 0.171875 0.071094 0.171875
1 0.082031 0.164062 0.092969 0.164062 0.092969 0.176563 0.082031 0.176563
1 0.096094 0.167187 0.107031 0.167187 0.107031 0.179688 0.096094 0.179688
1 0.107031 0.162500 0.117969 0.162500 0.117969 0.175000 0.107031 0.175000
1 0.117969 0.164062 0.128906 0.164062 0.128906 0.176563 0.117969 0.176563
1 0.133594 0.159375 0.144531 0.159375 0.144531 0.171875 0.133594 0.171875
1 0.149219 0.162500 0.160156 0.162500 0.160156 0.175000 0.149219 0.175000
1 0.155469 0.167187 0.166406 0.167187 0.166406 0.179688 0.155469 0.179688
1 0.174219 0.167187 0.185156 0.167187 0.185156 0.179688 0.174219 0.179688
1 0.183594 0.165625 0.194531 0.165625 0.194531 0.178125 0.183594 0.178125
1 0.194531 0.160938 0.205469 0.160938 0.205469 0.173437 0.194531 0.173437
1 0.205469 0.167187 0.216406 0.167187 0.216406 0.179688 0.205469 0.179688
1 0.219531 0.167187 0.230469 0.167187 0.230469 0.179688 0.219531 0.179688
1 0.230469 0.159375 0.241406 0.159375 0.241406 0.171875 0.230469 0.171875
1 0.246094 0.160938 0.257031 0.160938 0.257031 0.173437 0.246094 0.173437
1 0.255469 0.159375 0.266406 0.159375 0.266406 0.171875 0.255469 0.171875
1 0.267969 0.165625 0.278906 0.165625 0.278906 0.178125 0.267969 0.178125
1 0.286719 0.165625 0.297656 0.165625 0.297656 0.178125 0.286719 0.178125
1 0.297656 0.168750 0.308594 0.168750 0.308594 0.181250 0.297656 0.181250
1 0.308594 0.164062 0.319531 0.164062 0.319531 0.176563 0.308594 0.176563
1 0.322656 0.165625 0.333594 0.165625 0.333594 0.178125 0.322656 0.178125
0 0.071094 0.147656 0.191406 0.147656 0.191406 0.211719 0.071094 0.211719
0 0.172656 0.155469 0.292969 0.155469 0.292969 0.219531 0.172656 0.219531
0 0.278906 0.150781 0.399219 0.150781 0.399219 0.214844 0.278906 0.214844
0 0.388281 0.146094 0.508594 0.146094 0.508594 0.210156 0.388281 0.210156
0 0.489844 0.149219 0.610156 0.149219 0.610156 0.213281 0.489844 0.213281
0 0.596094 0.149219 0.716406 0.149219 0.716406 0.213281 0.596094 0.213281
0 0.697656 0.147656 0.817969 0.147656 0.817969 0.211719 0.697656 0.211719
0 0.805469 0.146094 0.925781 0.146094 0.925781 0.210156 0.805469 0.210156