1 0.035156 0.020313 0.080469 0.020313 0.080469 0.107813 0.035156 0.107813
1 0.069531 0.014063 0.114844 0.014063 0.114844 0.101562 0.069531 0.101562
1 0.110156 0.012500 0.155469 0.012500 0.155469 0.100000 0.110156 0.100000
1 0.142969 0.018750 0.188281 0.018750 0.188281 0.106250 0.142969 0.106250
1 0.185156 0.012500 0.230469 0.012500 0.230469 0.100000 0.185156 0.100000
1 0.216406 0.017188 0.261719 0.017188 0.261719 0.104688 0.216406 0.104688
1 0.258594 0.017188 0.303906 0.017188 0.303906 0.104688 0.258594 0.104688
1 0.294531 0.018750 0.339844 0.018750 0.339844 0.106250 0.294531 0.106250
1 0.330469 0.020313 0.375781 0.020313 0.375781 0.107813 0.330469 0.107813
1 0.369531 0.017188 0.414844 0.017188 0.414844 0.104688 0.369531 0.104688
1 0.405469 0.012500 0.450781 0.012500 0.450781 0.100000 0.405469 0.100000
1 0.441406 0.012500 0.486719 0.012500 0.486719 0.100000 0.441406 0.100000
1 0.480469 0.014063 0.525781 0.014063 0.525781 0.101562 0.480469 0.101562
1 0.522656 0.020313 0.567969 0.020313 0.567969 0.107813 0.522656 0.107813
1 0.553906 0.015625 0.599219 0.015625 0.599219 0.103125 0.553906 0.103125
1 0.594531 0.018750 0.639844 0.018750 0.639844 0.106250 0.594531 0.106250
1 0.630469 0.017188 0.675781 0.017188 0.675781 0.104688 0.630469 0.104688
1 0.667969 0.014063 0.713281 0.014063 0.713281 0.101562 0.667969 0.101562
1 0.705469 0.020313 0.750781 0.020313 0.750781 0.107813 0.705469 0.107813
1 0.741406 0.014063 0.786719 0.014063 0.786719 0.101562 0.741406 0.101562
1 0.782031 0.018750 0.827344 0.018750 0.827344 0.106250 0.782031 0.106250
1 0.816406 0.010937 0.861719 0.010937 0.861719 0.098437 0.816406 0.098437
1 0.855469 0.014063 0.900781 0.014063 0.900781 0.101562 0.855469 0.101562
1 0.894531 0.012500 0.939844 0.012500 0.939844 0.100000 0.894531 0.100000
1 0.930469 0.012500 0.975781 0.012500 0.975781 0.100000 0.930469 0.100000
0 0.103125 0.128125 0.212500 0.128125 0.212500 0.171875 0.103125 0.171875
0 0.206250 0.128125 0.315625 0.128125 0.315625 0.171875 0.206250 0.171875
0 0.315625 0.118750 0.425000 0.118750 0.425000 0.162500 0.315625 0.162500
0 0.418750 0.128125 0.528125 0.128125 0.528125 0.171875 0.418750 0.171875
0 0.526563 0.120313 0.635938 0.120313 0.635938 0.164062 0.526563 0.164062
0 0.626563 0.125000 0.735938 0.125000 0.735938 0.168750 0.626563 0.168750
0 0.729688 0.120313 0.839063 0.120313 0.839063 0.164062 0.729688 0.164062
0 0.834375 0.123438 0.943750 0.123438 0.943750 0.167187 0.834375 0.167187
1 0.028125 0.131250 0.084375 0.131250 0.084375 0.237500 0.028125 0.237500
1 0.076563 0.137500 0.132812 0.137500 0.132812 0.243750 0.076563 0.243750
1 0.118750 0.139063 0.175000 0.139063 0.175000 0.245312 0.118750 0.245312
1 0.170313 0.134375 0.226562 0.134375 0.226562 0.240625 0.170313 0.240625
1 0.212500 0.132812 0.268750 0.132812 0.268750 0.239063 0.212500 0.239063
1 0.260937 0.135937 0.317188 0.135937 0.317188 0.242188 0.260937 0.242188
1 0.306250 0.131250 0.362500 0.131250 0.362500 0.237500 0.306250 0.237500
1 0.354687 0.137500 0.410938 0.137500 0.410938 0.243750 0.354687 0.243750
1 0.400000 0.131250 0.456250 0.131250 0.456250 0.237500 0.400000 0.237500
1 0.448437 0.134375 0.504687 0.134375 0.504687 0.240625 0.448437 0.240625
1 0.498437 0.140625 0.554688 0.140625 0.554688 0.246875 0.498437 0.246875
1 0.539062 0.140625 0.595313 0.140625 0.595313 0.246875 0.539062 0.246875
1 0.592187 0.134375 0.648438 0.134375 0.648438 0.240625 0.592187 0.240625
1 0.632812 0.132812 0.689063 0.132812 0.689063 0.239063 0.632812 0.239063
1 0.679688 0.131250 0.735938 0.131250 0.735938 0.237500 0.679688 0.237500
1 0.728125 0.134375 0.784375 0.134375 0.784375 0.240625 0.728125 0.240625
1 0.773438 0.137500 0.829688 0.137500 0.829688 0.243750 0.773438 0.243750
1 0.820312 0.132812 0.876563 0.132812 0.876563 0.239063 0.820312 0.239063
1 0.871875 0.134375 0.928125 0.134375 0.928125 0.240625 0.871875 0.240625
1 0.917188 0.139063 0.973437 0.139063 0.973437 0.245312 0.917188 0.245312
0 0.033594 0.270313 0.069531 0.270313 0.069531 0.295312 0.033594 0.295312
0 0.067969 0.265625 0.103906 0.265625 0.103906 0.290625 0.067969 0.290625
0 0.096094 0.268750 0.132031 0.268750 0.132031 0.293750 0.096094 0.293750
0 0.119531 0.273438 0.155469 0.273438 0.155469 0.298438 0.119531 0.298438
0 0.147656 0.270313 0.183594 0.270313 0.183594 0.295312 0.147656 0.295312
0 0.177344 0.265625 0.213281 0.265625 0.213281 0.290625 0.177344 0.290625
0 0.207031 0.271875 0.242969 0.271875 0.242969 0.296875 0.207031 0.296875
0 0.232031 0.271875 0.267969 0.271875 0.267969 0.296875 0.232031 0.296875
0 0.263281 0.268750 0.299219 0.268750 0.299219 0.293750 0.263281 0.293750
0 0.289844 0.268750 0.325781 0.268750 0.325781 0.293750 0.289844 0.293750
0 0.316406 0.271875 0.352344 0.271875 0.352344 0.296875 0.316406 0.296875
0 0.344531 0.271875 0.380469 0.271875 0.380469 0.296875 0.344531 0.296875
0 0.371094 0.267188 0.407031 0.267188 0.407031 0.292187 0.371094 0.292187
0 0.403906 0.268750 0.439844 0.268750 0.439844 0.293750 0.403906 0.293750
0 0.427344 0.273438 0.463281 0.273438 0.463281 0.298438 0.427344 0.298438
0 0.461719 0.268750 0.497656 0.268750 0.497656 0.293750 0.461719 0.293750
0 0.488281 0.270313 0.524219 0.270313 0.524219 0.295312 0.488281 0.295312
0 0.517969 0.273438 0.553906 0.273438 0.553906 0.298438 0.517969 0.298438
0 0.546094 0.265625 0.582031 0.265625 0.582031 0.290625 0.546094 0.290625
0 0.572656 0.264062 0.608594 0.264062 0.608594 0.289062 0.572656 0.289062
0 0.599219 0.271875 0.635156 0.271875 0.635156 0.296875 0.599219 0.296875
0 0.624219 0.270313 0.660156 0.270313 0.660156 0.295312 0.624219 0.295312
0 0.658594 0.267188 0.694531 0.267188 0.694531 0.292187 0.658594 0.292187
0 0.682031 0.273438 0.717969 0.273438 0.717969 0.298438 0.682031 0.298438
0 0.711719 0.267188 0.747656 0.267188 0.747656 0.292187 0.711719 0.292187
1 0.040625 0.276562 0.062500 0.276562 0.062500 0.317188 0.040625 0.317188
1 0.060937 0.278125 0.082812 0.278125 0.082812 0.318750 0.060937 0.318750
1 0.081250 0.278125 0.103125 0.278125 0.103125 0.318750 0.081250 0.318750
1 0.096875 0.282813 0.118750 0.282813 0.118750 0.323437 0.096875 0.323437
1 0.115625 0.284375 0.137500 0.284375 0.137500 0.325000 0.115625 0.325000
1 0.128125 0.281250 0.150000 0.281250 0.150000 0.321875 0.128125 0.321875
1 0.150000 0.285938 0.171875 0.285938 0.171875 0.326562 0.150000 0.326562
1 0.164062 0.279687 0.185938 0.279687 0.185938 0.320312 0.164062 0.320312
1 0.182812 0.279687 0.204687 0.279687 0.204687 0.320312 0.182812 0.320312
1 0.196875 0.276562 0.218750 0.276562 0.218750 0.317188 0.196875 0.317188
1 0.217188 0.285938 0.239063 0.285938 0.239063 0.326562 0.217188 0.326562
1 0.234375 0.282813 0.256250 0.282813 0.256250 0.323437 0.234375 0.323437
1 0.253125 0.285938 0.275000 0.285938 0.275000 0.326562 0.253125 0.326562
1 0.264062 0.278125 0.285938 0.278125 0.285938 0.318750 0.264062 0.318750
1 0.287500 0.284375 0.309375 0.284375 0.309375 0.325000 0.287500 0.325000
1 0.304688 0.276562 0.326562 0.276562 0.326562 0.317188 0.304688 0.317188
1 0.320312 0.284375 0.342187 0.284375 0.342187 0.325000 0.320312 0.325000
1 0.337500 0.284375 0.359375 0.284375 0.359375 0.325000 0.337500 0.325000
1 0.351562 0.284375 0.373437 0.284375 0.373437 0.325000 0.351562 0.325000
1 0.373437 0.279687 0.395313 0.279687 0.395313 0.320312 0.373437 0.320312
1 0.390625 0.284375 0.412500 0.284375 0.412500 0.325000 0.390625 0.325000
1 0.406250 0.284375 0.428125 0.284375 0.428125 0.325000 0.406250 0.325000
1 0.421875 0.276562 0.443750 0.276562 0.443750 0.317188 0.421875 0.317188
1 0.442188 0.284375 0.464062 0.284375 0.464062 0.325000 0.442188 0.325000
1 0.453125 0.276562 0.475000 0.276562 0.475000 0.317188 0.453125 0.317188
0 0.022656 0.320312 0.092969 0.320312 0.092969 0.370312 0.022656 0.370312
0 0.080469 0.312500 0.150781 0.312500 0.150781 0.362500 0.080469 0.362500
0 0.138281 0.312500 0.208594 0.312500 0.208594 0.362500 0.138281 0.362500
0 0.200781 0.312500 0.271094 0.312500 0.271094 0.362500 0.200781 0.362500
0 0.264844 0.318750 0.335156 0.318750 0.335156 0.368750 0.264844 0.368750
0 0.321094 0.318750 0.391406 0.318750 0.391406 0.368750 0.321094 0.368750
0 0.386719 0.314063 0.457031 0.314063 0.457031 0.364063 0.386719 0.364063
0 0.447656 0.315625 0.517969 0.315625 0.517969 0.365625 0.447656 0.365625
0 0.508594 0.320312 0.578906 0.320312 0.578906 0.370312 0.508594 0.370312
0 0.564844 0.317188 0.635156 0.317188 0.635156 0.367188 0.564844 0.367188
0 0.632031 0.314063 0.702344 0.314063 0.702344 0.364063 0.632031 0.364063
0 0.689844 0.314063 0.760156 0.314063 0.760156 0.364063 0.689844 0.364063
0 0.752344 0.317188 0.822656 0.317188 0.822656 0.367188 0.752344 0.367188
0 0.808594 0.317188 0.878906 0.317188 0.878906 0.367188 0.808594 0.367188
0 0.875781 0.317188 0.946094 0.317188 0.946094 0.367188 0.875781 0.367188
1 0.035156 0.356250 0.067969 0.356250 0.067969 0.418750 0.035156 0.418750
1 0.063281 0.351562 0.096094 0.351562 0.096094 0.414062 0.063281 0.414062
1 0.096094 0.357812 0.128906 0.357812 0.128906 0.420312 0.096094 0.420312
1 0.119531 0.350000 0.152344 0.350000 0.152344 0.412500 0.119531 0.412500
1 0.149219 0.350000 0.182031 0.350000 0.182031 0.412500 0.149219 0.412500
1 0.178906 0.357812 0.211719 0.357812 0.211719 0.420312 0.178906 0.420312
1 0.210156 0.354687 0.242969 0.354687 0.242969 0.417187 0.210156 0.417187
1 0.233594 0.359375 0.266406 0.359375 0.266406 0.421875 0.233594 0.421875
1 0.266406 0.359375 0.299219 0.359375 0.299219 0.421875 0.266406 0.421875
1 0.292969 0.350000 0.325781 0.350000 0.325781 0.412500 0.292969 0.412500
1 0.321094 0.354687 0.353906 0.354687 0.353906 0.417187 0.321094 0.417187
1 0.350781 0.351562 0.383594 0.351562 0.383594 0.414062 0.350781 0.414062
1 0.377344 0.351562 0.410156 0.351562 0.410156 0.414062 0.377344 0.414062
1 0.403906 0.351562 0.436719 0.351562 0.436719 0.414062 0.403906 0.414062
1 0.432031 0.357812 0.464844 0.357812 0.464844 0.420312 0.432031 0.420312
1 0.457031 0.353125 0.489844 0.353125 0.489844 0.415625 0.457031 0.415625
1 0.486719 0.350000 0.519531 0.350000 0.519531 0.412500 0.486719 0.412500
1 0.519531 0.350000 0.552344 0.350000 0.552344 0.412500 0.519531 0.412500
1 0.542969 0.353125 0.575781 0.353125 0.575781 0.415625 0.542969 0.415625
1 0.575781 0.354687 0.608594 0.354687 0.608594 0.417187 0.575781 0.417187
1 0.600781 0.357812 0.633594 0.357812 0.633594 0.420312 0.600781 0.420312
1 0.627344 0.354687 0.660156 0.354687 0.660156 0.417187 0.627344 0.417187
1 0.655469 0.359375 0.688281 0.359375 0.688281 0.421875 0.655469 0.421875
1 0.683594 0.350000 0.716406 0.350000 0.716406 0.412500 0.683594 0.412500
1 0.710156 0.351562 0.742969 0.351562 0.742969 0.414062 0.710156 0.414062
0 0.014844 0.415625 0.097656 0.415625 0.097656 0.475000 0.014844 0.475000
0 0.078906 0.417187 0.161719 0.417187 0.161719 0.476562 0.078906 0.476562
0 0.147656 0.415625 0.230469 0.415625 0.230469 0.475000 0.147656 0.475000
0 0.211719 0.417187 0.294531 0.417187 0.294531 0.476562 0.211719 0.476562
0 0.280469 0.417187 0.363281 0.417187 0.363281 0.476562 0.280469 0.476562
0 0.350781 0.417187 0.433594 0.417187 0.433594 0.476562 0.350781 0.476562
0 0.414844 0.414062 0.497656 0.414062 0.497656 0.473438 0.414844 0.473438
0 0.485156 0.421875 0.567969 0.421875 0.567969 0.481250 0.485156 0.481250
0 0.552344 0.417187 0.635156 0.417187 0.635156 0.476562 0.552344 0.476562
0 0.616406 0.420312 0.699219 0.420312 0.699219 0.479687 0.616406 0.479687
0 0.686719 0.412500 0.769531 0.412500 0.769531 0.471875 0.686719 0.471875
0 0.750781 0.417187 0.833594 0.417187 0.833594 0.476562 0.750781 0.476562
0 0.822656 0.421875 0.905469 0.421875 0.905469 0.481250 0.822656 0.481250
0 0.885156 0.417187 0.967969 0.417187 0.967969 0.476562 0.885156 0.476562
1 0.046875 0.488281 0.065625 0.488281 0.065625 0.508594 0.046875 0.508594
1 0.059375 0.485156 0.078125 0.485156 0.078125 0.505469 0.059375 0.505469
1 0.071875 0.491406 0.090625 0.491406 0.090625 0.511719 0.071875 0.511719
1 0.085938 0.492969 0.104688 0.492969 0.104688 0.513281 0.085938 0.513281
1 0.101562 0.485156 0.120313 0.485156 0.120313 0.505469 0.101562 0.505469
1 0.114062 0.488281 0.132812 0.488281 0.132812 0.508594 0.114062 0.508594
1 0.131250 0.491406 0.150000 0.491406 0.150000 0.511719 0.131250 0.511719
1 0.142187 0.494531 0.160938 0.494531 0.160938 0.514844 0.142187 0.514844
1 0.157812 0.491406 0.176563 0.491406 0.176563 0.511719 0.157812 0.511719
1 0.168750 0.489844 0.187500 0.489844 0.187500 0.510156 0.168750 0.510156
1 0.182812 0.491406 0.201563 0.491406 0.201563 0.511719 0.182812 0.511719
1 0.203125 0.486719 0.221875 0.486719 0.221875 0.507031 0.203125 0.507031
1 0.215625 0.492969 0.234375 0.492969 0.234375 0.513281 0.215625 0.513281
1 0.229687 0.494531 0.248438 0.494531 0.248438 0.514844 0.229687 0.514844
1 0.245312 0.489844 0.264062 0.489844 0.264062 0.510156 0.245312 0.510156
1 0.257812 0.494531 0.276562 0.494531 0.276562 0.514844 0.257812 0.514844
1 0.268750 0.491406 0.287500 0.491406 0.287500 0.511719 0.268750 0.511719
1 0.284375 0.486719 0.303125 0.486719 0.303125 0.507031 0.284375 0.507031
1 0.295312 0.492969 0.314063 0.492969 0.314063 0.513281 0.295312 0.513281
1 0.315625 0.491406 0.334375 0.491406 0.334375 0.511719 0.315625 0.511719
1 0.329688 0.494531 0.348438 0.494531 0.348438 0.514844 0.329688 0.514844
1 0.342187 0.485156 0.360938 0.485156 0.360938 0.505469 0.342187 0.505469
1 0.357812 0.485156 0.376563 0.485156 0.376563 0.505469 0.357812 0.505469
1 0.367188 0.489844 0.385937 0.489844 0.385937 0.510156 0.367188 0.510156
1 0.379688 0.486719 0.398438 0.486719 0.398438 0.507031 0.379688 0.507031
0 0.039844 0.495312 0.069531 0.495312 0.069531 0.551562 0.039844 0.551562
0 0.067969 0.493750 0.097656 0.493750 0.097656 0.550000 0.067969 0.550000
0 0.092969 0.496875 0.122656 0.496875 0.122656 0.553125 0.092969 0.553125
0 0.119531 0.489063 0.149219 0.489063 0.149219 0.545312 0.119531 0.545312
0 0.147656 0.492188 0.177344 0.492188 0.177344 0.548438 0.147656 0.548438
0 0.171094 0.489063 0.200781 0.489063 0.200781 0.545312 0.171094 0.545312
0 0.197656 0.496875 0.227344 0.496875 0.227344 0.553125 0.197656 0.553125
0 0.225781 0.489063 0.255469 0.489063 0.255469 0.545312 0.225781 0.545312
0 0.249219 0.492188 0.278906 0.492188 0.278906 0.548438 0.249219 0.548438
0 0.275781 0.489063 0.305469 0.489063 0.305469 0.545312 0.275781 0.545312
0 0.308594 0.495312 0.338281 0.495312 0.338281 0.551562 0.308594 0.551562
0 0.332031 0.490625 0.361719 0.490625 0.361719 0.546875 0.332031 0.546875
0 0.360156 0.493750 0.389844 0.493750 0.389844 0.550000 0.360156 0.550000
0 0.386719 0.489063 0.416406 0.489063 0.416406 0.545312 0.386719 0.545312
0 0.413281 0.487500 0.442969 0.487500 0.442969 0.543750 0.413281 0.543750
0 0.439844 0.496875 0.469531 0.496875 0.469531 0.553125 0.439844 0.553125
0 0.463281 0.495312 0.492969 0.495312 0.492969 0.551562 0.463281 0.551562
0 0.492969 0.492188 0.522656 0.492188 0.522656 0.548438 0.492969 0.548438
0 0.519531 0.490625 0.549219 0.490625 0.549219 0.546875 0.519531 0.546875
0 0.542969 0.489063 0.572656 0.489063 0.572656 0.545312 0.542969 0.545312
0 0.569531 0.495312 0.599219 0.495312 0.599219 0.551562 0.569531 0.551562
0 0.597656 0.492188 0.627344 0.492188 0.627344 0.548438 0.597656 0.548438
0 0.621094 0.493750 0.650781 0.493750 0.650781 0.550000 0.621094 0.550000
0 0.650781 0.487500 0.680469 0.487500 0.680469 0.543750 0.650781 0.543750
0 0.675781 0.490625 0.705469 0.490625 0.705469 0.546875 0.675781 0.546875