2 0.041406 0.027344 0.071094 0.027344 0.071094 0.116406 0.041406 0.116406
2 0.069531 0.021094 0.099219 0.021094 0.099219 0.110156 0.069531 0.110156
2 0.097656 0.019531 0.127344 0.019531 0.127344 0.108594 0.097656 0.108594
2 0.122656 0.021094 0.152344 0.021094 0.152344 0.110156 0.122656 0.110156
2 0.152344 0.024219 0.182031 0.024219 0.182031 0.113281 0.152344 0.113281
2 0.185156 0.024219 0.214844 0.024219 0.214844 0.113281 0.185156 0.113281
2 0.210156 0.019531 0.239844 0.019531 0.239844 0.108594 0.210156 0.108594
2 0.238281 0.021094 0.267969 0.021094 0.267969 0.110156 0.238281 0.110156
2 0.267969 0.025781 0.297656 0.025781 0.297656 0.114844 0.267969 0.114844
2 0.294531 0.025781 0.324219 0.025781 0.324219 0.114844 0.294531 0.114844
2 0.324219 0.022656 0.353906 0.022656 0.353906 0.111719 0.324219 0.111719
2 0.350781 0.019531 0.380469 0.019531 0.380469 0.108594 0.350781 0.108594
2 0.380469 0.021094 0.410156 0.021094 0.410156 0.110156 0.380469 0.110156
2 0.403906 0.022656 0.433594 0.022656 0.433594 0.111719 0.403906 0.111719
2 0.436719 0.024219 0.466406 0.024219 0.466406 0.113281 0.436719 0.113281
2 0.460156 0.022656 0.489844 0.022656 0.489844 0.111719 0.460156 0.111719
2 0.489844 0.025781 0.519531 0.025781 0.519531 0.114844 0.489844 0.114844
2 0.516406 0.024219 0.546094 0.024219 0.546094 0.113281 0.516406 0.113281
2 0.544531 0.019531 0.574219 0.019531 0.574219 0.108594 0.544531 0.108594
2 0.572656 0.021094 0.602344 0.021094 0.602344 0.110156 0.572656 0.110156
2 0.607031 0.019531 0.636719 0.019531 0.636719 0.108594 0.607031 0.108594
2 0.632031 0.027344 0.661719 0.027344 0.661719 0.116406 0.632031 0.116406
2 0.658594 0.017969 0.688281 0.017969 0.688281 0.107031 0.658594 0.107031
2 0.688281 0.021094 0.717969 0.021094 0.717969 0.110156 0.688281 0.110156
2 0.716406 0.017969 0.746094 0.017969 0.746094 0.107031 0.716406 0.107031
1 0.047656 0.132812 0.071094 0.132812 0.071094 0.176563 0.047656 0.176563
1 0.064844 0.139063 0.088281 0.139063 0.088281 0.182812 0.064844 0.182812
1 0.080469 0.129688 0.103906 0.129688 0.103906 0.173437 0.080469 0.173437
1 0.097656 0.137500 0.121094 0.137500 0.121094 0.181250 0.097656 0.181250
1 0.119531 0.131250 0.142969 0.131250 0.142969 0.175000 0.119531 0.175000
1 0.139844 0.129688 0.163281 0.129688 0.163281 0.173437 0.139844 0.173437
1 0.157031 0.137500 0.180469 0.137500 0.180469 0.181250 0.157031 0.181250
1 0.172656 0.132812 0.196094 0.132812 0.196094 0.176563 0.172656 0.176563
1 0.192969 0.129688 0.216406 0.129688 0.216406 0.173437 0.192969 0.173437
1 0.216406 0.135937 0.239844 0.135937 0.239844 0.179688 0.216406 0.179688
1 0.228906 0.135937 0.252344 0.135937 0.252344 0.179688 0.228906 0.179688
1 0.252344 0.137500 0.275781 0.137500 0.275781 0.181250 0.252344 0.181250
1 0.272656 0.137500 0.296094 0.137500 0.296094 0.181250 0.272656 0.181250
1 0.291406 0.134375 0.314844 0.134375 0.314844 0.178125 0.291406 0.178125
1 0.307031 0.129688 0.330469 0.129688 0.330469 0.173437 0.307031 0.173437
1 0.322656 0.132812 0.346094 0.132812 0.346094 0.176563 0.322656 0.176563
1 0.341406 0.139063 0.364844 0.139063 0.364844 0.182812 0.341406 0.182812
1 0.361719 0.131250 0.385156 0.131250 0.385156 0.175000 0.361719 0.175000
1 0.380469 0.134375 0.403906 0.134375 0.403906 0.178125 0.380469 0.178125
1 0.400781 0.129688 0.424219 0.129688 0.424219 0.173437 0.400781 0.173437
1 0.422656 0.139063 0.446094 0.139063 0.446094 0.182812 0.422656 0.182812
1 0.438281 0.134375 0.461719 0.134375 0.461719 0.178125 0.438281 0.178125
1 0.458594 0.129688 0.482031 0.129688 0.482031 0.173437 0.458594 0.173437
1 0.472656 0.134375 0.496094 0.134375 0.496094 0.178125 0.472656 0.178125
1 0.494531 0.137500 0.517969 0.137500 0.517969 0.181250 0.494531 0.181250
1 0.046875 0.188281 0.062500 0.188281 0.062500 0.208594 0.046875 0.208594
1 0.062500 0.191406 0.078125 0.191406 0.078125 0.211719 0.062500 0.211719
1 0.073438 0.188281 0.089063 0.188281 0.089063 0.208594 0.073438 0.208594
1 0.084375 0.191406 0.100000 0.191406 0.100000 0.211719 0.084375 0.211719
1 0.096875 0.189844 0.112500 0.189844 0.112500 0.210156 0.096875 0.210156
1 0.110937 0.186719 0.126562 0.186719 0.126562 0.207031 0.110937 0.207031
1 0.125000 0.186719 0.140625 0.186719 0.140625 0.207031 0.125000 0.207031
1 0.134375 0.189844 0.150000 0.189844 0.150000 0.210156 0.134375 0.210156
1 0.148438 0.188281 0.164062 0.188281 0.164062 0.208594 0.148438 0.208594
1 0.159375 0.185156 0.175000 0.185156 0.175000 0.205469 0.159375 0.205469
1 0.171875 0.188281 0.187500 0.188281 0.187500 0.208594 0.171875 0.208594
1 0.189062 0.188281 0.204687 0.188281 0.204687 0.208594 0.189062 0.208594
1 0.201563 0.188281 0.217188 0.188281 0.217188 0.208594 0.201563 0.208594
1 0.209375 0.189844 0.225000 0.189844 0.225000 0.210156 0.209375 0.210156
1 0.226562 0.186719 0.242188 0.186719 0.242188 0.207031 0.226562 0.207031
1 0.237500 0.191406 0.253125 0.191406 0.253125 0.211719 0.237500 0.211719
1 0.251563 0.189844 0.267188 0.189844 0.267188 0.210156 0.251563 0.210156
1 0.257812 0.185156 0.273438 0.185156 0.273438 0.205469 0.257812 0.205469
1 0.275000 0.186719 0.290625 0.186719 0.290625 0.207031 0.275000 0.207031
1 0.285938 0.183594 0.301563 0.183594 0.301563 0.203906 0.285938 0.203906
1 0.300000 0.191406 0.315625 0.191406 0.315625 0.211719 0.300000 0.211719
1 0.307812 0.191406 0.323437 0.191406 0.323437 0.211719 0.307812 0.211719
1 0.326562 0.189844 0.342187 0.189844 0.342187 0.210156 0.326562 0.210156
1 0.335938 0.183594 0.351562 0.183594 0.351562 0.203906 0.335938 0.203906
1 0.346875 0.188281 0.362500 0.188281 0.362500 0.208594 0.346875 0.208594
2 0.093750 0.025000 0.221875 0.025000 0.221875 0.396875 0.093750 0.396875
2 0.198437 0.031250 0.326562 0.031250 0.326562 0.403125 0.198437 0.403125
2 0.298438 0.029687 0.426563 0.029687 0.426563 0.401562 0.298438 0.401562
2 0.404687 0.032813 0.532813 0.032813 0.532813 0.404687 0.404687 0.404687
2 0.506250 0.029687 0.634375 0.029687 0.634375 0.401562 0.506250 0.401562
2 0.610938 0.034375 0.739062 0.034375 0.739062 0.406250 0.610938 0.406250
2 0.710938 0.029687 0.839063 0.029687 0.839063 0.401562 0.710938 0.401562
2 0.820312 0.031250 0.948438 0.031250 0.948438 0.403125 0.820312 0.403125
1 0.053125 0.580469 0.062500 0.580469 0.062500 0.591406 0.053125 0.591406
1 0.065625 0.585156 0.075000 0.585156 0.075000 0.596094 0.065625 0.596094
1 0.079687 0.585156 0.089063 0.585156 0.089063 0.596094 0.079687 0.596094
1 0.087500 0.586719 0.096875 0.586719 0.096875 0.597656 0.087500 0.597656
1 0.101562 0.589844 0.110937 0.589844 0.110937 0.600781 0.101562 0.600781
1 0.115625 0.589844 0.125000 0.589844 0.125000 0.600781 0.115625 0.600781
1 0.129688 0.589844 0.139063 0.589844 0.139063 0.600781 0.129688 0.600781
1 0.140625 0.582031 0.150000 0.582031 0.150000 0.592969 0.140625 0.592969
1 0.148438 0.583594 0.157812 0.583594 0.157812 0.594531 0.148438 0.594531
1 0.160938 0.589844 0.170313 0.589844 0.170313 0.600781 0.160938 0.600781
1 0.176563 0.585156 0.185938 0.585156 0.185938 0.596094 0.176563 0.596094
1 0.187500 0.585156 0.196875 0.585156 0.196875 0.596094 0.187500 0.596094
1 0.201563 0.588281 0.210938 0.588281 0.210938 0.599219 0.201563 0.599219
1 0.210938 0.583594 0.220312 0.583594 0.220312 0.594531 0.210938 0.594531
1 0.228125 0.583594 0.237500 0.583594 0.237500 0.594531 0.228125 0.594531
1 0.239063 0.583594 0.248438 0.583594 0.248438 0.594531 0.239063 0.594531
1 0.254688 0.583594 0.264062 0.583594 0.264062 0.594531 0.254688 0.594531
1 0.267188 0.583594 0.276562 0.583594 0.276562 0.594531 0.267188 0.594531
1 0.279687 0.586719 0.289062 0.586719 0.289062 0.597656 0.279687 0.597656
1 0.292187 0.588281 0.301563 0.588281 0.301563 0.599219 0.292187 0.599219
1 0.298438 0.580469 0.307812 0.580469 0.307812 0.591406 0.298438 0.591406
1 0.315625 0.588281 0.325000 0.588281 0.325000 0.599219 0.315625 0.599219
1 0.325000 0.586719 0.334375 0.586719 0.334375 0.597656 0.325000 0.597656
1 0.335938 0.580469 0.345313 0.580469 0.345313 0.591406 0.335938 0.591406
1 0.353125 0.586719 0.362500 0.586719 0.362500 0.597656 0.353125 0.597656
1 0.033594 0.574219 0.082031 0.574219 0.082031 0.625781 0.033594 0.625781
1 0.077344 0.578906 0.125781 0.578906 0.125781 0.630469 0.077344 0.630469
1 0.119531 0.572656 0.167969 0.572656 0.167969 0.624219 0.119531 0.624219
1 0.166406 0.575781 0.214844 0.575781 0.214844 0.627344 0.166406 0.627344
1 0.214844 0.582031 0.263281 0.582031 0.263281 0.633594 0.214844 0.633594
1 0.261719 0.577344 0.310156 0.577344 0.310156 0.628906 0.261719 0.628906
1 0.300781 0.574219 0.349219 0.574219 0.349219 0.625781 0.300781 0.625781
1 0.349219 0.574219 0.397656 0.574219 0.397656 0.625781 0.349219 0.625781
1 0.397656 0.572656 0.446094 0.572656 0.446094 0.624219 0.397656 0.624219
1 0.438281 0.577344 0.486719 0.577344 0.486719 0.628906 0.438281 0.628906
1 0.486719 0.580469 0.535156 0.580469 0.535156 0.632031 0.486719 0.632031
1 0.533594 0.575781 0.582031 0.575781 0.582031 0.627344 0.533594 0.627344
1 0.578906 0.580469 0.627344 0.580469 0.627344 0.632031 0.578906 0.632031
1 0.619531 0.577344 0.667969 0.577344 0.667969 0.628906 0.619531 0.628906
1 0.664844 0.574219 0.713281 0.574219 0.713281 0.625781 0.664844 0.625781
1 0.714844 0.574219 0.763281 0.574219 0.763281 0.625781 0.714844 0.625781
1 0.758594 0.577344 0.807031 0.577344 0.807031 0.628906 0.758594 0.628906
1 0.803906 0.578906 0.852344 0.578906 0.852344 0.630469 0.803906 0.630469
1 0.844531 0.582031 0.892969 0.582031 0.892969 0.633594 0.844531 0.633594
1 0.889844 0.572656 0.938281 0.572656 0.938281 0.624219 0.889844 0.624219
2 0.010937 0.524219 0.101562 0.524219 0.101562 0.788281 0.010937 0.788281
2 0.093750 0.521094 0.184375 0.521094 0.184375 0.785156 0.093750 0.785156
2 0.173437 0.519531 0.264062 0.519531 0.264062 0.783594 0.173437 0.783594
2 0.250000 0.516406 0.340625 0.516406 0.340625 0.780469 0.250000 0.780469
2 0.326562 0.525781 0.417187 0.525781 0.417187 0.789844 0.326562 0.789844
2 0.406250 0.517969 0.496875 0.517969 0.496875 0.782031 0.406250 0.782031
2 0.489063 0.517969 0.579688 0.517969 0.579688 0.782031 0.489063 0.782031
2 0.571875 0.519531 0.662500 0.519531 0.662500 0.783594 0.571875 0.783594
2 0.646875 0.519531 0.737500 0.519531 0.737500 0.783594 0.646875 0.783594
2 0.726562 0.519531 0.817187 0.519531 0.817187 0.783594 0.726562 0.783594
2 0.806250 0.524219 0.896875 0.524219 0.896875 0.788281 0.806250 0.788281
1 0.035156 0.898438 0.083594 0.898438 0.083594 0.951562 0.035156 0.951562
1 0.082031 0.889062 0.130469 0.889062 0.130469 0.942187 0.082031 0.942187
1 0.127344 0.896875 0.175781 0.896875 0.175781 0.950000 0.127344 0.950000
1 0.169531 0.896875 0.217969 0.896875 0.217969 0.950000 0.169531 0.950000
1 0.222656 0.889062 0.271094 0.889062 0.271094 0.942187 0.222656 0.942187
1 0.269531 0.889062 0.317969 0.889062 0.317969 0.942187 0.269531 0.942187
1 0.314844 0.896875 0.363281 0.896875 0.363281 0.950000 0.314844 0.950000
1 0.358594 0.898438 0.407031 0.898438 0.407031 0.951562 0.358594 0.951562
1 0.405469 0.895312 0.453906 0.895312 0.453906 0.948438 0.405469 0.948438
1 0.452344 0.890625 0.500781 0.890625 0.500781 0.943750 0.452344 0.943750
1 0.499219 0.898438 0.547656 0.898438 0.547656 0.951562 0.499219 0.951562
1 0.550781 0.898438 0.599219 0.898438 0.599219 0.951562 0.550781 0.951562
1 0.591406 0.893750 0.639844 0.893750 0.639844 0.946875 0.591406 0.946875
1 0.641406 0.895312 0.689844 0.895312 0.689844 0.948438 0.641406 0.948438
1 0.689844 0.896875 0.738281 0.896875 0.738281 0.950000 0.689844 0.950000
1 0.738281 0.896875 0.786719 0.896875 0.786719 0.950000 0.738281 0.950000
1 0.780469 0.893750 0.828906 0.893750 0.828906 0.946875 0.780469 0.946875
1 0.830469 0.898438 0.878906 0.898438 0.878906 0.951562 0.830469 0.951562
1 0.875781 0.890625 0.924219 0.890625 0.924219 0.943750 0.875781 0.943750
1 0.922656 0.890625 0.971094 0.890625 0.971094 0.943750 0.922656 0.943750
1 0.045312 0.950781 0.064062 0.950781 0.064062 0.974219 0.045312 0.974219
1 0.059375 0.958594 0.078125 0.958594 0.078125 0.982031 0.059375 0.982031
1 0.078125 0.960156 0.096875 0.960156 0.096875 0.983594 0.078125 0.983594
1 0.092188 0.950781 0.110937 0.950781 0.110937 0.974219 0.092188 0.974219
1 0.106250 0.958594 0.125000 0.958594 0.125000 0.982031 0.106250 0.982031
1 0.123438 0.960156 0.142187 0.960156 0.142187 0.983594 0.123438 0.983594
1 0.143750 0.953906 0.162500 0.953906 0.162500 0.977344 0.143750 0.977344
1 0.156250 0.952344 0.175000 0.952344 0.175000 0.975781 0.156250 0.975781
1 0.170313 0.957031 0.189062 0.957031 0.189062 0.980469 0.170313 0.980469
1 0.187500 0.957031 0.206250 0.957031 0.206250 0.980469 0.187500 0.980469
1 0.200000 0.960156 0.218750 0.960156 0.218750 0.983594 0.200000 0.983594
1 0.221875 0.957031 0.240625 0.957031 0.240625 0.980469 0.221875 0.980469
1 0.231250 0.952344 0.250000 0.952344 0.250000 0.975781 0.231250 0.975781
1 0.248438 0.957031 0.267188 0.957031 0.267188 0.980469 0.248438 0.980469
1 0.267188 0.950781 0.285938 0.950781 0.285938 0.974219 0.267188 0.974219
1 0.281250 0.960156 0.300000 0.960156 0.300000 0.983594 0.281250 0.983594
1 0.298438 0.950781 0.317188 0.950781 0.317188 0.974219 0.298438 0.974219
1 0.315625 0.958594 0.334375 0.958594 0.334375 0.982031 0.315625 0.982031
1 0.328125 0.960156 0.346875 0.960156 0.346875 0.983594 0.328125 0.983594
1 0.343750 0.960156 0.362500 0.960156 0.362500 0.983594 0.343750 0.983594
1 0.360938 0.950781 0.379688 0.950781 0.379688 0.974219 0.360938 0.974219
1 0.373437 0.958594 0.392188 0.958594 0.392188 0.982031 0.373437 0.982031
1 0.387500 0.953906 0.406250 0.953906 0.406250 0.977344 0.387500 0.977344
1 0.404687 0.955469 0.423438 0.955469 0.423438 0.978906 0.404687 0.978906
1 0.421875 0.957031 0.440625 0.957031 0.440625 0.980469 0.421875 0.980469