0 0.217969 0.032813 0.294531 0.032813 0.294531 0.073438 0.217969 0.073438
0 0.439844 0.032813 0.516406 0.032813 0.516406 0.073438 0.439844 0.073438
0 0.661719 0.032813 0.738281 0.032813 0.738281 0.073438 0.661719 0.073438
0 0.883594 0.032813 0.960156 0.032813 0.960156 0.073438 0.883594 0.073438
3 0.047879 0.049502 0.159309 0.025138 0.201028 0.215943 0.089597 0.240307
3 0.131316 0.025138 0.242746 0.049502 0.201028 0.240307 0.089597 0.215943
3 0.217307 0.037819 0.308402 0.106464 0.190860 0.262447 0.099765 0.193803
0 0.107031 0.207813 0.183594 0.207813 0.183594 0.248438 0.107031 0.248438
3 0.204098 0.106464 0.295193 0.037819 0.412735 0.193803 0.321640 0.262447
3 0.269754 0.049502 0.381184 0.025138 0.422903 0.215943 0.311472 0.240307
3 0.353191 0.025138 0.464621 0.049502 0.422903 0.240307 0.311472 0.215943
3 0.439182 0.037819 0.530277 0.106464 0.412735 0.262447 0.321640 0.193803
0 0.328906 0.207813 0.405469 0.207813 0.405469 0.248438 0.328906 0.248438
3 0.425973 0.106464 0.517068 0.037819 0.634610 0.193803 0.543515 0.262447
3 0.491629 0.049502 0.603059 0.025138 0.644778 0.215943 0.533347 0.240307
3 0.575066 0.025138 0.686496 0.049502 0.644778 0.240307 0.533347 0.215943
3 0.661057 0.037819 0.752152 0.106464 0.634610 0.262447 0.543515 0.193803
0 0.550781 0.207813 0.627344 0.207813 0.627344 0.248438 0.550781 0.248438
3 0.647848 0.106464 0.738943 0.037819 0.856485 0.193803 0.765390 0.262447
3 0.713504 0.049502 0.824934 0.025138 0.866653 0.215943 0.755222 0.240307
3 0.796941 0.025138 0.908371 0.049502 0.866653 0.240307 0.755222 0.215943
3 0.882932 0.037819 0.974027 0.106464 0.856485 0.262447 0.765390 0.193803
0 0.772656 0.207813 0.849219 0.207813 0.849219 0.248438 0.772656 0.248438
3 0.093161 0.281464 0.184255 0.212819 0.301797 0.368803 0.210703 0.437447
3 0.158816 0.224502 0.270247 0.200138 0.311965 0.390943 0.200535 0.415307
3 0.242253 0.200138 0.353684 0.224502 0.311965 0.415307 0.200535 0.390943
3 0.328245 0.212819 0.419339 0.281464 0.301797 0.437447 0.210703 0.368803
0 0.217969 0.382812 0.294531 0.382812 0.294531 0.423438 0.217969 0.423438
3 0.315036 0.281464 0.406130 0.212819 0.523672 0.368803 0.432578 0.437447
3 0.380691 0.224502 0.492122 0.200138 0.533840 0.390943 0.422410 0.415307
3 0.464128 0.200138 0.575559 0.224502 0.533840 0.415307 0.422410 0.390943
3 0.550120 0.212819 0.641214 0.281464 0.523672 0.437447 0.432578 0.368803
0 0.439844 0.382812 0.516406 0.382812 0.516406 0.423438 0.439844 0.423438
3 0.536911 0.281464 0.628005 0.212819 0.745547 0.368803 0.654453 0.437447
3 0.602566 0.224502 0.713997 0.200138 0.755715 0.390943 0.644285 0.415307
3 0.686003 0.200138 0.797434 0.224502 0.755715 0.415307 0.644285 0.390943
3 0.771995 0.212819 0.863089 0.281464 0.745547 0.437447 0.654453 0.368803
0 0.661719 0.382812 0.738281 0.382812 0.738281 0.423438 0.661719 0.423438
3 0.758786 0.281464 0.849880 0.212819 0.967422 0.368803 0.876328 0.437447
3 0.824441 0.224502 0.935872 0.200138 0.977590 0.390943 0.866160 0.415307
0 0.883594 0.382812 0.960156 0.382812 0.960156 0.423438 0.883594 0.423438
3 0.047879 0.399502 0.159309 0.375138 0.201028 0.565943 0.089597 0.590307
3 0.131316 0.375138 0.242746 0.399502 0.201028 0.590307 0.089597 0.565943
3 0.217307 0.387819 0.308402 0.456464 0.190860 0.612447 0.099765 0.543803
0 0.107031 0.557813 0.183594 0.557813 0.183594 0.598437 0.107031 0.598437
3 0.204098 0.456464 0.295193 0.387819 0.412735 0.543803 0.321640 0.612447
3 0.269754 0.399502 0.381184 0.375138 0.422903 0.565943 0.311472 0.590307
3 0.353191 0.375138 0.464621 0.399502 0.422903 0.590307 0.311472 0.565943
3 0.439182 0.387819 0.530277 0.456464 0.412735 0.612447 0.321640 0.543803
0 0.328906 0.557813 0.405469 0.557813 0.405469 0.598437 0.328906 0.598437
3 0.425973 0.456464 0.517068 0.387819 0.634610 0.543803 0.543515 0.612447
3 0.491629 0.399502 0.603059 0.375138 0.644778 0.565943 0.533347 0.590307
3 0.575066 0.375138 0.686496 0.399502 0.644778 0.590307 0.533347 0.565943
3 0.661057 0.387819 0.752152 0.456464 0.634610 0.612447 0.543515 0.543803
0 0.550781 0.557813 0.627344 0.557813 0.627344 0.598437 0.550781 0.598437
3 0.647848 0.456464 0.738943 0.387819 0.856485 0.543803 0.765390 0.612447
3 0.713504 0.399502 0.824934 0.375138 0.866653 0.565943 0.755222 0.590307
3 0.796941 0.375138 0.908371 0.399502 0.866653 0.590307 0.755222 0.565943
3 0.882932 0.387819 0.974027 0.456464 0.856485 0.612447 0.765390 0.543803
0 0.772656 0.557813 0.849219 0.557813 0.849219 0.598437 0.772656 0.598437
3 0.093161 0.631464 0.184255 0.562819 0.301797 0.718803 0.210703 0.787447
3 0.158816 0.574502 0.270247 0.550138 0.311965 0.740943 0.200535 0.765307
3 0.242253 0.550138 0.353684 0.574502 0.311965 0.765307 0.200535 0.740943
3 0.328245 0.562819 0.419339 0.631464 0.301797 0.787447 0.210703 0.718803
0 0.217969 0.732812 0.294531 0.732812 0.294531 0.773438 0.217969 0.773438
3 0.315036 0.631464 0.406130 0.562819 0.523672 0.718803 0.432578 0.787447
3 0.380691 0.574502 0.492122 0.550138 0.533840 0.740943 0.422410 0.765307
3 0.464128 0.550138 0.575559 0.574502 0.533840 0.765307 0.422410 0.740943
3 0.550120 0.562819 0.641214 0.631464 0.523672 0.787447 0.432578 0.718803
0 0.439844 0.732812 0.516406 0.732812 0.516406 0.773438 0.439844 0.773438
3 0.536911 0.631464 0.628005 0.562819 0.745547 0.718803 0.654453 0.787447
3 0.602566 0.574502 0.713997 0.550138 0.755715 0.740943 0.644285 0.765307
3 0.686003 0.550138 0.797434 0.574502 0.755715 0.765307 0.644285 0.740943
3 0.771995 0.562819 0.863089 0.631464 0.745547 0.787447 0.654453 0.718803
0 0.661719 0.732812 0.738281 0.732812 0.738281 0.773438 0.661719 0.773438
3 0.758786 0.631464 0.849880 0.562819 0.967422 0.718803 0.876328 0.787447
3 0.824441 0.574502 0.935872 0.550138 0.977590 0.740943 0.866160 0.765307
0 0.883594 0.732812 0.960156 0.732812 0.960156 0.773438 0.883594 0.773438