0 0.007812 0.054688 0.107813 0.054688 0.107813 0.107813 0.007812 0.107813
0 0.400000 0.054688 0.500000 0.054688 0.500000 0.107813 0.400000 0.107813
0 0.792188 0.054688 0.892188 0.054688 0.892188 0.107813 0.792188 0.107813
2 0.005399 0.142303 0.087565 0.082606 0.294208 0.367027 0.212042 0.426723
2 0.063741 0.096361 0.156523 0.055052 0.299516 0.376220 0.206734 0.417530
2 0.130359 0.063553 0.229703 0.042437 0.302797 0.386317 0.203453 0.407433
2 0.202344 0.045312 0.303906 0.045312 0.303906 0.396875 0.202344 0.396875
2 0.276547 0.042437 0.375891 0.063553 0.302797 0.407433 0.203453 0.386317
2 0.349727 0.055052 0.442509 0.096361 0.299516 0.417530 0.206734 0.376220
2 0.418685 0.082606 0.500851 0.142303 0.294208 0.426723 0.212042 0.367027
0 0.203125 0.370312 0.303125 0.370312 0.303125 0.423438 0.203125 0.423438
2 0.397586 0.142303 0.479752 0.082606 0.686395 0.367027 0.604230 0.426723
2 0.455928 0.096361 0.548710 0.055052 0.691703 0.376220 0.598922 0.417530
2 0.522547 0.063553 0.621890 0.042437 0.694984 0.386317 0.595641 0.407433
2 0.594531 0.045312 0.696094 0.045312 0.696094 0.396875 0.594531 0.396875
2 0.668735 0.042437 0.768078 0.063553 0.694984 0.407433 0.595641 0.386317
2 0.741915 0.055052 0.834697 0.096361 0.691703 0.417530 0.598922 0.376220
2 0.810873 0.082606 0.893039 0.142303 0.686395 0.426723 0.604230 0.367027
0 0.595313 0.370312 0.695312 0.370312 0.695312 0.423438 0.595313 0.423438
2 0.007031 0.360938 0.108594 0.360938 0.108594 0.712500 0.007031 0.712500
2 0.081235 0.358062 0.180578 0.379178 0.107484 0.723058 0.008141 0.701942
2 0.154415 0.370677 0.247197 0.411986 0.104203 0.733155 0.011422 0.691845
2 0.223373 0.398231 0.305539 0.457928 0.098895 0.742348 0.016730 0.682652
0 0.007812 0.685937 0.107813 0.685937 0.107813 0.739062 0.007812 0.739062
2 0.202274 0.457928 0.284440 0.398231 0.491083 0.682652 0.408917 0.742348
2 0.260616 0.411986 0.353398 0.370677 0.496391 0.691845 0.403609 0.733155
2 0.327234 0.379178 0.426578 0.358062 0.499672 0.701942 0.400328 0.723058
2 0.399219 0.360938 0.500781 0.360938 0.500781 0.712500 0.399219 0.712500
2 0.473422 0.358062 0.572766 0.379178 0.499672 0.723058 0.400328 0.701942
2 0.546602 0.370677 0.639384 0.411986 0.496391 0.733155 0.403609 0.691845
2 0.615560 0.398231 0.697726 0.457928 0.491083 0.742348 0.408917 0.682652
0 0.400000 0.685937 0.500000 0.685937 0.500000 0.739062 0.400000 0.739062
2 0.594461 0.457928 0.676627 0.398231 0.883270 0.682652 0.801105 0.742348
2 0.652803 0.411986 0.745585 0.370677 0.888578 0.691845 0.795797 0.733155
2 0.719422 0.379178 0.818765 0.358062 0.891859 0.701942 0.792516 0.723058
2 0.791406 0.360938 0.892969 0.360938 0.892969 0.712500 0.791406 0.712500
2 0.865610 0.358062 0.964953 0.379178 0.891859 0.723058 0.792516 0.701942
0 0.792188 0.685937 0.892188 0.685937 0.892188 0.739062 0.792188 0.739062