3 0.029831 0.151593 0.081778 0.085105 0.196286 0.174568 0.144339 0.241057
3 0.086748 0.081668 0.167291 0.056530 0.210584 0.195244 0.130041 0.220381
3 0.173334 0.056530 0.253877 0.081668 0.210584 0.220381 0.130041 0.195244
3 0.258847 0.085105 0.310794 0.151593 0.196286 0.241057 0.144339 0.174568
3 0.247019 0.151593 0.298965 0.085105 0.413473 0.174568 0.361527 0.241057
3 0.303935 0.081668 0.384479 0.056530 0.427772 0.195244 0.347228 0.220381
3 0.390521 0.056530 0.471065 0.081668 0.427772 0.220381 0.347228 0.195244
3 0.476035 0.085105 0.527981 0.151593 0.413473 0.241057 0.361527 0.174568
3 0.464206 0.151593 0.516153 0.085105 0.630661 0.174568 0.578714 0.241057
3 0.521123 0.081668 0.601666 0.056530 0.644959 0.195244 0.564416 0.220381
3 0.607709 0.056530 0.688252 0.081668 0.644959 0.220381 0.564416 0.195244
3 0.693222 0.085105 0.745169 0.151593 0.630661 0.241057 0.578714 0.174568
3 0.681394 0.151593 0.733340 0.085105 0.847848 0.174568 0.795902 0.241057
3 0.738310 0.081668 0.818854 0.056530 0.862147 0.195244 0.781603 0.220381
3 0.824896 0.056530 0.905440 0.081668 0.862147 0.220381 0.781603 0.195244
3 0.910410 0.085105 0.962356 0.151593 0.847848 0.241057 0.795902 0.174568
3 0.065521 0.186218 0.146065 0.211355 0.102772 0.350069 0.022228 0.324931
3 0.151035 0.214792 0.202981 0.281281 0.088473 0.370744 0.036527 0.304256
3 0.139206 0.281281 0.191153 0.214792 0.305661 0.304256 0.253714 0.370744
3 0.196123 0.211355 0.276666 0.186218 0.319959 0.324931 0.239416 0.350069
3 0.282709 0.186218 0.363252 0.211355 0.319959 0.350069 0.239416 0.324931
3 0.368222 0.214792 0.420169 0.281281 0.305661 0.370744 0.253714 0.304256
3 0.356394 0.281281 0.408340 0.214792 0.522848 0.304256 0.470902 0.370744
3 0.413310 0.211355 0.493854 0.186218 0.537147 0.324931 0.456603 0.350069
3 0.499896 0.186218 0.580440 0.211355 0.537147 0.350069 0.456603 0.324931
3 0.585410 0.214792 0.637356 0.281281 0.522848 0.370744 0.470902 0.304256
3 0.573581 0.281281 0.625528 0.214792 0.740036 0.304256 0.688089 0.370744
3 0.630498 0.211355 0.711041 0.186218 0.754334 0.324931 0.673791 0.350069
3 0.717084 0.186218 0.797627 0.211355 0.754334 0.350069 0.673791 0.324931
3 0.802597 0.214792 0.854544 0.281281 0.740036 0.370744 0.688089 0.304256
3 0.790769 0.281281 0.842715 0.214792 0.957223 0.304256 0.905277 0.370744
3 0.847685 0.211355 0.928229 0.186218 0.971522 0.324931 0.890978 0.350069
3 0.029831 0.410968 0.081778 0.344480 0.196286 0.433943 0.144339 0.500432
3 0.086748 0.341043 0.167291 0.315905 0.210584 0.454619 0.130041 0.479756
3 0.173334 0.315905 0.253877 0.341043 0.210584 0.479756 0.130041 0.454619
3 0.258847 0.344480 0.310794 0.410968 0.196286 0.500432 0.144339 0.433943
3 0.247019 0.410968 0.298965 0.344480 0.413473 0.433943 0.361527 0.500432
3 0.303935 0.341043 0.384479 0.315905 0.427772 0.454619 0.347228 0.479756
3 0.390521 0.315905 0.471065 0.341043 0.427772 0.479756 0.347228 0.454619
3 0.476035 0.344480 0.527981 0.410968 0.413473 0.500432 0.361527 0.433943
3 0.464206 0.410968 0.516153 0.344480 0.630661 0.433943 0.578714 0.500432
3 0.521123 0.341043 0.601666 0.315905 0.644959 0.454619 0.564416 0.479756
3 0.607709 0.315905 0.688252 0.341043 0.644959 0.479756 0.564416 0.454619
3 0.693222 0.344480 0.745169 0.410968 0.630661 0.500432 0.578714 0.433943
3 0.681394 0.410968 0.733340 0.344480 0.847848 0.433943 0.795902 0.500432
3 0.738310 0.341043 0.818854 0.315905 0.862147 0.454619 0.781603 0.479756
3 0.824896 0.315905 0.905440 0.341043 0.862147 0.479756 0.781603 0.454619
3 0.910410 0.344480 0.962356 0.410968 0.847848 0.500432 0.795902 0.433943
3 0.065521 0.445593 0.146065 0.470730 0.102772 0.609444 0.022228 0.584306
3 0.151035 0.474167 0.202981 0.540656 0.088473 0.630119 0.036527 0.563631
3 0.139206 0.540656 0.191153 0.474167 0.305661 0.563631 0.253714 0.630119
3 0.196123 0.470730 0.276666 0.445593 0.319959 0.584306 0.239416 0.609444
3 0.282709 0.445593 0.363252 0.470730 0.319959 0.609444 0.239416 0.584306
3 0.368222 0.474167 0.420169 0.540656 0.305661 0.630119 0.253714 0.563631
3 0.356394 0.540656 0.408340 0.474167 0.522848 0.563631 0.470902 0.630119
3 0.413310 0.470730 0.493854 0.445593 0.537147 0.584306 0.456603 0.609444
3 0.499896 0.445593 0.580440 0.470730 0.537147 0.609444 0.456603 0.584306
3 0.585410 0.474167 0.637356 0.540656 0.522848 0.630119 0.470902 0.563631
3 0.573581 0.540656 0.625528 0.474167 0.740036 0.563631 0.688089 0.630119
3 0.630498 0.470730 0.711041 0.445593 0.754334 0.584306 0.673791 0.609444
3 0.717084 0.445593 0.797627 0.470730 0.754334 0.609444 0.673791 0.584306
3 0.802597 0.474167 0.854544 0.540656 0.740036 0.630119 0.688089 0.563631
3 0.790769 0.540656 0.842715 0.474167 0.957223 0.563631 0.905277 0.630119
3 0.847685 0.470730 0.928229 0.445593 0.971522 0.584306 0.890978 0.609444
3 0.029831 0.670343 0.081778 0.603855 0.196286 0.693318 0.144339 0.759807
3 0.086748 0.600418 0.167291 0.575280 0.210584 0.713994 0.130041 0.739131
3 0.173334 0.575280 0.253877 0.600418 0.210584 0.739131 0.130041 0.713994
3 0.258847 0.603855 0.310794 0.670343 0.196286 0.759807 0.144339 0.693318
3 0.247019 0.670343 0.298965 0.603855 0.413473 0.693318 0.361527 0.759807
3 0.303935 0.600418 0.384479 0.575280 0.427772 0.713994 0.347228 0.739131
3 0.390521 0.575280 0.471065 0.600418 0.427772 0.739131 0.347228 0.713994
3 0.476035 0.603855 0.527981 0.670343 0.413473 0.759807 0.361527 0.693318
3 0.464206 0.670343 0.516153 0.603855 0.630661 0.693318 0.578714 0.759807
3 0.521123 0.600418 0.601666 0.575280 0.644959 0.713994 0.564416 0.739131
3 0.607709 0.575280 0.688252 0.600418 0.644959 0.739131 0.564416 0.713994
3 0.693222 0.603855 0.745169 0.670343 0.630661 0.759807 0.578714 0.693318
3 0.681394 0.670343 0.733340 0.603855 0.847848 0.693318 0.795902 0.759807
3 0.738310 0.600418 0.818854 0.575280 0.862147 0.713994 0.781603 0.739131
3 0.824896 0.575280 0.905440 0.600418 0.862147 0.739131 0.781603 0.713994
3 0.910410 0.603855 0.962356 0.670343 0.847848 0.759807 0.795902 0.693318
3 0.065521 0.704968 0.146065 0.730105 0.102772 0.868819 0.022228 0.843681
3 0.151035 0.733542 0.202981 0.800031 0.088473 0.889494 0.036527 0.823006
3 0.139206 0.800031 0.191153 0.733542 0.305661 0.823006 0.253714 0.889494
3 0.196123 0.730105 0.276666 0.704968 0.319959 0.843681 0.239416 0.868819
3 0.282709 0.704968 0.363252 0.730105 0.319959 0.868819 0.239416 0.843681
3 0.368222 0.733542 0.420169 0.800031 0.305661 0.889494 0.253714 0.823006
3 0.356394 0.800031 0.408340 0.733542 0.522848 0.823006 0.470902 0.889494
3 0.413310 0.730105 0.493854 0.704968 0.537147 0.843681 0.456603 0.868819
3 0.499896 0.704968 0.580440 0.730105 0.537147 0.868819 0.456603 0.843681
3 0.585410 0.733542 0.637356 0.800031 0.522848 0.889494 0.470902 0.823006
3 0.573581 0.800031 0.625528 0.733542 0.740036 0.823006 0.688089 0.889494
3 0.630498 0.730105 0.711041 0.704968 0.754334 0.843681 0.673791 0.868819
3 0.717084 0.704968 0.797627 0.730105 0.754334 0.868819 0.673791 0.843681
3 0.802597 0.733542 0.854544 0.800031 0.740036 0.889494 0.688089 0.823006
3 0.790769 0.800031 0.842715 0.733542 0.957223 0.823006 0.905277 0.889494
3 0.847685 0.730105 0.928229 0.704968 0.971522 0.843681 0.890978 0.868819