3 0.006676 0.076701 0.100623 0.014812 0.206349 0.175306 0.112401 0.237194
3 0.034542 0.049672 0.138665 0.007074 0.211437 0.184951 0.107313 0.227549
3 0.067099 0.028527 0.177485 0.006821 0.214568 0.195397 0.104182 0.217103
3 0.103125 0.014063 0.215625 0.014063 0.215625 0.206250 0.103125 0.206250
3 0.141265 0.006821 0.251651 0.028527 0.214568 0.217103 0.104182 0.195397
3 0.180085 0.007074 0.284208 0.049672 0.211437 0.227549 0.107313 0.184951
3 0.218127 0.014812 0.312074 0.076701 0.206349 0.237194 0.112401 0.175306
3 0.253961 0.029746 0.334201 0.108598 0.199495 0.245676 0.119255 0.166824
3 0.239236 0.108598 0.319477 0.029746 0.454183 0.166824 0.373942 0.245676
3 0.261363 0.076701 0.355311 0.014812 0.461036 0.175306 0.367089 0.237194
3 0.289229 0.049672 0.393353 0.007074 0.466124 0.184951 0.362001 0.227549
3 0.321787 0.028527 0.432173 0.006821 0.469255 0.195397 0.358870 0.217103
3 0.357812 0.014063 0.470313 0.014063 0.470313 0.206250 0.357812 0.206250
3 0.395952 0.006821 0.506338 0.028527 0.469255 0.217103 0.358870 0.195397
3 0.434772 0.007074 0.538896 0.049672 0.466124 0.227549 0.362001 0.184951
3 0.472814 0.014812 0.566762 0.076701 0.461036 0.237194 0.367089 0.175306
3 0.508648 0.029746 0.588889 0.108598 0.454183 0.245676 0.373942 0.166824
3 0.493924 0.108598 0.574164 0.029746 0.708870 0.166824 0.628630 0.245676
3 0.516051 0.076701 0.609998 0.014812 0.715724 0.175306 0.621776 0.237194
3 0.543917 0.049672 0.648040 0.007074 0.720812 0.184951 0.616688 0.227549
3 0.576474 0.028527 0.686860 0.006821 0.723943 0.195397 0.613557 0.217103
3 0.612500 0.014063 0.725000 0.014063 0.725000 0.206250 0.612500 0.206250
3 0.650640 0.006821 0.761026 0.028527 0.723943 0.217103 0.613557 0.195397
3 0.689460 0.007074 0.793583 0.049672 0.720812 0.227549 0.616688 0.184951
3 0.727502 0.014812 0.821449 0.076701 0.715724 0.237194 0.621776 0.175306
3 0.763336 0.029746 0.843576 0.108598 0.708870 0.245676 0.628630 0.166824
3 0.748611 0.108598 0.828852 0.029746 0.963558 0.166824 0.883317 0.245676
3 0.770738 0.076701 0.864686 0.014812 0.970411 0.175306 0.876464 0.237194
3 0.798604 0.049672 0.902728 0.007074 0.975499 0.184951 0.871376 0.227549
3 0.831162 0.028527 0.941548 0.006821 0.978630 0.195397 0.868245 0.217103
3 0.867188 0.014063 0.979688 0.014063 0.979688 0.206250 0.867188 0.206250
3 0.112674 0.280473 0.192914 0.201621 0.327620 0.338699 0.247380 0.417551
3 0.134801 0.248576 0.228748 0.186687 0.334474 0.347181 0.240526 0.409069
3 0.162667 0.221547 0.266790 0.178949 0.339562 0.356826 0.235438 0.399424
3 0.195224 0.200402 0.305610 0.178696 0.342693 0.367272 0.232307 0.388978
3 0.231250 0.185938 0.343750 0.185938 0.343750 0.378125 0.231250 0.378125
3 0.269390 0.178696 0.379776 0.200402 0.342693 0.388978 0.232307 0.367272
3 0.308210 0.178949 0.412333 0.221547 0.339562 0.399424 0.235438 0.356826
3 0.346252 0.186687 0.440199 0.248576 0.334474 0.409069 0.240526 0.347181
3 0.382086 0.201621 0.462326 0.280473 0.327620 0.417551 0.247380 0.338699
3 0.367361 0.280473 0.447602 0.201621 0.582308 0.338699 0.502067 0.417551
3 0.389488 0.248576 0.483436 0.186687 0.589161 0.347181 0.495214 0.409069
3 0.417354 0.221547 0.521478 0.178949 0.594249 0.356826 0.490126 0.399424
3 0.449912 0.200402 0.560298 0.178696 0.597380 0.367272 0.486995 0.388978
3 0.485938 0.185938 0.598437 0.185938 0.598437 0.378125 0.485938 0.378125
3 0.524077 0.178696 0.634463 0.200402 0.597380 0.388978 0.486995 0.367272
3 0.562897 0.178949 0.667021 0.221547 0.594249 0.399424 0.490126 0.356826
3 0.600939 0.186687 0.694887 0.248576 0.589161 0.409069 0.495214 0.347181
3 0.636773 0.201621 0.717014 0.280473 0.582308 0.417551 0.502067 0.338699
3 0.622049 0.280473 0.702289 0.201621 0.836995 0.338699 0.756755 0.417551
3 0.644176 0.248576 0.738123 0.186687 0.843849 0.347181 0.749901 0.409069
3 0.672042 0.221547 0.776165 0.178949 0.848937 0.356826 0.744813 0.399424
3 0.704599 0.200402 0.814985 0.178696 0.852068 0.367272 0.741682 0.388978
3 0.740625 0.185938 0.853125 0.185938 0.853125 0.378125 0.740625 0.378125
3 0.778765 0.178696 0.889151 0.200402 0.852068 0.388978 0.741682 0.367272
3 0.817585 0.178949 0.921708 0.221547 0.848937 0.399424 0.744813 0.356826
3 0.855627 0.186687 0.949574 0.248576 0.843849 0.409069 0.749901 0.347181
3 0.891461 0.201621 0.971701 0.280473 0.836995 0.417551 0.756755 0.338699
3 0.006676 0.420451 0.100623 0.358562 0.206349 0.519056 0.112401 0.580944
3 0.034542 0.393422 0.138665 0.350824 0.211437 0.528701 0.107313 0.571299
3 0.067099 0.372277 0.177485 0.350571 0.214568 0.539147 0.104182 0.560853
3 0.103125 0.357812 0.215625 0.357812 0.215625 0.550000 0.103125 0.550000
3 0.141265 0.350571 0.251651 0.372277 0.214568 0.560853 0.104182 0.539147
3 0.180085 0.350824 0.284208 0.393422 0.211437 0.571299 0.107313 0.528701
3 0.218127 0.358562 0.312074 0.420451 0.206349 0.580944 0.112401 0.519056
3 0.253961 0.373496 0.334201 0.452348 0.199495 0.589426 0.119255 0.510574
3 0.239236 0.452348 0.319477 0.373496 0.454183 0.510574 0.373942 0.589426
3 0.261363 0.420451 0.355311 0.358562 0.461036 0.519056 0.367089 0.580944
3 0.289229 0.393422 0.393353 0.350824 0.466124 0.528701 0.362001 0.571299
3 0.321787 0.372277 0.432173 0.350571 0.469255 0.539147 0.358870 0.560853
3 0.357812 0.357812 0.470313 0.357812 0.470313 0.550000 0.357812 0.550000
3 0.395952 0.350571 0.506338 0.372277 0.469255 0.560853 0.358870 0.539147
3 0.434772 0.350824 0.538896 0.393422 0.466124 0.571299 0.362001 0.528701
3 0.472814 0.358562 0.566762 0.420451 0.461036 0.580944 0.367089 0.519056
3 0.508648 0.373496 0.588889 0.452348 0.454183 0.589426 0.373942 0.510574
3 0.493924 0.452348 0.574164 0.373496 0.708870 0.510574 0.628630 0.589426
3 0.516051 0.420451 0.609998 0.358562 0.715724 0.519056 0.621776 0.580944
3 0.543917 0.393422 0.648040 0.350824 0.720812 0.528701 0.616688 0.571299
3 0.576474 0.372277 0.686860 0.350571 0.723943 0.539147 0.613557 0.560853
3 0.612500 0.357812 0.725000 0.357812 0.725000 0.550000 0.612500 0.550000
3 0.650640 0.350571 0.761026 0.372277 0.723943 0.560853 0.613557 0.539147
3 0.689460 0.350824 0.793583 0.393422 0.720812 0.571299 0.616688 0.528701
3 0.727502 0.358562 0.821449 0.420451 0.715724 0.580944 0.621776 0.519056
3 0.763336 0.373496 0.843576 0.452348 0.708870 0.589426 0.628630 0.510574
3 0.748611 0.452348 0.828852 0.373496 0.963558 0.510574 0.883317 0.589426
3 0.770738 0.420451 0.864686 0.358562 0.970411 0.519056 0.876464 0.580944
3 0.798604 0.393422 0.902728 0.350824 0.975499 0.528701 0.871376 0.571299
3 0.831162 0.372277 0.941548 0.350571 0.978630 0.539147 0.868245 0.560853
3 0.867188 0.357812 0.979688 0.357812 0.979688 0.550000 0.867188 0.550000
3 0.112674 0.624223 0.192914 0.545371 0.327620 0.682449 0.247380 0.761301
3 0.134801 0.592326 0.228748 0.530437 0.334474 0.690931 0.240526 0.752819
3 0.162667 0.565297 0.266790 0.522699 0.339562 0.700576 0.235438 0.743174
3 0.195224 0.544152 0.305610 0.522446 0.342693 0.711022 0.232307 0.732728
3 0.231250 0.529687 0.343750 0.529687 0.343750 0.721875 0.231250 0.721875
3 0.269390 0.522446 0.379776 0.544152 0.342693 0.732728 0.232307 0.711022
3 0.308210 0.522699 0.412333 0.565297 0.339562 0.743174 0.235438 0.700576
3 0.346252 0.530437 0.440199 0.592326 0.334474 0.752819 0.240526 0.690931
3 0.382086 0.545371 0.462326 0.624223 0.327620 0.761301 0.247380 0.682449
3 0.367361 0.624223 0.447602 0.545371 0.582308 0.682449 0.502067 0.761301
3 0.389488 0.592326 0.483436 0.530437 0.589161 0.690931 0.495214 0.752819
3 0.417354 0.565297 0.521478 0.522699 0.594249 0.700576 0.490126 0.743174
3 0.449912 0.544152 0.560298 0.522446 0.597380 0.711022 0.486995 0.732728
3 0.485938 0.529687 0.598437 0.529687 0.598437 0.721875 0.485938 0.721875
3 0.524077 0.522446 0.634463 0.544152 0.597380 0.732728 0.486995 0.711022
3 0.562897 0.522699 0.667021 0.565297 0.594249 0.743174 0.490126 0.700576
3 0.600939 0.530437 0.694887 0.592326 0.589161 0.752819 0.495214 0.690931
3 0.636773 0.545371 0.717014 0.624223 0.582308 0.761301 0.502067 0.682449
3 0.622049 0.624223 0.702289 0.545371 0.836995 0.682449 0.756755 0.761301
3 0.644176 0.592326 0.738123 0.530437 0.843849 0.690931 0.749901 0.752819
3 0.672042 0.565297 0.776165 0.522699 0.848937 0.700576 0.744813 0.743174
3 0.704599 0.544152 0.814985 0.522446 0.852068 0.711022 0.741682 0.732728
3 0.740625 0.529687 0.853125 0.529687 0.853125 0.721875 0.740625 0.721875
3 0.778765 0.522446 0.889151 0.544152 0.852068 0.732728 0.741682 0.711022
3 0.817585 0.522699 0.921708 0.565297 0.848937 0.743174 0.744813 0.700576
3 0.855627 0.530437 0.949574 0.592326 0.843849 0.752819 0.749901 0.690931
3 0.891461 0.545371 0.971701 0.624223 0.836995 0.761301 0.756755 0.682449