2 0.029445 0.120668 0.075661 0.063596 0.226233 0.185527 0.180017 0.242598
2 0.072893 0.065985 0.136104 0.028602 0.234730 0.195371 0.171520 0.232754
2 0.132676 0.029877 0.204953 0.016872 0.239263 0.207560 0.166987 0.220565
2 0.201297 0.016872 0.273574 0.029877 0.239263 0.220565 0.166987 0.207560
2 0.270146 0.028602 0.333357 0.065985 0.234730 0.232754 0.171520 0.195371
2 0.330589 0.063596 0.376805 0.120668 0.226233 0.242598 0.180017 0.185527
2 0.315383 0.120668 0.361598 0.063596 0.512170 0.185527 0.465955 0.242598
2 0.358830 0.065985 0.422041 0.028602 0.520668 0.195371 0.457457 0.232754
2 0.418614 0.029877 0.490891 0.016872 0.525201 0.207560 0.452924 0.220565
2 0.487234 0.016872 0.559511 0.029877 0.525201 0.220565 0.452924 0.207560
2 0.556084 0.028602 0.619295 0.065985 0.520668 0.232754 0.457457 0.195371
2 0.616527 0.063596 0.662742 0.120668 0.512170 0.242598 0.465955 0.185527
2 0.601320 0.120668 0.647536 0.063596 0.798108 0.185527 0.751892 0.242598
2 0.644768 0.065985 0.707979 0.028602 0.806605 0.195371 0.743395 0.232754
2 0.704551 0.029877 0.776828 0.016872 0.811138 0.207560 0.738862 0.220565
2 0.773172 0.016872 0.845449 0.029877 0.811138 0.220565 0.738862 0.207560
2 0.842021 0.028602 0.905232 0.065985 0.806605 0.232754 0.743395 0.195371
2 0.902464 0.063596 0.948680 0.120668 0.798108 0.242598 0.751892 0.185527
2 0.059109 0.190310 0.131386 0.203314 0.097076 0.394002 0.024799 0.380998
2 0.127959 0.202040 0.191170 0.239423 0.092543 0.406191 0.029332 0.368809
2 0.188402 0.237033 0.234617 0.294105 0.084045 0.416036 0.037830 0.358964
2 0.173195 0.294105 0.219411 0.237033 0.369983 0.358964 0.323767 0.416036
2 0.216643 0.239423 0.279854 0.202040 0.378480 0.368809 0.315270 0.406191
2 0.276426 0.203314 0.348703 0.190310 0.383013 0.380998 0.310737 0.394002
2 0.345047 0.190310 0.417324 0.203314 0.383013 0.394002 0.310737 0.380998
2 0.413896 0.202040 0.477107 0.239423 0.378480 0.406191 0.315270 0.368809
2 0.474339 0.237033 0.520555 0.294105 0.369983 0.416036 0.323767 0.358964
2 0.459133 0.294105 0.505348 0.237033 0.655920 0.358964 0.609705 0.416036
2 0.502580 0.239423 0.565791 0.202040 0.664418 0.368809 0.601207 0.406191
2 0.562364 0.203314 0.634641 0.190310 0.668951 0.380998 0.596674 0.394002
2 0.630984 0.190310 0.703261 0.203314 0.668951 0.394002 0.596674 0.380998
2 0.699834 0.202040 0.763045 0.239423 0.664418 0.406191 0.601207 0.368809
2 0.760277 0.237033 0.806492 0.294105 0.655920 0.416036 0.609705 0.358964
2 0.745070 0.294105 0.791286 0.237033 0.941858 0.358964 0.895642 0.416036
2 0.788518 0.239423 0.851729 0.202040 0.950355 0.368809 0.887145 0.406191
2 0.848301 0.203314 0.920578 0.190310 0.954888 0.380998 0.882612 0.394002
2 0.916922 0.190310 0.989199 0.203314 0.954888 0.394002 0.882612 0.380998
2 0.029445 0.467543 0.075661 0.410471 0.226233 0.532402 0.180017 0.589473
2 0.072893 0.412860 0.136104 0.375477 0.234730 0.542246 0.171520 0.579629
2 0.132676 0.376752 0.204953 0.363747 0.239263 0.554435 0.166987 0.567440
2 0.201297 0.363747 0.273574 0.376752 0.239263 0.567440 0.166987 0.554435
2 0.270146 0.375477 0.333357 0.412860 0.234730 0.579629 0.171520 0.542246
2 0.330589 0.410471 0.376805 0.467543 0.226233 0.589473 0.180017 0.532402
2 0.315383 0.467543 0.361598 0.410471 0.512170 0.532402 0.465955 0.589473
2 0.358830 0.412860 0.422041 0.375477 0.520668 0.542246 0.457457 0.579629
2 0.418614 0.376752 0.490891 0.363747 0.525201 0.554435 0.452924 0.567440
2 0.487234 0.363747 0.559511 0.376752 0.525201 0.567440 0.452924 0.554435
2 0.556084 0.375477 0.619295 0.412860 0.520668 0.579629 0.457457 0.542246
2 0.616527 0.410471 0.662742 0.467543 0.512170 0.589473 0.465955 0.532402
2 0.601320 0.467543 0.647536 0.410471 0.798108 0.532402 0.751892 0.589473
2 0.644768 0.412860 0.707979 0.375477 0.806605 0.542246 0.743395 0.579629
2 0.704551 0.376752 0.776828 0.363747 0.811138 0.554435 0.738862 0.567440
2 0.773172 0.363747 0.845449 0.376752 0.811138 0.567440 0.738862 0.554435
2 0.842021 0.375477 0.905232 0.412860 0.806605 0.579629 0.743395 0.542246
2 0.902464 0.410471 0.948680 0.467543 0.798108 0.589473 0.751892 0.532402
2 0.059109 0.537185 0.131386 0.550189 0.097076 0.740877 0.024799 0.727873
2 0.127959 0.548915 0.191170 0.586298 0.092543 0.753066 0.029332 0.715684
2 0.188402 0.583908 0.234617 0.640980 0.084045 0.762911 0.037830 0.705839
2 0.173195 0.640980 0.219411 0.583908 0.369983 0.705839 0.323767 0.762911
2 0.216643 0.586298 0.279854 0.548915 0.378480 0.715684 0.315270 0.753066
2 0.276426 0.550189 0.348703 0.537185 0.383013 0.727873 0.310737 0.740877
2 0.345047 0.537185 0.417324 0.550189 0.383013 0.740877 0.310737 0.727873
2 0.413896 0.548915 0.477107 0.586298 0.378480 0.753066 0.315270 0.715684
2 0.474339 0.583908 0.520555 0.640980 0.369983 0.762911 0.323767 0.705839
2 0.459133 0.640980 0.505348 0.583908 0.655920 0.705839 0.609705 0.762911
2 0.502580 0.586298 0.565791 0.548915 0.664418 0.715684 0.601207 0.753066
2 0.562364 0.550189 0.634641 0.537185 0.668951 0.727873 0.596674 0.740877
2 0.630984 0.537185 0.703261 0.550189 0.668951 0.740877 0.596674 0.727873
2 0.699834 0.548915 0.763045 0.586298 0.664418 0.753066 0.601207 0.715684
2 0.760277 0.583908 0.806492 0.640980 0.655920 0.762911 0.609705 0.705839
2 0.745070 0.640980 0.791286 0.583908 0.941858 0.705839 0.895642 0.762911
2 0.788518 0.586298 0.851729 0.548915 0.950355 0.715684 0.887145 0.753066
2 0.848301 0.550189 0.920578 0.537185 0.954888 0.727873 0.882612 0.740877
2 0.916922 0.537185 0.989199 0.550189 0.954888 0.740877 0.882612 0.727873