1 0.017969 0.055469 0.053906 0.055469 0.053906 0.100781 0.017969 0.100781
1 0.049219 0.050781 0.085156 0.050781 0.085156 0.096094 0.049219 0.096094
1 0.083594 0.052344 0.119531 0.052344 0.119531 0.097656 0.083594 0.097656
1 0.117969 0.053906 0.153906 0.053906 0.153906 0.099219 0.117969 0.099219
1 0.152344 0.055469 0.188281 0.055469 0.188281 0.100781 0.152344 0.100781
1 0.185156 0.058594 0.221094 0.058594 0.221094 0.103906 0.185156 0.103906
1 0.219531 0.057031 0.255469 0.057031 0.255469 0.102344 0.219531 0.102344
1 0.249219 0.050781 0.285156 0.050781 0.285156 0.096094 0.249219 0.096094
1 0.278906 0.057031 0.314844 0.057031 0.314844 0.102344 0.278906 0.102344
1 0.317969 0.052344 0.353906 0.052344 0.353906 0.097656 0.317969 0.097656
1 0.350781 0.057031 0.386719 0.057031 0.386719 0.102344 0.350781 0.102344
1 0.380469 0.050781 0.416406 0.050781 0.416406 0.096094 0.380469 0.096094
1 0.413281 0.053906 0.449219 0.053906 0.449219 0.099219 0.413281 0.099219
1 0.446094 0.060156 0.482031 0.060156 0.482031 0.105469 0.446094 0.105469
1 0.482031 0.057031 0.517969 0.057031 0.517969 0.102344 0.482031 0.102344
1 0.508594 0.057031 0.544531 0.057031 0.544531 0.102344 0.508594 0.102344
1 0.546094 0.050781 0.582031 0.050781 0.582031 0.096094 0.546094 0.096094
1 0.580469 0.058594 0.616406 0.058594 0.616406 0.103906 0.580469 0.103906
1 0.610156 0.053906 0.646094 0.053906 0.646094 0.099219 0.610156 0.099219
1 0.639844 0.060156 0.675781 0.060156 0.675781 0.105469 0.639844 0.105469
1 0.674219 0.053906 0.710156 0.053906 0.710156 0.099219 0.674219 0.099219
1 0.711719 0.053906 0.747656 0.053906 0.747656 0.099219 0.711719 0.099219
1 0.742969 0.050781 0.778906 0.050781 0.778906 0.096094 0.742969 0.096094
1 0.772656 0.060156 0.808594 0.060156 0.808594 0.105469 0.772656 0.105469
1 0.807031 0.053906 0.842969 0.053906 0.842969 0.099219 0.807031 0.099219
1 0.028125 0.106250 0.050000 0.106250 0.050000 0.134375 0.028125 0.134375
1 0.043750 0.103125 0.065625 0.103125 0.065625 0.131250 0.043750 0.131250
1 0.070312 0.101562 0.092188 0.101562 0.092188 0.129688 0.070312 0.129688
1 0.089063 0.101562 0.110937 0.101562 0.110937 0.129688 0.089063 0.129688
1 0.110937 0.107813 0.132812 0.107813 0.132812 0.135937 0.110937 0.135937
1 0.131250 0.104688 0.153125 0.104688 0.153125 0.132812 0.131250 0.132812
1 0.145313 0.101562 0.167187 0.101562 0.167187 0.129688 0.145313 0.129688
1 0.165625 0.103125 0.187500 0.103125 0.187500 0.131250 0.165625 0.131250
1 0.192188 0.098437 0.214062 0.098437 0.214062 0.126562 0.192188 0.126562
1 0.206250 0.100000 0.228125 0.100000 0.228125 0.128125 0.206250 0.128125
1 0.229687 0.100000 0.251563 0.100000 0.251563 0.128125 0.229687 0.128125
1 0.251563 0.098437 0.273438 0.098437 0.273438 0.126562 0.251563 0.126562
1 0.270313 0.106250 0.292187 0.106250 0.292187 0.134375 0.270313 0.134375
1 0.290625 0.103125 0.312500 0.103125 0.312500 0.131250 0.290625 0.131250
1 0.309375 0.101562 0.331250 0.101562 0.331250 0.129688 0.309375 0.129688
1 0.332813 0.101562 0.354687 0.101562 0.354687 0.129688 0.332813 0.129688
1 0.348438 0.106250 0.370312 0.106250 0.370312 0.134375 0.348438 0.134375
1 0.373437 0.100000 0.395313 0.100000 0.395313 0.128125 0.373437 0.128125
1 0.393750 0.100000 0.415625 0.100000 0.415625 0.128125 0.393750 0.128125
1 0.414062 0.103125 0.435937 0.103125 0.435937 0.131250 0.414062 0.131250
1 0.429688 0.100000 0.451562 0.100000 0.451562 0.128125 0.429688 0.128125
1 0.456250 0.104688 0.478125 0.104688 0.478125 0.132812 0.456250 0.132812
1 0.471875 0.100000 0.493750 0.100000 0.493750 0.128125 0.471875 0.128125
1 0.492188 0.103125 0.514062 0.103125 0.514062 0.131250 0.492188 0.131250
1 0.514062 0.103125 0.535937 0.103125 0.535937 0.131250 0.514062 0.131250
1 0.021094 0.123438 0.060156 0.123438 0.060156 0.164062 0.021094 0.164062
1 0.055469 0.118750 0.094531 0.118750 0.094531 0.159375 0.055469 0.159375
1 0.091406 0.120313 0.130469 0.120313 0.130469 0.160938 0.091406 0.160938
1 0.132031 0.121875 0.171094 0.121875 0.171094 0.162500 0.132031 0.162500
1 0.171094 0.118750 0.210156 0.118750 0.210156 0.159375 0.171094 0.159375
1 0.202344 0.126562 0.241406 0.126562 0.241406 0.167187 0.202344 0.167187
1 0.241406 0.125000 0.280469 0.125000 0.280469 0.165625 0.241406 0.165625
1 0.283594 0.118750 0.322656 0.118750 0.322656 0.159375 0.283594 0.159375
1 0.321094 0.118750 0.360156 0.118750 0.360156 0.159375 0.321094 0.159375
1 0.357031 0.121875 0.396094 0.121875 0.396094 0.162500 0.357031 0.162500
1 0.389844 0.125000 0.428906 0.125000 0.428906 0.165625 0.389844 0.165625
1 0.428906 0.121875 0.467969 0.121875 0.467969 0.162500 0.428906 0.162500
1 0.466406 0.125000 0.505469 0.125000 0.505469 0.165625 0.466406 0.165625
1 0.502344 0.123438 0.541406 0.123438 0.541406 0.164062 0.502344 0.164062
1 0.541406 0.123438 0.580469 0.123438 0.580469 0.164062 0.541406 0.164062
1 0.577344 0.125000 0.616406 0.125000 0.616406 0.165625 0.577344 0.165625
1 0.616406 0.128125 0.655469 0.128125 0.655469 0.168750 0.616406 0.168750
1 0.658594 0.123438 0.697656 0.123438 0.697656 0.164062 0.658594 0.164062
1 0.696094 0.128125 0.735156 0.128125 0.735156 0.168750 0.696094 0.168750
1 0.727344 0.128125 0.766406 0.128125 0.766406 0.168750 0.727344 0.168750
1 0.769531 0.118750 0.808594 0.118750 0.808594 0.159375 0.769531 0.159375
1 0.808594 0.121875 0.847656 0.121875 0.847656 0.162500 0.808594 0.162500
1 0.839844 0.118750 0.878906 0.118750 0.878906 0.159375 0.839844 0.159375
1 0.882031 0.126562 0.921094 0.126562 0.921094 0.167187 0.882031 0.167187
1 0.917969 0.125000 0.957031 0.125000 0.957031 0.165625 0.917969 0.165625
1 0.009375 0.150000 0.062500 0.150000 0.062500 0.218750 0.009375 0.218750
1 0.051562 0.150000 0.104688 0.150000 0.104688 0.218750 0.051562 0.218750
1 0.100000 0.146875 0.153125 0.146875 0.153125 0.215625 0.100000 0.215625
1 0.142187 0.148438 0.195312 0.148438 0.195312 0.217188 0.142187 0.217188
1 0.182812 0.143750 0.235937 0.143750 0.235937 0.212500 0.182812 0.212500
1 0.226562 0.150000 0.279687 0.150000 0.279687 0.218750 0.226562 0.218750
1 0.271875 0.142187 0.325000 0.142187 0.325000 0.210938 0.271875 0.210938
1 0.317188 0.143750 0.370312 0.143750 0.370312 0.212500 0.317188 0.212500
1 0.359375 0.146875 0.412500 0.146875 0.412500 0.215625 0.359375 0.215625
1 0.404687 0.146875 0.457813 0.146875 0.457813 0.215625 0.404687 0.215625
1 0.451562 0.146875 0.504687 0.146875 0.504687 0.215625 0.451562 0.215625
1 0.493750 0.142187 0.546875 0.142187 0.546875 0.210938 0.493750 0.210938
1 0.537500 0.148438 0.590625 0.148438 0.590625 0.217188 0.537500 0.217188
1 0.579688 0.150000 0.632812 0.150000 0.632812 0.218750 0.579688 0.218750
1 0.625000 0.143750 0.678125 0.143750 0.678125 0.212500 0.625000 0.212500
1 0.667188 0.150000 0.720313 0.150000 0.720313 0.218750 0.667188 0.218750
1 0.709375 0.143750 0.762500 0.143750 0.762500 0.212500 0.709375 0.212500
1 0.756250 0.146875 0.809375 0.146875 0.809375 0.215625 0.756250 0.215625
1 0.798438 0.143750 0.851562 0.143750 0.851562 0.212500 0.798438 0.212500
1 0.839063 0.143750 0.892188 0.143750 0.892188 0.212500 0.839063 0.212500
1 0.889062 0.151562 0.942187 0.151562 0.942187 0.220312 0.889062 0.220312
1 0.929688 0.142187 0.982812 0.142187 0.982812 0.210938 0.929688 0.210938
1 0.021875 0.221094 0.050000 0.221094 0.050000 0.275781 0.021875 0.275781
1 0.045312 0.222656 0.073438 0.222656 0.073438 0.277344 0.045312 0.277344
1 0.068750 0.219531 0.096875 0.219531 0.096875 0.274219 0.068750 0.274219
1 0.095312 0.224219 0.123438 0.224219 0.123438 0.278906 0.095312 0.278906
1 0.120313 0.222656 0.148438 0.222656 0.148438 0.277344 0.120313 0.277344
1 0.140625 0.224219 0.168750 0.224219 0.168750 0.278906 0.140625 0.278906
1 0.160938 0.217969 0.189062 0.217969 0.189062 0.272656 0.160938 0.272656
1 0.185938 0.217969 0.214062 0.217969 0.214062 0.272656 0.185938 0.272656
1 0.207813 0.225781 0.235937 0.225781 0.235937 0.280469 0.207813 0.280469
1 0.237500 0.222656 0.265625 0.222656 0.265625 0.277344 0.237500 0.277344
1 0.257812 0.224219 0.285938 0.224219 0.285938 0.278906 0.257812 0.278906
1 0.281250 0.221094 0.309375 0.221094 0.309375 0.275781 0.281250 0.275781
1 0.303125 0.217969 0.331250 0.217969 0.331250 0.272656 0.303125 0.272656
1 0.329688 0.224219 0.357812 0.224219 0.357812 0.278906 0.329688 0.278906
1 0.350000 0.222656 0.378125 0.222656 0.378125 0.277344 0.350000 0.277344
1 0.376563 0.221094 0.404687 0.221094 0.404687 0.275781 0.376563 0.275781
1 0.400000 0.225781 0.428125 0.225781 0.428125 0.280469 0.400000 0.280469
1 0.421875 0.219531 0.450000 0.219531 0.450000 0.274219 0.421875 0.274219
1 0.448437 0.224219 0.476562 0.224219 0.476562 0.278906 0.448437 0.278906
1 0.468750 0.227344 0.496875 0.227344 0.496875 0.282031 0.468750 0.282031
1 0.493750 0.219531 0.521875 0.219531 0.521875 0.274219 0.493750 0.274219
1 0.512500 0.222656 0.540625 0.222656 0.540625 0.277344 0.512500 0.277344
1 0.537500 0.227344 0.565625 0.227344 0.565625 0.282031 0.537500 0.282031
1 0.565625 0.224219 0.593750 0.224219 0.593750 0.278906 0.565625 0.278906
1 0.589063 0.225781 0.617188 0.225781 0.617188 0.280469 0.589063 0.280469
1 0.026562 0.286719 0.051562 0.286719 0.051562 0.313281 0.026562 0.313281
1 0.043750 0.288281 0.068750 0.288281 0.068750 0.314844 0.043750 0.314844
1 0.065625 0.291406 0.090625 0.291406 0.090625 0.317969 0.065625 0.317969
1 0.084375 0.288281 0.109375 0.288281 0.109375 0.314844 0.084375 0.314844
1 0.107813 0.289844 0.132812 0.289844 0.132812 0.316406 0.107813 0.316406
1 0.126562 0.294531 0.151562 0.294531 0.151562 0.321094 0.126562 0.321094
1 0.148438 0.289844 0.173437 0.289844 0.173437 0.316406 0.148438 0.316406
1 0.168750 0.289844 0.193750 0.289844 0.193750 0.316406 0.168750 0.316406
1 0.187500 0.294531 0.212500 0.294531 0.212500 0.321094 0.187500 0.321094
1 0.210938 0.294531 0.235937 0.294531 0.235937 0.321094 0.210938 0.321094
1 0.228125 0.286719 0.253125 0.286719 0.253125 0.313281 0.228125 0.313281
1 0.248438 0.294531 0.273438 0.294531 0.273438 0.321094 0.248438 0.321094
1 0.267188 0.288281 0.292187 0.288281 0.292187 0.314844 0.267188 0.314844
1 0.292187 0.289844 0.317188 0.289844 0.317188 0.316406 0.292187 0.316406
1 0.309375 0.296094 0.334375 0.296094 0.334375 0.322656 0.309375 0.322656
1 0.331250 0.291406 0.356250 0.291406 0.356250 0.317969 0.331250 0.317969
1 0.350000 0.292969 0.375000 0.292969 0.375000 0.319531 0.350000 0.319531
1 0.371875 0.291406 0.396875 0.291406 0.396875 0.317969 0.371875 0.317969
1 0.390625 0.289844 0.415625 0.289844 0.415625 0.316406 0.390625 0.316406
1 0.414062 0.286719 0.439063 0.286719 0.439063 0.313281 0.414062 0.313281
1 0.428125 0.296094 0.453125 0.296094 0.453125 0.322656 0.428125 0.322656
1 0.453125 0.292969 0.478125 0.292969 0.478125 0.319531 0.453125 0.319531
1 0.475000 0.288281 0.500000 0.288281 0.500000 0.314844 0.475000 0.314844
1 0.492188 0.292969 0.517188 0.292969 0.517188 0.319531 0.492188 0.319531
1 0.515625 0.292969 0.540625 0.292969 0.540625 0.319531 0.515625 0.319531