2 0.001760 0.051893 0.018466 0.043381 0.041166 0.087931 0.024459 0.096444
2 0.008445 0.047532 0.026278 0.041738 0.041729 0.089290 0.023896 0.095085
2 0.015731 0.044270 0.034250 0.041337 0.042072 0.090721 0.023553 0.093654
2 0.023438 0.042188 0.042188 0.042188 0.042188 0.092188 0.023438 0.092188
2 0.031375 0.041337 0.049894 0.044270 0.042072 0.093654 0.023553 0.090721
2 0.039347 0.041738 0.057180 0.047532 0.041729 0.095085 0.023896 0.089290
2 0.047159 0.043381 0.063865 0.051893 0.041166 0.096444 0.024459 0.087931
2 0.054617 0.046226 0.069786 0.057247 0.040397 0.097698 0.025228 0.086677
2 0.073964 0.057247 0.089133 0.046226 0.118522 0.086677 0.103353 0.097698
2 0.079885 0.051893 0.096591 0.043381 0.119291 0.087931 0.102584 0.096444
2 0.086570 0.047532 0.104403 0.041738 0.119854 0.089290 0.102021 0.095085
2 0.093856 0.044270 0.112375 0.041337 0.120197 0.090721 0.101678 0.093654
2 0.101562 0.042188 0.120313 0.042188 0.120313 0.092188 0.101562 0.092188
2 0.109500 0.041337 0.128019 0.044270 0.120197 0.093654 0.101678 0.090721
2 0.117472 0.041738 0.135305 0.047532 0.119854 0.095085 0.102021 0.089290
2 0.125284 0.043381 0.141990 0.051893 0.119291 0.096444 0.102584 0.087931
2 0.132742 0.046226 0.147911 0.057247 0.118522 0.097698 0.103353 0.086677
2 0.152089 0.057247 0.167258 0.046226 0.196647 0.086677 0.181478 0.097698
2 0.158010 0.051893 0.174716 0.043381 0.197416 0.087931 0.180709 0.096444
2 0.164695 0.047532 0.182528 0.041738 0.197979 0.089290 0.180146 0.095085
2 0.171981 0.044270 0.190500 0.041337 0.198322 0.090721 0.179803 0.093654
2 0.179688 0.042188 0.198437 0.042188 0.198437 0.092188 0.179688 0.092188
2 0.187625 0.041337 0.206144 0.044270 0.198322 0.093654 0.179803 0.090721
2 0.195597 0.041738 0.213430 0.047532 0.197979 0.095085 0.180146 0.089290
2 0.203409 0.043381 0.220115 0.051893 0.197416 0.096444 0.180709 0.087931
2 0.210867 0.046226 0.226036 0.057247 0.196647 0.097698 0.181478 0.086677
2 0.230214 0.057247 0.245383 0.046226 0.274772 0.086677 0.259603 0.097698
2 0.236135 0.051893 0.252841 0.043381 0.275541 0.087931 0.258834 0.096444
2 0.242820 0.047532 0.260653 0.041738 0.276104 0.089290 0.258271 0.095085
2 0.250106 0.044270 0.268625 0.041337 0.276447 0.090721 0.257928 0.093654
2 0.257812 0.042188 0.276562 0.042188 0.276562 0.092188 0.257812 0.092188
2 0.265750 0.041337 0.284269 0.044270 0.276447 0.093654 0.257928 0.090721
2 0.273722 0.041738 0.291555 0.047532 0.276104 0.095085 0.258271 0.089290
2 0.281534 0.043381 0.298240 0.051893 0.275541 0.096444 0.258834 0.087931
2 0.288992 0.046226 0.304161 0.057247 0.274772 0.097698 0.259603 0.086677
2 0.308339 0.057247 0.323508 0.046226 0.352897 0.086677 0.337728 0.097698
2 0.314260 0.051893 0.330966 0.043381 0.353666 0.087931 0.336959 0.096444
2 0.320945 0.047532 0.338778 0.041738 0.354229 0.089290 0.336396 0.095085
2 0.328231 0.044270 0.346750 0.041337 0.354572 0.090721 0.336053 0.093654
2 0.335938 0.042188 0.354687 0.042188 0.354687 0.092188 0.335938 0.092188
2 0.343875 0.041337 0.362394 0.044270 0.354572 0.093654 0.336053 0.090721
2 0.351847 0.041738 0.369680 0.047532 0.354229 0.095085 0.336396 0.089290
2 0.359659 0.043381 0.376365 0.051893 0.353666 0.096444 0.336959 0.087931
2 0.367117 0.046226 0.382286 0.057247 0.352897 0.097698 0.337728 0.086677
2 0.386464 0.057247 0.401633 0.046226 0.431022 0.086677 0.415853 0.097698
2 0.392385 0.051893 0.409091 0.043381 0.431791 0.087931 0.415084 0.096444
2 0.399070 0.047532 0.416903 0.041738 0.432354 0.089290 0.414521 0.095085
2 0.406356 0.044270 0.424875 0.041337 0.432697 0.090721 0.414178 0.093654
2 0.414062 0.042188 0.432812 0.042188 0.432812 0.092188 0.414062 0.092188
2 0.422000 0.041337 0.440519 0.044270 0.432697 0.093654 0.414178 0.090721
2 0.429972 0.041738 0.447805 0.047532 0.432354 0.095085 0.414521 0.089290
2 0.437784 0.043381 0.454490 0.051893 0.431791 0.096444 0.415084 0.087931
2 0.445242 0.046226 0.460411 0.057247 0.431022 0.097698 0.415853 0.086677
2 0.464589 0.057247 0.479758 0.046226 0.509147 0.086677 0.493978 0.097698
2 0.470510 0.051893 0.487216 0.043381 0.509916 0.087931 0.493209 0.096444
2 0.477195 0.047532 0.495028 0.041738 0.510479 0.089290 0.492646 0.095085
2 0.484481 0.044270 0.503000 0.041337 0.510822 0.090721 0.492303 0.093654
2 0.492188 0.042188 0.510938 0.042188 0.510938 0.092188 0.492188 0.092188
2 0.500125 0.041337 0.518644 0.044270 0.510822 0.093654 0.492303 0.090721
2 0.508097 0.041738 0.525930 0.047532 0.510479 0.095085 0.492646 0.089290
2 0.515909 0.043381 0.532615 0.051893 0.509916 0.096444 0.493209 0.087931
2 0.523367 0.046226 0.538536 0.057247 0.509147 0.097698 0.493978 0.086677
2 0.542714 0.057247 0.557883 0.046226 0.587272 0.086677 0.572103 0.097698
2 0.548635 0.051893 0.565341 0.043381 0.588041 0.087931 0.571334 0.096444
2 0.555320 0.047532 0.573153 0.041738 0.588604 0.089290 0.570771 0.095085
2 0.562606 0.044270 0.581125 0.041337 0.588947 0.090721 0.570428 0.093654
2 0.570312 0.042188 0.589063 0.042188 0.589063 0.092188 0.570312 0.092188
2 0.578250 0.041337 0.596769 0.044270 0.588947 0.093654 0.570428 0.090721
2 0.586222 0.041738 0.604055 0.047532 0.588604 0.095085 0.570771 0.089290
2 0.594034 0.043381 0.610740 0.051893 0.588041 0.096444 0.571334 0.087931
2 0.601492 0.046226 0.616661 0.057247 0.587272 0.097698 0.572103 0.086677
2 0.620839 0.057247 0.636008 0.046226 0.665397 0.086677 0.650228 0.097698
2 0.626760 0.051893 0.643466 0.043381 0.666166 0.087931 0.649459 0.096444
2 0.633445 0.047532 0.651278 0.041738 0.666729 0.089290 0.648896 0.095085
2 0.640731 0.044270 0.659250 0.041337 0.667072 0.090721 0.648553 0.093654
2 0.648438 0.042188 0.667188 0.042188 0.667188 0.092188 0.648438 0.092188
2 0.656375 0.041337 0.674894 0.044270 0.667072 0.093654 0.648553 0.090721
2 0.664347 0.041738 0.682180 0.047532 0.666729 0.095085 0.648896 0.089290
2 0.672159 0.043381 0.688865 0.051893 0.666166 0.096444 0.649459 0.087931
2 0.679617 0.046226 0.694786 0.057247 0.665397 0.097698 0.650228 0.086677
2 0.698964 0.057247 0.714133 0.046226 0.743522 0.086677 0.728353 0.097698
2 0.704885 0.051893 0.721591 0.043381 0.744291 0.087931 0.727584 0.096444
2 0.711570 0.047532 0.729403 0.041738 0.744854 0.089290 0.727021 0.095085
2 0.718856 0.044270 0.737375 0.041337 0.745197 0.090721 0.726678 0.093654
2 0.726562 0.042188 0.745313 0.042188 0.745313 0.092188 0.726562 0.092188
2 0.734500 0.041337 0.753019 0.044270 0.745197 0.093654 0.726678 0.090721
2 0.742472 0.041738 0.760305 0.047532 0.744854 0.095085 0.727021 0.089290
2 0.750284 0.043381 0.766990 0.051893 0.744291 0.096444 0.727584 0.087931
2 0.757742 0.046226 0.772911 0.057247 0.743522 0.097698 0.728353 0.086677
2 0.777089 0.057247 0.792258 0.046226 0.821647 0.086677 0.806478 0.097698
2 0.783010 0.051893 0.799716 0.043381 0.822416 0.087931 0.805709 0.096444
2 0.789695 0.047532 0.807528 0.041738 0.822979 0.089290 0.805146 0.095085
2 0.796981 0.044270 0.815500 0.041337 0.823322 0.090721 0.804803 0.093654
2 0.804688 0.042188 0.823438 0.042188 0.823438 0.092188 0.804688 0.092188
2 0.812625 0.041337 0.831144 0.044270 0.823322 0.093654 0.804803 0.090721
2 0.820597 0.041738 0.838430 0.047532 0.822979 0.095085 0.805146 0.089290
2 0.828409 0.043381 0.845115 0.051893 0.822416 0.096444 0.805709 0.087931
2 0.835867 0.046226 0.851036 0.057247 0.821647 0.097698 0.806478 0.086677
2 0.855214 0.057247 0.870383 0.046226 0.899772 0.086677 0.884603 0.097698
2 0.861135 0.051893 0.877841 0.043381 0.900541 0.087931 0.883834 0.096444
2 0.867820 0.047532 0.885653 0.041738 0.901104 0.089290 0.883271 0.095085
2 0.875106 0.044270 0.893625 0.041337 0.901447 0.090721 0.882928 0.093654
2 0.882812 0.042188 0.901563 0.042188 0.901563 0.092188 0.882812 0.092188
2 0.890750 0.041337 0.909269 0.044270 0.901447 0.093654 0.882928 0.090721
2 0.898722 0.041738 0.916555 0.047532 0.901104 0.095085 0.883271 0.089290
2 0.906534 0.043381 0.923240 0.051893 0.900541 0.096444 0.883834 0.087931
2 0.913992 0.046226 0.929161 0.057247 0.899772 0.097698 0.884603 0.086677
2 0.034901 0.135372 0.050070 0.124351 0.079460 0.164802 0.064290 0.175823
2 0.040822 0.130018 0.057529 0.121506 0.080228 0.166056 0.063522 0.174569
2 0.047508 0.125657 0.065340 0.119863 0.080791 0.167415 0.062959 0.173210
2 0.054794 0.122395 0.073313 0.119462 0.081135 0.168846 0.062615 0.171779
2 0.062500 0.120313 0.081250 0.120313 0.081250 0.170313 0.062500 0.170313
2 0.070437 0.119462 0.088956 0.122395 0.081135 0.171779 0.062615 0.168846
2 0.078410 0.119863 0.096242 0.125657 0.080791 0.173210 0.062959 0.167415
2 0.086221 0.121506 0.102928 0.130018 0.080228 0.174569 0.063522 0.166056
2 0.093680 0.124351 0.108849 0.135372 0.079460 0.175823 0.064290 0.164802
2 0.113026 0.135372 0.128195 0.124351 0.157585 0.164802 0.142415 0.175823
2 0.118947 0.130018 0.135654 0.121506 0.158353 0.166056 0.141647 0.174569
2 0.125633 0.125657 0.143465 0.119863 0.158916 0.167415 0.141084 0.173210
2 0.132919 0.122395 0.151438 0.119462 0.159260 0.168846 0.140740 0.171779
2 0.140625 0.120313 0.159375 0.120313 0.159375 0.170313 0.140625 0.170313
2 0.148562 0.119462 0.167081 0.122395 0.159260 0.171779 0.140740 0.168846
2 0.156535 0.119863 0.174367 0.125657 0.158916 0.173210 0.141084 0.167415
2 0.164346 0.121506 0.181053 0.130018 0.158353 0.174569 0.141647 0.166056
2 0.171805 0.124351 0.186974 0.135372 0.157585 0.175823 0.142415 0.164802
2 0.191151 0.135372 0.206320 0.124351 0.235710 0.164802 0.220540 0.175823
2 0.197072 0.130018 0.213779 0.121506 0.236478 0.166056 0.219772 0.174569
2 0.203758 0.125657 0.221590 0.119863 0.237041 0.167415 0.219209 0.173210
2 0.211044 0.122395 0.229563 0.119462 0.237385 0.168846 0.218865 0.171779
2 0.218750 0.120313 0.237500 0.120313 0.237500 0.170313 0.218750 0.170313
2 0.226687 0.119462 0.245206 0.122395 0.237385 0.171779 0.218865 0.168846
2 0.234660 0.119863 0.252492 0.125657 0.237041 0.173210 0.219209 0.167415
2 0.242471 0.121506 0.259178 0.130018 0.236478 0.174569 0.219772 0.166056
2 0.249930 0.124351 0.265099 0.135372 0.235710 0.175823 0.220540 0.164802
2 0.269276 0.135372 0.284445 0.124351 0.313835 0.164802 0.298665 0.175823
2 0.275197 0.130018 0.291904 0.121506 0.314603 0.166056 0.297897 0.174569
2 0.281883 0.125657 0.299715 0.119863 0.315166 0.167415 0.297334 0.173210
2 0.289169 0.122395 0.307688 0.119462 0.315510 0.168846 0.296990 0.171779
2 0.296875 0.120313 0.315625 0.120313 0.315625 0.170313 0.296875 0.170313
2 0.304812 0.119462 0.323331 0.122395 0.315510 0.171779 0.296990 0.168846
2 0.312785 0.119863 0.330617 0.125657 0.315166 0.173210 0.297334 0.167415
2 0.320596 0.121506 0.337303 0.130018 0.314603 0.174569 0.297897 0.166056
2 0.328055 0.124351 0.343224 0.135372 0.313835 0.175823 0.298665 0.164802
2 0.347401 0.135372 0.362570 0.124351 0.391960 0.164802 0.376790 0.175823
2 0.353322 0.130018 0.370029 0.121506 0.392728 0.166056 0.376022 0.174569
2 0.360008 0.125657 0.377840 0.119863 0.393291 0.167415 0.375459 0.173210
2 0.367294 0.122395 0.385813 0.119462 0.393635 0.168846 0.375115 0.171779
2 0.375000 0.120313 0.393750 0.120313 0.393750 0.170313 0.375000 0.170313
2 0.382937 0.119462 0.401456 0.122395 0.393635 0.171779 0.375115 0.168846
2 0.390910 0.119863 0.408742 0.125657 0.393291 0.173210 0.375459 0.167415
2 0.398721 0.121506 0.415428 0.130018 0.392728 0.174569 0.376022 0.166056
2 0.406180 0.124351 0.421349 0.135372 0.391960 0.175823 0.376790 0.164802
2 0.425526 0.135372 0.440695 0.124351 0.470085 0.164802 0.454915 0.175823
2 0.431447 0.130018 0.448154 0.121506 0.470853 0.166056 0.454147 0.174569
2 0.438133 0.125657 0.455965 0.119863 0.471416 0.167415 0.453584 0.173210
2 0.445419 0.122395 0.463938 0.119462 0.471760 0.168846 0.453240 0.171779
2 0.453125 0.120313 0.471875 0.120313 0.471875 0.170313 0.453125 0.170313
2 0.461062 0.119462 0.479581 0.122395 0.471760 0.171779 0.453240 0.168846
2 0.469035 0.119863 0.486867 0.125657 0.471416 0.173210 0.453584 0.167415
2 0.476846 0.121506 0.493553 0.130018 0.470853 0.174569 0.454147 0.166056
2 0.484305 0.124351 0.499474 0.135372 0.470085 0.175823 0.454915 0.164802
2 0.503651 0.135372 0.518820 0.124351 0.548210 0.164802 0.533040 0.175823
2 0.509572 0.130018 0.526279 0.121506 0.548978 0.166056 0.532272 0.174569
2 0.516258 0.125657 0.534090 0.119863 0.549541 0.167415 0.531709 0.173210
2 0.523544 0.122395 0.542063 0.119462 0.549885 0.168846 0.531365 0.171779
2 0.531250 0.120313 0.550000 0.120313 0.550000 0.170313 0.531250 0.170313
2 0.539187 0.119462 0.557706 0.122395 0.549885 0.171779 0.531365 0.168846
2 0.547160 0.119863 0.564992 0.125657 0.549541 0.173210 0.531709 0.167415
2 0.554971 0.121506 0.571678 0.130018 0.548978 0.174569 0.532272 0.166056
2 0.562430 0.124351 0.577599 0.135372 0.548210 0.175823 0.533040 0.164802
2 0.581776 0.135372 0.596945 0.124351 0.626335 0.164802 0.611165 0.175823
2 0.587697 0.130018 0.604404 0.121506 0.627103 0.166056 0.610397 0.174569
2 0.594383 0.125657 0.612215 0.119863 0.627666 0.167415 0.609834 0.173210
2 0.601669 0.122395 0.620188 0.119462 0.628010 0.168846 0.609490 0.171779
2 0.609375 0.120313 0.628125 0.120313 0.628125 0.170313 0.609375 0.170313
2 0.617312 0.119462 0.635831 0.122395 0.628010 0.171779 0.609490 0.168846
2 0.625285 0.119863 0.643117 0.125657 0.627666 0.173210 0.609834 0.167415
2 0.633096 0.121506 0.649803 0.130018 0.627103 0.174569 0.610397 0.166056
2 0.640555 0.124351 0.655724 0.135372 0.626335 0.175823 0.611165 0.164802
2 0.659901 0.135372 0.675070 0.124351 0.704460 0.164802 0.689290 0.175823
2 0.665822 0.130018 0.682529 0.121506 0.705228 0.166056 0.688522 0.174569
2 0.672508 0.125657 0.690340 0.119863 0.705791 0.167415 0.687959 0.173210
2 0.679794 0.122395 0.698313 0.119462 0.706135 0.168846 0.687615 0.171779
2 0.687500 0.120313 0.706250 0.120313 0.706250 0.170313 0.687500 0.170313
2 0.695437 0.119462 0.713956 0.122395 0.706135 0.171779 0.687615 0.168846
2 0.703410 0.119863 0.721242 0.125657 0.705791 0.173210 0.687959 0.167415
2 0.711221 0.121506 0.727928 0.130018 0.705228 0.174569 0.688522 0.166056
2 0.718680 0.124351 0.733849 0.135372 0.704460 0.175823 0.689290 0.164802
2 0.738026 0.135372 0.753195 0.124351 0.782585 0.164802 0.767415 0.175823
2 0.743947 0.130018 0.760654 0.121506 0.783353 0.166056 0.766647 0.174569
2 0.750633 0.125657 0.768465 0.119863 0.783916 0.167415 0.766084 0.173210
2 0.757919 0.122395 0.776438 0.119462 0.784260 0.168846 0.765740 0.171779
2 0.765625 0.120313 0.784375 0.120313 0.784375 0.170313 0.765625 0.170313
2 0.773562 0.119462 0.792081 0.122395 0.784260 0.171779 0.765740 0.168846
2 0.781535 0.119863 0.799367 0.125657 0.783916 0.173210 0.766084 0.167415
2 0.789346 0.121506 0.806053 0.130018 0.783353 0.174569 0.766647 0.166056
2 0.796805 0.124351 0.811974 0.135372 0.782585 0.175823 0.767415 0.164802
2 0.816151 0.135372 0.831320 0.124351 0.860710 0.164802 0.845540 0.175823
2 0.822072 0.130018 0.838779 0.121506 0.861478 0.166056 0.844772 0.174569
2 0.828758 0.125657 0.846590 0.119863 0.862041 0.167415 0.844209 0.173210
2 0.836044 0.122395 0.854563 0.119462 0.862385 0.168846 0.843865 0.171779
2 0.843750 0.120313 0.862500 0.120313 0.862500 0.170313 0.843750 0.170313
2 0.851687 0.119462 0.870206 0.122395 0.862385 0.171779 0.843865 0.168846
2 0.859660 0.119863 0.877492 0.125657 0.862041 0.173210 0.844209 0.167415
2 0.867471 0.121506 0.884178 0.130018 0.861478 0.174569 0.844772 0.166056
2 0.874930 0.124351 0.890099 0.135372 0.860710 0.175823 0.845540 0.164802
2 0.894276 0.135372 0.909445 0.124351 0.938835 0.164802 0.923665 0.175823
2 0.900197 0.130018 0.916904 0.121506 0.939603 0.166056 0.922897 0.174569
2 0.906883 0.125657 0.924715 0.119863 0.940166 0.167415 0.922334 0.173210
2 0.914169 0.122395 0.932688 0.119462 0.940510 0.168846 0.921990 0.171779
2 0.921875 0.120313 0.940625 0.120313 0.940625 0.170313 0.921875 0.170313
2 0.929812 0.119462 0.948331 0.122395 0.940510 0.171779 0.921990 0.168846
2 0.937785 0.119863 0.955617 0.125657 0.940166 0.173210 0.922334 0.167415
2 0.945596 0.121506 0.962303 0.130018 0.939603 0.174569 0.922897 0.166056
2 0.953055 0.124351 0.968224 0.135372 0.938835 0.175823 0.923665 0.164802
2 0.001760 0.208143 0.018466 0.199631 0.041166 0.244181 0.024459 0.252694
2 0.008445 0.203782 0.026278 0.197988 0.041729 0.245540 0.023896 0.251335
2 0.015731 0.200520 0.034250 0.197587 0.042072 0.246971 0.023553 0.249904
2 0.023438 0.198437 0.042188 0.198437 0.042188 0.248438 0.023438 0.248438
2 0.031375 0.197587 0.049894 0.200520 0.042072 0.249904 0.023553 0.246971
2 0.039347 0.197988 0.057180 0.203782 0.041729 0.251335 0.023896 0.245540
2 0.047159 0.199631 0.063865 0.208143 0.041166 0.252694 0.024459 0.244181
2 0.054617 0.202476 0.069786 0.213497 0.040397 0.253948 0.025228 0.242927
2 0.073964 0.213497 0.089133 0.202476 0.118522 0.242927 0.103353 0.253948
2 0.079885 0.208143 0.096591 0.199631 0.119291 0.244181 0.102584 0.252694
2 0.086570 0.203782 0.104403 0.197988 0.119854 0.245540 0.102021 0.251335
2 0.093856 0.200520 0.112375 0.197587 0.120197 0.246971 0.101678 0.249904
2 0.101562 0.198437 0.120313 0.198437 0.120313 0.248438 0.101562 0.248438
2 0.109500 0.197587 0.128019 0.200520 0.120197 0.249904 0.101678 0.246971
2 0.117472 0.197988 0.135305 0.203782 0.119854 0.251335 0.102021 0.245540
2 0.125284 0.199631 0.141990 0.208143 0.119291 0.252694 0.102584 0.244181
2 0.132742 0.202476 0.147911 0.213497 0.118522 0.253948 0.103353 0.242927
2 0.152089 0.213497 0.167258 0.202476 0.196647 0.242927 0.181478 0.253948
2 0.158010 0.208143 0.174716 0.199631 0.197416 0.244181 0.180709 0.252694
2 0.164695 0.203782 0.182528 0.197988 0.197979 0.245540 0.180146 0.251335
2 0.171981 0.200520 0.190500 0.197587 0.198322 0.246971 0.179803 0.249904
2 0.179688 0.198437 0.198437 0.198437 0.198437 0.248438 0.179688 0.248438
2 0.187625 0.197587 0.206144 0.200520 0.198322 0.249904 0.179803 0.246971
2 0.195597 0.197988 0.213430 0.203782 0.197979 0.251335 0.180146 0.245540
2 0.203409 0.199631 0.220115 0.208143 0.197416 0.252694 0.180709 0.244181
2 0.210867 0.202476 0.226036 0.213497 0.196647 0.253948 0.181478 0.242927
2 0.230214 0.213497 0.245383 0.202476 0.274772 0.242927 0.259603 0.253948
2 0.236135 0.208143 0.252841 0.199631 0.275541 0.244181 0.258834 0.252694
2 0.242820 0.203782 0.260653 0.197988 0.276104 0.245540 0.258271 0.251335
2 0.250106 0.200520 0.268625 0.197587 0.276447 0.246971 0.257928 0.249904
2 0.257812 0.198437 0.276562 0.198437 0.276562 0.248438 0.257812 0.248438
2 0.265750 0.197587 0.284269 0.200520 0.276447 0.249904 0.257928 0.246971
2 0.273722 0.197988 0.291555 0.203782 0.276104 0.251335 0.258271 0.245540
2 0.281534 0.199631 0.298240 0.208143 0.275541 0.252694 0.258834 0.244181
2 0.288992 0.202476 0.304161 0.213497 0.274772 0.253948 0.259603 0.242927
2 0.308339 0.213497 0.323508 0.202476 0.352897 0.242927 0.337728 0.253948
2 0.314260 0.208143 0.330966 0.199631 0.353666 0.244181 0.336959 0.252694
2 0.320945 0.203782 0.338778 0.197988 0.354229 0.245540 0.336396 0.251335
2 0.328231 0.200520 0.346750 0.197587 0.354572 0.246971 0.336053 0.249904
2 0.335938 0.198437 0.354687 0.198437 0.354687 0.248438 0.335938 0.248438
2 0.343875 0.197587 0.362394 0.200520 0.354572 0.249904 0.336053 0.246971
2 0.351847 0.197988 0.369680 0.203782 0.354229 0.251335 0.336396 0.245540
2 0.359659 0.199631 0.376365 0.208143 0.353666 0.252694 0.336959 0.244181
2 0.367117 0.202476 0.382286 0.213497 0.352897 0.253948 0.337728 0.242927
2 0.386464 0.213497 0.401633 0.202476 0.431022 0.242927 0.415853 0.253948
2 0.392385 0.208143 0.409091 0.199631 0.431791 0.244181 0.415084 0.252694
2 0.399070 0.203782 0.416903 0.197988 0.432354 0.245540 0.414521 0.251335
2 0.406356 0.200520 0.424875 0.197587 0.432697 0.246971 0.414178 0.249904
2 0.414062 0.198437 0.432812 0.198437 0.432812 0.248438 0.414062 0.248438
2 0.422000 0.197587 0.440519 0.200520 0.432697 0.249904 0.414178 0.246971
2 0.429972 0.197988 0.447805 0.203782 0.432354 0.251335 0.414521 0.245540
2 0.437784 0.199631 0.454490 0.208143 0.431791 0.252694 0.415084 0.244181
2 0.445242 0.202476 0.460411 0.213497 0.431022 0.253948 0.415853 0.242927
2 0.464589 0.213497 0.479758 0.202476 0.509147 0.242927 0.493978 0.253948
2 0.470510 0.208143 0.487216 0.199631 0.509916 0.244181 0.493209 0.252694
2 0.477195 0.203782 0.495028 0.197988 0.510479 0.245540 0.492646 0.251335
2 0.484481 0.200520 0.503000 0.197587 0.510822 0.246971 0.492303 0.249904
2 0.492188 0.198437 0.510938 0.198437 0.510938 0.248438 0.492188 0.248438
2 0.500125 0.197587 0.518644 0.200520 0.510822 0.249904 0.492303 0.246971
2 0.508097 0.197988 0.525930 0.203782 0.510479 0.251335 0.492646 0.245540
2 0.515909 0.199631 0.532615 0.208143 0.509916 0.252694 0.493209 0.244181
2 0.523367 0.202476 0.538536 0.213497 0.509147 0.253948 0.493978 0.242927
2 0.542714 0.213497 0.557883 0.202476 0.587272 0.242927 0.572103 0.253948
2 0.548635 0.208143 0.565341 0.199631 0.588041 0.244181 0.571334 0.252694
2 0.555320 0.203782 0.573153 0.197988 0.588604 0.245540 0.570771 0.251335
2 0.562606 0.200520 0.581125 0.197587 0.588947 0.246971 0.570428 0.249904
2 0.570312 0.198437 0.589063 0.198437 0.589063 0.248438 0.570312 0.248438
2 0.578250 0.197587 0.596769 0.200520 0.588947 0.249904 0.570428 0.246971
2 0.586222 0.197988 0.604055 0.203782 0.588604 0.251335 0.570771 0.245540
2 0.594034 0.199631 0.610740 0.208143 0.588041 0.252694 0.571334 0.244181
2 0.601492 0.202476 0.616661 0.213497 0.587272 0.253948 0.572103 0.242927
2 0.620839 0.213497 0.636008 0.202476 0.665397 0.242927 0.650228 0.253948
2 0.626760 0.208143 0.643466 0.199631 0.666166 0.244181 0.649459 0.252694
2 0.633445 0.203782 0.651278 0.197988 0.666729 0.245540 0.648896 0.251335
2 0.640731 0.200520 0.659250 0.197587 0.667072 0.246971 0.648553 0.249904
2 0.648438 0.198437 0.667188 0.198437 0.667188 0.248438 0.648438 0.248438
2 0.656375 0.197587 0.674894 0.200520 0.667072 0.249904 0.648553 0.246971
2 0.664347 0.197988 0.682180 0.203782 0.666729 0.251335 0.648896 0.245540
2 0.672159 0.199631 0.688865 0.208143 0.666166 0.252694 0.649459 0.244181
2 0.679617 0.202476 0.694786 0.213497 0.665397 0.253948 0.650228 0.242927
2 0.698964 0.213497 0.714133 0.202476 0.743522 0.242927 0.728353 0.253948
2 0.704885 0.208143 0.721591 0.199631 0.744291 0.244181 0.727584 0.252694
2 0.711570 0.203782 0.729403 0.197988 0.744854 0.245540 0.727021 0.251335
2 0.718856 0.200520 0.737375 0.197587 0.745197 0.246971 0.726678 0.249904
2 0.726562 0.198437 0.745313 0.198437 0.745313 0.248438 0.726562 0.248438
2 0.734500 0.197587 0.753019 0.200520 0.745197 0.249904 0.726678 0.246971
2 0.742472 0.197988 0.760305 0.203782 0.744854 0.251335 0.727021 0.245540
2 0.750284 0.199631 0.766990 0.208143 0.744291 0.252694 0.727584 0.244181
2 0.757742 0.202476 0.772911 0.213497 0.743522 0.253948 0.728353 0.242927
2 0.777089 0.213497 0.792258 0.202476 0.821647 0.242927 0.806478 0.253948
2 0.783010 0.208143 0.799716 0.199631 0.822416 0.244181 0.805709 0.252694
2 0.789695 0.203782 0.807528 0.197988 0.822979 0.245540 0.805146 0.251335
2 0.796981 0.200520 0.815500 0.197587 0.823322 0.246971 0.804803 0.249904
2 0.804688 0.198437 0.823438 0.198437 0.823438 0.248438 0.804688 0.248438
2 0.812625 0.197587 0.831144 0.200520 0.823322 0.249904 0.804803 0.246971
2 0.820597 0.197988 0.838430 0.203782 0.822979 0.251335 0.805146 0.245540
2 0.828409 0.199631 0.845115 0.208143 0.822416 0.252694 0.805709 0.244181
2 0.835867 0.202476 0.851036 0.213497 0.821647 0.253948 0.806478 0.242927
2 0.855214 0.213497 0.870383 0.202476 0.899772 0.242927 0.884603 0.253948
2 0.861135 0.208143 0.877841 0.199631 0.900541 0.244181 0.883834 0.252694
2 0.867820 0.203782 0.885653 0.197988 0.901104 0.245540 0.883271 0.251335
2 0.875106 0.200520 0.893625 0.197587 0.901447 0.246971 0.882928 0.249904
2 0.882812 0.198437 0.901563 0.198437 0.901563 0.248438 0.882812 0.248438
2 0.890750 0.197587 0.909269 0.200520 0.901447 0.249904 0.882928 0.246971
2 0.898722 0.197988 0.916555 0.203782 0.901104 0.251335 0.883271 0.245540
2 0.906534 0.199631 0.923240 0.208143 0.900541 0.252694 0.883834 0.244181
2 0.913992 0.202476 0.929161 0.213497 0.899772 0.253948 0.884603 0.242927
2 0.034901 0.291622 0.050070 0.280601 0.079460 0.321052 0.064290 0.332073
2 0.040822 0.286268 0.057529 0.277756 0.080228 0.322306 0.063522 0.330819
2 0.047508 0.281907 0.065340 0.276113 0.080791 0.323665 0.062959 0.329460
2 0.054794 0.278645 0.073313 0.275712 0.081135 0.325096 0.062615 0.328029
2 0.062500 0.276562 0.081250 0.276562 0.081250 0.326562 0.062500 0.326562
2 0.070437 0.275712 0.088956 0.278645 0.081135 0.328029 0.062615 0.325096
2 0.078410 0.276113 0.096242 0.281907 0.080791 0.329460 0.062959 0.323665
2 0.086221 0.277756 0.102928 0.286268 0.080228 0.330819 0.063522 0.322306
2 0.093680 0.280601 0.108849 0.291622 0.079460 0.332073 0.064290 0.321052
2 0.113026 0.291622 0.128195 0.280601 0.157585 0.321052 0.142415 0.332073
2 0.118947 0.286268 0.135654 0.277756 0.158353 0.322306 0.141647 0.330819
2 0.125633 0.281907 0.143465 0.276113 0.158916 0.323665 0.141084 0.329460
2 0.132919 0.278645 0.151438 0.275712 0.159260 0.325096 0.140740 0.328029
2 0.140625 0.276562 0.159375 0.276562 0.159375 0.326562 0.140625 0.326562
2 0.148562 0.275712 0.167081 0.278645 0.159260 0.328029 0.140740 0.325096
2 0.156535 0.276113 0.174367 0.281907 0.158916 0.329460 0.141084 0.323665
2 0.164346 0.277756 0.181053 0.286268 0.158353 0.330819 0.141647 0.322306
2 0.171805 0.280601 0.186974 0.291622 0.157585 0.332073 0.142415 0.321052
2 0.191151 0.291622 0.206320 0.280601 0.235710 0.321052 0.220540 0.332073
2 0.197072 0.286268 0.213779 0.277756 0.236478 0.322306 0.219772 0.330819
2 0.203758 0.281907 0.221590 0.276113 0.237041 0.323665 0.219209 0.329460
2 0.211044 0.278645 0.229563 0.275712 0.237385 0.325096 0.218865 0.328029
2 0.218750 0.276562 0.237500 0.276562 0.237500 0.326562 0.218750 0.326562
2 0.226687 0.275712 0.245206 0.278645 0.237385 0.328029 0.218865 0.325096
2 0.234660 0.276113 0.252492 0.281907 0.237041 0.329460 0.219209 0.323665
2 0.242471 0.277756 0.259178 0.286268 0.236478 0.330819 0.219772 0.322306
2 0.249930 0.280601 0.265099 0.291622 0.235710 0.332073 0.220540 0.321052
2 0.269276 0.291622 0.284445 0.280601 0.313835 0.321052 0.298665 0.332073
2 0.275197 0.286268 0.291904 0.277756 0.314603 0.322306 0.297897 0.330819
2 0.281883 0.281907 0.299715 0.276113 0.315166 0.323665 0.297334 0.329460
2 0.289169 0.278645 0.307688 0.275712 0.315510 0.325096 0.296990 0.328029
2 0.296875 0.276562 0.315625 0.276562 0.315625 0.326562 0.296875 0.326562
2 0.304812 0.275712 0.323331 0.278645 0.315510 0.328029 0.296990 0.325096
2 0.312785 0.276113 0.330617 0.281907 0.315166 0.329460 0.297334 0.323665
2 0.320596 0.277756 0.337303 0.286268 0.314603 0.330819 0.297897 0.322306
2 0.328055 0.280601 0.343224 0.291622 0.313835 0.332073 0.298665 0.321052
2 0.347401 0.291622 0.362570 0.280601 0.391960 0.321052 0.376790 0.332073
2 0.353322 0.286268 0.370029 0.277756 0.392728 0.322306 0.376022 0.330819
2 0.360008 0.281907 0.377840 0.276113 0.393291 0.323665 0.375459 0.329460
2 0.367294 0.278645 0.385813 0.275712 0.393635 0.325096 0.375115 0.328029
2 0.375000 0.276562 0.393750 0.276562 0.393750 0.326562 0.375000 0.326562
2 0.382937 0.275712 0.401456 0.278645 0.393635 0.328029 0.375115 0.325096
2 0.390910 0.276113 0.408742 0.281907 0.393291 0.329460 0.375459 0.323665
2 0.398721 0.277756 0.415428 0.286268 0.392728 0.330819 0.376022 0.322306
2 0.406180 0.280601 0.421349 0.291622 0.391960 0.332073 0.376790 0.321052
2 0.425526 0.291622 0.440695 0.280601 0.470085 0.321052 0.454915 0.332073
2 0.431447 0.286268 0.448154 0.277756 0.470853 0.322306 0.454147 0.330819
2 0.438133 0.281907 0.455965 0.276113 0.471416 0.323665 0.453584 0.329460
2 0.445419 0.278645 0.463938 0.275712 0.471760 0.325096 0.453240 0.328029
2 0.453125 0.276562 0.471875 0.276562 0.471875 0.326562 0.453125 0.326562
2 0.461062 0.275712 0.479581 0.278645 0.471760 0.328029 0.453240 0.325096
2 0.469035 0.276113 0.486867 0.281907 0.471416 0.329460 0.453584 0.323665
2 0.476846 0.277756 0.493553 0.286268 0.470853 0.330819 0.454147 0.322306
2 0.484305 0.280601 0.499474 0.291622 0.470085 0.332073 0.454915 0.321052
2 0.503651 0.291622 0.518820 0.280601 0.548210 0.321052 0.533040 0.332073
2 0.509572 0.286268 0.526279 0.277756 0.548978 0.322306 0.532272 0.330819
2 0.516258 0.281907 0.534090 0.276113 0.549541 0.323665 0.531709 0.329460
2 0.523544 0.278645 0.542063 0.275712 0.549885 0.325096 0.531365 0.328029
2 0.531250 0.276562 0.550000 0.276562 0.550000 0.326562 0.531250 0.326562
2 0.539187 0.275712 0.557706 0.278645 0.549885 0.328029 0.531365 0.325096
2 0.547160 0.276113 0.564992 0.281907 0.549541 0.329460 0.531709 0.323665
2 0.554971 0.277756 0.571678 0.286268 0.548978 0.330819 0.532272 0.322306
2 0.562430 0.280601 0.577599 0.291622 0.548210 0.332073 0.533040 0.321052
2 0.581776 0.291622 0.596945 0.280601 0.626335 0.321052 0.611165 0.332073
2 0.587697 0.286268 0.604404 0.277756 0.627103 0.322306 0.610397 0.330819
2 0.594383 0.281907 0.612215 0.276113 0.627666 0.323665 0.609834 0.329460
2 0.601669 0.278645 0.620188 0.275712 0.628010 0.325096 0.609490 0.328029
2 0.609375 0.276562 0.628125 0.276562 0.628125 0.326562 0.609375 0.326562
2 0.617312 0.275712 0.635831 0.278645 0.628010 0.328029 0.609490 0.325096
2 0.625285 0.276113 0.643117 0.281907 0.627666 0.329460 0.609834 0.323665
2 0.633096 0.277756 0.649803 0.286268 0.627103 0.330819 0.610397 0.322306
2 0.640555 0.280601 0.655724 0.291622 0.626335 0.332073 0.611165 0.321052
2 0.659901 0.291622 0.675070 0.280601 0.704460 0.321052 0.689290 0.332073
2 0.665822 0.286268 0.682529 0.277756 0.705228 0.322306 0.688522 0.330819
2 0.672508 0.281907 0.690340 0.276113 0.705791 0.323665 0.687959 0.329460
2 0.679794 0.278645 0.698313 0.275712 0.706135 0.325096 0.687615 0.328029
2 0.687500 0.276562 0.706250 0.276562 0.706250 0.326562 0.687500 0.326562
2 0.695437 0.275712 0.713956 0.278645 0.706135 0.328029 0.687615 0.325096
2 0.703410 0.276113 0.721242 0.281907 0.705791 0.329460 0.687959 0.323665
2 0.711221 0.277756 0.727928 0.286268 0.705228 0.330819 0.688522 0.322306
2 0.718680 0.280601 0.733849 0.291622 0.704460 0.332073 0.689290 0.321052
2 0.738026 0.291622 0.753195 0.280601 0.782585 0.321052 0.767415 0.332073
2 0.743947 0.286268 0.760654 0.277756 0.783353 0.322306 0.766647 0.330819
2 0.750633 0.281907 0.768465 0.276113 0.783916 0.323665 0.766084 0.329460
2 0.757919 0.278645 0.776438 0.275712 0.784260 0.325096 0.765740 0.328029
2 0.765625 0.276562 0.784375 0.276562 0.784375 0.326562 0.765625 0.326562
2 0.773562 0.275712 0.792081 0.278645 0.784260 0.328029 0.765740 0.325096
2 0.781535 0.276113 0.799367 0.281907 0.783916 0.329460 0.766084 0.323665
2 0.789346 0.277756 0.806053 0.286268 0.783353 0.330819 0.766647 0.322306
2 0.796805 0.280601 0.811974 0.291622 0.782585 0.332073 0.767415 0.321052
2 0.816151 0.291622 0.831320 0.280601 0.860710 0.321052 0.845540 0.332073
2 0.822072 0.286268 0.838779 0.277756 0.861478 0.322306 0.844772 0.330819
2 0.828758 0.281907 0.846590 0.276113 0.862041 0.323665 0.844209 0.329460
2 0.836044 0.278645 0.854563 0.275712 0.862385 0.325096 0.843865 0.328029
2 0.843750 0.276562 0.862500 0.276562 0.862500 0.326562 0.843750 0.326562
2 0.851687 0.275712 0.870206 0.278645 0.862385 0.328029 0.843865 0.325096
2 0.859660 0.276113 0.877492 0.281907 0.862041 0.329460 0.844209 0.323665
2 0.867471 0.277756 0.884178 0.286268 0.861478 0.330819 0.844772 0.322306
2 0.874930 0.280601 0.890099 0.291622 0.860710 0.332073 0.845540 0.321052
2 0.894276 0.291622 0.909445 0.280601 0.938835 0.321052 0.923665 0.332073
2 0.900197 0.286268 0.916904 0.277756 0.939603 0.322306 0.922897 0.330819
2 0.906883 0.281907 0.924715 0.276113 0.940166 0.323665 0.922334 0.329460
2 0.914169 0.278645 0.932688 0.275712 0.940510 0.325096 0.921990 0.328029
2 0.921875 0.276562 0.940625 0.276562 0.940625 0.326562 0.921875 0.326562
2 0.929812 0.275712 0.948331 0.278645 0.940510 0.328029 0.921990 0.325096
2 0.937785 0.276113 0.955617 0.281907 0.940166 0.329460 0.922334 0.323665
2 0.945596 0.277756 0.962303 0.286268 0.939603 0.330819 0.922897 0.322306
2 0.953055 0.280601 0.968224 0.291622 0.938835 0.332073 0.923665 0.321052
2 0.001760 0.364393 0.018466 0.355881 0.041166 0.400431 0.024459 0.408944
2 0.008445 0.360032 0.026278 0.354238 0.041729 0.401790 0.023896 0.407585
2 0.015731 0.356770 0.034250 0.353837 0.042072 0.403221 0.023553 0.406154
2 0.023438 0.354687 0.042188 0.354687 0.042188 0.404687 0.023438 0.404687
2 0.031375 0.353837 0.049894 0.356770 0.042072 0.406154 0.023553 0.403221
2 0.039347 0.354238 0.057180 0.360032 0.041729 0.407585 0.023896 0.401790
2 0.047159 0.355881 0.063865 0.364393 0.041166 0.408944 0.024459 0.400431
2 0.054617 0.358726 0.069786 0.369747 0.040397 0.410198 0.025228 0.399177
2 0.073964 0.369747 0.089133 0.358726 0.118522 0.399177 0.103353 0.410198
2 0.079885 0.364393 0.096591 0.355881 0.119291 0.400431 0.102584 0.408944
2 0.086570 0.360032 0.104403 0.354238 0.119854 0.401790 0.102021 0.407585
2 0.093856 0.356770 0.112375 0.353837 0.120197 0.403221 0.101678 0.406154
2 0.101562 0.354687 0.120313 0.354687 0.120313 0.404687 0.101562 0.404687
2 0.109500 0.353837 0.128019 0.356770 0.120197 0.406154 0.101678 0.403221
2 0.117472 0.354238 0.135305 0.360032 0.119854 0.407585 0.102021 0.401790
2 0.125284 0.355881 0.141990 0.364393 0.119291 0.408944 0.102584 0.400431
2 0.132742 0.358726 0.147911 0.369747 0.118522 0.410198 0.103353 0.399177
2 0.152089 0.369747 0.167258 0.358726 0.196647 0.399177 0.181478 0.410198
2 0.158010 0.364393 0.174716 0.355881 0.197416 0.400431 0.180709 0.408944
2 0.164695 0.360032 0.182528 0.354238 0.197979 0.401790 0.180146 0.407585
2 0.171981 0.356770 0.190500 0.353837 0.198322 0.403221 0.179803 0.406154
2 0.179688 0.354687 0.198437 0.354687 0.198437 0.404687 0.179688 0.404687
2 0.187625 0.353837 0.206144 0.356770 0.198322 0.406154 0.179803 0.403221
2 0.195597 0.354238 0.213430 0.360032 0.197979 0.407585 0.180146 0.401790
2 0.203409 0.355881 0.220115 0.364393 0.197416 0.408944 0.180709 0.400431
2 0.210867 0.358726 0.226036 0.369747 0.196647 0.410198 0.181478 0.399177
2 0.230214 0.369747 0.245383 0.358726 0.274772 0.399177 0.259603 0.410198
2 0.236135 0.364393 0.252841 0.355881 0.275541 0.400431 0.258834 0.408944
2 0.242820 0.360032 0.260653 0.354238 0.276104 0.401790 0.258271 0.407585
2 0.250106 0.356770 0.268625 0.353837 0.276447 0.403221 0.257928 0.406154
2 0.257812 0.354687 0.276562 0.354687 0.276562 0.404687 0.257812 0.404687
2 0.265750 0.353837 0.284269 0.356770 0.276447 0.406154 0.257928 0.403221
2 0.273722 0.354238 0.291555 0.360032 0.276104 0.407585 0.258271 0.401790
2 0.281534 0.355881 0.298240 0.364393 0.275541 0.408944 0.258834 0.400431
2 0.288992 0.358726 0.304161 0.369747 0.274772 0.410198 0.259603 0.399177
2 0.308339 0.369747 0.323508 0.358726 0.352897 0.399177 0.337728 0.410198
2 0.314260 0.364393 0.330966 0.355881 0.353666 0.400431 0.336959 0.408944
2 0.320945 0.360032 0.338778 0.354238 0.354229 0.401790 0.336396 0.407585
2 0.328231 0.356770 0.346750 0.353837 0.354572 0.403221 0.336053 0.406154
2 0.335938 0.354687 0.354687 0.354687 0.354687 0.404687 0.335938 0.404687
2 0.343875 0.353837 0.362394 0.356770 0.354572 0.406154 0.336053 0.403221
2 0.351847 0.354238 0.369680 0.360032 0.354229 0.407585 0.336396 0.401790
2 0.359659 0.355881 0.376365 0.364393 0.353666 0.408944 0.336959 0.400431
2 0.367117 0.358726 0.382286 0.369747 0.352897 0.410198 0.337728 0.399177
2 0.386464 0.369747 0.401633 0.358726 0.431022 0.399177 0.415853 0.410198
2 0.392385 0.364393 0.409091 0.355881 0.431791 0.400431 0.415084 0.408944
2 0.399070 0.360032 0.416903 0.354238 0.432354 0.401790 0.414521 0.407585
2 0.406356 0.356770 0.424875 0.353837 0.432697 0.403221 0.414178 0.406154
2 0.414062 0.354687 0.432812 0.354687 0.432812 0.404687 0.414062 0.404687
2 0.422000 0.353837 0.440519 0.356770 0.432697 0.406154 0.414178 0.403221
2 0.429972 0.354238 0.447805 0.360032 0.432354 0.407585 0.414521 0.401790
2 0.437784 0.355881 0.454490 0.364393 0.431791 0.408944 0.415084 0.400431
2 0.445242 0.358726 0.460411 0.369747 0.431022 0.410198 0.415853 0.399177
2 0.464589 0.369747 0.479758 0.358726 0.509147 0.399177 0.493978 0.410198
2 0.470510 0.364393 0.487216 0.355881 0.509916 0.400431 0.493209 0.408944
2 0.477195 0.360032 0.495028 0.354238 0.510479 0.401790 0.492646 0.407585
2 0.484481 0.356770 0.503000 0.353837 0.510822 0.403221 0.492303 0.406154
2 0.492188 0.354687 0.510938 0.354687 0.510938 0.404687 0.492188 0.404687
2 0.500125 0.353837 0.518644 0.356770 0.510822 0.406154 0.492303 0.403221
2 0.508097 0.354238 0.525930 0.360032 0.510479 0.407585 0.492646 0.401790
2 0.515909 0.355881 0.532615 0.364393 0.509916 0.408944 0.493209 0.400431
2 0.523367 0.358726 0.538536 0.369747 0.509147 0.410198 0.493978 0.399177
2 0.542714 0.369747 0.557883 0.358726 0.587272 0.399177 0.572103 0.410198
2 0.548635 0.364393 0.565341 0.355881 0.588041 0.400431 0.571334 0.408944
2 0.555320 0.360032 0.573153 0.354238 0.588604 0.401790 0.570771 0.407585
2 0.562606 0.356770 0.581125 0.353837 0.588947 0.403221 0.570428 0.406154
2 0.570312 0.354687 0.589063 0.354687 0.589063 0.404687 0.570312 0.404687
2 0.578250 0.353837 0.596769 0.356770 0.588947 0.406154 0.570428 0.403221
2 0.586222 0.354238 0.604055 0.360032 0.588604 0.407585 0.570771 0.401790
2 0.594034 0.355881 0.610740 0.364393 0.588041 0.408944 0.571334 0.400431
2 0.601492 0.358726 0.616661 0.369747 0.587272 0.410198 0.572103 0.399177
2 0.620839 0.369747 0.636008 0.358726 0.665397 0.399177 0.650228 0.410198
2 0.626760 0.364393 0.643466 0.355881 0.666166 0.400431 0.649459 0.408944
2 0.633445 0.360032 0.651278 0.354238 0.666729 0.401790 0.648896 0.407585
2 0.640731 0.356770 0.659250 0.353837 0.667072 0.403221 0.648553 0.406154
2 0.648438 0.354687 0.667188 0.354687 0.667188 0.404687 0.648438 0.404687
2 0.656375 0.353837 0.674894 0.356770 0.667072 0.406154 0.648553 0.403221
2 0.664347 0.354238 0.682180 0.360032 0.666729 0.407585 0.648896 0.401790
2 0.672159 0.355881 0.688865 0.364393 0.666166 0.408944 0.649459 0.400431
2 0.679617 0.358726 0.694786 0.369747 0.665397 0.410198 0.650228 0.399177
2 0.698964 0.369747 0.714133 0.358726 0.743522 0.399177 0.728353 0.410198
2 0.704885 0.364393 0.721591 0.355881 0.744291 0.400431 0.727584 0.408944
2 0.711570 0.360032 0.729403 0.354238 0.744854 0.401790 0.727021 0.407585
2 0.718856 0.356770 0.737375 0.353837 0.745197 0.403221 0.726678 0.406154
2 0.726562 0.354687 0.745313 0.354687 0.745313 0.404687 0.726562 0.404687
2 0.734500 0.353837 0.753019 0.356770 0.745197 0.406154 0.726678 0.403221
2 0.742472 0.354238 0.760305 0.360032 0.744854 0.407585 0.727021 0.401790
2 0.750284 0.355881 0.766990 0.364393 0.744291 0.408944 0.727584 0.400431
2 0.757742 0.358726 0.772911 0.369747 0.743522 0.410198 0.728353 0.399177
2 0.777089 0.369747 0.792258 0.358726 0.821647 0.399177 0.806478 0.410198
2 0.783010 0.364393 0.799716 0.355881 0.822416 0.400431 0.805709 0.408944
2 0.789695 0.360032 0.807528 0.354238 0.822979 0.401790 0.805146 0.407585
2 0.796981 0.356770 0.815500 0.353837 0.823322 0.403221 0.804803 0.406154
2 0.804688 0.354687 0.823438 0.354687 0.823438 0.404687 0.804688 0.404687
2 0.812625 0.353837 0.831144 0.356770 0.823322 0.406154 0.804803 0.403221
2 0.820597 0.354238 0.838430 0.360032 0.822979 0.407585 0.805146 0.401790
2 0.828409 0.355881 0.845115 0.364393 0.822416 0.408944 0.805709 0.400431
2 0.835867 0.358726 0.851036 0.369747 0.821647 0.410198 0.806478 0.399177
2 0.855214 0.369747 0.870383 0.358726 0.899772 0.399177 0.884603 0.410198
2 0.861135 0.364393 0.877841 0.355881 0.900541 0.400431 0.883834 0.408944
2 0.867820 0.360032 0.885653 0.354238 0.901104 0.401790 0.883271 0.407585
2 0.875106 0.356770 0.893625 0.353837 0.901447 0.403221 0.882928 0.406154
2 0.882812 0.354687 0.901563 0.354687 0.901563 0.404687 0.882812 0.404687
2 0.890750 0.353837 0.909269 0.356770 0.901447 0.406154 0.882928 0.403221
2 0.898722 0.354238 0.916555 0.360032 0.901104 0.407585 0.883271 0.401790
2 0.906534 0.355881 0.923240 0.364393 0.900541 0.408944 0.883834 0.400431
2 0.913992 0.358726 0.929161 0.369747 0.899772 0.410198 0.884603 0.399177
2 0.034901 0.447872 0.050070 0.436851 0.079460 0.477302 0.064290 0.488323
2 0.040822 0.442518 0.057529 0.434006 0.080228 0.478556 0.063522 0.487069
2 0.047508 0.438157 0.065340 0.432363 0.080791 0.479915 0.062959 0.485710
2 0.054794 0.434895 0.073313 0.431962 0.081135 0.481346 0.062615 0.484279
2 0.062500 0.432812 0.081250 0.432812 0.081250 0.482812 0.062500 0.482812
2 0.070437 0.431962 0.088956 0.434895 0.081135 0.484279 0.062615 0.481346
2 0.078410 0.432363 0.096242 0.438157 0.080791 0.485710 0.062959 0.479915
2 0.086221 0.434006 0.102928 0.442518 0.080228 0.487069 0.063522 0.478556
2 0.093680 0.436851 0.108849 0.447872 0.079460 0.488323 0.064290 0.477302
2 0.113026 0.447872 0.128195 0.436851 0.157585 0.477302 0.142415 0.488323
2 0.118947 0.442518 0.135654 0.434006 0.158353 0.478556 0.141647 0.487069
2 0.125633 0.438157 0.143465 0.432363 0.158916 0.479915 0.141084 0.485710
2 0.132919 0.434895 0.151438 0.431962 0.159260 0.481346 0.140740 0.484279
2 0.140625 0.432812 0.159375 0.432812 0.159375 0.482812 0.140625 0.482812
2 0.148562 0.431962 0.167081 0.434895 0.159260 0.484279 0.140740 0.481346
2 0.156535 0.432363 0.174367 0.438157 0.158916 0.485710 0.141084 0.479915
2 0.164346 0.434006 0.181053 0.442518 0.158353 0.487069 0.141647 0.478556
2 0.171805 0.436851 0.186974 0.447872 0.157585 0.488323 0.142415 0.477302
2 0.191151 0.447872 0.206320 0.436851 0.235710 0.477302 0.220540 0.488323
2 0.197072 0.442518 0.213779 0.434006 0.236478 0.478556 0.219772 0.487069
2 0.203758 0.438157 0.221590 0.432363 0.237041 0.479915 0.219209 0.485710
2 0.211044 0.434895 0.229563 0.431962 0.237385 0.481346 0.218865 0.484279
2 0.218750 0.432812 0.237500 0.432812 0.237500 0.482812 0.218750 0.482812
2 0.226687 0.431962 0.245206 0.434895 0.237385 0.484279 0.218865 0.481346
2 0.234660 0.432363 0.252492 0.438157 0.237041 0.485710 0.219209 0.479915
2 0.242471 0.434006 0.259178 0.442518 0.236478 0.487069 0.219772 0.478556
2 0.249930 0.436851 0.265099 0.447872 0.235710 0.488323 0.220540 0.477302
2 0.269276 0.447872 0.284445 0.436851 0.313835 0.477302 0.298665 0.488323
2 0.275197 0.442518 0.291904 0.434006 0.314603 0.478556 0.297897 0.487069
2 0.281883 0.438157 0.299715 0.432363 0.315166 0.479915 0.297334 0.485710
2 0.289169 0.434895 0.307688 0.431962 0.315510 0.481346 0.296990 0.484279
2 0.296875 0.432812 0.315625 0.432812 0.315625 0.482812 0.296875 0.482812
2 0.304812 0.431962 0.323331 0.434895 0.315510 0.484279 0.296990 0.481346
2 0.312785 0.432363 0.330617 0.438157 0.315166 0.485710 0.297334 0.479915
2 0.320596 0.434006 0.337303 0.442518 0.314603 0.487069 0.297897 0.478556
2 0.328055 0.436851 0.343224 0.447872 0.313835 0.488323 0.298665 0.477302
2 0.347401 0.447872 0.362570 0.436851 0.391960 0.477302 0.376790 0.488323
2 0.353322 0.442518 0.370029 0.434006 0.392728 0.478556 0.376022 0.487069
2 0.360008 0.438157 0.377840 0.432363 0.393291 0.479915 0.375459 0.485710
2 0.367294 0.434895 0.385813 0.431962 0.393635 0.481346 0.375115 0.484279
2 0.375000 0.432812 0.393750 0.432812 0.393750 0.482812 0.375000 0.482812
2 0.382937 0.431962 0.401456 0.434895 0.393635 0.484279 0.375115 0.481346
2 0.390910 0.432363 0.408742 0.438157 0.393291 0.485710 0.375459 0.479915
2 0.398721 0.434006 0.415428 0.442518 0.392728 0.487069 0.376022 0.478556
2 0.406180 0.436851 0.421349 0.447872 0.391960 0.488323 0.376790 0.477302
2 0.425526 0.447872 0.440695 0.436851 0.470085 0.477302 0.454915 0.488323
2 0.431447 0.442518 0.448154 0.434006 0.470853 0.478556 0.454147 0.487069
2 0.438133 0.438157 0.455965 0.432363 0.471416 0.479915 0.453584 0.485710
2 0.445419 0.434895 0.463938 0.431962 0.471760 0.481346 0.453240 0.484279
2 0.453125 0.432812 0.471875 0.432812 0.471875 0.482812 0.453125 0.482812
2 0.461062 0.431962 0.479581 0.434895 0.471760 0.484279 0.453240 0.481346
2 0.469035 0.432363 0.486867 0.438157 0.471416 0.485710 0.453584 0.479915
2 0.476846 0.434006 0.493553 0.442518 0.470853 0.487069 0.454147 0.478556
2 0.484305 0.436851 0.499474 0.447872 0.470085 0.488323 0.454915 0.477302
2 0.503651 0.447872 0.518820 0.436851 0.548210 0.477302 0.533040 0.488323
2 0.509572 0.442518 0.526279 0.434006 0.548978 0.478556 0.532272 0.487069
2 0.516258 0.438157 0.534090 0.432363 0.549541 0.479915 0.531709 0.485710
2 0.523544 0.434895 0.542063 0.431962 0.549885 0.481346 0.531365 0.484279
2 0.531250 0.432812 0.550000 0.432812 0.550000 0.482812 0.531250 0.482812
2 0.539187 0.431962 0.557706 0.434895 0.549885 0.484279 0.531365 0.481346
2 0.547160 0.432363 0.564992 0.438157 0.549541 0.485710 0.531709 0.479915
2 0.554971 0.434006 0.571678 0.442518 0.548978 0.487069 0.532272 0.478556
2 0.562430 0.436851 0.577599 0.447872 0.548210 0.488323 0.533040 0.477302
2 0.581776 0.447872 0.596945 0.436851 0.626335 0.477302 0.611165 0.488323
2 0.587697 0.442518 0.604404 0.434006 0.627103 0.478556 0.610397 0.487069
2 0.594383 0.438157 0.612215 0.432363 0.627666 0.479915 0.609834 0.485710
2 0.601669 0.434895 0.620188 0.431962 0.628010 0.481346 0.609490 0.484279
2 0.609375 0.432812 0.628125 0.432812 0.628125 0.482812 0.609375 0.482812
2 0.617312 0.431962 0.635831 0.434895 0.628010 0.484279 0.609490 0.481346
2 0.625285 0.432363 0.643117 0.438157 0.627666 0.485710 0.609834 0.479915
2 0.633096 0.434006 0.649803 0.442518 0.627103 0.487069 0.610397 0.478556
2 0.640555 0.436851 0.655724 0.447872 0.626335 0.488323 0.611165 0.477302
2 0.659901 0.447872 0.675070 0.436851 0.704460 0.477302 0.689290 0.488323
2 0.665822 0.442518 0.682529 0.434006 0.705228 0.478556 0.688522 0.487069
2 0.672508 0.438157 0.690340 0.432363 0.705791 0.479915 0.687959 0.485710
2 0.679794 0.434895 0.698313 0.431962 0.706135 0.481346 0.687615 0.484279
2 0.687500 0.432812 0.706250 0.432812 0.706250 0.482812 0.687500 0.482812
2 0.695437 0.431962 0.713956 0.434895 0.706135 0.484279 0.687615 0.481346
2 0.703410 0.432363 0.721242 0.438157 0.705791 0.485710 0.687959 0.479915
2 0.711221 0.434006 0.727928 0.442518 0.705228 0.487069 0.688522 0.478556
2 0.718680 0.436851 0.733849 0.447872 0.704460 0.488323 0.689290 0.477302
2 0.738026 0.447872 0.753195 0.436851 0.782585 0.477302 0.767415 0.488323
2 0.743947 0.442518 0.760654 0.434006 0.783353 0.478556 0.766647 0.487069
2 0.750633 0.438157 0.768465 0.432363 0.783916 0.479915 0.766084 0.485710
2 0.757919 0.434895 0.776438 0.431962 0.784260 0.481346 0.765740 0.484279
2 0.765625 0.432812 0.784375 0.432812 0.784375 0.482812 0.765625 0.482812
2 0.773562 0.431962 0.792081 0.434895 0.784260 0.484279 0.765740 0.481346
2 0.781535 0.432363 0.799367 0.438157 0.783916 0.485710 0.766084 0.479915
2 0.789346 0.434006 0.806053 0.442518 0.783353 0.487069 0.766647 0.478556
2 0.796805 0.436851 0.811974 0.447872 0.782585 0.488323 0.767415 0.477302
2 0.816151 0.447872 0.831320 0.436851 0.860710 0.477302 0.845540 0.488323
2 0.822072 0.442518 0.838779 0.434006 0.861478 0.478556 0.844772 0.487069
2 0.828758 0.438157 0.846590 0.432363 0.862041 0.479915 0.844209 0.485710
2 0.836044 0.434895 0.854563 0.431962 0.862385 0.481346 0.843865 0.484279
2 0.843750 0.432812 0.862500 0.432812 0.862500 0.482812 0.843750 0.482812
2 0.851687 0.431962 0.870206 0.434895 0.862385 0.484279 0.843865 0.481346
2 0.859660 0.432363 0.877492 0.438157 0.862041 0.485710 0.844209 0.479915
2 0.867471 0.434006 0.884178 0.442518 0.861478 0.487069 0.844772 0.478556
2 0.874930 0.436851 0.890099 0.447872 0.860710 0.488323 0.845540 0.477302
2 0.894276 0.447872 0.909445 0.436851 0.938835 0.477302 0.923665 0.488323
2 0.900197 0.442518 0.916904 0.434006 0.939603 0.478556 0.922897 0.487069
2 0.906883 0.438157 0.924715 0.432363 0.940166 0.479915 0.922334 0.485710
2 0.914169 0.434895 0.932688 0.431962 0.940510 0.481346 0.921990 0.484279
2 0.921875 0.432812 0.940625 0.432812 0.940625 0.482812 0.921875 0.482812
2 0.929812 0.431962 0.948331 0.434895 0.940510 0.484279 0.921990 0.481346
2 0.937785 0.432363 0.955617 0.438157 0.940166 0.485710 0.922334 0.479915
2 0.945596 0.434006 0.962303 0.442518 0.939603 0.487069 0.922897 0.478556
2 0.953055 0.436851 0.968224 0.447872 0.938835 0.488323 0.923665 0.477302
2 0.001760 0.520643 0.018466 0.512131 0.041166 0.556681 0.024459 0.565194
2 0.008445 0.516282 0.026278 0.510488 0.041729 0.558040 0.023896 0.563835
2 0.015731 0.513020 0.034250 0.510087 0.042072 0.559471 0.023553 0.562404
2 0.023438 0.510938 0.042188 0.510938 0.042188 0.560937 0.023438 0.560937
2 0.031375 0.510087 0.049894 0.513020 0.042072 0.562404 0.023553 0.559471
2 0.039347 0.510488 0.057180 0.516282 0.041729 0.563835 0.023896 0.558040
2 0.047159 0.512131 0.063865 0.520643 0.041166 0.565194 0.024459 0.556681
2 0.054617 0.514976 0.069786 0.525997 0.040397 0.566448 0.025228 0.555427
2 0.073964 0.525997 0.089133 0.514976 0.118522 0.555427 0.103353 0.566448
2 0.079885 0.520643 0.096591 0.512131 0.119291 0.556681 0.102584 0.565194
2 0.086570 0.516282 0.104403 0.510488 0.119854 0.558040 0.102021 0.563835
2 0.093856 0.513020 0.112375 0.510087 0.120197 0.559471 0.101678 0.562404
2 0.101562 0.510938 0.120313 0.510938 0.120313 0.560937 0.101562 0.560937
2 0.109500 0.510087 0.128019 0.513020 0.120197 0.562404 0.101678 0.559471
2 0.117472 0.510488 0.135305 0.516282 0.119854 0.563835 0.102021 0.558040
2 0.125284 0.512131 0.141990 0.520643 0.119291 0.565194 0.102584 0.556681
2 0.132742 0.514976 0.147911 0.525997 0.118522 0.566448 0.103353 0.555427
2 0.152089 0.525997 0.167258 0.514976 0.196647 0.555427 0.181478 0.566448
2 0.158010 0.520643 0.174716 0.512131 0.197416 0.556681 0.180709 0.565194
2 0.164695 0.516282 0.182528 0.510488 0.197979 0.558040 0.180146 0.563835
2 0.171981 0.513020 0.190500 0.510087 0.198322 0.559471 0.179803 0.562404
2 0.179688 0.510938 0.198437 0.510938 0.198437 0.560937 0.179688 0.560937
2 0.187625 0.510087 0.206144 0.513020 0.198322 0.562404 0.179803 0.559471
2 0.195597 0.510488 0.213430 0.516282 0.197979 0.563835 0.180146 0.558040
2 0.203409 0.512131 0.220115 0.520643 0.197416 0.565194 0.180709 0.556681
2 0.210867 0.514976 0.226036 0.525997 0.196647 0.566448 0.181478 0.555427
2 0.230214 0.525997 0.245383 0.514976 0.274772 0.555427 0.259603 0.566448
2 0.236135 0.520643 0.252841 0.512131 0.275541 0.556681 0.258834 0.565194
2 0.242820 0.516282 0.260653 0.510488 0.276104 0.558040 0.258271 0.563835
2 0.250106 0.513020 0.268625 0.510087 0.276447 0.559471 0.257928 0.562404
2 0.257812 0.510938 0.276562 0.510938 0.276562 0.560937 0.257812 0.560937
2 0.265750 0.510087 0.284269 0.513020 0.276447 0.562404 0.257928 0.559471
2 0.273722 0.510488 0.291555 0.516282 0.276104 0.563835 0.258271 0.558040
2 0.281534 0.512131 0.298240 0.520643 0.275541 0.565194 0.258834 0.556681
2 0.288992 0.514976 0.304161 0.525997 0.274772 0.566448 0.259603 0.555427
2 0.308339 0.525997 0.323508 0.514976 0.352897 0.555427 0.337728 0.566448
2 0.314260 0.520643 0.330966 0.512131 0.353666 0.556681 0.336959 0.565194
2 0.320945 0.516282 0.338778 0.510488 0.354229 0.558040 0.336396 0.563835
2 0.328231 0.513020 0.346750 0.510087 0.354572 0.559471 0.336053 0.562404
2 0.335938 0.510938 0.354687 0.510938 0.354687 0.560937 0.335938 0.560937
2 0.343875 0.510087 0.362394 0.513020 0.354572 0.562404 0.336053 0.559471
2 0.351847 0.510488 0.369680 0.516282 0.354229 0.563835 0.336396 0.558040
2 0.359659 0.512131 0.376365 0.520643 0.353666 0.565194 0.336959 0.556681
2 0.367117 0.514976 0.382286 0.525997 0.352897 0.566448 0.337728 0.555427
2 0.386464 0.525997 0.401633 0.514976 0.431022 0.555427 0.415853 0.566448
2 0.392385 0.520643 0.409091 0.512131 0.431791 0.556681 0.415084 0.565194
2 0.399070 0.516282 0.416903 0.510488 0.432354 0.558040 0.414521 0.563835
2 0.406356 0.513020 0.424875 0.510087 0.432697 0.559471 0.414178 0.562404
2 0.414062 0.510938 0.432812 0.510938 0.432812 0.560937 0.414062 0.560937
2 0.422000 0.510087 0.440519 0.513020 0.432697 0.562404 0.414178 0.559471
2 0.429972 0.510488 0.447805 0.516282 0.432354 0.563835 0.414521 0.558040
2 0.437784 0.512131 0.454490 0.520643 0.431791 0.565194 0.415084 0.556681
2 0.445242 0.514976 0.460411 0.525997 0.431022 0.566448 0.415853 0.555427
2 0.464589 0.525997 0.479758 0.514976 0.509147 0.555427 0.493978 0.566448
2 0.470510 0.520643 0.487216 0.512131 0.509916 0.556681 0.493209 0.565194
2 0.477195 0.516282 0.495028 0.510488 0.510479 0.558040 0.492646 0.563835
2 0.484481 0.513020 0.503000 0.510087 0.510822 0.559471 0.492303 0.562404
2 0.492188 0.510938 0.510938 0.510938 0.510938 0.560937 0.492188 0.560937
2 0.500125 0.510087 0.518644 0.513020 0.510822 0.562404 0.492303 0.559471
2 0.508097 0.510488 0.525930 0.516282 0.510479 0.563835 0.492646 0.558040
2 0.515909 0.512131 0.532615 0.520643 0.509916 0.565194 0.493209 0.556681
2 0.523367 0.514976 0.538536 0.525997 0.509147 0.566448 0.493978 0.555427
2 0.542714 0.525997 0.557883 0.514976 0.587272 0.555427 0.572103 0.566448
2 0.548635 0.520643 0.565341 0.512131 0.588041 0.556681 0.571334 0.565194
2 0.555320 0.516282 0.573153 0.510488 0.588604 0.558040 0.570771 0.563835
2 0.562606 0.513020 0.581125 0.510087 0.588947 0.559471 0.570428 0.562404
2 0.570312 0.510938 0.589063 0.510938 0.589063 0.560937 0.570312 0.560937
2 0.578250 0.510087 0.596769 0.513020 0.588947 0.562404 0.570428 0.559471
2 0.586222 0.510488 0.604055 0.516282 0.588604 0.563835 0.570771 0.558040
2 0.594034 0.512131 0.610740 0.520643 0.588041 0.565194 0.571334 0.556681
2 0.601492 0.514976 0.616661 0.525997 0.587272 0.566448 0.572103 0.555427
2 0.620839 0.525997 0.636008 0.514976 0.665397 0.555427 0.650228 0.566448
2 0.626760 0.520643 0.643466 0.512131 0.666166 0.556681 0.649459 0.565194
2 0.633445 0.516282 0.651278 0.510488 0.666729 0.558040 0.648896 0.563835
2 0.640731 0.513020 0.659250 0.510087 0.667072 0.559471 0.648553 0.562404
2 0.648438 0.510938 0.667188 0.510938 0.667188 0.560937 0.648438 0.560937
2 0.656375 0.510087 0.674894 0.513020 0.667072 0.562404 0.648553 0.559471
2 0.664347 0.510488 0.682180 0.516282 0.666729 0.563835 0.648896 0.558040
2 0.672159 0.512131 0.688865 0.520643 0.666166 0.565194 0.649459 0.556681
2 0.679617 0.514976 0.694786 0.525997 0.665397 0.566448 0.650228 0.555427
2 0.698964 0.525997 0.714133 0.514976 0.743522 0.555427 0.728353 0.566448
2 0.704885 0.520643 0.721591 0.512131 0.744291 0.556681 0.727584 0.565194
2 0.711570 0.516282 0.729403 0.510488 0.744854 0.558040 0.727021 0.563835
2 0.718856 0.513020 0.737375 0.510087 0.745197 0.559471 0.726678 0.562404
2 0.726562 0.510938 0.745313 0.510938 0.745313 0.560937 0.726562 0.560937
2 0.734500 0.510087 0.753019 0.513020 0.745197 0.562404 0.726678 0.559471
2 0.742472 0.510488 0.760305 0.516282 0.744854 0.563835 0.727021 0.558040
2 0.750284 0.512131 0.766990 0.520643 0.744291 0.565194 0.727584 0.556681
2 0.757742 0.514976 0.772911 0.525997 0.743522 0.566448 0.728353 0.555427
2 0.777089 0.525997 0.792258 0.514976 0.821647 0.555427 0.806478 0.566448
2 0.783010 0.520643 0.799716 0.512131 0.822416 0.556681 0.805709 0.565194
2 0.789695 0.516282 0.807528 0.510488 0.822979 0.558040 0.805146 0.563835
2 0.796981 0.513020 0.815500 0.510087 0.823322 0.559471 0.804803 0.562404
2 0.804688 0.510938 0.823438 0.510938 0.823438 0.560937 0.804688 0.560937
2 0.812625 0.510087 0.831144 0.513020 0.823322 0.562404 0.804803 0.559471
2 0.820597 0.510488 0.838430 0.516282 0.822979 0.563835 0.805146 0.558040
2 0.828409 0.512131 0.845115 0.520643 0.822416 0.565194 0.805709 0.556681
2 0.835867 0.514976 0.851036 0.525997 0.821647 0.566448 0.806478 0.555427
2 0.855214 0.525997 0.870383 0.514976 0.899772 0.555427 0.884603 0.566448
2 0.861135 0.520643 0.877841 0.512131 0.900541 0.556681 0.883834 0.565194
2 0.867820 0.516282 0.885653 0.510488 0.901104 0.558040 0.883271 0.563835
2 0.875106 0.513020 0.893625 0.510087 0.901447 0.559471 0.882928 0.562404
2 0.882812 0.510938 0.901563 0.510938 0.901563 0.560937 0.882812 0.560937
2 0.890750 0.510087 0.909269 0.513020 0.901447 0.562404 0.882928 0.559471
2 0.898722 0.510488 0.916555 0.516282 0.901104 0.563835 0.883271 0.558040
2 0.906534 0.512131 0.923240 0.520643 0.900541 0.565194 0.883834 0.556681
2 0.913992 0.514976 0.929161 0.525997 0.899772 0.566448 0.884603 0.555427
2 0.034901 0.604122 0.050070 0.593101 0.079460 0.633552 0.064290 0.644573
2 0.040822 0.598768 0.057529 0.590256 0.080228 0.634806 0.063522 0.643319
2 0.047508 0.594407 0.065340 0.588613 0.080791 0.636165 0.062959 0.641960
2 0.054794 0.591145 0.073313 0.588212 0.081135 0.637596 0.062615 0.640529
2 0.062500 0.589063 0.081250 0.589063 0.081250 0.639062 0.062500 0.639062
2 0.070437 0.588212 0.088956 0.591145 0.081135 0.640529 0.062615 0.637596
2 0.078410 0.588613 0.096242 0.594407 0.080791 0.641960 0.062959 0.636165
2 0.086221 0.590256 0.102928 0.598768 0.080228 0.643319 0.063522 0.634806
2 0.093680 0.593101 0.108849 0.604122 0.079460 0.644573 0.064290 0.633552
2 0.113026 0.604122 0.128195 0.593101 0.157585 0.633552 0.142415 0.644573
2 0.118947 0.598768 0.135654 0.590256 0.158353 0.634806 0.141647 0.643319
2 0.125633 0.594407 0.143465 0.588613 0.158916 0.636165 0.141084 0.641960
2 0.132919 0.591145 0.151438 0.588212 0.159260 0.637596 0.140740 0.640529
2 0.140625 0.589063 0.159375 0.589063 0.159375 0.639062 0.140625 0.639062
2 0.148562 0.588212 0.167081 0.591145 0.159260 0.640529 0.140740 0.637596
2 0.156535 0.588613 0.174367 0.594407 0.158916 0.641960 0.141084 0.636165
2 0.164346 0.590256 0.181053 0.598768 0.158353 0.643319 0.141647 0.634806
2 0.171805 0.593101 0.186974 0.604122 0.157585 0.644573 0.142415 0.633552
2 0.191151 0.604122 0.206320 0.593101 0.235710 0.633552 0.220540 0.644573
2 0.197072 0.598768 0.213779 0.590256 0.236478 0.634806 0.219772 0.643319
2 0.203758 0.594407 0.221590 0.588613 0.237041 0.636165 0.219209 0.641960
2 0.211044 0.591145 0.229563 0.588212 0.237385 0.637596 0.218865 0.640529
2 0.218750 0.589063 0.237500 0.589063 0.237500 0.639062 0.218750 0.639062
2 0.226687 0.588212 0.245206 0.591145 0.237385 0.640529 0.218865 0.637596
2 0.234660 0.588613 0.252492 0.594407 0.237041 0.641960 0.219209 0.636165
2 0.242471 0.590256 0.259178 0.598768 0.236478 0.643319 0.219772 0.634806
2 0.249930 0.593101 0.265099 0.604122 0.235710 0.644573 0.220540 0.633552
2 0.269276 0.604122 0.284445 0.593101 0.313835 0.633552 0.298665 0.644573
2 0.275197 0.598768 0.291904 0.590256 0.314603 0.634806 0.297897 0.643319
2 0.281883 0.594407 0.299715 0.588613 0.315166 0.636165 0.297334 0.641960
2 0.289169 0.591145 0.307688 0.588212 0.315510 0.637596 0.296990 0.640529
2 0.296875 0.589063 0.315625 0.589063 0.315625 0.639062 0.296875 0.639062
2 0.304812 0.588212 0.323331 0.591145 0.315510 0.640529 0.296990 0.637596
2 0.312785 0.588613 0.330617 0.594407 0.315166 0.641960 0.297334 0.636165
2 0.320596 0.590256 0.337303 0.598768 0.314603 0.643319 0.297897 0.634806
2 0.328055 0.593101 0.343224 0.604122 0.313835 0.644573 0.298665 0.633552
2 0.347401 0.604122 0.362570 0.593101 0.391960 0.633552 0.376790 0.644573
2 0.353322 0.598768 0.370029 0.590256 0.392728 0.634806 0.376022 0.643319
2 0.360008 0.594407 0.377840 0.588613 0.393291 0.636165 0.375459 0.641960
2 0.367294 0.591145 0.385813 0.588212 0.393635 0.637596 0.375115 0.640529
2 0.375000 0.589063 0.393750 0.589063 0.393750 0.639062 0.375000 0.639062
2 0.382937 0.588212 0.401456 0.591145 0.393635 0.640529 0.375115 0.637596
2 0.390910 0.588613 0.408742 0.594407 0.393291 0.641960 0.375459 0.636165
2 0.398721 0.590256 0.415428 0.598768 0.392728 0.643319 0.376022 0.634806
2 0.406180 0.593101 0.421349 0.604122 0.391960 0.644573 0.376790 0.633552
2 0.425526 0.604122 0.440695 0.593101 0.470085 0.633552 0.454915 0.644573
2 0.431447 0.598768 0.448154 0.590256 0.470853 0.634806 0.454147 0.643319
2 0.438133 0.594407 0.455965 0.588613 0.471416 0.636165 0.453584 0.641960
2 0.445419 0.591145 0.463938 0.588212 0.471760 0.637596 0.453240 0.640529
2 0.453125 0.589063 0.471875 0.589063 0.471875 0.639062 0.453125 0.639062
2 0.461062 0.588212 0.479581 0.591145 0.471760 0.640529 0.453240 0.637596
2 0.469035 0.588613 0.486867 0.594407 0.471416 0.641960 0.453584 0.636165
2 0.476846 0.590256 0.493553 0.598768 0.470853 0.643319 0.454147 0.634806
2 0.484305 0.593101 0.499474 0.604122 0.470085 0.644573 0.454915 0.633552
2 0.503651 0.604122 0.518820 0.593101 0.548210 0.633552 0.533040 0.644573
2 0.509572 0.598768 0.526279 0.590256 0.548978 0.634806 0.532272 0.643319
2 0.516258 0.594407 0.534090 0.588613 0.549541 0.636165 0.531709 0.641960
2 0.523544 0.591145 0.542063 0.588212 0.549885 0.637596 0.531365 0.640529
2 0.531250 0.589063 0.550000 0.589063 0.550000 0.639062 0.531250 0.639062
2 0.539187 0.588212 0.557706 0.591145 0.549885 0.640529 0.531365 0.637596
2 0.547160 0.588613 0.564992 0.594407 0.549541 0.641960 0.531709 0.636165
2 0.554971 0.590256 0.571678 0.598768 0.548978 0.643319 0.532272 0.634806
2 0.562430 0.593101 0.577599 0.604122 0.548210 0.644573 0.533040 0.633552
2 0.581776 0.604122 0.596945 0.593101 0.626335 0.633552 0.611165 0.644573
2 0.587697 0.598768 0.604404 0.590256 0.627103 0.634806 0.610397 0.643319
2 0.594383 0.594407 0.612215 0.588613 0.627666 0.636165 0.609834 0.641960
2 0.601669 0.591145 0.620188 0.588212 0.628010 0.637596 0.609490 0.640529
2 0.609375 0.589063 0.628125 0.589063 0.628125 0.639062 0.609375 0.639062
2 0.617312 0.588212 0.635831 0.591145 0.628010 0.640529 0.609490 0.637596
2 0.625285 0.588613 0.643117 0.594407 0.627666 0.641960 0.609834 0.636165
2 0.633096 0.590256 0.649803 0.598768 0.627103 0.643319 0.610397 0.634806
2 0.640555 0.593101 0.655724 0.604122 0.626335 0.644573 0.611165 0.633552
2 0.659901 0.604122 0.675070 0.593101 0.704460 0.633552 0.689290 0.644573
2 0.665822 0.598768 0.682529 0.590256 0.705228 0.634806 0.688522 0.643319
2 0.672508 0.594407 0.690340 0.588613 0.705791 0.636165 0.687959 0.641960
2 0.679794 0.591145 0.698313 0.588212 0.706135 0.637596 0.687615 0.640529
2 0.687500 0.589063 0.706250 0.589063 0.706250 0.639062 0.687500 0.639062
2 0.695437 0.588212 0.713956 0.591145 0.706135 0.640529 0.687615 0.637596
2 0.703410 0.588613 0.721242 0.594407 0.705791 0.641960 0.687959 0.636165
2 0.711221 0.590256 0.727928 0.598768 0.705228 0.643319 0.688522 0.634806
2 0.718680 0.593101 0.733849 0.604122 0.704460 0.644573 0.689290 0.633552
2 0.738026 0.604122 0.753195 0.593101 0.782585 0.633552 0.767415 0.644573
2 0.743947 0.598768 0.760654 0.590256 0.783353 0.634806 0.766647 0.643319
2 0.750633 0.594407 0.768465 0.588613 0.783916 0.636165 0.766084 0.641960
2 0.757919 0.591145 0.776438 0.588212 0.784260 0.637596 0.765740 0.640529
2 0.765625 0.589063 0.784375 0.589063 0.784375 0.639062 0.765625 0.639062
2 0.773562 0.588212 0.792081 0.591145 0.784260 0.640529 0.765740 0.637596
2 0.781535 0.588613 0.799367 0.594407 0.783916 0.641960 0.766084 0.636165
2 0.789346 0.590256 0.806053 0.598768 0.783353 0.643319 0.766647 0.634806
2 0.796805 0.593101 0.811974 0.604122 0.782585 0.644573 0.767415 0.633552
2 0.816151 0.604122 0.831320 0.593101 0.860710 0.633552 0.845540 0.644573
2 0.822072 0.598768 0.838779 0.590256 0.861478 0.634806 0.844772 0.643319
2 0.828758 0.594407 0.846590 0.588613 0.862041 0.636165 0.844209 0.641960
2 0.836044 0.591145 0.854563 0.588212 0.862385 0.637596 0.843865 0.640529
2 0.843750 0.589063 0.862500 0.589063 0.862500 0.639062 0.843750 0.639062
2 0.851687 0.588212 0.870206 0.591145 0.862385 0.640529 0.843865 0.637596
2 0.859660 0.588613 0.877492 0.594407 0.862041 0.641960 0.844209 0.636165
2 0.867471 0.590256 0.884178 0.598768 0.861478 0.643319 0.844772 0.634806
2 0.874930 0.593101 0.890099 0.604122 0.860710 0.644573 0.845540 0.633552
2 0.894276 0.604122 0.909445 0.593101 0.938835 0.633552 0.923665 0.644573
2 0.900197 0.598768 0.916904 0.590256 0.939603 0.634806 0.922897 0.643319
2 0.906883 0.594407 0.924715 0.588613 0.940166 0.636165 0.922334 0.641960
2 0.914169 0.591145 0.932688 0.588212 0.940510 0.637596 0.921990 0.640529
2 0.921875 0.589063 0.940625 0.589063 0.940625 0.639062 0.921875 0.639062
2 0.929812 0.588212 0.948331 0.591145 0.940510 0.640529 0.921990 0.637596
2 0.937785 0.588613 0.955617 0.594407 0.940166 0.641960 0.922334 0.636165
2 0.945596 0.590256 0.962303 0.598768 0.939603 0.643319 0.922897 0.634806
2 0.953055 0.593101 0.968224 0.604122 0.938835 0.644573 0.923665 0.633552
2 0.001760 0.676893 0.018466 0.668381 0.041166 0.712931 0.024459 0.721444
2 0.008445 0.672532 0.026278 0.666738 0.041729 0.714290 0.023896 0.720085
2 0.015731 0.669270 0.034250 0.666337 0.042072 0.715721 0.023553 0.718654
2 0.023438 0.667188 0.042188 0.667188 0.042188 0.717187 0.023438 0.717187
2 0.031375 0.666337 0.049894 0.669270 0.042072 0.718654 0.023553 0.715721
2 0.039347 0.666738 0.057180 0.672532 0.041729 0.720085 0.023896 0.714290
2 0.047159 0.668381 0.063865 0.676893 0.041166 0.721444 0.024459 0.712931
2 0.054617 0.671226 0.069786 0.682247 0.040397 0.722698 0.025228 0.711677
2 0.073964 0.682247 0.089133 0.671226 0.118522 0.711677 0.103353 0.722698
2 0.079885 0.676893 0.096591 0.668381 0.119291 0.712931 0.102584 0.721444
2 0.086570 0.672532 0.104403 0.666738 0.119854 0.714290 0.102021 0.720085
2 0.093856 0.669270 0.112375 0.666337 0.120197 0.715721 0.101678 0.718654
2 0.101562 0.667188 0.120313 0.667188 0.120313 0.717187 0.101562 0.717187
2 0.109500 0.666337 0.128019 0.669270 0.120197 0.718654 0.101678 0.715721
2 0.117472 0.666738 0.135305 0.672532 0.119854 0.720085 0.102021 0.714290
2 0.125284 0.668381 0.141990 0.676893 0.119291 0.721444 0.102584 0.712931
2 0.132742 0.671226 0.147911 0.682247 0.118522 0.722698 0.103353 0.711677
2 0.152089 0.682247 0.167258 0.671226 0.196647 0.711677 0.181478 0.722698
2 0.158010 0.676893 0.174716 0.668381 0.197416 0.712931 0.180709 0.721444
2 0.164695 0.672532 0.182528 0.666738 0.197979 0.714290 0.180146 0.720085
2 0.171981 0.669270 0.190500 0.666337 0.198322 0.715721 0.179803 0.718654
2 0.179688 0.667188 0.198437 0.667188 0.198437 0.717187 0.179688 0.717187
2 0.187625 0.666337 0.206144 0.669270 0.198322 0.718654 0.179803 0.715721
2 0.195597 0.666738 0.213430 0.672532 0.197979 0.720085 0.180146 0.714290
2 0.203409 0.668381 0.220115 0.676893 0.197416 0.721444 0.180709 0.712931
2 0.210867 0.671226 0.226036 0.682247 0.196647 0.722698 0.181478 0.711677
2 0.230214 0.682247 0.245383 0.671226 0.274772 0.711677 0.259603 0.722698
2 0.236135 0.676893 0.252841 0.668381 0.275541 0.712931 0.258834 0.721444
2 0.242820 0.672532 0.260653 0.666738 0.276104 0.714290 0.258271 0.720085
2 0.250106 0.669270 0.268625 0.666337 0.276447 0.715721 0.257928 0.718654
2 0.257812 0.667188 0.276562 0.667188 0.276562 0.717187 0.257812 0.717187
2 0.265750 0.666337 0.284269 0.669270 0.276447 0.718654 0.257928 0.715721
2 0.273722 0.666738 0.291555 0.672532 0.276104 0.720085 0.258271 0.714290
2 0.281534 0.668381 0.298240 0.676893 0.275541 0.721444 0.258834 0.712931
2 0.288992 0.671226 0.304161 0.682247 0.274772 0.722698 0.259603 0.711677
2 0.308339 0.682247 0.323508 0.671226 0.352897 0.711677 0.337728 0.722698
2 0.314260 0.676893 0.330966 0.668381 0.353666 0.712931 0.336959 0.721444
2 0.320945 0.672532 0.338778 0.666738 0.354229 0.714290 0.336396 0.720085
2 0.328231 0.669270 0.346750 0.666337 0.354572 0.715721 0.336053 0.718654
2 0.335938 0.667188 0.354687 0.667188 0.354687 0.717187 0.335938 0.717187
2 0.343875 0.666337 0.362394 0.669270 0.354572 0.718654 0.336053 0.715721
2 0.351847 0.666738 0.369680 0.672532 0.354229 0.720085 0.336396 0.714290
2 0.359659 0.668381 0.376365 0.676893 0.353666 0.721444 0.336959 0.712931
2 0.367117 0.671226 0.382286 0.682247 0.352897 0.722698 0.337728 0.711677
2 0.386464 0.682247 0.401633 0.671226 0.431022 0.711677 0.415853 0.722698
2 0.392385 0.676893 0.409091 0.668381 0.431791 0.712931 0.415084 0.721444
2 0.399070 0.672532 0.416903 0.666738 0.432354 0.714290 0.414521 0.720085
2 0.406356 0.669270 0.424875 0.666337 0.432697 0.715721 0.414178 0.718654
2 0.414062 0.667188 0.432812 0.667188 0.432812 0.717187 0.414062 0.717187
2 0.422000 0.666337 0.440519 0.669270 0.432697 0.718654 0.414178 0.715721
2 0.429972 0.666738 0.447805 0.672532 0.432354 0.720085 0.414521 0.714290
2 0.437784 0.668381 0.454490 0.676893 0.431791 0.721444 0.415084 0.712931
2 0.445242 0.671226 0.460411 0.682247 0.431022 0.722698 0.415853 0.711677
2 0.464589 0.682247 0.479758 0.671226 0.509147 0.711677 0.493978 0.722698
2 0.470510 0.676893 0.487216 0.668381 0.509916 0.712931 0.493209 0.721444
2 0.477195 0.672532 0.495028 0.666738 0.510479 0.714290 0.492646 0.720085
2 0.484481 0.669270 0.503000 0.666337 0.510822 0.715721 0.492303 0.718654
2 0.492188 0.667188 0.510938 0.667188 0.510938 0.717187 0.492188 0.717187
2 0.500125 0.666337 0.518644 0.669270 0.510822 0.718654 0.492303 0.715721
2 0.508097 0.666738 0.525930 0.672532 0.510479 0.720085 0.492646 0.714290
2 0.515909 0.668381 0.532615 0.676893 0.509916 0.721444 0.493209 0.712931
2 0.523367 0.671226 0.538536 0.682247 0.509147 0.722698 0.493978 0.711677
2 0.542714 0.682247 0.557883 0.671226 0.587272 0.711677 0.572103 0.722698
2 0.548635 0.676893 0.565341 0.668381 0.588041 0.712931 0.571334 0.721444
2 0.555320 0.672532 0.573153 0.666738 0.588604 0.714290 0.570771 0.720085
2 0.562606 0.669270 0.581125 0.666337 0.588947 0.715721 0.570428 0.718654
2 0.570312 0.667188 0.589063 0.667188 0.589063 0.717187 0.570312 0.717187
2 0.578250 0.666337 0.596769 0.669270 0.588947 0.718654 0.570428 0.715721
2 0.586222 0.666738 0.604055 0.672532 0.588604 0.720085 0.570771 0.714290
2 0.594034 0.668381 0.610740 0.676893 0.588041 0.721444 0.571334 0.712931
2 0.601492 0.671226 0.616661 0.682247 0.587272 0.722698 0.572103 0.711677
2 0.620839 0.682247 0.636008 0.671226 0.665397 0.711677 0.650228 0.722698
2 0.626760 0.676893 0.643466 0.668381 0.666166 0.712931 0.649459 0.721444
2 0.633445 0.672532 0.651278 0.666738 0.666729 0.714290 0.648896 0.720085
2 0.640731 0.669270 0.659250 0.666337 0.667072 0.715721 0.648553 0.718654
2 0.648438 0.667188 0.667188 0.667188 0.667188 0.717187 0.648438 0.717187
2 0.656375 0.666337 0.674894 0.669270 0.667072 0.718654 0.648553 0.715721
2 0.664347 0.666738 0.682180 0.672532 0.666729 0.720085 0.648896 0.714290
2 0.672159 0.668381 0.688865 0.676893 0.666166 0.721444 0.649459 0.712931
2 0.679617 0.671226 0.694786 0.682247 0.665397 0.722698 0.650228 0.711677
2 0.698964 0.682247 0.714133 0.671226 0.743522 0.711677 0.728353 0.722698
2 0.704885 0.676893 0.721591 0.668381 0.744291 0.712931 0.727584 0.721444
2 0.711570 0.672532 0.729403 0.666738 0.744854 0.714290 0.727021 0.720085
2 0.718856 0.669270 0.737375 0.666337 0.745197 0.715721 0.726678 0.718654
2 0.726562 0.667188 0.745313 0.667188 0.745313 0.717187 0.726562 0.717187
2 0.734500 0.666337 0.753019 0.669270 0.745197 0.718654 0.726678 0.715721
2 0.742472 0.666738 0.760305 0.672532 0.744854 0.720085 0.727021 0.714290
2 0.750284 0.668381 0.766990 0.676893 0.744291 0.721444 0.727584 0.712931
2 0.757742 0.671226 0.772911 0.682247 0.743522 0.722698 0.728353 0.711677
2 0.777089 0.682247 0.792258 0.671226 0.821647 0.711677 0.806478 0.722698
2 0.783010 0.676893 0.799716 0.668381 0.822416 0.712931 0.805709 0.721444
2 0.789695 0.672532 0.807528 0.666738 0.822979 0.714290 0.805146 0.720085
2 0.796981 0.669270 0.815500 0.666337 0.823322 0.715721 0.804803 0.718654
2 0.804688 0.667188 0.823438 0.667188 0.823438 0.717187 0.804688 0.717187
2 0.812625 0.666337 0.831144 0.669270 0.823322 0.718654 0.804803 0.715721
2 0.820597 0.666738 0.838430 0.672532 0.822979 0.720085 0.805146 0.714290
2 0.828409 0.668381 0.845115 0.676893 0.822416 0.721444 0.805709 0.712931
2 0.835867 0.671226 0.851036 0.682247 0.821647 0.722698 0.806478 0.711677
2 0.855214 0.682247 0.870383 0.671226 0.899772 0.711677 0.884603 0.722698
2 0.861135 0.676893 0.877841 0.668381 0.900541 0.712931 0.883834 0.721444
2 0.867820 0.672532 0.885653 0.666738 0.901104 0.714290 0.883271 0.720085
2 0.875106 0.669270 0.893625 0.666337 0.901447 0.715721 0.882928 0.718654
2 0.882812 0.667188 0.901563 0.667188 0.901563 0.717187 0.882812 0.717187
2 0.890750 0.666337 0.909269 0.669270 0.901447 0.718654 0.882928 0.715721
2 0.898722 0.666738 0.916555 0.672532 0.901104 0.720085 0.883271 0.714290
2 0.906534 0.668381 0.923240 0.676893 0.900541 0.721444 0.883834 0.712931
2 0.913992 0.671226 0.929161 0.682247 0.899772 0.722698 0.884603 0.711677
2 0.034901 0.760372 0.050070 0.749351 0.079460 0.789802 0.064290 0.800823
2 0.040822 0.755018 0.057529 0.746506 0.080228 0.791056 0.063522 0.799569
2 0.047508 0.750657 0.065340 0.744863 0.080791 0.792415 0.062959 0.798210
2 0.054794 0.747395 0.073313 0.744462 0.081135 0.793846 0.062615 0.796779
2 0.062500 0.745313 0.081250 0.745313 0.081250 0.795312 0.062500 0.795312
2 0.070437 0.744462 0.088956 0.747395 0.081135 0.796779 0.062615 0.793846
2 0.078410 0.744863 0.096242 0.750657 0.080791 0.798210 0.062959 0.792415
2 0.086221 0.746506 0.102928 0.755018 0.080228 0.799569 0.063522 0.791056
2 0.093680 0.749351 0.108849 0.760372 0.079460 0.800823 0.064290 0.789802
2 0.113026 0.760372 0.128195 0.749351 0.157585 0.789802 0.142415 0.800823
2 0.118947 0.755018 0.135654 0.746506 0.158353 0.791056 0.141647 0.799569
2 0.125633 0.750657 0.143465 0.744863 0.158916 0.792415 0.141084 0.798210
2 0.132919 0.747395 0.151438 0.744462 0.159260 0.793846 0.140740 0.796779
2 0.140625 0.745313 0.159375 0.745313 0.159375 0.795312 0.140625 0.795312
2 0.148562 0.744462 0.167081 0.747395 0.159260 0.796779 0.140740 0.793846
2 0.156535 0.744863 0.174367 0.750657 0.158916 0.798210 0.141084 0.792415
2 0.164346 0.746506 0.181053 0.755018 0.158353 0.799569 0.141647 0.791056
2 0.171805 0.749351 0.186974 0.760372 0.157585 0.800823 0.142415 0.789802
2 0.191151 0.760372 0.206320 0.749351 0.235710 0.789802 0.220540 0.800823
2 0.197072 0.755018 0.213779 0.746506 0.236478 0.791056 0.219772 0.799569
2 0.203758 0.750657 0.221590 0.744863 0.237041 0.792415 0.219209 0.798210
2 0.211044 0.747395 0.229563 0.744462 0.237385 0.793846 0.218865 0.796779
2 0.218750 0.745313 0.237500 0.745313 0.237500 0.795312 0.218750 0.795312
2 0.226687 0.744462 0.245206 0.747395 0.237385 0.796779 0.218865 0.793846
2 0.234660 0.744863 0.252492 0.750657 0.237041 0.798210 0.219209 0.792415
2 0.242471 0.746506 0.259178 0.755018 0.236478 0.799569 0.219772 0.791056
2 0.249930 0.749351 0.265099 0.760372 0.235710 0.800823 0.220540 0.789802
2 0.269276 0.760372 0.284445 0.749351 0.313835 0.789802 0.298665 0.800823
2 0.275197 0.755018 0.291904 0.746506 0.314603 0.791056 0.297897 0.799569
2 0.281883 0.750657 0.299715 0.744863 0.315166 0.792415 0.297334 0.798210
2 0.289169 0.747395 0.307688 0.744462 0.315510 0.793846 0.296990 0.796779
2 0.296875 0.745313 0.315625 0.745313 0.315625 0.795312 0.296875 0.795312
2 0.304812 0.744462 0.323331 0.747395 0.315510 0.796779 0.296990 0.793846
2 0.312785 0.744863 0.330617 0.750657 0.315166 0.798210 0.297334 0.792415
2 0.320596 0.746506 0.337303 0.755018 0.314603 0.799569 0.297897 0.791056
2 0.328055 0.749351 0.343224 0.760372 0.313835 0.800823 0.298665 0.789802
2 0.347401 0.760372 0.362570 0.749351 0.391960 0.789802 0.376790 0.800823
2 0.353322 0.755018 0.370029 0.746506 0.392728 0.791056 0.376022 0.799569
2 0.360008 0.750657 0.377840 0.744863 0.393291 0.792415 0.375459 0.798210
2 0.367294 0.747395 0.385813 0.744462 0.393635 0.793846 0.375115 0.796779
2 0.375000 0.745313 0.393750 0.745313 0.393750 0.795312 0.375000 0.795312
2 0.382937 0.744462 0.401456 0.747395 0.393635 0.796779 0.375115 0.793846
2 0.390910 0.744863 0.408742 0.750657 0.393291 0.798210 0.375459 0.792415
2 0.398721 0.746506 0.415428 0.755018 0.392728 0.799569 0.376022 0.791056
2 0.406180 0.749351 0.421349 0.760372 0.391960 0.800823 0.376790 0.789802
2 0.425526 0.760372 0.440695 0.749351 0.470085 0.789802 0.454915 0.800823
2 0.431447 0.755018 0.448154 0.746506 0.470853 0.791056 0.454147 0.799569
2 0.438133 0.750657 0.455965 0.744863 0.471416 0.792415 0.453584 0.798210
2 0.445419 0.747395 0.463938 0.744462 0.471760 0.793846 0.453240 0.796779
2 0.453125 0.745313 0.471875 0.745313 0.471875 0.795312 0.453125 0.795312
2 0.461062 0.744462 0.479581 0.747395 0.471760 0.796779 0.453240 0.793846
2 0.469035 0.744863 0.486867 0.750657 0.471416 0.798210 0.453584 0.792415
2 0.476846 0.746506 0.493553 0.755018 0.470853 0.799569 0.454147 0.791056
2 0.484305 0.749351 0.499474 0.760372 0.470085 0.800823 0.454915 0.789802
2 0.503651 0.760372 0.518820 0.749351 0.548210 0.789802 0.533040 0.800823
2 0.509572 0.755018 0.526279 0.746506 0.548978 0.791056 0.532272 0.799569
2 0.516258 0.750657 0.534090 0.744863 0.549541 0.792415 0.531709 0.798210
2 0.523544 0.747395 0.542063 0.744462 0.549885 0.793846 0.531365 0.796779
2 0.531250 0.745313 0.550000 0.745313 0.550000 0.795312 0.531250 0.795312
2 0.539187 0.744462 0.557706 0.747395 0.549885 0.796779 0.531365 0.793846
2 0.547160 0.744863 0.564992 0.750657 0.549541 0.798210 0.531709 0.792415
2 0.554971 0.746506 0.571678 0.755018 0.548978 0.799569 0.532272 0.791056
2 0.562430 0.749351 0.577599 0.760372 0.548210 0.800823 0.533040 0.789802
2 0.581776 0.760372 0.596945 0.749351 0.626335 0.789802 0.611165 0.800823
2 0.587697 0.755018 0.604404 0.746506 0.627103 0.791056 0.610397 0.799569
2 0.594383 0.750657 0.612215 0.744863 0.627666 0.792415 0.609834 0.798210
2 0.601669 0.747395 0.620188 0.744462 0.628010 0.793846 0.609490 0.796779
2 0.609375 0.745313 0.628125 0.745313 0.628125 0.795312 0.609375 0.795312
2 0.617312 0.744462 0.635831 0.747395 0.628010 0.796779 0.609490 0.793846
2 0.625285 0.744863 0.643117 0.750657 0.627666 0.798210 0.609834 0.792415
2 0.633096 0.746506 0.649803 0.755018 0.627103 0.799569 0.610397 0.791056
2 0.640555 0.749351 0.655724 0.760372 0.626335 0.800823 0.611165 0.789802
2 0.659901 0.760372 0.675070 0.749351 0.704460 0.789802 0.689290 0.800823
2 0.665822 0.755018 0.682529 0.746506 0.705228 0.791056 0.688522 0.799569
2 0.672508 0.750657 0.690340 0.744863 0.705791 0.792415 0.687959 0.798210
2 0.679794 0.747395 0.698313 0.744462 0.706135 0.793846 0.687615 0.796779
2 0.687500 0.745313 0.706250 0.745313 0.706250 0.795312 0.687500 0.795312
2 0.695437 0.744462 0.713956 0.747395 0.706135 0.796779 0.687615 0.793846
2 0.703410 0.744863 0.721242 0.750657 0.705791 0.798210 0.687959 0.792415
2 0.711221 0.746506 0.727928 0.755018 0.705228 0.799569 0.688522 0.791056
2 0.718680 0.749351 0.733849 0.760372 0.704460 0.800823 0.689290 0.789802
2 0.738026 0.760372 0.753195 0.749351 0.782585 0.789802 0.767415 0.800823
2 0.743947 0.755018 0.760654 0.746506 0.783353 0.791056 0.766647 0.799569
2 0.750633 0.750657 0.768465 0.744863 0.783916 0.792415 0.766084 0.798210
2 0.757919 0.747395 0.776438 0.744462 0.784260 0.793846 0.765740 0.796779
2 0.765625 0.745313 0.784375 0.745313 0.784375 0.795312 0.765625 0.795312
2 0.773562 0.744462 0.792081 0.747395 0.784260 0.796779 0.765740 0.793846
2 0.781535 0.744863 0.799367 0.750657 0.783916 0.798210 0.766084 0.792415
2 0.789346 0.746506 0.806053 0.755018 0.783353 0.799569 0.766647 0.791056
2 0.796805 0.749351 0.811974 0.760372 0.782585 0.800823 0.767415 0.789802
2 0.816151 0.760372 0.831320 0.749351 0.860710 0.789802 0.845540 0.800823
2 0.822072 0.755018 0.838779 0.746506 0.861478 0.791056 0.844772 0.799569
2 0.828758 0.750657 0.846590 0.744863 0.862041 0.792415 0.844209 0.798210
2 0.836044 0.747395 0.854563 0.744462 0.862385 0.793846 0.843865 0.796779
2 0.843750 0.745313 0.862500 0.745313 0.862500 0.795312 0.843750 0.795312
2 0.851687 0.744462 0.870206 0.747395 0.862385 0.796779 0.843865 0.793846
2 0.859660 0.744863 0.877492 0.750657 0.862041 0.798210 0.844209 0.792415
2 0.867471 0.746506 0.884178 0.755018 0.861478 0.799569 0.844772 0.791056
2 0.874930 0.749351 0.890099 0.760372 0.860710 0.800823 0.845540 0.789802
2 0.894276 0.760372 0.909445 0.749351 0.938835 0.789802 0.923665 0.800823
2 0.900197 0.755018 0.916904 0.746506 0.939603 0.791056 0.922897 0.799569
2 0.906883 0.750657 0.924715 0.744863 0.940166 0.792415 0.922334 0.798210
2 0.914169 0.747395 0.932688 0.744462 0.940510 0.793846 0.921990 0.796779
2 0.921875 0.745313 0.940625 0.745313 0.940625 0.795312 0.921875 0.795312
2 0.929812 0.744462 0.948331 0.747395 0.940510 0.796779 0.921990 0.793846
2 0.937785 0.744863 0.955617 0.750657 0.940166 0.798210 0.922334 0.792415
2 0.945596 0.746506 0.962303 0.755018 0.939603 0.799569 0.922897 0.791056
2 0.953055 0.749351 0.968224 0.760372 0.938835 0.800823 0.923665 0.789802