3 0.051562 0.057813 0.117188 0.057813 0.117188 0.170313 0.051562 0.170313
3 0.118750 0.064062 0.184375 0.064062 0.184375 0.176563 0.118750 0.176563
3 0.182812 0.062500 0.248438 0.062500 0.248438 0.175000 0.182812 0.175000
3 0.245312 0.057813 0.310937 0.057813 0.310937 0.170313 0.245312 0.170313
3 0.307812 0.062500 0.373437 0.062500 0.373437 0.175000 0.307812 0.175000
3 0.365625 0.059375 0.431250 0.059375 0.431250 0.171875 0.365625 0.171875
3 0.431250 0.059375 0.496875 0.059375 0.496875 0.171875 0.431250 0.171875
3 0.495312 0.057813 0.560937 0.057813 0.560937 0.170313 0.495312 0.170313
3 0.557813 0.059375 0.623437 0.059375 0.623437 0.171875 0.557813 0.171875
3 0.620313 0.062500 0.685937 0.062500 0.685937 0.175000 0.620313 0.175000
3 0.682813 0.064062 0.748437 0.064062 0.748437 0.176563 0.682813 0.176563
3 0.745313 0.060937 0.810937 0.060937 0.810937 0.173437 0.745313 0.173437
3 0.807813 0.059375 0.873437 0.059375 0.873437 0.171875 0.807813 0.171875
3 0.864062 0.060937 0.929688 0.060937 0.929688 0.173437 0.864062 0.173437
2 0.067969 0.092969 0.178906 0.092969 0.178906 0.357031 0.067969 0.357031
2 0.175781 0.092969 0.286719 0.092969 0.286719 0.357031 0.175781 0.357031
2 0.274219 0.096094 0.385156 0.096094 0.385156 0.360156 0.274219 0.360156
2 0.374219 0.096094 0.485156 0.096094 0.485156 0.360156 0.374219 0.360156
2 0.477344 0.086719 0.588281 0.086719 0.588281 0.350781 0.477344 0.350781
2 0.577344 0.094531 0.688281 0.094531 0.688281 0.358594 0.577344 0.358594
2 0.683594 0.094531 0.794531 0.094531 0.794531 0.358594 0.683594 0.358594
2 0.785156 0.088281 0.896094 0.088281 0.896094 0.352344 0.785156 0.352344
1 0.017969 0.445312 0.032031 0.445312 0.032031 0.460938 0.017969 0.460938
1 0.028906 0.448437 0.042969 0.448437 0.042969 0.464062 0.028906 0.464062
1 0.041406 0.445312 0.055469 0.445312 0.055469 0.460938 0.041406 0.460938
1 0.053906 0.443750 0.067969 0.443750 0.067969 0.459375 0.053906 0.459375
1 0.066406 0.448437 0.080469 0.448437 0.080469 0.464062 0.066406 0.464062
1 0.078906 0.446875 0.092969 0.446875 0.092969 0.462500 0.078906 0.462500
1 0.089844 0.445312 0.103906 0.445312 0.103906 0.460938 0.089844 0.460938
1 0.107031 0.440625 0.121094 0.440625 0.121094 0.456250 0.107031 0.456250
1 0.119531 0.440625 0.133594 0.440625 0.133594 0.456250 0.119531 0.456250
1 0.127344 0.442188 0.141406 0.442188 0.141406 0.457813 0.127344 0.457813
1 0.144531 0.446875 0.158594 0.446875 0.158594 0.462500 0.144531 0.462500
1 0.157031 0.445312 0.171094 0.445312 0.171094 0.460938 0.157031 0.460938
1 0.167969 0.442188 0.182031 0.442188 0.182031 0.457813 0.167969 0.457813
1 0.183594 0.440625 0.197656 0.440625 0.197656 0.456250 0.183594 0.456250
1 0.192969 0.448437 0.207031 0.448437 0.207031 0.464062 0.192969 0.464062
1 0.203906 0.443750 0.217969 0.443750 0.217969 0.459375 0.203906 0.459375
1 0.221094 0.445312 0.235156 0.445312 0.235156 0.460938 0.221094 0.460938
1 0.230469 0.440625 0.244531 0.440625 0.244531 0.456250 0.230469 0.456250
1 0.242969 0.448437 0.257031 0.448437 0.257031 0.464062 0.242969 0.464062
1 0.258594 0.443750 0.272656 0.443750 0.272656 0.459375 0.258594 0.459375
1 0.271094 0.448437 0.285156 0.448437 0.285156 0.464062 0.271094 0.464062
1 0.278906 0.446875 0.292969 0.446875 0.292969 0.462500 0.278906 0.462500
1 0.289844 0.446875 0.303906 0.446875 0.303906 0.462500 0.289844 0.462500
1 0.303906 0.450000 0.317969 0.450000 0.317969 0.465625 0.303906 0.465625
1 0.314844 0.440625 0.328906 0.440625 0.328906 0.456250 0.314844 0.456250
3 0.046094 0.408594 0.119531 0.408594 0.119531 0.535156 0.046094 0.535156
3 0.108594 0.405469 0.182031 0.405469 0.182031 0.532031 0.108594 0.532031
3 0.164844 0.403906 0.238281 0.403906 0.238281 0.530469 0.164844 0.530469
3 0.222656 0.408594 0.296094 0.408594 0.296094 0.535156 0.222656 0.535156
3 0.288281 0.402344 0.361719 0.402344 0.361719 0.528906 0.288281 0.528906
3 0.347656 0.405469 0.421094 0.405469 0.421094 0.532031 0.347656 0.532031
3 0.405469 0.408594 0.478906 0.408594 0.478906 0.535156 0.405469 0.535156
3 0.460156 0.402344 0.533594 0.402344 0.533594 0.528906 0.460156 0.528906
3 0.522656 0.400781 0.596094 0.400781 0.596094 0.527344 0.522656 0.527344
3 0.580469 0.405469 0.653906 0.405469 0.653906 0.532031 0.580469 0.532031
3 0.642969 0.408594 0.716406 0.408594 0.716406 0.535156 0.642969 0.535156
3 0.699219 0.408594 0.772656 0.408594 0.772656 0.535156 0.699219 0.535156
3 0.758594 0.402344 0.832031 0.402344 0.832031 0.528906 0.758594 0.528906
3 0.817969 0.408594 0.891406 0.408594 0.891406 0.535156 0.817969 0.535156
3 0.880469 0.405469 0.953906 0.405469 0.953906 0.532031 0.880469 0.532031
2 0.072656 0.426563 0.196094 0.426563 0.196094 0.754687 0.072656 0.754687
2 0.178906 0.431250 0.302344 0.431250 0.302344 0.759375 0.178906 0.759375
2 0.288281 0.429688 0.411719 0.429688 0.411719 0.757812 0.288281 0.757812
2 0.392969 0.432812 0.516406 0.432812 0.516406 0.760938 0.392969 0.760938
2 0.505469 0.428125 0.628906 0.428125 0.628906 0.756250 0.505469 0.756250
2 0.610156 0.431250 0.733594 0.431250 0.733594 0.759375 0.610156 0.759375
2 0.714844 0.431250 0.838281 0.431250 0.838281 0.759375 0.714844 0.759375
2 0.828906 0.429688 0.952344 0.429688 0.952344 0.757812 0.828906 0.757812
1 0.048438 0.896875 0.095312 0.896875 0.095312 0.946875 0.048438 0.946875
1 0.089063 0.896875 0.135937 0.896875 0.135937 0.946875 0.089063 0.946875
1 0.137500 0.887500 0.184375 0.887500 0.184375 0.937500 0.137500 0.937500
1 0.185938 0.892188 0.232813 0.892188 0.232813 0.942187 0.185938 0.942187
1 0.231250 0.895312 0.278125 0.895312 0.278125 0.945312 0.231250 0.945312
1 0.270313 0.896875 0.317188 0.896875 0.317188 0.946875 0.270313 0.946875
1 0.318750 0.896875 0.365625 0.896875 0.365625 0.946875 0.318750 0.946875
1 0.362500 0.893750 0.409375 0.893750 0.409375 0.943750 0.362500 0.943750
1 0.410938 0.893750 0.457813 0.893750 0.457813 0.943750 0.410938 0.943750
1 0.456250 0.889062 0.503125 0.889062 0.503125 0.939063 0.456250 0.939063
1 0.503125 0.896875 0.550000 0.896875 0.550000 0.946875 0.503125 0.946875
1 0.542188 0.896875 0.589063 0.896875 0.589063 0.946875 0.542188 0.946875
1 0.587500 0.889062 0.634375 0.889062 0.634375 0.939063 0.587500 0.939063
1 0.632812 0.887500 0.679688 0.887500 0.679688 0.937500 0.632812 0.937500
1 0.681250 0.887500 0.728125 0.887500 0.728125 0.937500 0.681250 0.937500
1 0.729688 0.890625 0.776563 0.890625 0.776563 0.940625 0.729688 0.940625
1 0.770312 0.890625 0.817187 0.890625 0.817187 0.940625 0.770312 0.940625
1 0.815625 0.890625 0.862500 0.890625 0.862500 0.940625 0.815625 0.940625
1 0.865625 0.892188 0.912500 0.892188 0.912500 0.942187 0.865625 0.942187
1 0.907813 0.895312 0.954688 0.895312 0.954688 0.945312 0.907813 0.945312
3 0.007812 0.944531 0.035937 0.944531 0.035937 0.992969 0.007812 0.992969
3 0.031250 0.941406 0.059375 0.941406 0.059375 0.989844 0.031250 0.989844
3 0.053125 0.944531 0.081250 0.944531 0.081250 0.992969 0.053125 0.992969
3 0.076563 0.935156 0.104688 0.935156 0.104688 0.983594 0.076563 0.983594
3 0.095312 0.938281 0.123438 0.938281 0.123438 0.986719 0.095312 0.986719
3 0.123438 0.941406 0.151562 0.941406 0.151562 0.989844 0.123438 0.989844
3 0.143750 0.941406 0.171875 0.941406 0.171875 0.989844 0.143750 0.989844
3 0.162500 0.942969 0.190625 0.942969 0.190625 0.991406 0.162500 0.991406
3 0.184375 0.935156 0.212500 0.935156 0.212500 0.983594 0.184375 0.983594
3 0.204687 0.935156 0.232813 0.935156 0.232813 0.983594 0.204687 0.983594
3 0.229687 0.935156 0.257812 0.935156 0.257812 0.983594 0.229687 0.983594
3 0.254688 0.936719 0.282813 0.936719 0.282813 0.985156 0.254688 0.985156
3 0.276562 0.941406 0.304688 0.941406 0.304688 0.989844 0.276562 0.989844
3 0.292187 0.938281 0.320312 0.938281 0.320312 0.986719 0.292187 0.986719
3 0.317188 0.942969 0.345313 0.942969 0.345313 0.991406 0.317188 0.991406
3 0.339062 0.944531 0.367188 0.944531 0.367188 0.992969 0.339062 0.992969
3 0.357812 0.935156 0.385937 0.935156 0.385937 0.983594 0.357812 0.983594
3 0.385937 0.936719 0.414062 0.936719 0.414062 0.985156 0.385937 0.985156
3 0.404687 0.939844 0.432812 0.939844 0.432812 0.988281 0.404687 0.988281
3 0.429688 0.942969 0.457813 0.942969 0.457813 0.991406 0.429688 0.991406
3 0.450000 0.935156 0.478125 0.935156 0.478125 0.983594 0.450000 0.983594
3 0.473438 0.941406 0.501563 0.941406 0.501563 0.989844 0.473438 0.989844
3 0.490625 0.935156 0.518750 0.935156 0.518750 0.983594 0.490625 0.983594
3 0.512500 0.935156 0.540625 0.935156 0.540625 0.983594 0.512500 0.983594
3 0.535937 0.944531 0.564063 0.944531 0.564063 0.992969 0.535937 0.992969