2 0.059375 0.064844 0.071875 0.064844 0.071875 0.113281 0.059375 0.113281
2 0.073438 0.061719 0.085938 0.061719 0.085938 0.110156 0.073438 0.110156
2 0.089063 0.069531 0.101562 0.069531 0.101562 0.117969 0.089063 0.117969
2 0.100000 0.061719 0.112500 0.061719 0.112500 0.110156 0.100000 0.110156
2 0.110937 0.061719 0.123438 0.061719 0.123438 0.110156 0.110937 0.110156
2 0.126562 0.066406 0.139063 0.066406 0.139063 0.114844 0.126562 0.114844
2 0.139063 0.061719 0.151562 0.061719 0.151562 0.110156 0.139063 0.110156
2 0.148438 0.067969 0.160938 0.067969 0.160938 0.116406 0.148438 0.116406
2 0.162500 0.064844 0.175000 0.064844 0.175000 0.113281 0.162500 0.113281
2 0.175000 0.069531 0.187500 0.069531 0.187500 0.117969 0.175000 0.117969
2 0.184375 0.063281 0.196875 0.063281 0.196875 0.111719 0.184375 0.111719
2 0.200000 0.063281 0.212500 0.063281 0.212500 0.111719 0.200000 0.111719
2 0.209375 0.061719 0.221875 0.061719 0.221875 0.110156 0.209375 0.110156
2 0.220312 0.060156 0.232813 0.060156 0.232813 0.108594 0.220312 0.108594
2 0.234375 0.063281 0.246875 0.063281 0.246875 0.111719 0.234375 0.111719
2 0.251563 0.064844 0.264062 0.064844 0.264062 0.113281 0.251563 0.113281
2 0.264062 0.061719 0.276562 0.061719 0.276562 0.110156 0.264062 0.110156
2 0.275000 0.063281 0.287500 0.063281 0.287500 0.111719 0.275000 0.111719
2 0.285938 0.063281 0.298438 0.063281 0.298438 0.111719 0.285938 0.111719
2 0.300000 0.069531 0.312500 0.069531 0.312500 0.117969 0.300000 0.117969
2 0.309375 0.069531 0.321875 0.069531 0.321875 0.117969 0.309375 0.117969
2 0.325000 0.061719 0.337500 0.061719 0.337500 0.110156 0.325000 0.110156
2 0.335938 0.069531 0.348438 0.069531 0.348438 0.117969 0.335938 0.117969
2 0.348438 0.063281 0.360938 0.063281 0.360938 0.111719 0.348438 0.111719
2 0.359375 0.067969 0.371875 0.067969 0.371875 0.116406 0.359375 0.116406
1 0.039844 0.080469 0.091406 0.080469 0.091406 0.178906 0.039844 0.178906
1 0.089844 0.086719 0.141406 0.086719 0.141406 0.185156 0.089844 0.185156
1 0.132031 0.086719 0.183594 0.086719 0.183594 0.185156 0.132031 0.185156
1 0.178906 0.083594 0.230469 0.083594 0.230469 0.182031 0.178906 0.182031
1 0.230469 0.082031 0.282031 0.082031 0.282031 0.180469 0.230469 0.180469
1 0.278906 0.078906 0.330469 0.078906 0.330469 0.177344 0.278906 0.177344
1 0.324219 0.085156 0.375781 0.085156 0.375781 0.183594 0.324219 0.183594
1 0.372656 0.083594 0.424219 0.083594 0.424219 0.182031 0.372656 0.182031
1 0.413281 0.088281 0.464844 0.088281 0.464844 0.186719 0.413281 0.186719
1 0.460156 0.082031 0.511719 0.082031 0.511719 0.180469 0.460156 0.180469
1 0.508594 0.078906 0.560156 0.078906 0.560156 0.177344 0.508594 0.177344
1 0.553906 0.085156 0.605469 0.085156 0.605469 0.183594 0.553906 0.183594
1 0.605469 0.078906 0.657031 0.078906 0.657031 0.177344 0.605469 0.177344
1 0.650781 0.083594 0.702344 0.083594 0.702344 0.182031 0.650781 0.182031
1 0.700781 0.086719 0.752344 0.086719 0.752344 0.185156 0.700781 0.185156
1 0.742969 0.086719 0.794531 0.086719 0.794531 0.185156 0.742969 0.185156
1 0.791406 0.085156 0.842969 0.085156 0.842969 0.183594 0.791406 0.183594
1 0.836719 0.083594 0.888281 0.083594 0.888281 0.182031 0.836719 0.182031
1 0.882031 0.086719 0.933594 0.086719 0.933594 0.185156 0.882031 0.185156
1 0.053125 0.210156 0.081250 0.210156 0.081250 0.239844 0.053125 0.239844
1 0.079687 0.213281 0.107813 0.213281 0.107813 0.242969 0.079687 0.242969
1 0.107813 0.214844 0.135937 0.214844 0.135937 0.244531 0.107813 0.244531
1 0.129688 0.207031 0.157812 0.207031 0.157812 0.236719 0.129688 0.236719
1 0.157812 0.214844 0.185938 0.214844 0.185938 0.244531 0.157812 0.244531
1 0.182812 0.211719 0.210938 0.211719 0.210938 0.241406 0.182812 0.241406
1 0.215625 0.214844 0.243750 0.214844 0.243750 0.244531 0.215625 0.244531
1 0.242188 0.208594 0.270313 0.208594 0.270313 0.238281 0.242188 0.238281
1 0.268750 0.214844 0.296875 0.214844 0.296875 0.244531 0.268750 0.244531
1 0.295312 0.213281 0.323437 0.213281 0.323437 0.242969 0.295312 0.242969
1 0.321875 0.213281 0.350000 0.213281 0.350000 0.242969 0.321875 0.242969
1 0.346875 0.208594 0.375000 0.208594 0.375000 0.238281 0.346875 0.238281
1 0.370312 0.213281 0.398438 0.213281 0.398438 0.242969 0.370312 0.242969
1 0.396875 0.213281 0.425000 0.213281 0.425000 0.242969 0.396875 0.242969
1 0.428125 0.205469 0.456250 0.205469 0.456250 0.235156 0.428125 0.235156
1 0.454688 0.214844 0.482812 0.214844 0.482812 0.244531 0.454688 0.244531
1 0.475000 0.205469 0.503125 0.205469 0.503125 0.235156 0.475000 0.235156
1 0.506250 0.214844 0.534375 0.214844 0.534375 0.244531 0.506250 0.244531
1 0.529687 0.214844 0.557813 0.214844 0.557813 0.244531 0.529687 0.244531
1 0.557813 0.211719 0.585938 0.211719 0.585938 0.241406 0.557813 0.241406
1 0.584375 0.208594 0.612500 0.208594 0.612500 0.238281 0.584375 0.238281
1 0.607812 0.213281 0.635938 0.213281 0.635938 0.242969 0.607812 0.242969
1 0.639062 0.207031 0.667188 0.207031 0.667188 0.236719 0.639062 0.236719
1 0.664062 0.210156 0.692187 0.210156 0.692187 0.239844 0.664062 0.239844
1 0.687500 0.208594 0.715625 0.208594 0.715625 0.238281 0.687500 0.238281
2 0.035937 0.135156 0.104688 0.135156 0.104688 0.377344 0.035937 0.377344
2 0.095312 0.135156 0.164062 0.135156 0.164062 0.377344 0.095312 0.377344
2 0.148438 0.135156 0.217188 0.135156 0.217188 0.377344 0.148438 0.377344
2 0.209375 0.128906 0.278125 0.128906 0.278125 0.371094 0.209375 0.371094
2 0.268750 0.125781 0.337500 0.125781 0.337500 0.367969 0.268750 0.367969
2 0.331250 0.130469 0.400000 0.130469 0.400000 0.372656 0.331250 0.372656
2 0.385937 0.127344 0.454688 0.127344 0.454688 0.369531 0.385937 0.369531
2 0.450000 0.127344 0.518750 0.127344 0.518750 0.369531 0.450000 0.369531
2 0.509375 0.133594 0.578125 0.133594 0.578125 0.375781 0.509375 0.375781
2 0.568750 0.128906 0.637500 0.128906 0.637500 0.371094 0.568750 0.371094
2 0.626563 0.128906 0.695312 0.128906 0.695312 0.371094 0.626563 0.371094
2 0.682813 0.135156 0.751563 0.135156 0.751563 0.377344 0.682813 0.377344
2 0.743750 0.128906 0.812500 0.128906 0.812500 0.371094 0.743750 0.371094
2 0.804688 0.130469 0.873437 0.130469 0.873437 0.372656 0.804688 0.372656
2 0.860938 0.130469 0.929688 0.130469 0.929688 0.372656 0.860938 0.372656
1 0.035156 0.421094 0.092969 0.421094 0.092969 0.532031 0.035156 0.532031
1 0.088281 0.425781 0.146094 0.425781 0.146094 0.536719 0.088281 0.536719
1 0.139844 0.422656 0.197656 0.422656 0.197656 0.533594 0.139844 0.533594
1 0.185156 0.419531 0.242969 0.419531 0.242969 0.530469 0.185156 0.530469
1 0.239844 0.422656 0.297656 0.422656 0.297656 0.533594 0.239844 0.533594
1 0.288281 0.416406 0.346094 0.416406 0.346094 0.527344 0.288281 0.527344
1 0.338281 0.421094 0.396094 0.421094 0.396094 0.532031 0.338281 0.532031
1 0.388281 0.421094 0.446094 0.421094 0.446094 0.532031 0.388281 0.532031
1 0.435156 0.416406 0.492969 0.416406 0.492969 0.527344 0.435156 0.527344
1 0.486719 0.425781 0.544531 0.425781 0.544531 0.536719 0.486719 0.536719
1 0.541406 0.416406 0.599219 0.416406 0.599219 0.527344 0.541406 0.527344
1 0.585156 0.425781 0.642969 0.425781 0.642969 0.536719 0.585156 0.536719
1 0.638281 0.424219 0.696094 0.424219 0.696094 0.535156 0.638281 0.535156
1 0.689844 0.422656 0.747656 0.422656 0.747656 0.533594 0.689844 0.533594
1 0.741406 0.424219 0.799219 0.424219 0.799219 0.535156 0.741406 0.535156
1 0.788281 0.425781 0.846094 0.425781 0.846094 0.536719 0.788281 0.536719
1 0.836719 0.419531 0.894531 0.419531 0.894531 0.530469 0.836719 0.530469
1 0.889844 0.424219 0.947656 0.424219 0.947656 0.535156 0.889844 0.535156
1 0.047656 0.550000 0.080469 0.550000 0.080469 0.584375 0.047656 0.584375
1 0.078906 0.551562 0.111719 0.551562 0.111719 0.585938 0.078906 0.585938
1 0.100781 0.550000 0.133594 0.550000 0.133594 0.584375 0.100781 0.584375
1 0.133594 0.557813 0.166406 0.557813 0.166406 0.592187 0.133594 0.592187
1 0.153906 0.554688 0.186719 0.554688 0.186719 0.589063 0.153906 0.589063
1 0.183594 0.548438 0.216406 0.548438 0.216406 0.582812 0.183594 0.582812
1 0.210156 0.551562 0.242969 0.551562 0.242969 0.585938 0.210156 0.585938
1 0.239844 0.548438 0.272656 0.548438 0.272656 0.582812 0.239844 0.582812
1 0.264844 0.548438 0.297656 0.548438 0.297656 0.582812 0.264844 0.582812
1 0.286719 0.553125 0.319531 0.553125 0.319531 0.587500 0.286719 0.587500
1 0.317969 0.553125 0.350781 0.553125 0.350781 0.587500 0.317969 0.587500
1 0.342969 0.553125 0.375781 0.553125 0.375781 0.587500 0.342969 0.587500
1 0.369531 0.548438 0.402344 0.548438 0.402344 0.582812 0.369531 0.582812
1 0.399219 0.551562 0.432031 0.551562 0.432031 0.585938 0.399219 0.585938
1 0.425781 0.548438 0.458594 0.548438 0.458594 0.582812 0.425781 0.582812
1 0.449219 0.557813 0.482031 0.557813 0.482031 0.592187 0.449219 0.592187
1 0.475781 0.548438 0.508594 0.548438 0.508594 0.582812 0.475781 0.582812
1 0.502344 0.550000 0.535156 0.550000 0.535156 0.584375 0.502344 0.584375
1 0.528906 0.554688 0.561719 0.554688 0.561719 0.589063 0.528906 0.589063
1 0.553906 0.550000 0.586719 0.550000 0.586719 0.584375 0.553906 0.584375
1 0.580469 0.556250 0.613281 0.556250 0.613281 0.590625 0.580469 0.590625
1 0.607031 0.551562 0.639844 0.551562 0.639844 0.585938 0.607031 0.585938
1 0.638281 0.548438 0.671094 0.548438 0.671094 0.582812 0.638281 0.582812
1 0.663281 0.548438 0.696094 0.548438 0.696094 0.582812 0.663281 0.582812
1 0.689844 0.557813 0.722656 0.557813 0.722656 0.592187 0.689844 0.592187
2 0.007031 0.452344 0.121094 0.452344 0.121094 0.757031 0.007031 0.757031
2 0.108594 0.447656 0.222656 0.447656 0.222656 0.752344 0.108594 0.752344
2 0.211719 0.449219 0.325781 0.449219 0.325781 0.753906 0.211719 0.753906
2 0.311719 0.442969 0.425781 0.442969 0.425781 0.747656 0.311719 0.747656
2 0.410156 0.452344 0.524219 0.452344 0.524219 0.757031 0.410156 0.757031
2 0.508594 0.447656 0.622656 0.447656 0.622656 0.752344 0.508594 0.752344
2 0.608594 0.444531 0.722656 0.444531 0.722656 0.749219 0.608594 0.749219
2 0.713281 0.450781 0.827344 0.450781 0.827344 0.755469 0.713281 0.755469
2 0.807031 0.444531 0.921094 0.444531 0.921094 0.749219 0.807031 0.749219
1 0.049219 0.866406 0.088281 0.866406 0.088281 0.942969 0.049219 0.942969
1 0.080469 0.864844 0.119531 0.864844 0.119531 0.941406 0.080469 0.941406
1 0.113281 0.866406 0.152344 0.866406 0.152344 0.942969 0.113281 0.942969
1 0.147656 0.858594 0.186719 0.858594 0.186719 0.935156 0.147656 0.935156
1 0.177344 0.858594 0.216406 0.858594 0.216406 0.935156 0.177344 0.935156
1 0.210156 0.864844 0.249219 0.864844 0.249219 0.941406 0.210156 0.941406
1 0.246094 0.864844 0.285156 0.864844 0.285156 0.941406 0.246094 0.941406
1 0.275781 0.860156 0.314844 0.860156 0.314844 0.936719 0.275781 0.936719
1 0.313281 0.866406 0.352344 0.866406 0.352344 0.942969 0.313281 0.942969
1 0.346094 0.861719 0.385156 0.861719 0.385156 0.938281 0.346094 0.938281
1 0.374219 0.857031 0.413281 0.857031 0.413281 0.933594 0.374219 0.933594
1 0.405469 0.860156 0.444531 0.860156 0.444531 0.936719 0.405469 0.936719
1 0.441406 0.860156 0.480469 0.860156 0.480469 0.936719 0.441406 0.936719
1 0.472656 0.861719 0.511719 0.861719 0.511719 0.938281 0.472656 0.938281
1 0.508594 0.857031 0.547656 0.857031 0.547656 0.933594 0.508594 0.933594
1 0.542969 0.863281 0.582031 0.863281 0.582031 0.939844 0.542969 0.939844
1 0.571094 0.858594 0.610156 0.858594 0.610156 0.935156 0.571094 0.935156
1 0.607031 0.866406 0.646094 0.866406 0.646094 0.942969 0.607031 0.942969
1 0.635156 0.866406 0.674219 0.866406 0.674219 0.942969 0.635156 0.942969
1 0.671094 0.861719 0.710156 0.861719 0.710156 0.938281 0.671094 0.938281
1 0.707031 0.866406 0.746094 0.866406 0.746094 0.942969 0.707031 0.942969
1 0.736719 0.860156 0.775781 0.860156 0.775781 0.936719 0.736719 0.936719
1 0.771094 0.858594 0.810156 0.858594 0.810156 0.935156 0.771094 0.935156
1 0.803906 0.864844 0.842969 0.864844 0.842969 0.941406 0.803906 0.941406
1 0.838281 0.857031 0.877344 0.857031 0.877344 0.933594 0.838281 0.933594