1 0.032031 0.050000 0.039844 0.050000 0.039844 0.065625 0.032031 0.065625
1 0.039844 0.051562 0.047656 0.051562 0.047656 0.067187 0.039844 0.067187
1 0.057031 0.056250 0.064844 0.056250 0.064844 0.071875 0.057031 0.071875
1 0.067969 0.059375 0.075781 0.059375 0.075781 0.075000 0.067969 0.075000
1 0.075781 0.054688 0.083594 0.054688 0.083594 0.070312 0.075781 0.070312
1 0.089844 0.053125 0.097656 0.053125 0.097656 0.068750 0.089844 0.068750
1 0.103906 0.054688 0.111719 0.054688 0.111719 0.070312 0.103906 0.070312
1 0.113281 0.050000 0.121094 0.050000 0.121094 0.065625 0.113281 0.065625
1 0.130469 0.053125 0.138281 0.053125 0.138281 0.068750 0.130469 0.068750
1 0.142969 0.054688 0.150781 0.054688 0.150781 0.070312 0.142969 0.070312
1 0.152344 0.056250 0.160156 0.056250 0.160156 0.071875 0.152344 0.071875
1 0.164844 0.053125 0.172656 0.053125 0.172656 0.068750 0.164844 0.068750
1 0.182031 0.051562 0.189844 0.051562 0.189844 0.067187 0.182031 0.067187
1 0.192969 0.054688 0.200781 0.054688 0.200781 0.070312 0.192969 0.070312
1 0.207031 0.053125 0.214844 0.053125 0.214844 0.068750 0.207031 0.068750
1 0.216406 0.056250 0.224219 0.056250 0.224219 0.071875 0.216406 0.071875
1 0.227344 0.056250 0.235156 0.056250 0.235156 0.071875 0.227344 0.071875
1 0.241406 0.056250 0.249219 0.056250 0.249219 0.071875 0.241406 0.071875
1 0.250781 0.054688 0.258594 0.054688 0.258594 0.070312 0.250781 0.070312
1 0.269531 0.051562 0.277344 0.051562 0.277344 0.067187 0.269531 0.067187
1 0.275781 0.050000 0.283594 0.050000 0.283594 0.065625 0.275781 0.065625
1 0.292969 0.056250 0.300781 0.056250 0.300781 0.071875 0.292969 0.071875
1 0.300781 0.059375 0.308594 0.059375 0.308594 0.075000 0.300781 0.075000
1 0.316406 0.057813 0.324219 0.057813 0.324219 0.073438 0.316406 0.073438
1 0.325781 0.053125 0.333594 0.053125 0.333594 0.068750 0.325781 0.068750
1 0.010937 0.057813 0.051562 0.057813 0.051562 0.101562 0.010937 0.101562
1 0.050000 0.054688 0.090625 0.054688 0.090625 0.098437 0.050000 0.098437
1 0.084375 0.050000 0.125000 0.050000 0.125000 0.093750 0.084375 0.093750
1 0.120313 0.057813 0.160938 0.057813 0.160938 0.101562 0.120313 0.101562
1 0.154688 0.053125 0.195312 0.053125 0.195312 0.096875 0.154688 0.096875
1 0.193750 0.051562 0.234375 0.051562 0.234375 0.095312 0.193750 0.095312
1 0.229687 0.054688 0.270313 0.054688 0.270313 0.098437 0.229687 0.098437
1 0.262500 0.054688 0.303125 0.054688 0.303125 0.098437 0.262500 0.098437
1 0.296875 0.053125 0.337500 0.053125 0.337500 0.096875 0.296875 0.096875
1 0.335938 0.051562 0.376563 0.051562 0.376563 0.095312 0.335938 0.095312
1 0.370312 0.054688 0.410938 0.054688 0.410938 0.098437 0.370312 0.098437
1 0.410938 0.054688 0.451562 0.054688 0.451562 0.098437 0.410938 0.098437
1 0.440625 0.059375 0.481250 0.059375 0.481250 0.103125 0.440625 0.103125
1 0.481250 0.054688 0.521875 0.054688 0.521875 0.098437 0.481250 0.098437
1 0.514062 0.057813 0.554688 0.057813 0.554688 0.101562 0.514062 0.101562
1 0.550000 0.051562 0.590625 0.051562 0.590625 0.095312 0.550000 0.095312
1 0.585938 0.050000 0.626563 0.050000 0.626563 0.093750 0.585938 0.093750
1 0.625000 0.054688 0.665625 0.054688 0.665625 0.098437 0.625000 0.098437
1 0.660937 0.051562 0.701562 0.051562 0.701562 0.095312 0.660937 0.095312
1 0.692187 0.053125 0.732812 0.053125 0.732812 0.096875 0.692187 0.096875
1 0.732812 0.053125 0.773438 0.053125 0.773438 0.096875 0.732812 0.096875
1 0.764062 0.054688 0.804688 0.054688 0.804688 0.098437 0.764062 0.098437
1 0.800000 0.057813 0.840625 0.057813 0.840625 0.101562 0.800000 0.101562
1 0.842187 0.053125 0.882812 0.053125 0.882812 0.096875 0.842187 0.096875
1 0.871875 0.051562 0.912500 0.051562 0.912500 0.095312 0.871875 0.095312
4 0.003906 0.027344 0.067969 0.027344 0.067969 0.213281 0.003906 0.213281
4 0.063281 0.022656 0.127344 0.022656 0.127344 0.208594 0.063281 0.208594
4 0.119531 0.019531 0.183594 0.019531 0.183594 0.205469 0.119531 0.205469
4 0.175781 0.024219 0.239844 0.024219 0.239844 0.210156 0.175781 0.210156
4 0.236719 0.027344 0.300781 0.027344 0.300781 0.213281 0.236719 0.213281
4 0.299219 0.019531 0.363281 0.019531 0.363281 0.205469 0.299219 0.205469
4 0.353906 0.022656 0.417969 0.022656 0.417969 0.208594 0.353906 0.208594
4 0.413281 0.022656 0.477344 0.022656 0.477344 0.208594 0.413281 0.208594
4 0.475781 0.025781 0.539844 0.025781 0.539844 0.211719 0.475781 0.211719
4 0.532031 0.019531 0.596094 0.019531 0.596094 0.205469 0.532031 0.205469
4 0.594531 0.027344 0.658594 0.027344 0.658594 0.213281 0.594531 0.213281
4 0.650781 0.022656 0.714844 0.022656 0.714844 0.208594 0.650781 0.208594
4 0.710156 0.021094 0.774219 0.021094 0.774219 0.207031 0.710156 0.207031
4 0.769531 0.024219 0.833594 0.024219 0.833594 0.210156 0.769531 0.210156
4 0.828906 0.025781 0.892969 0.025781 0.892969 0.211719 0.828906 0.211719
4 0.888281 0.021094 0.952344 0.021094 0.952344 0.207031 0.888281 0.207031
1 0.008594 0.255469 0.063281 0.255469 0.063281 0.325781 0.008594 0.325781
1 0.053906 0.249219 0.108594 0.249219 0.108594 0.319531 0.053906 0.319531
1 0.100781 0.257031 0.155469 0.257031 0.155469 0.327344 0.100781 0.327344
1 0.150781 0.255469 0.205469 0.255469 0.205469 0.325781 0.150781 0.325781
1 0.197656 0.252344 0.252344 0.252344 0.252344 0.322656 0.197656 0.322656
1 0.249219 0.250781 0.303906 0.250781 0.303906 0.321094 0.249219 0.321094
1 0.296094 0.247656 0.350781 0.247656 0.350781 0.317969 0.296094 0.317969
1 0.347656 0.255469 0.402344 0.255469 0.402344 0.325781 0.347656 0.325781
1 0.392969 0.250781 0.447656 0.250781 0.447656 0.321094 0.392969 0.321094
1 0.442969 0.253906 0.497656 0.253906 0.497656 0.324219 0.442969 0.324219
1 0.491406 0.257031 0.546094 0.257031 0.546094 0.327344 0.491406 0.327344
1 0.539844 0.247656 0.594531 0.247656 0.594531 0.317969 0.539844 0.317969
1 0.588281 0.250781 0.642969 0.250781 0.642969 0.321094 0.588281 0.321094
1 0.633594 0.252344 0.688281 0.252344 0.688281 0.322656 0.633594 0.322656
1 0.683594 0.255469 0.738281 0.255469 0.738281 0.325781 0.683594 0.325781
1 0.732031 0.252344 0.786719 0.252344 0.786719 0.322656 0.732031 0.322656
1 0.777344 0.247656 0.832031 0.247656 0.832031 0.317969 0.777344 0.317969
1 0.828906 0.247656 0.883594 0.247656 0.883594 0.317969 0.828906 0.317969
1 0.880469 0.252344 0.935156 0.252344 0.935156 0.322656 0.880469 0.322656
1 0.028125 0.347656 0.043750 0.347656 0.043750 0.367969 0.028125 0.367969
1 0.034375 0.338281 0.050000 0.338281 0.050000 0.358594 0.034375 0.358594
1 0.051562 0.344531 0.067187 0.344531 0.067187 0.364844 0.051562 0.364844
1 0.060937 0.338281 0.076563 0.338281 0.076563 0.358594 0.060937 0.358594
1 0.071875 0.344531 0.087500 0.344531 0.087500 0.364844 0.071875 0.364844
1 0.090625 0.339844 0.106250 0.339844 0.106250 0.360156 0.090625 0.360156
1 0.098437 0.347656 0.114062 0.347656 0.114062 0.367969 0.098437 0.367969
1 0.112500 0.347656 0.128125 0.347656 0.128125 0.367969 0.112500 0.367969
1 0.123438 0.342969 0.139063 0.342969 0.139063 0.363281 0.123438 0.363281
1 0.140625 0.338281 0.156250 0.338281 0.156250 0.358594 0.140625 0.358594
1 0.148438 0.341406 0.164062 0.341406 0.164062 0.361719 0.148438 0.361719
1 0.160938 0.341406 0.176563 0.341406 0.176563 0.361719 0.160938 0.361719
1 0.178125 0.342969 0.193750 0.342969 0.193750 0.363281 0.178125 0.363281
1 0.187500 0.339844 0.203125 0.339844 0.203125 0.360156 0.187500 0.360156
1 0.203125 0.346094 0.218750 0.346094 0.218750 0.366406 0.203125 0.366406
1 0.214062 0.344531 0.229687 0.344531 0.229687 0.364844 0.214062 0.364844
1 0.225000 0.344531 0.240625 0.344531 0.240625 0.364844 0.225000 0.364844
1 0.240625 0.339844 0.256250 0.339844 0.256250 0.360156 0.240625 0.360156
1 0.251563 0.342969 0.267188 0.342969 0.267188 0.363281 0.251563 0.363281
1 0.260937 0.347656 0.276562 0.347656 0.276562 0.367969 0.260937 0.367969
1 0.273438 0.344531 0.289062 0.344531 0.289062 0.364844 0.273438 0.364844
1 0.289062 0.346094 0.304688 0.346094 0.304688 0.366406 0.289062 0.366406
1 0.296875 0.341406 0.312500 0.341406 0.312500 0.361719 0.296875 0.361719
1 0.314063 0.342969 0.329688 0.342969 0.329688 0.363281 0.314063 0.363281
1 0.323437 0.347656 0.339062 0.347656 0.339062 0.367969 0.323437 0.367969
4 0.074219 0.250000 0.160156 0.250000 0.160156 0.500000 0.074219 0.500000
4 0.153906 0.246875 0.239844 0.246875 0.239844 0.496875 0.153906 0.496875
4 0.232031 0.246875 0.317969 0.246875 0.317969 0.496875 0.232031 0.496875
4 0.313281 0.243750 0.399219 0.243750 0.399219 0.493750 0.313281 0.493750
4 0.399219 0.248438 0.485156 0.248438 0.485156 0.498437 0.399219 0.498437
4 0.475781 0.240625 0.561719 0.240625 0.561719 0.490625 0.475781 0.490625
4 0.558594 0.246875 0.644531 0.246875 0.644531 0.496875 0.558594 0.496875
4 0.641406 0.246875 0.727344 0.246875 0.727344 0.496875 0.641406 0.496875
4 0.724219 0.243750 0.810156 0.243750 0.810156 0.493750 0.724219 0.493750
4 0.803906 0.243750 0.889844 0.243750 0.889844 0.493750 0.803906 0.493750