3 0.050781 0.031250 0.096094 0.031250 0.096094 0.109375 0.050781 0.109375
3 0.089844 0.031250 0.135156 0.031250 0.135156 0.109375 0.089844 0.109375
3 0.127344 0.026562 0.172656 0.026562 0.172656 0.104688 0.127344 0.104688
3 0.164844 0.023438 0.210156 0.023438 0.210156 0.101562 0.164844 0.101562
3 0.202344 0.023438 0.247656 0.023438 0.247656 0.101562 0.202344 0.101562
3 0.238281 0.023438 0.283594 0.023438 0.283594 0.101562 0.238281 0.101562
3 0.275781 0.029687 0.321094 0.029687 0.321094 0.107813 0.275781 0.107813
3 0.319531 0.025000 0.364844 0.025000 0.364844 0.103125 0.319531 0.103125
3 0.353906 0.021875 0.399219 0.021875 0.399219 0.100000 0.353906 0.100000
3 0.394531 0.029687 0.439844 0.029687 0.439844 0.107813 0.394531 0.107813
3 0.430469 0.031250 0.475781 0.031250 0.475781 0.109375 0.430469 0.109375
3 0.469531 0.031250 0.514844 0.031250 0.514844 0.109375 0.469531 0.109375
3 0.507031 0.029687 0.552344 0.029687 0.552344 0.107813 0.507031 0.107813
3 0.544531 0.029687 0.589844 0.029687 0.589844 0.107813 0.544531 0.107813
3 0.578906 0.025000 0.624219 0.025000 0.624219 0.103125 0.578906 0.103125
3 0.614844 0.021875 0.660156 0.021875 0.660156 0.100000 0.614844 0.100000
3 0.655469 0.028125 0.700781 0.028125 0.700781 0.106250 0.655469 0.106250
3 0.691406 0.029687 0.736719 0.029687 0.736719 0.107813 0.691406 0.107813
3 0.725781 0.023438 0.771094 0.023438 0.771094 0.101562 0.725781 0.101562
3 0.763281 0.028125 0.808594 0.028125 0.808594 0.106250 0.763281 0.106250
3 0.803906 0.031250 0.849219 0.031250 0.849219 0.109375 0.803906 0.109375
3 0.842969 0.031250 0.888281 0.031250 0.888281 0.109375 0.842969 0.109375
3 0.880469 0.029687 0.925781 0.029687 0.925781 0.107813 0.880469 0.107813
3 0.917969 0.028125 0.963281 0.028125 0.963281 0.106250 0.917969 0.106250
0 -0.000781 0.117188 0.157031 0.117188 0.157031 0.179688 -0.000781 0.179688
0 0.135156 0.115625 0.292969 0.115625 0.292969 0.178125 0.135156 0.178125
0 0.275781 0.110937 0.433594 0.110937 0.433594 0.173437 0.275781 0.173437
0 0.417969 0.117188 0.575781 0.117188 0.575781 0.179688 0.417969 0.179688
0 0.553906 0.117188 0.711719 0.117188 0.711719 0.179688 0.553906 0.179688
0 0.694531 0.118750 0.852344 0.118750 0.852344 0.181250 0.694531 0.181250
2 0.067187 0.175781 0.092188 0.175781 0.092188 0.233594 0.067187 0.233594
2 0.082812 0.172656 0.107813 0.172656 0.107813 0.230469 0.082812 0.230469
2 0.104688 0.171094 0.129688 0.171094 0.129688 0.228906 0.104688 0.228906
2 0.128125 0.177344 0.153125 0.177344 0.153125 0.235156 0.128125 0.235156
2 0.146875 0.171094 0.171875 0.171094 0.171875 0.228906 0.146875 0.228906
2 0.164062 0.177344 0.189062 0.177344 0.189062 0.235156 0.164062 0.235156
2 0.184375 0.167969 0.209375 0.167969 0.209375 0.225781 0.184375 0.225781
2 0.209375 0.169531 0.234375 0.169531 0.234375 0.227344 0.209375 0.227344
2 0.226562 0.177344 0.251563 0.177344 0.251563 0.235156 0.226562 0.235156
2 0.250000 0.167969 0.275000 0.167969 0.275000 0.225781 0.250000 0.225781
2 0.267188 0.174219 0.292187 0.174219 0.292187 0.232031 0.267188 0.232031
2 0.287500 0.169531 0.312500 0.169531 0.312500 0.227344 0.287500 0.227344
2 0.307812 0.175781 0.332813 0.175781 0.332813 0.233594 0.307812 0.233594
2 0.325000 0.175781 0.350000 0.175781 0.350000 0.233594 0.325000 0.233594
2 0.351562 0.171094 0.376563 0.171094 0.376563 0.228906 0.351562 0.228906
2 0.370312 0.175781 0.395313 0.175781 0.395313 0.233594 0.370312 0.233594
2 0.389062 0.174219 0.414062 0.174219 0.414062 0.232031 0.389062 0.232031
2 0.410938 0.175781 0.435937 0.175781 0.435937 0.233594 0.410938 0.233594
2 0.428125 0.172656 0.453125 0.172656 0.453125 0.230469 0.428125 0.230469
2 0.451562 0.172656 0.476562 0.172656 0.476562 0.230469 0.451562 0.230469
2 0.468750 0.177344 0.493750 0.177344 0.493750 0.235156 0.468750 0.235156
2 0.492188 0.177344 0.517188 0.177344 0.517188 0.235156 0.492188 0.235156
2 0.512500 0.175781 0.537500 0.175781 0.537500 0.233594 0.512500 0.233594
2 0.532813 0.167969 0.557813 0.167969 0.557813 0.225781 0.532813 0.225781
2 0.554688 0.172656 0.579688 0.172656 0.579688 0.230469 0.554688 0.230469
3 0.068750 0.241406 0.084375 0.241406 0.084375 0.267969 0.068750 0.267969
3 0.085938 0.235156 0.101562 0.235156 0.101562 0.261719 0.085938 0.261719
3 0.098437 0.239844 0.114062 0.239844 0.114062 0.266406 0.098437 0.266406
3 0.109375 0.238281 0.125000 0.238281 0.125000 0.264844 0.109375 0.264844
3 0.126562 0.239844 0.142187 0.239844 0.142187 0.266406 0.126562 0.266406
3 0.135937 0.233594 0.151562 0.233594 0.151562 0.260156 0.135937 0.260156
3 0.154688 0.232031 0.170313 0.232031 0.170313 0.258594 0.154688 0.258594
3 0.164062 0.241406 0.179688 0.241406 0.179688 0.267969 0.164062 0.267969
3 0.178125 0.233594 0.193750 0.233594 0.193750 0.260156 0.178125 0.260156
3 0.198437 0.232031 0.214062 0.232031 0.214062 0.258594 0.198437 0.258594
3 0.210938 0.235156 0.226562 0.235156 0.226562 0.261719 0.210938 0.261719
3 0.220312 0.233594 0.235937 0.233594 0.235937 0.260156 0.220312 0.260156
3 0.239063 0.239844 0.254688 0.239844 0.254688 0.266406 0.239063 0.266406
3 0.250000 0.232031 0.265625 0.232031 0.265625 0.258594 0.250000 0.258594
3 0.262500 0.241406 0.278125 0.241406 0.278125 0.267969 0.262500 0.267969
3 0.276562 0.235156 0.292187 0.235156 0.292187 0.261719 0.276562 0.261719
3 0.295312 0.235156 0.310937 0.235156 0.310937 0.261719 0.295312 0.261719
3 0.304688 0.236719 0.320312 0.236719 0.320312 0.263281 0.304688 0.263281
3 0.323437 0.238281 0.339062 0.238281 0.339062 0.264844 0.323437 0.264844
3 0.337500 0.232031 0.353125 0.232031 0.353125 0.258594 0.337500 0.258594
3 0.351562 0.239844 0.367188 0.239844 0.367188 0.266406 0.351562 0.266406
3 0.365625 0.236719 0.381250 0.236719 0.381250 0.263281 0.365625 0.263281
3 0.376563 0.236719 0.392188 0.236719 0.392188 0.263281 0.376563 0.263281
3 0.393750 0.241406 0.409375 0.241406 0.409375 0.267969 0.393750 0.267969
3 0.403125 0.235156 0.418750 0.235156 0.418750 0.261719 0.403125 0.261719
0 0.013281 0.247656 0.136719 0.247656 0.136719 0.296094 0.013281 0.296094
0 0.132031 0.253906 0.255469 0.253906 0.255469 0.302344 0.132031 0.302344
0 0.253906 0.257031 0.377344 0.257031 0.377344 0.305469 0.253906 0.305469
0 0.371094 0.253906 0.494531 0.253906 0.494531 0.302344 0.371094 0.302344
0 0.492969 0.252344 0.616406 0.252344 0.616406 0.300781 0.492969 0.300781
0 0.610156 0.253906 0.733594 0.253906 0.733594 0.302344 0.610156 0.302344
0 0.728906 0.247656 0.852344 0.247656 0.852344 0.296094 0.728906 0.296094
2 0.024219 0.177344 0.122656 0.177344 0.122656 0.469531 0.024219 0.469531
2 0.110156 0.175781 0.208594 0.175781 0.208594 0.467969 0.110156 0.467969
2 0.189844 0.177344 0.288281 0.177344 0.288281 0.469531 0.189844 0.469531
2 0.266406 0.175781 0.364844 0.175781 0.364844 0.467969 0.266406 0.467969
2 0.342969 0.167969 0.441406 0.167969 0.441406 0.460156 0.342969 0.460156
2 0.427344 0.167969 0.525781 0.167969 0.525781 0.460156 0.427344 0.460156
2 0.502344 0.171094 0.600781 0.171094 0.600781 0.463281 0.502344 0.463281
2 0.586719 0.172656 0.685156 0.172656 0.685156 0.464844 0.586719 0.464844
2 0.667969 0.172656 0.766406 0.172656 0.766406 0.464844 0.667969 0.464844
2 0.742969 0.167969 0.841406 0.167969 0.841406 0.460156 0.742969 0.460156
2 0.827344 0.177344 0.925781 0.177344 0.925781 0.469531 0.827344 0.469531