1 0.039062 0.420312 0.057813 0.420312 0.057813 0.445312 0.039062 0.445312
1 0.057813 0.410938 0.076563 0.410938 0.076563 0.435937 0.057813 0.435937
1 0.071875 0.412500 0.090625 0.412500 0.090625 0.437500 0.071875 0.437500
1 0.085938 0.414062 0.104688 0.414062 0.104688 0.439063 0.085938 0.439063
1 0.098437 0.410938 0.117188 0.410938 0.117188 0.435937 0.098437 0.435937
1 0.110937 0.418750 0.129688 0.418750 0.129688 0.443750 0.110937 0.443750
1 0.126562 0.417187 0.145313 0.417187 0.145313 0.442188 0.126562 0.442188
1 0.142187 0.418750 0.160938 0.418750 0.160938 0.443750 0.142187 0.443750
1 0.154688 0.414062 0.173437 0.414062 0.173437 0.439063 0.154688 0.439063
1 0.167187 0.418750 0.185938 0.418750 0.185938 0.443750 0.167187 0.443750
1 0.181250 0.414062 0.200000 0.414062 0.200000 0.439063 0.181250 0.439063
1 0.198437 0.412500 0.217188 0.412500 0.217188 0.437500 0.198437 0.437500
1 0.210938 0.417187 0.229687 0.417187 0.229687 0.442188 0.210938 0.442188
1 0.221875 0.415625 0.240625 0.415625 0.240625 0.440625 0.221875 0.440625
1 0.235937 0.414062 0.254688 0.414062 0.254688 0.439063 0.235937 0.439063
1 0.253125 0.414062 0.271875 0.414062 0.271875 0.439063 0.253125 0.439063
1 0.264062 0.415625 0.282813 0.415625 0.282813 0.440625 0.264062 0.440625
1 0.279687 0.420312 0.298438 0.420312 0.298438 0.445312 0.279687 0.445312
1 0.292187 0.412500 0.310937 0.412500 0.310937 0.437500 0.292187 0.437500
1 0.310937 0.415625 0.329688 0.415625 0.329688 0.440625 0.310937 0.440625
1 0.323437 0.418750 0.342187 0.418750 0.342187 0.443750 0.323437 0.443750
1 0.339062 0.410938 0.357812 0.410938 0.357812 0.435937 0.339062 0.435937
1 0.348438 0.418750 0.367188 0.418750 0.367188 0.443750 0.348438 0.443750
1 0.364063 0.410938 0.382812 0.410938 0.382812 0.435937 0.364063 0.435937
1 0.375000 0.415625 0.393750 0.415625 0.393750 0.440625 0.375000 0.440625
1 0.030469 0.425781 0.066406 0.425781 0.066406 0.471094 0.030469 0.471094
1 0.069531 0.433594 0.105469 0.433594 0.105469 0.478906 0.069531 0.478906
1 0.099219 0.425781 0.135156 0.425781 0.135156 0.471094 0.099219 0.471094
1 0.136719 0.424219 0.172656 0.424219 0.172656 0.469531 0.136719 0.469531
1 0.166406 0.432031 0.202344 0.432031 0.202344 0.477344 0.166406 0.477344
1 0.205469 0.432031 0.241406 0.432031 0.241406 0.477344 0.205469 0.477344
1 0.238281 0.425781 0.274219 0.425781 0.274219 0.471094 0.238281 0.471094
1 0.274219 0.424219 0.310156 0.424219 0.310156 0.469531 0.274219 0.469531
1 0.303906 0.424219 0.339844 0.424219 0.339844 0.469531 0.303906 0.469531
1 0.344531 0.432031 0.380469 0.432031 0.380469 0.477344 0.344531 0.477344
1 0.372656 0.425781 0.408594 0.425781 0.408594 0.471094 0.372656 0.471094
1 0.413281 0.427344 0.449219 0.427344 0.449219 0.472656 0.413281 0.472656
1 0.441406 0.432031 0.477344 0.432031 0.477344 0.477344 0.441406 0.477344
1 0.475781 0.433594 0.511719 0.433594 0.511719 0.478906 0.475781 0.478906
1 0.513281 0.427344 0.549219 0.427344 0.549219 0.472656 0.513281 0.472656
1 0.550781 0.424219 0.586719 0.424219 0.586719 0.469531 0.550781 0.469531
1 0.580469 0.430469 0.616406 0.430469 0.616406 0.475781 0.580469 0.475781
1 0.614844 0.430469 0.650781 0.430469 0.650781 0.475781 0.614844 0.475781
1 0.647656 0.433594 0.683594 0.433594 0.683594 0.478906 0.647656 0.478906
1 0.682031 0.430469 0.717969 0.430469 0.717969 0.475781 0.682031 0.475781
1 0.719531 0.427344 0.755469 0.427344 0.755469 0.472656 0.719531 0.472656
1 0.750781 0.424219 0.786719 0.424219 0.786719 0.469531 0.750781 0.469531
1 0.789844 0.432031 0.825781 0.432031 0.825781 0.477344 0.789844 0.477344
1 0.824219 0.432031 0.860156 0.432031 0.860156 0.477344 0.824219 0.477344
1 0.853906 0.430469 0.889844 0.430469 0.889844 0.475781 0.853906 0.475781
4 0.102344 0.351562 0.207031 0.351562 0.207031 0.629687 0.102344 0.629687
4 0.197656 0.353125 0.302344 0.353125 0.302344 0.631250 0.197656 0.631250
4 0.302344 0.348438 0.407031 0.348438 0.407031 0.626563 0.302344 0.626563
4 0.400781 0.348438 0.505469 0.348438 0.505469 0.626563 0.400781 0.626563
4 0.503906 0.353125 0.608594 0.353125 0.608594 0.631250 0.503906 0.631250
4 0.603906 0.346875 0.708594 0.346875 0.708594 0.625000 0.603906 0.625000
4 0.705469 0.353125 0.810156 0.353125 0.810156 0.631250 0.705469 0.631250
4 0.808594 0.356250 0.913281 0.356250 0.913281 0.634375 0.808594 0.634375
1 0.032031 0.736719 0.064844 0.736719 0.064844 0.800781 0.032031 0.800781
1 0.057031 0.742969 0.089844 0.742969 0.089844 0.807031 0.057031 0.807031
1 0.089844 0.739844 0.122656 0.739844 0.122656 0.803906 0.089844 0.803906
1 0.110156 0.741406 0.142969 0.741406 0.142969 0.805469 0.110156 0.805469
1 0.139844 0.736719 0.172656 0.736719 0.172656 0.800781 0.139844 0.800781
1 0.163281 0.742969 0.196094 0.742969 0.196094 0.807031 0.163281 0.807031
1 0.194531 0.741406 0.227344 0.741406 0.227344 0.805469 0.194531 0.805469
1 0.219531 0.739844 0.252344 0.739844 0.252344 0.803906 0.219531 0.803906
1 0.246094 0.738281 0.278906 0.738281 0.278906 0.802344 0.246094 0.802344
1 0.272656 0.741406 0.305469 0.741406 0.305469 0.805469 0.272656 0.805469
1 0.302344 0.735156 0.335156 0.735156 0.335156 0.799219 0.302344 0.799219
1 0.327344 0.738281 0.360156 0.738281 0.360156 0.802344 0.327344 0.802344
1 0.350781 0.735156 0.383594 0.735156 0.383594 0.799219 0.350781 0.799219
1 0.382031 0.739844 0.414844 0.739844 0.414844 0.803906 0.382031 0.803906
1 0.402344 0.742969 0.435156 0.742969 0.435156 0.807031 0.402344 0.807031
1 0.433594 0.739844 0.466406 0.739844 0.466406 0.803906 0.433594 0.803906
1 0.455469 0.741406 0.488281 0.741406 0.488281 0.805469 0.455469 0.805469
1 0.483594 0.741406 0.516406 0.741406 0.516406 0.805469 0.483594 0.805469
1 0.513281 0.742969 0.546094 0.742969 0.546094 0.807031 0.513281 0.807031
1 0.536719 0.742969 0.569531 0.742969 0.569531 0.807031 0.536719 0.807031
1 0.561719 0.739844 0.594531 0.739844 0.594531 0.803906 0.561719 0.803906
1 0.588281 0.741406 0.621094 0.741406 0.621094 0.805469 0.588281 0.805469
1 0.616406 0.741406 0.649219 0.741406 0.649219 0.805469 0.616406 0.805469
1 0.642969 0.742969 0.675781 0.742969 0.675781 0.807031 0.642969 0.807031
1 0.669531 0.739844 0.702344 0.739844 0.702344 0.803906 0.669531 0.803906
1 0.041406 0.820312 0.055469 0.820312 0.055469 0.835938 0.041406 0.835938
1 0.053906 0.818750 0.067969 0.818750 0.067969 0.834375 0.053906 0.834375
1 0.067969 0.814063 0.082031 0.814063 0.082031 0.829688 0.067969 0.829688
1 0.082031 0.817187 0.096094 0.817187 0.096094 0.832812 0.082031 0.832812
1 0.096094 0.815625 0.110156 0.815625 0.110156 0.831250 0.096094 0.831250
1 0.103906 0.815625 0.117969 0.815625 0.117969 0.831250 0.103906 0.831250
1 0.117969 0.817187 0.132031 0.817187 0.132031 0.832812 0.117969 0.832812
1 0.127344 0.820312 0.141406 0.820312 0.141406 0.835938 0.127344 0.835938
1 0.146094 0.821875 0.160156 0.821875 0.160156 0.837500 0.146094 0.837500
1 0.157031 0.821875 0.171094 0.821875 0.171094 0.837500 0.157031 0.837500
1 0.169531 0.814063 0.183594 0.814063 0.183594 0.829688 0.169531 0.829688
1 0.182031 0.821875 0.196094 0.821875 0.196094 0.837500 0.182031 0.837500
1 0.194531 0.818750 0.208594 0.818750 0.208594 0.834375 0.194531 0.834375
1 0.205469 0.820312 0.219531 0.820312 0.219531 0.835938 0.205469 0.835938
1 0.221094 0.821875 0.235156 0.821875 0.235156 0.837500 0.221094 0.837500
1 0.227344 0.817187 0.241406 0.817187 0.241406 0.832812 0.227344 0.832812
1 0.239844 0.817187 0.253906 0.817187 0.253906 0.832812 0.239844 0.832812
1 0.258594 0.815625 0.272656 0.815625 0.272656 0.831250 0.258594 0.831250
1 0.269531 0.821875 0.283594 0.821875 0.283594 0.837500 0.269531 0.837500
1 0.283594 0.821875 0.297656 0.821875 0.297656 0.837500 0.283594 0.837500
1 0.296094 0.820312 0.310156 0.820312 0.310156 0.835938 0.296094 0.835938
1 0.307031 0.818750 0.321094 0.818750 0.321094 0.834375 0.307031 0.834375
1 0.316406 0.818750 0.330469 0.818750 0.330469 0.834375 0.316406 0.834375
1 0.332031 0.818750 0.346094 0.818750 0.346094 0.834375 0.332031 0.834375
1 0.341406 0.815625 0.355469 0.815625 0.355469 0.831250 0.341406 0.831250
4 0.094531 0.676562 0.208594 0.676562 0.208594 0.998437 0.094531 0.998437
4 0.296094 0.673438 0.410156 0.673438 0.410156 0.995313 0.296094 0.995313
4 0.705469 0.675000 0.819531 0.675000 0.819531 0.996875 0.705469 0.996875
4 0.802344 0.673438 0.916406 0.673438 0.916406 0.995313 0.802344 0.995313