2 -0.000639 0.131166 0.091516 0.066638 0.236702 0.273986 0.144548 0.338514
2 0.032670 0.100613 0.134630 0.053069 0.241605 0.282478 0.139645 0.330022
2 0.070778 0.076309 0.179445 0.047191 0.244958 0.291691 0.136292 0.320809
2 0.112528 0.058991 0.224600 0.049186 0.246661 0.301347 0.134589 0.311153
2 0.156650 0.049186 0.268722 0.058991 0.246661 0.311153 0.134589 0.301347
2 0.201805 0.047191 0.310472 0.076309 0.244958 0.320809 0.136292 0.291691
2 0.246620 0.053069 0.348580 0.100613 0.241605 0.330022 0.139645 0.282478
2 0.289734 0.066638 0.381889 0.131166 0.236702 0.338514 0.144548 0.273986
2 0.274361 0.131166 0.366516 0.066638 0.511702 0.273986 0.419548 0.338514
2 0.307670 0.100613 0.409630 0.053069 0.516605 0.282478 0.414645 0.330022
2 0.345778 0.076309 0.454445 0.047191 0.519958 0.291691 0.411292 0.320809
2 0.387528 0.058991 0.499600 0.049186 0.521661 0.301347 0.409589 0.311153
2 0.431650 0.049186 0.543722 0.058991 0.521661 0.311153 0.409589 0.301347
2 0.476805 0.047191 0.585472 0.076309 0.519958 0.320809 0.411292 0.291691
2 0.521620 0.053069 0.623580 0.100613 0.516605 0.330022 0.414645 0.282478
2 0.564734 0.066638 0.656889 0.131166 0.511702 0.338514 0.419548 0.273986
2 0.549361 0.131166 0.641516 0.066638 0.786702 0.273986 0.694548 0.338514
2 0.582670 0.100613 0.684630 0.053069 0.791605 0.282478 0.689645 0.330022
2 0.620778 0.076309 0.729445 0.047191 0.794958 0.291691 0.686292 0.320809
2 0.662528 0.058991 0.774600 0.049186 0.796661 0.301347 0.684589 0.311153
2 0.706650 0.049186 0.818722 0.058991 0.796661 0.311153 0.684589 0.301347
2 0.751805 0.047191 0.860472 0.076309 0.794958 0.320809 0.686292 0.291691
2 0.796620 0.053069 0.898580 0.100613 0.791605 0.330022 0.689645 0.282478
2 0.839734 0.066638 0.931889 0.131166 0.786702 0.338514 0.694548 0.273986
2 0.064305 0.273754 0.172972 0.302871 0.107458 0.547371 -0.001208 0.518254
2 0.109120 0.279631 0.211080 0.327176 0.104105 0.556585 0.002145 0.509040
2 0.152234 0.293201 0.244389 0.357728 0.099202 0.565076 0.007048 0.500549
2 0.136861 0.357728 0.229016 0.293201 0.374202 0.500549 0.282048 0.565076
2 0.170170 0.327176 0.272130 0.279631 0.379105 0.509040 0.277145 0.556585
2 0.208278 0.302871 0.316945 0.273754 0.382458 0.518254 0.273792 0.547371
2 0.250028 0.285553 0.362100 0.275748 0.384161 0.527910 0.272089 0.537715
2 0.294150 0.275748 0.406222 0.285553 0.384161 0.537715 0.272089 0.527910
2 0.339305 0.273754 0.447972 0.302871 0.382458 0.547371 0.273792 0.518254
2 0.384120 0.279631 0.486080 0.327176 0.379105 0.556585 0.277145 0.509040
2 0.427234 0.293201 0.519389 0.357728 0.374202 0.565076 0.282048 0.500549
2 0.411861 0.357728 0.504016 0.293201 0.649202 0.500549 0.557048 0.565076
2 0.445170 0.327176 0.547130 0.279631 0.654105 0.509040 0.552145 0.556585
2 0.483278 0.302871 0.591945 0.273754 0.657458 0.518254 0.548792 0.547371
2 0.525028 0.285553 0.637100 0.275748 0.659161 0.527910 0.547089 0.537715
2 0.569150 0.275748 0.681222 0.285553 0.659161 0.537715 0.547089 0.527910
2 0.614305 0.273754 0.722972 0.302871 0.657458 0.547371 0.548792 0.518254
2 0.659120 0.279631 0.761080 0.327176 0.654105 0.556585 0.552145 0.509040
2 0.702234 0.293201 0.794389 0.357728 0.649202 0.565076 0.557048 0.500549
2 0.686861 0.357728 0.779016 0.293201 0.924202 0.500549 0.832048 0.565076
2 0.720170 0.327176 0.822130 0.279631 0.929105 0.509040 0.827145 0.556585
2 0.758278 0.302871 0.866945 0.273754 0.932458 0.518254 0.823792 0.547371
2 0.800028 0.285553 0.912100 0.275748 0.934161 0.527910 0.822089 0.537715
2 0.844150 0.275748 0.956222 0.285553 0.934161 0.537715 0.822089 0.527910
2 0.889305 0.273754 0.997972 0.302871 0.932458 0.547371 0.823792 0.518254
2 -0.000639 0.584291 0.091516 0.519763 0.236702 0.727111 0.144548 0.791639
2 0.032670 0.553738 0.134630 0.506194 0.241605 0.735603 0.139645 0.783147
2 0.070778 0.529434 0.179445 0.500316 0.244958 0.744816 0.136292 0.773934
2 0.112528 0.512116 0.224600 0.502311 0.246661 0.754472 0.134589 0.764278
2 0.156650 0.502311 0.268722 0.512116 0.246661 0.764278 0.134589 0.754472
2 0.201805 0.500316 0.310472 0.529434 0.244958 0.773934 0.136292 0.744816
2 0.246620 0.506194 0.348580 0.553738 0.241605 0.783147 0.139645 0.735603
2 0.289734 0.519763 0.381889 0.584291 0.236702 0.791639 0.144548 0.727111
2 0.274361 0.584291 0.366516 0.519763 0.511702 0.727111 0.419548 0.791639
2 0.307670 0.553738 0.409630 0.506194 0.516605 0.735603 0.414645 0.783147
2 0.345778 0.529434 0.454445 0.500316 0.519958 0.744816 0.411292 0.773934
2 0.387528 0.512116 0.499600 0.502311 0.521661 0.754472 0.409589 0.764278
2 0.431650 0.502311 0.543722 0.512116 0.521661 0.764278 0.409589 0.754472
2 0.476805 0.500316 0.585472 0.529434 0.519958 0.773934 0.411292 0.744816
2 0.521620 0.506194 0.623580 0.553738 0.516605 0.783147 0.414645 0.735603
2 0.564734 0.519763 0.656889 0.584291 0.511702 0.791639 0.419548 0.727111
2 0.549361 0.584291 0.641516 0.519763 0.786702 0.727111 0.694548 0.791639
2 0.582670 0.553738 0.684630 0.506194 0.791605 0.735603 0.689645 0.783147
2 0.620778 0.529434 0.729445 0.500316 0.794958 0.744816 0.686292 0.773934
2 0.662528 0.512116 0.774600 0.502311 0.796661 0.754472 0.684589 0.764278
2 0.706650 0.502311 0.818722 0.512116 0.796661 0.764278 0.684589 0.754472
2 0.751805 0.500316 0.860472 0.529434 0.794958 0.773934 0.686292 0.744816
2 0.796620 0.506194 0.898580 0.553738 0.791605 0.783147 0.689645 0.735603
2 0.839734 0.519763 0.931889 0.584291 0.786702 0.791639 0.694548 0.727111