4 0.052927 0.089789 0.154285 0.037475 0.306929 0.333218 0.205571 0.385532
4 0.147300 0.039771 0.259926 0.021731 0.312563 0.350355 0.199937 0.368395
4 0.252574 0.021731 0.365200 0.039771 0.312563 0.368395 0.199937 0.350355
4 0.358215 0.037475 0.459573 0.089789 0.306929 0.385532 0.205571 0.333218
4 0.453655 0.085426 0.533602 0.166781 0.296224 0.400053 0.216276 0.318697
4 0.428898 0.166781 0.508845 0.085426 0.746224 0.318697 0.666276 0.400053
4 0.502927 0.089789 0.604285 0.037475 0.756929 0.333218 0.655571 0.385532
4 0.597300 0.039771 0.709926 0.021731 0.762563 0.350355 0.649937 0.368395
4 0.702574 0.021731 0.815200 0.039771 0.762563 0.368395 0.649937 0.350355
4 0.808215 0.037475 0.909573 0.089789 0.756929 0.385532 0.655571 0.333218
4 0.903655 0.085426 0.983602 0.166781 0.746224 0.400053 0.666276 0.318697
4 0.203898 0.465219 0.283845 0.383864 0.521224 0.617135 0.441276 0.698490
4 0.277927 0.388227 0.379285 0.335912 0.531929 0.631655 0.430571 0.683970
4 0.372300 0.338209 0.484926 0.320169 0.537563 0.648793 0.424937 0.666832
4 0.477574 0.320169 0.590200 0.338209 0.537563 0.666832 0.424937 0.648793
4 0.583215 0.335912 0.684573 0.388227 0.531929 0.683970 0.430571 0.631655
4 0.678655 0.383864 0.758602 0.465219 0.521224 0.698490 0.441276 0.617135
4 0.653898 0.465219 0.733845 0.383864 0.971224 0.617135 0.891276 0.698490
4 0.727927 0.388227 0.829285 0.335912 0.981929 0.631655 0.880571 0.683970
4 0.822300 0.338209 0.934926 0.320169 0.987563 0.648793 0.874937 0.666832