2 0.025000 0.088281 0.040625 0.088281 0.040625 0.127344 0.025000 0.127344
2 0.039062 0.089844 0.054688 0.089844 0.054688 0.128906 0.039062 0.128906
2 0.053125 0.096094 0.068750 0.096094 0.068750 0.135156 0.053125 0.135156
2 0.067187 0.091406 0.082812 0.091406 0.082812 0.130469 0.067187 0.130469
2 0.075000 0.086719 0.090625 0.086719 0.090625 0.125781 0.075000 0.125781
2 0.087500 0.086719 0.103125 0.086719 0.103125 0.125781 0.087500 0.125781
2 0.104688 0.091406 0.120313 0.091406 0.120313 0.130469 0.104688 0.130469
2 0.114062 0.089844 0.129688 0.089844 0.129688 0.128906 0.114062 0.128906
2 0.128125 0.094531 0.143750 0.094531 0.143750 0.133594 0.128125 0.133594
2 0.137500 0.094531 0.153125 0.094531 0.153125 0.133594 0.137500 0.133594
2 0.151562 0.091406 0.167187 0.091406 0.167187 0.130469 0.151562 0.130469
2 0.164062 0.094531 0.179688 0.094531 0.179688 0.133594 0.164062 0.133594
2 0.178125 0.086719 0.193750 0.086719 0.193750 0.125781 0.178125 0.125781
2 0.189062 0.089844 0.204687 0.089844 0.204687 0.128906 0.189062 0.128906
2 0.203125 0.096094 0.218750 0.096094 0.218750 0.135156 0.203125 0.135156
2 0.217188 0.096094 0.232813 0.096094 0.232813 0.135156 0.217188 0.135156
2 0.229687 0.094531 0.245312 0.094531 0.245312 0.133594 0.229687 0.133594
2 0.242188 0.091406 0.257812 0.091406 0.257812 0.130469 0.242188 0.130469
2 0.254688 0.096094 0.270313 0.096094 0.270313 0.135156 0.254688 0.135156
2 0.260937 0.088281 0.276562 0.088281 0.276562 0.127344 0.260937 0.127344
2 0.275000 0.088281 0.290625 0.088281 0.290625 0.127344 0.275000 0.127344
2 0.290625 0.096094 0.306250 0.096094 0.306250 0.135156 0.290625 0.135156
2 0.300000 0.089844 0.315625 0.089844 0.315625 0.128906 0.300000 0.128906
2 0.314063 0.086719 0.329688 0.086719 0.329688 0.125781 0.314063 0.125781
2 0.326562 0.091406 0.342187 0.091406 0.342187 0.130469 0.326562 0.130469
4 0.065625 0.014844 0.162500 0.014844 0.162500 0.294531 0.065625 0.294531
4 0.140625 0.008594 0.237500 0.008594 0.237500 0.288281 0.140625 0.288281
4 0.223438 0.011719 0.320312 0.011719 0.320312 0.291406 0.223438 0.291406
4 0.295312 0.007031 0.392188 0.007031 0.392188 0.286719 0.295312 0.286719
4 0.376563 0.016406 0.473438 0.016406 0.473438 0.296094 0.376563 0.296094
4 0.457813 0.013281 0.554688 0.013281 0.554688 0.292969 0.457813 0.292969
4 0.534375 0.008594 0.631250 0.008594 0.631250 0.288281 0.534375 0.288281
4 0.607812 0.016406 0.704688 0.016406 0.704688 0.296094 0.607812 0.296094
4 0.692187 0.011719 0.789062 0.011719 0.789062 0.291406 0.692187 0.291406
4 0.768750 0.008594 0.865625 0.008594 0.865625 0.288281 0.768750 0.288281
4 0.845313 0.007031 0.942187 0.007031 0.942187 0.286719 0.845313 0.286719
2 0.015625 0.346094 0.046875 0.346094 0.046875 0.438281 0.015625 0.438281
2 0.043750 0.350781 0.075000 0.350781 0.075000 0.442969 0.043750 0.442969
2 0.068750 0.344531 0.100000 0.344531 0.100000 0.436719 0.068750 0.436719
2 0.096875 0.347656 0.128125 0.347656 0.128125 0.439844 0.096875 0.439844
2 0.118750 0.347656 0.150000 0.347656 0.150000 0.439844 0.118750 0.439844
2 0.143750 0.342969 0.175000 0.342969 0.175000 0.435156 0.143750 0.435156
2 0.167187 0.346094 0.198437 0.346094 0.198437 0.438281 0.167187 0.438281
2 0.196875 0.349219 0.228125 0.349219 0.228125 0.441406 0.196875 0.441406
2 0.215625 0.346094 0.246875 0.346094 0.246875 0.438281 0.215625 0.438281
2 0.240625 0.352344 0.271875 0.352344 0.271875 0.444531 0.240625 0.444531
2 0.270313 0.352344 0.301563 0.352344 0.301563 0.444531 0.270313 0.444531
2 0.296875 0.344531 0.328125 0.344531 0.328125 0.436719 0.296875 0.436719
2 0.318750 0.349219 0.350000 0.349219 0.350000 0.441406 0.318750 0.441406
2 0.346875 0.346094 0.378125 0.346094 0.378125 0.438281 0.346875 0.438281
2 0.371875 0.352344 0.403125 0.352344 0.403125 0.444531 0.371875 0.444531
2 0.392188 0.352344 0.423438 0.352344 0.423438 0.444531 0.392188 0.444531
2 0.415625 0.342969 0.446875 0.342969 0.446875 0.435156 0.415625 0.435156
2 0.446875 0.350781 0.478125 0.350781 0.478125 0.442969 0.446875 0.442969
2 0.468750 0.346094 0.500000 0.346094 0.500000 0.438281 0.468750 0.438281
2 0.492188 0.342969 0.523438 0.342969 0.523438 0.435156 0.492188 0.435156
2 0.517188 0.349219 0.548438 0.349219 0.548438 0.441406 0.517188 0.441406
2 0.540625 0.349219 0.571875 0.349219 0.571875 0.441406 0.540625 0.441406
2 0.565625 0.350781 0.596875 0.350781 0.596875 0.442969 0.565625 0.442969
2 0.592187 0.347656 0.623437 0.347656 0.623437 0.439844 0.592187 0.439844
2 0.620313 0.342969 0.651563 0.342969 0.651563 0.435156 0.620313 0.435156
4 0.082031 0.277344 0.227344 0.277344 0.227344 0.685156 0.082031 0.685156
4 0.199219 0.271094 0.344531 0.271094 0.344531 0.678906 0.199219 0.678906
4 0.314844 0.267969 0.460156 0.267969 0.460156 0.675781 0.314844 0.675781
4 0.439844 0.267969 0.585156 0.267969 0.585156 0.675781 0.439844 0.675781
4 0.557031 0.271094 0.702344 0.271094 0.702344 0.678906 0.557031 0.678906
4 0.674219 0.269531 0.819531 0.269531 0.819531 0.677344 0.674219 0.677344
4 0.792969 0.277344 0.938281 0.277344 0.938281 0.685156 0.792969 0.685156
2 0.016406 0.796875 0.055469 0.796875 0.055469 0.934375 0.016406 0.934375
2 0.044531 0.801562 0.083594 0.801562 0.083594 0.939063 0.044531 0.939063
2 0.080469 0.806250 0.119531 0.806250 0.119531 0.943750 0.080469 0.943750
2 0.116406 0.800000 0.155469 0.800000 0.155469 0.937500 0.116406 0.937500
2 0.142969 0.798438 0.182031 0.798438 0.182031 0.935937 0.142969 0.935937
2 0.177344 0.801562 0.216406 0.801562 0.216406 0.939063 0.177344 0.939063
2 0.208594 0.800000 0.247656 0.800000 0.247656 0.937500 0.208594 0.937500
2 0.247656 0.796875 0.286719 0.796875 0.286719 0.934375 0.247656 0.934375
2 0.278906 0.803125 0.317969 0.803125 0.317969 0.940625 0.278906 0.940625
2 0.307031 0.798438 0.346094 0.798438 0.346094 0.935937 0.307031 0.935937
2 0.342969 0.800000 0.382031 0.800000 0.382031 0.937500 0.342969 0.937500
2 0.372656 0.804688 0.411719 0.804688 0.411719 0.942187 0.372656 0.942187
2 0.407031 0.800000 0.446094 0.800000 0.446094 0.937500 0.407031 0.937500
2 0.439844 0.804688 0.478906 0.804688 0.478906 0.942187 0.439844 0.942187
2 0.474219 0.803125 0.513281 0.803125 0.513281 0.940625 0.474219 0.940625
2 0.505469 0.801562 0.544531 0.801562 0.544531 0.939063 0.505469 0.939063
2 0.536719 0.800000 0.575781 0.800000 0.575781 0.937500 0.536719 0.937500
2 0.569531 0.803125 0.608594 0.803125 0.608594 0.940625 0.569531 0.940625
2 0.602344 0.803125 0.641406 0.803125 0.641406 0.940625 0.602344 0.940625
2 0.638281 0.806250 0.677344 0.806250 0.677344 0.943750 0.638281 0.943750
2 0.674219 0.801562 0.713281 0.801562 0.713281 0.939063 0.674219 0.939063
2 0.707031 0.806250 0.746094 0.806250 0.746094 0.943750 0.707031 0.943750
2 0.733594 0.803125 0.772656 0.803125 0.772656 0.940625 0.733594 0.940625
2 0.766406 0.804688 0.805469 0.804688 0.805469 0.942187 0.766406 0.942187
2 0.803906 0.798438 0.842969 0.798438 0.842969 0.935937 0.803906 0.935937