3 0.010937 0.017188 0.120313 0.017188 0.120313 0.204687 0.010937 0.204687
3 0.107813 0.010937 0.217188 0.010937 0.217188 0.198437 0.107813 0.198437
3 0.204687 0.020313 0.314063 0.020313 0.314063 0.207813 0.204687 0.207813
3 0.304688 0.012500 0.414062 0.012500 0.414062 0.200000 0.304688 0.200000
3 0.401562 0.017188 0.510938 0.017188 0.510938 0.204687 0.401562 0.204687
3 0.493750 0.015625 0.603125 0.015625 0.603125 0.203125 0.493750 0.203125
3 0.595313 0.017188 0.704688 0.017188 0.704688 0.204687 0.595313 0.204687
3 0.692187 0.018750 0.801562 0.018750 0.801562 0.206250 0.692187 0.206250
3 0.785937 0.010937 0.895312 0.010937 0.895312 0.198437 0.785937 0.198437
1 0.046094 0.248438 0.085156 0.248438 0.085156 0.323437 0.046094 0.323437
1 0.078906 0.240625 0.117969 0.240625 0.117969 0.315625 0.078906 0.315625
1 0.113281 0.240625 0.152344 0.240625 0.152344 0.315625 0.113281 0.315625
1 0.142969 0.239063 0.182031 0.239063 0.182031 0.314063 0.142969 0.314063
1 0.174219 0.246875 0.213281 0.246875 0.213281 0.321875 0.174219 0.321875
1 0.203906 0.248438 0.242969 0.248438 0.242969 0.323437 0.203906 0.323437
1 0.232031 0.246875 0.271094 0.246875 0.271094 0.321875 0.232031 0.321875
1 0.264844 0.248438 0.303906 0.248438 0.303906 0.323437 0.264844 0.323437
1 0.299219 0.239063 0.338281 0.239063 0.338281 0.314063 0.299219 0.314063
1 0.325781 0.245312 0.364844 0.245312 0.364844 0.320312 0.325781 0.320312
1 0.363281 0.243750 0.402344 0.243750 0.402344 0.318750 0.363281 0.318750
1 0.392969 0.242188 0.432031 0.242188 0.432031 0.317188 0.392969 0.317188
1 0.421094 0.245312 0.460156 0.245312 0.460156 0.320312 0.421094 0.320312
1 0.450781 0.243750 0.489844 0.243750 0.489844 0.318750 0.450781 0.318750
1 0.488281 0.245312 0.527344 0.245312 0.527344 0.320312 0.488281 0.320312
1 0.513281 0.245312 0.552344 0.245312 0.552344 0.320312 0.513281 0.320312
1 0.547656 0.246875 0.586719 0.246875 0.586719 0.321875 0.547656 0.321875
1 0.577344 0.243750 0.616406 0.243750 0.616406 0.318750 0.577344 0.318750
1 0.607031 0.242188 0.646094 0.242188 0.646094 0.317188 0.607031 0.317188
1 0.642969 0.245312 0.682031 0.245312 0.682031 0.320312 0.642969 0.320312
1 0.674219 0.240625 0.713281 0.240625 0.713281 0.315625 0.674219 0.315625
1 0.702344 0.248438 0.741406 0.248438 0.741406 0.323437 0.702344 0.323437
1 0.732031 0.245312 0.771094 0.245312 0.771094 0.320312 0.732031 0.320312
1 0.763281 0.239063 0.802344 0.239063 0.802344 0.314063 0.763281 0.314063
1 0.794531 0.245312 0.833594 0.245312 0.833594 0.320312 0.794531 0.320312
3 0.000000 0.231250 0.137500 0.231250 0.137500 0.465625 0.000000 0.465625
3 0.120313 0.239063 0.257812 0.239063 0.257812 0.473438 0.120313 0.473438
3 0.248438 0.237500 0.385937 0.237500 0.385937 0.471875 0.248438 0.471875
3 0.373437 0.229687 0.510938 0.229687 0.510938 0.464062 0.373437 0.464062
3 0.501563 0.232813 0.639062 0.232813 0.639062 0.467187 0.501563 0.467187
3 0.621875 0.234375 0.759375 0.234375 0.759375 0.468750 0.621875 0.468750
3 0.748437 0.231250 0.885938 0.231250 0.885938 0.465625 0.748437 0.465625
1 0.053906 0.546875 0.080469 0.546875 0.080469 0.575000 0.053906 0.575000
1 0.075781 0.546875 0.102344 0.546875 0.102344 0.575000 0.075781 0.575000
1 0.102344 0.545312 0.128906 0.545312 0.128906 0.573438 0.102344 0.573438
1 0.121094 0.546875 0.147656 0.546875 0.147656 0.575000 0.121094 0.575000
1 0.149219 0.542188 0.175781 0.542188 0.175781 0.570312 0.149219 0.570312
1 0.172656 0.539062 0.199219 0.539062 0.199219 0.567187 0.172656 0.567187
1 0.196094 0.546875 0.222656 0.546875 0.222656 0.575000 0.196094 0.575000
1 0.217969 0.537500 0.244531 0.537500 0.244531 0.565625 0.217969 0.565625
1 0.238281 0.540625 0.264844 0.540625 0.264844 0.568750 0.238281 0.568750
1 0.264844 0.540625 0.291406 0.540625 0.291406 0.568750 0.264844 0.568750
1 0.285156 0.537500 0.311719 0.537500 0.311719 0.565625 0.285156 0.565625
1 0.311719 0.540625 0.338281 0.540625 0.338281 0.568750 0.311719 0.568750
1 0.333594 0.539062 0.360156 0.539062 0.360156 0.567187 0.333594 0.567187
1 0.360156 0.546875 0.386719 0.546875 0.386719 0.575000 0.360156 0.575000
1 0.378906 0.542188 0.405469 0.542188 0.405469 0.570312 0.378906 0.570312
1 0.408594 0.537500 0.435156 0.537500 0.435156 0.565625 0.408594 0.565625
1 0.430469 0.540625 0.457031 0.540625 0.457031 0.568750 0.430469 0.568750
1 0.455469 0.545312 0.482031 0.545312 0.482031 0.573438 0.455469 0.573438
1 0.472656 0.545312 0.499219 0.545312 0.499219 0.573438 0.472656 0.573438
1 0.497656 0.540625 0.524219 0.540625 0.524219 0.568750 0.497656 0.568750
1 0.525781 0.537500 0.552344 0.537500 0.552344 0.565625 0.525781 0.565625
1 0.549219 0.542188 0.575781 0.542188 0.575781 0.570312 0.549219 0.570312
1 0.569531 0.542188 0.596094 0.542188 0.596094 0.570312 0.569531 0.570312
1 0.596094 0.545312 0.622656 0.545312 0.622656 0.573438 0.596094 0.573438
1 0.619531 0.539062 0.646094 0.539062 0.646094 0.567187 0.619531 0.567187
3 0.003125 0.475781 0.128125 0.475781 0.128125 0.689844 0.003125 0.689844
3 0.125000 0.477344 0.250000 0.477344 0.250000 0.691406 0.125000 0.691406
3 0.242188 0.475781 0.367188 0.475781 0.367188 0.689844 0.242188 0.689844
3 0.365625 0.474219 0.490625 0.474219 0.490625 0.688281 0.365625 0.688281
3 0.489063 0.471094 0.614062 0.471094 0.614062 0.685156 0.489063 0.685156
3 0.603125 0.472656 0.728125 0.472656 0.728125 0.686719 0.603125 0.686719
3 0.729688 0.474219 0.854688 0.474219 0.854688 0.688281 0.729688 0.688281
1 0.059375 0.757812 0.081250 0.757812 0.081250 0.798438 0.059375 0.798438
1 0.076563 0.762500 0.098437 0.762500 0.098437 0.803125 0.076563 0.803125
1 0.090625 0.759375 0.112500 0.759375 0.112500 0.800000 0.090625 0.800000
1 0.107813 0.754687 0.129688 0.754687 0.129688 0.795312 0.107813 0.795312
1 0.123438 0.754687 0.145313 0.754687 0.145313 0.795312 0.123438 0.795312
1 0.142187 0.756250 0.164062 0.756250 0.164062 0.796875 0.142187 0.796875
1 0.160938 0.760938 0.182812 0.760938 0.182812 0.801562 0.160938 0.801562
1 0.178125 0.764062 0.200000 0.764062 0.200000 0.804688 0.178125 0.804688
1 0.196875 0.757812 0.218750 0.757812 0.218750 0.798438 0.196875 0.798438
1 0.210938 0.762500 0.232813 0.762500 0.232813 0.803125 0.210938 0.803125
1 0.225000 0.764062 0.246875 0.764062 0.246875 0.804688 0.225000 0.804688
1 0.242188 0.754687 0.264062 0.754687 0.264062 0.795312 0.242188 0.795312
1 0.260937 0.764062 0.282813 0.764062 0.282813 0.804688 0.260937 0.804688
1 0.279687 0.759375 0.301563 0.759375 0.301563 0.800000 0.279687 0.800000
1 0.293750 0.756250 0.315625 0.756250 0.315625 0.796875 0.293750 0.796875
1 0.315625 0.754687 0.337500 0.754687 0.337500 0.795312 0.315625 0.795312
1 0.328125 0.760938 0.350000 0.760938 0.350000 0.801562 0.328125 0.801562
1 0.348438 0.764062 0.370312 0.764062 0.370312 0.804688 0.348438 0.804688
1 0.367188 0.764062 0.389062 0.764062 0.389062 0.804688 0.367188 0.804688
1 0.382812 0.756250 0.404687 0.756250 0.404687 0.796875 0.382812 0.796875
1 0.398438 0.762500 0.420312 0.762500 0.420312 0.803125 0.398438 0.803125
1 0.414062 0.757812 0.435937 0.757812 0.435937 0.798438 0.414062 0.798438
1 0.431250 0.754687 0.453125 0.754687 0.453125 0.795312 0.431250 0.795312
1 0.453125 0.760938 0.475000 0.760938 0.475000 0.801562 0.453125 0.801562
1 0.467187 0.756250 0.489063 0.756250 0.489063 0.796875 0.467187 0.796875
3 0.018750 0.736719 0.112500 0.736719 0.112500 0.897656 0.018750 0.897656
3 0.101562 0.739844 0.195312 0.739844 0.195312 0.900781 0.101562 0.900781
3 0.189062 0.735156 0.282813 0.735156 0.282813 0.896094 0.189062 0.896094
3 0.267188 0.738281 0.360938 0.738281 0.360938 0.899219 0.267188 0.899219
3 0.354687 0.741406 0.448437 0.741406 0.448437 0.902344 0.354687 0.902344
3 0.432812 0.732031 0.526563 0.732031 0.526563 0.892969 0.432812 0.892969
3 0.520312 0.733594 0.614062 0.733594 0.614062 0.894531 0.520312 0.894531
3 0.598437 0.732031 0.692187 0.732031 0.692187 0.892969 0.598437 0.892969
3 0.682813 0.733594 0.776563 0.733594 0.776563 0.894531 0.682813 0.894531
3 0.762500 0.736719 0.856250 0.736719 0.856250 0.897656 0.762500 0.897656
3 0.846875 0.733594 0.940625 0.733594 0.940625 0.894531 0.846875 0.894531
1 0.050781 0.944531 0.089844 0.944531 0.089844 0.996094 0.050781 0.996094
1 0.078906 0.941406 0.117969 0.941406 0.117969 0.992969 0.078906 0.992969
1 0.119531 0.936719 0.158594 0.936719 0.158594 0.988281 0.119531 0.988281
1 0.147656 0.939844 0.186719 0.939844 0.186719 0.991406 0.147656 0.991406
1 0.185156 0.942969 0.224219 0.942969 0.224219 0.994531 0.185156 0.994531
1 0.221094 0.941406 0.260156 0.941406 0.260156 0.992969 0.221094 0.992969
1 0.257031 0.944531 0.296094 0.944531 0.296094 0.996094 0.257031 0.996094
1 0.291406 0.942969 0.330469 0.942969 0.330469 0.994531 0.291406 0.994531
1 0.322656 0.938281 0.361719 0.938281 0.361719 0.989844 0.322656 0.989844
1 0.358594 0.942969 0.397656 0.942969 0.397656 0.994531 0.358594 0.994531
1 0.394531 0.939844 0.433594 0.939844 0.433594 0.991406 0.394531 0.991406
1 0.425781 0.946094 0.464844 0.946094 0.464844 0.997656 0.425781 0.997656
1 0.457031 0.936719 0.496094 0.936719 0.496094 0.988281 0.457031 0.988281
1 0.496094 0.941406 0.535156 0.941406 0.535156 0.992969 0.496094 0.992969
1 0.525781 0.944531 0.564844 0.944531 0.564844 0.996094 0.525781 0.996094
1 0.564844 0.942969 0.603906 0.942969 0.603906 0.994531 0.564844 0.994531
1 0.596094 0.944531 0.635156 0.944531 0.635156 0.996094 0.596094 0.996094
1 0.635156 0.939844 0.674219 0.939844 0.674219 0.991406 0.635156 0.991406
1 0.664844 0.942969 0.703906 0.942969 0.703906 0.994531 0.664844 0.994531
1 0.700781 0.942969 0.739844 0.942969 0.739844 0.994531 0.700781 0.994531
1 0.735156 0.939844 0.774219 0.939844 0.774219 0.991406 0.735156 0.991406
1 0.766406 0.936719 0.805469 0.936719 0.805469 0.988281 0.766406 0.988281
1 0.800781 0.944531 0.839844 0.944531 0.839844 0.996094 0.800781 0.996094
1 0.838281 0.942969 0.877344 0.942969 0.877344 0.994531 0.838281 0.994531
1 0.872656 0.938281 0.911719 0.938281 0.911719 0.989844 0.872656 0.989844