0 0.027344 0.021094 0.069531 0.021094 0.069531 0.050781 0.027344 0.050781
0 0.333594 0.021094 0.375781 0.021094 0.375781 0.050781 0.333594 0.050781
0 0.639844 0.021094 0.682031 0.021094 0.682031 0.050781 0.639844 0.050781
0 0.946094 0.021094 0.988281 0.021094 0.988281 0.050781 0.946094 0.050781
3 0.026902 0.072576 0.149305 0.006577 0.262764 0.217000 0.140361 0.283000
3 0.075637 0.035225 0.210470 0.001191 0.268979 0.232983 0.134146 0.267017
3 0.132031 0.010937 0.271094 0.010937 0.271094 0.250000 0.132031 0.250000
3 0.192655 0.001191 0.327488 0.035225 0.268979 0.267017 0.134146 0.232983
3 0.253820 0.006577 0.376223 0.072576 0.262764 0.283000 0.140361 0.217000
3 0.311807 0.026770 0.414335 0.120719 0.252826 0.296975 0.150299 0.203025
0 0.180469 0.235156 0.222656 0.235156 0.222656 0.264844 0.180469 0.264844
3 0.295040 0.120719 0.397568 0.026770 0.559076 0.203025 0.456549 0.296975
3 0.333152 0.072576 0.455555 0.006577 0.569014 0.217000 0.446611 0.283000
3 0.381887 0.035225 0.516720 0.001191 0.575229 0.232983 0.440396 0.267017
3 0.438281 0.010937 0.577344 0.010937 0.577344 0.250000 0.438281 0.250000
3 0.498905 0.001191 0.633738 0.035225 0.575229 0.267017 0.440396 0.232983
3 0.560070 0.006577 0.682473 0.072576 0.569014 0.283000 0.446611 0.217000
3 0.618057 0.026770 0.720585 0.120719 0.559076 0.296975 0.456549 0.203025
0 0.486719 0.235156 0.528906 0.235156 0.528906 0.264844 0.486719 0.264844
3 0.601290 0.120719 0.703818 0.026770 0.865326 0.203025 0.762799 0.296975
3 0.639402 0.072576 0.761805 0.006577 0.875264 0.217000 0.752861 0.283000
3 0.688137 0.035225 0.822970 0.001191 0.881479 0.232983 0.746646 0.267017
3 0.744531 0.010937 0.883594 0.010937 0.883594 0.250000 0.744531 0.250000
3 0.805155 0.001191 0.939988 0.035225 0.881479 0.267017 0.746646 0.232983
3 0.866320 0.006577 0.988723 0.072576 0.875264 0.283000 0.752861 0.217000
0 0.792969 0.235156 0.835156 0.235156 0.835156 0.264844 0.792969 0.264844
0 0.027344 0.449219 0.069531 0.449219 0.069531 0.478906 0.027344 0.478906
3 0.141915 0.334782 0.244443 0.240833 0.405951 0.417088 0.303424 0.511037
3 0.180027 0.286639 0.302430 0.220640 0.415889 0.431063 0.293486 0.497062
3 0.228762 0.249288 0.363595 0.215253 0.422104 0.447045 0.287271 0.481080
3 0.285156 0.225000 0.424219 0.225000 0.424219 0.464062 0.285156 0.464062
3 0.345780 0.215253 0.480613 0.249288 0.422104 0.481080 0.287271 0.447045
3 0.406945 0.220640 0.529348 0.286639 0.415889 0.497062 0.293486 0.431063
3 0.464932 0.240833 0.567460 0.334782 0.405951 0.511037 0.303424 0.417088
0 0.333594 0.449219 0.375781 0.449219 0.375781 0.478906 0.333594 0.478906
3 0.448165 0.334782 0.550693 0.240833 0.712201 0.417088 0.609674 0.511037
3 0.486277 0.286639 0.608680 0.220640 0.722139 0.431063 0.599736 0.497062
3 0.535012 0.249288 0.669845 0.215253 0.728354 0.447045 0.593521 0.481080
3 0.591406 0.225000 0.730469 0.225000 0.730469 0.464062 0.591406 0.464062
3 0.652030 0.215253 0.786863 0.249288 0.728354 0.481080 0.593521 0.447045
3 0.713195 0.220640 0.835598 0.286639 0.722139 0.497062 0.599736 0.431063
3 0.771182 0.240833 0.873710 0.334782 0.712201 0.511037 0.609674 0.417088
0 0.639844 0.449219 0.682031 0.449219 0.682031 0.478906 0.639844 0.478906
0 0.946094 0.449219 0.988281 0.449219 0.988281 0.478906 0.946094 0.478906
3 0.026902 0.500701 0.149305 0.434702 0.262764 0.645125 0.140361 0.711125
3 0.075637 0.463350 0.210470 0.429316 0.268979 0.661108 0.134146 0.695142
3 0.132031 0.439063 0.271094 0.439063 0.271094 0.678125 0.132031 0.678125
3 0.192655 0.429316 0.327488 0.463350 0.268979 0.695142 0.134146 0.661108
3 0.253820 0.434702 0.376223 0.500701 0.262764 0.711125 0.140361 0.645125
3 0.311807 0.454895 0.414335 0.548844 0.252826 0.725100 0.150299 0.631150
0 0.180469 0.663281 0.222656 0.663281 0.222656 0.692969 0.180469 0.692969
3 0.295040 0.548844 0.397568 0.454895 0.559076 0.631150 0.456549 0.725100
3 0.333152 0.500701 0.455555 0.434702 0.569014 0.645125 0.446611 0.711125
3 0.381887 0.463350 0.516720 0.429316 0.575229 0.661108 0.440396 0.695142
3 0.438281 0.439063 0.577344 0.439063 0.577344 0.678125 0.438281 0.678125
3 0.498905 0.429316 0.633738 0.463350 0.575229 0.695142 0.440396 0.661108
3 0.560070 0.434702 0.682473 0.500701 0.569014 0.711125 0.446611 0.645125
3 0.618057 0.454895 0.720585 0.548844 0.559076 0.725100 0.456549 0.631150
0 0.486719 0.663281 0.528906 0.663281 0.528906 0.692969 0.486719 0.692969
3 0.601290 0.548844 0.703818 0.454895 0.865326 0.631150 0.762799 0.725100
3 0.639402 0.500701 0.761805 0.434702 0.875264 0.645125 0.752861 0.711125
3 0.688137 0.463350 0.822970 0.429316 0.881479 0.661108 0.746646 0.695142
3 0.744531 0.439063 0.883594 0.439063 0.883594 0.678125 0.744531 0.678125
3 0.805155 0.429316 0.939988 0.463350 0.881479 0.695142 0.746646 0.661108
3 0.866320 0.434702 0.988723 0.500701 0.875264 0.711125 0.752861 0.645125
0 0.792969 0.663281 0.835156 0.663281 0.835156 0.692969 0.792969 0.692969