2 0.067969 0.167969 0.135156 0.167969 0.135156 0.425781 0.067969 0.425781
2 0.139844 0.180469 0.207031 0.180469 0.207031 0.438281 0.139844 0.438281
2 0.211719 0.178906 0.278906 0.178906 0.278906 0.436719 0.211719 0.436719
2 0.283594 0.157031 0.350781 0.157031 0.350781 0.414844 0.283594 0.414844
2 0.355469 0.164844 0.422656 0.164844 0.422656 0.422656 0.355469 0.422656
2 0.427344 0.158594 0.494531 0.158594 0.494531 0.416406 0.427344 0.416406
2 0.499219 0.166406 0.566406 0.166406 0.566406 0.424219 0.499219 0.424219
2 0.571094 0.155469 0.638281 0.155469 0.638281 0.413281 0.571094 0.413281
2 0.642969 0.169531 0.710156 0.169531 0.710156 0.427344 0.642969 0.427344
2 0.714844 0.169531 0.782031 0.169531 0.782031 0.427344 0.714844 0.427344
2 0.786719 0.163281 0.853906 0.163281 0.853906 0.421094 0.786719 0.421094