4 0.022656 0.068750 0.036719 0.068750 0.036719 0.109375 0.022656 0.109375
4 0.038281 0.067187 0.052344 0.067187 0.052344 0.107813 0.038281 0.107813
4 0.044531 0.070312 0.058594 0.070312 0.058594 0.110937 0.044531 0.110937
4 0.063281 0.068750 0.077344 0.068750 0.077344 0.109375 0.063281 0.109375
4 0.074219 0.067187 0.088281 0.067187 0.088281 0.107813 0.074219 0.107813
4 0.083594 0.064062 0.097656 0.064062 0.097656 0.104688 0.083594 0.104688
4 0.096094 0.064062 0.110156 0.064062 0.110156 0.104688 0.096094 0.104688
4 0.108594 0.067187 0.122656 0.067187 0.122656 0.107813 0.108594 0.107813
4 0.122656 0.062500 0.136719 0.062500 0.136719 0.103125 0.122656 0.103125
4 0.135156 0.064062 0.149219 0.064062 0.149219 0.104688 0.135156 0.104688
4 0.146094 0.060937 0.160156 0.060937 0.160156 0.101562 0.146094 0.101562
4 0.160156 0.068750 0.174219 0.068750 0.174219 0.109375 0.160156 0.109375
4 0.174219 0.065625 0.188281 0.065625 0.188281 0.106250 0.174219 0.106250
4 0.188281 0.064062 0.202344 0.064062 0.202344 0.104688 0.188281 0.104688
4 0.196094 0.065625 0.210156 0.065625 0.210156 0.106250 0.196094 0.106250
4 0.207031 0.064062 0.221094 0.064062 0.221094 0.104688 0.207031 0.104688
4 0.221094 0.062500 0.235156 0.062500 0.235156 0.103125 0.221094 0.103125
4 0.238281 0.065625 0.252344 0.065625 0.252344 0.106250 0.238281 0.106250
4 0.244531 0.065625 0.258594 0.065625 0.258594 0.106250 0.244531 0.106250
4 0.257031 0.062500 0.271094 0.062500 0.271094 0.103125 0.257031 0.103125
4 0.275781 0.067187 0.289844 0.067187 0.289844 0.107813 0.275781 0.107813
4 0.283594 0.064062 0.297656 0.064062 0.297656 0.104688 0.283594 0.104688
4 0.294531 0.067187 0.308594 0.067187 0.308594 0.107813 0.294531 0.107813
4 0.313281 0.068750 0.327344 0.068750 0.327344 0.109375 0.313281 0.109375
4 0.322656 0.068750 0.336719 0.068750 0.336719 0.109375 0.322656 0.109375
1 -0.000781 0.094531 0.057031 0.094531 0.057031 0.155469 -0.000781 0.155469
1 0.050781 0.094531 0.108594 0.094531 0.108594 0.155469 0.050781 0.155469
1 0.105469 0.096094 0.163281 0.096094 0.163281 0.157031 0.105469 0.157031
1 0.157031 0.089844 0.214844 0.089844 0.214844 0.150781 0.157031 0.150781
1 0.205469 0.092969 0.263281 0.092969 0.263281 0.153906 0.205469 0.153906
1 0.255469 0.092969 0.313281 0.092969 0.313281 0.153906 0.255469 0.153906
1 0.313281 0.094531 0.371094 0.094531 0.371094 0.155469 0.313281 0.155469
1 0.360156 0.096094 0.417969 0.096094 0.417969 0.157031 0.360156 0.157031
1 0.410156 0.091406 0.467969 0.091406 0.467969 0.152344 0.410156 0.152344
1 0.464844 0.094531 0.522656 0.094531 0.522656 0.155469 0.464844 0.155469
1 0.519531 0.094531 0.577344 0.094531 0.577344 0.155469 0.519531 0.155469
1 0.569531 0.094531 0.627344 0.094531 0.627344 0.155469 0.569531 0.155469
1 0.622656 0.091406 0.680469 0.091406 0.680469 0.152344 0.622656 0.152344
1 0.669531 0.089844 0.727344 0.089844 0.727344 0.150781 0.669531 0.150781
1 0.719531 0.099219 0.777344 0.099219 0.777344 0.160156 0.719531 0.160156
1 0.775781 0.091406 0.833594 0.091406 0.833594 0.152344 0.775781 0.152344
1 0.827344 0.092969 0.885156 0.092969 0.885156 0.153906 0.827344 0.153906
1 0.875781 0.097656 0.933594 0.097656 0.933594 0.158594 0.875781 0.158594
0 0.071875 0.146875 0.193750 0.146875 0.193750 0.212500 0.071875 0.212500
0 0.178125 0.143750 0.300000 0.143750 0.300000 0.209375 0.178125 0.209375
0 0.289062 0.145313 0.410938 0.145313 0.410938 0.210938 0.289062 0.210938
0 0.396875 0.142187 0.518750 0.142187 0.518750 0.207813 0.396875 0.207813
0 0.500000 0.146875 0.621875 0.146875 0.621875 0.212500 0.500000 0.212500
0 0.603125 0.151562 0.725000 0.151562 0.725000 0.217188 0.603125 0.217188
0 0.709375 0.145313 0.831250 0.145313 0.831250 0.210938 0.709375 0.210938
0 0.820312 0.143750 0.942187 0.143750 0.942187 0.209375 0.820312 0.209375
4 0.060156 0.107813 0.158594 0.107813 0.158594 0.370312 0.060156 0.370312
4 0.138281 0.115625 0.236719 0.115625 0.236719 0.378125 0.138281 0.378125
4 0.221094 0.107813 0.319531 0.107813 0.319531 0.370312 0.221094 0.370312
4 0.299219 0.110937 0.397656 0.110937 0.397656 0.373437 0.299219 0.373437
4 0.377344 0.114062 0.475781 0.114062 0.475781 0.376563 0.377344 0.376563
4 0.455469 0.106250 0.553906 0.106250 0.553906 0.368750 0.455469 0.368750
4 0.539844 0.109375 0.638281 0.109375 0.638281 0.371875 0.539844 0.371875
4 0.616406 0.106250 0.714844 0.106250 0.714844 0.368750 0.616406 0.368750
4 0.697656 0.106250 0.796094 0.106250 0.796094 0.368750 0.697656 0.368750
4 0.774219 0.110937 0.872656 0.110937 0.872656 0.373437 0.774219 0.373437
4 0.858594 0.115625 0.957031 0.115625 0.957031 0.378125 0.858594 0.378125
1 0.025781 0.494531 0.033594 0.494531 0.033594 0.505469 0.025781 0.505469
1 0.038281 0.491406 0.046094 0.491406 0.046094 0.502344 0.038281 0.502344
1 0.052344 0.492969 0.060156 0.492969 0.060156 0.503906 0.052344 0.503906
1 0.064844 0.494531 0.072656 0.494531 0.072656 0.505469 0.064844 0.505469
1 0.074219 0.488281 0.082031 0.488281 0.082031 0.499219 0.074219 0.499219
1 0.086719 0.488281 0.094531 0.488281 0.094531 0.499219 0.086719 0.499219
1 0.099219 0.494531 0.107031 0.494531 0.107031 0.505469 0.099219 0.505469
1 0.113281 0.491406 0.121094 0.491406 0.121094 0.502344 0.113281 0.502344
1 0.128906 0.486719 0.136719 0.486719 0.136719 0.497656 0.128906 0.497656
1 0.141406 0.488281 0.149219 0.488281 0.149219 0.499219 0.141406 0.499219
1 0.150781 0.491406 0.158594 0.491406 0.158594 0.502344 0.150781 0.502344
1 0.160156 0.491406 0.167969 0.491406 0.167969 0.502344 0.160156 0.502344
1 0.178906 0.492969 0.186719 0.492969 0.186719 0.503906 0.178906 0.503906
1 0.191406 0.491406 0.199219 0.491406 0.199219 0.502344 0.191406 0.502344
1 0.199219 0.491406 0.207031 0.491406 0.207031 0.502344 0.199219 0.502344
1 0.210156 0.488281 0.217969 0.488281 0.217969 0.499219 0.210156 0.499219
1 0.227344 0.491406 0.235156 0.491406 0.235156 0.502344 0.227344 0.502344
1 0.238281 0.488281 0.246094 0.488281 0.246094 0.499219 0.238281 0.499219
1 0.253906 0.488281 0.261719 0.488281 0.261719 0.499219 0.253906 0.499219
1 0.264844 0.494531 0.272656 0.494531 0.272656 0.505469 0.264844 0.505469
1 0.277344 0.488281 0.285156 0.488281 0.285156 0.499219 0.277344 0.499219
1 0.285156 0.486719 0.292969 0.486719 0.292969 0.497656 0.285156 0.497656
1 0.299219 0.491406 0.307031 0.491406 0.307031 0.502344 0.299219 0.502344
1 0.314844 0.488281 0.322656 0.488281 0.322656 0.499219 0.314844 0.499219
1 0.324219 0.489844 0.332031 0.489844 0.332031 0.500781 0.324219 0.500781
0 0.019531 0.501563 0.042969 0.501563 0.042969 0.514062 0.019531 0.514062
0 0.036719 0.498437 0.060156 0.498437 0.060156 0.510938 0.036719 0.510938
0 0.061719 0.507812 0.085156 0.507812 0.085156 0.520312 0.061719 0.520312
0 0.078906 0.503125 0.102344 0.503125 0.102344 0.515625 0.078906 0.515625
0 0.099219 0.506250 0.122656 0.506250 0.122656 0.518750 0.099219 0.518750
0 0.119531 0.504687 0.142969 0.504687 0.142969 0.517188 0.119531 0.517188
0 0.138281 0.506250 0.161719 0.506250 0.161719 0.518750 0.138281 0.518750
0 0.158594 0.507812 0.182031 0.507812 0.182031 0.520312 0.158594 0.520312
0 0.183594 0.500000 0.207031 0.500000 0.207031 0.512500 0.183594 0.512500
0 0.197656 0.503125 0.221094 0.503125 0.221094 0.515625 0.197656 0.515625
0 0.224219 0.506250 0.247656 0.506250 0.247656 0.518750 0.224219 0.518750
0 0.241406 0.507812 0.264844 0.507812 0.264844 0.520312 0.241406 0.520312
0 0.260156 0.498437 0.283594 0.498437 0.283594 0.510938 0.260156 0.510938
0 0.283594 0.506250 0.307031 0.506250 0.307031 0.518750 0.283594 0.518750
0 0.300781 0.507812 0.324219 0.507812 0.324219 0.520312 0.300781 0.520312
0 0.319531 0.500000 0.342969 0.500000 0.342969 0.512500 0.319531 0.512500
0 0.339844 0.504687 0.363281 0.504687 0.363281 0.517188 0.339844 0.517188
0 0.360156 0.506250 0.383594 0.506250 0.383594 0.518750 0.360156 0.518750
0 0.383594 0.503125 0.407031 0.503125 0.407031 0.515625 0.383594 0.515625
0 0.407031 0.498437 0.430469 0.498437 0.430469 0.510938 0.407031 0.510938
0 0.425781 0.498437 0.449219 0.498437 0.449219 0.510938 0.425781 0.510938
0 0.442969 0.507812 0.466406 0.507812 0.466406 0.520312 0.442969 0.520312
0 0.464844 0.498437 0.488281 0.498437 0.488281 0.510938 0.464844 0.510938
0 0.485156 0.498437 0.508594 0.498437 0.508594 0.510938 0.485156 0.510938
0 0.507031 0.500000 0.530469 0.500000 0.530469 0.512500 0.507031 0.512500
4 0.052344 0.435156 0.113281 0.435156 0.113281 0.614844 0.052344 0.614844
4 0.099219 0.433594 0.160156 0.433594 0.160156 0.613281 0.099219 0.613281
4 0.147656 0.433594 0.208594 0.433594 0.208594 0.613281 0.147656 0.613281
4 0.197656 0.433594 0.258594 0.433594 0.258594 0.613281 0.197656 0.613281
4 0.252344 0.436719 0.313281 0.436719 0.313281 0.616406 0.252344 0.616406
4 0.300781 0.433594 0.361719 0.433594 0.361719 0.613281 0.300781 0.613281
4 0.346094 0.428906 0.407031 0.428906 0.407031 0.608594 0.346094 0.608594
4 0.399219 0.432031 0.460156 0.432031 0.460156 0.611719 0.399219 0.611719
4 0.449219 0.427344 0.510156 0.427344 0.510156 0.607031 0.449219 0.607031
4 0.502344 0.435156 0.563281 0.435156 0.563281 0.614844 0.502344 0.614844
4 0.552344 0.432031 0.613281 0.432031 0.613281 0.611719 0.552344 0.611719
4 0.596094 0.432031 0.657031 0.432031 0.657031 0.611719 0.596094 0.611719
4 0.650781 0.428906 0.711719 0.428906 0.711719 0.608594 0.650781 0.608594
4 0.699219 0.427344 0.760156 0.427344 0.760156 0.607031 0.699219 0.607031
4 0.752344 0.436719 0.813281 0.436719 0.813281 0.616406 0.752344 0.616406
4 0.797656 0.432031 0.858594 0.432031 0.858594 0.611719 0.797656 0.611719
4 0.847656 0.430469 0.908594 0.430469 0.908594 0.610156 0.847656 0.610156
4 0.899219 0.435156 0.960156 0.435156 0.960156 0.614844 0.899219 0.614844