4 0.071875 0.292187 0.184375 0.292187 0.184375 0.607812 0.071875 0.607812
4 0.165625 0.285938 0.278125 0.285938 0.278125 0.601562 0.165625 0.601562
4 0.267188 0.282813 0.379688 0.282813 0.379688 0.598437 0.267188 0.598437
4 0.365625 0.290625 0.478125 0.290625 0.478125 0.606250 0.365625 0.606250
4 0.456250 0.287500 0.568750 0.287500 0.568750 0.603125 0.456250 0.603125
4 0.556250 0.290625 0.668750 0.290625 0.668750 0.606250 0.556250 0.606250
4 0.650000 0.290625 0.762500 0.290625 0.762500 0.606250 0.650000 0.606250
4 0.748437 0.285938 0.860938 0.285938 0.860938 0.601562 0.748437 0.601562
4 0.843750 0.290625 0.956250 0.290625 0.956250 0.606250 0.843750 0.606250
4 0.059375 0.642188 0.134375 0.642188 0.134375 0.860938 0.059375 0.860938
4 0.131250 0.643750 0.206250 0.643750 0.206250 0.862500 0.131250 0.862500
4 0.198437 0.640625 0.273438 0.640625 0.273438 0.859375 0.198437 0.859375
4 0.259375 0.639062 0.334375 0.639062 0.334375 0.857812 0.259375 0.857812
4 0.326562 0.642188 0.401562 0.642188 0.401562 0.860938 0.326562 0.860938
4 0.395313 0.642188 0.470313 0.642188 0.470313 0.860938 0.395313 0.860938
4 0.465625 0.648438 0.540625 0.648438 0.540625 0.867188 0.465625 0.867188
4 0.531250 0.639062 0.606250 0.639062 0.606250 0.857812 0.531250 0.857812
4 0.595313 0.642188 0.670312 0.642188 0.670312 0.860938 0.595313 0.860938
4 0.665625 0.645312 0.740625 0.645312 0.740625 0.864062 0.665625 0.864062
4 0.732812 0.648438 0.807813 0.648438 0.807813 0.867188 0.732812 0.867188
4 0.800000 0.646875 0.875000 0.646875 0.875000 0.865625 0.800000 0.865625
4 0.868750 0.645312 0.943750 0.645312 0.943750 0.864062 0.868750 0.864062
4 0.019531 0.925000 0.039844 0.925000 0.039844 0.984375 0.019531 0.984375
4 0.038281 0.926562 0.058594 0.926562 0.058594 0.985938 0.038281 0.985938
4 0.053906 0.925000 0.074219 0.925000 0.074219 0.984375 0.053906 0.984375
4 0.071094 0.917188 0.091406 0.917188 0.091406 0.976562 0.071094 0.976562
4 0.091406 0.918750 0.111719 0.918750 0.111719 0.978125 0.091406 0.978125
4 0.103906 0.921875 0.124219 0.921875 0.124219 0.981250 0.103906 0.981250
4 0.127344 0.917188 0.147656 0.917188 0.147656 0.976562 0.127344 0.976562
4 0.139844 0.920312 0.160156 0.920312 0.160156 0.979688 0.139844 0.979688
4 0.155469 0.918750 0.175781 0.918750 0.175781 0.978125 0.155469 0.978125
4 0.174219 0.920312 0.194531 0.920312 0.194531 0.979688 0.174219 0.979688
4 0.194531 0.920312 0.214844 0.920312 0.214844 0.979688 0.194531 0.979688
4 0.211719 0.926562 0.232031 0.926562 0.232031 0.985938 0.211719 0.985938
4 0.224219 0.923438 0.244531 0.923438 0.244531 0.982812 0.224219 0.982812
4 0.242969 0.920312 0.263281 0.920312 0.263281 0.979688 0.242969 0.979688
4 0.263281 0.921875 0.283594 0.921875 0.283594 0.981250 0.263281 0.981250
4 0.275781 0.925000 0.296094 0.925000 0.296094 0.984375 0.275781 0.984375
4 0.297656 0.925000 0.317969 0.925000 0.317969 0.984375 0.297656 0.984375
4 0.310156 0.921875 0.330469 0.921875 0.330469 0.981250 0.310156 0.981250
4 0.327344 0.923438 0.347656 0.923438 0.347656 0.982812 0.327344 0.982812
4 0.344531 0.926562 0.364844 0.926562 0.364844 0.985938 0.344531 0.985938
4 0.364844 0.920312 0.385156 0.920312 0.385156 0.979688 0.364844 0.979688
4 0.382031 0.918750 0.402344 0.918750 0.402344 0.978125 0.382031 0.978125
4 0.396094 0.921875 0.416406 0.921875 0.416406 0.981250 0.396094 0.981250
4 0.419531 0.921875 0.439844 0.921875 0.439844 0.981250 0.419531 0.981250
4 0.430469 0.918750 0.450781 0.918750 0.450781 0.978125 0.430469 0.978125