0 0.035937 0.014063 0.064062 0.014063 0.064062 0.067187 0.035937 0.067187
0 0.443750 0.014063 0.471875 0.014063 0.471875 0.067187 0.443750 0.067187
0 0.851562 0.014063 0.879687 0.014063 0.879687 0.067187 0.851562 0.067187
4 0.015558 0.181051 0.060954 0.100815 0.275823 0.222382 0.230427 0.302618
4 0.069823 0.090825 0.144120 0.036248 0.290273 0.235212 0.215977 0.289788
4 0.156306 0.030772 0.246445 0.011448 0.298195 0.252838 0.208055 0.272162
4 0.259805 0.011448 0.349944 0.030772 0.298195 0.272162 0.208055 0.252838
4 0.362130 0.036248 0.436427 0.090825 0.290273 0.289788 0.215977 0.235212
4 0.445296 0.100815 0.490692 0.181051 0.275823 0.302618 0.230427 0.222382
0 0.239063 0.235937 0.267188 0.235937 0.267188 0.289062 0.239063 0.289062
4 0.423371 0.181051 0.468766 0.100815 0.683635 0.222382 0.638240 0.302618
4 0.477636 0.090825 0.551933 0.036248 0.698086 0.235212 0.623789 0.289788
4 0.564118 0.030772 0.654258 0.011448 0.706007 0.252838 0.615868 0.272162
4 0.667617 0.011448 0.757757 0.030772 0.706007 0.272162 0.615868 0.252838
4 0.769942 0.036248 0.844239 0.090825 0.698086 0.289788 0.623789 0.235212
4 0.853109 0.100815 0.898504 0.181051 0.683635 0.302618 0.638240 0.222382
0 0.646875 0.235937 0.675000 0.235937 0.675000 0.289062 0.646875 0.289062
4 0.056680 0.233323 0.146819 0.252647 0.095070 0.494037 0.004930 0.474713
4 0.159005 0.258123 0.233302 0.312700 0.087148 0.511663 0.012852 0.457087
4 0.242171 0.322690 0.287567 0.402926 0.072698 0.524493 0.027302 0.444257
0 0.035937 0.457813 0.064062 0.457813 0.064062 0.510938 0.035937 0.510938
4 0.220246 0.402926 0.265641 0.322690 0.480510 0.444257 0.435115 0.524493
4 0.274511 0.312700 0.348808 0.258123 0.494961 0.457087 0.420664 0.511663
4 0.360993 0.252647 0.451133 0.233323 0.502882 0.474713 0.412743 0.494037
4 0.464492 0.233323 0.554632 0.252647 0.502882 0.494037 0.412743 0.474713
4 0.566817 0.258123 0.641114 0.312700 0.494961 0.511663 0.420664 0.457087
4 0.649984 0.322690 0.695379 0.402926 0.480510 0.524493 0.435115 0.444257
0 0.443750 0.457813 0.471875 0.457813 0.471875 0.510938 0.443750 0.510938
4 0.628058 0.402926 0.673454 0.322690 0.888323 0.444257 0.842927 0.524493
4 0.682323 0.312700 0.756620 0.258123 0.902773 0.457087 0.828477 0.511663
4 0.768806 0.252647 0.858945 0.233323 0.910695 0.474713 0.820555 0.494037
4 0.872305 0.233323 0.962444 0.252647 0.910695 0.494037 0.820555 0.474713
0 0.851562 0.457813 0.879687 0.457813 0.879687 0.510938 0.851562 0.510938
4 0.015558 0.624801 0.060954 0.544565 0.275823 0.666132 0.230427 0.746368
4 0.069823 0.534575 0.144120 0.479998 0.290273 0.678962 0.215977 0.733538
4 0.156306 0.474522 0.246445 0.455198 0.298195 0.696588 0.208055 0.715912
4 0.259805 0.455198 0.349944 0.474522 0.298195 0.715912 0.208055 0.696588
4 0.362130 0.479998 0.436427 0.534575 0.290273 0.733538 0.215977 0.678962
4 0.445296 0.544565 0.490692 0.624801 0.275823 0.746368 0.230427 0.666132
0 0.239063 0.679688 0.267188 0.679688 0.267188 0.732812 0.239063 0.732812
4 0.423371 0.624801 0.468766 0.544565 0.683635 0.666132 0.638240 0.746368
4 0.477636 0.534575 0.551933 0.479998 0.698086 0.678962 0.623789 0.733538
4 0.564118 0.474522 0.654258 0.455198 0.706007 0.696588 0.615868 0.715912
4 0.667617 0.455198 0.757757 0.474522 0.706007 0.715912 0.615868 0.696588
4 0.769942 0.479998 0.844239 0.534575 0.698086 0.733538 0.623789 0.678962
4 0.853109 0.544565 0.898504 0.624801 0.683635 0.746368 0.638240 0.666132
0 0.646875 0.679688 0.675000 0.679688 0.675000 0.732812 0.646875 0.732812