4 0.028968 0.120157 0.148628 0.062532 0.316080 0.410250 0.196420 0.467875
4 0.089563 0.084700 0.217590 0.049367 0.320263 0.421396 0.192237 0.456729
4 0.155516 0.060631 0.287794 0.048726 0.322389 0.433110 0.190111 0.445015
4 0.224706 0.048726 0.356984 0.060631 0.322389 0.445015 0.190111 0.433110
4 0.294910 0.049367 0.422937 0.084700 0.320263 0.456729 0.192237 0.421396
4 0.363872 0.062532 0.483532 0.120157 0.316080 0.467875 0.196420 0.410250
4 0.429375 0.087800 0.536822 0.165865 0.309974 0.478095 0.202526 0.400030
4 0.405365 0.165865 0.512813 0.087800 0.739661 0.400030 0.632214 0.478095
4 0.458656 0.120157 0.578315 0.062532 0.745767 0.410250 0.626108 0.467875
4 0.519251 0.084700 0.647277 0.049367 0.749951 0.421396 0.621924 0.456729
4 0.585203 0.060631 0.717481 0.048726 0.752076 0.433110 0.619799 0.445015
4 0.654394 0.048726 0.786672 0.060631 0.752076 0.445015 0.619799 0.433110
4 0.724598 0.049367 0.852624 0.084700 0.749951 0.456729 0.621924 0.421396
4 0.793560 0.062532 0.913219 0.120157 0.745767 0.467875 0.626108 0.410250
4 0.859062 0.087800 0.966510 0.165865 0.739661 0.478095 0.632214 0.400030
4 0.191303 0.512740 0.298750 0.434675 0.525599 0.746905 0.418151 0.824970
4 0.244593 0.467032 0.364253 0.409407 0.531705 0.757125 0.412045 0.814750
4 0.305188 0.431575 0.433215 0.396242 0.535888 0.768271 0.407862 0.803604
4 0.371141 0.407506 0.503419 0.395601 0.538014 0.779985 0.405736 0.791890
4 0.440331 0.395601 0.572609 0.407506 0.538014 0.791890 0.405736 0.779985
4 0.510535 0.396242 0.638562 0.431575 0.535888 0.803604 0.407862 0.768271
4 0.579497 0.409407 0.699157 0.467032 0.531705 0.814750 0.412045 0.757125
4 0.645000 0.434675 0.752447 0.512740 0.525599 0.824970 0.418151 0.746905
4 0.620990 0.512740 0.728438 0.434675 0.955286 0.746905 0.847839 0.824970
4 0.674281 0.467032 0.793940 0.409407 0.961392 0.757125 0.841733 0.814750
4 0.734876 0.431575 0.862902 0.396242 0.965576 0.768271 0.837549 0.803604
4 0.800828 0.407506 0.933106 0.395601 0.967701 0.779985 0.835424 0.791890