3 0.000677 0.010380 0.032056 0.000786 0.048502 0.054578 0.017123 0.064172
3 0.008272 0.006168 0.040724 0.001318 0.049039 0.056950 0.016586 0.061800
3 0.016406 0.003125 0.049219 0.003125 0.049219 0.059375 0.016406 0.059375
3 0.024901 0.001318 0.057353 0.006168 0.049039 0.061800 0.016586 0.056950
3 0.033569 0.000786 0.064948 0.010380 0.048502 0.064172 0.017123 0.054578
3 0.042221 0.001542 0.071837 0.015668 0.047621 0.066438 0.018004 0.052312
3 0.050666 0.003567 0.077868 0.021916 0.046414 0.068549 0.019211 0.050201
0 0.014063 0.049219 0.051562 0.049219 0.051562 0.069531 0.014063 0.069531
3 0.065882 0.021916 0.093084 0.003567 0.124539 0.050201 0.097336 0.068549
3 0.071913 0.015668 0.101529 0.001542 0.125746 0.052312 0.096129 0.066438
3 0.078802 0.010380 0.110181 0.000786 0.126627 0.054578 0.095248 0.064172
3 0.086397 0.006168 0.118849 0.001318 0.127164 0.056950 0.094711 0.061800
3 0.094531 0.003125 0.127344 0.003125 0.127344 0.059375 0.094531 0.059375
3 0.103026 0.001318 0.135478 0.006168 0.127164 0.061800 0.094711 0.056950
3 0.111694 0.000786 0.143073 0.010380 0.126627 0.064172 0.095248 0.054578
3 0.120346 0.001542 0.149962 0.015668 0.125746 0.066438 0.096129 0.052312
3 0.128791 0.003567 0.155993 0.021916 0.124539 0.068549 0.097336 0.050201
0 0.092188 0.049219 0.129688 0.049219 0.129688 0.069531 0.092188 0.069531
3 0.144007 0.021916 0.171209 0.003567 0.202664 0.050201 0.175461 0.068549
3 0.150038 0.015668 0.179654 0.001542 0.203871 0.052312 0.174254 0.066438
3 0.156927 0.010380 0.188306 0.000786 0.204752 0.054578 0.173373 0.064172
3 0.164522 0.006168 0.196974 0.001318 0.205289 0.056950 0.172836 0.061800
3 0.172656 0.003125 0.205469 0.003125 0.205469 0.059375 0.172656 0.059375
3 0.181151 0.001318 0.213603 0.006168 0.205289 0.061800 0.172836 0.056950
3 0.189819 0.000786 0.221198 0.010380 0.204752 0.064172 0.173373 0.054578
3 0.198471 0.001542 0.228087 0.015668 0.203871 0.066438 0.174254 0.052312
3 0.206916 0.003567 0.234118 0.021916 0.202664 0.068549 0.175461 0.050201
0 0.170313 0.049219 0.207813 0.049219 0.207813 0.069531 0.170313 0.069531
3 0.222132 0.021916 0.249334 0.003567 0.280789 0.050201 0.253586 0.068549
3 0.228163 0.015668 0.257779 0.001542 0.281996 0.052312 0.252379 0.066438
3 0.235052 0.010380 0.266431 0.000786 0.282877 0.054578 0.251498 0.064172
3 0.242647 0.006168 0.275099 0.001318 0.283414 0.056950 0.250961 0.061800
3 0.250781 0.003125 0.283594 0.003125 0.283594 0.059375 0.250781 0.059375
3 0.259276 0.001318 0.291728 0.006168 0.283414 0.061800 0.250961 0.056950
3 0.267944 0.000786 0.299323 0.010380 0.282877 0.064172 0.251498 0.054578
3 0.276596 0.001542 0.306212 0.015668 0.281996 0.066438 0.252379 0.052312
3 0.285041 0.003567 0.312243 0.021916 0.280789 0.068549 0.253586 0.050201
0 0.248438 0.049219 0.285938 0.049219 0.285938 0.069531 0.248438 0.069531
3 0.300257 0.021916 0.327459 0.003567 0.358914 0.050201 0.331711 0.068549
3 0.306288 0.015668 0.335904 0.001542 0.360121 0.052312 0.330504 0.066438
3 0.313177 0.010380 0.344556 0.000786 0.361002 0.054578 0.329623 0.064172
3 0.320772 0.006168 0.353224 0.001318 0.361539 0.056950 0.329086 0.061800
3 0.328906 0.003125 0.361719 0.003125 0.361719 0.059375 0.328906 0.059375
3 0.337401 0.001318 0.369853 0.006168 0.361539 0.061800 0.329086 0.056950
3 0.346069 0.000786 0.377448 0.010380 0.361002 0.064172 0.329623 0.054578
3 0.354721 0.001542 0.384337 0.015668 0.360121 0.066438 0.330504 0.052312
3 0.363166 0.003567 0.390368 0.021916 0.358914 0.068549 0.331711 0.050201
0 0.326562 0.049219 0.364063 0.049219 0.364063 0.069531 0.326562 0.069531
3 0.378382 0.021916 0.405584 0.003567 0.437039 0.050201 0.409836 0.068549
3 0.384413 0.015668 0.414029 0.001542 0.438246 0.052312 0.408629 0.066438
3 0.391302 0.010380 0.422681 0.000786 0.439127 0.054578 0.407748 0.064172
3 0.398897 0.006168 0.431349 0.001318 0.439664 0.056950 0.407211 0.061800
3 0.407031 0.003125 0.439844 0.003125 0.439844 0.059375 0.407031 0.059375
3 0.415526 0.001318 0.447978 0.006168 0.439664 0.061800 0.407211 0.056950
3 0.424194 0.000786 0.455573 0.010380 0.439127 0.064172 0.407748 0.054578
3 0.432846 0.001542 0.462462 0.015668 0.438246 0.066438 0.408629 0.052312
3 0.441291 0.003567 0.468493 0.021916 0.437039 0.068549 0.409836 0.050201
0 0.404687 0.049219 0.442188 0.049219 0.442188 0.069531 0.404687 0.069531
3 0.456507 0.021916 0.483709 0.003567 0.515164 0.050201 0.487961 0.068549
3 0.462538 0.015668 0.492154 0.001542 0.516371 0.052312 0.486754 0.066438
3 0.469427 0.010380 0.500806 0.000786 0.517252 0.054578 0.485873 0.064172
3 0.477022 0.006168 0.509474 0.001318 0.517789 0.056950 0.485336 0.061800
3 0.485156 0.003125 0.517969 0.003125 0.517969 0.059375 0.485156 0.059375
3 0.493651 0.001318 0.526103 0.006168 0.517789 0.061800 0.485336 0.056950
3 0.502319 0.000786 0.533698 0.010380 0.517252 0.064172 0.485873 0.054578
3 0.510971 0.001542 0.540587 0.015668 0.516371 0.066438 0.486754 0.052312
3 0.519416 0.003567 0.546618 0.021916 0.515164 0.068549 0.487961 0.050201
0 0.482812 0.049219 0.520312 0.049219 0.520312 0.069531 0.482812 0.069531
3 0.534632 0.021916 0.561834 0.003567 0.593289 0.050201 0.566086 0.068549
3 0.540663 0.015668 0.570279 0.001542 0.594496 0.052312 0.564879 0.066438
3 0.547552 0.010380 0.578931 0.000786 0.595377 0.054578 0.563998 0.064172
3 0.555147 0.006168 0.587599 0.001318 0.595914 0.056950 0.563461 0.061800
3 0.563281 0.003125 0.596094 0.003125 0.596094 0.059375 0.563281 0.059375
3 0.571776 0.001318 0.604228 0.006168 0.595914 0.061800 0.563461 0.056950
3 0.580444 0.000786 0.611823 0.010380 0.595377 0.064172 0.563998 0.054578
3 0.589096 0.001542 0.618712 0.015668 0.594496 0.066438 0.564879 0.052312
3 0.597541 0.003567 0.624743 0.021916 0.593289 0.068549 0.566086 0.050201
0 0.560937 0.049219 0.598437 0.049219 0.598437 0.069531 0.560937 0.069531
3 0.612757 0.021916 0.639959 0.003567 0.671414 0.050201 0.644211 0.068549
3 0.618788 0.015668 0.648404 0.001542 0.672621 0.052312 0.643004 0.066438
3 0.625677 0.010380 0.657056 0.000786 0.673502 0.054578 0.642123 0.064172
3 0.633272 0.006168 0.665724 0.001318 0.674039 0.056950 0.641586 0.061800
3 0.641406 0.003125 0.674219 0.003125 0.674219 0.059375 0.641406 0.059375
3 0.649901 0.001318 0.682353 0.006168 0.674039 0.061800 0.641586 0.056950
3 0.658569 0.000786 0.689948 0.010380 0.673502 0.064172 0.642123 0.054578
3 0.667221 0.001542 0.696837 0.015668 0.672621 0.066438 0.643004 0.052312
3 0.675666 0.003567 0.702868 0.021916 0.671414 0.068549 0.644211 0.050201
0 0.639062 0.049219 0.676562 0.049219 0.676562 0.069531 0.639062 0.069531
3 0.690882 0.021916 0.718084 0.003567 0.749539 0.050201 0.722336 0.068549
3 0.696913 0.015668 0.726529 0.001542 0.750746 0.052312 0.721129 0.066438
3 0.703802 0.010380 0.735181 0.000786 0.751627 0.054578 0.720248 0.064172
3 0.711397 0.006168 0.743849 0.001318 0.752164 0.056950 0.719711 0.061800
3 0.719531 0.003125 0.752344 0.003125 0.752344 0.059375 0.719531 0.059375
3 0.728026 0.001318 0.760478 0.006168 0.752164 0.061800 0.719711 0.056950
3 0.736694 0.000786 0.768073 0.010380 0.751627 0.064172 0.720248 0.054578
3 0.745346 0.001542 0.774962 0.015668 0.750746 0.066438 0.721129 0.052312
3 0.753791 0.003567 0.780993 0.021916 0.749539 0.068549 0.722336 0.050201
0 0.717187 0.049219 0.754687 0.049219 0.754687 0.069531 0.717187 0.069531
3 0.769007 0.021916 0.796209 0.003567 0.827664 0.050201 0.800461 0.068549
3 0.775038 0.015668 0.804654 0.001542 0.828871 0.052312 0.799254 0.066438
3 0.781927 0.010380 0.813306 0.000786 0.829752 0.054578 0.798373 0.064172
3 0.789522 0.006168 0.821974 0.001318 0.830289 0.056950 0.797836 0.061800
3 0.797656 0.003125 0.830469 0.003125 0.830469 0.059375 0.797656 0.059375
3 0.806151 0.001318 0.838603 0.006168 0.830289 0.061800 0.797836 0.056950
3 0.814819 0.000786 0.846198 0.010380 0.829752 0.064172 0.798373 0.054578
3 0.823471 0.001542 0.853087 0.015668 0.828871 0.066438 0.799254 0.052312
3 0.831916 0.003567 0.859118 0.021916 0.827664 0.068549 0.800461 0.050201
0 0.795312 0.049219 0.832812 0.049219 0.832812 0.069531 0.795312 0.069531
3 0.847132 0.021916 0.874334 0.003567 0.905789 0.050201 0.878586 0.068549
3 0.853163 0.015668 0.882779 0.001542 0.906996 0.052312 0.877379 0.066438
3 0.860052 0.010380 0.891431 0.000786 0.907877 0.054578 0.876498 0.064172
3 0.867647 0.006168 0.900099 0.001318 0.908414 0.056950 0.875961 0.061800
3 0.875781 0.003125 0.908594 0.003125 0.908594 0.059375 0.875781 0.059375
3 0.884276 0.001318 0.916728 0.006168 0.908414 0.061800 0.875961 0.056950
3 0.892944 0.000786 0.924323 0.010380 0.907877 0.064172 0.876498 0.054578
3 0.901596 0.001542 0.931212 0.015668 0.906996 0.066438 0.877379 0.052312
3 0.910041 0.003567 0.937243 0.021916 0.905789 0.068549 0.878586 0.050201
0 0.873437 0.049219 0.910937 0.049219 0.910937 0.069531 0.873437 0.069531
3 0.026819 0.100041 0.054022 0.081692 0.085476 0.128326 0.058274 0.146674
3 0.032851 0.093793 0.062467 0.079667 0.086683 0.130437 0.057067 0.144563
3 0.039740 0.088505 0.071118 0.078911 0.087564 0.132703 0.056186 0.142297
3 0.047335 0.084293 0.079787 0.079443 0.088101 0.135075 0.055649 0.139925
3 0.055469 0.081250 0.088281 0.081250 0.088281 0.137500 0.055469 0.137500
3 0.063963 0.079443 0.096415 0.084293 0.088101 0.139925 0.055649 0.135075
3 0.072632 0.078911 0.104010 0.088505 0.087564 0.142297 0.056186 0.132703
3 0.081283 0.079667 0.110899 0.093793 0.086683 0.144563 0.057067 0.130437
3 0.089728 0.081692 0.116931 0.100041 0.085476 0.146674 0.058274 0.128326
0 0.053125 0.127344 0.090625 0.127344 0.090625 0.147656 0.053125 0.147656
3 0.104944 0.100041 0.132147 0.081692 0.163601 0.128326 0.136399 0.146674
3 0.110976 0.093793 0.140592 0.079667 0.164808 0.130437 0.135192 0.144563
3 0.117865 0.088505 0.149243 0.078911 0.165689 0.132703 0.134311 0.142297
3 0.125460 0.084293 0.157912 0.079443 0.166226 0.135075 0.133774 0.139925
3 0.133594 0.081250 0.166406 0.081250 0.166406 0.137500 0.133594 0.137500
3 0.142088 0.079443 0.174540 0.084293 0.166226 0.139925 0.133774 0.135075
3 0.150757 0.078911 0.182135 0.088505 0.165689 0.142297 0.134311 0.132703
3 0.159408 0.079667 0.189024 0.093793 0.164808 0.144563 0.135192 0.130437
3 0.167853 0.081692 0.195056 0.100041 0.163601 0.146674 0.136399 0.128326
0 0.131250 0.127344 0.168750 0.127344 0.168750 0.147656 0.131250 0.147656
3 0.183069 0.100041 0.210272 0.081692 0.241726 0.128326 0.214524 0.146674
3 0.189101 0.093793 0.218717 0.079667 0.242933 0.130437 0.213317 0.144563
3 0.195990 0.088505 0.227368 0.078911 0.243814 0.132703 0.212436 0.142297
3 0.203585 0.084293 0.236037 0.079443 0.244351 0.135075 0.211899 0.139925
3 0.211719 0.081250 0.244531 0.081250 0.244531 0.137500 0.211719 0.137500
3 0.220213 0.079443 0.252665 0.084293 0.244351 0.139925 0.211899 0.135075
3 0.228882 0.078911 0.260260 0.088505 0.243814 0.142297 0.212436 0.132703
3 0.237533 0.079667 0.267149 0.093793 0.242933 0.144563 0.213317 0.130437
3 0.245978 0.081692 0.273181 0.100041 0.241726 0.146674 0.214524 0.128326
0 0.209375 0.127344 0.246875 0.127344 0.246875 0.147656 0.209375 0.147656
3 0.261194 0.100041 0.288397 0.081692 0.319851 0.128326 0.292649 0.146674
3 0.267226 0.093793 0.296842 0.079667 0.321058 0.130437 0.291442 0.144563
3 0.274115 0.088505 0.305493 0.078911 0.321939 0.132703 0.290561 0.142297
3 0.281710 0.084293 0.314162 0.079443 0.322476 0.135075 0.290024 0.139925
3 0.289844 0.081250 0.322656 0.081250 0.322656 0.137500 0.289844 0.137500
3 0.298338 0.079443 0.330790 0.084293 0.322476 0.139925 0.290024 0.135075
3 0.307007 0.078911 0.338385 0.088505 0.321939 0.142297 0.290561 0.132703
3 0.315658 0.079667 0.345274 0.093793 0.321058 0.144563 0.291442 0.130437
3 0.324103 0.081692 0.351306 0.100041 0.319851 0.146674 0.292649 0.128326
0 0.287500 0.127344 0.325000 0.127344 0.325000 0.147656 0.287500 0.147656
3 0.339319 0.100041 0.366522 0.081692 0.397976 0.128326 0.370774 0.146674
3 0.345351 0.093793 0.374967 0.079667 0.399183 0.130437 0.369567 0.144563
3 0.352240 0.088505 0.383618 0.078911 0.400064 0.132703 0.368686 0.142297
3 0.359835 0.084293 0.392287 0.079443 0.400601 0.135075 0.368149 0.139925
3 0.367969 0.081250 0.400781 0.081250 0.400781 0.137500 0.367969 0.137500
3 0.376463 0.079443 0.408915 0.084293 0.400601 0.139925 0.368149 0.135075
3 0.385132 0.078911 0.416510 0.088505 0.400064 0.142297 0.368686 0.132703
3 0.393783 0.079667 0.423399 0.093793 0.399183 0.144563 0.369567 0.130437
3 0.402228 0.081692 0.429431 0.100041 0.397976 0.146674 0.370774 0.128326
0 0.365625 0.127344 0.403125 0.127344 0.403125 0.147656 0.365625 0.147656
3 0.417444 0.100041 0.444647 0.081692 0.476101 0.128326 0.448899 0.146674
3 0.423476 0.093793 0.453092 0.079667 0.477308 0.130437 0.447692 0.144563
3 0.430365 0.088505 0.461743 0.078911 0.478189 0.132703 0.446811 0.142297
3 0.437960 0.084293 0.470412 0.079443 0.478726 0.135075 0.446274 0.139925
3 0.446094 0.081250 0.478906 0.081250 0.478906 0.137500 0.446094 0.137500
3 0.454588 0.079443 0.487040 0.084293 0.478726 0.139925 0.446274 0.135075
3 0.463257 0.078911 0.494635 0.088505 0.478189 0.142297 0.446811 0.132703
3 0.471908 0.079667 0.501524 0.093793 0.477308 0.144563 0.447692 0.130437
3 0.480353 0.081692 0.507556 0.100041 0.476101 0.146674 0.448899 0.128326
0 0.443750 0.127344 0.481250 0.127344 0.481250 0.147656 0.443750 0.147656
3 0.495569 0.100041 0.522772 0.081692 0.554226 0.128326 0.527024 0.146674
3 0.501601 0.093793 0.531217 0.079667 0.555433 0.130437 0.525817 0.144563
3 0.508490 0.088505 0.539868 0.078911 0.556314 0.132703 0.524936 0.142297
3 0.516085 0.084293 0.548537 0.079443 0.556851 0.135075 0.524399 0.139925
3 0.524219 0.081250 0.557031 0.081250 0.557031 0.137500 0.524219 0.137500
3 0.532713 0.079443 0.565165 0.084293 0.556851 0.139925 0.524399 0.135075
3 0.541382 0.078911 0.572760 0.088505 0.556314 0.142297 0.524936 0.132703
3 0.550033 0.079667 0.579649 0.093793 0.555433 0.144563 0.525817 0.130437
3 0.558478 0.081692 0.585681 0.100041 0.554226 0.146674 0.527024 0.128326
0 0.521875 0.127344 0.559375 0.127344 0.559375 0.147656 0.521875 0.147656
3 0.573694 0.100041 0.600897 0.081692 0.632351 0.128326 0.605149 0.146674
3 0.579726 0.093793 0.609342 0.079667 0.633558 0.130437 0.603942 0.144563
3 0.586615 0.088505 0.617993 0.078911 0.634439 0.132703 0.603061 0.142297
3 0.594210 0.084293 0.626662 0.079443 0.634976 0.135075 0.602524 0.139925
3 0.602344 0.081250 0.635156 0.081250 0.635156 0.137500 0.602344 0.137500
3 0.610838 0.079443 0.643290 0.084293 0.634976 0.139925 0.602524 0.135075
3 0.619507 0.078911 0.650885 0.088505 0.634439 0.142297 0.603061 0.132703
3 0.628158 0.079667 0.657774 0.093793 0.633558 0.144563 0.603942 0.130437
3 0.636603 0.081692 0.663806 0.100041 0.632351 0.146674 0.605149 0.128326
0 0.600000 0.127344 0.637500 0.127344 0.637500 0.147656 0.600000 0.147656
3 0.651819 0.100041 0.679022 0.081692 0.710476 0.128326 0.683274 0.146674
3 0.657851 0.093793 0.687467 0.079667 0.711683 0.130437 0.682067 0.144563
3 0.664740 0.088505 0.696118 0.078911 0.712564 0.132703 0.681186 0.142297
3 0.672335 0.084293 0.704787 0.079443 0.713101 0.135075 0.680649 0.139925
3 0.680469 0.081250 0.713281 0.081250 0.713281 0.137500 0.680469 0.137500
3 0.688963 0.079443 0.721415 0.084293 0.713101 0.139925 0.680649 0.135075
3 0.697632 0.078911 0.729010 0.088505 0.712564 0.142297 0.681186 0.132703
3 0.706283 0.079667 0.735899 0.093793 0.711683 0.144563 0.682067 0.130437
3 0.714728 0.081692 0.741931 0.100041 0.710476 0.146674 0.683274 0.128326
0 0.678125 0.127344 0.715625 0.127344 0.715625 0.147656 0.678125 0.147656
3 0.729944 0.100041 0.757147 0.081692 0.788601 0.128326 0.761399 0.146674
3 0.735976 0.093793 0.765592 0.079667 0.789808 0.130437 0.760192 0.144563
3 0.742865 0.088505 0.774243 0.078911 0.790689 0.132703 0.759311 0.142297
3 0.750460 0.084293 0.782912 0.079443 0.791226 0.135075 0.758774 0.139925
3 0.758594 0.081250 0.791406 0.081250 0.791406 0.137500 0.758594 0.137500
3 0.767088 0.079443 0.799540 0.084293 0.791226 0.139925 0.758774 0.135075
3 0.775757 0.078911 0.807135 0.088505 0.790689 0.142297 0.759311 0.132703
3 0.784408 0.079667 0.814024 0.093793 0.789808 0.144563 0.760192 0.130437
3 0.792853 0.081692 0.820056 0.100041 0.788601 0.146674 0.761399 0.128326
0 0.756250 0.127344 0.793750 0.127344 0.793750 0.147656 0.756250 0.147656
3 0.808069 0.100041 0.835272 0.081692 0.866726 0.128326 0.839524 0.146674
3 0.814101 0.093793 0.843717 0.079667 0.867933 0.130437 0.838317 0.144563
3 0.820990 0.088505 0.852368 0.078911 0.868814 0.132703 0.837436 0.142297
3 0.828585 0.084293 0.861037 0.079443 0.869351 0.135075 0.836899 0.139925
3 0.836719 0.081250 0.869531 0.081250 0.869531 0.137500 0.836719 0.137500
3 0.845213 0.079443 0.877665 0.084293 0.869351 0.139925 0.836899 0.135075
3 0.853882 0.078911 0.885260 0.088505 0.868814 0.142297 0.837436 0.132703
3 0.862533 0.079667 0.892149 0.093793 0.867933 0.144563 0.838317 0.130437
3 0.870978 0.081692 0.898181 0.100041 0.866726 0.146674 0.839524 0.128326
0 0.834375 0.127344 0.871875 0.127344 0.871875 0.147656 0.834375 0.147656
3 0.886194 0.100041 0.913397 0.081692 0.944851 0.128326 0.917649 0.146674
3 0.892226 0.093793 0.921842 0.079667 0.946058 0.130437 0.916442 0.144563
3 0.899115 0.088505 0.930493 0.078911 0.946939 0.132703 0.915561 0.142297
3 0.906710 0.084293 0.939162 0.079443 0.947476 0.135075 0.915024 0.139925
3 0.914844 0.081250 0.947656 0.081250 0.947656 0.137500 0.914844 0.137500
3 0.923338 0.079443 0.955790 0.084293 0.947476 0.139925 0.915024 0.135075
3 0.932007 0.078911 0.963385 0.088505 0.946939 0.142297 0.915561 0.132703
3 0.940658 0.079667 0.970274 0.093793 0.946058 0.144563 0.916442 0.130437
3 0.949103 0.081692 0.976306 0.100041 0.944851 0.146674 0.917649 0.128326
0 0.912500 0.127344 0.950000 0.127344 0.950000 0.147656 0.912500 0.147656
3 0.000677 0.166630 0.032056 0.157036 0.048502 0.210828 0.017123 0.220422
3 0.008272 0.162418 0.040724 0.157568 0.049039 0.213200 0.016586 0.218050
3 0.016406 0.159375 0.049219 0.159375 0.049219 0.215625 0.016406 0.215625
3 0.024901 0.157568 0.057353 0.162418 0.049039 0.218050 0.016586 0.213200
3 0.033569 0.157036 0.064948 0.166630 0.048502 0.220422 0.017123 0.210828
3 0.042221 0.157792 0.071837 0.171918 0.047621 0.222688 0.018004 0.208562
3 0.050666 0.159817 0.077868 0.178166 0.046414 0.224799 0.019211 0.206451
0 0.014063 0.205469 0.051562 0.205469 0.051562 0.225781 0.014063 0.225781
3 0.065882 0.178166 0.093084 0.159817 0.124539 0.206451 0.097336 0.224799
3 0.071913 0.171918 0.101529 0.157792 0.125746 0.208562 0.096129 0.222688
3 0.078802 0.166630 0.110181 0.157036 0.126627 0.210828 0.095248 0.220422
3 0.086397 0.162418 0.118849 0.157568 0.127164 0.213200 0.094711 0.218050
3 0.094531 0.159375 0.127344 0.159375 0.127344 0.215625 0.094531 0.215625
3 0.103026 0.157568 0.135478 0.162418 0.127164 0.218050 0.094711 0.213200
3 0.111694 0.157036 0.143073 0.166630 0.126627 0.220422 0.095248 0.210828
3 0.120346 0.157792 0.149962 0.171918 0.125746 0.222688 0.096129 0.208562
3 0.128791 0.159817 0.155993 0.178166 0.124539 0.224799 0.097336 0.206451
0 0.092188 0.205469 0.129688 0.205469 0.129688 0.225781 0.092188 0.225781
3 0.144007 0.178166 0.171209 0.159817 0.202664 0.206451 0.175461 0.224799
3 0.150038 0.171918 0.179654 0.157792 0.203871 0.208562 0.174254 0.222688
3 0.156927 0.166630 0.188306 0.157036 0.204752 0.210828 0.173373 0.220422
3 0.164522 0.162418 0.196974 0.157568 0.205289 0.213200 0.172836 0.218050
3 0.172656 0.159375 0.205469 0.159375 0.205469 0.215625 0.172656 0.215625
3 0.181151 0.157568 0.213603 0.162418 0.205289 0.218050 0.172836 0.213200
3 0.189819 0.157036 0.221198 0.166630 0.204752 0.220422 0.173373 0.210828
3 0.198471 0.157792 0.228087 0.171918 0.203871 0.222688 0.174254 0.208562
3 0.206916 0.159817 0.234118 0.178166 0.202664 0.224799 0.175461 0.206451
0 0.170313 0.205469 0.207813 0.205469 0.207813 0.225781 0.170313 0.225781
3 0.222132 0.178166 0.249334 0.159817 0.280789 0.206451 0.253586 0.224799
3 0.228163 0.171918 0.257779 0.157792 0.281996 0.208562 0.252379 0.222688
3 0.235052 0.166630 0.266431 0.157036 0.282877 0.210828 0.251498 0.220422
3 0.242647 0.162418 0.275099 0.157568 0.283414 0.213200 0.250961 0.218050
3 0.250781 0.159375 0.283594 0.159375 0.283594 0.215625 0.250781 0.215625
3 0.259276 0.157568 0.291728 0.162418 0.283414 0.218050 0.250961 0.213200
3 0.267944 0.157036 0.299323 0.166630 0.282877 0.220422 0.251498 0.210828
3 0.276596 0.157792 0.306212 0.171918 0.281996 0.222688 0.252379 0.208562
3 0.285041 0.159817 0.312243 0.178166 0.280789 0.224799 0.253586 0.206451
0 0.248438 0.205469 0.285938 0.205469 0.285938 0.225781 0.248438 0.225781
3 0.300257 0.178166 0.327459 0.159817 0.358914 0.206451 0.331711 0.224799
3 0.306288 0.171918 0.335904 0.157792 0.360121 0.208562 0.330504 0.222688
3 0.313177 0.166630 0.344556 0.157036 0.361002 0.210828 0.329623 0.220422
3 0.320772 0.162418 0.353224 0.157568 0.361539 0.213200 0.329086 0.218050
3 0.328906 0.159375 0.361719 0.159375 0.361719 0.215625 0.328906 0.215625
3 0.337401 0.157568 0.369853 0.162418 0.361539 0.218050 0.329086 0.213200
3 0.346069 0.157036 0.377448 0.166630 0.361002 0.220422 0.329623 0.210828
3 0.354721 0.157792 0.384337 0.171918 0.360121 0.222688 0.330504 0.208562
3 0.363166 0.159817 0.390368 0.178166 0.358914 0.224799 0.331711 0.206451
0 0.326562 0.205469 0.364063 0.205469 0.364063 0.225781 0.326562 0.225781
3 0.378382 0.178166 0.405584 0.159817 0.437039 0.206451 0.409836 0.224799
3 0.384413 0.171918 0.414029 0.157792 0.438246 0.208562 0.408629 0.222688
3 0.391302 0.166630 0.422681 0.157036 0.439127 0.210828 0.407748 0.220422
3 0.398897 0.162418 0.431349 0.157568 0.439664 0.213200 0.407211 0.218050
3 0.407031 0.159375 0.439844 0.159375 0.439844 0.215625 0.407031 0.215625
3 0.415526 0.157568 0.447978 0.162418 0.439664 0.218050 0.407211 0.213200
3 0.424194 0.157036 0.455573 0.166630 0.439127 0.220422 0.407748 0.210828
3 0.432846 0.157792 0.462462 0.171918 0.438246 0.222688 0.408629 0.208562
3 0.441291 0.159817 0.468493 0.178166 0.437039 0.224799 0.409836 0.206451
0 0.404687 0.205469 0.442188 0.205469 0.442188 0.225781 0.404687 0.225781
3 0.456507 0.178166 0.483709 0.159817 0.515164 0.206451 0.487961 0.224799
3 0.462538 0.171918 0.492154 0.157792 0.516371 0.208562 0.486754 0.222688
3 0.469427 0.166630 0.500806 0.157036 0.517252 0.210828 0.485873 0.220422
3 0.477022 0.162418 0.509474 0.157568 0.517789 0.213200 0.485336 0.218050
3 0.485156 0.159375 0.517969 0.159375 0.517969 0.215625 0.485156 0.215625
3 0.493651 0.157568 0.526103 0.162418 0.517789 0.218050 0.485336 0.213200
3 0.502319 0.157036 0.533698 0.166630 0.517252 0.220422 0.485873 0.210828
3 0.510971 0.157792 0.540587 0.171918 0.516371 0.222688 0.486754 0.208562
3 0.519416 0.159817 0.546618 0.178166 0.515164 0.224799 0.487961 0.206451
0 0.482812 0.205469 0.520312 0.205469 0.520312 0.225781 0.482812 0.225781
3 0.534632 0.178166 0.561834 0.159817 0.593289 0.206451 0.566086 0.224799
3 0.540663 0.171918 0.570279 0.157792 0.594496 0.208562 0.564879 0.222688
3 0.547552 0.166630 0.578931 0.157036 0.595377 0.210828 0.563998 0.220422
3 0.555147 0.162418 0.587599 0.157568 0.595914 0.213200 0.563461 0.218050
3 0.563281 0.159375 0.596094 0.159375 0.596094 0.215625 0.563281 0.215625
3 0.571776 0.157568 0.604228 0.162418 0.595914 0.218050 0.563461 0.213200
3 0.580444 0.157036 0.611823 0.166630 0.595377 0.220422 0.563998 0.210828
3 0.589096 0.157792 0.618712 0.171918 0.594496 0.222688 0.564879 0.208562
3 0.597541 0.159817 0.624743 0.178166 0.593289 0.224799 0.566086 0.206451
0 0.560937 0.205469 0.598437 0.205469 0.598437 0.225781 0.560937 0.225781
3 0.612757 0.178166 0.639959 0.159817 0.671414 0.206451 0.644211 0.224799
3 0.618788 0.171918 0.648404 0.157792 0.672621 0.208562 0.643004 0.222688
3 0.625677 0.166630 0.657056 0.157036 0.673502 0.210828 0.642123 0.220422
3 0.633272 0.162418 0.665724 0.157568 0.674039 0.213200 0.641586 0.218050
3 0.641406 0.159375 0.674219 0.159375 0.674219 0.215625 0.641406 0.215625
3 0.649901 0.157568 0.682353 0.162418 0.674039 0.218050 0.641586 0.213200
3 0.658569 0.157036 0.689948 0.166630 0.673502 0.220422 0.642123 0.210828
3 0.667221 0.157792 0.696837 0.171918 0.672621 0.222688 0.643004 0.208562
3 0.675666 0.159817 0.702868 0.178166 0.671414 0.224799 0.644211 0.206451
0 0.639062 0.205469 0.676562 0.205469 0.676562 0.225781 0.639062 0.225781
3 0.690882 0.178166 0.718084 0.159817 0.749539 0.206451 0.722336 0.224799
3 0.696913 0.171918 0.726529 0.157792 0.750746 0.208562 0.721129 0.222688
3 0.703802 0.166630 0.735181 0.157036 0.751627 0.210828 0.720248 0.220422
3 0.711397 0.162418 0.743849 0.157568 0.752164 0.213200 0.719711 0.218050
3 0.719531 0.159375 0.752344 0.159375 0.752344 0.215625 0.719531 0.215625
3 0.728026 0.157568 0.760478 0.162418 0.752164 0.218050 0.719711 0.213200
3 0.736694 0.157036 0.768073 0.166630 0.751627 0.220422 0.720248 0.210828
3 0.745346 0.157792 0.774962 0.171918 0.750746 0.222688 0.721129 0.208562
3 0.753791 0.159817 0.780993 0.178166 0.749539 0.224799 0.722336 0.206451
0 0.717187 0.205469 0.754687 0.205469 0.754687 0.225781 0.717187 0.225781
3 0.769007 0.178166 0.796209 0.159817 0.827664 0.206451 0.800461 0.224799
3 0.775038 0.171918 0.804654 0.157792 0.828871 0.208562 0.799254 0.222688
3 0.781927 0.166630 0.813306 0.157036 0.829752 0.210828 0.798373 0.220422
3 0.789522 0.162418 0.821974 0.157568 0.830289 0.213200 0.797836 0.218050
3 0.797656 0.159375 0.830469 0.159375 0.830469 0.215625 0.797656 0.215625
3 0.806151 0.157568 0.838603 0.162418 0.830289 0.218050 0.797836 0.213200
3 0.814819 0.157036 0.846198 0.166630 0.829752 0.220422 0.798373 0.210828
3 0.823471 0.157792 0.853087 0.171918 0.828871 0.222688 0.799254 0.208562
3 0.831916 0.159817 0.859118 0.178166 0.827664 0.224799 0.800461 0.206451
0 0.795312 0.205469 0.832812 0.205469 0.832812 0.225781 0.795312 0.225781
3 0.847132 0.178166 0.874334 0.159817 0.905789 0.206451 0.878586 0.224799
3 0.853163 0.171918 0.882779 0.157792 0.906996 0.208562 0.877379 0.222688
3 0.860052 0.166630 0.891431 0.157036 0.907877 0.210828 0.876498 0.220422
3 0.867647 0.162418 0.900099 0.157568 0.908414 0.213200 0.875961 0.218050
3 0.875781 0.159375 0.908594 0.159375 0.908594 0.215625 0.875781 0.215625
3 0.884276 0.157568 0.916728 0.162418 0.908414 0.218050 0.875961 0.213200
3 0.892944 0.157036 0.924323 0.166630 0.907877 0.220422 0.876498 0.210828
3 0.901596 0.157792 0.931212 0.171918 0.906996 0.222688 0.877379 0.208562
3 0.910041 0.159817 0.937243 0.178166 0.905789 0.224799 0.878586 0.206451
0 0.873437 0.205469 0.910937 0.205469 0.910937 0.225781 0.873437 0.225781
3 0.026819 0.256291 0.054022 0.237942 0.085476 0.284576 0.058274 0.302924
3 0.032851 0.250043 0.062467 0.235917 0.086683 0.286687 0.057067 0.300813
3 0.039740 0.244755 0.071118 0.235161 0.087564 0.288953 0.056186 0.298547
3 0.047335 0.240543 0.079787 0.235693 0.088101 0.291325 0.055649 0.296175
3 0.055469 0.237500 0.088281 0.237500 0.088281 0.293750 0.055469 0.293750
3 0.063963 0.235693 0.096415 0.240543 0.088101 0.296175 0.055649 0.291325
3 0.072632 0.235161 0.104010 0.244755 0.087564 0.298547 0.056186 0.288953
3 0.081283 0.235917 0.110899 0.250043 0.086683 0.300813 0.057067 0.286687
3 0.089728 0.237942 0.116931 0.256291 0.085476 0.302924 0.058274 0.284576
0 0.053125 0.283594 0.090625 0.283594 0.090625 0.303906 0.053125 0.303906
3 0.104944 0.256291 0.132147 0.237942 0.163601 0.284576 0.136399 0.302924
3 0.110976 0.250043 0.140592 0.235917 0.164808 0.286687 0.135192 0.300813
3 0.117865 0.244755 0.149243 0.235161 0.165689 0.288953 0.134311 0.298547
3 0.125460 0.240543 0.157912 0.235693 0.166226 0.291325 0.133774 0.296175
3 0.133594 0.237500 0.166406 0.237500 0.166406 0.293750 0.133594 0.293750
3 0.142088 0.235693 0.174540 0.240543 0.166226 0.296175 0.133774 0.291325
3 0.150757 0.235161 0.182135 0.244755 0.165689 0.298547 0.134311 0.288953
3 0.159408 0.235917 0.189024 0.250043 0.164808 0.300813 0.135192 0.286687
3 0.167853 0.237942 0.195056 0.256291 0.163601 0.302924 0.136399 0.284576
0 0.131250 0.283594 0.168750 0.283594 0.168750 0.303906 0.131250 0.303906
3 0.183069 0.256291 0.210272 0.237942 0.241726 0.284576 0.214524 0.302924
3 0.189101 0.250043 0.218717 0.235917 0.242933 0.286687 0.213317 0.300813
3 0.195990 0.244755 0.227368 0.235161 0.243814 0.288953 0.212436 0.298547
3 0.203585 0.240543 0.236037 0.235693 0.244351 0.291325 0.211899 0.296175
3 0.211719 0.237500 0.244531 0.237500 0.244531 0.293750 0.211719 0.293750
3 0.220213 0.235693 0.252665 0.240543 0.244351 0.296175 0.211899 0.291325
3 0.228882 0.235161 0.260260 0.244755 0.243814 0.298547 0.212436 0.288953
3 0.237533 0.235917 0.267149 0.250043 0.242933 0.300813 0.213317 0.286687
3 0.245978 0.237942 0.273181 0.256291 0.241726 0.302924 0.214524 0.284576
0 0.209375 0.283594 0.246875 0.283594 0.246875 0.303906 0.209375 0.303906
3 0.261194 0.256291 0.288397 0.237942 0.319851 0.284576 0.292649 0.302924
3 0.267226 0.250043 0.296842 0.235917 0.321058 0.286687 0.291442 0.300813
3 0.274115 0.244755 0.305493 0.235161 0.321939 0.288953 0.290561 0.298547
3 0.281710 0.240543 0.314162 0.235693 0.322476 0.291325 0.290024 0.296175
3 0.289844 0.237500 0.322656 0.237500 0.322656 0.293750 0.289844 0.293750
3 0.298338 0.235693 0.330790 0.240543 0.322476 0.296175 0.290024 0.291325
3 0.307007 0.235161 0.338385 0.244755 0.321939 0.298547 0.290561 0.288953
3 0.315658 0.235917 0.345274 0.250043 0.321058 0.300813 0.291442 0.286687
3 0.324103 0.237942 0.351306 0.256291 0.319851 0.302924 0.292649 0.284576
0 0.287500 0.283594 0.325000 0.283594 0.325000 0.303906 0.287500 0.303906
3 0.339319 0.256291 0.366522 0.237942 0.397976 0.284576 0.370774 0.302924
3 0.345351 0.250043 0.374967 0.235917 0.399183 0.286687 0.369567 0.300813
3 0.352240 0.244755 0.383618 0.235161 0.400064 0.288953 0.368686 0.298547
3 0.359835 0.240543 0.392287 0.235693 0.400601 0.291325 0.368149 0.296175
3 0.367969 0.237500 0.400781 0.237500 0.400781 0.293750 0.367969 0.293750
3 0.376463 0.235693 0.408915 0.240543 0.400601 0.296175 0.368149 0.291325
3 0.385132 0.235161 0.416510 0.244755 0.400064 0.298547 0.368686 0.288953
3 0.393783 0.235917 0.423399 0.250043 0.399183 0.300813 0.369567 0.286687
3 0.402228 0.237942 0.429431 0.256291 0.397976 0.302924 0.370774 0.284576
0 0.365625 0.283594 0.403125 0.283594 0.403125 0.303906 0.365625 0.303906
3 0.417444 0.256291 0.444647 0.237942 0.476101 0.284576 0.448899 0.302924
3 0.423476 0.250043 0.453092 0.235917 0.477308 0.286687 0.447692 0.300813
3 0.430365 0.244755 0.461743 0.235161 0.478189 0.288953 0.446811 0.298547
3 0.437960 0.240543 0.470412 0.235693 0.478726 0.291325 0.446274 0.296175
3 0.446094 0.237500 0.478906 0.237500 0.478906 0.293750 0.446094 0.293750
3 0.454588 0.235693 0.487040 0.240543 0.478726 0.296175 0.446274 0.291325
3 0.463257 0.235161 0.494635 0.244755 0.478189 0.298547 0.446811 0.288953
3 0.471908 0.235917 0.501524 0.250043 0.477308 0.300813 0.447692 0.286687
3 0.480353 0.237942 0.507556 0.256291 0.476101 0.302924 0.448899 0.284576
0 0.443750 0.283594 0.481250 0.283594 0.481250 0.303906 0.443750 0.303906
3 0.495569 0.256291 0.522772 0.237942 0.554226 0.284576 0.527024 0.302924
3 0.501601 0.250043 0.531217 0.235917 0.555433 0.286687 0.525817 0.300813
3 0.508490 0.244755 0.539868 0.235161 0.556314 0.288953 0.524936 0.298547
3 0.516085 0.240543 0.548537 0.235693 0.556851 0.291325 0.524399 0.296175
3 0.524219 0.237500 0.557031 0.237500 0.557031 0.293750 0.524219 0.293750
3 0.532713 0.235693 0.565165 0.240543 0.556851 0.296175 0.524399 0.291325
3 0.541382 0.235161 0.572760 0.244755 0.556314 0.298547 0.524936 0.288953
3 0.550033 0.235917 0.579649 0.250043 0.555433 0.300813 0.525817 0.286687
3 0.558478 0.237942 0.585681 0.256291 0.554226 0.302924 0.527024 0.284576
0 0.521875 0.283594 0.559375 0.283594 0.559375 0.303906 0.521875 0.303906
3 0.573694 0.256291 0.600897 0.237942 0.632351 0.284576 0.605149 0.302924
3 0.579726 0.250043 0.609342 0.235917 0.633558 0.286687 0.603942 0.300813
3 0.586615 0.244755 0.617993 0.235161 0.634439 0.288953 0.603061 0.298547
3 0.594210 0.240543 0.626662 0.235693 0.634976 0.291325 0.602524 0.296175
3 0.602344 0.237500 0.635156 0.237500 0.635156 0.293750 0.602344 0.293750
3 0.610838 0.235693 0.643290 0.240543 0.634976 0.296175 0.602524 0.291325
3 0.619507 0.235161 0.650885 0.244755 0.634439 0.298547 0.603061 0.288953
3 0.628158 0.235917 0.657774 0.250043 0.633558 0.300813 0.603942 0.286687
3 0.636603 0.237942 0.663806 0.256291 0.632351 0.302924 0.605149 0.284576
0 0.600000 0.283594 0.637500 0.283594 0.637500 0.303906 0.600000 0.303906
3 0.651819 0.256291 0.679022 0.237942 0.710476 0.284576 0.683274 0.302924
3 0.657851 0.250043 0.687467 0.235917 0.711683 0.286687 0.682067 0.300813
3 0.664740 0.244755 0.696118 0.235161 0.712564 0.288953 0.681186 0.298547
3 0.672335 0.240543 0.704787 0.235693 0.713101 0.291325 0.680649 0.296175
3 0.680469 0.237500 0.713281 0.237500 0.713281 0.293750 0.680469 0.293750
3 0.688963 0.235693 0.721415 0.240543 0.713101 0.296175 0.680649 0.291325
3 0.697632 0.235161 0.729010 0.244755 0.712564 0.298547 0.681186 0.288953
3 0.706283 0.235917 0.735899 0.250043 0.711683 0.300813 0.682067 0.286687
3 0.714728 0.237942 0.741931 0.256291 0.710476 0.302924 0.683274 0.284576
0 0.678125 0.283594 0.715625 0.283594 0.715625 0.303906 0.678125 0.303906
3 0.729944 0.256291 0.757147 0.237942 0.788601 0.284576 0.761399 0.302924
3 0.735976 0.250043 0.765592 0.235917 0.789808 0.286687 0.760192 0.300813
3 0.742865 0.244755 0.774243 0.235161 0.790689 0.288953 0.759311 0.298547
3 0.750460 0.240543 0.782912 0.235693 0.791226 0.291325 0.758774 0.296175
3 0.758594 0.237500 0.791406 0.237500 0.791406 0.293750 0.758594 0.293750
3 0.767088 0.235693 0.799540 0.240543 0.791226 0.296175 0.758774 0.291325
3 0.775757 0.235161 0.807135 0.244755 0.790689 0.298547 0.759311 0.288953
3 0.784408 0.235917 0.814024 0.250043 0.789808 0.300813 0.760192 0.286687
3 0.792853 0.237942 0.820056 0.256291 0.788601 0.302924 0.761399 0.284576
0 0.756250 0.283594 0.793750 0.283594 0.793750 0.303906 0.756250 0.303906
3 0.808069 0.256291 0.835272 0.237942 0.866726 0.284576 0.839524 0.302924
3 0.814101 0.250043 0.843717 0.235917 0.867933 0.286687 0.838317 0.300813
3 0.820990 0.244755 0.852368 0.235161 0.868814 0.288953 0.837436 0.298547
3 0.828585 0.240543 0.861037 0.235693 0.869351 0.291325 0.836899 0.296175
3 0.836719 0.237500 0.869531 0.237500 0.869531 0.293750 0.836719 0.293750
3 0.845213 0.235693 0.877665 0.240543 0.869351 0.296175 0.836899 0.291325
3 0.853882 0.235161 0.885260 0.244755 0.868814 0.298547 0.837436 0.288953
3 0.862533 0.235917 0.892149 0.250043 0.867933 0.300813 0.838317 0.286687
3 0.870978 0.237942 0.898181 0.256291 0.866726 0.302924 0.839524 0.284576
0 0.834375 0.283594 0.871875 0.283594 0.871875 0.303906 0.834375 0.303906
3 0.886194 0.256291 0.913397 0.237942 0.944851 0.284576 0.917649 0.302924
3 0.892226 0.250043 0.921842 0.235917 0.946058 0.286687 0.916442 0.300813
3 0.899115 0.244755 0.930493 0.235161 0.946939 0.288953 0.915561 0.298547
3 0.906710 0.240543 0.939162 0.235693 0.947476 0.291325 0.915024 0.296175
3 0.914844 0.237500 0.947656 0.237500 0.947656 0.293750 0.914844 0.293750
3 0.923338 0.235693 0.955790 0.240543 0.947476 0.296175 0.915024 0.291325
3 0.932007 0.235161 0.963385 0.244755 0.946939 0.298547 0.915561 0.288953
3 0.940658 0.235917 0.970274 0.250043 0.946058 0.300813 0.916442 0.286687
3 0.949103 0.237942 0.976306 0.256291 0.944851 0.302924 0.917649 0.284576
0 0.912500 0.283594 0.950000 0.283594 0.950000 0.303906 0.912500 0.303906
3 0.000677 0.322880 0.032056 0.313286 0.048502 0.367078 0.017123 0.376672
3 0.008272 0.318668 0.040724 0.313818 0.049039 0.369450 0.016586 0.374300
3 0.016406 0.315625 0.049219 0.315625 0.049219 0.371875 0.016406 0.371875
3 0.024901 0.313818 0.057353 0.318668 0.049039 0.374300 0.016586 0.369450
3 0.033569 0.313286 0.064948 0.322880 0.048502 0.376672 0.017123 0.367078
3 0.042221 0.314042 0.071837 0.328168 0.047621 0.378938 0.018004 0.364812
3 0.050666 0.316067 0.077868 0.334416 0.046414 0.381049 0.019211 0.362701
0 0.014063 0.361719 0.051562 0.361719 0.051562 0.382031 0.014063 0.382031
3 0.065882 0.334416 0.093084 0.316067 0.124539 0.362701 0.097336 0.381049
3 0.071913 0.328168 0.101529 0.314042 0.125746 0.364812 0.096129 0.378938
3 0.078802 0.322880 0.110181 0.313286 0.126627 0.367078 0.095248 0.376672
3 0.086397 0.318668 0.118849 0.313818 0.127164 0.369450 0.094711 0.374300
3 0.094531 0.315625 0.127344 0.315625 0.127344 0.371875 0.094531 0.371875
3 0.103026 0.313818 0.135478 0.318668 0.127164 0.374300 0.094711 0.369450
3 0.111694 0.313286 0.143073 0.322880 0.126627 0.376672 0.095248 0.367078
3 0.120346 0.314042 0.149962 0.328168 0.125746 0.378938 0.096129 0.364812
3 0.128791 0.316067 0.155993 0.334416 0.124539 0.381049 0.097336 0.362701
0 0.092188 0.361719 0.129688 0.361719 0.129688 0.382031 0.092188 0.382031
3 0.144007 0.334416 0.171209 0.316067 0.202664 0.362701 0.175461 0.381049
3 0.150038 0.328168 0.179654 0.314042 0.203871 0.364812 0.174254 0.378938
3 0.156927 0.322880 0.188306 0.313286 0.204752 0.367078 0.173373 0.376672
3 0.164522 0.318668 0.196974 0.313818 0.205289 0.369450 0.172836 0.374300
3 0.172656 0.315625 0.205469 0.315625 0.205469 0.371875 0.172656 0.371875
3 0.181151 0.313818 0.213603 0.318668 0.205289 0.374300 0.172836 0.369450
3 0.189819 0.313286 0.221198 0.322880 0.204752 0.376672 0.173373 0.367078
3 0.198471 0.314042 0.228087 0.328168 0.203871 0.378938 0.174254 0.364812
3 0.206916 0.316067 0.234118 0.334416 0.202664 0.381049 0.175461 0.362701
0 0.170313 0.361719 0.207813 0.361719 0.207813 0.382031 0.170313 0.382031
3 0.222132 0.334416 0.249334 0.316067 0.280789 0.362701 0.253586 0.381049
3 0.228163 0.328168 0.257779 0.314042 0.281996 0.364812 0.252379 0.378938
3 0.235052 0.322880 0.266431 0.313286 0.282877 0.367078 0.251498 0.376672
3 0.242647 0.318668 0.275099 0.313818 0.283414 0.369450 0.250961 0.374300
3 0.250781 0.315625 0.283594 0.315625 0.283594 0.371875 0.250781 0.371875
3 0.259276 0.313818 0.291728 0.318668 0.283414 0.374300 0.250961 0.369450
3 0.267944 0.313286 0.299323 0.322880 0.282877 0.376672 0.251498 0.367078
3 0.276596 0.314042 0.306212 0.328168 0.281996 0.378938 0.252379 0.364812
3 0.285041 0.316067 0.312243 0.334416 0.280789 0.381049 0.253586 0.362701
0 0.248438 0.361719 0.285938 0.361719 0.285938 0.382031 0.248438 0.382031
3 0.300257 0.334416 0.327459 0.316067 0.358914 0.362701 0.331711 0.381049
3 0.306288 0.328168 0.335904 0.314042 0.360121 0.364812 0.330504 0.378938
3 0.313177 0.322880 0.344556 0.313286 0.361002 0.367078 0.329623 0.376672
3 0.320772 0.318668 0.353224 0.313818 0.361539 0.369450 0.329086 0.374300
3 0.328906 0.315625 0.361719 0.315625 0.361719 0.371875 0.328906 0.371875
3 0.337401 0.313818 0.369853 0.318668 0.361539 0.374300 0.329086 0.369450
3 0.346069 0.313286 0.377448 0.322880 0.361002 0.376672 0.329623 0.367078
3 0.354721 0.314042 0.384337 0.328168 0.360121 0.378938 0.330504 0.364812
3 0.363166 0.316067 0.390368 0.334416 0.358914 0.381049 0.331711 0.362701
0 0.326562 0.361719 0.364063 0.361719 0.364063 0.382031 0.326562 0.382031
3 0.378382 0.334416 0.405584 0.316067 0.437039 0.362701 0.409836 0.381049
3 0.384413 0.328168 0.414029 0.314042 0.438246 0.364812 0.408629 0.378938
3 0.391302 0.322880 0.422681 0.313286 0.439127 0.367078 0.407748 0.376672
3 0.398897 0.318668 0.431349 0.313818 0.439664 0.369450 0.407211 0.374300
3 0.407031 0.315625 0.439844 0.315625 0.439844 0.371875 0.407031 0.371875
3 0.415526 0.313818 0.447978 0.318668 0.439664 0.374300 0.407211 0.369450
3 0.424194 0.313286 0.455573 0.322880 0.439127 0.376672 0.407748 0.367078
3 0.432846 0.314042 0.462462 0.328168 0.438246 0.378938 0.408629 0.364812
3 0.441291 0.316067 0.468493 0.334416 0.437039 0.381049 0.409836 0.362701
0 0.404687 0.361719 0.442188 0.361719 0.442188 0.382031 0.404687 0.382031
3 0.456507 0.334416 0.483709 0.316067 0.515164 0.362701 0.487961 0.381049
3 0.462538 0.328168 0.492154 0.314042 0.516371 0.364812 0.486754 0.378938
3 0.469427 0.322880 0.500806 0.313286 0.517252 0.367078 0.485873 0.376672
3 0.477022 0.318668 0.509474 0.313818 0.517789 0.369450 0.485336 0.374300
3 0.485156 0.315625 0.517969 0.315625 0.517969 0.371875 0.485156 0.371875
3 0.493651 0.313818 0.526103 0.318668 0.517789 0.374300 0.485336 0.369450
3 0.502319 0.313286 0.533698 0.322880 0.517252 0.376672 0.485873 0.367078
3 0.510971 0.314042 0.540587 0.328168 0.516371 0.378938 0.486754 0.364812
3 0.519416 0.316067 0.546618 0.334416 0.515164 0.381049 0.487961 0.362701
0 0.482812 0.361719 0.520312 0.361719 0.520312 0.382031 0.482812 0.382031
3 0.534632 0.334416 0.561834 0.316067 0.593289 0.362701 0.566086 0.381049
3 0.540663 0.328168 0.570279 0.314042 0.594496 0.364812 0.564879 0.378938
3 0.547552 0.322880 0.578931 0.313286 0.595377 0.367078 0.563998 0.376672
3 0.555147 0.318668 0.587599 0.313818 0.595914 0.369450 0.563461 0.374300
3 0.563281 0.315625 0.596094 0.315625 0.596094 0.371875 0.563281 0.371875
3 0.571776 0.313818 0.604228 0.318668 0.595914 0.374300 0.563461 0.369450
3 0.580444 0.313286 0.611823 0.322880 0.595377 0.376672 0.563998 0.367078
3 0.589096 0.314042 0.618712 0.328168 0.594496 0.378938 0.564879 0.364812
3 0.597541 0.316067 0.624743 0.334416 0.593289 0.381049 0.566086 0.362701
0 0.560937 0.361719 0.598437 0.361719 0.598437 0.382031 0.560937 0.382031
3 0.612757 0.334416 0.639959 0.316067 0.671414 0.362701 0.644211 0.381049
3 0.618788 0.328168 0.648404 0.314042 0.672621 0.364812 0.643004 0.378938
3 0.625677 0.322880 0.657056 0.313286 0.673502 0.367078 0.642123 0.376672
3 0.633272 0.318668 0.665724 0.313818 0.674039 0.369450 0.641586 0.374300
3 0.641406 0.315625 0.674219 0.315625 0.674219 0.371875 0.641406 0.371875
3 0.649901 0.313818 0.682353 0.318668 0.674039 0.374300 0.641586 0.369450
3 0.658569 0.313286 0.689948 0.322880 0.673502 0.376672 0.642123 0.367078
3 0.667221 0.314042 0.696837 0.328168 0.672621 0.378938 0.643004 0.364812
3 0.675666 0.316067 0.702868 0.334416 0.671414 0.381049 0.644211 0.362701
0 0.639062 0.361719 0.676562 0.361719 0.676562 0.382031 0.639062 0.382031
3 0.690882 0.334416 0.718084 0.316067 0.749539 0.362701 0.722336 0.381049
3 0.696913 0.328168 0.726529 0.314042 0.750746 0.364812 0.721129 0.378938
3 0.703802 0.322880 0.735181 0.313286 0.751627 0.367078 0.720248 0.376672
3 0.711397 0.318668 0.743849 0.313818 0.752164 0.369450 0.719711 0.374300
3 0.719531 0.315625 0.752344 0.315625 0.752344 0.371875 0.719531 0.371875
3 0.728026 0.313818 0.760478 0.318668 0.752164 0.374300 0.719711 0.369450
3 0.736694 0.313286 0.768073 0.322880 0.751627 0.376672 0.720248 0.367078
3 0.745346 0.314042 0.774962 0.328168 0.750746 0.378938 0.721129 0.364812
3 0.753791 0.316067 0.780993 0.334416 0.749539 0.381049 0.722336 0.362701
0 0.717187 0.361719 0.754687 0.361719 0.754687 0.382031 0.717187 0.382031
3 0.769007 0.334416 0.796209 0.316067 0.827664 0.362701 0.800461 0.381049
3 0.775038 0.328168 0.804654 0.314042 0.828871 0.364812 0.799254 0.378938
3 0.781927 0.322880 0.813306 0.313286 0.829752 0.367078 0.798373 0.376672
3 0.789522 0.318668 0.821974 0.313818 0.830289 0.369450 0.797836 0.374300
3 0.797656 0.315625 0.830469 0.315625 0.830469 0.371875 0.797656 0.371875
3 0.806151 0.313818 0.838603 0.318668 0.830289 0.374300 0.797836 0.369450
3 0.814819 0.313286 0.846198 0.322880 0.829752 0.376672 0.798373 0.367078
3 0.823471 0.314042 0.853087 0.328168 0.828871 0.378938 0.799254 0.364812
3 0.831916 0.316067 0.859118 0.334416 0.827664 0.381049 0.800461 0.362701
0 0.795312 0.361719 0.832812 0.361719 0.832812 0.382031 0.795312 0.382031
3 0.847132 0.334416 0.874334 0.316067 0.905789 0.362701 0.878586 0.381049
3 0.853163 0.328168 0.882779 0.314042 0.906996 0.364812 0.877379 0.378938
3 0.860052 0.322880 0.891431 0.313286 0.907877 0.367078 0.876498 0.376672
3 0.867647 0.318668 0.900099 0.313818 0.908414 0.369450 0.875961 0.374300
3 0.875781 0.315625 0.908594 0.315625 0.908594 0.371875 0.875781 0.371875
3 0.884276 0.313818 0.916728 0.318668 0.908414 0.374300 0.875961 0.369450
3 0.892944 0.313286 0.924323 0.322880 0.907877 0.376672 0.876498 0.367078
3 0.901596 0.314042 0.931212 0.328168 0.906996 0.378938 0.877379 0.364812
3 0.910041 0.316067 0.937243 0.334416 0.905789 0.381049 0.878586 0.362701
0 0.873437 0.361719 0.910937 0.361719 0.910937 0.382031 0.873437 0.382031
3 0.026819 0.412541 0.054022 0.394192 0.085476 0.440826 0.058274 0.459174
3 0.032851 0.406293 0.062467 0.392167 0.086683 0.442937 0.057067 0.457063
3 0.039740 0.401005 0.071118 0.391411 0.087564 0.445203 0.056186 0.454797
3 0.047335 0.396793 0.079787 0.391943 0.088101 0.447575 0.055649 0.452425
3 0.055469 0.393750 0.088281 0.393750 0.088281 0.450000 0.055469 0.450000
3 0.063963 0.391943 0.096415 0.396793 0.088101 0.452425 0.055649 0.447575
3 0.072632 0.391411 0.104010 0.401005 0.087564 0.454797 0.056186 0.445203
3 0.081283 0.392167 0.110899 0.406293 0.086683 0.457063 0.057067 0.442937
3 0.089728 0.394192 0.116931 0.412541 0.085476 0.459174 0.058274 0.440826
0 0.053125 0.439844 0.090625 0.439844 0.090625 0.460156 0.053125 0.460156
3 0.104944 0.412541 0.132147 0.394192 0.163601 0.440826 0.136399 0.459174
3 0.110976 0.406293 0.140592 0.392167 0.164808 0.442937 0.135192 0.457063
3 0.117865 0.401005 0.149243 0.391411 0.165689 0.445203 0.134311 0.454797
3 0.125460 0.396793 0.157912 0.391943 0.166226 0.447575 0.133774 0.452425
3 0.133594 0.393750 0.166406 0.393750 0.166406 0.450000 0.133594 0.450000
3 0.142088 0.391943 0.174540 0.396793 0.166226 0.452425 0.133774 0.447575
3 0.150757 0.391411 0.182135 0.401005 0.165689 0.454797 0.134311 0.445203
3 0.159408 0.392167 0.189024 0.406293 0.164808 0.457063 0.135192 0.442937
3 0.167853 0.394192 0.195056 0.412541 0.163601 0.459174 0.136399 0.440826
0 0.131250 0.439844 0.168750 0.439844 0.168750 0.460156 0.131250 0.460156
3 0.183069 0.412541 0.210272 0.394192 0.241726 0.440826 0.214524 0.459174
3 0.189101 0.406293 0.218717 0.392167 0.242933 0.442937 0.213317 0.457063
3 0.195990 0.401005 0.227368 0.391411 0.243814 0.445203 0.212436 0.454797
3 0.203585 0.396793 0.236037 0.391943 0.244351 0.447575 0.211899 0.452425
3 0.211719 0.393750 0.244531 0.393750 0.244531 0.450000 0.211719 0.450000
3 0.220213 0.391943 0.252665 0.396793 0.244351 0.452425 0.211899 0.447575
3 0.228882 0.391411 0.260260 0.401005 0.243814 0.454797 0.212436 0.445203
3 0.237533 0.392167 0.267149 0.406293 0.242933 0.457063 0.213317 0.442937
3 0.245978 0.394192 0.273181 0.412541 0.241726 0.459174 0.214524 0.440826
0 0.209375 0.439844 0.246875 0.439844 0.246875 0.460156 0.209375 0.460156
3 0.261194 0.412541 0.288397 0.394192 0.319851 0.440826 0.292649 0.459174
3 0.267226 0.406293 0.296842 0.392167 0.321058 0.442937 0.291442 0.457063
3 0.274115 0.401005 0.305493 0.391411 0.321939 0.445203 0.290561 0.454797
3 0.281710 0.396793 0.314162 0.391943 0.322476 0.447575 0.290024 0.452425
3 0.289844 0.393750 0.322656 0.393750 0.322656 0.450000 0.289844 0.450000
3 0.298338 0.391943 0.330790 0.396793 0.322476 0.452425 0.290024 0.447575
3 0.307007 0.391411 0.338385 0.401005 0.321939 0.454797 0.290561 0.445203
3 0.315658 0.392167 0.345274 0.406293 0.321058 0.457063 0.291442 0.442937
3 0.324103 0.394192 0.351306 0.412541 0.319851 0.459174 0.292649 0.440826
0 0.287500 0.439844 0.325000 0.439844 0.325000 0.460156 0.287500 0.460156
3 0.339319 0.412541 0.366522 0.394192 0.397976 0.440826 0.370774 0.459174
3 0.345351 0.406293 0.374967 0.392167 0.399183 0.442937 0.369567 0.457063
3 0.352240 0.401005 0.383618 0.391411 0.400064 0.445203 0.368686 0.454797
3 0.359835 0.396793 0.392287 0.391943 0.400601 0.447575 0.368149 0.452425
3 0.367969 0.393750 0.400781 0.393750 0.400781 0.450000 0.367969 0.450000
3 0.376463 0.391943 0.408915 0.396793 0.400601 0.452425 0.368149 0.447575
3 0.385132 0.391411 0.416510 0.401005 0.400064 0.454797 0.368686 0.445203
3 0.393783 0.392167 0.423399 0.406293 0.399183 0.457063 0.369567 0.442937
3 0.402228 0.394192 0.429431 0.412541 0.397976 0.459174 0.370774 0.440826
0 0.365625 0.439844 0.403125 0.439844 0.403125 0.460156 0.365625 0.460156
3 0.417444 0.412541 0.444647 0.394192 0.476101 0.440826 0.448899 0.459174
3 0.423476 0.406293 0.453092 0.392167 0.477308 0.442937 0.447692 0.457063
3 0.430365 0.401005 0.461743 0.391411 0.478189 0.445203 0.446811 0.454797
3 0.437960 0.396793 0.470412 0.391943 0.478726 0.447575 0.446274 0.452425
3 0.446094 0.393750 0.478906 0.393750 0.478906 0.450000 0.446094 0.450000
3 0.454588 0.391943 0.487040 0.396793 0.478726 0.452425 0.446274 0.447575
3 0.463257 0.391411 0.494635 0.401005 0.478189 0.454797 0.446811 0.445203
3 0.471908 0.392167 0.501524 0.406293 0.477308 0.457063 0.447692 0.442937
3 0.480353 0.394192 0.507556 0.412541 0.476101 0.459174 0.448899 0.440826
0 0.443750 0.439844 0.481250 0.439844 0.481250 0.460156 0.443750 0.460156
3 0.495569 0.412541 0.522772 0.394192 0.554226 0.440826 0.527024 0.459174
3 0.501601 0.406293 0.531217 0.392167 0.555433 0.442937 0.525817 0.457063
3 0.508490 0.401005 0.539868 0.391411 0.556314 0.445203 0.524936 0.454797
3 0.516085 0.396793 0.548537 0.391943 0.556851 0.447575 0.524399 0.452425
3 0.524219 0.393750 0.557031 0.393750 0.557031 0.450000 0.524219 0.450000
3 0.532713 0.391943 0.565165 0.396793 0.556851 0.452425 0.524399 0.447575
3 0.541382 0.391411 0.572760 0.401005 0.556314 0.454797 0.524936 0.445203
3 0.550033 0.392167 0.579649 0.406293 0.555433 0.457063 0.525817 0.442937
3 0.558478 0.394192 0.585681 0.412541 0.554226 0.459174 0.527024 0.440826
0 0.521875 0.439844 0.559375 0.439844 0.559375 0.460156 0.521875 0.460156
3 0.573694 0.412541 0.600897 0.394192 0.632351 0.440826 0.605149 0.459174
3 0.579726 0.406293 0.609342 0.392167 0.633558 0.442937 0.603942 0.457063
3 0.586615 0.401005 0.617993 0.391411 0.634439 0.445203 0.603061 0.454797
3 0.594210 0.396793 0.626662 0.391943 0.634976 0.447575 0.602524 0.452425
3 0.602344 0.393750 0.635156 0.393750 0.635156 0.450000 0.602344 0.450000
3 0.610838 0.391943 0.643290 0.396793 0.634976 0.452425 0.602524 0.447575
3 0.619507 0.391411 0.650885 0.401005 0.634439 0.454797 0.603061 0.445203
3 0.628158 0.392167 0.657774 0.406293 0.633558 0.457063 0.603942 0.442937
3 0.636603 0.394192 0.663806 0.412541 0.632351 0.459174 0.605149 0.440826
0 0.600000 0.439844 0.637500 0.439844 0.637500 0.460156 0.600000 0.460156
3 0.651819 0.412541 0.679022 0.394192 0.710476 0.440826 0.683274 0.459174
3 0.657851 0.406293 0.687467 0.392167 0.711683 0.442937 0.682067 0.457063
3 0.664740 0.401005 0.696118 0.391411 0.712564 0.445203 0.681186 0.454797
3 0.672335 0.396793 0.704787 0.391943 0.713101 0.447575 0.680649 0.452425
3 0.680469 0.393750 0.713281 0.393750 0.713281 0.450000 0.680469 0.450000
3 0.688963 0.391943 0.721415 0.396793 0.713101 0.452425 0.680649 0.447575
3 0.697632 0.391411 0.729010 0.401005 0.712564 0.454797 0.681186 0.445203
3 0.706283 0.392167 0.735899 0.406293 0.711683 0.457063 0.682067 0.442937
3 0.714728 0.394192 0.741931 0.412541 0.710476 0.459174 0.683274 0.440826
0 0.678125 0.439844 0.715625 0.439844 0.715625 0.460156 0.678125 0.460156
3 0.729944 0.412541 0.757147 0.394192 0.788601 0.440826 0.761399 0.459174
3 0.735976 0.406293 0.765592 0.392167 0.789808 0.442937 0.760192 0.457063
3 0.742865 0.401005 0.774243 0.391411 0.790689 0.445203 0.759311 0.454797
3 0.750460 0.396793 0.782912 0.391943 0.791226 0.447575 0.758774 0.452425
3 0.758594 0.393750 0.791406 0.393750 0.791406 0.450000 0.758594 0.450000
3 0.767088 0.391943 0.799540 0.396793 0.791226 0.452425 0.758774 0.447575
3 0.775757 0.391411 0.807135 0.401005 0.790689 0.454797 0.759311 0.445203
3 0.784408 0.392167 0.814024 0.406293 0.789808 0.457063 0.760192 0.442937
3 0.792853 0.394192 0.820056 0.412541 0.788601 0.459174 0.761399 0.440826
0 0.756250 0.439844 0.793750 0.439844 0.793750 0.460156 0.756250 0.460156
3 0.808069 0.412541 0.835272 0.394192 0.866726 0.440826 0.839524 0.459174
3 0.814101 0.406293 0.843717 0.392167 0.867933 0.442937 0.838317 0.457063
3 0.820990 0.401005 0.852368 0.391411 0.868814 0.445203 0.837436 0.454797
3 0.828585 0.396793 0.861037 0.391943 0.869351 0.447575 0.836899 0.452425
3 0.836719 0.393750 0.869531 0.393750 0.869531 0.450000 0.836719 0.450000
3 0.845213 0.391943 0.877665 0.396793 0.869351 0.452425 0.836899 0.447575
3 0.853882 0.391411 0.885260 0.401005 0.868814 0.454797 0.837436 0.445203
3 0.862533 0.392167 0.892149 0.406293 0.867933 0.457063 0.838317 0.442937
3 0.870978 0.394192 0.898181 0.412541 0.866726 0.459174 0.839524 0.440826
0 0.834375 0.439844 0.871875 0.439844 0.871875 0.460156 0.834375 0.460156
3 0.886194 0.412541 0.913397 0.394192 0.944851 0.440826 0.917649 0.459174
3 0.892226 0.406293 0.921842 0.392167 0.946058 0.442937 0.916442 0.457063
3 0.899115 0.401005 0.930493 0.391411 0.946939 0.445203 0.915561 0.454797
3 0.906710 0.396793 0.939162 0.391943 0.947476 0.447575 0.915024 0.452425
3 0.914844 0.393750 0.947656 0.393750 0.947656 0.450000 0.914844 0.450000
3 0.923338 0.391943 0.955790 0.396793 0.947476 0.452425 0.915024 0.447575
3 0.932007 0.391411 0.963385 0.401005 0.946939 0.454797 0.915561 0.445203
3 0.940658 0.392167 0.970274 0.406293 0.946058 0.457063 0.916442 0.442937
3 0.949103 0.394192 0.976306 0.412541 0.944851 0.459174 0.917649 0.440826
0 0.912500 0.439844 0.950000 0.439844 0.950000 0.460156 0.912500 0.460156
3 0.000677 0.479130 0.032056 0.469536 0.048502 0.523328 0.017123 0.532922
3 0.008272 0.474918 0.040724 0.470068 0.049039 0.525700 0.016586 0.530550
3 0.016406 0.471875 0.049219 0.471875 0.049219 0.528125 0.016406 0.528125
3 0.024901 0.470068 0.057353 0.474918 0.049039 0.530550 0.016586 0.525700
3 0.033569 0.469536 0.064948 0.479130 0.048502 0.532922 0.017123 0.523328
3 0.042221 0.470292 0.071837 0.484418 0.047621 0.535188 0.018004 0.521062
3 0.050666 0.472317 0.077868 0.490666 0.046414 0.537299 0.019211 0.518951
0 0.014063 0.517969 0.051562 0.517969 0.051562 0.538281 0.014063 0.538281
3 0.065882 0.490666 0.093084 0.472317 0.124539 0.518951 0.097336 0.537299
3 0.071913 0.484418 0.101529 0.470292 0.125746 0.521062 0.096129 0.535188
3 0.078802 0.479130 0.110181 0.469536 0.126627 0.523328 0.095248 0.532922
3 0.086397 0.474918 0.118849 0.470068 0.127164 0.525700 0.094711 0.530550
3 0.094531 0.471875 0.127344 0.471875 0.127344 0.528125 0.094531 0.528125
3 0.103026 0.470068 0.135478 0.474918 0.127164 0.530550 0.094711 0.525700
3 0.111694 0.469536 0.143073 0.479130 0.126627 0.532922 0.095248 0.523328
3 0.120346 0.470292 0.149962 0.484418 0.125746 0.535188 0.096129 0.521062
3 0.128791 0.472317 0.155993 0.490666 0.124539 0.537299 0.097336 0.518951
0 0.092188 0.517969 0.129688 0.517969 0.129688 0.538281 0.092188 0.538281
3 0.144007 0.490666 0.171209 0.472317 0.202664 0.518951 0.175461 0.537299
3 0.150038 0.484418 0.179654 0.470292 0.203871 0.521062 0.174254 0.535188
3 0.156927 0.479130 0.188306 0.469536 0.204752 0.523328 0.173373 0.532922
3 0.164522 0.474918 0.196974 0.470068 0.205289 0.525700 0.172836 0.530550
3 0.172656 0.471875 0.205469 0.471875 0.205469 0.528125 0.172656 0.528125
3 0.181151 0.470068 0.213603 0.474918 0.205289 0.530550 0.172836 0.525700
3 0.189819 0.469536 0.221198 0.479130 0.204752 0.532922 0.173373 0.523328
3 0.198471 0.470292 0.228087 0.484418 0.203871 0.535188 0.174254 0.521062
3 0.206916 0.472317 0.234118 0.490666 0.202664 0.537299 0.175461 0.518951
0 0.170313 0.517969 0.207813 0.517969 0.207813 0.538281 0.170313 0.538281
3 0.222132 0.490666 0.249334 0.472317 0.280789 0.518951 0.253586 0.537299
3 0.228163 0.484418 0.257779 0.470292 0.281996 0.521062 0.252379 0.535188
3 0.235052 0.479130 0.266431 0.469536 0.282877 0.523328 0.251498 0.532922
3 0.242647 0.474918 0.275099 0.470068 0.283414 0.525700 0.250961 0.530550
3 0.250781 0.471875 0.283594 0.471875 0.283594 0.528125 0.250781 0.528125
3 0.259276 0.470068 0.291728 0.474918 0.283414 0.530550 0.250961 0.525700
3 0.267944 0.469536 0.299323 0.479130 0.282877 0.532922 0.251498 0.523328
3 0.276596 0.470292 0.306212 0.484418 0.281996 0.535188 0.252379 0.521062
3 0.285041 0.472317 0.312243 0.490666 0.280789 0.537299 0.253586 0.518951
0 0.248438 0.517969 0.285938 0.517969 0.285938 0.538281 0.248438 0.538281
3 0.300257 0.490666 0.327459 0.472317 0.358914 0.518951 0.331711 0.537299
3 0.306288 0.484418 0.335904 0.470292 0.360121 0.521062 0.330504 0.535188
3 0.313177 0.479130 0.344556 0.469536 0.361002 0.523328 0.329623 0.532922
3 0.320772 0.474918 0.353224 0.470068 0.361539 0.525700 0.329086 0.530550
3 0.328906 0.471875 0.361719 0.471875 0.361719 0.528125 0.328906 0.528125
3 0.337401 0.470068 0.369853 0.474918 0.361539 0.530550 0.329086 0.525700
3 0.346069 0.469536 0.377448 0.479130 0.361002 0.532922 0.329623 0.523328
3 0.354721 0.470292 0.384337 0.484418 0.360121 0.535188 0.330504 0.521062
3 0.363166 0.472317 0.390368 0.490666 0.358914 0.537299 0.331711 0.518951
0 0.326562 0.517969 0.364063 0.517969 0.364063 0.538281 0.326562 0.538281
3 0.378382 0.490666 0.405584 0.472317 0.437039 0.518951 0.409836 0.537299
3 0.384413 0.484418 0.414029 0.470292 0.438246 0.521062 0.408629 0.535188
3 0.391302 0.479130 0.422681 0.469536 0.439127 0.523328 0.407748 0.532922
3 0.398897 0.474918 0.431349 0.470068 0.439664 0.525700 0.407211 0.530550
3 0.407031 0.471875 0.439844 0.471875 0.439844 0.528125 0.407031 0.528125
3 0.415526 0.470068 0.447978 0.474918 0.439664 0.530550 0.407211 0.525700
3 0.424194 0.469536 0.455573 0.479130 0.439127 0.532922 0.407748 0.523328
3 0.432846 0.470292 0.462462 0.484418 0.438246 0.535188 0.408629 0.521062
3 0.441291 0.472317 0.468493 0.490666 0.437039 0.537299 0.409836 0.518951
0 0.404687 0.517969 0.442188 0.517969 0.442188 0.538281 0.404687 0.538281
3 0.456507 0.490666 0.483709 0.472317 0.515164 0.518951 0.487961 0.537299
3 0.462538 0.484418 0.492154 0.470292 0.516371 0.521062 0.486754 0.535188
3 0.469427 0.479130 0.500806 0.469536 0.517252 0.523328 0.485873 0.532922
3 0.477022 0.474918 0.509474 0.470068 0.517789 0.525700 0.485336 0.530550
3 0.485156 0.471875 0.517969 0.471875 0.517969 0.528125 0.485156 0.528125
3 0.493651 0.470068 0.526103 0.474918 0.517789 0.530550 0.485336 0.525700
3 0.502319 0.469536 0.533698 0.479130 0.517252 0.532922 0.485873 0.523328
3 0.510971 0.470292 0.540587 0.484418 0.516371 0.535188 0.486754 0.521062
3 0.519416 0.472317 0.546618 0.490666 0.515164 0.537299 0.487961 0.518951
0 0.482812 0.517969 0.520312 0.517969 0.520312 0.538281 0.482812 0.538281
3 0.534632 0.490666 0.561834 0.472317 0.593289 0.518951 0.566086 0.537299
3 0.540663 0.484418 0.570279 0.470292 0.594496 0.521062 0.564879 0.535188
3 0.547552 0.479130 0.578931 0.469536 0.595377 0.523328 0.563998 0.532922
3 0.555147 0.474918 0.587599 0.470068 0.595914 0.525700 0.563461 0.530550
3 0.563281 0.471875 0.596094 0.471875 0.596094 0.528125 0.563281 0.528125
3 0.571776 0.470068 0.604228 0.474918 0.595914 0.530550 0.563461 0.525700
3 0.580444 0.469536 0.611823 0.479130 0.595377 0.532922 0.563998 0.523328
3 0.589096 0.470292 0.618712 0.484418 0.594496 0.535188 0.564879 0.521062
3 0.597541 0.472317 0.624743 0.490666 0.593289 0.537299 0.566086 0.518951
0 0.560937 0.517969 0.598437 0.517969 0.598437 0.538281 0.560937 0.538281
3 0.612757 0.490666 0.639959 0.472317 0.671414 0.518951 0.644211 0.537299
3 0.618788 0.484418 0.648404 0.470292 0.672621 0.521062 0.643004 0.535188
3 0.625677 0.479130 0.657056 0.469536 0.673502 0.523328 0.642123 0.532922
3 0.633272 0.474918 0.665724 0.470068 0.674039 0.525700 0.641586 0.530550
3 0.641406 0.471875 0.674219 0.471875 0.674219 0.528125 0.641406 0.528125
3 0.649901 0.470068 0.682353 0.474918 0.674039 0.530550 0.641586 0.525700
3 0.658569 0.469536 0.689948 0.479130 0.673502 0.532922 0.642123 0.523328
3 0.667221 0.470292 0.696837 0.484418 0.672621 0.535188 0.643004 0.521062
3 0.675666 0.472317 0.702868 0.490666 0.671414 0.537299 0.644211 0.518951
0 0.639062 0.517969 0.676562 0.517969 0.676562 0.538281 0.639062 0.538281
3 0.690882 0.490666 0.718084 0.472317 0.749539 0.518951 0.722336 0.537299
3 0.696913 0.484418 0.726529 0.470292 0.750746 0.521062 0.721129 0.535188
3 0.703802 0.479130 0.735181 0.469536 0.751627 0.523328 0.720248 0.532922
3 0.711397 0.474918 0.743849 0.470068 0.752164 0.525700 0.719711 0.530550
3 0.719531 0.471875 0.752344 0.471875 0.752344 0.528125 0.719531 0.528125
3 0.728026 0.470068 0.760478 0.474918 0.752164 0.530550 0.719711 0.525700
3 0.736694 0.469536 0.768073 0.479130 0.751627 0.532922 0.720248 0.523328
3 0.745346 0.470292 0.774962 0.484418 0.750746 0.535188 0.721129 0.521062
3 0.753791 0.472317 0.780993 0.490666 0.749539 0.537299 0.722336 0.518951
0 0.717187 0.517969 0.754687 0.517969 0.754687 0.538281 0.717187 0.538281
3 0.769007 0.490666 0.796209 0.472317 0.827664 0.518951 0.800461 0.537299
3 0.775038 0.484418 0.804654 0.470292 0.828871 0.521062 0.799254 0.535188
3 0.781927 0.479130 0.813306 0.469536 0.829752 0.523328 0.798373 0.532922
3 0.789522 0.474918 0.821974 0.470068 0.830289 0.525700 0.797836 0.530550
3 0.797656 0.471875 0.830469 0.471875 0.830469 0.528125 0.797656 0.528125
3 0.806151 0.470068 0.838603 0.474918 0.830289 0.530550 0.797836 0.525700
3 0.814819 0.469536 0.846198 0.479130 0.829752 0.532922 0.798373 0.523328
3 0.823471 0.470292 0.853087 0.484418 0.828871 0.535188 0.799254 0.521062
3 0.831916 0.472317 0.859118 0.490666 0.827664 0.537299 0.800461 0.518951
0 0.795312 0.517969 0.832812 0.517969 0.832812 0.538281 0.795312 0.538281
3 0.847132 0.490666 0.874334 0.472317 0.905789 0.518951 0.878586 0.537299
3 0.853163 0.484418 0.882779 0.470292 0.906996 0.521062 0.877379 0.535188
3 0.860052 0.479130 0.891431 0.469536 0.907877 0.523328 0.876498 0.532922
3 0.867647 0.474918 0.900099 0.470068 0.908414 0.525700 0.875961 0.530550
3 0.875781 0.471875 0.908594 0.471875 0.908594 0.528125 0.875781 0.528125
3 0.884276 0.470068 0.916728 0.474918 0.908414 0.530550 0.875961 0.525700
3 0.892944 0.469536 0.924323 0.479130 0.907877 0.532922 0.876498 0.523328
3 0.901596 0.470292 0.931212 0.484418 0.906996 0.535188 0.877379 0.521062
3 0.910041 0.472317 0.937243 0.490666 0.905789 0.537299 0.878586 0.518951
0 0.873437 0.517969 0.910937 0.517969 0.910937 0.538281 0.873437 0.538281
3 0.026819 0.568791 0.054022 0.550442 0.085476 0.597076 0.058274 0.615424
3 0.032851 0.562543 0.062467 0.548417 0.086683 0.599187 0.057067 0.613313
3 0.039740 0.557255 0.071118 0.547661 0.087564 0.601453 0.056186 0.611047
3 0.047335 0.553043 0.079787 0.548193 0.088101 0.603825 0.055649 0.608675
3 0.055469 0.550000 0.088281 0.550000 0.088281 0.606250 0.055469 0.606250
3 0.063963 0.548193 0.096415 0.553043 0.088101 0.608675 0.055649 0.603825
3 0.072632 0.547661 0.104010 0.557255 0.087564 0.611047 0.056186 0.601453
3 0.081283 0.548417 0.110899 0.562543 0.086683 0.613313 0.057067 0.599187
3 0.089728 0.550442 0.116931 0.568791 0.085476 0.615424 0.058274 0.597076
0 0.053125 0.596094 0.090625 0.596094 0.090625 0.616406 0.053125 0.616406
3 0.104944 0.568791 0.132147 0.550442 0.163601 0.597076 0.136399 0.615424
3 0.110976 0.562543 0.140592 0.548417 0.164808 0.599187 0.135192 0.613313
3 0.117865 0.557255 0.149243 0.547661 0.165689 0.601453 0.134311 0.611047
3 0.125460 0.553043 0.157912 0.548193 0.166226 0.603825 0.133774 0.608675
3 0.133594 0.550000 0.166406 0.550000 0.166406 0.606250 0.133594 0.606250
3 0.142088 0.548193 0.174540 0.553043 0.166226 0.608675 0.133774 0.603825
3 0.150757 0.547661 0.182135 0.557255 0.165689 0.611047 0.134311 0.601453
3 0.159408 0.548417 0.189024 0.562543 0.164808 0.613313 0.135192 0.599187
3 0.167853 0.550442 0.195056 0.568791 0.163601 0.615424 0.136399 0.597076
0 0.131250 0.596094 0.168750 0.596094 0.168750 0.616406 0.131250 0.616406
3 0.183069 0.568791 0.210272 0.550442 0.241726 0.597076 0.214524 0.615424
3 0.189101 0.562543 0.218717 0.548417 0.242933 0.599187 0.213317 0.613313
3 0.195990 0.557255 0.227368 0.547661 0.243814 0.601453 0.212436 0.611047
3 0.203585 0.553043 0.236037 0.548193 0.244351 0.603825 0.211899 0.608675
3 0.211719 0.550000 0.244531 0.550000 0.244531 0.606250 0.211719 0.606250
3 0.220213 0.548193 0.252665 0.553043 0.244351 0.608675 0.211899 0.603825
3 0.228882 0.547661 0.260260 0.557255 0.243814 0.611047 0.212436 0.601453
3 0.237533 0.548417 0.267149 0.562543 0.242933 0.613313 0.213317 0.599187
3 0.245978 0.550442 0.273181 0.568791 0.241726 0.615424 0.214524 0.597076
0 0.209375 0.596094 0.246875 0.596094 0.246875 0.616406 0.209375 0.616406
3 0.261194 0.568791 0.288397 0.550442 0.319851 0.597076 0.292649 0.615424
3 0.267226 0.562543 0.296842 0.548417 0.321058 0.599187 0.291442 0.613313
3 0.274115 0.557255 0.305493 0.547661 0.321939 0.601453 0.290561 0.611047
3 0.281710 0.553043 0.314162 0.548193 0.322476 0.603825 0.290024 0.608675
3 0.289844 0.550000 0.322656 0.550000 0.322656 0.606250 0.289844 0.606250
3 0.298338 0.548193 0.330790 0.553043 0.322476 0.608675 0.290024 0.603825
3 0.307007 0.547661 0.338385 0.557255 0.321939 0.611047 0.290561 0.601453
3 0.315658 0.548417 0.345274 0.562543 0.321058 0.613313 0.291442 0.599187
3 0.324103 0.550442 0.351306 0.568791 0.319851 0.615424 0.292649 0.597076
0 0.287500 0.596094 0.325000 0.596094 0.325000 0.616406 0.287500 0.616406
3 0.339319 0.568791 0.366522 0.550442 0.397976 0.597076 0.370774 0.615424
3 0.345351 0.562543 0.374967 0.548417 0.399183 0.599187 0.369567 0.613313
3 0.352240 0.557255 0.383618 0.547661 0.400064 0.601453 0.368686 0.611047
3 0.359835 0.553043 0.392287 0.548193 0.400601 0.603825 0.368149 0.608675
3 0.367969 0.550000 0.400781 0.550000 0.400781 0.606250 0.367969 0.606250
3 0.376463 0.548193 0.408915 0.553043 0.400601 0.608675 0.368149 0.603825
3 0.385132 0.547661 0.416510 0.557255 0.400064 0.611047 0.368686 0.601453
3 0.393783 0.548417 0.423399 0.562543 0.399183 0.613313 0.369567 0.599187
3 0.402228 0.550442 0.429431 0.568791 0.397976 0.615424 0.370774 0.597076
0 0.365625 0.596094 0.403125 0.596094 0.403125 0.616406 0.365625 0.616406
3 0.417444 0.568791 0.444647 0.550442 0.476101 0.597076 0.448899 0.615424
3 0.423476 0.562543 0.453092 0.548417 0.477308 0.599187 0.447692 0.613313
3 0.430365 0.557255 0.461743 0.547661 0.478189 0.601453 0.446811 0.611047
3 0.437960 0.553043 0.470412 0.548193 0.478726 0.603825 0.446274 0.608675
3 0.446094 0.550000 0.478906 0.550000 0.478906 0.606250 0.446094 0.606250
3 0.454588 0.548193 0.487040 0.553043 0.478726 0.608675 0.446274 0.603825
3 0.463257 0.547661 0.494635 0.557255 0.478189 0.611047 0.446811 0.601453
3 0.471908 0.548417 0.501524 0.562543 0.477308 0.613313 0.447692 0.599187
3 0.480353 0.550442 0.507556 0.568791 0.476101 0.615424 0.448899 0.597076
0 0.443750 0.596094 0.481250 0.596094 0.481250 0.616406 0.443750 0.616406
3 0.495569 0.568791 0.522772 0.550442 0.554226 0.597076 0.527024 0.615424
3 0.501601 0.562543 0.531217 0.548417 0.555433 0.599187 0.525817 0.613313
3 0.508490 0.557255 0.539868 0.547661 0.556314 0.601453 0.524936 0.611047
3 0.516085 0.553043 0.548537 0.548193 0.556851 0.603825 0.524399 0.608675
3 0.524219 0.550000 0.557031 0.550000 0.557031 0.606250 0.524219 0.606250
3 0.532713 0.548193 0.565165 0.553043 0.556851 0.608675 0.524399 0.603825
3 0.541382 0.547661 0.572760 0.557255 0.556314 0.611047 0.524936 0.601453
3 0.550033 0.548417 0.579649 0.562543 0.555433 0.613313 0.525817 0.599187
3 0.558478 0.550442 0.585681 0.568791 0.554226 0.615424 0.527024 0.597076
0 0.521875 0.596094 0.559375 0.596094 0.559375 0.616406 0.521875 0.616406
3 0.573694 0.568791 0.600897 0.550442 0.632351 0.597076 0.605149 0.615424
3 0.579726 0.562543 0.609342 0.548417 0.633558 0.599187 0.603942 0.613313
3 0.586615 0.557255 0.617993 0.547661 0.634439 0.601453 0.603061 0.611047
3 0.594210 0.553043 0.626662 0.548193 0.634976 0.603825 0.602524 0.608675
3 0.602344 0.550000 0.635156 0.550000 0.635156 0.606250 0.602344 0.606250
3 0.610838 0.548193 0.643290 0.553043 0.634976 0.608675 0.602524 0.603825
3 0.619507 0.547661 0.650885 0.557255 0.634439 0.611047 0.603061 0.601453
3 0.628158 0.548417 0.657774 0.562543 0.633558 0.613313 0.603942 0.599187
3 0.636603 0.550442 0.663806 0.568791 0.632351 0.615424 0.605149 0.597076
0 0.600000 0.596094 0.637500 0.596094 0.637500 0.616406 0.600000 0.616406
3 0.651819 0.568791 0.679022 0.550442 0.710476 0.597076 0.683274 0.615424
3 0.657851 0.562543 0.687467 0.548417 0.711683 0.599187 0.682067 0.613313
3 0.664740 0.557255 0.696118 0.547661 0.712564 0.601453 0.681186 0.611047
3 0.672335 0.553043 0.704787 0.548193 0.713101 0.603825 0.680649 0.608675
3 0.680469 0.550000 0.713281 0.550000 0.713281 0.606250 0.680469 0.606250
3 0.688963 0.548193 0.721415 0.553043 0.713101 0.608675 0.680649 0.603825
3 0.697632 0.547661 0.729010 0.557255 0.712564 0.611047 0.681186 0.601453
3 0.706283 0.548417 0.735899 0.562543 0.711683 0.613313 0.682067 0.599187
3 0.714728 0.550442 0.741931 0.568791 0.710476 0.615424 0.683274 0.597076
0 0.678125 0.596094 0.715625 0.596094 0.715625 0.616406 0.678125 0.616406
3 0.729944 0.568791 0.757147 0.550442 0.788601 0.597076 0.761399 0.615424
3 0.735976 0.562543 0.765592 0.548417 0.789808 0.599187 0.760192 0.613313
3 0.742865 0.557255 0.774243 0.547661 0.790689 0.601453 0.759311 0.611047
3 0.750460 0.553043 0.782912 0.548193 0.791226 0.603825 0.758774 0.608675
3 0.758594 0.550000 0.791406 0.550000 0.791406 0.606250 0.758594 0.606250
3 0.767088 0.548193 0.799540 0.553043 0.791226 0.608675 0.758774 0.603825
3 0.775757 0.547661 0.807135 0.557255 0.790689 0.611047 0.759311 0.601453
3 0.784408 0.548417 0.814024 0.562543 0.789808 0.613313 0.760192 0.599187
3 0.792853 0.550442 0.820056 0.568791 0.788601 0.615424 0.761399 0.597076
0 0.756250 0.596094 0.793750 0.596094 0.793750 0.616406 0.756250 0.616406
3 0.808069 0.568791 0.835272 0.550442 0.866726 0.597076 0.839524 0.615424
3 0.814101 0.562543 0.843717 0.548417 0.867933 0.599187 0.838317 0.613313
3 0.820990 0.557255 0.852368 0.547661 0.868814 0.601453 0.837436 0.611047
3 0.828585 0.553043 0.861037 0.548193 0.869351 0.603825 0.836899 0.608675
3 0.836719 0.550000 0.869531 0.550000 0.869531 0.606250 0.836719 0.606250
3 0.845213 0.548193 0.877665 0.553043 0.869351 0.608675 0.836899 0.603825
3 0.853882 0.547661 0.885260 0.557255 0.868814 0.611047 0.837436 0.601453
3 0.862533 0.548417 0.892149 0.562543 0.867933 0.613313 0.838317 0.599187
3 0.870978 0.550442 0.898181 0.568791 0.866726 0.615424 0.839524 0.597076
0 0.834375 0.596094 0.871875 0.596094 0.871875 0.616406 0.834375 0.616406
3 0.886194 0.568791 0.913397 0.550442 0.944851 0.597076 0.917649 0.615424
3 0.892226 0.562543 0.921842 0.548417 0.946058 0.599187 0.916442 0.613313
3 0.899115 0.557255 0.930493 0.547661 0.946939 0.601453 0.915561 0.611047
3 0.906710 0.553043 0.939162 0.548193 0.947476 0.603825 0.915024 0.608675
3 0.914844 0.550000 0.947656 0.550000 0.947656 0.606250 0.914844 0.606250
3 0.923338 0.548193 0.955790 0.553043 0.947476 0.608675 0.915024 0.603825
3 0.932007 0.547661 0.963385 0.557255 0.946939 0.611047 0.915561 0.601453
3 0.940658 0.548417 0.970274 0.562543 0.946058 0.613313 0.916442 0.599187
3 0.949103 0.550442 0.976306 0.568791 0.944851 0.615424 0.917649 0.597076
0 0.912500 0.596094 0.950000 0.596094 0.950000 0.616406 0.912500 0.616406
3 0.000677 0.635380 0.032056 0.625786 0.048502 0.679578 0.017123 0.689172
3 0.008272 0.631168 0.040724 0.626318 0.049039 0.681950 0.016586 0.686800
3 0.016406 0.628125 0.049219 0.628125 0.049219 0.684375 0.016406 0.684375
3 0.024901 0.626318 0.057353 0.631168 0.049039 0.686800 0.016586 0.681950
3 0.033569 0.625786 0.064948 0.635380 0.048502 0.689172 0.017123 0.679578
3 0.042221 0.626542 0.071837 0.640668 0.047621 0.691438 0.018004 0.677312
3 0.050666 0.628567 0.077868 0.646916 0.046414 0.693549 0.019211 0.675201
0 0.014063 0.674219 0.051562 0.674219 0.051562 0.694531 0.014063 0.694531
3 0.065882 0.646916 0.093084 0.628567 0.124539 0.675201 0.097336 0.693549
3 0.071913 0.640668 0.101529 0.626542 0.125746 0.677312 0.096129 0.691438
3 0.078802 0.635380 0.110181 0.625786 0.126627 0.679578 0.095248 0.689172
3 0.086397 0.631168 0.118849 0.626318 0.127164 0.681950 0.094711 0.686800
3 0.094531 0.628125 0.127344 0.628125 0.127344 0.684375 0.094531 0.684375
3 0.103026 0.626318 0.135478 0.631168 0.127164 0.686800 0.094711 0.681950
3 0.111694 0.625786 0.143073 0.635380 0.126627 0.689172 0.095248 0.679578
3 0.120346 0.626542 0.149962 0.640668 0.125746 0.691438 0.096129 0.677312
3 0.128791 0.628567 0.155993 0.646916 0.124539 0.693549 0.097336 0.675201
0 0.092188 0.674219 0.129688 0.674219 0.129688 0.694531 0.092188 0.694531
3 0.144007 0.646916 0.171209 0.628567 0.202664 0.675201 0.175461 0.693549
3 0.150038 0.640668 0.179654 0.626542 0.203871 0.677312 0.174254 0.691438
3 0.156927 0.635380 0.188306 0.625786 0.204752 0.679578 0.173373 0.689172
3 0.164522 0.631168 0.196974 0.626318 0.205289 0.681950 0.172836 0.686800
3 0.172656 0.628125 0.205469 0.628125 0.205469 0.684375 0.172656 0.684375
3 0.181151 0.626318 0.213603 0.631168 0.205289 0.686800 0.172836 0.681950
3 0.189819 0.625786 0.221198 0.635380 0.204752 0.689172 0.173373 0.679578
3 0.198471 0.626542 0.228087 0.640668 0.203871 0.691438 0.174254 0.677312
3 0.206916 0.628567 0.234118 0.646916 0.202664 0.693549 0.175461 0.675201
0 0.170313 0.674219 0.207813 0.674219 0.207813 0.694531 0.170313 0.694531
3 0.222132 0.646916 0.249334 0.628567 0.280789 0.675201 0.253586 0.693549
3 0.228163 0.640668 0.257779 0.626542 0.281996 0.677312 0.252379 0.691438
3 0.235052 0.635380 0.266431 0.625786 0.282877 0.679578 0.251498 0.689172
3 0.242647 0.631168 0.275099 0.626318 0.283414 0.681950 0.250961 0.686800
3 0.250781 0.628125 0.283594 0.628125 0.283594 0.684375 0.250781 0.684375
3 0.259276 0.626318 0.291728 0.631168 0.283414 0.686800 0.250961 0.681950
3 0.267944 0.625786 0.299323 0.635380 0.282877 0.689172 0.251498 0.679578
3 0.276596 0.626542 0.306212 0.640668 0.281996 0.691438 0.252379 0.677312
3 0.285041 0.628567 0.312243 0.646916 0.280789 0.693549 0.253586 0.675201
0 0.248438 0.674219 0.285938 0.674219 0.285938 0.694531 0.248438 0.694531
3 0.300257 0.646916 0.327459 0.628567 0.358914 0.675201 0.331711 0.693549
3 0.306288 0.640668 0.335904 0.626542 0.360121 0.677312 0.330504 0.691438
3 0.313177 0.635380 0.344556 0.625786 0.361002 0.679578 0.329623 0.689172
3 0.320772 0.631168 0.353224 0.626318 0.361539 0.681950 0.329086 0.686800
3 0.328906 0.628125 0.361719 0.628125 0.361719 0.684375 0.328906 0.684375
3 0.337401 0.626318 0.369853 0.631168 0.361539 0.686800 0.329086 0.681950
3 0.346069 0.625786 0.377448 0.635380 0.361002 0.689172 0.329623 0.679578
3 0.354721 0.626542 0.384337 0.640668 0.360121 0.691438 0.330504 0.677312
3 0.363166 0.628567 0.390368 0.646916 0.358914 0.693549 0.331711 0.675201
0 0.326562 0.674219 0.364063 0.674219 0.364063 0.694531 0.326562 0.694531
3 0.378382 0.646916 0.405584 0.628567 0.437039 0.675201 0.409836 0.693549
3 0.384413 0.640668 0.414029 0.626542 0.438246 0.677312 0.408629 0.691438
3 0.391302 0.635380 0.422681 0.625786 0.439127 0.679578 0.407748 0.689172
3 0.398897 0.631168 0.431349 0.626318 0.439664 0.681950 0.407211 0.686800
3 0.407031 0.628125 0.439844 0.628125 0.439844 0.684375 0.407031 0.684375
3 0.415526 0.626318 0.447978 0.631168 0.439664 0.686800 0.407211 0.681950
3 0.424194 0.625786 0.455573 0.635380 0.439127 0.689172 0.407748 0.679578
3 0.432846 0.626542 0.462462 0.640668 0.438246 0.691438 0.408629 0.677312
3 0.441291 0.628567 0.468493 0.646916 0.437039 0.693549 0.409836 0.675201
0 0.404687 0.674219 0.442188 0.674219 0.442188 0.694531 0.404687 0.694531
3 0.456507 0.646916 0.483709 0.628567 0.515164 0.675201 0.487961 0.693549
3 0.462538 0.640668 0.492154 0.626542 0.516371 0.677312 0.486754 0.691438
3 0.469427 0.635380 0.500806 0.625786 0.517252 0.679578 0.485873 0.689172
3 0.477022 0.631168 0.509474 0.626318 0.517789 0.681950 0.485336 0.686800
3 0.485156 0.628125 0.517969 0.628125 0.517969 0.684375 0.485156 0.684375
3 0.493651 0.626318 0.526103 0.631168 0.517789 0.686800 0.485336 0.681950
3 0.502319 0.625786 0.533698 0.635380 0.517252 0.689172 0.485873 0.679578
3 0.510971 0.626542 0.540587 0.640668 0.516371 0.691438 0.486754 0.677312
3 0.519416 0.628567 0.546618 0.646916 0.515164 0.693549 0.487961 0.675201
0 0.482812 0.674219 0.520312 0.674219 0.520312 0.694531 0.482812 0.694531
3 0.534632 0.646916 0.561834 0.628567 0.593289 0.675201 0.566086 0.693549
3 0.540663 0.640668 0.570279 0.626542 0.594496 0.677312 0.564879 0.691438
3 0.547552 0.635380 0.578931 0.625786 0.595377 0.679578 0.563998 0.689172
3 0.555147 0.631168 0.587599 0.626318 0.595914 0.681950 0.563461 0.686800
3 0.563281 0.628125 0.596094 0.628125 0.596094 0.684375 0.563281 0.684375
3 0.571776 0.626318 0.604228 0.631168 0.595914 0.686800 0.563461 0.681950
3 0.580444 0.625786 0.611823 0.635380 0.595377 0.689172 0.563998 0.679578
3 0.589096 0.626542 0.618712 0.640668 0.594496 0.691438 0.564879 0.677312
3 0.597541 0.628567 0.624743 0.646916 0.593289 0.693549 0.566086 0.675201
0 0.560937 0.674219 0.598437 0.674219 0.598437 0.694531 0.560937 0.694531
3 0.612757 0.646916 0.639959 0.628567 0.671414 0.675201 0.644211 0.693549
3 0.618788 0.640668 0.648404 0.626542 0.672621 0.677312 0.643004 0.691438
3 0.625677 0.635380 0.657056 0.625786 0.673502 0.679578 0.642123 0.689172
3 0.633272 0.631168 0.665724 0.626318 0.674039 0.681950 0.641586 0.686800
3 0.641406 0.628125 0.674219 0.628125 0.674219 0.684375 0.641406 0.684375
3 0.649901 0.626318 0.682353 0.631168 0.674039 0.686800 0.641586 0.681950
3 0.658569 0.625786 0.689948 0.635380 0.673502 0.689172 0.642123 0.679578
3 0.667221 0.626542 0.696837 0.640668 0.672621 0.691438 0.643004 0.677312
3 0.675666 0.628567 0.702868 0.646916 0.671414 0.693549 0.644211 0.675201
0 0.639062 0.674219 0.676562 0.674219 0.676562 0.694531 0.639062 0.694531
3 0.690882 0.646916 0.718084 0.628567 0.749539 0.675201 0.722336 0.693549
3 0.696913 0.640668 0.726529 0.626542 0.750746 0.677312 0.721129 0.691438
3 0.703802 0.635380 0.735181 0.625786 0.751627 0.679578 0.720248 0.689172
3 0.711397 0.631168 0.743849 0.626318 0.752164 0.681950 0.719711 0.686800
3 0.719531 0.628125 0.752344 0.628125 0.752344 0.684375 0.719531 0.684375
3 0.728026 0.626318 0.760478 0.631168 0.752164 0.686800 0.719711 0.681950
3 0.736694 0.625786 0.768073 0.635380 0.751627 0.689172 0.720248 0.679578
3 0.745346 0.626542 0.774962 0.640668 0.750746 0.691438 0.721129 0.677312
3 0.753791 0.628567 0.780993 0.646916 0.749539 0.693549 0.722336 0.675201
0 0.717187 0.674219 0.754687 0.674219 0.754687 0.694531 0.717187 0.694531
3 0.769007 0.646916 0.796209 0.628567 0.827664 0.675201 0.800461 0.693549
3 0.775038 0.640668 0.804654 0.626542 0.828871 0.677312 0.799254 0.691438
3 0.781927 0.635380 0.813306 0.625786 0.829752 0.679578 0.798373 0.689172
3 0.789522 0.631168 0.821974 0.626318 0.830289 0.681950 0.797836 0.686800
3 0.797656 0.628125 0.830469 0.628125 0.830469 0.684375 0.797656 0.684375
3 0.806151 0.626318 0.838603 0.631168 0.830289 0.686800 0.797836 0.681950
3 0.814819 0.625786 0.846198 0.635380 0.829752 0.689172 0.798373 0.679578
3 0.823471 0.626542 0.853087 0.640668 0.828871 0.691438 0.799254 0.677312
3 0.831916 0.628567 0.859118 0.646916 0.827664 0.693549 0.800461 0.675201
0 0.795312 0.674219 0.832812 0.674219 0.832812 0.694531 0.795312 0.694531
3 0.847132 0.646916 0.874334 0.628567 0.905789 0.675201 0.878586 0.693549
3 0.853163 0.640668 0.882779 0.626542 0.906996 0.677312 0.877379 0.691438
3 0.860052 0.635380 0.891431 0.625786 0.907877 0.679578 0.876498 0.689172
3 0.867647 0.631168 0.900099 0.626318 0.908414 0.681950 0.875961 0.686800
3 0.875781 0.628125 0.908594 0.628125 0.908594 0.684375 0.875781 0.684375
3 0.884276 0.626318 0.916728 0.631168 0.908414 0.686800 0.875961 0.681950
3 0.892944 0.625786 0.924323 0.635380 0.907877 0.689172 0.876498 0.679578
3 0.901596 0.626542 0.931212 0.640668 0.906996 0.691438 0.877379 0.677312
3 0.910041 0.628567 0.937243 0.646916 0.905789 0.693549 0.878586 0.675201
0 0.873437 0.674219 0.910937 0.674219 0.910937 0.694531 0.873437 0.694531
3 0.026819 0.725041 0.054022 0.706692 0.085476 0.753326 0.058274 0.771674
3 0.032851 0.718793 0.062467 0.704667 0.086683 0.755437 0.057067 0.769563
3 0.039740 0.713505 0.071118 0.703911 0.087564 0.757703 0.056186 0.767297
3 0.047335 0.709293 0.079787 0.704443 0.088101 0.760075 0.055649 0.764925
3 0.055469 0.706250 0.088281 0.706250 0.088281 0.762500 0.055469 0.762500
3 0.063963 0.704443 0.096415 0.709293 0.088101 0.764925 0.055649 0.760075
3 0.072632 0.703911 0.104010 0.713505 0.087564 0.767297 0.056186 0.757703
3 0.081283 0.704667 0.110899 0.718793 0.086683 0.769563 0.057067 0.755437
3 0.089728 0.706692 0.116931 0.725041 0.085476 0.771674 0.058274 0.753326
0 0.053125 0.752344 0.090625 0.752344 0.090625 0.772656 0.053125 0.772656
3 0.104944 0.725041 0.132147 0.706692 0.163601 0.753326 0.136399 0.771674
3 0.110976 0.718793 0.140592 0.704667 0.164808 0.755437 0.135192 0.769563
3 0.117865 0.713505 0.149243 0.703911 0.165689 0.757703 0.134311 0.767297
3 0.125460 0.709293 0.157912 0.704443 0.166226 0.760075 0.133774 0.764925
3 0.133594 0.706250 0.166406 0.706250 0.166406 0.762500 0.133594 0.762500
3 0.142088 0.704443 0.174540 0.709293 0.166226 0.764925 0.133774 0.760075
3 0.150757 0.703911 0.182135 0.713505 0.165689 0.767297 0.134311 0.757703
3 0.159408 0.704667 0.189024 0.718793 0.164808 0.769563 0.135192 0.755437
3 0.167853 0.706692 0.195056 0.725041 0.163601 0.771674 0.136399 0.753326
0 0.131250 0.752344 0.168750 0.752344 0.168750 0.772656 0.131250 0.772656
3 0.183069 0.725041 0.210272 0.706692 0.241726 0.753326 0.214524 0.771674
3 0.189101 0.718793 0.218717 0.704667 0.242933 0.755437 0.213317 0.769563
3 0.195990 0.713505 0.227368 0.703911 0.243814 0.757703 0.212436 0.767297
3 0.203585 0.709293 0.236037 0.704443 0.244351 0.760075 0.211899 0.764925
3 0.211719 0.706250 0.244531 0.706250 0.244531 0.762500 0.211719 0.762500
3 0.220213 0.704443 0.252665 0.709293 0.244351 0.764925 0.211899 0.760075
3 0.228882 0.703911 0.260260 0.713505 0.243814 0.767297 0.212436 0.757703
3 0.237533 0.704667 0.267149 0.718793 0.242933 0.769563 0.213317 0.755437
3 0.245978 0.706692 0.273181 0.725041 0.241726 0.771674 0.214524 0.753326
0 0.209375 0.752344 0.246875 0.752344 0.246875 0.772656 0.209375 0.772656
3 0.261194 0.725041 0.288397 0.706692 0.319851 0.753326 0.292649 0.771674
3 0.267226 0.718793 0.296842 0.704667 0.321058 0.755437 0.291442 0.769563
3 0.274115 0.713505 0.305493 0.703911 0.321939 0.757703 0.290561 0.767297
3 0.281710 0.709293 0.314162 0.704443 0.322476 0.760075 0.290024 0.764925
3 0.289844 0.706250 0.322656 0.706250 0.322656 0.762500 0.289844 0.762500
3 0.298338 0.704443 0.330790 0.709293 0.322476 0.764925 0.290024 0.760075
3 0.307007 0.703911 0.338385 0.713505 0.321939 0.767297 0.290561 0.757703
3 0.315658 0.704667 0.345274 0.718793 0.321058 0.769563 0.291442 0.755437
3 0.324103 0.706692 0.351306 0.725041 0.319851 0.771674 0.292649 0.753326
0 0.287500 0.752344 0.325000 0.752344 0.325000 0.772656 0.287500 0.772656
3 0.339319 0.725041 0.366522 0.706692 0.397976 0.753326 0.370774 0.771674
3 0.345351 0.718793 0.374967 0.704667 0.399183 0.755437 0.369567 0.769563
3 0.352240 0.713505 0.383618 0.703911 0.400064 0.757703 0.368686 0.767297
3 0.359835 0.709293 0.392287 0.704443 0.400601 0.760075 0.368149 0.764925
3 0.367969 0.706250 0.400781 0.706250 0.400781 0.762500 0.367969 0.762500
3 0.376463 0.704443 0.408915 0.709293 0.400601 0.764925 0.368149 0.760075
3 0.385132 0.703911 0.416510 0.713505 0.400064 0.767297 0.368686 0.757703
3 0.393783 0.704667 0.423399 0.718793 0.399183 0.769563 0.369567 0.755437
3 0.402228 0.706692 0.429431 0.725041 0.397976 0.771674 0.370774 0.753326
0 0.365625 0.752344 0.403125 0.752344 0.403125 0.772656 0.365625 0.772656
3 0.417444 0.725041 0.444647 0.706692 0.476101 0.753326 0.448899 0.771674
3 0.423476 0.718793 0.453092 0.704667 0.477308 0.755437 0.447692 0.769563
3 0.430365 0.713505 0.461743 0.703911 0.478189 0.757703 0.446811 0.767297
3 0.437960 0.709293 0.470412 0.704443 0.478726 0.760075 0.446274 0.764925
3 0.446094 0.706250 0.478906 0.706250 0.478906 0.762500 0.446094 0.762500
3 0.454588 0.704443 0.487040 0.709293 0.478726 0.764925 0.446274 0.760075
3 0.463257 0.703911 0.494635 0.713505 0.478189 0.767297 0.446811 0.757703
3 0.471908 0.704667 0.501524 0.718793 0.477308 0.769563 0.447692 0.755437
3 0.480353 0.706692 0.507556 0.725041 0.476101 0.771674 0.448899 0.753326
0 0.443750 0.752344 0.481250 0.752344 0.481250 0.772656 0.443750 0.772656
3 0.495569 0.725041 0.522772 0.706692 0.554226 0.753326 0.527024 0.771674
3 0.501601 0.718793 0.531217 0.704667 0.555433 0.755437 0.525817 0.769563
3 0.508490 0.713505 0.539868 0.703911 0.556314 0.757703 0.524936 0.767297
3 0.516085 0.709293 0.548537 0.704443 0.556851 0.760075 0.524399 0.764925
3 0.524219 0.706250 0.557031 0.706250 0.557031 0.762500 0.524219 0.762500
3 0.532713 0.704443 0.565165 0.709293 0.556851 0.764925 0.524399 0.760075
3 0.541382 0.703911 0.572760 0.713505 0.556314 0.767297 0.524936 0.757703
3 0.550033 0.704667 0.579649 0.718793 0.555433 0.769563 0.525817 0.755437
3 0.558478 0.706692 0.585681 0.725041 0.554226 0.771674 0.527024 0.753326
0 0.521875 0.752344 0.559375 0.752344 0.559375 0.772656 0.521875 0.772656
3 0.573694 0.725041 0.600897 0.706692 0.632351 0.753326 0.605149 0.771674
3 0.579726 0.718793 0.609342 0.704667 0.633558 0.755437 0.603942 0.769563
3 0.586615 0.713505 0.617993 0.703911 0.634439 0.757703 0.603061 0.767297
3 0.594210 0.709293 0.626662 0.704443 0.634976 0.760075 0.602524 0.764925
3 0.602344 0.706250 0.635156 0.706250 0.635156 0.762500 0.602344 0.762500
3 0.610838 0.704443 0.643290 0.709293 0.634976 0.764925 0.602524 0.760075
3 0.619507 0.703911 0.650885 0.713505 0.634439 0.767297 0.603061 0.757703
3 0.628158 0.704667 0.657774 0.718793 0.633558 0.769563 0.603942 0.755437
3 0.636603 0.706692 0.663806 0.725041 0.632351 0.771674 0.605149 0.753326
0 0.600000 0.752344 0.637500 0.752344 0.637500 0.772656 0.600000 0.772656
3 0.651819 0.725041 0.679022 0.706692 0.710476 0.753326 0.683274 0.771674
3 0.657851 0.718793 0.687467 0.704667 0.711683 0.755437 0.682067 0.769563
3 0.664740 0.713505 0.696118 0.703911 0.712564 0.757703 0.681186 0.767297
3 0.672335 0.709293 0.704787 0.704443 0.713101 0.760075 0.680649 0.764925
3 0.680469 0.706250 0.713281 0.706250 0.713281 0.762500 0.680469 0.762500
3 0.688963 0.704443 0.721415 0.709293 0.713101 0.764925 0.680649 0.760075
3 0.697632 0.703911 0.729010 0.713505 0.712564 0.767297 0.681186 0.757703
3 0.706283 0.704667 0.735899 0.718793 0.711683 0.769563 0.682067 0.755437
3 0.714728 0.706692 0.741931 0.725041 0.710476 0.771674 0.683274 0.753326
0 0.678125 0.752344 0.715625 0.752344 0.715625 0.772656 0.678125 0.772656
3 0.729944 0.725041 0.757147 0.706692 0.788601 0.753326 0.761399 0.771674
3 0.735976 0.718793 0.765592 0.704667 0.789808 0.755437 0.760192 0.769563
3 0.742865 0.713505 0.774243 0.703911 0.790689 0.757703 0.759311 0.767297
3 0.750460 0.709293 0.782912 0.704443 0.791226 0.760075 0.758774 0.764925
3 0.758594 0.706250 0.791406 0.706250 0.791406 0.762500 0.758594 0.762500
3 0.767088 0.704443 0.799540 0.709293 0.791226 0.764925 0.758774 0.760075
3 0.775757 0.703911 0.807135 0.713505 0.790689 0.767297 0.759311 0.757703
3 0.784408 0.704667 0.814024 0.718793 0.789808 0.769563 0.760192 0.755437
3 0.792853 0.706692 0.820056 0.725041 0.788601 0.771674 0.761399 0.753326
0 0.756250 0.752344 0.793750 0.752344 0.793750 0.772656 0.756250 0.772656
3 0.808069 0.725041 0.835272 0.706692 0.866726 0.753326 0.839524 0.771674
3 0.814101 0.718793 0.843717 0.704667 0.867933 0.755437 0.838317 0.769563
3 0.820990 0.713505 0.852368 0.703911 0.868814 0.757703 0.837436 0.767297
3 0.828585 0.709293 0.861037 0.704443 0.869351 0.760075 0.836899 0.764925
3 0.836719 0.706250 0.869531 0.706250 0.869531 0.762500 0.836719 0.762500
3 0.845213 0.704443 0.877665 0.709293 0.869351 0.764925 0.836899 0.760075
3 0.853882 0.703911 0.885260 0.713505 0.868814 0.767297 0.837436 0.757703
3 0.862533 0.704667 0.892149 0.718793 0.867933 0.769563 0.838317 0.755437
3 0.870978 0.706692 0.898181 0.725041 0.866726 0.771674 0.839524 0.753326
0 0.834375 0.752344 0.871875 0.752344 0.871875 0.772656 0.834375 0.772656
3 0.886194 0.725041 0.913397 0.706692 0.944851 0.753326 0.917649 0.771674
3 0.892226 0.718793 0.921842 0.704667 0.946058 0.755437 0.916442 0.769563
3 0.899115 0.713505 0.930493 0.703911 0.946939 0.757703 0.915561 0.767297
3 0.906710 0.709293 0.939162 0.704443 0.947476 0.760075 0.915024 0.764925
3 0.914844 0.706250 0.947656 0.706250 0.947656 0.762500 0.914844 0.762500
3 0.923338 0.704443 0.955790 0.709293 0.947476 0.764925 0.915024 0.760075
3 0.932007 0.703911 0.963385 0.713505 0.946939 0.767297 0.915561 0.757703
3 0.940658 0.704667 0.970274 0.718793 0.946058 0.769563 0.916442 0.755437
3 0.949103 0.706692 0.976306 0.725041 0.944851 0.771674 0.917649 0.753326
0 0.912500 0.752344 0.950000 0.752344 0.950000 0.772656 0.912500 0.772656