1 0.032813 0.100781 0.051562 0.100781 0.051562 0.121094 0.032813 0.121094
1 0.046875 0.096094 0.065625 0.096094 0.065625 0.116406 0.046875 0.116406
1 0.060937 0.097656 0.079687 0.097656 0.079687 0.117969 0.060937 0.117969
1 0.081250 0.100781 0.100000 0.100781 0.100000 0.121094 0.081250 0.121094
1 0.093750 0.096094 0.112500 0.096094 0.112500 0.116406 0.093750 0.116406
1 0.110937 0.092969 0.129688 0.092969 0.129688 0.113281 0.110937 0.113281
1 0.129688 0.097656 0.148438 0.097656 0.148438 0.117969 0.129688 0.117969
1 0.145313 0.100781 0.164062 0.100781 0.164062 0.121094 0.145313 0.121094
1 0.156250 0.099219 0.175000 0.099219 0.175000 0.119531 0.156250 0.119531
1 0.175000 0.092969 0.193750 0.092969 0.193750 0.113281 0.175000 0.113281
1 0.187500 0.097656 0.206250 0.097656 0.206250 0.117969 0.187500 0.117969
1 0.207813 0.097656 0.226562 0.097656 0.226562 0.117969 0.207813 0.117969
1 0.218750 0.096094 0.237500 0.096094 0.237500 0.116406 0.218750 0.116406
1 0.237500 0.096094 0.256250 0.096094 0.256250 0.116406 0.237500 0.116406
1 0.251563 0.100781 0.270313 0.100781 0.270313 0.121094 0.251563 0.121094
1 0.264062 0.094531 0.282813 0.094531 0.282813 0.114844 0.264062 0.114844
1 0.284375 0.094531 0.303125 0.094531 0.303125 0.114844 0.284375 0.114844
1 0.298438 0.096094 0.317188 0.096094 0.317188 0.116406 0.298438 0.116406
1 0.310937 0.099219 0.329688 0.099219 0.329688 0.119531 0.310937 0.119531
1 0.328125 0.099219 0.346875 0.099219 0.346875 0.119531 0.328125 0.119531
1 0.346875 0.096094 0.365625 0.096094 0.365625 0.116406 0.346875 0.116406
1 0.364063 0.092969 0.382812 0.092969 0.382812 0.113281 0.364063 0.113281
1 0.378125 0.096094 0.396875 0.096094 0.396875 0.116406 0.378125 0.116406
1 0.395313 0.096094 0.414062 0.096094 0.414062 0.116406 0.395313 0.116406
1 0.409375 0.102344 0.428125 0.102344 0.428125 0.122656 0.409375 0.122656
3 0.096875 0.009375 0.237500 0.009375 0.237500 0.250000 0.096875 0.250000
3 0.215625 0.009375 0.356250 0.009375 0.356250 0.250000 0.215625 0.250000
3 0.340625 0.012500 0.481250 0.012500 0.481250 0.253125 0.340625 0.253125
3 0.468750 0.009375 0.609375 0.009375 0.609375 0.250000 0.468750 0.250000
3 0.592187 0.006250 0.732812 0.006250 0.732812 0.246875 0.592187 0.246875
3 0.709375 0.003125 0.850000 0.003125 0.850000 0.243750 0.709375 0.243750
1 0.022656 0.320312 0.058594 0.320312 0.058594 0.389062 0.022656 0.389062
1 0.055469 0.325000 0.091406 0.325000 0.091406 0.393750 0.055469 0.393750
1 0.089844 0.318750 0.125781 0.318750 0.125781 0.387500 0.089844 0.387500
1 0.125781 0.326562 0.161719 0.326562 0.161719 0.395313 0.125781 0.395313
1 0.157031 0.321875 0.192969 0.321875 0.192969 0.390625 0.157031 0.390625
1 0.186719 0.328125 0.222656 0.328125 0.222656 0.396875 0.186719 0.396875
1 0.224219 0.318750 0.260156 0.318750 0.260156 0.387500 0.224219 0.387500
1 0.255469 0.320312 0.291406 0.320312 0.291406 0.389062 0.255469 0.389062
1 0.283594 0.323437 0.319531 0.323437 0.319531 0.392188 0.283594 0.392188
1 0.316406 0.328125 0.352344 0.328125 0.352344 0.396875 0.316406 0.396875
1 0.350781 0.318750 0.386719 0.318750 0.386719 0.387500 0.350781 0.387500
1 0.386719 0.318750 0.422656 0.318750 0.422656 0.387500 0.386719 0.387500
1 0.414844 0.320312 0.450781 0.320312 0.450781 0.389062 0.414844 0.389062
1 0.452344 0.325000 0.488281 0.325000 0.488281 0.393750 0.452344 0.393750
1 0.485156 0.328125 0.521094 0.328125 0.521094 0.396875 0.485156 0.396875
1 0.516406 0.326562 0.552344 0.326562 0.552344 0.395313 0.516406 0.395313
1 0.547656 0.323437 0.583594 0.323437 0.583594 0.392188 0.547656 0.392188
1 0.580469 0.321875 0.616406 0.321875 0.616406 0.390625 0.580469 0.390625
1 0.617969 0.318750 0.653906 0.318750 0.653906 0.387500 0.617969 0.387500
1 0.649219 0.328125 0.685156 0.328125 0.685156 0.396875 0.649219 0.396875
1 0.677344 0.326562 0.713281 0.326562 0.713281 0.395313 0.677344 0.395313
1 0.714844 0.320312 0.750781 0.320312 0.750781 0.389062 0.714844 0.389062
1 0.744531 0.321875 0.780469 0.321875 0.780469 0.390625 0.744531 0.390625
1 0.778906 0.326562 0.814844 0.326562 0.814844 0.395313 0.778906 0.395313
1 0.813281 0.318750 0.849219 0.318750 0.849219 0.387500 0.813281 0.387500
1 0.022656 0.386719 0.067969 0.386719 0.067969 0.472656 0.022656 0.472656
1 0.055469 0.389844 0.100781 0.389844 0.100781 0.475781 0.055469 0.475781
1 0.092969 0.386719 0.138281 0.386719 0.138281 0.472656 0.092969 0.472656
1 0.130469 0.383594 0.175781 0.383594 0.175781 0.469531 0.130469 0.469531
1 0.163281 0.389844 0.208594 0.389844 0.208594 0.475781 0.163281 0.475781
1 0.199219 0.388281 0.244531 0.388281 0.244531 0.474219 0.199219 0.474219
1 0.236719 0.391406 0.282031 0.391406 0.282031 0.477344 0.236719 0.477344
1 0.274219 0.389844 0.319531 0.389844 0.319531 0.475781 0.274219 0.475781
1 0.307031 0.385156 0.352344 0.385156 0.352344 0.471094 0.307031 0.471094
1 0.341406 0.388281 0.386719 0.388281 0.386719 0.474219 0.341406 0.474219
1 0.382031 0.386719 0.427344 0.386719 0.427344 0.472656 0.382031 0.472656
1 0.416406 0.385156 0.461719 0.385156 0.461719 0.471094 0.416406 0.471094
1 0.449219 0.385156 0.494531 0.385156 0.494531 0.471094 0.449219 0.471094
1 0.489844 0.388281 0.535156 0.388281 0.535156 0.474219 0.489844 0.474219
1 0.519531 0.388281 0.564844 0.388281 0.564844 0.474219 0.519531 0.474219
1 0.558594 0.382031 0.603906 0.382031 0.603906 0.467969 0.558594 0.467969
1 0.594531 0.388281 0.639844 0.388281 0.639844 0.474219 0.594531 0.474219
1 0.633594 0.391406 0.678906 0.391406 0.678906 0.477344 0.633594 0.477344
1 0.667969 0.385156 0.713281 0.385156 0.713281 0.471094 0.667969 0.471094
1 0.700781 0.389844 0.746094 0.389844 0.746094 0.475781 0.700781 0.475781
1 0.735156 0.389844 0.780469 0.389844 0.780469 0.475781 0.735156 0.475781
1 0.775781 0.383594 0.821094 0.383594 0.821094 0.469531 0.775781 0.469531
1 0.807031 0.385156 0.852344 0.385156 0.852344 0.471094 0.807031 0.471094
1 0.849219 0.388281 0.894531 0.388281 0.894531 0.474219 0.849219 0.474219
1 0.878906 0.383594 0.924219 0.383594 0.924219 0.469531 0.878906 0.469531
3 0.086719 0.391406 0.232031 0.391406 0.232031 0.639844 0.086719 0.639844
3 0.202344 0.388281 0.347656 0.388281 0.347656 0.636719 0.202344 0.636719
3 0.314844 0.386719 0.460156 0.386719 0.460156 0.635156 0.314844 0.635156
3 0.430469 0.386719 0.575781 0.386719 0.575781 0.635156 0.430469 0.635156
3 0.550781 0.386719 0.696094 0.386719 0.696094 0.635156 0.550781 0.635156
3 0.660156 0.392969 0.805469 0.392969 0.805469 0.641406 0.660156 0.641406
3 0.782031 0.383594 0.927344 0.383594 0.927344 0.632031 0.782031 0.632031
1 0.035937 0.758594 0.048438 0.758594 0.048438 0.775781 0.035937 0.775781
1 0.051562 0.755469 0.064062 0.755469 0.064062 0.772656 0.051562 0.772656
1 0.057813 0.755469 0.070312 0.755469 0.070312 0.772656 0.057813 0.772656
1 0.076563 0.752344 0.089063 0.752344 0.089063 0.769531 0.076563 0.769531
1 0.089063 0.758594 0.101562 0.758594 0.101562 0.775781 0.089063 0.775781
1 0.096875 0.749219 0.109375 0.749219 0.109375 0.766406 0.096875 0.766406
1 0.114062 0.758594 0.126562 0.758594 0.126562 0.775781 0.114062 0.775781
1 0.125000 0.753906 0.137500 0.753906 0.137500 0.771094 0.125000 0.771094
1 0.137500 0.755469 0.150000 0.755469 0.150000 0.772656 0.137500 0.772656
1 0.150000 0.753906 0.162500 0.753906 0.162500 0.771094 0.150000 0.771094
1 0.162500 0.750781 0.175000 0.750781 0.175000 0.767969 0.162500 0.767969
1 0.176563 0.755469 0.189062 0.755469 0.189062 0.772656 0.176563 0.772656
1 0.182812 0.758594 0.195312 0.758594 0.195312 0.775781 0.182812 0.775781
1 0.195312 0.752344 0.207813 0.752344 0.207813 0.769531 0.195312 0.769531
1 0.207813 0.755469 0.220312 0.755469 0.220312 0.772656 0.207813 0.772656
1 0.223438 0.757031 0.235937 0.757031 0.235937 0.774219 0.223438 0.774219
1 0.239063 0.755469 0.251563 0.755469 0.251563 0.772656 0.239063 0.772656
1 0.250000 0.758594 0.262500 0.758594 0.262500 0.775781 0.250000 0.775781
1 0.259375 0.750781 0.271875 0.750781 0.271875 0.767969 0.259375 0.767969
1 0.276562 0.753906 0.289062 0.753906 0.289062 0.771094 0.276562 0.771094
1 0.284375 0.755469 0.296875 0.755469 0.296875 0.772656 0.284375 0.772656
1 0.295312 0.753906 0.307812 0.753906 0.307812 0.771094 0.295312 0.771094
1 0.312500 0.753906 0.325000 0.753906 0.325000 0.771094 0.312500 0.771094
1 0.326562 0.755469 0.339062 0.755469 0.339062 0.772656 0.326562 0.772656
1 0.339062 0.752344 0.351562 0.752344 0.351562 0.769531 0.339062 0.769531