0 0.395313 0.045312 0.535937 0.045312 0.535937 0.101562 0.395313 0.101562
0 0.818750 0.045312 0.959375 0.045312 0.959375 0.101562 0.818750 0.101562
4 0.020788 0.104214 0.141306 0.044782 0.313384 0.393721 0.192866 0.453154
4 0.072054 0.072586 0.200210 0.032178 0.317203 0.403234 0.189047 0.443641
4 0.127534 0.049124 0.260345 0.028682 0.319531 0.413217 0.186719 0.433658
4 0.185938 0.034375 0.320312 0.034375 0.320312 0.423438 0.185938 0.423438
4 0.245905 0.028682 0.378716 0.049124 0.319531 0.433658 0.186719 0.413217
4 0.306040 0.032178 0.434196 0.072586 0.317203 0.443641 0.189047 0.403234
4 0.364944 0.044782 0.485462 0.104214 0.313384 0.453154 0.192866 0.393721
4 0.421245 0.066199 0.531319 0.143273 0.308162 0.461975 0.198088 0.384900
0 0.182812 0.395313 0.323437 0.395313 0.323437 0.451562 0.182812 0.451562
4 0.398369 0.143273 0.508442 0.066199 0.731599 0.384900 0.621526 0.461975
4 0.444226 0.104214 0.564743 0.044782 0.736821 0.393721 0.616304 0.453154
4 0.495491 0.072586 0.623647 0.032178 0.740640 0.403234 0.612485 0.443641
4 0.550971 0.049124 0.683783 0.028682 0.742968 0.413217 0.610157 0.433658
4 0.609375 0.034375 0.743750 0.034375 0.743750 0.423438 0.609375 0.423438
4 0.669342 0.028682 0.802154 0.049124 0.742968 0.433658 0.610157 0.413217
4 0.729478 0.032178 0.857634 0.072586 0.740640 0.443641 0.612485 0.403234
4 0.788382 0.044782 0.908899 0.104214 0.736821 0.453154 0.616304 0.393721
4 0.844683 0.066199 0.954756 0.143273 0.731599 0.461975 0.621526 0.384900
0 0.606250 0.395313 0.746875 0.395313 0.746875 0.451562 0.606250 0.451562
4 0.187431 0.493273 0.297505 0.416199 0.520662 0.734900 0.410588 0.811975
4 0.233288 0.454214 0.353806 0.394782 0.525884 0.743721 0.405366 0.803154
4 0.284554 0.422586 0.412710 0.382178 0.529703 0.753234 0.401547 0.793641
4 0.340034 0.399124 0.472845 0.378682 0.532031 0.763217 0.399219 0.783658
4 0.398438 0.384375 0.532813 0.384375 0.532813 0.773438 0.398438 0.773438
4 0.458405 0.378682 0.591216 0.399124 0.532031 0.783658 0.399219 0.763217
4 0.518540 0.382178 0.646696 0.422586 0.529703 0.793641 0.401547 0.753234
4 0.577444 0.394782 0.697962 0.454214 0.525884 0.803154 0.405366 0.743721
4 0.633745 0.416199 0.743819 0.493273 0.520662 0.811975 0.410588 0.734900
0 0.395313 0.745313 0.535937 0.745313 0.535937 0.801562 0.395313 0.801562
4 0.610869 0.493273 0.720942 0.416199 0.944099 0.734900 0.834026 0.811975
4 0.656726 0.454214 0.777243 0.394782 0.949321 0.743721 0.828804 0.803154
4 0.707991 0.422586 0.836147 0.382178 0.953140 0.753234 0.824985 0.793641
4 0.763471 0.399124 0.896283 0.378682 0.955468 0.763217 0.822657 0.783658
4 0.821875 0.384375 0.956250 0.384375 0.956250 0.773438 0.821875 0.773438
0 0.818750 0.745313 0.959375 0.745313 0.959375 0.801562 0.818750 0.801562