3 0.024054 0.092891 0.072967 0.053984 0.140082 0.138359 0.091168 0.177266
3 0.038124 0.076611 0.093562 0.047752 0.143344 0.143383 0.087906 0.172242
3 0.055041 0.063315 0.114968 0.045564 0.145588 0.148937 0.085662 0.166688
3 0.074185 0.053492 0.136398 0.047501 0.146731 0.154817 0.084519 0.160808
3 0.094852 0.047501 0.157065 0.053492 0.146731 0.160808 0.084519 0.154817
3 0.116282 0.045564 0.176209 0.063315 0.145588 0.166688 0.085662 0.148937
3 0.137688 0.047752 0.193126 0.076611 0.143344 0.172242 0.087906 0.143383
3 0.158283 0.053984 0.207196 0.092891 0.140082 0.177266 0.091168 0.138359
3 0.150616 0.092891 0.199529 0.053984 0.266644 0.138359 0.217731 0.177266
3 0.164686 0.076611 0.220124 0.047752 0.269907 0.143383 0.214468 0.172242
3 0.181604 0.063315 0.241530 0.045564 0.272151 0.148937 0.212224 0.166688
3 0.200748 0.053492 0.262960 0.047501 0.273294 0.154817 0.211081 0.160808
3 0.221415 0.047501 0.283627 0.053492 0.273294 0.160808 0.211081 0.154817
3 0.242845 0.045564 0.302771 0.063315 0.272151 0.166688 0.212224 0.148937
3 0.264251 0.047752 0.319689 0.076611 0.269907 0.172242 0.214468 0.143383
3 0.284846 0.053984 0.333759 0.092891 0.266644 0.177266 0.217731 0.138359
3 0.277179 0.092891 0.326092 0.053984 0.393207 0.138359 0.344293 0.177266
3 0.291249 0.076611 0.346687 0.047752 0.396469 0.143383 0.341031 0.172242
3 0.308166 0.063315 0.368093 0.045564 0.398713 0.148937 0.338787 0.166688
3 0.327310 0.053492 0.389523 0.047501 0.399856 0.154817 0.337644 0.160808
3 0.347977 0.047501 0.410190 0.053492 0.399856 0.160808 0.337644 0.154817
3 0.369407 0.045564 0.429334 0.063315 0.398713 0.166688 0.338787 0.148937
3 0.390813 0.047752 0.446251 0.076611 0.396469 0.172242 0.341031 0.143383
3 0.411408 0.053984 0.460321 0.092891 0.393207 0.177266 0.344293 0.138359
3 0.403741 0.092891 0.452654 0.053984 0.519769 0.138359 0.470856 0.177266
3 0.417811 0.076611 0.473249 0.047752 0.523032 0.143383 0.467593 0.172242
3 0.434729 0.063315 0.494655 0.045564 0.525276 0.148937 0.465349 0.166688
3 0.453873 0.053492 0.516085 0.047501 0.526419 0.154817 0.464206 0.160808
3 0.474540 0.047501 0.536752 0.053492 0.526419 0.160808 0.464206 0.154817
3 0.495970 0.045564 0.555896 0.063315 0.525276 0.166688 0.465349 0.148937
3 0.517376 0.047752 0.572814 0.076611 0.523032 0.172242 0.467593 0.143383
3 0.537971 0.053984 0.586884 0.092891 0.519769 0.177266 0.470856 0.138359
3 0.530304 0.092891 0.579217 0.053984 0.646332 0.138359 0.597418 0.177266
3 0.544374 0.076611 0.599812 0.047752 0.649594 0.143383 0.594156 0.172242
3 0.561291 0.063315 0.621218 0.045564 0.651838 0.148937 0.591912 0.166688
3 0.580435 0.053492 0.642648 0.047501 0.652981 0.154817 0.590769 0.160808
3 0.601102 0.047501 0.663315 0.053492 0.652981 0.160808 0.590769 0.154817
3 0.622532 0.045564 0.682459 0.063315 0.651838 0.166688 0.591912 0.148937
3 0.643938 0.047752 0.699376 0.076611 0.649594 0.172242 0.594156 0.143383
3 0.664533 0.053984 0.713446 0.092891 0.646332 0.177266 0.597418 0.138359
3 0.656866 0.092891 0.705779 0.053984 0.772894 0.138359 0.723981 0.177266
3 0.670936 0.076611 0.726374 0.047752 0.776157 0.143383 0.720718 0.172242
3 0.687854 0.063315 0.747780 0.045564 0.778401 0.148937 0.718474 0.166688
3 0.706998 0.053492 0.769210 0.047501 0.779544 0.154817 0.717331 0.160808
3 0.727665 0.047501 0.789877 0.053492 0.779544 0.160808 0.717331 0.154817
3 0.749095 0.045564 0.809021 0.063315 0.778401 0.166688 0.718474 0.148937
3 0.770501 0.047752 0.825939 0.076611 0.776157 0.172242 0.720718 0.143383
3 0.791096 0.053984 0.840009 0.092891 0.772894 0.177266 0.723981 0.138359
3 0.783429 0.092891 0.832342 0.053984 0.899457 0.138359 0.850543 0.177266
3 0.797499 0.076611 0.852937 0.047752 0.902719 0.143383 0.847281 0.172242
3 0.814416 0.063315 0.874343 0.045564 0.904963 0.148937 0.845037 0.166688
3 0.833560 0.053492 0.895773 0.047501 0.906106 0.154817 0.843894 0.160808
3 0.854227 0.047501 0.916440 0.053492 0.906106 0.160808 0.843894 0.154817
3 0.875657 0.045564 0.935584 0.063315 0.904963 0.166688 0.845037 0.148937
3 0.897063 0.047752 0.952501 0.076611 0.902719 0.172242 0.847281 0.143383
3 0.917658 0.053984 0.966571 0.092891 0.899457 0.177266 0.850543 0.138359
3 0.011685 0.150367 0.073898 0.144376 0.084231 0.251692 0.022019 0.257683
3 0.032352 0.144376 0.094565 0.150367 0.084231 0.257683 0.022019 0.251692
3 0.053782 0.142439 0.113709 0.160190 0.083088 0.263563 0.023162 0.245812
3 0.075188 0.144627 0.130626 0.173486 0.080844 0.269117 0.025406 0.240258
3 0.095783 0.150859 0.144696 0.189766 0.077582 0.274141 0.028668 0.235234
3 0.088116 0.189766 0.137029 0.150859 0.204144 0.235234 0.155231 0.274141
3 0.102186 0.173486 0.157624 0.144627 0.207407 0.240258 0.151968 0.269117
3 0.119104 0.160190 0.179030 0.142439 0.209651 0.245812 0.149724 0.263563
3 0.138248 0.150367 0.200460 0.144376 0.210794 0.251692 0.148581 0.257683
3 0.158915 0.144376 0.221127 0.150367 0.210794 0.257683 0.148581 0.251692
3 0.180345 0.142439 0.240271 0.160190 0.209651 0.263563 0.149724 0.245812
3 0.201751 0.144627 0.257189 0.173486 0.207407 0.269117 0.151968 0.240258
3 0.222346 0.150859 0.271259 0.189766 0.204144 0.274141 0.155231 0.235234
3 0.214679 0.189766 0.263592 0.150859 0.330707 0.235234 0.281793 0.274141
3 0.228749 0.173486 0.284187 0.144627 0.333969 0.240258 0.278531 0.269117
3 0.245666 0.160190 0.305593 0.142439 0.336213 0.245812 0.276287 0.263563
3 0.264810 0.150367 0.327023 0.144376 0.337356 0.251692 0.275144 0.257683
3 0.285477 0.144376 0.347690 0.150367 0.337356 0.257683 0.275144 0.251692
3 0.306907 0.142439 0.366834 0.160190 0.336213 0.263563 0.276287 0.245812
3 0.328313 0.144627 0.383751 0.173486 0.333969 0.269117 0.278531 0.240258
3 0.348908 0.150859 0.397821 0.189766 0.330707 0.274141 0.281793 0.235234
3 0.341241 0.189766 0.390154 0.150859 0.457269 0.235234 0.408356 0.274141
3 0.355311 0.173486 0.410749 0.144627 0.460532 0.240258 0.405093 0.269117
3 0.372229 0.160190 0.432155 0.142439 0.462776 0.245812 0.402849 0.263563
3 0.391373 0.150367 0.453585 0.144376 0.463919 0.251692 0.401706 0.257683
3 0.412040 0.144376 0.474252 0.150367 0.463919 0.257683 0.401706 0.251692
3 0.433470 0.142439 0.493396 0.160190 0.462776 0.263563 0.402849 0.245812
3 0.454876 0.144627 0.510314 0.173486 0.460532 0.269117 0.405093 0.240258
3 0.475471 0.150859 0.524384 0.189766 0.457269 0.274141 0.408356 0.235234
3 0.467804 0.189766 0.516717 0.150859 0.583832 0.235234 0.534918 0.274141
3 0.481874 0.173486 0.537312 0.144627 0.587094 0.240258 0.531656 0.269117
3 0.498791 0.160190 0.558718 0.142439 0.589338 0.245812 0.529412 0.263563
3 0.517935 0.150367 0.580148 0.144376 0.590481 0.251692 0.528269 0.257683
3 0.538602 0.144376 0.600815 0.150367 0.590481 0.257683 0.528269 0.251692
3 0.560032 0.142439 0.619959 0.160190 0.589338 0.263563 0.529412 0.245812
3 0.581438 0.144627 0.636876 0.173486 0.587094 0.269117 0.531656 0.240258
3 0.602033 0.150859 0.650946 0.189766 0.583832 0.274141 0.534918 0.235234
3 0.594366 0.189766 0.643279 0.150859 0.710394 0.235234 0.661481 0.274141
3 0.608436 0.173486 0.663874 0.144627 0.713657 0.240258 0.658218 0.269117
3 0.625354 0.160190 0.685280 0.142439 0.715901 0.245812 0.655974 0.263563
3 0.644498 0.150367 0.706710 0.144376 0.717044 0.251692 0.654831 0.257683
3 0.665165 0.144376 0.727377 0.150367 0.717044 0.257683 0.654831 0.251692
3 0.686595 0.142439 0.746521 0.160190 0.715901 0.263563 0.655974 0.245812
3 0.708001 0.144627 0.763439 0.173486 0.713657 0.269117 0.658218 0.240258
3 0.728596 0.150859 0.777509 0.189766 0.710394 0.274141 0.661481 0.235234
3 0.720929 0.189766 0.769842 0.150859 0.836957 0.235234 0.788043 0.274141
3 0.734999 0.173486 0.790437 0.144627 0.840219 0.240258 0.784781 0.269117
3 0.751916 0.160190 0.811843 0.142439 0.842463 0.245812 0.782537 0.263563
3 0.771060 0.150367 0.833273 0.144376 0.843606 0.251692 0.781394 0.257683
3 0.791727 0.144376 0.853940 0.150367 0.843606 0.257683 0.781394 0.251692
3 0.813157 0.142439 0.873084 0.160190 0.842463 0.263563 0.782537 0.245812
3 0.834563 0.144627 0.890001 0.173486 0.840219 0.269117 0.784781 0.240258
3 0.855158 0.150859 0.904071 0.189766 0.836957 0.274141 0.788043 0.235234
3 0.847491 0.189766 0.896404 0.150859 0.963519 0.235234 0.914606 0.274141
3 0.861561 0.173486 0.916999 0.144627 0.966782 0.240258 0.911343 0.269117
3 0.878479 0.160190 0.938405 0.142439 0.969026 0.245812 0.909099 0.263563
3 0.897623 0.150367 0.959835 0.144376 0.970169 0.251692 0.907956 0.257683
3 0.918290 0.144376 0.980502 0.150367 0.970169 0.257683 0.907956 0.251692
3 0.939720 0.142439 0.999646 0.160190 0.969026 0.263563 0.909099 0.245812
3 0.024054 0.286641 0.072967 0.247734 0.140082 0.332109 0.091168 0.371016
3 0.038124 0.270361 0.093562 0.241502 0.143344 0.337133 0.087906 0.365992
3 0.055041 0.257065 0.114968 0.239314 0.145588 0.342687 0.085662 0.360438
3 0.074185 0.247242 0.136398 0.241251 0.146731 0.348567 0.084519 0.354558
3 0.094852 0.241251 0.157065 0.247242 0.146731 0.354558 0.084519 0.348567
3 0.116282 0.239314 0.176209 0.257065 0.145588 0.360438 0.085662 0.342687
3 0.137688 0.241502 0.193126 0.270361 0.143344 0.365992 0.087906 0.337133
3 0.158283 0.247734 0.207196 0.286641 0.140082 0.371016 0.091168 0.332109
3 0.150616 0.286641 0.199529 0.247734 0.266644 0.332109 0.217731 0.371016
3 0.164686 0.270361 0.220124 0.241502 0.269907 0.337133 0.214468 0.365992
3 0.181604 0.257065 0.241530 0.239314 0.272151 0.342687 0.212224 0.360438
3 0.200748 0.247242 0.262960 0.241251 0.273294 0.348567 0.211081 0.354558
3 0.221415 0.241251 0.283627 0.247242 0.273294 0.354558 0.211081 0.348567
3 0.242845 0.239314 0.302771 0.257065 0.272151 0.360438 0.212224 0.342687
3 0.264251 0.241502 0.319689 0.270361 0.269907 0.365992 0.214468 0.337133
3 0.284846 0.247734 0.333759 0.286641 0.266644 0.371016 0.217731 0.332109
3 0.277179 0.286641 0.326092 0.247734 0.393207 0.332109 0.344293 0.371016
3 0.291249 0.270361 0.346687 0.241502 0.396469 0.337133 0.341031 0.365992
3 0.308166 0.257065 0.368093 0.239314 0.398713 0.342687 0.338787 0.360438
3 0.327310 0.247242 0.389523 0.241251 0.399856 0.348567 0.337644 0.354558
3 0.347977 0.241251 0.410190 0.247242 0.399856 0.354558 0.337644 0.348567
3 0.369407 0.239314 0.429334 0.257065 0.398713 0.360438 0.338787 0.342687
3 0.390813 0.241502 0.446251 0.270361 0.396469 0.365992 0.341031 0.337133
3 0.411408 0.247734 0.460321 0.286641 0.393207 0.371016 0.344293 0.332109
3 0.403741 0.286641 0.452654 0.247734 0.519769 0.332109 0.470856 0.371016
3 0.417811 0.270361 0.473249 0.241502 0.523032 0.337133 0.467593 0.365992
3 0.434729 0.257065 0.494655 0.239314 0.525276 0.342687 0.465349 0.360438
3 0.453873 0.247242 0.516085 0.241251 0.526419 0.348567 0.464206 0.354558
3 0.474540 0.241251 0.536752 0.247242 0.526419 0.354558 0.464206 0.348567
3 0.495970 0.239314 0.555896 0.257065 0.525276 0.360438 0.465349 0.342687
3 0.517376 0.241502 0.572814 0.270361 0.523032 0.365992 0.467593 0.337133
3 0.537971 0.247734 0.586884 0.286641 0.519769 0.371016 0.470856 0.332109
3 0.530304 0.286641 0.579217 0.247734 0.646332 0.332109 0.597418 0.371016
3 0.544374 0.270361 0.599812 0.241502 0.649594 0.337133 0.594156 0.365992
3 0.561291 0.257065 0.621218 0.239314 0.651838 0.342687 0.591912 0.360438
3 0.580435 0.247242 0.642648 0.241251 0.652981 0.348567 0.590769 0.354558
3 0.601102 0.241251 0.663315 0.247242 0.652981 0.354558 0.590769 0.348567
3 0.622532 0.239314 0.682459 0.257065 0.651838 0.360438 0.591912 0.342687
3 0.643938 0.241502 0.699376 0.270361 0.649594 0.365992 0.594156 0.337133
3 0.664533 0.247734 0.713446 0.286641 0.646332 0.371016 0.597418 0.332109
3 0.656866 0.286641 0.705779 0.247734 0.772894 0.332109 0.723981 0.371016
3 0.670936 0.270361 0.726374 0.241502 0.776157 0.337133 0.720718 0.365992
3 0.687854 0.257065 0.747780 0.239314 0.778401 0.342687 0.718474 0.360438
3 0.706998 0.247242 0.769210 0.241251 0.779544 0.348567 0.717331 0.354558
3 0.727665 0.241251 0.789877 0.247242 0.779544 0.354558 0.717331 0.348567
3 0.749095 0.239314 0.809021 0.257065 0.778401 0.360438 0.718474 0.342687
3 0.770501 0.241502 0.825939 0.270361 0.776157 0.365992 0.720718 0.337133
3 0.791096 0.247734 0.840009 0.286641 0.772894 0.371016 0.723981 0.332109
3 0.783429 0.286641 0.832342 0.247734 0.899457 0.332109 0.850543 0.371016
3 0.797499 0.270361 0.852937 0.241502 0.902719 0.337133 0.847281 0.365992
3 0.814416 0.257065 0.874343 0.239314 0.904963 0.342687 0.845037 0.360438
3 0.833560 0.247242 0.895773 0.241251 0.906106 0.348567 0.843894 0.354558
3 0.854227 0.241251 0.916440 0.247242 0.906106 0.354558 0.843894 0.348567
3 0.875657 0.239314 0.935584 0.257065 0.904963 0.360438 0.845037 0.342687
3 0.897063 0.241502 0.952501 0.270361 0.902719 0.365992 0.847281 0.337133
3 0.917658 0.247734 0.966571 0.286641 0.899457 0.371016 0.850543 0.332109
3 0.011685 0.344117 0.073898 0.338126 0.084231 0.445442 0.022019 0.451433
3 0.032352 0.338126 0.094565 0.344117 0.084231 0.451433 0.022019 0.445442
3 0.053782 0.336189 0.113709 0.353940 0.083088 0.457313 0.023162 0.439562
3 0.075188 0.338377 0.130626 0.367236 0.080844 0.462867 0.025406 0.434008
3 0.095783 0.344609 0.144696 0.383516 0.077582 0.467891 0.028668 0.428984
3 0.088116 0.383516 0.137029 0.344609 0.204144 0.428984 0.155231 0.467891
3 0.102186 0.367236 0.157624 0.338377 0.207407 0.434008 0.151968 0.462867
3 0.119104 0.353940 0.179030 0.336189 0.209651 0.439562 0.149724 0.457313
3 0.138248 0.344117 0.200460 0.338126 0.210794 0.445442 0.148581 0.451433
3 0.158915 0.338126 0.221127 0.344117 0.210794 0.451433 0.148581 0.445442
3 0.180345 0.336189 0.240271 0.353940 0.209651 0.457313 0.149724 0.439562
3 0.201751 0.338377 0.257189 0.367236 0.207407 0.462867 0.151968 0.434008
3 0.222346 0.344609 0.271259 0.383516 0.204144 0.467891 0.155231 0.428984
3 0.214679 0.383516 0.263592 0.344609 0.330707 0.428984 0.281793 0.467891
3 0.228749 0.367236 0.284187 0.338377 0.333969 0.434008 0.278531 0.462867
3 0.245666 0.353940 0.305593 0.336189 0.336213 0.439562 0.276287 0.457313
3 0.264810 0.344117 0.327023 0.338126 0.337356 0.445442 0.275144 0.451433
3 0.285477 0.338126 0.347690 0.344117 0.337356 0.451433 0.275144 0.445442
3 0.306907 0.336189 0.366834 0.353940 0.336213 0.457313 0.276287 0.439562
3 0.328313 0.338377 0.383751 0.367236 0.333969 0.462867 0.278531 0.434008
3 0.348908 0.344609 0.397821 0.383516 0.330707 0.467891 0.281793 0.428984
3 0.341241 0.383516 0.390154 0.344609 0.457269 0.428984 0.408356 0.467891
3 0.355311 0.367236 0.410749 0.338377 0.460532 0.434008 0.405093 0.462867
3 0.372229 0.353940 0.432155 0.336189 0.462776 0.439562 0.402849 0.457313
3 0.391373 0.344117 0.453585 0.338126 0.463919 0.445442 0.401706 0.451433
3 0.412040 0.338126 0.474252 0.344117 0.463919 0.451433 0.401706 0.445442
3 0.433470 0.336189 0.493396 0.353940 0.462776 0.457313 0.402849 0.439562
3 0.454876 0.338377 0.510314 0.367236 0.460532 0.462867 0.405093 0.434008
3 0.475471 0.344609 0.524384 0.383516 0.457269 0.467891 0.408356 0.428984
3 0.467804 0.383516 0.516717 0.344609 0.583832 0.428984 0.534918 0.467891
3 0.481874 0.367236 0.537312 0.338377 0.587094 0.434008 0.531656 0.462867
3 0.498791 0.353940 0.558718 0.336189 0.589338 0.439562 0.529412 0.457313
3 0.517935 0.344117 0.580148 0.338126 0.590481 0.445442 0.528269 0.451433
3 0.538602 0.338126 0.600815 0.344117 0.590481 0.451433 0.528269 0.445442
3 0.560032 0.336189 0.619959 0.353940 0.589338 0.457313 0.529412 0.439562
3 0.581438 0.338377 0.636876 0.367236 0.587094 0.462867 0.531656 0.434008
3 0.602033 0.344609 0.650946 0.383516 0.583832 0.467891 0.534918 0.428984
3 0.594366 0.383516 0.643279 0.344609 0.710394 0.428984 0.661481 0.467891
3 0.608436 0.367236 0.663874 0.338377 0.713657 0.434008 0.658218 0.462867
3 0.625354 0.353940 0.685280 0.336189 0.715901 0.439562 0.655974 0.457313
3 0.644498 0.344117 0.706710 0.338126 0.717044 0.445442 0.654831 0.451433
3 0.665165 0.338126 0.727377 0.344117 0.717044 0.451433 0.654831 0.445442
3 0.686595 0.336189 0.746521 0.353940 0.715901 0.457313 0.655974 0.439562
3 0.708001 0.338377 0.763439 0.367236 0.713657 0.462867 0.658218 0.434008
3 0.728596 0.344609 0.777509 0.383516 0.710394 0.467891 0.661481 0.428984
3 0.720929 0.383516 0.769842 0.344609 0.836957 0.428984 0.788043 0.467891
3 0.734999 0.367236 0.790437 0.338377 0.840219 0.434008 0.784781 0.462867
3 0.751916 0.353940 0.811843 0.336189 0.842463 0.439562 0.782537 0.457313
3 0.771060 0.344117 0.833273 0.338126 0.843606 0.445442 0.781394 0.451433
3 0.791727 0.338126 0.853940 0.344117 0.843606 0.451433 0.781394 0.445442
3 0.813157 0.336189 0.873084 0.353940 0.842463 0.457313 0.782537 0.439562
3 0.834563 0.338377 0.890001 0.367236 0.840219 0.462867 0.784781 0.434008
3 0.855158 0.344609 0.904071 0.383516 0.836957 0.467891 0.788043 0.428984
3 0.847491 0.383516 0.896404 0.344609 0.963519 0.428984 0.914606 0.467891
3 0.861561 0.367236 0.916999 0.338377 0.966782 0.434008 0.911343 0.462867
3 0.878479 0.353940 0.938405 0.336189 0.969026 0.439562 0.909099 0.457313
3 0.897623 0.344117 0.959835 0.338126 0.970169 0.445442 0.907956 0.451433
3 0.918290 0.338126 0.980502 0.344117 0.970169 0.451433 0.907956 0.445442
3 0.939720 0.336189 0.999646 0.353940 0.969026 0.457313 0.909099 0.439562
3 0.024054 0.480391 0.072967 0.441484 0.140082 0.525859 0.091168 0.564766
3 0.038124 0.464111 0.093562 0.435252 0.143344 0.530883 0.087906 0.559742
3 0.055041 0.450815 0.114968 0.433064 0.145588 0.536437 0.085662 0.554188
3 0.074185 0.440992 0.136398 0.435001 0.146731 0.542317 0.084519 0.548308
3 0.094852 0.435001 0.157065 0.440992 0.146731 0.548308 0.084519 0.542317
3 0.116282 0.433064 0.176209 0.450815 0.145588 0.554188 0.085662 0.536437
3 0.137688 0.435252 0.193126 0.464111 0.143344 0.559742 0.087906 0.530883
3 0.158283 0.441484 0.207196 0.480391 0.140082 0.564766 0.091168 0.525859
3 0.150616 0.480391 0.199529 0.441484 0.266644 0.525859 0.217731 0.564766
3 0.164686 0.464111 0.220124 0.435252 0.269907 0.530883 0.214468 0.559742
3 0.181604 0.450815 0.241530 0.433064 0.272151 0.536437 0.212224 0.554188
3 0.200748 0.440992 0.262960 0.435001 0.273294 0.542317 0.211081 0.548308
3 0.221415 0.435001 0.283627 0.440992 0.273294 0.548308 0.211081 0.542317
3 0.242845 0.433064 0.302771 0.450815 0.272151 0.554188 0.212224 0.536437
3 0.264251 0.435252 0.319689 0.464111 0.269907 0.559742 0.214468 0.530883
3 0.284846 0.441484 0.333759 0.480391 0.266644 0.564766 0.217731 0.525859
3 0.277179 0.480391 0.326092 0.441484 0.393207 0.525859 0.344293 0.564766
3 0.291249 0.464111 0.346687 0.435252 0.396469 0.530883 0.341031 0.559742
3 0.308166 0.450815 0.368093 0.433064 0.398713 0.536437 0.338787 0.554188
3 0.327310 0.440992 0.389523 0.435001 0.399856 0.542317 0.337644 0.548308
3 0.347977 0.435001 0.410190 0.440992 0.399856 0.548308 0.337644 0.542317
3 0.369407 0.433064 0.429334 0.450815 0.398713 0.554188 0.338787 0.536437
3 0.390813 0.435252 0.446251 0.464111 0.396469 0.559742 0.341031 0.530883
3 0.411408 0.441484 0.460321 0.480391 0.393207 0.564766 0.344293 0.525859
3 0.403741 0.480391 0.452654 0.441484 0.519769 0.525859 0.470856 0.564766
3 0.417811 0.464111 0.473249 0.435252 0.523032 0.530883 0.467593 0.559742
3 0.434729 0.450815 0.494655 0.433064 0.525276 0.536437 0.465349 0.554188
3 0.453873 0.440992 0.516085 0.435001 0.526419 0.542317 0.464206 0.548308
3 0.474540 0.435001 0.536752 0.440992 0.526419 0.548308 0.464206 0.542317
3 0.495970 0.433064 0.555896 0.450815 0.525276 0.554188 0.465349 0.536437
3 0.517376 0.435252 0.572814 0.464111 0.523032 0.559742 0.467593 0.530883
3 0.537971 0.441484 0.586884 0.480391 0.519769 0.564766 0.470856 0.525859
3 0.530304 0.480391 0.579217 0.441484 0.646332 0.525859 0.597418 0.564766
3 0.544374 0.464111 0.599812 0.435252 0.649594 0.530883 0.594156 0.559742
3 0.561291 0.450815 0.621218 0.433064 0.651838 0.536437 0.591912 0.554188
3 0.580435 0.440992 0.642648 0.435001 0.652981 0.542317 0.590769 0.548308
3 0.601102 0.435001 0.663315 0.440992 0.652981 0.548308 0.590769 0.542317
3 0.622532 0.433064 0.682459 0.450815 0.651838 0.554188 0.591912 0.536437
3 0.643938 0.435252 0.699376 0.464111 0.649594 0.559742 0.594156 0.530883
3 0.664533 0.441484 0.713446 0.480391 0.646332 0.564766 0.597418 0.525859
3 0.656866 0.480391 0.705779 0.441484 0.772894 0.525859 0.723981 0.564766
3 0.670936 0.464111 0.726374 0.435252 0.776157 0.530883 0.720718 0.559742
3 0.687854 0.450815 0.747780 0.433064 0.778401 0.536437 0.718474 0.554188
3 0.706998 0.440992 0.769210 0.435001 0.779544 0.542317 0.717331 0.548308
3 0.727665 0.435001 0.789877 0.440992 0.779544 0.548308 0.717331 0.542317
3 0.749095 0.433064 0.809021 0.450815 0.778401 0.554188 0.718474 0.536437
3 0.770501 0.435252 0.825939 0.464111 0.776157 0.559742 0.720718 0.530883
3 0.791096 0.441484 0.840009 0.480391 0.772894 0.564766 0.723981 0.525859
3 0.783429 0.480391 0.832342 0.441484 0.899457 0.525859 0.850543 0.564766
3 0.797499 0.464111 0.852937 0.435252 0.902719 0.530883 0.847281 0.559742
3 0.814416 0.450815 0.874343 0.433064 0.904963 0.536437 0.845037 0.554188
3 0.833560 0.440992 0.895773 0.435001 0.906106 0.542317 0.843894 0.548308
3 0.854227 0.435001 0.916440 0.440992 0.906106 0.548308 0.843894 0.542317
3 0.875657 0.433064 0.935584 0.450815 0.904963 0.554188 0.845037 0.536437
3 0.897063 0.435252 0.952501 0.464111 0.902719 0.559742 0.847281 0.530883
3 0.917658 0.441484 0.966571 0.480391 0.899457 0.564766 0.850543 0.525859
3 0.011685 0.537867 0.073898 0.531876 0.084231 0.639192 0.022019 0.645183
3 0.032352 0.531876 0.094565 0.537867 0.084231 0.645183 0.022019 0.639192
3 0.053782 0.529939 0.113709 0.547690 0.083088 0.651063 0.023162 0.633312
3 0.075188 0.532127 0.130626 0.560986 0.080844 0.656617 0.025406 0.627758
3 0.095783 0.538359 0.144696 0.577266 0.077582 0.661641 0.028668 0.622734
3 0.088116 0.577266 0.137029 0.538359 0.204144 0.622734 0.155231 0.661641
3 0.102186 0.560986 0.157624 0.532127 0.207407 0.627758 0.151968 0.656617
3 0.119104 0.547690 0.179030 0.529939 0.209651 0.633312 0.149724 0.651063
3 0.138248 0.537867 0.200460 0.531876 0.210794 0.639192 0.148581 0.645183
3 0.158915 0.531876 0.221127 0.537867 0.210794 0.645183 0.148581 0.639192
3 0.180345 0.529939 0.240271 0.547690 0.209651 0.651063 0.149724 0.633312
3 0.201751 0.532127 0.257189 0.560986 0.207407 0.656617 0.151968 0.627758
3 0.222346 0.538359 0.271259 0.577266 0.204144 0.661641 0.155231 0.622734
3 0.214679 0.577266 0.263592 0.538359 0.330707 0.622734 0.281793 0.661641
3 0.228749 0.560986 0.284187 0.532127 0.333969 0.627758 0.278531 0.656617
3 0.245666 0.547690 0.305593 0.529939 0.336213 0.633312 0.276287 0.651063
3 0.264810 0.537867 0.327023 0.531876 0.337356 0.639192 0.275144 0.645183
3 0.285477 0.531876 0.347690 0.537867 0.337356 0.645183 0.275144 0.639192
3 0.306907 0.529939 0.366834 0.547690 0.336213 0.651063 0.276287 0.633312
3 0.328313 0.532127 0.383751 0.560986 0.333969 0.656617 0.278531 0.627758
3 0.348908 0.538359 0.397821 0.577266 0.330707 0.661641 0.281793 0.622734
3 0.341241 0.577266 0.390154 0.538359 0.457269 0.622734 0.408356 0.661641
3 0.355311 0.560986 0.410749 0.532127 0.460532 0.627758 0.405093 0.656617
3 0.372229 0.547690 0.432155 0.529939 0.462776 0.633312 0.402849 0.651063
3 0.391373 0.537867 0.453585 0.531876 0.463919 0.639192 0.401706 0.645183
3 0.412040 0.531876 0.474252 0.537867 0.463919 0.645183 0.401706 0.639192
3 0.433470 0.529939 0.493396 0.547690 0.462776 0.651063 0.402849 0.633312
3 0.454876 0.532127 0.510314 0.560986 0.460532 0.656617 0.405093 0.627758
3 0.475471 0.538359 0.524384 0.577266 0.457269 0.661641 0.408356 0.622734
3 0.467804 0.577266 0.516717 0.538359 0.583832 0.622734 0.534918 0.661641
3 0.481874 0.560986 0.537312 0.532127 0.587094 0.627758 0.531656 0.656617
3 0.498791 0.547690 0.558718 0.529939 0.589338 0.633312 0.529412 0.651063
3 0.517935 0.537867 0.580148 0.531876 0.590481 0.639192 0.528269 0.645183
3 0.538602 0.531876 0.600815 0.537867 0.590481 0.645183 0.528269 0.639192
3 0.560032 0.529939 0.619959 0.547690 0.589338 0.651063 0.529412 0.633312
3 0.581438 0.532127 0.636876 0.560986 0.587094 0.656617 0.531656 0.627758
3 0.602033 0.538359 0.650946 0.577266 0.583832 0.661641 0.534918 0.622734
3 0.594366 0.577266 0.643279 0.538359 0.710394 0.622734 0.661481 0.661641
3 0.608436 0.560986 0.663874 0.532127 0.713657 0.627758 0.658218 0.656617
3 0.625354 0.547690 0.685280 0.529939 0.715901 0.633312 0.655974 0.651063
3 0.644498 0.537867 0.706710 0.531876 0.717044 0.639192 0.654831 0.645183
3 0.665165 0.531876 0.727377 0.537867 0.717044 0.645183 0.654831 0.639192
3 0.686595 0.529939 0.746521 0.547690 0.715901 0.651063 0.655974 0.633312
3 0.708001 0.532127 0.763439 0.560986 0.713657 0.656617 0.658218 0.627758
3 0.728596 0.538359 0.777509 0.577266 0.710394 0.661641 0.661481 0.622734
3 0.720929 0.577266 0.769842 0.538359 0.836957 0.622734 0.788043 0.661641
3 0.734999 0.560986 0.790437 0.532127 0.840219 0.627758 0.784781 0.656617
3 0.751916 0.547690 0.811843 0.529939 0.842463 0.633312 0.782537 0.651063
3 0.771060 0.537867 0.833273 0.531876 0.843606 0.639192 0.781394 0.645183
3 0.791727 0.531876 0.853940 0.537867 0.843606 0.645183 0.781394 0.639192
3 0.813157 0.529939 0.873084 0.547690 0.842463 0.651063 0.782537 0.633312
3 0.834563 0.532127 0.890001 0.560986 0.840219 0.656617 0.784781 0.627758
3 0.855158 0.538359 0.904071 0.577266 0.836957 0.661641 0.788043 0.622734
3 0.847491 0.577266 0.896404 0.538359 0.963519 0.622734 0.914606 0.661641
3 0.861561 0.560986 0.916999 0.532127 0.966782 0.627758 0.911343 0.656617
3 0.878479 0.547690 0.938405 0.529939 0.969026 0.633312 0.909099 0.651063
3 0.897623 0.537867 0.959835 0.531876 0.970169 0.639192 0.907956 0.645183
3 0.918290 0.531876 0.980502 0.537867 0.970169 0.645183 0.907956 0.639192
3 0.939720 0.529939 0.999646 0.547690 0.969026 0.651063 0.909099 0.633312
3 0.024054 0.674141 0.072967 0.635234 0.140082 0.719609 0.091168 0.758516
3 0.038124 0.657861 0.093562 0.629002 0.143344 0.724633 0.087906 0.753492
3 0.055041 0.644565 0.114968 0.626814 0.145588 0.730187 0.085662 0.747938
3 0.074185 0.634742 0.136398 0.628751 0.146731 0.736067 0.084519 0.742058
3 0.094852 0.628751 0.157065 0.634742 0.146731 0.742058 0.084519 0.736067
3 0.116282 0.626814 0.176209 0.644565 0.145588 0.747938 0.085662 0.730187
3 0.137688 0.629002 0.193126 0.657861 0.143344 0.753492 0.087906 0.724633
3 0.158283 0.635234 0.207196 0.674141 0.140082 0.758516 0.091168 0.719609
3 0.150616 0.674141 0.199529 0.635234 0.266644 0.719609 0.217731 0.758516
3 0.164686 0.657861 0.220124 0.629002 0.269907 0.724633 0.214468 0.753492
3 0.181604 0.644565 0.241530 0.626814 0.272151 0.730187 0.212224 0.747938
3 0.200748 0.634742 0.262960 0.628751 0.273294 0.736067 0.211081 0.742058
3 0.221415 0.628751 0.283627 0.634742 0.273294 0.742058 0.211081 0.736067
3 0.242845 0.626814 0.302771 0.644565 0.272151 0.747938 0.212224 0.730187
3 0.264251 0.629002 0.319689 0.657861 0.269907 0.753492 0.214468 0.724633
3 0.284846 0.635234 0.333759 0.674141 0.266644 0.758516 0.217731 0.719609
3 0.277179 0.674141 0.326092 0.635234 0.393207 0.719609 0.344293 0.758516
3 0.291249 0.657861 0.346687 0.629002 0.396469 0.724633 0.341031 0.753492
3 0.308166 0.644565 0.368093 0.626814 0.398713 0.730187 0.338787 0.747938
3 0.327310 0.634742 0.389523 0.628751 0.399856 0.736067 0.337644 0.742058
3 0.347977 0.628751 0.410190 0.634742 0.399856 0.742058 0.337644 0.736067
3 0.369407 0.626814 0.429334 0.644565 0.398713 0.747938 0.338787 0.730187
3 0.390813 0.629002 0.446251 0.657861 0.396469 0.753492 0.341031 0.724633
3 0.411408 0.635234 0.460321 0.674141 0.393207 0.758516 0.344293 0.719609
3 0.403741 0.674141 0.452654 0.635234 0.519769 0.719609 0.470856 0.758516
3 0.417811 0.657861 0.473249 0.629002 0.523032 0.724633 0.467593 0.753492
3 0.434729 0.644565 0.494655 0.626814 0.525276 0.730187 0.465349 0.747938
3 0.453873 0.634742 0.516085 0.628751 0.526419 0.736067 0.464206 0.742058
3 0.474540 0.628751 0.536752 0.634742 0.526419 0.742058 0.464206 0.736067
3 0.495970 0.626814 0.555896 0.644565 0.525276 0.747938 0.465349 0.730187
3 0.517376 0.629002 0.572814 0.657861 0.523032 0.753492 0.467593 0.724633
3 0.537971 0.635234 0.586884 0.674141 0.519769 0.758516 0.470856 0.719609
3 0.530304 0.674141 0.579217 0.635234 0.646332 0.719609 0.597418 0.758516
3 0.544374 0.657861 0.599812 0.629002 0.649594 0.724633 0.594156 0.753492
3 0.561291 0.644565 0.621218 0.626814 0.651838 0.730187 0.591912 0.747938
3 0.580435 0.634742 0.642648 0.628751 0.652981 0.736067 0.590769 0.742058
3 0.601102 0.628751 0.663315 0.634742 0.652981 0.742058 0.590769 0.736067
3 0.622532 0.626814 0.682459 0.644565 0.651838 0.747938 0.591912 0.730187
3 0.643938 0.629002 0.699376 0.657861 0.649594 0.753492 0.594156 0.724633
3 0.664533 0.635234 0.713446 0.674141 0.646332 0.758516 0.597418 0.719609
3 0.656866 0.674141 0.705779 0.635234 0.772894 0.719609 0.723981 0.758516
3 0.670936 0.657861 0.726374 0.629002 0.776157 0.724633 0.720718 0.753492
3 0.687854 0.644565 0.747780 0.626814 0.778401 0.730187 0.718474 0.747938
3 0.706998 0.634742 0.769210 0.628751 0.779544 0.736067 0.717331 0.742058
3 0.727665 0.628751 0.789877 0.634742 0.779544 0.742058 0.717331 0.736067
3 0.749095 0.626814 0.809021 0.644565 0.778401 0.747938 0.718474 0.730187
3 0.770501 0.629002 0.825939 0.657861 0.776157 0.753492 0.720718 0.724633
3 0.791096 0.635234 0.840009 0.674141 0.772894 0.758516 0.723981 0.719609
3 0.783429 0.674141 0.832342 0.635234 0.899457 0.719609 0.850543 0.758516
3 0.797499 0.657861 0.852937 0.629002 0.902719 0.724633 0.847281 0.753492
3 0.814416 0.644565 0.874343 0.626814 0.904963 0.730187 0.845037 0.747938
3 0.833560 0.634742 0.895773 0.628751 0.906106 0.736067 0.843894 0.742058
3 0.854227 0.628751 0.916440 0.634742 0.906106 0.742058 0.843894 0.736067
3 0.875657 0.626814 0.935584 0.644565 0.904963 0.747938 0.845037 0.730187
3 0.897063 0.629002 0.952501 0.657861 0.902719 0.753492 0.847281 0.724633
3 0.917658 0.635234 0.966571 0.674141 0.899457 0.758516 0.850543 0.719609
3 0.011685 0.731617 0.073898 0.725626 0.084231 0.832942 0.022019 0.838933
3 0.032352 0.725626 0.094565 0.731617 0.084231 0.838933 0.022019 0.832942
3 0.053782 0.723689 0.113709 0.741440 0.083088 0.844813 0.023162 0.827062
3 0.075188 0.725877 0.130626 0.754736 0.080844 0.850367 0.025406 0.821508
3 0.095783 0.732109 0.144696 0.771016 0.077582 0.855391 0.028668 0.816484
3 0.088116 0.771016 0.137029 0.732109 0.204144 0.816484 0.155231 0.855391
3 0.102186 0.754736 0.157624 0.725877 0.207407 0.821508 0.151968 0.850367
3 0.119104 0.741440 0.179030 0.723689 0.209651 0.827062 0.149724 0.844813
3 0.138248 0.731617 0.200460 0.725626 0.210794 0.832942 0.148581 0.838933
3 0.158915 0.725626 0.221127 0.731617 0.210794 0.838933 0.148581 0.832942
3 0.180345 0.723689 0.240271 0.741440 0.209651 0.844813 0.149724 0.827062
3 0.201751 0.725877 0.257189 0.754736 0.207407 0.850367 0.151968 0.821508
3 0.222346 0.732109 0.271259 0.771016 0.204144 0.855391 0.155231 0.816484
3 0.214679 0.771016 0.263592 0.732109 0.330707 0.816484 0.281793 0.855391
3 0.228749 0.754736 0.284187 0.725877 0.333969 0.821508 0.278531 0.850367
3 0.245666 0.741440 0.305593 0.723689 0.336213 0.827062 0.276287 0.844813
3 0.264810 0.731617 0.327023 0.725626 0.337356 0.832942 0.275144 0.838933
3 0.285477 0.725626 0.347690 0.731617 0.337356 0.838933 0.275144 0.832942
3 0.306907 0.723689 0.366834 0.741440 0.336213 0.844813 0.276287 0.827062
3 0.328313 0.725877 0.383751 0.754736 0.333969 0.850367 0.278531 0.821508
3 0.348908 0.732109 0.397821 0.771016 0.330707 0.855391 0.281793 0.816484
3 0.341241 0.771016 0.390154 0.732109 0.457269 0.816484 0.408356 0.855391
3 0.355311 0.754736 0.410749 0.725877 0.460532 0.821508 0.405093 0.850367
3 0.372229 0.741440 0.432155 0.723689 0.462776 0.827062 0.402849 0.844813
3 0.391373 0.731617 0.453585 0.725626 0.463919 0.832942 0.401706 0.838933
3 0.412040 0.725626 0.474252 0.731617 0.463919 0.838933 0.401706 0.832942
3 0.433470 0.723689 0.493396 0.741440 0.462776 0.844813 0.402849 0.827062
3 0.454876 0.725877 0.510314 0.754736 0.460532 0.850367 0.405093 0.821508
3 0.475471 0.732109 0.524384 0.771016 0.457269 0.855391 0.408356 0.816484
3 0.467804 0.771016 0.516717 0.732109 0.583832 0.816484 0.534918 0.855391
3 0.481874 0.754736 0.537312 0.725877 0.587094 0.821508 0.531656 0.850367
3 0.498791 0.741440 0.558718 0.723689 0.589338 0.827062 0.529412 0.844813
3 0.517935 0.731617 0.580148 0.725626 0.590481 0.832942 0.528269 0.838933
3 0.538602 0.725626 0.600815 0.731617 0.590481 0.838933 0.528269 0.832942
3 0.560032 0.723689 0.619959 0.741440 0.589338 0.844813 0.529412 0.827062
3 0.581438 0.725877 0.636876 0.754736 0.587094 0.850367 0.531656 0.821508
3 0.602033 0.732109 0.650946 0.771016 0.583832 0.855391 0.534918 0.816484
3 0.594366 0.771016 0.643279 0.732109 0.710394 0.816484 0.661481 0.855391
3 0.608436 0.754736 0.663874 0.725877 0.713657 0.821508 0.658218 0.850367
3 0.625354 0.741440 0.685280 0.723689 0.715901 0.827062 0.655974 0.844813
3 0.644498 0.731617 0.706710 0.725626 0.717044 0.832942 0.654831 0.838933
3 0.665165 0.725626 0.727377 0.731617 0.717044 0.838933 0.654831 0.832942
3 0.686595 0.723689 0.746521 0.741440 0.715901 0.844813 0.655974 0.827062
3 0.708001 0.725877 0.763439 0.754736 0.713657 0.850367 0.658218 0.821508
3 0.728596 0.732109 0.777509 0.771016 0.710394 0.855391 0.661481 0.816484
3 0.720929 0.771016 0.769842 0.732109 0.836957 0.816484 0.788043 0.855391
3 0.734999 0.754736 0.790437 0.725877 0.840219 0.821508 0.784781 0.850367
3 0.751916 0.741440 0.811843 0.723689 0.842463 0.827062 0.782537 0.844813
3 0.771060 0.731617 0.833273 0.725626 0.843606 0.832942 0.781394 0.838933
3 0.791727 0.725626 0.853940 0.731617 0.843606 0.838933 0.781394 0.832942
3 0.813157 0.723689 0.873084 0.741440 0.842463 0.844813 0.782537 0.827062
3 0.834563 0.725877 0.890001 0.754736 0.840219 0.850367 0.784781 0.821508
3 0.855158 0.732109 0.904071 0.771016 0.836957 0.855391 0.788043 0.816484
3 0.847491 0.771016 0.896404 0.732109 0.963519 0.816484 0.914606 0.855391
3 0.861561 0.754736 0.916999 0.725877 0.966782 0.821508 0.911343 0.850367
3 0.878479 0.741440 0.938405 0.723689 0.969026 0.827062 0.909099 0.844813
3 0.897623 0.731617 0.959835 0.725626 0.970169 0.832942 0.907956 0.838933
3 0.918290 0.725626 0.980502 0.731617 0.970169 0.838933 0.907956 0.832942
3 0.939720 0.723689 0.999646 0.741440 0.969026 0.844813 0.909099 0.827062
3 0.024054 0.867891 0.072967 0.828984 0.140082 0.913359 0.091168 0.952266
3 0.038124 0.851611 0.093562 0.822752 0.143344 0.918383 0.087906 0.947242
3 0.055041 0.838315 0.114968 0.820564 0.145588 0.923937 0.085662 0.941688
3 0.074185 0.828492 0.136398 0.822501 0.146731 0.929817 0.084519 0.935808
3 0.094852 0.822501 0.157065 0.828492 0.146731 0.935808 0.084519 0.929817
3 0.116282 0.820564 0.176209 0.838315 0.145588 0.941688 0.085662 0.923937
3 0.137688 0.822752 0.193126 0.851611 0.143344 0.947242 0.087906 0.918383
3 0.158283 0.828984 0.207196 0.867891 0.140082 0.952266 0.091168 0.913359
3 0.150616 0.867891 0.199529 0.828984 0.266644 0.913359 0.217731 0.952266
3 0.164686 0.851611 0.220124 0.822752 0.269907 0.918383 0.214468 0.947242
3 0.181604 0.838315 0.241530 0.820564 0.272151 0.923937 0.212224 0.941688
3 0.200748 0.828492 0.262960 0.822501 0.273294 0.929817 0.211081 0.935808
3 0.221415 0.822501 0.283627 0.828492 0.273294 0.935808 0.211081 0.929817
3 0.242845 0.820564 0.302771 0.838315 0.272151 0.941688 0.212224 0.923937
3 0.264251 0.822752 0.319689 0.851611 0.269907 0.947242 0.214468 0.918383
3 0.284846 0.828984 0.333759 0.867891 0.266644 0.952266 0.217731 0.913359
3 0.277179 0.867891 0.326092 0.828984 0.393207 0.913359 0.344293 0.952266
3 0.291249 0.851611 0.346687 0.822752 0.396469 0.918383 0.341031 0.947242
3 0.308166 0.838315 0.368093 0.820564 0.398713 0.923937 0.338787 0.941688
3 0.327310 0.828492 0.389523 0.822501 0.399856 0.929817 0.337644 0.935808
3 0.347977 0.822501 0.410190 0.828492 0.399856 0.935808 0.337644 0.929817
3 0.369407 0.820564 0.429334 0.838315 0.398713 0.941688 0.338787 0.923937
3 0.390813 0.822752 0.446251 0.851611 0.396469 0.947242 0.341031 0.918383
3 0.411408 0.828984 0.460321 0.867891 0.393207 0.952266 0.344293 0.913359
3 0.403741 0.867891 0.452654 0.828984 0.519769 0.913359 0.470856 0.952266
3 0.417811 0.851611 0.473249 0.822752 0.523032 0.918383 0.467593 0.947242
3 0.434729 0.838315 0.494655 0.820564 0.525276 0.923937 0.465349 0.941688
3 0.453873 0.828492 0.516085 0.822501 0.526419 0.929817 0.464206 0.935808
3 0.474540 0.822501 0.536752 0.828492 0.526419 0.935808 0.464206 0.929817
3 0.495970 0.820564 0.555896 0.838315 0.525276 0.941688 0.465349 0.923937
3 0.517376 0.822752 0.572814 0.851611 0.523032 0.947242 0.467593 0.918383
3 0.537971 0.828984 0.586884 0.867891 0.519769 0.952266 0.470856 0.913359
3 0.530304 0.867891 0.579217 0.828984 0.646332 0.913359 0.597418 0.952266
3 0.544374 0.851611 0.599812 0.822752 0.649594 0.918383 0.594156 0.947242
3 0.561291 0.838315 0.621218 0.820564 0.651838 0.923937 0.591912 0.941688
3 0.580435 0.828492 0.642648 0.822501 0.652981 0.929817 0.590769 0.935808
3 0.601102 0.822501 0.663315 0.828492 0.652981 0.935808 0.590769 0.929817
3 0.622532 0.820564 0.682459 0.838315 0.651838 0.941688 0.591912 0.923937
3 0.643938 0.822752 0.699376 0.851611 0.649594 0.947242 0.594156 0.918383
3 0.664533 0.828984 0.713446 0.867891 0.646332 0.952266 0.597418 0.913359
3 0.656866 0.867891 0.705779 0.828984 0.772894 0.913359 0.723981 0.952266
3 0.670936 0.851611 0.726374 0.822752 0.776157 0.918383 0.720718 0.947242
3 0.687854 0.838315 0.747780 0.820564 0.778401 0.923937 0.718474 0.941688
3 0.706998 0.828492 0.769210 0.822501 0.779544 0.929817 0.717331 0.935808
3 0.727665 0.822501 0.789877 0.828492 0.779544 0.935808 0.717331 0.929817
3 0.749095 0.820564 0.809021 0.838315 0.778401 0.941688 0.718474 0.923937
3 0.770501 0.822752 0.825939 0.851611 0.776157 0.947242 0.720718 0.918383
3 0.791096 0.828984 0.840009 0.867891 0.772894 0.952266 0.723981 0.913359
3 0.783429 0.867891 0.832342 0.828984 0.899457 0.913359 0.850543 0.952266
3 0.797499 0.851611 0.852937 0.822752 0.902719 0.918383 0.847281 0.947242
3 0.814416 0.838315 0.874343 0.820564 0.904963 0.923937 0.845037 0.941688
3 0.833560 0.828492 0.895773 0.822501 0.906106 0.929817 0.843894 0.935808
3 0.854227 0.822501 0.916440 0.828492 0.906106 0.935808 0.843894 0.929817
3 0.875657 0.820564 0.935584 0.838315 0.904963 0.941688 0.845037 0.923937
3 0.897063 0.822752 0.952501 0.851611 0.902719 0.947242 0.847281 0.918383
3 0.917658 0.828984 0.966571 0.867891 0.899457 0.952266 0.850543 0.913359