2 0.023911 0.116196 0.057591 0.093479 0.144965 0.223016 0.111285 0.245734
2 0.042524 0.102091 0.079191 0.084601 0.146459 0.225630 0.109791 0.243120
2 0.063017 0.090891 0.101867 0.079014 0.147550 0.228436 0.108700 0.240314
2 0.084940 0.082844 0.125119 0.076839 0.148214 0.231373 0.108036 0.237377
2 0.107813 0.078125 0.148438 0.078125 0.148438 0.234375 0.107813 0.234375
2 0.131131 0.076839 0.171310 0.082844 0.148214 0.237377 0.108036 0.231373
2 0.154383 0.079014 0.193233 0.090891 0.147550 0.240314 0.108700 0.228436
2 0.177059 0.084601 0.213726 0.102091 0.146459 0.243120 0.109791 0.225630
2 0.198659 0.093479 0.232339 0.116196 0.144965 0.245734 0.111285 0.223016
2 0.189536 0.116196 0.223216 0.093479 0.310590 0.223016 0.276910 0.245734
2 0.208149 0.102091 0.244816 0.084601 0.312084 0.225630 0.275416 0.243120
2 0.228642 0.090891 0.267492 0.079014 0.313175 0.228436 0.274325 0.240314
2 0.250565 0.082844 0.290744 0.076839 0.313839 0.231373 0.273661 0.237377
2 0.273438 0.078125 0.314063 0.078125 0.314063 0.234375 0.273438 0.234375
2 0.296756 0.076839 0.336935 0.082844 0.313839 0.237377 0.273661 0.231373
2 0.320008 0.079014 0.358858 0.090891 0.313175 0.240314 0.274325 0.228436
2 0.342684 0.084601 0.379351 0.102091 0.312084 0.243120 0.275416 0.225630
2 0.364284 0.093479 0.397964 0.116196 0.310590 0.245734 0.276910 0.223016
2 0.355161 0.116196 0.388841 0.093479 0.476215 0.223016 0.442535 0.245734
2 0.373774 0.102091 0.410441 0.084601 0.477709 0.225630 0.441041 0.243120
2 0.394267 0.090891 0.433117 0.079014 0.478800 0.228436 0.439950 0.240314
2 0.416190 0.082844 0.456369 0.076839 0.479464 0.231373 0.439286 0.237377
2 0.439063 0.078125 0.479687 0.078125 0.479687 0.234375 0.439063 0.234375
2 0.462381 0.076839 0.502560 0.082844 0.479464 0.237377 0.439286 0.231373
2 0.485633 0.079014 0.524483 0.090891 0.478800 0.240314 0.439950 0.228436
2 0.508309 0.084601 0.544976 0.102091 0.477709 0.243120 0.441041 0.225630
2 0.529909 0.093479 0.563589 0.116196 0.476215 0.245734 0.442535 0.223016
2 0.520786 0.116196 0.554466 0.093479 0.641840 0.223016 0.608160 0.245734
2 0.539399 0.102091 0.576066 0.084601 0.643334 0.225630 0.606666 0.243120
2 0.559892 0.090891 0.598742 0.079014 0.644425 0.228436 0.605575 0.240314
2 0.581815 0.082844 0.621994 0.076839 0.645089 0.231373 0.604911 0.237377
2 0.604688 0.078125 0.645312 0.078125 0.645312 0.234375 0.604688 0.234375
2 0.628006 0.076839 0.668185 0.082844 0.645089 0.237377 0.604911 0.231373
2 0.651258 0.079014 0.690108 0.090891 0.644425 0.240314 0.605575 0.228436
2 0.673934 0.084601 0.710601 0.102091 0.643334 0.243120 0.606666 0.225630
2 0.695534 0.093479 0.729214 0.116196 0.641840 0.245734 0.608160 0.223016
2 0.686411 0.116196 0.720091 0.093479 0.807465 0.223016 0.773785 0.245734
2 0.705024 0.102091 0.741691 0.084601 0.808959 0.225630 0.772291 0.243120
2 0.725517 0.090891 0.764367 0.079014 0.810050 0.228436 0.771200 0.240314
2 0.747440 0.082844 0.787619 0.076839 0.810714 0.231373 0.770536 0.237377
2 0.770312 0.078125 0.810937 0.078125 0.810937 0.234375 0.770312 0.234375
2 0.793631 0.076839 0.833810 0.082844 0.810714 0.237377 0.770536 0.231373
2 0.816883 0.079014 0.855733 0.090891 0.810050 0.240314 0.771200 0.228436
2 0.839559 0.084601 0.876226 0.102091 0.808959 0.243120 0.772291 0.225630
2 0.861159 0.093479 0.894839 0.116196 0.807465 0.245734 0.773785 0.223016
2 0.852036 0.116196 0.885716 0.093479 0.973090 0.223016 0.939410 0.245734
2 0.870649 0.102091 0.907316 0.084601 0.974584 0.225630 0.937916 0.243120
2 0.891142 0.090891 0.929992 0.079014 0.975675 0.228436 0.936825 0.240314
2 0.913065 0.082844 0.953244 0.076839 0.976339 0.231373 0.936161 0.237377
2 0.935937 0.078125 0.976562 0.078125 0.976562 0.234375 0.935937 0.234375
2 0.959256 0.076839 0.999435 0.082844 0.976339 0.237377 0.936161 0.231373
2 0.002128 0.223469 0.042307 0.217464 0.065402 0.371998 0.025223 0.378002
2 0.025000 0.218750 0.065625 0.218750 0.065625 0.375000 0.025000 0.375000
2 0.048318 0.217464 0.088497 0.223469 0.065402 0.378002 0.025223 0.371998
2 0.071571 0.219639 0.110421 0.231516 0.064737 0.380939 0.025888 0.369061
2 0.094246 0.225226 0.130914 0.242716 0.063646 0.383745 0.026979 0.366255
2 0.115847 0.234104 0.149526 0.256821 0.062152 0.386359 0.028473 0.363641
2 0.106724 0.256821 0.140403 0.234104 0.227777 0.363641 0.194098 0.386359
2 0.125336 0.242716 0.162004 0.225226 0.229271 0.366255 0.192604 0.383745
2 0.145829 0.231516 0.184679 0.219639 0.230362 0.369061 0.191513 0.380939
2 0.167753 0.223469 0.207932 0.217464 0.231027 0.371998 0.190848 0.378002
2 0.190625 0.218750 0.231250 0.218750 0.231250 0.375000 0.190625 0.375000
2 0.213943 0.217464 0.254122 0.223469 0.231027 0.378002 0.190848 0.371998
2 0.237196 0.219639 0.276046 0.231516 0.230362 0.380939 0.191513 0.369061
2 0.259871 0.225226 0.296539 0.242716 0.229271 0.383745 0.192604 0.366255
2 0.281472 0.234104 0.315151 0.256821 0.227777 0.386359 0.194098 0.363641
2 0.272349 0.256821 0.306028 0.234104 0.393402 0.363641 0.359723 0.386359
2 0.290961 0.242716 0.327629 0.225226 0.394896 0.366255 0.358229 0.383745
2 0.311454 0.231516 0.350304 0.219639 0.395987 0.369061 0.357138 0.380939
2 0.333378 0.223469 0.373557 0.217464 0.396652 0.371998 0.356473 0.378002
2 0.356250 0.218750 0.396875 0.218750 0.396875 0.375000 0.356250 0.375000
2 0.379568 0.217464 0.419747 0.223469 0.396652 0.378002 0.356473 0.371998
2 0.402821 0.219639 0.441671 0.231516 0.395987 0.380939 0.357138 0.369061
2 0.425496 0.225226 0.462164 0.242716 0.394896 0.383745 0.358229 0.366255
2 0.447097 0.234104 0.480776 0.256821 0.393402 0.386359 0.359723 0.363641
2 0.437974 0.256821 0.471653 0.234104 0.559027 0.363641 0.525348 0.386359
2 0.456586 0.242716 0.493254 0.225226 0.560521 0.366255 0.523854 0.383745
2 0.477079 0.231516 0.515929 0.219639 0.561612 0.369061 0.522763 0.380939
2 0.499003 0.223469 0.539182 0.217464 0.562277 0.371998 0.522098 0.378002
2 0.521875 0.218750 0.562500 0.218750 0.562500 0.375000 0.521875 0.375000
2 0.545193 0.217464 0.585372 0.223469 0.562277 0.378002 0.522098 0.371998
2 0.568446 0.219639 0.607296 0.231516 0.561612 0.380939 0.522763 0.369061
2 0.591121 0.225226 0.627789 0.242716 0.560521 0.383745 0.523854 0.366255
2 0.612722 0.234104 0.646401 0.256821 0.559027 0.386359 0.525348 0.363641
2 0.603599 0.256821 0.637278 0.234104 0.724652 0.363641 0.690973 0.386359
2 0.622211 0.242716 0.658879 0.225226 0.726146 0.366255 0.689479 0.383745
2 0.642704 0.231516 0.681554 0.219639 0.727237 0.369061 0.688388 0.380939
2 0.664628 0.223469 0.704807 0.217464 0.727902 0.371998 0.687723 0.378002
2 0.687500 0.218750 0.728125 0.218750 0.728125 0.375000 0.687500 0.375000
2 0.710818 0.217464 0.750997 0.223469 0.727902 0.378002 0.687723 0.371998
2 0.734071 0.219639 0.772921 0.231516 0.727237 0.380939 0.688388 0.369061
2 0.756746 0.225226 0.793414 0.242716 0.726146 0.383745 0.689479 0.366255
2 0.778347 0.234104 0.812026 0.256821 0.724652 0.386359 0.690973 0.363641
2 0.769224 0.256821 0.802903 0.234104 0.890277 0.363641 0.856598 0.386359
2 0.787836 0.242716 0.824504 0.225226 0.891771 0.366255 0.855104 0.383745
2 0.808329 0.231516 0.847179 0.219639 0.892862 0.369061 0.854013 0.380939
2 0.830253 0.223469 0.870432 0.217464 0.893527 0.371998 0.853348 0.378002
2 0.853125 0.218750 0.893750 0.218750 0.893750 0.375000 0.853125 0.375000
2 0.876443 0.217464 0.916622 0.223469 0.893527 0.378002 0.853348 0.371998
2 0.899696 0.219639 0.938546 0.231516 0.892862 0.380939 0.854013 0.369061
2 0.922371 0.225226 0.959039 0.242716 0.891771 0.383745 0.855104 0.366255
2 0.943972 0.234104 0.977651 0.256821 0.890277 0.386359 0.856598 0.363641
2 0.023911 0.397446 0.057591 0.374729 0.144965 0.504266 0.111285 0.526984
2 0.042524 0.383341 0.079191 0.365851 0.146459 0.506880 0.109791 0.524370
2 0.063017 0.372141 0.101867 0.360264 0.147550 0.509686 0.108700 0.521564
2 0.084940 0.364094 0.125119 0.358089 0.148214 0.512623 0.108036 0.518627
2 0.107813 0.359375 0.148438 0.359375 0.148438 0.515625 0.107813 0.515625
2 0.131131 0.358089 0.171310 0.364094 0.148214 0.518627 0.108036 0.512623
2 0.154383 0.360264 0.193233 0.372141 0.147550 0.521564 0.108700 0.509686
2 0.177059 0.365851 0.213726 0.383341 0.146459 0.524370 0.109791 0.506880
2 0.198659 0.374729 0.232339 0.397446 0.144965 0.526984 0.111285 0.504266
2 0.189536 0.397446 0.223216 0.374729 0.310590 0.504266 0.276910 0.526984
2 0.208149 0.383341 0.244816 0.365851 0.312084 0.506880 0.275416 0.524370
2 0.228642 0.372141 0.267492 0.360264 0.313175 0.509686 0.274325 0.521564
2 0.250565 0.364094 0.290744 0.358089 0.313839 0.512623 0.273661 0.518627
2 0.273438 0.359375 0.314063 0.359375 0.314063 0.515625 0.273438 0.515625
2 0.296756 0.358089 0.336935 0.364094 0.313839 0.518627 0.273661 0.512623
2 0.320008 0.360264 0.358858 0.372141 0.313175 0.521564 0.274325 0.509686
2 0.342684 0.365851 0.379351 0.383341 0.312084 0.524370 0.275416 0.506880
2 0.364284 0.374729 0.397964 0.397446 0.310590 0.526984 0.276910 0.504266
2 0.355161 0.397446 0.388841 0.374729 0.476215 0.504266 0.442535 0.526984
2 0.373774 0.383341 0.410441 0.365851 0.477709 0.506880 0.441041 0.524370
2 0.394267 0.372141 0.433117 0.360264 0.478800 0.509686 0.439950 0.521564
2 0.416190 0.364094 0.456369 0.358089 0.479464 0.512623 0.439286 0.518627
2 0.439063 0.359375 0.479687 0.359375 0.479687 0.515625 0.439063 0.515625
2 0.462381 0.358089 0.502560 0.364094 0.479464 0.518627 0.439286 0.512623
2 0.485633 0.360264 0.524483 0.372141 0.478800 0.521564 0.439950 0.509686
2 0.508309 0.365851 0.544976 0.383341 0.477709 0.524370 0.441041 0.506880
2 0.529909 0.374729 0.563589 0.397446 0.476215 0.526984 0.442535 0.504266
2 0.520786 0.397446 0.554466 0.374729 0.641840 0.504266 0.608160 0.526984
2 0.539399 0.383341 0.576066 0.365851 0.643334 0.506880 0.606666 0.524370
2 0.559892 0.372141 0.598742 0.360264 0.644425 0.509686 0.605575 0.521564
2 0.581815 0.364094 0.621994 0.358089 0.645089 0.512623 0.604911 0.518627
2 0.604688 0.359375 0.645312 0.359375 0.645312 0.515625 0.604688 0.515625
2 0.628006 0.358089 0.668185 0.364094 0.645089 0.518627 0.604911 0.512623
2 0.651258 0.360264 0.690108 0.372141 0.644425 0.521564 0.605575 0.509686
2 0.673934 0.365851 0.710601 0.383341 0.643334 0.524370 0.606666 0.506880
2 0.695534 0.374729 0.729214 0.397446 0.641840 0.526984 0.608160 0.504266
2 0.686411 0.397446 0.720091 0.374729 0.807465 0.504266 0.773785 0.526984
2 0.705024 0.383341 0.741691 0.365851 0.808959 0.506880 0.772291 0.524370
2 0.725517 0.372141 0.764367 0.360264 0.810050 0.509686 0.771200 0.521564
2 0.747440 0.364094 0.787619 0.358089 0.810714 0.512623 0.770536 0.518627
2 0.770312 0.359375 0.810937 0.359375 0.810937 0.515625 0.770312 0.515625
2 0.793631 0.358089 0.833810 0.364094 0.810714 0.518627 0.770536 0.512623
2 0.816883 0.360264 0.855733 0.372141 0.810050 0.521564 0.771200 0.509686
2 0.839559 0.365851 0.876226 0.383341 0.808959 0.524370 0.772291 0.506880
2 0.861159 0.374729 0.894839 0.397446 0.807465 0.526984 0.773785 0.504266
2 0.852036 0.397446 0.885716 0.374729 0.973090 0.504266 0.939410 0.526984
2 0.870649 0.383341 0.907316 0.365851 0.974584 0.506880 0.937916 0.524370
2 0.891142 0.372141 0.929992 0.360264 0.975675 0.509686 0.936825 0.521564
2 0.913065 0.364094 0.953244 0.358089 0.976339 0.512623 0.936161 0.518627
2 0.935937 0.359375 0.976562 0.359375 0.976562 0.515625 0.935937 0.515625
2 0.959256 0.358089 0.999435 0.364094 0.976339 0.518627 0.936161 0.512623
2 0.002128 0.504719 0.042307 0.498714 0.065402 0.653248 0.025223 0.659252
2 0.025000 0.500000 0.065625 0.500000 0.065625 0.656250 0.025000 0.656250
2 0.048318 0.498714 0.088497 0.504719 0.065402 0.659252 0.025223 0.653248
2 0.071571 0.500889 0.110421 0.512766 0.064737 0.662189 0.025888 0.650311
2 0.094246 0.506476 0.130914 0.523966 0.063646 0.664995 0.026979 0.647505
2 0.115847 0.515354 0.149526 0.538071 0.062152 0.667609 0.028473 0.644891
2 0.106724 0.538071 0.140403 0.515354 0.227777 0.644891 0.194098 0.667609
2 0.125336 0.523966 0.162004 0.506476 0.229271 0.647505 0.192604 0.664995
2 0.145829 0.512766 0.184679 0.500889 0.230362 0.650311 0.191513 0.662189
2 0.167753 0.504719 0.207932 0.498714 0.231027 0.653248 0.190848 0.659252
2 0.190625 0.500000 0.231250 0.500000 0.231250 0.656250 0.190625 0.656250
2 0.213943 0.498714 0.254122 0.504719 0.231027 0.659252 0.190848 0.653248
2 0.237196 0.500889 0.276046 0.512766 0.230362 0.662189 0.191513 0.650311
2 0.259871 0.506476 0.296539 0.523966 0.229271 0.664995 0.192604 0.647505
2 0.281472 0.515354 0.315151 0.538071 0.227777 0.667609 0.194098 0.644891
2 0.272349 0.538071 0.306028 0.515354 0.393402 0.644891 0.359723 0.667609
2 0.290961 0.523966 0.327629 0.506476 0.394896 0.647505 0.358229 0.664995
2 0.311454 0.512766 0.350304 0.500889 0.395987 0.650311 0.357138 0.662189
2 0.333378 0.504719 0.373557 0.498714 0.396652 0.653248 0.356473 0.659252
2 0.356250 0.500000 0.396875 0.500000 0.396875 0.656250 0.356250 0.656250
2 0.379568 0.498714 0.419747 0.504719 0.396652 0.659252 0.356473 0.653248
2 0.402821 0.500889 0.441671 0.512766 0.395987 0.662189 0.357138 0.650311
2 0.425496 0.506476 0.462164 0.523966 0.394896 0.664995 0.358229 0.647505
2 0.447097 0.515354 0.480776 0.538071 0.393402 0.667609 0.359723 0.644891
2 0.437974 0.538071 0.471653 0.515354 0.559027 0.644891 0.525348 0.667609
2 0.456586 0.523966 0.493254 0.506476 0.560521 0.647505 0.523854 0.664995
2 0.477079 0.512766 0.515929 0.500889 0.561612 0.650311 0.522763 0.662189
2 0.499003 0.504719 0.539182 0.498714 0.562277 0.653248 0.522098 0.659252
2 0.521875 0.500000 0.562500 0.500000 0.562500 0.656250 0.521875 0.656250
2 0.545193 0.498714 0.585372 0.504719 0.562277 0.659252 0.522098 0.653248
2 0.568446 0.500889 0.607296 0.512766 0.561612 0.662189 0.522763 0.650311
2 0.591121 0.506476 0.627789 0.523966 0.560521 0.664995 0.523854 0.647505
2 0.612722 0.515354 0.646401 0.538071 0.559027 0.667609 0.525348 0.644891
2 0.603599 0.538071 0.637278 0.515354 0.724652 0.644891 0.690973 0.667609
2 0.622211 0.523966 0.658879 0.506476 0.726146 0.647505 0.689479 0.664995
2 0.642704 0.512766 0.681554 0.500889 0.727237 0.650311 0.688388 0.662189
2 0.664628 0.504719 0.704807 0.498714 0.727902 0.653248 0.687723 0.659252
2 0.687500 0.500000 0.728125 0.500000 0.728125 0.656250 0.687500 0.656250
2 0.710818 0.498714 0.750997 0.504719 0.727902 0.659252 0.687723 0.653248
2 0.734071 0.500889 0.772921 0.512766 0.727237 0.662189 0.688388 0.650311
2 0.756746 0.506476 0.793414 0.523966 0.726146 0.664995 0.689479 0.647505
2 0.778347 0.515354 0.812026 0.538071 0.724652 0.667609 0.690973 0.644891
2 0.769224 0.538071 0.802903 0.515354 0.890277 0.644891 0.856598 0.667609
2 0.787836 0.523966 0.824504 0.506476 0.891771 0.647505 0.855104 0.664995
2 0.808329 0.512766 0.847179 0.500889 0.892862 0.650311 0.854013 0.662189
2 0.830253 0.504719 0.870432 0.498714 0.893527 0.653248 0.853348 0.659252
2 0.853125 0.500000 0.893750 0.500000 0.893750 0.656250 0.853125 0.656250
2 0.876443 0.498714 0.916622 0.504719 0.893527 0.659252 0.853348 0.653248
2 0.899696 0.500889 0.938546 0.512766 0.892862 0.662189 0.854013 0.650311
2 0.922371 0.506476 0.959039 0.523966 0.891771 0.664995 0.855104 0.647505
2 0.943972 0.515354 0.977651 0.538071 0.890277 0.667609 0.856598 0.644891
2 0.023911 0.678696 0.057591 0.655979 0.144965 0.785516 0.111285 0.808234
2 0.042524 0.664591 0.079191 0.647101 0.146459 0.788130 0.109791 0.805620
2 0.063017 0.653391 0.101867 0.641514 0.147550 0.790936 0.108700 0.802814
2 0.084940 0.645344 0.125119 0.639339 0.148214 0.793873 0.108036 0.799877
2 0.107813 0.640625 0.148438 0.640625 0.148438 0.796875 0.107813 0.796875
2 0.131131 0.639339 0.171310 0.645344 0.148214 0.799877 0.108036 0.793873
2 0.154383 0.641514 0.193233 0.653391 0.147550 0.802814 0.108700 0.790936
2 0.177059 0.647101 0.213726 0.664591 0.146459 0.805620 0.109791 0.788130
2 0.198659 0.655979 0.232339 0.678696 0.144965 0.808234 0.111285 0.785516
2 0.189536 0.678696 0.223216 0.655979 0.310590 0.785516 0.276910 0.808234
2 0.208149 0.664591 0.244816 0.647101 0.312084 0.788130 0.275416 0.805620
2 0.228642 0.653391 0.267492 0.641514 0.313175 0.790936 0.274325 0.802814
2 0.250565 0.645344 0.290744 0.639339 0.313839 0.793873 0.273661 0.799877
2 0.273438 0.640625 0.314063 0.640625 0.314063 0.796875 0.273438 0.796875
2 0.296756 0.639339 0.336935 0.645344 0.313839 0.799877 0.273661 0.793873
2 0.320008 0.641514 0.358858 0.653391 0.313175 0.802814 0.274325 0.790936
2 0.342684 0.647101 0.379351 0.664591 0.312084 0.805620 0.275416 0.788130
2 0.364284 0.655979 0.397964 0.678696 0.310590 0.808234 0.276910 0.785516
2 0.355161 0.678696 0.388841 0.655979 0.476215 0.785516 0.442535 0.808234
2 0.373774 0.664591 0.410441 0.647101 0.477709 0.788130 0.441041 0.805620
2 0.394267 0.653391 0.433117 0.641514 0.478800 0.790936 0.439950 0.802814
2 0.416190 0.645344 0.456369 0.639339 0.479464 0.793873 0.439286 0.799877
2 0.439063 0.640625 0.479687 0.640625 0.479687 0.796875 0.439063 0.796875
2 0.462381 0.639339 0.502560 0.645344 0.479464 0.799877 0.439286 0.793873
2 0.485633 0.641514 0.524483 0.653391 0.478800 0.802814 0.439950 0.790936
2 0.508309 0.647101 0.544976 0.664591 0.477709 0.805620 0.441041 0.788130
2 0.529909 0.655979 0.563589 0.678696 0.476215 0.808234 0.442535 0.785516
2 0.520786 0.678696 0.554466 0.655979 0.641840 0.785516 0.608160 0.808234
2 0.539399 0.664591 0.576066 0.647101 0.643334 0.788130 0.606666 0.805620
2 0.559892 0.653391 0.598742 0.641514 0.644425 0.790936 0.605575 0.802814
2 0.581815 0.645344 0.621994 0.639339 0.645089 0.793873 0.604911 0.799877
2 0.604688 0.640625 0.645312 0.640625 0.645312 0.796875 0.604688 0.796875
2 0.628006 0.639339 0.668185 0.645344 0.645089 0.799877 0.604911 0.793873
2 0.651258 0.641514 0.690108 0.653391 0.644425 0.802814 0.605575 0.790936
2 0.673934 0.647101 0.710601 0.664591 0.643334 0.805620 0.606666 0.788130
2 0.695534 0.655979 0.729214 0.678696 0.641840 0.808234 0.608160 0.785516
2 0.686411 0.678696 0.720091 0.655979 0.807465 0.785516 0.773785 0.808234
2 0.705024 0.664591 0.741691 0.647101 0.808959 0.788130 0.772291 0.805620
2 0.725517 0.653391 0.764367 0.641514 0.810050 0.790936 0.771200 0.802814
2 0.747440 0.645344 0.787619 0.639339 0.810714 0.793873 0.770536 0.799877
2 0.770312 0.640625 0.810937 0.640625 0.810937 0.796875 0.770312 0.796875
2 0.793631 0.639339 0.833810 0.645344 0.810714 0.799877 0.770536 0.793873
2 0.816883 0.641514 0.855733 0.653391 0.810050 0.802814 0.771200 0.790936
2 0.839559 0.647101 0.876226 0.664591 0.808959 0.805620 0.772291 0.788130
2 0.861159 0.655979 0.894839 0.678696 0.807465 0.808234 0.773785 0.785516
2 0.852036 0.678696 0.885716 0.655979 0.973090 0.785516 0.939410 0.808234
2 0.870649 0.664591 0.907316 0.647101 0.974584 0.788130 0.937916 0.805620
2 0.891142 0.653391 0.929992 0.641514 0.975675 0.790936 0.936825 0.802814
2 0.913065 0.645344 0.953244 0.639339 0.976339 0.793873 0.936161 0.799877
2 0.935937 0.640625 0.976562 0.640625 0.976562 0.796875 0.935937 0.796875
2 0.959256 0.639339 0.999435 0.645344 0.976339 0.799877 0.936161 0.793873