0 0.108594 0.256250 0.228906 0.256250 0.228906 0.303125 0.108594 0.303125
0 0.216406 0.256250 0.336719 0.256250 0.336719 0.303125 0.216406 0.303125
0 0.325781 0.256250 0.446094 0.256250 0.446094 0.303125 0.325781 0.303125
0 0.435156 0.257812 0.555469 0.257812 0.555469 0.304688 0.435156 0.304688
0 0.539844 0.256250 0.660156 0.256250 0.660156 0.303125 0.539844 0.303125
0 0.650781 0.254688 0.771094 0.254688 0.771094 0.301563 0.650781 0.301563
0 0.764844 0.257812 0.885156 0.257812 0.885156 0.304688 0.764844 0.304688
2 0.020313 0.223438 0.098437 0.223438 0.098437 0.407813 0.020313 0.407813
2 0.085938 0.228125 0.164062 0.228125 0.164062 0.412500 0.085938 0.412500
2 0.156250 0.231250 0.234375 0.231250 0.234375 0.415625 0.156250 0.415625
2 0.231250 0.225000 0.309375 0.225000 0.309375 0.409375 0.231250 0.409375
2 0.301563 0.223438 0.379688 0.223438 0.379688 0.407813 0.301563 0.407813
2 0.370312 0.229687 0.448437 0.229687 0.448437 0.414062 0.370312 0.414062
2 0.440625 0.225000 0.518750 0.225000 0.518750 0.409375 0.440625 0.409375
2 0.506250 0.228125 0.584375 0.228125 0.584375 0.412500 0.506250 0.412500
2 0.578125 0.225000 0.656250 0.225000 0.656250 0.409375 0.578125 0.409375
2 0.651563 0.231250 0.729688 0.231250 0.729688 0.415625 0.651563 0.415625
2 0.721875 0.225000 0.800000 0.225000 0.800000 0.409375 0.721875 0.409375
2 0.787500 0.226562 0.865625 0.226562 0.865625 0.410938 0.787500 0.410938
2 0.857812 0.229687 0.935937 0.229687 0.935937 0.414062 0.857812 0.414062
0 0.103125 0.454688 0.253125 0.454688 0.253125 0.514062 0.103125 0.514062
0 0.234375 0.450000 0.384375 0.450000 0.384375 0.509375 0.234375 0.509375
0 0.354687 0.450000 0.504687 0.450000 0.504687 0.509375 0.354687 0.509375
0 0.481250 0.450000 0.631250 0.450000 0.631250 0.509375 0.481250 0.509375
0 0.609375 0.448437 0.759375 0.448437 0.759375 0.507812 0.609375 0.507812
0 0.728125 0.457813 0.878125 0.457813 0.878125 0.517188 0.728125 0.517188
2 0.011719 0.411719 0.097656 0.411719 0.097656 0.669531 0.011719 0.669531
2 0.082031 0.413281 0.167969 0.413281 0.167969 0.671094 0.082031 0.671094
2 0.147656 0.408594 0.233594 0.408594 0.233594 0.666406 0.147656 0.666406
2 0.221094 0.416406 0.307031 0.416406 0.307031 0.674219 0.221094 0.674219
2 0.286719 0.408594 0.372656 0.408594 0.372656 0.666406 0.286719 0.666406
2 0.353906 0.417969 0.439844 0.417969 0.439844 0.675781 0.353906 0.675781
2 0.422656 0.416406 0.508594 0.416406 0.508594 0.674219 0.422656 0.674219
2 0.491406 0.410156 0.577344 0.410156 0.577344 0.667969 0.491406 0.667969
2 0.566406 0.410156 0.652344 0.410156 0.652344 0.667969 0.566406 0.667969
2 0.633594 0.417969 0.719531 0.417969 0.719531 0.675781 0.633594 0.675781
2 0.702344 0.410156 0.788281 0.410156 0.788281 0.667969 0.702344 0.667969
2 0.771094 0.417969 0.857031 0.417969 0.857031 0.675781 0.771094 0.675781
2 0.835156 0.408594 0.921094 0.408594 0.921094 0.666406 0.835156 0.666406
0 0.001563 0.744531 0.117188 0.744531 0.117188 0.805469 0.001563 0.805469
0 0.098437 0.752344 0.214062 0.752344 0.214062 0.813281 0.098437 0.813281
0 0.203125 0.750781 0.318750 0.750781 0.318750 0.811719 0.203125 0.811719
0 0.306250 0.749219 0.421875 0.749219 0.421875 0.810156 0.306250 0.810156
0 0.409375 0.744531 0.525000 0.744531 0.525000 0.805469 0.409375 0.805469
0 0.517188 0.747656 0.632812 0.747656 0.632812 0.808594 0.517188 0.808594
0 0.615625 0.747656 0.731250 0.747656 0.731250 0.808594 0.615625 0.808594
0 0.718750 0.752344 0.834375 0.752344 0.834375 0.813281 0.718750 0.813281
0 0.826562 0.746094 0.942187 0.746094 0.942187 0.807031 0.826562 0.807031
2 0.037500 0.762500 0.078125 0.762500 0.078125 0.915625 0.037500 0.915625
2 0.070312 0.767188 0.110937 0.767188 0.110937 0.920312 0.070312 0.920312
2 0.100000 0.764062 0.140625 0.764062 0.140625 0.917188 0.100000 0.917188
2 0.134375 0.768750 0.175000 0.768750 0.175000 0.921875 0.134375 0.921875
2 0.170313 0.765625 0.210938 0.765625 0.210938 0.918750 0.170313 0.918750
2 0.201563 0.762500 0.242188 0.762500 0.242188 0.915625 0.201563 0.915625
2 0.231250 0.768750 0.271875 0.768750 0.271875 0.921875 0.231250 0.921875
2 0.265625 0.760938 0.306250 0.760938 0.306250 0.914062 0.265625 0.914062
2 0.296875 0.767188 0.337500 0.767188 0.337500 0.920312 0.296875 0.920312
2 0.328125 0.765625 0.368750 0.765625 0.368750 0.918750 0.328125 0.918750
2 0.362500 0.764062 0.403125 0.764062 0.403125 0.917188 0.362500 0.917188
2 0.396875 0.760938 0.437500 0.760938 0.437500 0.914062 0.396875 0.914062
2 0.429688 0.762500 0.470313 0.762500 0.470313 0.915625 0.429688 0.915625
2 0.462500 0.762500 0.503125 0.762500 0.503125 0.915625 0.462500 0.915625
2 0.495312 0.760938 0.535937 0.760938 0.535937 0.914062 0.495312 0.914062
2 0.531250 0.764062 0.571875 0.764062 0.571875 0.917188 0.531250 0.917188
2 0.560937 0.760938 0.601562 0.760938 0.601562 0.914062 0.560937 0.914062
2 0.590625 0.770312 0.631250 0.770312 0.631250 0.923438 0.590625 0.923438
2 0.628125 0.767188 0.668750 0.767188 0.668750 0.920312 0.628125 0.920312
2 0.659375 0.768750 0.700000 0.768750 0.700000 0.921875 0.659375 0.921875
2 0.690625 0.767188 0.731250 0.767188 0.731250 0.920312 0.690625 0.920312
2 0.723437 0.762500 0.764062 0.762500 0.764062 0.915625 0.723437 0.915625
2 0.757812 0.764062 0.798438 0.764062 0.798438 0.917188 0.757812 0.917188
2 0.790625 0.767188 0.831250 0.767188 0.831250 0.920312 0.790625 0.920312
2 0.825000 0.764062 0.865625 0.764062 0.865625 0.917188 0.825000 0.917188