1 0.060937 0.290625 0.095312 0.290625 0.095312 0.334375 0.060937 0.334375
1 0.087500 0.292187 0.121875 0.292187 0.121875 0.335938 0.087500 0.335938
1 0.110937 0.295312 0.145313 0.295312 0.145313 0.339062 0.110937 0.339062
1 0.139063 0.296875 0.173437 0.296875 0.173437 0.340625 0.139063 0.340625
1 0.168750 0.300000 0.203125 0.300000 0.203125 0.343750 0.168750 0.343750
1 0.196875 0.296875 0.231250 0.296875 0.231250 0.340625 0.196875 0.340625
1 0.221875 0.296875 0.256250 0.296875 0.256250 0.340625 0.221875 0.340625
1 0.245312 0.292187 0.279687 0.292187 0.279687 0.335938 0.245312 0.335938
1 0.270313 0.300000 0.304688 0.300000 0.304688 0.343750 0.270313 0.343750
1 0.303125 0.293750 0.337500 0.293750 0.337500 0.337500 0.303125 0.337500
1 0.329688 0.293750 0.364063 0.293750 0.364063 0.337500 0.329688 0.337500
1 0.353125 0.298438 0.387500 0.298438 0.387500 0.342187 0.353125 0.342187
1 0.378125 0.300000 0.412500 0.300000 0.412500 0.343750 0.378125 0.343750
1 0.407813 0.296875 0.442188 0.296875 0.442188 0.340625 0.407813 0.340625
1 0.432812 0.300000 0.467187 0.300000 0.467187 0.343750 0.432812 0.343750
1 0.462500 0.295312 0.496875 0.295312 0.496875 0.339062 0.462500 0.339062
1 0.482812 0.296875 0.517188 0.296875 0.517188 0.340625 0.482812 0.340625
1 0.509375 0.300000 0.543750 0.300000 0.543750 0.343750 0.509375 0.343750
1 0.540625 0.298438 0.575000 0.298438 0.575000 0.342187 0.540625 0.342187
1 0.567187 0.292187 0.601562 0.292187 0.601562 0.335938 0.567187 0.335938
1 0.592187 0.290625 0.626563 0.290625 0.626563 0.334375 0.592187 0.334375
1 0.617188 0.295312 0.651563 0.295312 0.651563 0.339062 0.617188 0.339062
1 0.642188 0.290625 0.676562 0.290625 0.676562 0.334375 0.642188 0.334375
1 0.668750 0.290625 0.703125 0.290625 0.703125 0.334375 0.668750 0.334375
1 0.696875 0.298438 0.731250 0.298438 0.731250 0.342187 0.696875 0.342187
1 0.063281 0.324219 0.096094 0.324219 0.096094 0.388281 0.063281 0.388281
1 0.094531 0.324219 0.127344 0.324219 0.127344 0.388281 0.094531 0.388281
1 0.124219 0.328906 0.157031 0.328906 0.157031 0.392969 0.124219 0.392969
1 0.153906 0.319531 0.186719 0.319531 0.186719 0.383594 0.153906 0.383594
1 0.183594 0.328906 0.216406 0.328906 0.216406 0.392969 0.183594 0.392969
1 0.219531 0.324219 0.252344 0.324219 0.252344 0.388281 0.219531 0.388281
1 0.246094 0.319531 0.278906 0.319531 0.278906 0.383594 0.246094 0.383594
1 0.280469 0.322656 0.313281 0.322656 0.313281 0.386719 0.280469 0.386719
1 0.313281 0.319531 0.346094 0.319531 0.346094 0.383594 0.313281 0.383594
1 0.342969 0.322656 0.375781 0.322656 0.375781 0.386719 0.342969 0.386719
1 0.377344 0.319531 0.410156 0.319531 0.410156 0.383594 0.377344 0.383594
1 0.402344 0.328906 0.435156 0.328906 0.435156 0.392969 0.402344 0.392969
1 0.433594 0.327344 0.466406 0.327344 0.466406 0.391406 0.433594 0.391406
1 0.467969 0.325781 0.500781 0.325781 0.500781 0.389844 0.467969 0.389844
1 0.496094 0.325781 0.528906 0.325781 0.528906 0.389844 0.496094 0.389844
1 0.527344 0.328906 0.560156 0.328906 0.560156 0.392969 0.527344 0.392969
1 0.563281 0.325781 0.596094 0.325781 0.596094 0.389844 0.563281 0.389844
1 0.589844 0.322656 0.622656 0.322656 0.622656 0.386719 0.589844 0.386719
1 0.624219 0.328906 0.657031 0.328906 0.657031 0.392969 0.624219 0.392969
1 0.655469 0.324219 0.688281 0.324219 0.688281 0.388281 0.655469 0.388281
1 0.689844 0.321094 0.722656 0.321094 0.722656 0.385156 0.689844 0.385156
1 0.714844 0.325781 0.747656 0.325781 0.747656 0.389844 0.714844 0.389844
1 0.750781 0.322656 0.783594 0.322656 0.783594 0.386719 0.750781 0.386719
1 0.778906 0.328906 0.811719 0.328906 0.811719 0.392969 0.778906 0.392969
1 0.811719 0.328906 0.844531 0.328906 0.844531 0.392969 0.811719 0.392969
3 0.017188 0.320312 0.135937 0.320312 0.135937 0.523438 0.017188 0.523438
3 0.117188 0.317188 0.235937 0.317188 0.235937 0.520312 0.117188 0.520312
3 0.209375 0.317188 0.328125 0.317188 0.328125 0.520312 0.209375 0.520312
3 0.312500 0.312500 0.431250 0.312500 0.431250 0.515625 0.312500 0.515625
3 0.404687 0.310937 0.523438 0.310937 0.523438 0.514062 0.404687 0.514062
3 0.506250 0.318750 0.625000 0.318750 0.625000 0.521875 0.506250 0.521875
3 0.603125 0.314063 0.721875 0.314063 0.721875 0.517188 0.603125 0.517188
3 0.695312 0.318750 0.814063 0.318750 0.814063 0.521875 0.695312 0.521875
3 0.796875 0.310937 0.915625 0.310937 0.915625 0.514062 0.796875 0.514062
1 0.071875 0.590625 0.087500 0.590625 0.087500 0.621875 0.071875 0.621875
1 0.085938 0.581250 0.101562 0.581250 0.101562 0.612500 0.085938 0.612500
1 0.093750 0.587500 0.109375 0.587500 0.109375 0.618750 0.093750 0.618750
1 0.106250 0.581250 0.121875 0.581250 0.121875 0.612500 0.106250 0.612500
1 0.123438 0.585938 0.139063 0.585938 0.139063 0.617188 0.123438 0.617188
1 0.134375 0.582812 0.150000 0.582812 0.150000 0.614062 0.134375 0.614062
1 0.146875 0.581250 0.162500 0.581250 0.162500 0.612500 0.146875 0.612500
1 0.154688 0.581250 0.170313 0.581250 0.170313 0.612500 0.154688 0.612500
1 0.173437 0.587500 0.189062 0.587500 0.189062 0.618750 0.173437 0.618750
1 0.179688 0.585938 0.195312 0.585938 0.195312 0.617188 0.179688 0.617188
1 0.196875 0.582812 0.212500 0.582812 0.212500 0.614062 0.196875 0.614062
1 0.209375 0.590625 0.225000 0.590625 0.225000 0.621875 0.209375 0.621875
1 0.218750 0.590625 0.234375 0.590625 0.234375 0.621875 0.218750 0.621875
1 0.234375 0.590625 0.250000 0.590625 0.250000 0.621875 0.234375 0.621875
1 0.243750 0.585938 0.259375 0.585938 0.259375 0.617188 0.243750 0.617188
1 0.260937 0.582812 0.276562 0.582812 0.276562 0.614062 0.260937 0.614062
1 0.270313 0.587500 0.285938 0.587500 0.285938 0.618750 0.270313 0.618750
1 0.284375 0.581250 0.300000 0.581250 0.300000 0.612500 0.284375 0.612500
1 0.292187 0.590625 0.307812 0.590625 0.307812 0.621875 0.292187 0.621875
1 0.309375 0.587500 0.325000 0.587500 0.325000 0.618750 0.309375 0.618750
1 0.321875 0.582812 0.337500 0.582812 0.337500 0.614062 0.321875 0.614062
1 0.335938 0.584375 0.351562 0.584375 0.351562 0.615625 0.335938 0.615625
1 0.346875 0.590625 0.362500 0.590625 0.362500 0.621875 0.346875 0.621875
1 0.356250 0.590625 0.371875 0.590625 0.371875 0.621875 0.356250 0.621875
1 0.373437 0.584375 0.389062 0.584375 0.389062 0.615625 0.373437 0.615625
1 0.068750 0.620313 0.090625 0.620313 0.090625 0.648438 0.068750 0.648438
1 0.084375 0.614062 0.106250 0.614062 0.106250 0.642188 0.084375 0.642188
1 0.098437 0.614062 0.120313 0.614062 0.120313 0.642188 0.098437 0.642188
1 0.118750 0.620313 0.140625 0.620313 0.140625 0.648438 0.118750 0.648438
1 0.132812 0.620313 0.154688 0.620313 0.154688 0.648438 0.132812 0.648438
1 0.150000 0.621875 0.171875 0.621875 0.171875 0.650000 0.150000 0.650000
1 0.173437 0.621875 0.195312 0.621875 0.195312 0.650000 0.173437 0.650000
1 0.185938 0.620313 0.207813 0.620313 0.207813 0.648438 0.185938 0.648438
1 0.204687 0.615625 0.226562 0.615625 0.226562 0.643750 0.204687 0.643750
1 0.223438 0.620313 0.245312 0.620313 0.245312 0.648438 0.223438 0.648438
1 0.242188 0.617188 0.264062 0.617188 0.264062 0.645312 0.242188 0.645312
1 0.259375 0.623437 0.281250 0.623437 0.281250 0.651563 0.259375 0.651563
1 0.270313 0.615625 0.292187 0.615625 0.292187 0.643750 0.270313 0.643750
1 0.293750 0.614062 0.315625 0.614062 0.315625 0.642188 0.293750 0.642188
1 0.307812 0.615625 0.329688 0.615625 0.329688 0.643750 0.307812 0.643750
1 0.325000 0.614062 0.346875 0.614062 0.346875 0.642188 0.325000 0.642188
1 0.339062 0.623437 0.360938 0.623437 0.360938 0.651563 0.339062 0.651563
1 0.359375 0.617188 0.381250 0.617188 0.381250 0.645312 0.359375 0.645312
1 0.376563 0.618750 0.398438 0.618750 0.398438 0.646875 0.376563 0.646875
1 0.390625 0.615625 0.412500 0.615625 0.412500 0.643750 0.390625 0.643750
1 0.414062 0.623437 0.435937 0.623437 0.435937 0.651563 0.414062 0.651563
1 0.429688 0.614062 0.451562 0.614062 0.451562 0.642188 0.429688 0.642188
1 0.445312 0.614062 0.467187 0.614062 0.467187 0.642188 0.445312 0.642188
1 0.462500 0.621875 0.484375 0.621875 0.484375 0.650000 0.462500 0.650000
1 0.481250 0.617188 0.503125 0.617188 0.503125 0.645312 0.481250 0.645312
3 0.045312 0.600000 0.114062 0.600000 0.114062 0.718750 0.045312 0.718750
3 0.100000 0.596875 0.168750 0.596875 0.168750 0.715625 0.100000 0.715625
3 0.151562 0.593750 0.220312 0.593750 0.220312 0.712500 0.151562 0.712500
3 0.210938 0.593750 0.279687 0.593750 0.279687 0.712500 0.210938 0.712500
3 0.259375 0.600000 0.328125 0.600000 0.328125 0.718750 0.259375 0.718750
3 0.318750 0.593750 0.387500 0.593750 0.387500 0.712500 0.318750 0.712500
3 0.368750 0.593750 0.437500 0.593750 0.437500 0.712500 0.368750 0.712500
3 0.429688 0.593750 0.498437 0.593750 0.498437 0.712500 0.429688 0.712500
3 0.484375 0.598437 0.553125 0.598437 0.553125 0.717187 0.484375 0.717187
3 0.532813 0.592187 0.601562 0.592187 0.601562 0.710938 0.532813 0.710938
3 0.590625 0.600000 0.659375 0.600000 0.659375 0.718750 0.590625 0.718750
3 0.642188 0.595313 0.710938 0.595313 0.710938 0.714063 0.642188 0.714063
3 0.703125 0.600000 0.771875 0.600000 0.771875 0.718750 0.703125 0.718750
3 0.757812 0.600000 0.826562 0.600000 0.826562 0.718750 0.757812 0.718750
3 0.810937 0.593750 0.879687 0.593750 0.879687 0.712500 0.810937 0.712500
3 0.860938 0.593750 0.929688 0.593750 0.929688 0.712500 0.860938 0.712500
1 0.053906 0.733594 0.099219 0.733594 0.099219 0.782031 0.053906 0.782031
1 0.096094 0.727344 0.141406 0.727344 0.141406 0.775781 0.096094 0.775781
1 0.138281 0.732031 0.183594 0.732031 0.183594 0.780469 0.138281 0.780469
1 0.183594 0.727344 0.228906 0.727344 0.228906 0.775781 0.183594 0.775781
1 0.224219 0.735156 0.269531 0.735156 0.269531 0.783594 0.224219 0.783594
1 0.263281 0.735156 0.308594 0.735156 0.308594 0.783594 0.263281 0.783594
1 0.305469 0.728906 0.350781 0.728906 0.350781 0.777344 0.305469 0.777344
1 0.350781 0.732031 0.396094 0.732031 0.396094 0.780469 0.350781 0.780469
1 0.391406 0.732031 0.436719 0.732031 0.436719 0.780469 0.391406 0.780469
1 0.432031 0.728906 0.477344 0.728906 0.477344 0.777344 0.432031 0.777344
1 0.480469 0.736719 0.525781 0.736719 0.525781 0.785156 0.480469 0.785156
1 0.519531 0.732031 0.564844 0.732031 0.564844 0.780469 0.519531 0.780469
1 0.564844 0.730469 0.610156 0.730469 0.610156 0.778906 0.564844 0.778906
1 0.605469 0.728906 0.650781 0.728906 0.650781 0.777344 0.605469 0.777344
1 0.646094 0.733594 0.691406 0.733594 0.691406 0.782031 0.646094 0.782031
1 0.691406 0.736719 0.736719 0.736719 0.736719 0.785156 0.691406 0.785156
1 0.730469 0.727344 0.775781 0.727344 0.775781 0.775781 0.730469 0.775781
1 0.772656 0.730469 0.817969 0.730469 0.817969 0.778906 0.772656 0.778906
1 0.816406 0.728906 0.861719 0.728906 0.861719 0.777344 0.816406 0.777344
1 0.855469 0.736719 0.900781 0.736719 0.900781 0.785156 0.855469 0.785156
1 0.900781 0.735156 0.946094 0.735156 0.946094 0.783594 0.900781 0.783594
1 0.049219 0.766406 0.107031 0.766406 0.107031 0.839844 0.049219 0.839844
1 0.103906 0.766406 0.161719 0.766406 0.161719 0.839844 0.103906 0.839844
1 0.153906 0.774219 0.211719 0.774219 0.211719 0.847656 0.153906 0.847656
1 0.211719 0.774219 0.269531 0.774219 0.269531 0.847656 0.211719 0.847656
1 0.260156 0.772656 0.317969 0.772656 0.317969 0.846094 0.260156 0.846094
1 0.313281 0.766406 0.371094 0.766406 0.371094 0.839844 0.313281 0.839844
1 0.367969 0.766406 0.425781 0.766406 0.425781 0.839844 0.367969 0.839844
1 0.417969 0.767969 0.475781 0.767969 0.475781 0.841406 0.417969 0.841406
1 0.474219 0.766406 0.532031 0.766406 0.532031 0.839844 0.474219 0.839844
1 0.524219 0.764844 0.582031 0.764844 0.582031 0.838281 0.524219 0.838281
1 0.577344 0.769531 0.635156 0.769531 0.635156 0.842969 0.577344 0.842969
1 0.630469 0.766406 0.688281 0.766406 0.688281 0.839844 0.630469 0.839844
1 0.688281 0.769531 0.746094 0.769531 0.746094 0.842969 0.688281 0.842969
1 0.738281 0.764844 0.796094 0.764844 0.796094 0.838281 0.738281 0.838281
1 0.789844 0.771094 0.847656 0.771094 0.847656 0.844531 0.789844 0.844531
1 0.842969 0.766406 0.900781 0.766406 0.900781 0.839844 0.842969 0.839844
1 0.896094 0.766406 0.953906 0.766406 0.953906 0.839844 0.896094 0.839844
3 0.031250 0.794531 0.128125 0.794531 0.128125 0.961719 0.031250 0.961719
3 0.121875 0.797656 0.218750 0.797656 0.218750 0.964844 0.121875 0.964844
3 0.217188 0.794531 0.314063 0.794531 0.314063 0.961719 0.217188 0.961719
3 0.309375 0.797656 0.406250 0.797656 0.406250 0.964844 0.309375 0.964844
3 0.401562 0.791406 0.498437 0.791406 0.498437 0.958594 0.401562 0.958594
3 0.492188 0.792969 0.589063 0.792969 0.589063 0.960156 0.492188 0.960156
3 0.579688 0.792969 0.676562 0.792969 0.676562 0.960156 0.579688 0.960156
3 0.678125 0.800781 0.775000 0.800781 0.775000 0.967969 0.678125 0.967969
3 0.768750 0.792969 0.865625 0.792969 0.865625 0.960156 0.768750 0.960156
3 0.860938 0.794531 0.957812 0.794531 0.957812 0.961719 0.860938 0.961719