2 0.026561 0.106558 0.093274 0.057493 0.209919 0.216093 0.143206 0.265157
2 0.075838 0.066473 0.154523 0.040654 0.215905 0.227715 0.137220 0.253535
2 0.135156 0.043750 0.217969 0.043750 0.217969 0.240625 0.135156 0.240625
2 0.198602 0.040654 0.277287 0.066473 0.215905 0.253535 0.137220 0.227715
2 0.259851 0.057493 0.326564 0.106558 0.209919 0.265157 0.143206 0.216093
2 0.312797 0.092590 0.360886 0.160009 0.200607 0.274334 0.152518 0.206916
2 0.295364 0.160009 0.343453 0.092590 0.503732 0.206916 0.455643 0.274334
2 0.329686 0.106558 0.396399 0.057493 0.513044 0.216093 0.446331 0.265157
2 0.378963 0.066473 0.457648 0.040654 0.519030 0.227715 0.440345 0.253535
2 0.438281 0.043750 0.521094 0.043750 0.521094 0.240625 0.438281 0.240625
2 0.501727 0.040654 0.580412 0.066473 0.519030 0.253535 0.440345 0.227715
2 0.562976 0.057493 0.629689 0.106558 0.513044 0.265157 0.446331 0.216093
2 0.615922 0.092590 0.664011 0.160009 0.503732 0.274334 0.455643 0.206916
2 0.598489 0.160009 0.646578 0.092590 0.806857 0.206916 0.758768 0.274334
2 0.632811 0.106558 0.699524 0.057493 0.816169 0.216093 0.749456 0.265157
2 0.682088 0.066473 0.760773 0.040654 0.822155 0.227715 0.743470 0.253535
2 0.741406 0.043750 0.824219 0.043750 0.824219 0.240625 0.741406 0.240625
2 0.804852 0.040654 0.883537 0.066473 0.822155 0.253535 0.743470 0.227715
2 0.866101 0.057493 0.932814 0.106558 0.816169 0.265157 0.749456 0.216093
2 0.919047 0.092590 0.967136 0.160009 0.806857 0.274334 0.758768 0.206916
2 0.161234 0.269152 0.209324 0.336571 0.049045 0.450897 0.000955 0.383478
2 0.143801 0.336571 0.191891 0.269152 0.352170 0.383478 0.304080 0.450897
2 0.178124 0.283121 0.244836 0.234056 0.361481 0.392655 0.294769 0.441720
2 0.227401 0.243036 0.306085 0.217216 0.367467 0.404278 0.288783 0.430097
2 0.286719 0.220312 0.369531 0.220312 0.369531 0.417187 0.286719 0.417187
2 0.350165 0.217216 0.428849 0.243036 0.367467 0.430097 0.288783 0.404278
2 0.411414 0.234056 0.478126 0.283121 0.361481 0.441720 0.294769 0.392655
2 0.464359 0.269152 0.512449 0.336571 0.352170 0.450897 0.304080 0.383478
2 0.446926 0.336571 0.495016 0.269152 0.655295 0.383478 0.607205 0.450897
2 0.481249 0.283121 0.547961 0.234056 0.664606 0.392655 0.597894 0.441720
2 0.530526 0.243036 0.609210 0.217216 0.670592 0.404278 0.591908 0.430097
2 0.589844 0.220312 0.672656 0.220312 0.672656 0.417187 0.589844 0.417187
2 0.653290 0.217216 0.731974 0.243036 0.670592 0.430097 0.591908 0.404278
2 0.714539 0.234056 0.781251 0.283121 0.664606 0.441720 0.597894 0.392655
2 0.767484 0.269152 0.815574 0.336571 0.655295 0.450897 0.607205 0.383478
2 0.750051 0.336571 0.798141 0.269152 0.958420 0.383478 0.910330 0.450897
2 0.784374 0.283121 0.851086 0.234056 0.967731 0.392655 0.901019 0.441720
2 0.833651 0.243036 0.912335 0.217216 0.973717 0.404278 0.895033 0.430097
2 0.892969 0.220312 0.975781 0.220312 0.975781 0.417187 0.892969 0.417187
2 0.026561 0.459683 0.093274 0.410618 0.209919 0.569218 0.143206 0.618282
2 0.075838 0.419598 0.154523 0.393779 0.215905 0.580840 0.137220 0.606660
2 0.135156 0.396875 0.217969 0.396875 0.217969 0.593750 0.135156 0.593750
2 0.198602 0.393779 0.277287 0.419598 0.215905 0.606660 0.137220 0.580840
2 0.259851 0.410618 0.326564 0.459683 0.209919 0.618282 0.143206 0.569218
2 0.312797 0.445715 0.360886 0.513134 0.200607 0.627459 0.152518 0.560041
2 0.295364 0.513134 0.343453 0.445715 0.503732 0.560041 0.455643 0.627459
2 0.329686 0.459683 0.396399 0.410618 0.513044 0.569218 0.446331 0.618282
2 0.378963 0.419598 0.457648 0.393779 0.519030 0.580840 0.440345 0.606660
2 0.438281 0.396875 0.521094 0.396875 0.521094 0.593750 0.438281 0.593750
2 0.501727 0.393779 0.580412 0.419598 0.519030 0.606660 0.440345 0.580840
2 0.562976 0.410618 0.629689 0.459683 0.513044 0.618282 0.446331 0.569218
2 0.615922 0.445715 0.664011 0.513134 0.503732 0.627459 0.455643 0.560041
2 0.598489 0.513134 0.646578 0.445715 0.806857 0.560041 0.758768 0.627459
2 0.632811 0.459683 0.699524 0.410618 0.816169 0.569218 0.749456 0.618282
2 0.682088 0.419598 0.760773 0.393779 0.822155 0.580840 0.743470 0.606660
2 0.741406 0.396875 0.824219 0.396875 0.824219 0.593750 0.741406 0.593750
2 0.804852 0.393779 0.883537 0.419598 0.822155 0.606660 0.743470 0.580840
2 0.866101 0.410618 0.932814 0.459683 0.816169 0.618282 0.749456 0.569218
2 0.919047 0.445715 0.967136 0.513134 0.806857 0.627459 0.758768 0.560041
2 0.161234 0.622277 0.209324 0.689696 0.049045 0.804022 0.000955 0.736603
2 0.143801 0.689696 0.191891 0.622277 0.352170 0.736603 0.304080 0.804022
2 0.178124 0.636246 0.244836 0.587181 0.361481 0.745780 0.294769 0.794845
2 0.227401 0.596161 0.306085 0.570341 0.367467 0.757403 0.288783 0.783222
2 0.286719 0.573438 0.369531 0.573438 0.369531 0.770312 0.286719 0.770312
2 0.350165 0.570341 0.428849 0.596161 0.367467 0.783222 0.288783 0.757403
2 0.411414 0.587181 0.478126 0.636246 0.361481 0.794845 0.294769 0.745780
2 0.464359 0.622277 0.512449 0.689696 0.352170 0.804022 0.304080 0.736603
2 0.446926 0.689696 0.495016 0.622277 0.655295 0.736603 0.607205 0.804022
2 0.481249 0.636246 0.547961 0.587181 0.664606 0.745780 0.597894 0.794845
2 0.530526 0.596161 0.609210 0.570341 0.670592 0.757403 0.591908 0.783222
2 0.589844 0.573438 0.672656 0.573438 0.672656 0.770312 0.589844 0.770312
2 0.653290 0.570341 0.731974 0.596161 0.670592 0.783222 0.591908 0.757403
2 0.714539 0.587181 0.781251 0.636246 0.664606 0.794845 0.597894 0.745780
2 0.767484 0.622277 0.815574 0.689696 0.655295 0.804022 0.607205 0.736603
2 0.750051 0.689696 0.798141 0.622277 0.958420 0.736603 0.910330 0.804022
2 0.784374 0.636246 0.851086 0.587181 0.967731 0.745780 0.901019 0.794845
2 0.833651 0.596161 0.912335 0.570341 0.973717 0.757403 0.895033 0.783222
2 0.892969 0.573438 0.975781 0.573438 0.975781 0.770312 0.892969 0.770312