3 0.060937 0.246875 0.070312 0.246875 0.070312 0.262500 0.060937 0.262500
3 0.068750 0.245312 0.078125 0.245312 0.078125 0.260937 0.068750 0.260937
3 0.079687 0.243750 0.089063 0.243750 0.089063 0.259375 0.079687 0.259375
3 0.095312 0.248438 0.104688 0.248438 0.104688 0.264062 0.095312 0.264062
3 0.109375 0.246875 0.118750 0.246875 0.118750 0.262500 0.109375 0.262500
3 0.121875 0.245312 0.131250 0.245312 0.131250 0.260937 0.121875 0.260937
3 0.134375 0.245312 0.143750 0.245312 0.143750 0.260937 0.134375 0.260937
3 0.143750 0.248438 0.153125 0.248438 0.153125 0.264062 0.143750 0.264062
3 0.160938 0.240625 0.170313 0.240625 0.170313 0.256250 0.160938 0.256250
3 0.168750 0.243750 0.178125 0.243750 0.178125 0.259375 0.168750 0.259375
3 0.179688 0.240625 0.189062 0.240625 0.189062 0.256250 0.179688 0.256250
3 0.193750 0.245312 0.203125 0.245312 0.203125 0.260937 0.193750 0.260937
3 0.210938 0.240625 0.220312 0.240625 0.220312 0.256250 0.210938 0.256250
3 0.220312 0.245312 0.229687 0.245312 0.229687 0.260937 0.220312 0.260937
3 0.234375 0.245312 0.243750 0.245312 0.243750 0.260937 0.234375 0.260937
3 0.243750 0.246875 0.253125 0.246875 0.253125 0.262500 0.243750 0.262500
3 0.259375 0.240625 0.268750 0.240625 0.268750 0.256250 0.259375 0.256250
3 0.271875 0.248438 0.281250 0.248438 0.281250 0.264062 0.271875 0.264062
3 0.284375 0.246875 0.293750 0.246875 0.293750 0.262500 0.284375 0.262500
3 0.295312 0.246875 0.304688 0.246875 0.304688 0.262500 0.295312 0.262500
3 0.309375 0.245312 0.318750 0.245312 0.318750 0.260937 0.309375 0.260937
3 0.320312 0.245312 0.329688 0.245312 0.329688 0.260937 0.320312 0.260937
3 0.331250 0.239063 0.340625 0.239063 0.340625 0.254688 0.331250 0.254688
3 0.346875 0.242188 0.356250 0.242188 0.356250 0.257812 0.346875 0.257812
3 0.356250 0.242188 0.365625 0.242188 0.365625 0.257812 0.356250 0.257812
3 0.017188 0.187500 0.114062 0.187500 0.114062 0.353125 0.017188 0.353125
3 0.101562 0.182812 0.198437 0.182812 0.198437 0.348438 0.101562 0.348438
3 0.181250 0.184375 0.278125 0.184375 0.278125 0.350000 0.181250 0.350000
3 0.270313 0.185938 0.367188 0.185938 0.367188 0.351562 0.270313 0.351562
3 0.350000 0.182812 0.446875 0.182812 0.446875 0.348438 0.350000 0.348438
3 0.432812 0.181250 0.529687 0.181250 0.529687 0.346875 0.432812 0.346875
3 0.520312 0.184375 0.617188 0.184375 0.617188 0.350000 0.520312 0.350000
3 0.601562 0.185938 0.698438 0.185938 0.698438 0.351562 0.601562 0.351562
3 0.685937 0.185938 0.782813 0.185938 0.782813 0.351562 0.685937 0.351562
3 0.770312 0.184375 0.867188 0.184375 0.867188 0.350000 0.770312 0.350000
3 0.859375 0.179688 0.956250 0.179688 0.956250 0.345313 0.859375 0.345313
3 0.044531 0.389062 0.083594 0.389062 0.083594 0.457813 0.044531 0.457813
3 0.080469 0.390625 0.119531 0.390625 0.119531 0.459375 0.080469 0.459375
3 0.119531 0.390625 0.158594 0.390625 0.158594 0.459375 0.119531 0.459375
3 0.155469 0.385937 0.194531 0.385937 0.194531 0.454688 0.155469 0.454688
3 0.192969 0.382812 0.232031 0.382812 0.232031 0.451562 0.192969 0.451562
3 0.232031 0.382812 0.271094 0.382812 0.271094 0.451562 0.232031 0.451562
3 0.266406 0.382812 0.305469 0.382812 0.305469 0.451562 0.266406 0.451562
3 0.302344 0.385937 0.341406 0.385937 0.341406 0.454688 0.302344 0.454688
3 0.344531 0.384375 0.383594 0.384375 0.383594 0.453125 0.344531 0.453125
3 0.383594 0.384375 0.422656 0.384375 0.422656 0.453125 0.383594 0.453125
3 0.417969 0.384375 0.457031 0.384375 0.457031 0.453125 0.417969 0.453125
3 0.458594 0.389062 0.497656 0.389062 0.497656 0.457813 0.458594 0.457813
3 0.491406 0.390625 0.530469 0.390625 0.530469 0.459375 0.491406 0.459375
3 0.532031 0.387500 0.571094 0.387500 0.571094 0.456250 0.532031 0.456250
3 0.567969 0.382812 0.607031 0.382812 0.607031 0.451562 0.567969 0.451562
3 0.608594 0.384375 0.647656 0.384375 0.647656 0.453125 0.608594 0.453125
3 0.639844 0.390625 0.678906 0.390625 0.678906 0.459375 0.639844 0.459375
3 0.682031 0.387500 0.721094 0.387500 0.721094 0.456250 0.682031 0.456250
3 0.721094 0.384375 0.760156 0.384375 0.760156 0.453125 0.721094 0.453125
3 0.757031 0.390625 0.796094 0.390625 0.796094 0.459375 0.757031 0.459375
3 0.791406 0.382812 0.830469 0.382812 0.830469 0.451562 0.791406 0.451562
3 0.827344 0.385937 0.866406 0.385937 0.866406 0.454688 0.827344 0.454688
3 0.864844 0.385937 0.903906 0.385937 0.903906 0.454688 0.864844 0.454688
3 0.908594 0.382812 0.947656 0.382812 0.947656 0.451562 0.908594 0.451562
3 0.944531 0.387500 0.983594 0.387500 0.983594 0.456250 0.944531 0.456250
3 0.024219 0.414062 0.107031 0.414062 0.107031 0.554688 0.024219 0.554688
3 0.091406 0.414062 0.174219 0.414062 0.174219 0.554688 0.091406 0.554688
3 0.164844 0.415625 0.247656 0.415625 0.247656 0.556250 0.164844 0.556250
3 0.230469 0.415625 0.313281 0.415625 0.313281 0.556250 0.230469 0.556250
3 0.300781 0.415625 0.383594 0.415625 0.383594 0.556250 0.300781 0.556250
3 0.372656 0.407813 0.455469 0.407813 0.455469 0.548438 0.372656 0.548438
3 0.442969 0.414062 0.525781 0.414062 0.525781 0.554688 0.442969 0.554688
3 0.510156 0.414062 0.592969 0.414062 0.592969 0.554688 0.510156 0.554688
3 0.583594 0.414062 0.666406 0.414062 0.666406 0.554688 0.583594 0.554688
3 0.655469 0.415625 0.738281 0.415625 0.738281 0.556250 0.655469 0.556250
3 0.724219 0.407813 0.807031 0.407813 0.807031 0.548438 0.724219 0.548438
3 0.794531 0.412500 0.877344 0.412500 0.877344 0.553125 0.794531 0.553125
3 0.866406 0.415625 0.949219 0.415625 0.949219 0.556250 0.866406 0.556250
3 0.007031 0.517969 0.124219 0.517969 0.124219 0.719531 0.007031 0.719531
3 0.094531 0.517969 0.211719 0.517969 0.211719 0.719531 0.094531 0.719531
3 0.191406 0.511719 0.308594 0.511719 0.308594 0.713281 0.191406 0.713281
3 0.285156 0.514844 0.402344 0.514844 0.402344 0.716406 0.285156 0.716406
3 0.375781 0.513281 0.492969 0.513281 0.492969 0.714844 0.375781 0.714844
3 0.471094 0.519531 0.588281 0.519531 0.588281 0.721094 0.471094 0.721094
3 0.564844 0.517969 0.682031 0.517969 0.682031 0.719531 0.564844 0.719531
3 0.661719 0.513281 0.778906 0.513281 0.778906 0.714844 0.661719 0.714844
3 0.753906 0.519531 0.871094 0.519531 0.871094 0.721094 0.753906 0.721094
3 0.846094 0.513281 0.963281 0.513281 0.963281 0.714844 0.846094 0.714844
3 0.014844 0.705469 0.113281 0.705469 0.113281 0.875781 0.014844 0.875781
3 0.103906 0.707031 0.202344 0.707031 0.202344 0.877344 0.103906 0.877344
3 0.199219 0.699219 0.297656 0.699219 0.297656 0.869531 0.199219 0.869531
3 0.296094 0.705469 0.394531 0.705469 0.394531 0.875781 0.296094 0.875781
3 0.391406 0.703906 0.489844 0.703906 0.489844 0.874219 0.391406 0.874219
3 0.478906 0.702344 0.577344 0.702344 0.577344 0.872656 0.478906 0.872656
3 0.575781 0.700781 0.674219 0.700781 0.674219 0.871094 0.575781 0.871094
3 0.667969 0.702344 0.766406 0.702344 0.766406 0.872656 0.667969 0.872656
3 0.763281 0.707031 0.861719 0.707031 0.861719 0.877344 0.763281 0.877344
3 0.858594 0.702344 0.957031 0.702344 0.957031 0.872656 0.858594 0.872656