3 0.005318 0.045926 0.018522 0.021094 0.061289 0.043834 0.048086 0.068666
3 0.014201 0.026170 0.036603 0.009166 0.065889 0.047748 0.043486 0.064752
3 0.030552 0.011962 0.058021 0.005923 0.068422 0.053230 0.040953 0.059270
3 0.051354 0.005923 0.078823 0.011962 0.068422 0.059270 0.040953 0.053230
3 0.072772 0.009166 0.095174 0.026170 0.065889 0.064752 0.043486 0.047748
3 0.090853 0.021094 0.104057 0.045926 0.061289 0.068666 0.048086 0.043834
3 0.086568 0.045926 0.099772 0.021094 0.142539 0.043834 0.129336 0.068666
3 0.095451 0.026170 0.117853 0.009166 0.147139 0.047748 0.124736 0.064752
3 0.111802 0.011962 0.139271 0.005923 0.149672 0.053230 0.122203 0.059270
3 0.132604 0.005923 0.160073 0.011962 0.149672 0.059270 0.122203 0.053230
3 0.154022 0.009166 0.176424 0.026170 0.147139 0.064752 0.124736 0.047748
3 0.172103 0.021094 0.185307 0.045926 0.142539 0.068666 0.129336 0.043834
3 0.167818 0.045926 0.181022 0.021094 0.223789 0.043834 0.210586 0.068666
3 0.176701 0.026170 0.199103 0.009166 0.228389 0.047748 0.205986 0.064752
3 0.193052 0.011962 0.220521 0.005923 0.230922 0.053230 0.203453 0.059270
3 0.213854 0.005923 0.241323 0.011962 0.230922 0.059270 0.203453 0.053230
3 0.235272 0.009166 0.257674 0.026170 0.228389 0.064752 0.205986 0.047748
3 0.253353 0.021094 0.266557 0.045926 0.223789 0.068666 0.210586 0.043834
3 0.249068 0.045926 0.262272 0.021094 0.305039 0.043834 0.291836 0.068666
3 0.257951 0.026170 0.280353 0.009166 0.309639 0.047748 0.287236 0.064752
3 0.274302 0.011962 0.301771 0.005923 0.312172 0.053230 0.284703 0.059270
3 0.295104 0.005923 0.322573 0.011962 0.312172 0.059270 0.284703 0.053230
3 0.316522 0.009166 0.338924 0.026170 0.309639 0.064752 0.287236 0.047748
3 0.334603 0.021094 0.347807 0.045926 0.305039 0.068666 0.291836 0.043834
3 0.330318 0.045926 0.343522 0.021094 0.386289 0.043834 0.373086 0.068666
3 0.339201 0.026170 0.361603 0.009166 0.390889 0.047748 0.368486 0.064752
3 0.355552 0.011962 0.383021 0.005923 0.393422 0.053230 0.365953 0.059270
3 0.376354 0.005923 0.403823 0.011962 0.393422 0.059270 0.365953 0.053230
3 0.397772 0.009166 0.420174 0.026170 0.390889 0.064752 0.368486 0.047748
3 0.415853 0.021094 0.429057 0.045926 0.386289 0.068666 0.373086 0.043834
3 0.411568 0.045926 0.424772 0.021094 0.467539 0.043834 0.454336 0.068666
3 0.420451 0.026170 0.442853 0.009166 0.472139 0.047748 0.449736 0.064752
3 0.436802 0.011962 0.464271 0.005923 0.474672 0.053230 0.447203 0.059270
3 0.457604 0.005923 0.485073 0.011962 0.474672 0.059270 0.447203 0.053230
3 0.479022 0.009166 0.501424 0.026170 0.472139 0.064752 0.449736 0.047748
3 0.497103 0.021094 0.510307 0.045926 0.467539 0.068666 0.454336 0.043834
3 0.492818 0.045926 0.506022 0.021094 0.548789 0.043834 0.535586 0.068666
3 0.501701 0.026170 0.524103 0.009166 0.553389 0.047748 0.530986 0.064752
3 0.518052 0.011962 0.545521 0.005923 0.555922 0.053230 0.528453 0.059270
3 0.538854 0.005923 0.566323 0.011962 0.555922 0.059270 0.528453 0.053230
3 0.560272 0.009166 0.582674 0.026170 0.553389 0.064752 0.530986 0.047748
3 0.578353 0.021094 0.591557 0.045926 0.548789 0.068666 0.535586 0.043834
3 0.574068 0.045926 0.587272 0.021094 0.630039 0.043834 0.616836 0.068666
3 0.582951 0.026170 0.605353 0.009166 0.634639 0.047748 0.612236 0.064752
3 0.599302 0.011962 0.626771 0.005923 0.637172 0.053230 0.609703 0.059270
3 0.620104 0.005923 0.647573 0.011962 0.637172 0.059270 0.609703 0.053230
3 0.641522 0.009166 0.663924 0.026170 0.634639 0.064752 0.612236 0.047748
3 0.659603 0.021094 0.672807 0.045926 0.630039 0.068666 0.616836 0.043834
3 0.655318 0.045926 0.668522 0.021094 0.711289 0.043834 0.698086 0.068666
3 0.664201 0.026170 0.686603 0.009166 0.715889 0.047748 0.693486 0.064752
3 0.680552 0.011962 0.708021 0.005923 0.718422 0.053230 0.690953 0.059270
3 0.701354 0.005923 0.728823 0.011962 0.718422 0.059270 0.690953 0.053230
3 0.722772 0.009166 0.745174 0.026170 0.715889 0.064752 0.693486 0.047748
3 0.740853 0.021094 0.754057 0.045926 0.711289 0.068666 0.698086 0.043834
3 0.736568 0.045926 0.749772 0.021094 0.792539 0.043834 0.779336 0.068666
3 0.745451 0.026170 0.767853 0.009166 0.797139 0.047748 0.774736 0.064752
3 0.761802 0.011962 0.789271 0.005923 0.799672 0.053230 0.772203 0.059270
3 0.782604 0.005923 0.810073 0.011962 0.799672 0.059270 0.772203 0.053230
3 0.804022 0.009166 0.826424 0.026170 0.797139 0.064752 0.774736 0.047748
3 0.822103 0.021094 0.835307 0.045926 0.792539 0.068666 0.779336 0.043834
3 0.817818 0.045926 0.831022 0.021094 0.873789 0.043834 0.860586 0.068666
3 0.826701 0.026170 0.849103 0.009166 0.878389 0.047748 0.855986 0.064752
3 0.843052 0.011962 0.870521 0.005923 0.880922 0.053230 0.853453 0.059270
3 0.863854 0.005923 0.891323 0.011962 0.880922 0.059270 0.853453 0.053230
3 0.885272 0.009166 0.907674 0.026170 0.878389 0.064752 0.855986 0.047748
3 0.903353 0.021094 0.916557 0.045926 0.873789 0.068666 0.860586 0.043834
3 0.899068 0.045926 0.912272 0.021094 0.955039 0.043834 0.941836 0.068666
3 0.907951 0.026170 0.930353 0.009166 0.959639 0.047748 0.937236 0.064752
3 0.924302 0.011962 0.951771 0.005923 0.962172 0.053230 0.934703 0.059270
3 0.945104 0.005923 0.972573 0.011962 0.962172 0.059270 0.934703 0.053230
3 0.966522 0.009166 0.988924 0.026170 0.959639 0.064752 0.937236 0.047748
3 0.984603 0.021094 0.997807 0.045926 0.955039 0.068666 0.941836 0.043834
3 0.045943 0.124051 0.059147 0.099219 0.101914 0.121959 0.088711 0.146791
3 0.054826 0.104295 0.077228 0.087291 0.106514 0.125873 0.084111 0.142877
3 0.071177 0.090087 0.098646 0.084048 0.109047 0.131355 0.081578 0.137395
3 0.091979 0.084048 0.119448 0.090087 0.109047 0.137395 0.081578 0.131355
3 0.113397 0.087291 0.135799 0.104295 0.106514 0.142877 0.084111 0.125873
3 0.131478 0.099219 0.144682 0.124051 0.101914 0.146791 0.088711 0.121959
3 0.127193 0.124051 0.140397 0.099219 0.183164 0.121959 0.169961 0.146791
3 0.136076 0.104295 0.158478 0.087291 0.187764 0.125873 0.165361 0.142877
3 0.152427 0.090087 0.179896 0.084048 0.190297 0.131355 0.162828 0.137395
3 0.173229 0.084048 0.200698 0.090087 0.190297 0.137395 0.162828 0.131355
3 0.194647 0.087291 0.217049 0.104295 0.187764 0.142877 0.165361 0.125873
3 0.212728 0.099219 0.225932 0.124051 0.183164 0.146791 0.169961 0.121959
3 0.208443 0.124051 0.221647 0.099219 0.264414 0.121959 0.251211 0.146791
3 0.217326 0.104295 0.239728 0.087291 0.269014 0.125873 0.246611 0.142877
3 0.233677 0.090087 0.261146 0.084048 0.271547 0.131355 0.244078 0.137395
3 0.254479 0.084048 0.281948 0.090087 0.271547 0.137395 0.244078 0.131355
3 0.275897 0.087291 0.298299 0.104295 0.269014 0.142877 0.246611 0.125873
3 0.293978 0.099219 0.307182 0.124051 0.264414 0.146791 0.251211 0.121959
3 0.289693 0.124051 0.302897 0.099219 0.345664 0.121959 0.332461 0.146791
3 0.298576 0.104295 0.320978 0.087291 0.350264 0.125873 0.327861 0.142877
3 0.314927 0.090087 0.342396 0.084048 0.352797 0.131355 0.325328 0.137395
3 0.335729 0.084048 0.363198 0.090087 0.352797 0.137395 0.325328 0.131355
3 0.357147 0.087291 0.379549 0.104295 0.350264 0.142877 0.327861 0.125873
3 0.375228 0.099219 0.388432 0.124051 0.345664 0.146791 0.332461 0.121959
3 0.370943 0.124051 0.384147 0.099219 0.426914 0.121959 0.413711 0.146791
3 0.379826 0.104295 0.402228 0.087291 0.431514 0.125873 0.409111 0.142877
3 0.396177 0.090087 0.423646 0.084048 0.434047 0.131355 0.406578 0.137395
3 0.416979 0.084048 0.444448 0.090087 0.434047 0.137395 0.406578 0.131355
3 0.438397 0.087291 0.460799 0.104295 0.431514 0.142877 0.409111 0.125873
3 0.456478 0.099219 0.469682 0.124051 0.426914 0.146791 0.413711 0.121959
3 0.452193 0.124051 0.465397 0.099219 0.508164 0.121959 0.494961 0.146791
3 0.461076 0.104295 0.483478 0.087291 0.512764 0.125873 0.490361 0.142877
3 0.477427 0.090087 0.504896 0.084048 0.515297 0.131355 0.487828 0.137395
3 0.498229 0.084048 0.525698 0.090087 0.515297 0.137395 0.487828 0.131355
3 0.519647 0.087291 0.542049 0.104295 0.512764 0.142877 0.490361 0.125873
3 0.537728 0.099219 0.550932 0.124051 0.508164 0.146791 0.494961 0.121959
3 0.533443 0.124051 0.546647 0.099219 0.589414 0.121959 0.576211 0.146791
3 0.542326 0.104295 0.564728 0.087291 0.594014 0.125873 0.571611 0.142877
3 0.558677 0.090087 0.586146 0.084048 0.596547 0.131355 0.569078 0.137395
3 0.579479 0.084048 0.606948 0.090087 0.596547 0.137395 0.569078 0.131355
3 0.600897 0.087291 0.623299 0.104295 0.594014 0.142877 0.571611 0.125873
3 0.618978 0.099219 0.632182 0.124051 0.589414 0.146791 0.576211 0.121959
3 0.614693 0.124051 0.627897 0.099219 0.670664 0.121959 0.657461 0.146791
3 0.623576 0.104295 0.645978 0.087291 0.675264 0.125873 0.652861 0.142877
3 0.639927 0.090087 0.667396 0.084048 0.677797 0.131355 0.650328 0.137395
3 0.660729 0.084048 0.688198 0.090087 0.677797 0.137395 0.650328 0.131355
3 0.682147 0.087291 0.704549 0.104295 0.675264 0.142877 0.652861 0.125873
3 0.700228 0.099219 0.713432 0.124051 0.670664 0.146791 0.657461 0.121959
3 0.695943 0.124051 0.709147 0.099219 0.751914 0.121959 0.738711 0.146791
3 0.704826 0.104295 0.727228 0.087291 0.756514 0.125873 0.734111 0.142877
3 0.721177 0.090087 0.748646 0.084048 0.759047 0.131355 0.731578 0.137395
3 0.741979 0.084048 0.769448 0.090087 0.759047 0.137395 0.731578 0.131355
3 0.763397 0.087291 0.785799 0.104295 0.756514 0.142877 0.734111 0.125873
3 0.781478 0.099219 0.794682 0.124051 0.751914 0.146791 0.738711 0.121959
3 0.777193 0.124051 0.790397 0.099219 0.833164 0.121959 0.819961 0.146791
3 0.786076 0.104295 0.808478 0.087291 0.837764 0.125873 0.815361 0.142877
3 0.802427 0.090087 0.829896 0.084048 0.840297 0.131355 0.812828 0.137395
3 0.823229 0.084048 0.850698 0.090087 0.840297 0.137395 0.812828 0.131355
3 0.844647 0.087291 0.867049 0.104295 0.837764 0.142877 0.815361 0.125873
3 0.862728 0.099219 0.875932 0.124051 0.833164 0.146791 0.819961 0.121959
3 0.858443 0.124051 0.871647 0.099219 0.914414 0.121959 0.901211 0.146791
3 0.867326 0.104295 0.889728 0.087291 0.919014 0.125873 0.896611 0.142877
3 0.883677 0.090087 0.911146 0.084048 0.921547 0.131355 0.894078 0.137395
3 0.904479 0.084048 0.931948 0.090087 0.921547 0.137395 0.894078 0.131355
3 0.925897 0.087291 0.948299 0.104295 0.919014 0.142877 0.896611 0.125873
3 0.943978 0.099219 0.957182 0.124051 0.914414 0.146791 0.901211 0.121959
3 0.005318 0.202176 0.018522 0.177344 0.061289 0.200084 0.048086 0.224916
3 0.014201 0.182420 0.036603 0.165416 0.065889 0.203998 0.043486 0.221002
3 0.030552 0.168212 0.058021 0.162173 0.068422 0.209480 0.040953 0.215520
3 0.051354 0.162173 0.078823 0.168212 0.068422 0.215520 0.040953 0.209480
3 0.072772 0.165416 0.095174 0.182420 0.065889 0.221002 0.043486 0.203998
3 0.090853 0.177344 0.104057 0.202176 0.061289 0.224916 0.048086 0.200084
3 0.086568 0.202176 0.099772 0.177344 0.142539 0.200084 0.129336 0.224916
3 0.095451 0.182420 0.117853 0.165416 0.147139 0.203998 0.124736 0.221002
3 0.111802 0.168212 0.139271 0.162173 0.149672 0.209480 0.122203 0.215520
3 0.132604 0.162173 0.160073 0.168212 0.149672 0.215520 0.122203 0.209480
3 0.154022 0.165416 0.176424 0.182420 0.147139 0.221002 0.124736 0.203998
3 0.172103 0.177344 0.185307 0.202176 0.142539 0.224916 0.129336 0.200084
3 0.167818 0.202176 0.181022 0.177344 0.223789 0.200084 0.210586 0.224916
3 0.176701 0.182420 0.199103 0.165416 0.228389 0.203998 0.205986 0.221002
3 0.193052 0.168212 0.220521 0.162173 0.230922 0.209480 0.203453 0.215520
3 0.213854 0.162173 0.241323 0.168212 0.230922 0.215520 0.203453 0.209480
3 0.235272 0.165416 0.257674 0.182420 0.228389 0.221002 0.205986 0.203998
3 0.253353 0.177344 0.266557 0.202176 0.223789 0.224916 0.210586 0.200084
3 0.249068 0.202176 0.262272 0.177344 0.305039 0.200084 0.291836 0.224916
3 0.257951 0.182420 0.280353 0.165416 0.309639 0.203998 0.287236 0.221002
3 0.274302 0.168212 0.301771 0.162173 0.312172 0.209480 0.284703 0.215520
3 0.295104 0.162173 0.322573 0.168212 0.312172 0.215520 0.284703 0.209480
3 0.316522 0.165416 0.338924 0.182420 0.309639 0.221002 0.287236 0.203998
3 0.334603 0.177344 0.347807 0.202176 0.305039 0.224916 0.291836 0.200084
3 0.330318 0.202176 0.343522 0.177344 0.386289 0.200084 0.373086 0.224916
3 0.339201 0.182420 0.361603 0.165416 0.390889 0.203998 0.368486 0.221002
3 0.355552 0.168212 0.383021 0.162173 0.393422 0.209480 0.365953 0.215520
3 0.376354 0.162173 0.403823 0.168212 0.393422 0.215520 0.365953 0.209480
3 0.397772 0.165416 0.420174 0.182420 0.390889 0.221002 0.368486 0.203998
3 0.415853 0.177344 0.429057 0.202176 0.386289 0.224916 0.373086 0.200084
3 0.411568 0.202176 0.424772 0.177344 0.467539 0.200084 0.454336 0.224916
3 0.420451 0.182420 0.442853 0.165416 0.472139 0.203998 0.449736 0.221002
3 0.436802 0.168212 0.464271 0.162173 0.474672 0.209480 0.447203 0.215520
3 0.457604 0.162173 0.485073 0.168212 0.474672 0.215520 0.447203 0.209480
3 0.479022 0.165416 0.501424 0.182420 0.472139 0.221002 0.449736 0.203998
3 0.497103 0.177344 0.510307 0.202176 0.467539 0.224916 0.454336 0.200084
3 0.492818 0.202176 0.506022 0.177344 0.548789 0.200084 0.535586 0.224916
3 0.501701 0.182420 0.524103 0.165416 0.553389 0.203998 0.530986 0.221002
3 0.518052 0.168212 0.545521 0.162173 0.555922 0.209480 0.528453 0.215520
3 0.538854 0.162173 0.566323 0.168212 0.555922 0.215520 0.528453 0.209480
3 0.560272 0.165416 0.582674 0.182420 0.553389 0.221002 0.530986 0.203998
3 0.578353 0.177344 0.591557 0.202176 0.548789 0.224916 0.535586 0.200084
3 0.574068 0.202176 0.587272 0.177344 0.630039 0.200084 0.616836 0.224916
3 0.582951 0.182420 0.605353 0.165416 0.634639 0.203998 0.612236 0.221002
3 0.599302 0.168212 0.626771 0.162173 0.637172 0.209480 0.609703 0.215520
3 0.620104 0.162173 0.647573 0.168212 0.637172 0.215520 0.609703 0.209480
3 0.641522 0.165416 0.663924 0.182420 0.634639 0.221002 0.612236 0.203998
3 0.659603 0.177344 0.672807 0.202176 0.630039 0.224916 0.616836 0.200084
3 0.655318 0.202176 0.668522 0.177344 0.711289 0.200084 0.698086 0.224916
3 0.664201 0.182420 0.686603 0.165416 0.715889 0.203998 0.693486 0.221002
3 0.680552 0.168212 0.708021 0.162173 0.718422 0.209480 0.690953 0.215520
3 0.701354 0.162173 0.728823 0.168212 0.718422 0.215520 0.690953 0.209480
3 0.722772 0.165416 0.745174 0.182420 0.715889 0.221002 0.693486 0.203998
3 0.740853 0.177344 0.754057 0.202176 0.711289 0.224916 0.698086 0.200084
3 0.736568 0.202176 0.749772 0.177344 0.792539 0.200084 0.779336 0.224916
3 0.745451 0.182420 0.767853 0.165416 0.797139 0.203998 0.774736 0.221002
3 0.761802 0.168212 0.789271 0.162173 0.799672 0.209480 0.772203 0.215520
3 0.782604 0.162173 0.810073 0.168212 0.799672 0.215520 0.772203 0.209480
3 0.804022 0.165416 0.826424 0.182420 0.797139 0.221002 0.774736 0.203998
3 0.822103 0.177344 0.835307 0.202176 0.792539 0.224916 0.779336 0.200084
3 0.817818 0.202176 0.831022 0.177344 0.873789 0.200084 0.860586 0.224916
3 0.826701 0.182420 0.849103 0.165416 0.878389 0.203998 0.855986 0.221002
3 0.843052 0.168212 0.870521 0.162173 0.880922 0.209480 0.853453 0.215520
3 0.863854 0.162173 0.891323 0.168212 0.880922 0.215520 0.853453 0.209480
3 0.885272 0.165416 0.907674 0.182420 0.878389 0.221002 0.855986 0.203998
3 0.903353 0.177344 0.916557 0.202176 0.873789 0.224916 0.860586 0.200084
3 0.899068 0.202176 0.912272 0.177344 0.955039 0.200084 0.941836 0.224916
3 0.907951 0.182420 0.930353 0.165416 0.959639 0.203998 0.937236 0.221002
3 0.924302 0.168212 0.951771 0.162173 0.962172 0.209480 0.934703 0.215520
3 0.945104 0.162173 0.972573 0.168212 0.962172 0.215520 0.934703 0.209480
3 0.966522 0.165416 0.988924 0.182420 0.959639 0.221002 0.937236 0.203998
3 0.984603 0.177344 0.997807 0.202176 0.955039 0.224916 0.941836 0.200084
3 0.045943 0.280301 0.059147 0.255469 0.101914 0.278209 0.088711 0.303041
3 0.054826 0.260545 0.077228 0.243541 0.106514 0.282123 0.084111 0.299127
3 0.071177 0.246337 0.098646 0.240298 0.109047 0.287605 0.081578 0.293645
3 0.091979 0.240298 0.119448 0.246337 0.109047 0.293645 0.081578 0.287605
3 0.113397 0.243541 0.135799 0.260545 0.106514 0.299127 0.084111 0.282123
3 0.131478 0.255469 0.144682 0.280301 0.101914 0.303041 0.088711 0.278209
3 0.127193 0.280301 0.140397 0.255469 0.183164 0.278209 0.169961 0.303041
3 0.136076 0.260545 0.158478 0.243541 0.187764 0.282123 0.165361 0.299127
3 0.152427 0.246337 0.179896 0.240298 0.190297 0.287605 0.162828 0.293645
3 0.173229 0.240298 0.200698 0.246337 0.190297 0.293645 0.162828 0.287605
3 0.194647 0.243541 0.217049 0.260545 0.187764 0.299127 0.165361 0.282123
3 0.212728 0.255469 0.225932 0.280301 0.183164 0.303041 0.169961 0.278209
3 0.208443 0.280301 0.221647 0.255469 0.264414 0.278209 0.251211 0.303041
3 0.217326 0.260545 0.239728 0.243541 0.269014 0.282123 0.246611 0.299127
3 0.233677 0.246337 0.261146 0.240298 0.271547 0.287605 0.244078 0.293645
3 0.254479 0.240298 0.281948 0.246337 0.271547 0.293645 0.244078 0.287605
3 0.275897 0.243541 0.298299 0.260545 0.269014 0.299127 0.246611 0.282123
3 0.293978 0.255469 0.307182 0.280301 0.264414 0.303041 0.251211 0.278209
3 0.289693 0.280301 0.302897 0.255469 0.345664 0.278209 0.332461 0.303041
3 0.298576 0.260545 0.320978 0.243541 0.350264 0.282123 0.327861 0.299127
3 0.314927 0.246337 0.342396 0.240298 0.352797 0.287605 0.325328 0.293645
3 0.335729 0.240298 0.363198 0.246337 0.352797 0.293645 0.325328 0.287605
3 0.357147 0.243541 0.379549 0.260545 0.350264 0.299127 0.327861 0.282123
3 0.375228 0.255469 0.388432 0.280301 0.345664 0.303041 0.332461 0.278209
3 0.370943 0.280301 0.384147 0.255469 0.426914 0.278209 0.413711 0.303041
3 0.379826 0.260545 0.402228 0.243541 0.431514 0.282123 0.409111 0.299127
3 0.396177 0.246337 0.423646 0.240298 0.434047 0.287605 0.406578 0.293645
3 0.416979 0.240298 0.444448 0.246337 0.434047 0.293645 0.406578 0.287605
3 0.438397 0.243541 0.460799 0.260545 0.431514 0.299127 0.409111 0.282123
3 0.456478 0.255469 0.469682 0.280301 0.426914 0.303041 0.413711 0.278209
3 0.452193 0.280301 0.465397 0.255469 0.508164 0.278209 0.494961 0.303041
3 0.461076 0.260545 0.483478 0.243541 0.512764 0.282123 0.490361 0.299127
3 0.477427 0.246337 0.504896 0.240298 0.515297 0.287605 0.487828 0.293645
3 0.498229 0.240298 0.525698 0.246337 0.515297 0.293645 0.487828 0.287605
3 0.519647 0.243541 0.542049 0.260545 0.512764 0.299127 0.490361 0.282123
3 0.537728 0.255469 0.550932 0.280301 0.508164 0.303041 0.494961 0.278209
3 0.533443 0.280301 0.546647 0.255469 0.589414 0.278209 0.576211 0.303041
3 0.542326 0.260545 0.564728 0.243541 0.594014 0.282123 0.571611 0.299127
3 0.558677 0.246337 0.586146 0.240298 0.596547 0.287605 0.569078 0.293645
3 0.579479 0.240298 0.606948 0.246337 0.596547 0.293645 0.569078 0.287605
3 0.600897 0.243541 0.623299 0.260545 0.594014 0.299127 0.571611 0.282123
3 0.618978 0.255469 0.632182 0.280301 0.589414 0.303041 0.576211 0.278209
3 0.614693 0.280301 0.627897 0.255469 0.670664 0.278209 0.657461 0.303041
3 0.623576 0.260545 0.645978 0.243541 0.675264 0.282123 0.652861 0.299127
3 0.639927 0.246337 0.667396 0.240298 0.677797 0.287605 0.650328 0.293645
3 0.660729 0.240298 0.688198 0.246337 0.677797 0.293645 0.650328 0.287605
3 0.682147 0.243541 0.704549 0.260545 0.675264 0.299127 0.652861 0.282123
3 0.700228 0.255469 0.713432 0.280301 0.670664 0.303041 0.657461 0.278209
3 0.695943 0.280301 0.709147 0.255469 0.751914 0.278209 0.738711 0.303041
3 0.704826 0.260545 0.727228 0.243541 0.756514 0.282123 0.734111 0.299127
3 0.721177 0.246337 0.748646 0.240298 0.759047 0.287605 0.731578 0.293645
3 0.741979 0.240298 0.769448 0.246337 0.759047 0.293645 0.731578 0.287605
3 0.763397 0.243541 0.785799 0.260545 0.756514 0.299127 0.734111 0.282123
3 0.781478 0.255469 0.794682 0.280301 0.751914 0.303041 0.738711 0.278209
3 0.777193 0.280301 0.790397 0.255469 0.833164 0.278209 0.819961 0.303041
3 0.786076 0.260545 0.808478 0.243541 0.837764 0.282123 0.815361 0.299127
3 0.802427 0.246337 0.829896 0.240298 0.840297 0.287605 0.812828 0.293645
3 0.823229 0.240298 0.850698 0.246337 0.840297 0.293645 0.812828 0.287605
3 0.844647 0.243541 0.867049 0.260545 0.837764 0.299127 0.815361 0.282123
3 0.862728 0.255469 0.875932 0.280301 0.833164 0.303041 0.819961 0.278209
3 0.858443 0.280301 0.871647 0.255469 0.914414 0.278209 0.901211 0.303041
3 0.867326 0.260545 0.889728 0.243541 0.919014 0.282123 0.896611 0.299127
3 0.883677 0.246337 0.911146 0.240298 0.921547 0.287605 0.894078 0.293645
3 0.904479 0.240298 0.931948 0.246337 0.921547 0.293645 0.894078 0.287605
3 0.925897 0.243541 0.948299 0.260545 0.919014 0.299127 0.896611 0.282123
3 0.943978 0.255469 0.957182 0.280301 0.914414 0.303041 0.901211 0.278209
3 0.005318 0.358426 0.018522 0.333594 0.061289 0.356334 0.048086 0.381166
3 0.014201 0.338670 0.036603 0.321666 0.065889 0.360248 0.043486 0.377252
3 0.030552 0.324462 0.058021 0.318423 0.068422 0.365730 0.040953 0.371770
3 0.051354 0.318423 0.078823 0.324462 0.068422 0.371770 0.040953 0.365730
3 0.072772 0.321666 0.095174 0.338670 0.065889 0.377252 0.043486 0.360248
3 0.090853 0.333594 0.104057 0.358426 0.061289 0.381166 0.048086 0.356334
3 0.086568 0.358426 0.099772 0.333594 0.142539 0.356334 0.129336 0.381166
3 0.095451 0.338670 0.117853 0.321666 0.147139 0.360248 0.124736 0.377252
3 0.111802 0.324462 0.139271 0.318423 0.149672 0.365730 0.122203 0.371770
3 0.132604 0.318423 0.160073 0.324462 0.149672 0.371770 0.122203 0.365730
3 0.154022 0.321666 0.176424 0.338670 0.147139 0.377252 0.124736 0.360248
3 0.172103 0.333594 0.185307 0.358426 0.142539 0.381166 0.129336 0.356334
3 0.167818 0.358426 0.181022 0.333594 0.223789 0.356334 0.210586 0.381166
3 0.176701 0.338670 0.199103 0.321666 0.228389 0.360248 0.205986 0.377252
3 0.193052 0.324462 0.220521 0.318423 0.230922 0.365730 0.203453 0.371770
3 0.213854 0.318423 0.241323 0.324462 0.230922 0.371770 0.203453 0.365730
3 0.235272 0.321666 0.257674 0.338670 0.228389 0.377252 0.205986 0.360248
3 0.253353 0.333594 0.266557 0.358426 0.223789 0.381166 0.210586 0.356334
3 0.249068 0.358426 0.262272 0.333594 0.305039 0.356334 0.291836 0.381166
3 0.257951 0.338670 0.280353 0.321666 0.309639 0.360248 0.287236 0.377252
3 0.274302 0.324462 0.301771 0.318423 0.312172 0.365730 0.284703 0.371770
3 0.295104 0.318423 0.322573 0.324462 0.312172 0.371770 0.284703 0.365730
3 0.316522 0.321666 0.338924 0.338670 0.309639 0.377252 0.287236 0.360248
3 0.334603 0.333594 0.347807 0.358426 0.305039 0.381166 0.291836 0.356334
3 0.330318 0.358426 0.343522 0.333594 0.386289 0.356334 0.373086 0.381166
3 0.339201 0.338670 0.361603 0.321666 0.390889 0.360248 0.368486 0.377252
3 0.355552 0.324462 0.383021 0.318423 0.393422 0.365730 0.365953 0.371770
3 0.376354 0.318423 0.403823 0.324462 0.393422 0.371770 0.365953 0.365730
3 0.397772 0.321666 0.420174 0.338670 0.390889 0.377252 0.368486 0.360248
3 0.415853 0.333594 0.429057 0.358426 0.386289 0.381166 0.373086 0.356334
3 0.411568 0.358426 0.424772 0.333594 0.467539 0.356334 0.454336 0.381166
3 0.420451 0.338670 0.442853 0.321666 0.472139 0.360248 0.449736 0.377252
3 0.436802 0.324462 0.464271 0.318423 0.474672 0.365730 0.447203 0.371770
3 0.457604 0.318423 0.485073 0.324462 0.474672 0.371770 0.447203 0.365730
3 0.479022 0.321666 0.501424 0.338670 0.472139 0.377252 0.449736 0.360248
3 0.497103 0.333594 0.510307 0.358426 0.467539 0.381166 0.454336 0.356334
3 0.492818 0.358426 0.506022 0.333594 0.548789 0.356334 0.535586 0.381166
3 0.501701 0.338670 0.524103 0.321666 0.553389 0.360248 0.530986 0.377252
3 0.518052 0.324462 0.545521 0.318423 0.555922 0.365730 0.528453 0.371770
3 0.538854 0.318423 0.566323 0.324462 0.555922 0.371770 0.528453 0.365730
3 0.560272 0.321666 0.582674 0.338670 0.553389 0.377252 0.530986 0.360248
3 0.578353 0.333594 0.591557 0.358426 0.548789 0.381166 0.535586 0.356334
3 0.574068 0.358426 0.587272 0.333594 0.630039 0.356334 0.616836 0.381166
3 0.582951 0.338670 0.605353 0.321666 0.634639 0.360248 0.612236 0.377252
3 0.599302 0.324462 0.626771 0.318423 0.637172 0.365730 0.609703 0.371770
3 0.620104 0.318423 0.647573 0.324462 0.637172 0.371770 0.609703 0.365730
3 0.641522 0.321666 0.663924 0.338670 0.634639 0.377252 0.612236 0.360248
3 0.659603 0.333594 0.672807 0.358426 0.630039 0.381166 0.616836 0.356334
3 0.655318 0.358426 0.668522 0.333594 0.711289 0.356334 0.698086 0.381166
3 0.664201 0.338670 0.686603 0.321666 0.715889 0.360248 0.693486 0.377252
3 0.680552 0.324462 0.708021 0.318423 0.718422 0.365730 0.690953 0.371770
3 0.701354 0.318423 0.728823 0.324462 0.718422 0.371770 0.690953 0.365730
3 0.722772 0.321666 0.745174 0.338670 0.715889 0.377252 0.693486 0.360248
3 0.740853 0.333594 0.754057 0.358426 0.711289 0.381166 0.698086 0.356334
3 0.736568 0.358426 0.749772 0.333594 0.792539 0.356334 0.779336 0.381166
3 0.745451 0.338670 0.767853 0.321666 0.797139 0.360248 0.774736 0.377252
3 0.761802 0.324462 0.789271 0.318423 0.799672 0.365730 0.772203 0.371770
3 0.782604 0.318423 0.810073 0.324462 0.799672 0.371770 0.772203 0.365730
3 0.804022 0.321666 0.826424 0.338670 0.797139 0.377252 0.774736 0.360248
3 0.822103 0.333594 0.835307 0.358426 0.792539 0.381166 0.779336 0.356334
3 0.817818 0.358426 0.831022 0.333594 0.873789 0.356334 0.860586 0.381166
3 0.826701 0.338670 0.849103 0.321666 0.878389 0.360248 0.855986 0.377252
3 0.843052 0.324462 0.870521 0.318423 0.880922 0.365730 0.853453 0.371770
3 0.863854 0.318423 0.891323 0.324462 0.880922 0.371770 0.853453 0.365730
3 0.885272 0.321666 0.907674 0.338670 0.878389 0.377252 0.855986 0.360248
3 0.903353 0.333594 0.916557 0.358426 0.873789 0.381166 0.860586 0.356334
3 0.899068 0.358426 0.912272 0.333594 0.955039 0.356334 0.941836 0.381166
3 0.907951 0.338670 0.930353 0.321666 0.959639 0.360248 0.937236 0.377252
3 0.924302 0.324462 0.951771 0.318423 0.962172 0.365730 0.934703 0.371770
3 0.945104 0.318423 0.972573 0.324462 0.962172 0.371770 0.934703 0.365730
3 0.966522 0.321666 0.988924 0.338670 0.959639 0.377252 0.937236 0.360248
3 0.984603 0.333594 0.997807 0.358426 0.955039 0.381166 0.941836 0.356334
3 0.045943 0.436551 0.059147 0.411719 0.101914 0.434459 0.088711 0.459291
3 0.054826 0.416795 0.077228 0.399791 0.106514 0.438373 0.084111 0.455377
3 0.071177 0.402587 0.098646 0.396548 0.109047 0.443855 0.081578 0.449895
3 0.091979 0.396548 0.119448 0.402587 0.109047 0.449895 0.081578 0.443855
3 0.113397 0.399791 0.135799 0.416795 0.106514 0.455377 0.084111 0.438373
3 0.131478 0.411719 0.144682 0.436551 0.101914 0.459291 0.088711 0.434459
3 0.127193 0.436551 0.140397 0.411719 0.183164 0.434459 0.169961 0.459291
3 0.136076 0.416795 0.158478 0.399791 0.187764 0.438373 0.165361 0.455377
3 0.152427 0.402587 0.179896 0.396548 0.190297 0.443855 0.162828 0.449895
3 0.173229 0.396548 0.200698 0.402587 0.190297 0.449895 0.162828 0.443855
3 0.194647 0.399791 0.217049 0.416795 0.187764 0.455377 0.165361 0.438373
3 0.212728 0.411719 0.225932 0.436551 0.183164 0.459291 0.169961 0.434459
3 0.208443 0.436551 0.221647 0.411719 0.264414 0.434459 0.251211 0.459291
3 0.217326 0.416795 0.239728 0.399791 0.269014 0.438373 0.246611 0.455377
3 0.233677 0.402587 0.261146 0.396548 0.271547 0.443855 0.244078 0.449895
3 0.254479 0.396548 0.281948 0.402587 0.271547 0.449895 0.244078 0.443855
3 0.275897 0.399791 0.298299 0.416795 0.269014 0.455377 0.246611 0.438373
3 0.293978 0.411719 0.307182 0.436551 0.264414 0.459291 0.251211 0.434459
3 0.289693 0.436551 0.302897 0.411719 0.345664 0.434459 0.332461 0.459291
3 0.298576 0.416795 0.320978 0.399791 0.350264 0.438373 0.327861 0.455377
3 0.314927 0.402587 0.342396 0.396548 0.352797 0.443855 0.325328 0.449895
3 0.335729 0.396548 0.363198 0.402587 0.352797 0.449895 0.325328 0.443855
3 0.357147 0.399791 0.379549 0.416795 0.350264 0.455377 0.327861 0.438373
3 0.375228 0.411719 0.388432 0.436551 0.345664 0.459291 0.332461 0.434459
3 0.370943 0.436551 0.384147 0.411719 0.426914 0.434459 0.413711 0.459291
3 0.379826 0.416795 0.402228 0.399791 0.431514 0.438373 0.409111 0.455377
3 0.396177 0.402587 0.423646 0.396548 0.434047 0.443855 0.406578 0.449895
3 0.416979 0.396548 0.444448 0.402587 0.434047 0.449895 0.406578 0.443855
3 0.438397 0.399791 0.460799 0.416795 0.431514 0.455377 0.409111 0.438373
3 0.456478 0.411719 0.469682 0.436551 0.426914 0.459291 0.413711 0.434459
3 0.452193 0.436551 0.465397 0.411719 0.508164 0.434459 0.494961 0.459291
3 0.461076 0.416795 0.483478 0.399791 0.512764 0.438373 0.490361 0.455377
3 0.477427 0.402587 0.504896 0.396548 0.515297 0.443855 0.487828 0.449895
3 0.498229 0.396548 0.525698 0.402587 0.515297 0.449895 0.487828 0.443855
3 0.519647 0.399791 0.542049 0.416795 0.512764 0.455377 0.490361 0.438373
3 0.537728 0.411719 0.550932 0.436551 0.508164 0.459291 0.494961 0.434459
3 0.533443 0.436551 0.546647 0.411719 0.589414 0.434459 0.576211 0.459291
3 0.542326 0.416795 0.564728 0.399791 0.594014 0.438373 0.571611 0.455377
3 0.558677 0.402587 0.586146 0.396548 0.596547 0.443855 0.569078 0.449895
3 0.579479 0.396548 0.606948 0.402587 0.596547 0.449895 0.569078 0.443855
3 0.600897 0.399791 0.623299 0.416795 0.594014 0.455377 0.571611 0.438373
3 0.618978 0.411719 0.632182 0.436551 0.589414 0.459291 0.576211 0.434459
3 0.614693 0.436551 0.627897 0.411719 0.670664 0.434459 0.657461 0.459291
3 0.623576 0.416795 0.645978 0.399791 0.675264 0.438373 0.652861 0.455377
3 0.639927 0.402587 0.667396 0.396548 0.677797 0.443855 0.650328 0.449895
3 0.660729 0.396548 0.688198 0.402587 0.677797 0.449895 0.650328 0.443855
3 0.682147 0.399791 0.704549 0.416795 0.675264 0.455377 0.652861 0.438373
3 0.700228 0.411719 0.713432 0.436551 0.670664 0.459291 0.657461 0.434459
3 0.695943 0.436551 0.709147 0.411719 0.751914 0.434459 0.738711 0.459291
3 0.704826 0.416795 0.727228 0.399791 0.756514 0.438373 0.734111 0.455377
3 0.721177 0.402587 0.748646 0.396548 0.759047 0.443855 0.731578 0.449895
3 0.741979 0.396548 0.769448 0.402587 0.759047 0.449895 0.731578 0.443855
3 0.763397 0.399791 0.785799 0.416795 0.756514 0.455377 0.734111 0.438373
3 0.781478 0.411719 0.794682 0.436551 0.751914 0.459291 0.738711 0.434459
3 0.777193 0.436551 0.790397 0.411719 0.833164 0.434459 0.819961 0.459291
3 0.786076 0.416795 0.808478 0.399791 0.837764 0.438373 0.815361 0.455377
3 0.802427 0.402587 0.829896 0.396548 0.840297 0.443855 0.812828 0.449895
3 0.823229 0.396548 0.850698 0.402587 0.840297 0.449895 0.812828 0.443855
3 0.844647 0.399791 0.867049 0.416795 0.837764 0.455377 0.815361 0.438373
3 0.862728 0.411719 0.875932 0.436551 0.833164 0.459291 0.819961 0.434459
3 0.858443 0.436551 0.871647 0.411719 0.914414 0.434459 0.901211 0.459291
3 0.867326 0.416795 0.889728 0.399791 0.919014 0.438373 0.896611 0.455377
3 0.883677 0.402587 0.911146 0.396548 0.921547 0.443855 0.894078 0.449895
3 0.904479 0.396548 0.931948 0.402587 0.921547 0.449895 0.894078 0.443855
3 0.925897 0.399791 0.948299 0.416795 0.919014 0.455377 0.896611 0.438373
3 0.943978 0.411719 0.957182 0.436551 0.914414 0.459291 0.901211 0.434459
3 0.005318 0.514676 0.018522 0.489844 0.061289 0.512584 0.048086 0.537416
3 0.014201 0.494920 0.036603 0.477916 0.065889 0.516498 0.043486 0.533502
3 0.030552 0.480712 0.058021 0.474673 0.068422 0.521980 0.040953 0.528020
3 0.051354 0.474673 0.078823 0.480712 0.068422 0.528020 0.040953 0.521980
3 0.072772 0.477916 0.095174 0.494920 0.065889 0.533502 0.043486 0.516498
3 0.090853 0.489844 0.104057 0.514676 0.061289 0.537416 0.048086 0.512584
3 0.086568 0.514676 0.099772 0.489844 0.142539 0.512584 0.129336 0.537416
3 0.095451 0.494920 0.117853 0.477916 0.147139 0.516498 0.124736 0.533502
3 0.111802 0.480712 0.139271 0.474673 0.149672 0.521980 0.122203 0.528020
3 0.132604 0.474673 0.160073 0.480712 0.149672 0.528020 0.122203 0.521980
3 0.154022 0.477916 0.176424 0.494920 0.147139 0.533502 0.124736 0.516498
3 0.172103 0.489844 0.185307 0.514676 0.142539 0.537416 0.129336 0.512584
3 0.167818 0.514676 0.181022 0.489844 0.223789 0.512584 0.210586 0.537416
3 0.176701 0.494920 0.199103 0.477916 0.228389 0.516498 0.205986 0.533502
3 0.193052 0.480712 0.220521 0.474673 0.230922 0.521980 0.203453 0.528020
3 0.213854 0.474673 0.241323 0.480712 0.230922 0.528020 0.203453 0.521980
3 0.235272 0.477916 0.257674 0.494920 0.228389 0.533502 0.205986 0.516498
3 0.253353 0.489844 0.266557 0.514676 0.223789 0.537416 0.210586 0.512584
3 0.249068 0.514676 0.262272 0.489844 0.305039 0.512584 0.291836 0.537416
3 0.257951 0.494920 0.280353 0.477916 0.309639 0.516498 0.287236 0.533502
3 0.274302 0.480712 0.301771 0.474673 0.312172 0.521980 0.284703 0.528020
3 0.295104 0.474673 0.322573 0.480712 0.312172 0.528020 0.284703 0.521980
3 0.316522 0.477916 0.338924 0.494920 0.309639 0.533502 0.287236 0.516498
3 0.334603 0.489844 0.347807 0.514676 0.305039 0.537416 0.291836 0.512584
3 0.330318 0.514676 0.343522 0.489844 0.386289 0.512584 0.373086 0.537416
3 0.339201 0.494920 0.361603 0.477916 0.390889 0.516498 0.368486 0.533502
3 0.355552 0.480712 0.383021 0.474673 0.393422 0.521980 0.365953 0.528020
3 0.376354 0.474673 0.403823 0.480712 0.393422 0.528020 0.365953 0.521980
3 0.397772 0.477916 0.420174 0.494920 0.390889 0.533502 0.368486 0.516498
3 0.415853 0.489844 0.429057 0.514676 0.386289 0.537416 0.373086 0.512584
3 0.411568 0.514676 0.424772 0.489844 0.467539 0.512584 0.454336 0.537416
3 0.420451 0.494920 0.442853 0.477916 0.472139 0.516498 0.449736 0.533502
3 0.436802 0.480712 0.464271 0.474673 0.474672 0.521980 0.447203 0.528020
3 0.457604 0.474673 0.485073 0.480712 0.474672 0.528020 0.447203 0.521980
3 0.479022 0.477916 0.501424 0.494920 0.472139 0.533502 0.449736 0.516498
3 0.497103 0.489844 0.510307 0.514676 0.467539 0.537416 0.454336 0.512584
3 0.492818 0.514676 0.506022 0.489844 0.548789 0.512584 0.535586 0.537416
3 0.501701 0.494920 0.524103 0.477916 0.553389 0.516498 0.530986 0.533502
3 0.518052 0.480712 0.545521 0.474673 0.555922 0.521980 0.528453 0.528020
3 0.538854 0.474673 0.566323 0.480712 0.555922 0.528020 0.528453 0.521980
3 0.560272 0.477916 0.582674 0.494920 0.553389 0.533502 0.530986 0.516498
3 0.578353 0.489844 0.591557 0.514676 0.548789 0.537416 0.535586 0.512584
3 0.574068 0.514676 0.587272 0.489844 0.630039 0.512584 0.616836 0.537416
3 0.582951 0.494920 0.605353 0.477916 0.634639 0.516498 0.612236 0.533502
3 0.599302 0.480712 0.626771 0.474673 0.637172 0.521980 0.609703 0.528020
3 0.620104 0.474673 0.647573 0.480712 0.637172 0.528020 0.609703 0.521980
3 0.641522 0.477916 0.663924 0.494920 0.634639 0.533502 0.612236 0.516498
3 0.659603 0.489844 0.672807 0.514676 0.630039 0.537416 0.616836 0.512584
3 0.655318 0.514676 0.668522 0.489844 0.711289 0.512584 0.698086 0.537416
3 0.664201 0.494920 0.686603 0.477916 0.715889 0.516498 0.693486 0.533502
3 0.680552 0.480712 0.708021 0.474673 0.718422 0.521980 0.690953 0.528020
3 0.701354 0.474673 0.728823 0.480712 0.718422 0.528020 0.690953 0.521980
3 0.722772 0.477916 0.745174 0.494920 0.715889 0.533502 0.693486 0.516498
3 0.740853 0.489844 0.754057 0.514676 0.711289 0.537416 0.698086 0.512584
3 0.736568 0.514676 0.749772 0.489844 0.792539 0.512584 0.779336 0.537416
3 0.745451 0.494920 0.767853 0.477916 0.797139 0.516498 0.774736 0.533502
3 0.761802 0.480712 0.789271 0.474673 0.799672 0.521980 0.772203 0.528020
3 0.782604 0.474673 0.810073 0.480712 0.799672 0.528020 0.772203 0.521980
3 0.804022 0.477916 0.826424 0.494920 0.797139 0.533502 0.774736 0.516498
3 0.822103 0.489844 0.835307 0.514676 0.792539 0.537416 0.779336 0.512584
3 0.817818 0.514676 0.831022 0.489844 0.873789 0.512584 0.860586 0.537416
3 0.826701 0.494920 0.849103 0.477916 0.878389 0.516498 0.855986 0.533502
3 0.843052 0.480712 0.870521 0.474673 0.880922 0.521980 0.853453 0.528020
3 0.863854 0.474673 0.891323 0.480712 0.880922 0.528020 0.853453 0.521980
3 0.885272 0.477916 0.907674 0.494920 0.878389 0.533502 0.855986 0.516498
3 0.903353 0.489844 0.916557 0.514676 0.873789 0.537416 0.860586 0.512584
3 0.899068 0.514676 0.912272 0.489844 0.955039 0.512584 0.941836 0.537416
3 0.907951 0.494920 0.930353 0.477916 0.959639 0.516498 0.937236 0.533502
3 0.924302 0.480712 0.951771 0.474673 0.962172 0.521980 0.934703 0.528020
3 0.945104 0.474673 0.972573 0.480712 0.962172 0.528020 0.934703 0.521980
3 0.966522 0.477916 0.988924 0.494920 0.959639 0.533502 0.937236 0.516498
3 0.984603 0.489844 0.997807 0.514676 0.955039 0.537416 0.941836 0.512584
3 0.045943 0.592801 0.059147 0.567969 0.101914 0.590709 0.088711 0.615541
3 0.054826 0.573045 0.077228 0.556041 0.106514 0.594623 0.084111 0.611627
3 0.071177 0.558837 0.098646 0.552798 0.109047 0.600105 0.081578 0.606145
3 0.091979 0.552798 0.119448 0.558837 0.109047 0.606145 0.081578 0.600105
3 0.113397 0.556041 0.135799 0.573045 0.106514 0.611627 0.084111 0.594623
3 0.131478 0.567969 0.144682 0.592801 0.101914 0.615541 0.088711 0.590709
3 0.127193 0.592801 0.140397 0.567969 0.183164 0.590709 0.169961 0.615541
3 0.136076 0.573045 0.158478 0.556041 0.187764 0.594623 0.165361 0.611627
3 0.152427 0.558837 0.179896 0.552798 0.190297 0.600105 0.162828 0.606145
3 0.173229 0.552798 0.200698 0.558837 0.190297 0.606145 0.162828 0.600105
3 0.194647 0.556041 0.217049 0.573045 0.187764 0.611627 0.165361 0.594623
3 0.212728 0.567969 0.225932 0.592801 0.183164 0.615541 0.169961 0.590709
3 0.208443 0.592801 0.221647 0.567969 0.264414 0.590709 0.251211 0.615541
3 0.217326 0.573045 0.239728 0.556041 0.269014 0.594623 0.246611 0.611627
3 0.233677 0.558837 0.261146 0.552798 0.271547 0.600105 0.244078 0.606145
3 0.254479 0.552798 0.281948 0.558837 0.271547 0.606145 0.244078 0.600105
3 0.275897 0.556041 0.298299 0.573045 0.269014 0.611627 0.246611 0.594623
3 0.293978 0.567969 0.307182 0.592801 0.264414 0.615541 0.251211 0.590709
3 0.289693 0.592801 0.302897 0.567969 0.345664 0.590709 0.332461 0.615541
3 0.298576 0.573045 0.320978 0.556041 0.350264 0.594623 0.327861 0.611627
3 0.314927 0.558837 0.342396 0.552798 0.352797 0.600105 0.325328 0.606145
3 0.335729 0.552798 0.363198 0.558837 0.352797 0.606145 0.325328 0.600105
3 0.357147 0.556041 0.379549 0.573045 0.350264 0.611627 0.327861 0.594623
3 0.375228 0.567969 0.388432 0.592801 0.345664 0.615541 0.332461 0.590709
3 0.370943 0.592801 0.384147 0.567969 0.426914 0.590709 0.413711 0.615541
3 0.379826 0.573045 0.402228 0.556041 0.431514 0.594623 0.409111 0.611627
3 0.396177 0.558837 0.423646 0.552798 0.434047 0.600105 0.406578 0.606145
3 0.416979 0.552798 0.444448 0.558837 0.434047 0.606145 0.406578 0.600105
3 0.438397 0.556041 0.460799 0.573045 0.431514 0.611627 0.409111 0.594623
3 0.456478 0.567969 0.469682 0.592801 0.426914 0.615541 0.413711 0.590709
3 0.452193 0.592801 0.465397 0.567969 0.508164 0.590709 0.494961 0.615541
3 0.461076 0.573045 0.483478 0.556041 0.512764 0.594623 0.490361 0.611627
3 0.477427 0.558837 0.504896 0.552798 0.515297 0.600105 0.487828 0.606145
3 0.498229 0.552798 0.525698 0.558837 0.515297 0.606145 0.487828 0.600105
3 0.519647 0.556041 0.542049 0.573045 0.512764 0.611627 0.490361 0.594623
3 0.537728 0.567969 0.550932 0.592801 0.508164 0.615541 0.494961 0.590709
3 0.533443 0.592801 0.546647 0.567969 0.589414 0.590709 0.576211 0.615541
3 0.542326 0.573045 0.564728 0.556041 0.594014 0.594623 0.571611 0.611627
3 0.558677 0.558837 0.586146 0.552798 0.596547 0.600105 0.569078 0.606145
3 0.579479 0.552798 0.606948 0.558837 0.596547 0.606145 0.569078 0.600105
3 0.600897 0.556041 0.623299 0.573045 0.594014 0.611627 0.571611 0.594623
3 0.618978 0.567969 0.632182 0.592801 0.589414 0.615541 0.576211 0.590709
3 0.614693 0.592801 0.627897 0.567969 0.670664 0.590709 0.657461 0.615541
3 0.623576 0.573045 0.645978 0.556041 0.675264 0.594623 0.652861 0.611627
3 0.639927 0.558837 0.667396 0.552798 0.677797 0.600105 0.650328 0.606145
3 0.660729 0.552798 0.688198 0.558837 0.677797 0.606145 0.650328 0.600105
3 0.682147 0.556041 0.704549 0.573045 0.675264 0.611627 0.652861 0.594623
3 0.700228 0.567969 0.713432 0.592801 0.670664 0.615541 0.657461 0.590709
3 0.695943 0.592801 0.709147 0.567969 0.751914 0.590709 0.738711 0.615541
3 0.704826 0.573045 0.727228 0.556041 0.756514 0.594623 0.734111 0.611627
3 0.721177 0.558837 0.748646 0.552798 0.759047 0.600105 0.731578 0.606145
3 0.741979 0.552798 0.769448 0.558837 0.759047 0.606145 0.731578 0.600105
3 0.763397 0.556041 0.785799 0.573045 0.756514 0.611627 0.734111 0.594623
3 0.781478 0.567969 0.794682 0.592801 0.751914 0.615541 0.738711 0.590709
3 0.777193 0.592801 0.790397 0.567969 0.833164 0.590709 0.819961 0.615541
3 0.786076 0.573045 0.808478 0.556041 0.837764 0.594623 0.815361 0.611627
3 0.802427 0.558837 0.829896 0.552798 0.840297 0.600105 0.812828 0.606145
3 0.823229 0.552798 0.850698 0.558837 0.840297 0.606145 0.812828 0.600105
3 0.844647 0.556041 0.867049 0.573045 0.837764 0.611627 0.815361 0.594623
3 0.862728 0.567969 0.875932 0.592801 0.833164 0.615541 0.819961 0.590709
3 0.858443 0.592801 0.871647 0.567969 0.914414 0.590709 0.901211 0.615541
3 0.867326 0.573045 0.889728 0.556041 0.919014 0.594623 0.896611 0.611627
3 0.883677 0.558837 0.911146 0.552798 0.921547 0.600105 0.894078 0.606145
3 0.904479 0.552798 0.931948 0.558837 0.921547 0.606145 0.894078 0.600105
3 0.925897 0.556041 0.948299 0.573045 0.919014 0.611627 0.896611 0.594623
3 0.943978 0.567969 0.957182 0.592801 0.914414 0.615541 0.901211 0.590709
3 0.005318 0.670926 0.018522 0.646094 0.061289 0.668834 0.048086 0.693666
3 0.014201 0.651170 0.036603 0.634166 0.065889 0.672748 0.043486 0.689752
3 0.030552 0.636962 0.058021 0.630923 0.068422 0.678230 0.040953 0.684270
3 0.051354 0.630923 0.078823 0.636962 0.068422 0.684270 0.040953 0.678230
3 0.072772 0.634166 0.095174 0.651170 0.065889 0.689752 0.043486 0.672748
3 0.090853 0.646094 0.104057 0.670926 0.061289 0.693666 0.048086 0.668834
3 0.086568 0.670926 0.099772 0.646094 0.142539 0.668834 0.129336 0.693666
3 0.095451 0.651170 0.117853 0.634166 0.147139 0.672748 0.124736 0.689752
3 0.111802 0.636962 0.139271 0.630923 0.149672 0.678230 0.122203 0.684270
3 0.132604 0.630923 0.160073 0.636962 0.149672 0.684270 0.122203 0.678230
3 0.154022 0.634166 0.176424 0.651170 0.147139 0.689752 0.124736 0.672748
3 0.172103 0.646094 0.185307 0.670926 0.142539 0.693666 0.129336 0.668834
3 0.167818 0.670926 0.181022 0.646094 0.223789 0.668834 0.210586 0.693666
3 0.176701 0.651170 0.199103 0.634166 0.228389 0.672748 0.205986 0.689752
3 0.193052 0.636962 0.220521 0.630923 0.230922 0.678230 0.203453 0.684270
3 0.213854 0.630923 0.241323 0.636962 0.230922 0.684270 0.203453 0.678230
3 0.235272 0.634166 0.257674 0.651170 0.228389 0.689752 0.205986 0.672748
3 0.253353 0.646094 0.266557 0.670926 0.223789 0.693666 0.210586 0.668834
3 0.249068 0.670926 0.262272 0.646094 0.305039 0.668834 0.291836 0.693666
3 0.257951 0.651170 0.280353 0.634166 0.309639 0.672748 0.287236 0.689752
3 0.274302 0.636962 0.301771 0.630923 0.312172 0.678230 0.284703 0.684270
3 0.295104 0.630923 0.322573 0.636962 0.312172 0.684270 0.284703 0.678230
3 0.316522 0.634166 0.338924 0.651170 0.309639 0.689752 0.287236 0.672748
3 0.334603 0.646094 0.347807 0.670926 0.305039 0.693666 0.291836 0.668834
3 0.330318 0.670926 0.343522 0.646094 0.386289 0.668834 0.373086 0.693666
3 0.339201 0.651170 0.361603 0.634166 0.390889 0.672748 0.368486 0.689752
3 0.355552 0.636962 0.383021 0.630923 0.393422 0.678230 0.365953 0.684270
3 0.376354 0.630923 0.403823 0.636962 0.393422 0.684270 0.365953 0.678230
3 0.397772 0.634166 0.420174 0.651170 0.390889 0.689752 0.368486 0.672748
3 0.415853 0.646094 0.429057 0.670926 0.386289 0.693666 0.373086 0.668834
3 0.411568 0.670926 0.424772 0.646094 0.467539 0.668834 0.454336 0.693666
3 0.420451 0.651170 0.442853 0.634166 0.472139 0.672748 0.449736 0.689752
3 0.436802 0.636962 0.464271 0.630923 0.474672 0.678230 0.447203 0.684270
3 0.457604 0.630923 0.485073 0.636962 0.474672 0.684270 0.447203 0.678230
3 0.479022 0.634166 0.501424 0.651170 0.472139 0.689752 0.449736 0.672748
3 0.497103 0.646094 0.510307 0.670926 0.467539 0.693666 0.454336 0.668834
3 0.492818 0.670926 0.506022 0.646094 0.548789 0.668834 0.535586 0.693666
3 0.501701 0.651170 0.524103 0.634166 0.553389 0.672748 0.530986 0.689752
3 0.518052 0.636962 0.545521 0.630923 0.555922 0.678230 0.528453 0.684270
3 0.538854 0.630923 0.566323 0.636962 0.555922 0.684270 0.528453 0.678230
3 0.560272 0.634166 0.582674 0.651170 0.553389 0.689752 0.530986 0.672748
3 0.578353 0.646094 0.591557 0.670926 0.548789 0.693666 0.535586 0.668834
3 0.574068 0.670926 0.587272 0.646094 0.630039 0.668834 0.616836 0.693666
3 0.582951 0.651170 0.605353 0.634166 0.634639 0.672748 0.612236 0.689752
3 0.599302 0.636962 0.626771 0.630923 0.637172 0.678230 0.609703 0.684270
3 0.620104 0.630923 0.647573 0.636962 0.637172 0.684270 0.609703 0.678230
3 0.641522 0.634166 0.663924 0.651170 0.634639 0.689752 0.612236 0.672748
3 0.659603 0.646094 0.672807 0.670926 0.630039 0.693666 0.616836 0.668834
3 0.655318 0.670926 0.668522 0.646094 0.711289 0.668834 0.698086 0.693666
3 0.664201 0.651170 0.686603 0.634166 0.715889 0.672748 0.693486 0.689752
3 0.680552 0.636962 0.708021 0.630923 0.718422 0.678230 0.690953 0.684270
3 0.701354 0.630923 0.728823 0.636962 0.718422 0.684270 0.690953 0.678230
3 0.722772 0.634166 0.745174 0.651170 0.715889 0.689752 0.693486 0.672748
3 0.740853 0.646094 0.754057 0.670926 0.711289 0.693666 0.698086 0.668834
3 0.736568 0.670926 0.749772 0.646094 0.792539 0.668834 0.779336 0.693666
3 0.745451 0.651170 0.767853 0.634166 0.797139 0.672748 0.774736 0.689752
3 0.761802 0.636962 0.789271 0.630923 0.799672 0.678230 0.772203 0.684270
3 0.782604 0.630923 0.810073 0.636962 0.799672 0.684270 0.772203 0.678230
3 0.804022 0.634166 0.826424 0.651170 0.797139 0.689752 0.774736 0.672748
3 0.822103 0.646094 0.835307 0.670926 0.792539 0.693666 0.779336 0.668834
3 0.817818 0.670926 0.831022 0.646094 0.873789 0.668834 0.860586 0.693666
3 0.826701 0.651170 0.849103 0.634166 0.878389 0.672748 0.855986 0.689752
3 0.843052 0.636962 0.870521 0.630923 0.880922 0.678230 0.853453 0.684270
3 0.863854 0.630923 0.891323 0.636962 0.880922 0.684270 0.853453 0.678230
3 0.885272 0.634166 0.907674 0.651170 0.878389 0.689752 0.855986 0.672748
3 0.903353 0.646094 0.916557 0.670926 0.873789 0.693666 0.860586 0.668834
3 0.899068 0.670926 0.912272 0.646094 0.955039 0.668834 0.941836 0.693666
3 0.907951 0.651170 0.930353 0.634166 0.959639 0.672748 0.937236 0.689752
3 0.924302 0.636962 0.951771 0.630923 0.962172 0.678230 0.934703 0.684270
3 0.945104 0.630923 0.972573 0.636962 0.962172 0.684270 0.934703 0.678230
3 0.966522 0.634166 0.988924 0.651170 0.959639 0.689752 0.937236 0.672748
3 0.984603 0.646094 0.997807 0.670926 0.955039 0.693666 0.941836 0.668834
3 0.045943 0.749051 0.059147 0.724219 0.101914 0.746959 0.088711 0.771791
3 0.054826 0.729295 0.077228 0.712291 0.106514 0.750873 0.084111 0.767877
3 0.071177 0.715087 0.098646 0.709048 0.109047 0.756355 0.081578 0.762395
3 0.091979 0.709048 0.119448 0.715087 0.109047 0.762395 0.081578 0.756355
3 0.113397 0.712291 0.135799 0.729295 0.106514 0.767877 0.084111 0.750873
3 0.131478 0.724219 0.144682 0.749051 0.101914 0.771791 0.088711 0.746959
3 0.127193 0.749051 0.140397 0.724219 0.183164 0.746959 0.169961 0.771791
3 0.136076 0.729295 0.158478 0.712291 0.187764 0.750873 0.165361 0.767877
3 0.152427 0.715087 0.179896 0.709048 0.190297 0.756355 0.162828 0.762395
3 0.173229 0.709048 0.200698 0.715087 0.190297 0.762395 0.162828 0.756355
3 0.194647 0.712291 0.217049 0.729295 0.187764 0.767877 0.165361 0.750873
3 0.212728 0.724219 0.225932 0.749051 0.183164 0.771791 0.169961 0.746959
3 0.208443 0.749051 0.221647 0.724219 0.264414 0.746959 0.251211 0.771791
3 0.217326 0.729295 0.239728 0.712291 0.269014 0.750873 0.246611 0.767877
3 0.233677 0.715087 0.261146 0.709048 0.271547 0.756355 0.244078 0.762395
3 0.254479 0.709048 0.281948 0.715087 0.271547 0.762395 0.244078 0.756355
3 0.275897 0.712291 0.298299 0.729295 0.269014 0.767877 0.246611 0.750873
3 0.293978 0.724219 0.307182 0.749051 0.264414 0.771791 0.251211 0.746959
3 0.289693 0.749051 0.302897 0.724219 0.345664 0.746959 0.332461 0.771791
3 0.298576 0.729295 0.320978 0.712291 0.350264 0.750873 0.327861 0.767877
3 0.314927 0.715087 0.342396 0.709048 0.352797 0.756355 0.325328 0.762395
3 0.335729 0.709048 0.363198 0.715087 0.352797 0.762395 0.325328 0.756355
3 0.357147 0.712291 0.379549 0.729295 0.350264 0.767877 0.327861 0.750873
3 0.375228 0.724219 0.388432 0.749051 0.345664 0.771791 0.332461 0.746959
3 0.370943 0.749051 0.384147 0.724219 0.426914 0.746959 0.413711 0.771791
3 0.379826 0.729295 0.402228 0.712291 0.431514 0.750873 0.409111 0.767877
3 0.396177 0.715087 0.423646 0.709048 0.434047 0.756355 0.406578 0.762395
3 0.416979 0.709048 0.444448 0.715087 0.434047 0.762395 0.406578 0.756355
3 0.438397 0.712291 0.460799 0.729295 0.431514 0.767877 0.409111 0.750873
3 0.456478 0.724219 0.469682 0.749051 0.426914 0.771791 0.413711 0.746959
3 0.452193 0.749051 0.465397 0.724219 0.508164 0.746959 0.494961 0.771791
3 0.461076 0.729295 0.483478 0.712291 0.512764 0.750873 0.490361 0.767877
3 0.477427 0.715087 0.504896 0.709048 0.515297 0.756355 0.487828 0.762395
3 0.498229 0.709048 0.525698 0.715087 0.515297 0.762395 0.487828 0.756355
3 0.519647 0.712291 0.542049 0.729295 0.512764 0.767877 0.490361 0.750873
3 0.537728 0.724219 0.550932 0.749051 0.508164 0.771791 0.494961 0.746959
3 0.533443 0.749051 0.546647 0.724219 0.589414 0.746959 0.576211 0.771791
3 0.542326 0.729295 0.564728 0.712291 0.594014 0.750873 0.571611 0.767877
3 0.558677 0.715087 0.586146 0.709048 0.596547 0.756355 0.569078 0.762395
3 0.579479 0.709048 0.606948 0.715087 0.596547 0.762395 0.569078 0.756355
3 0.600897 0.712291 0.623299 0.729295 0.594014 0.767877 0.571611 0.750873
3 0.618978 0.724219 0.632182 0.749051 0.589414 0.771791 0.576211 0.746959
3 0.614693 0.749051 0.627897 0.724219 0.670664 0.746959 0.657461 0.771791
3 0.623576 0.729295 0.645978 0.712291 0.675264 0.750873 0.652861 0.767877
3 0.639927 0.715087 0.667396 0.709048 0.677797 0.756355 0.650328 0.762395
3 0.660729 0.709048 0.688198 0.715087 0.677797 0.762395 0.650328 0.756355
3 0.682147 0.712291 0.704549 0.729295 0.675264 0.767877 0.652861 0.750873
3 0.700228 0.724219 0.713432 0.749051 0.670664 0.771791 0.657461 0.746959
3 0.695943 0.749051 0.709147 0.724219 0.751914 0.746959 0.738711 0.771791
3 0.704826 0.729295 0.727228 0.712291 0.756514 0.750873 0.734111 0.767877
3 0.721177 0.715087 0.748646 0.709048 0.759047 0.756355 0.731578 0.762395
3 0.741979 0.709048 0.769448 0.715087 0.759047 0.762395 0.731578 0.756355
3 0.763397 0.712291 0.785799 0.729295 0.756514 0.767877 0.734111 0.750873
3 0.781478 0.724219 0.794682 0.749051 0.751914 0.771791 0.738711 0.746959
3 0.777193 0.749051 0.790397 0.724219 0.833164 0.746959 0.819961 0.771791
3 0.786076 0.729295 0.808478 0.712291 0.837764 0.750873 0.815361 0.767877
3 0.802427 0.715087 0.829896 0.709048 0.840297 0.756355 0.812828 0.762395
3 0.823229 0.709048 0.850698 0.715087 0.840297 0.762395 0.812828 0.756355
3 0.844647 0.712291 0.867049 0.729295 0.837764 0.767877 0.815361 0.750873
3 0.862728 0.724219 0.875932 0.749051 0.833164 0.771791 0.819961 0.746959
3 0.858443 0.749051 0.871647 0.724219 0.914414 0.746959 0.901211 0.771791
3 0.867326 0.729295 0.889728 0.712291 0.919014 0.750873 0.896611 0.767877
3 0.883677 0.715087 0.911146 0.709048 0.921547 0.756355 0.894078 0.762395
3 0.904479 0.709048 0.931948 0.715087 0.921547 0.762395 0.894078 0.756355
3 0.925897 0.712291 0.948299 0.729295 0.919014 0.767877 0.896611 0.750873
3 0.943978 0.724219 0.957182 0.749051 0.914414 0.771791 0.901211 0.746959