0 0.415625 0.055469 0.493750 0.055469 0.493750 0.097656 0.415625 0.097656
0 0.834375 0.055469 0.912500 0.055469 0.912500 0.097656 0.834375 0.097656
4 0.000075 0.213153 0.048243 0.134551 0.269396 0.270074 0.221229 0.348676
4 0.038109 0.146688 0.106848 0.085260 0.279682 0.278661 0.210943 0.340089
4 0.093652 0.093970 0.177154 0.054906 0.287063 0.289843 0.203562 0.328907
4 0.162010 0.059454 0.253218 0.046055 0.290917 0.302676 0.199708 0.316074
4 0.237407 0.046055 0.328615 0.059454 0.290917 0.316074 0.199708 0.302676
4 0.313471 0.054906 0.396973 0.093970 0.287063 0.328907 0.203562 0.289843
4 0.383777 0.085260 0.452516 0.146688 0.279682 0.340089 0.210943 0.278661
4 0.442382 0.134551 0.490550 0.213153 0.269396 0.348676 0.221229 0.270074
0 0.206250 0.288281 0.284375 0.288281 0.284375 0.330469 0.206250 0.330469
4 0.418825 0.213153 0.466993 0.134551 0.688146 0.270074 0.639979 0.348676
4 0.456859 0.146688 0.525598 0.085260 0.698432 0.278661 0.629693 0.340089
4 0.512402 0.093970 0.595904 0.054906 0.705813 0.289843 0.622312 0.328907
4 0.580760 0.059454 0.671968 0.046055 0.709667 0.302676 0.618458 0.316074
4 0.656157 0.046055 0.747365 0.059454 0.709667 0.316074 0.618458 0.302676
4 0.732221 0.054906 0.815723 0.093970 0.705813 0.328907 0.622312 0.289843
4 0.802527 0.085260 0.871266 0.146688 0.698432 0.340089 0.629693 0.278661
4 0.861132 0.134551 0.909300 0.213153 0.688146 0.348676 0.639979 0.270074
0 0.625000 0.288281 0.703125 0.288281 0.703125 0.330469 0.625000 0.330469
4 0.174402 0.318072 0.243141 0.379501 0.070307 0.572902 0.001568 0.511473
4 0.233007 0.367363 0.281175 0.445966 0.060021 0.581489 0.011854 0.502886
4 0.209450 0.445966 0.257618 0.367363 0.478771 0.502886 0.430604 0.581489
4 0.247484 0.379501 0.316223 0.318072 0.489057 0.511473 0.420318 0.572902
4 0.303027 0.326783 0.386529 0.287719 0.496438 0.522655 0.412937 0.561720
4 0.371385 0.292266 0.462593 0.278867 0.500292 0.535488 0.409083 0.548887
4 0.446782 0.278867 0.537990 0.292266 0.500292 0.548887 0.409083 0.535488
4 0.522846 0.287719 0.606348 0.326783 0.496438 0.561720 0.412937 0.522655
4 0.593152 0.318072 0.661891 0.379501 0.489057 0.572902 0.420318 0.511473
4 0.651757 0.367363 0.699925 0.445966 0.478771 0.581489 0.430604 0.502886
0 0.415625 0.521094 0.493750 0.521094 0.493750 0.563281 0.415625 0.563281
4 0.628200 0.445966 0.676368 0.367363 0.897521 0.502886 0.849354 0.581489
4 0.666234 0.379501 0.734973 0.318072 0.907807 0.511473 0.839068 0.572902
4 0.721777 0.326783 0.805279 0.287719 0.915188 0.522655 0.831687 0.561720
4 0.790135 0.292266 0.881343 0.278867 0.919042 0.535488 0.827833 0.548887
4 0.865532 0.278867 0.956740 0.292266 0.919042 0.548887 0.827833 0.535488
0 0.834375 0.521094 0.912500 0.521094 0.912500 0.563281 0.834375 0.563281
4 0.000075 0.678778 0.048243 0.600176 0.269396 0.735699 0.221229 0.814301
4 0.038109 0.612313 0.106848 0.550885 0.279682 0.744286 0.210943 0.805714
4 0.093652 0.559595 0.177154 0.520531 0.287063 0.755468 0.203562 0.794532
4 0.162010 0.525079 0.253218 0.511680 0.290917 0.768301 0.199708 0.781699
4 0.237407 0.511680 0.328615 0.525079 0.290917 0.781699 0.199708 0.768301
4 0.313471 0.520531 0.396973 0.559595 0.287063 0.794532 0.203562 0.755468
4 0.383777 0.550885 0.452516 0.612313 0.279682 0.805714 0.210943 0.744286
4 0.442382 0.600176 0.490550 0.678778 0.269396 0.814301 0.221229 0.735699
0 0.206250 0.753906 0.284375 0.753906 0.284375 0.796094 0.206250 0.796094
4 0.418825 0.678778 0.466993 0.600176 0.688146 0.735699 0.639979 0.814301
4 0.456859 0.612313 0.525598 0.550885 0.698432 0.744286 0.629693 0.805714
4 0.512402 0.559595 0.595904 0.520531 0.705813 0.755468 0.622312 0.794532
4 0.580760 0.525079 0.671968 0.511680 0.709667 0.768301 0.618458 0.781699
4 0.656157 0.511680 0.747365 0.525079 0.709667 0.781699 0.618458 0.768301
4 0.732221 0.520531 0.815723 0.559595 0.705813 0.794532 0.622312 0.755468
4 0.802527 0.550885 0.871266 0.612313 0.698432 0.805714 0.629693 0.744286
4 0.861132 0.600176 0.909300 0.678778 0.688146 0.814301 0.639979 0.735699
0 0.625000 0.753906 0.703125 0.753906 0.703125 0.796094 0.625000 0.796094