4 0.105097 0.033060 0.121536 0.066765 0.031657 0.110602 0.015218 0.076898
4 0.095651 0.066765 0.112090 0.033060 0.201969 0.076898 0.185531 0.110602
4 0.275410 0.033060 0.291849 0.066765 0.201969 0.110602 0.185531 0.076898
4 0.265964 0.066765 0.282403 0.033060 0.372282 0.076898 0.355843 0.110602
4 0.445722 0.033060 0.462161 0.066765 0.372282 0.110602 0.355843 0.076898
4 0.436276 0.066765 0.452715 0.033060 0.542594 0.076898 0.526156 0.110602
4 0.616035 0.033060 0.632474 0.066765 0.542594 0.110602 0.526156 0.076898
4 0.606589 0.066765 0.623028 0.033060 0.712907 0.076898 0.696468 0.110602
4 0.786347 0.033060 0.802786 0.066765 0.712907 0.110602 0.696468 0.076898
4 0.776901 0.066765 0.793340 0.033060 0.883219 0.076898 0.866781 0.110602
4 0.956660 0.033060 0.973099 0.066765 0.883219 0.110602 0.866781 0.076898
4 0.009714 0.155828 0.026153 0.122123 0.116032 0.165960 0.099593 0.199665
4 0.053968 0.096486 0.088898 0.082843 0.125278 0.175991 0.090347 0.189634
4 0.126727 0.082843 0.161657 0.096486 0.125278 0.189634 0.090347 0.175991
4 0.189472 0.122123 0.205911 0.155828 0.116032 0.199665 0.099593 0.165960
4 0.180026 0.155828 0.196465 0.122123 0.286344 0.165960 0.269906 0.199665
4 0.224280 0.096486 0.259211 0.082843 0.295590 0.175991 0.260660 0.189634
4 0.297039 0.082843 0.331970 0.096486 0.295590 0.189634 0.260660 0.175991
4 0.359785 0.122123 0.376224 0.155828 0.286344 0.199665 0.269906 0.165960
4 0.350339 0.155828 0.366778 0.122123 0.456657 0.165960 0.440218 0.199665
4 0.394593 0.096486 0.429523 0.082843 0.465903 0.175991 0.430972 0.189634
4 0.467352 0.082843 0.502282 0.096486 0.465903 0.189634 0.430972 0.175991
4 0.530097 0.122123 0.546536 0.155828 0.456657 0.199665 0.440218 0.165960
4 0.520651 0.155828 0.537090 0.122123 0.626969 0.165960 0.610531 0.199665
4 0.564905 0.096486 0.599836 0.082843 0.636215 0.175991 0.601285 0.189634
4 0.637664 0.082843 0.672595 0.096486 0.636215 0.189634 0.601285 0.175991
4 0.700410 0.122123 0.716849 0.155828 0.626969 0.199665 0.610531 0.165960
4 0.690964 0.155828 0.707403 0.122123 0.797282 0.165960 0.780843 0.199665
4 0.735218 0.096486 0.770148 0.082843 0.806528 0.175991 0.771597 0.189634
4 0.807977 0.082843 0.842907 0.096486 0.806528 0.189634 0.771597 0.175991
4 0.870722 0.122123 0.887161 0.155828 0.797282 0.199665 0.780843 0.165960
4 0.861276 0.155828 0.877715 0.122123 0.967594 0.165960 0.951156 0.199665
4 0.905530 0.096486 0.940461 0.082843 0.976840 0.175991 0.941910 0.189634
4 0.042352 0.171906 0.077282 0.185548 0.040903 0.278696 0.005972 0.265054
4 0.105097 0.211185 0.121536 0.244890 0.031657 0.288727 0.015218 0.255023
4 0.095651 0.244890 0.112090 0.211185 0.201969 0.255023 0.185531 0.288727
4 0.139905 0.185548 0.174836 0.171906 0.211215 0.265054 0.176285 0.278696
4 0.212664 0.171906 0.247595 0.185548 0.211215 0.278696 0.176285 0.265054
4 0.275410 0.211185 0.291849 0.244890 0.201969 0.288727 0.185531 0.255023
4 0.265964 0.244890 0.282403 0.211185 0.372282 0.255023 0.355843 0.288727
4 0.310218 0.185548 0.345148 0.171906 0.381528 0.265054 0.346597 0.278696
4 0.382977 0.171906 0.417907 0.185548 0.381528 0.278696 0.346597 0.265054
4 0.445722 0.211185 0.462161 0.244890 0.372282 0.288727 0.355843 0.255023
4 0.436276 0.244890 0.452715 0.211185 0.542594 0.255023 0.526156 0.288727
4 0.480530 0.185548 0.515461 0.171906 0.551840 0.265054 0.516910 0.278696
4 0.553289 0.171906 0.588220 0.185548 0.551840 0.278696 0.516910 0.265054
4 0.616035 0.211185 0.632474 0.244890 0.542594 0.288727 0.526156 0.255023
4 0.606589 0.244890 0.623028 0.211185 0.712907 0.255023 0.696468 0.288727
4 0.650843 0.185548 0.685773 0.171906 0.722153 0.265054 0.687222 0.278696
4 0.723602 0.171906 0.758532 0.185548 0.722153 0.278696 0.687222 0.265054
4 0.786347 0.211185 0.802786 0.244890 0.712907 0.288727 0.696468 0.255023
4 0.776901 0.244890 0.793340 0.211185 0.883219 0.255023 0.866781 0.288727
4 0.821155 0.185548 0.856086 0.171906 0.892465 0.265054 0.857535 0.278696
4 0.893914 0.171906 0.928845 0.185548 0.892465 0.278696 0.857535 0.265054
4 0.956660 0.211185 0.973099 0.244890 0.883219 0.288727 0.866781 0.255023
4 0.009714 0.333953 0.026153 0.300248 0.116032 0.344085 0.099593 0.377790
4 0.053968 0.274611 0.088898 0.260968 0.125278 0.354116 0.090347 0.367759
4 0.126727 0.260968 0.161657 0.274611 0.125278 0.367759 0.090347 0.354116
4 0.189472 0.300248 0.205911 0.333953 0.116032 0.377790 0.099593 0.344085
4 0.180026 0.333953 0.196465 0.300248 0.286344 0.344085 0.269906 0.377790
4 0.224280 0.274611 0.259211 0.260968 0.295590 0.354116 0.260660 0.367759
4 0.297039 0.260968 0.331970 0.274611 0.295590 0.367759 0.260660 0.354116
4 0.359785 0.300248 0.376224 0.333953 0.286344 0.377790 0.269906 0.344085
4 0.350339 0.333953 0.366778 0.300248 0.456657 0.344085 0.440218 0.377790
4 0.394593 0.274611 0.429523 0.260968 0.465903 0.354116 0.430972 0.367759
4 0.467352 0.260968 0.502282 0.274611 0.465903 0.367759 0.430972 0.354116
4 0.530097 0.300248 0.546536 0.333953 0.456657 0.377790 0.440218 0.344085
4 0.520651 0.333953 0.537090 0.300248 0.626969 0.344085 0.610531 0.377790
4 0.564905 0.274611 0.599836 0.260968 0.636215 0.354116 0.601285 0.367759
4 0.637664 0.260968 0.672595 0.274611 0.636215 0.367759 0.601285 0.354116
4 0.700410 0.300248 0.716849 0.333953 0.626969 0.377790 0.610531 0.344085
4 0.690964 0.333953 0.707403 0.300248 0.797282 0.344085 0.780843 0.377790
4 0.735218 0.274611 0.770148 0.260968 0.806528 0.354116 0.771597 0.367759
4 0.807977 0.260968 0.842907 0.274611 0.806528 0.367759 0.771597 0.354116
4 0.870722 0.300248 0.887161 0.333953 0.797282 0.377790 0.780843 0.344085
4 0.861276 0.333953 0.877715 0.300248 0.967594 0.344085 0.951156 0.377790
4 0.905530 0.274611 0.940461 0.260968 0.976840 0.354116 0.941910 0.367759
4 0.042352 0.350031 0.077282 0.363673 0.040903 0.456821 0.005972 0.443179
4 0.105097 0.389310 0.121536 0.423015 0.031657 0.466852 0.015218 0.433148
4 0.095651 0.423015 0.112090 0.389310 0.201969 0.433148 0.185531 0.466852
4 0.139905 0.363673 0.174836 0.350031 0.211215 0.443179 0.176285 0.456821
4 0.212664 0.350031 0.247595 0.363673 0.211215 0.456821 0.176285 0.443179
4 0.275410 0.389310 0.291849 0.423015 0.201969 0.466852 0.185531 0.433148
4 0.265964 0.423015 0.282403 0.389310 0.372282 0.433148 0.355843 0.466852
4 0.310218 0.363673 0.345148 0.350031 0.381528 0.443179 0.346597 0.456821
4 0.382977 0.350031 0.417907 0.363673 0.381528 0.456821 0.346597 0.443179
4 0.445722 0.389310 0.462161 0.423015 0.372282 0.466852 0.355843 0.433148
4 0.436276 0.423015 0.452715 0.389310 0.542594 0.433148 0.526156 0.466852
4 0.480530 0.363673 0.515461 0.350031 0.551840 0.443179 0.516910 0.456821
4 0.553289 0.350031 0.588220 0.363673 0.551840 0.456821 0.516910 0.443179
4 0.616035 0.389310 0.632474 0.423015 0.542594 0.466852 0.526156 0.433148
4 0.606589 0.423015 0.623028 0.389310 0.712907 0.433148 0.696468 0.466852
4 0.650843 0.363673 0.685773 0.350031 0.722153 0.443179 0.687222 0.456821
4 0.723602 0.350031 0.758532 0.363673 0.722153 0.456821 0.687222 0.443179
4 0.786347 0.389310 0.802786 0.423015 0.712907 0.466852 0.696468 0.433148
4 0.776901 0.423015 0.793340 0.389310 0.883219 0.433148 0.866781 0.466852
4 0.821155 0.363673 0.856086 0.350031 0.892465 0.443179 0.857535 0.456821
4 0.893914 0.350031 0.928845 0.363673 0.892465 0.456821 0.857535 0.443179
4 0.956660 0.389310 0.973099 0.423015 0.883219 0.466852 0.866781 0.433148
4 0.009714 0.512078 0.026153 0.478373 0.116032 0.522210 0.099593 0.555915
4 0.053968 0.452736 0.088898 0.439093 0.125278 0.532241 0.090347 0.545884
4 0.126727 0.439093 0.161657 0.452736 0.125278 0.545884 0.090347 0.532241
4 0.189472 0.478373 0.205911 0.512078 0.116032 0.555915 0.099593 0.522210
4 0.180026 0.512078 0.196465 0.478373 0.286344 0.522210 0.269906 0.555915
4 0.224280 0.452736 0.259211 0.439093 0.295590 0.532241 0.260660 0.545884
4 0.297039 0.439093 0.331970 0.452736 0.295590 0.545884 0.260660 0.532241
4 0.359785 0.478373 0.376224 0.512078 0.286344 0.555915 0.269906 0.522210
4 0.350339 0.512078 0.366778 0.478373 0.456657 0.522210 0.440218 0.555915
4 0.394593 0.452736 0.429523 0.439093 0.465903 0.532241 0.430972 0.545884
4 0.467352 0.439093 0.502282 0.452736 0.465903 0.545884 0.430972 0.532241
4 0.530097 0.478373 0.546536 0.512078 0.456657 0.555915 0.440218 0.522210
4 0.520651 0.512078 0.537090 0.478373 0.626969 0.522210 0.610531 0.555915
4 0.564905 0.452736 0.599836 0.439093 0.636215 0.532241 0.601285 0.545884
4 0.637664 0.439093 0.672595 0.452736 0.636215 0.545884 0.601285 0.532241
4 0.700410 0.478373 0.716849 0.512078 0.626969 0.555915 0.610531 0.522210
4 0.690964 0.512078 0.707403 0.478373 0.797282 0.522210 0.780843 0.555915
4 0.735218 0.452736 0.770148 0.439093 0.806528 0.532241 0.771597 0.545884
4 0.807977 0.439093 0.842907 0.452736 0.806528 0.545884 0.771597 0.532241
4 0.870722 0.478373 0.887161 0.512078 0.797282 0.555915 0.780843 0.522210
4 0.861276 0.512078 0.877715 0.478373 0.967594 0.522210 0.951156 0.555915
4 0.905530 0.452736 0.940461 0.439093 0.976840 0.532241 0.941910 0.545884
4 0.042352 0.528156 0.077282 0.541798 0.040903 0.634946 0.005972 0.621304
4 0.105097 0.567435 0.121536 0.601140 0.031657 0.644977 0.015218 0.611273
4 0.095651 0.601140 0.112090 0.567435 0.201969 0.611273 0.185531 0.644977
4 0.139905 0.541798 0.174836 0.528156 0.211215 0.621304 0.176285 0.634946
4 0.212664 0.528156 0.247595 0.541798 0.211215 0.634946 0.176285 0.621304
4 0.275410 0.567435 0.291849 0.601140 0.201969 0.644977 0.185531 0.611273
4 0.265964 0.601140 0.282403 0.567435 0.372282 0.611273 0.355843 0.644977
4 0.310218 0.541798 0.345148 0.528156 0.381528 0.621304 0.346597 0.634946
4 0.382977 0.528156 0.417907 0.541798 0.381528 0.634946 0.346597 0.621304
4 0.445722 0.567435 0.462161 0.601140 0.372282 0.644977 0.355843 0.611273
4 0.436276 0.601140 0.452715 0.567435 0.542594 0.611273 0.526156 0.644977
4 0.480530 0.541798 0.515461 0.528156 0.551840 0.621304 0.516910 0.634946
4 0.553289 0.528156 0.588220 0.541798 0.551840 0.634946 0.516910 0.621304
4 0.616035 0.567435 0.632474 0.601140 0.542594 0.644977 0.526156 0.611273
4 0.606589 0.601140 0.623028 0.567435 0.712907 0.611273 0.696468 0.644977
4 0.650843 0.541798 0.685773 0.528156 0.722153 0.621304 0.687222 0.634946
4 0.723602 0.528156 0.758532 0.541798 0.722153 0.634946 0.687222 0.621304
4 0.786347 0.567435 0.802786 0.601140 0.712907 0.644977 0.696468 0.611273
4 0.776901 0.601140 0.793340 0.567435 0.883219 0.611273 0.866781 0.644977
4 0.821155 0.541798 0.856086 0.528156 0.892465 0.621304 0.857535 0.634946
4 0.893914 0.528156 0.928845 0.541798 0.892465 0.634946 0.857535 0.621304
4 0.956660 0.567435 0.973099 0.601140 0.883219 0.644977 0.866781 0.611273
4 0.009714 0.690203 0.026153 0.656498 0.116032 0.700335 0.099593 0.734040
4 0.053968 0.630861 0.088898 0.617218 0.125278 0.710366 0.090347 0.724009
4 0.126727 0.617218 0.161657 0.630861 0.125278 0.724009 0.090347 0.710366
4 0.189472 0.656498 0.205911 0.690203 0.116032 0.734040 0.099593 0.700335
4 0.180026 0.690203 0.196465 0.656498 0.286344 0.700335 0.269906 0.734040
4 0.224280 0.630861 0.259211 0.617218 0.295590 0.710366 0.260660 0.724009
4 0.297039 0.617218 0.331970 0.630861 0.295590 0.724009 0.260660 0.710366
4 0.359785 0.656498 0.376224 0.690203 0.286344 0.734040 0.269906 0.700335
4 0.350339 0.690203 0.366778 0.656498 0.456657 0.700335 0.440218 0.734040
4 0.394593 0.630861 0.429523 0.617218 0.465903 0.710366 0.430972 0.724009
4 0.467352 0.617218 0.502282 0.630861 0.465903 0.724009 0.430972 0.710366
4 0.530097 0.656498 0.546536 0.690203 0.456657 0.734040 0.440218 0.700335
4 0.520651 0.690203 0.537090 0.656498 0.626969 0.700335 0.610531 0.734040
4 0.564905 0.630861 0.599836 0.617218 0.636215 0.710366 0.601285 0.724009
4 0.637664 0.617218 0.672595 0.630861 0.636215 0.724009 0.601285 0.710366
4 0.700410 0.656498 0.716849 0.690203 0.626969 0.734040 0.610531 0.700335
4 0.690964 0.690203 0.707403 0.656498 0.797282 0.700335 0.780843 0.734040
4 0.735218 0.630861 0.770148 0.617218 0.806528 0.710366 0.771597 0.724009
4 0.807977 0.617218 0.842907 0.630861 0.806528 0.724009 0.771597 0.710366
4 0.870722 0.656498 0.887161 0.690203 0.797282 0.734040 0.780843 0.700335
4 0.861276 0.690203 0.877715 0.656498 0.967594 0.700335 0.951156 0.734040
4 0.905530 0.630861 0.940461 0.617218 0.976840 0.710366 0.941910 0.724009
4 0.042352 0.706281 0.077282 0.719923 0.040903 0.813071 0.005972 0.799429
4 0.105097 0.745560 0.121536 0.779265 0.031657 0.823102 0.015218 0.789398
4 0.095651 0.779265 0.112090 0.745560 0.201969 0.789398 0.185531 0.823102
4 0.139905 0.719923 0.174836 0.706281 0.211215 0.799429 0.176285 0.813071
4 0.212664 0.706281 0.247595 0.719923 0.211215 0.813071 0.176285 0.799429
4 0.275410 0.745560 0.291849 0.779265 0.201969 0.823102 0.185531 0.789398
4 0.265964 0.779265 0.282403 0.745560 0.372282 0.789398 0.355843 0.823102
4 0.310218 0.719923 0.345148 0.706281 0.381528 0.799429 0.346597 0.813071
4 0.382977 0.706281 0.417907 0.719923 0.381528 0.813071 0.346597 0.799429
4 0.445722 0.745560 0.462161 0.779265 0.372282 0.823102 0.355843 0.789398
4 0.436276 0.779265 0.452715 0.745560 0.542594 0.789398 0.526156 0.823102
4 0.480530 0.719923 0.515461 0.706281 0.551840 0.799429 0.516910 0.813071
4 0.553289 0.706281 0.588220 0.719923 0.551840 0.813071 0.516910 0.799429
4 0.616035 0.745560 0.632474 0.779265 0.542594 0.823102 0.526156 0.789398
4 0.606589 0.779265 0.623028 0.745560 0.712907 0.789398 0.696468 0.823102
4 0.650843 0.719923 0.685773 0.706281 0.722153 0.799429 0.687222 0.813071
4 0.723602 0.706281 0.758532 0.719923 0.722153 0.813071 0.687222 0.799429
4 0.786347 0.745560 0.802786 0.779265 0.712907 0.823102 0.696468 0.789398
4 0.776901 0.779265 0.793340 0.745560 0.883219 0.789398 0.866781 0.823102
4 0.821155 0.719923 0.856086 0.706281 0.892465 0.799429 0.857535 0.813071
4 0.893914 0.706281 0.928845 0.719923 0.892465 0.813071 0.857535 0.799429
4 0.956660 0.745560 0.973099 0.779265 0.883219 0.823102 0.866781 0.789398
4 0.009714 0.868328 0.026153 0.834623 0.116032 0.878460 0.099593 0.912165
4 0.053968 0.808986 0.088898 0.795343 0.125278 0.888491 0.090347 0.902134
4 0.126727 0.795343 0.161657 0.808986 0.125278 0.902134 0.090347 0.888491
4 0.189472 0.834623 0.205911 0.868328 0.116032 0.912165 0.099593 0.878460
4 0.180026 0.868328 0.196465 0.834623 0.286344 0.878460 0.269906 0.912165
4 0.224280 0.808986 0.259211 0.795343 0.295590 0.888491 0.260660 0.902134
4 0.297039 0.795343 0.331970 0.808986 0.295590 0.902134 0.260660 0.888491
4 0.359785 0.834623 0.376224 0.868328 0.286344 0.912165 0.269906 0.878460
4 0.350339 0.868328 0.366778 0.834623 0.456657 0.878460 0.440218 0.912165
4 0.394593 0.808986 0.429523 0.795343 0.465903 0.888491 0.430972 0.902134
4 0.467352 0.795343 0.502282 0.808986 0.465903 0.902134 0.430972 0.888491
4 0.530097 0.834623 0.546536 0.868328 0.456657 0.912165 0.440218 0.878460
4 0.520651 0.868328 0.537090 0.834623 0.626969 0.878460 0.610531 0.912165
4 0.564905 0.808986 0.599836 0.795343 0.636215 0.888491 0.601285 0.902134
4 0.637664 0.795343 0.672595 0.808986 0.636215 0.902134 0.601285 0.888491
4 0.700410 0.834623 0.716849 0.868328 0.626969 0.912165 0.610531 0.878460
4 0.690964 0.868328 0.707403 0.834623 0.797282 0.878460 0.780843 0.912165
4 0.735218 0.808986 0.770148 0.795343 0.806528 0.888491 0.771597 0.902134
4 0.807977 0.795343 0.842907 0.808986 0.806528 0.902134 0.771597 0.888491
4 0.870722 0.834623 0.887161 0.868328 0.797282 0.912165 0.780843 0.878460
4 0.861276 0.868328 0.877715 0.834623 0.967594 0.878460 0.951156 0.912165
4 0.905530 0.808986 0.940461 0.795343 0.976840 0.888491 0.941910 0.902134