0 0.015625 0.083594 0.031250 0.083594 0.031250 0.091406 0.015625 0.091406
0 0.207813 0.083594 0.223438 0.083594 0.223438 0.091406 0.207813 0.091406
0 0.400000 0.083594 0.415625 0.083594 0.415625 0.091406 0.400000 0.091406
0 0.592187 0.083594 0.607812 0.083594 0.607812 0.091406 0.592187 0.091406
0 0.784375 0.083594 0.800000 0.083594 0.800000 0.091406 0.784375 0.091406
0 0.976562 0.083594 0.992188 0.083594 0.992188 0.091406 0.976562 0.091406
3 0.008210 0.110060 0.087090 0.068706 0.158190 0.204323 0.079310 0.245677
3 0.038898 0.086964 0.125378 0.065669 0.161990 0.214353 0.075510 0.235647
3 0.074219 0.071875 0.163281 0.071875 0.163281 0.225000 0.074219 0.225000
3 0.112122 0.065669 0.198602 0.086964 0.161990 0.235647 0.075510 0.214353
3 0.150410 0.068706 0.229290 0.110060 0.158190 0.245677 0.079310 0.204323
3 0.186862 0.080809 0.253566 0.139823 0.152102 0.254507 0.085398 0.195493
0 0.110937 0.221094 0.126562 0.221094 0.126562 0.228906 0.110937 0.228906
3 0.176122 0.139823 0.242826 0.080809 0.344289 0.195493 0.277586 0.254507
3 0.200398 0.110060 0.279277 0.068706 0.350377 0.204323 0.271498 0.245677
3 0.231086 0.086964 0.317565 0.065669 0.354177 0.214353 0.267698 0.235647
3 0.266406 0.071875 0.355469 0.071875 0.355469 0.225000 0.266406 0.225000
3 0.304310 0.065669 0.390789 0.086964 0.354177 0.235647 0.267698 0.214353
3 0.342598 0.068706 0.421477 0.110060 0.350377 0.245677 0.271498 0.204323
3 0.379049 0.080809 0.445753 0.139823 0.344289 0.254507 0.277586 0.195493
0 0.303125 0.221094 0.318750 0.221094 0.318750 0.228906 0.303125 0.228906
3 0.368309 0.139823 0.435013 0.080809 0.536477 0.195493 0.469773 0.254507
3 0.392585 0.110060 0.471465 0.068706 0.542565 0.204323 0.463685 0.245677
3 0.423273 0.086964 0.509753 0.065669 0.546365 0.214353 0.459885 0.235647
3 0.458594 0.071875 0.547656 0.071875 0.547656 0.225000 0.458594 0.225000
3 0.496497 0.065669 0.582977 0.086964 0.546365 0.235647 0.459885 0.214353
3 0.534785 0.068706 0.613665 0.110060 0.542565 0.245677 0.463685 0.204323
3 0.571237 0.080809 0.637941 0.139823 0.536477 0.254507 0.469773 0.195493
0 0.495312 0.221094 0.510938 0.221094 0.510938 0.228906 0.495312 0.228906
3 0.560497 0.139823 0.627201 0.080809 0.728664 0.195493 0.661961 0.254507
3 0.584773 0.110060 0.663652 0.068706 0.734752 0.204323 0.655873 0.245677
3 0.615461 0.086964 0.701940 0.065669 0.738552 0.214353 0.652073 0.235647
3 0.650781 0.071875 0.739844 0.071875 0.739844 0.225000 0.650781 0.225000
3 0.688685 0.065669 0.775164 0.086964 0.738552 0.235647 0.652073 0.214353
3 0.726973 0.068706 0.805852 0.110060 0.734752 0.245677 0.655873 0.204323
3 0.763424 0.080809 0.830128 0.139823 0.728664 0.254507 0.661961 0.195493
0 0.687500 0.221094 0.703125 0.221094 0.703125 0.228906 0.687500 0.228906
3 0.752684 0.139823 0.819388 0.080809 0.920852 0.195493 0.854148 0.254507
3 0.776960 0.110060 0.855840 0.068706 0.926940 0.204323 0.848060 0.245677
3 0.807648 0.086964 0.894128 0.065669 0.930740 0.214353 0.844260 0.235647
3 0.842969 0.071875 0.932031 0.071875 0.932031 0.225000 0.842969 0.225000
3 0.880872 0.065669 0.967352 0.086964 0.930740 0.235647 0.844260 0.214353
3 0.919160 0.068706 0.998040 0.110060 0.926940 0.245677 0.848060 0.204323
0 0.879687 0.221094 0.895312 0.221094 0.895312 0.228906 0.879687 0.228906
0 0.015625 0.358594 0.031250 0.358594 0.031250 0.366406 0.015625 0.366406
3 0.080809 0.277323 0.147513 0.218309 0.248977 0.332993 0.182273 0.392007
3 0.105085 0.247560 0.183965 0.206206 0.255065 0.341823 0.176185 0.383177
3 0.135773 0.224464 0.222253 0.203169 0.258865 0.351853 0.172385 0.373147
3 0.171094 0.209375 0.260156 0.209375 0.260156 0.362500 0.171094 0.362500
3 0.208997 0.203169 0.295477 0.224464 0.258865 0.373147 0.172385 0.351853
3 0.247285 0.206206 0.326165 0.247560 0.255065 0.383177 0.176185 0.341823
3 0.283737 0.218309 0.350441 0.277323 0.248977 0.392007 0.182273 0.332993
0 0.207813 0.358594 0.223438 0.358594 0.223438 0.366406 0.207813 0.366406
3 0.272997 0.277323 0.339701 0.218309 0.441164 0.332993 0.374461 0.392007
3 0.297273 0.247560 0.376152 0.206206 0.447252 0.341823 0.368373 0.383177
3 0.327961 0.224464 0.414440 0.203169 0.451052 0.351853 0.364573 0.373147
3 0.363281 0.209375 0.452344 0.209375 0.452344 0.362500 0.363281 0.362500
3 0.401185 0.203169 0.487664 0.224464 0.451052 0.373147 0.364573 0.351853
3 0.439473 0.206206 0.518352 0.247560 0.447252 0.383177 0.368373 0.341823
3 0.475924 0.218309 0.542628 0.277323 0.441164 0.392007 0.374461 0.332993
0 0.400000 0.358594 0.415625 0.358594 0.415625 0.366406 0.400000 0.366406
3 0.465184 0.277323 0.531888 0.218309 0.633352 0.332993 0.566648 0.392007
3 0.489460 0.247560 0.568340 0.206206 0.639440 0.341823 0.560560 0.383177
3 0.520148 0.224464 0.606628 0.203169 0.643240 0.351853 0.556760 0.373147
3 0.555469 0.209375 0.644531 0.209375 0.644531 0.362500 0.555469 0.362500
3 0.593372 0.203169 0.679852 0.224464 0.643240 0.373147 0.556760 0.351853
3 0.631660 0.206206 0.710540 0.247560 0.639440 0.383177 0.560560 0.341823
3 0.668112 0.218309 0.734816 0.277323 0.633352 0.392007 0.566648 0.332993
0 0.592187 0.358594 0.607812 0.358594 0.607812 0.366406 0.592187 0.366406
3 0.657372 0.277323 0.724076 0.218309 0.825539 0.332993 0.758836 0.392007
3 0.681648 0.247560 0.760527 0.206206 0.831627 0.341823 0.752748 0.383177
3 0.712336 0.224464 0.798815 0.203169 0.835427 0.351853 0.748948 0.373147
3 0.747656 0.209375 0.836719 0.209375 0.836719 0.362500 0.747656 0.362500
3 0.785560 0.203169 0.872039 0.224464 0.835427 0.373147 0.748948 0.351853
3 0.823848 0.206206 0.902727 0.247560 0.831627 0.383177 0.752748 0.341823
3 0.860299 0.218309 0.927003 0.277323 0.825539 0.392007 0.758836 0.332993
0 0.784375 0.358594 0.800000 0.358594 0.800000 0.366406 0.784375 0.366406
0 0.976562 0.358594 0.992188 0.358594 0.992188 0.366406 0.976562 0.366406
3 0.008210 0.385060 0.087090 0.343706 0.158190 0.479323 0.079310 0.520677
3 0.038898 0.361964 0.125378 0.340669 0.161990 0.489353 0.075510 0.510647
3 0.074219 0.346875 0.163281 0.346875 0.163281 0.500000 0.074219 0.500000
3 0.112122 0.340669 0.198602 0.361964 0.161990 0.510647 0.075510 0.489353
3 0.150410 0.343706 0.229290 0.385060 0.158190 0.520677 0.079310 0.479323
3 0.186862 0.355809 0.253566 0.414823 0.152102 0.529507 0.085398 0.470493
0 0.110937 0.496094 0.126562 0.496094 0.126562 0.503906 0.110937 0.503906
3 0.176122 0.414823 0.242826 0.355809 0.344289 0.470493 0.277586 0.529507
3 0.200398 0.385060 0.279277 0.343706 0.350377 0.479323 0.271498 0.520677
3 0.231086 0.361964 0.317565 0.340669 0.354177 0.489353 0.267698 0.510647
3 0.266406 0.346875 0.355469 0.346875 0.355469 0.500000 0.266406 0.500000
3 0.304310 0.340669 0.390789 0.361964 0.354177 0.510647 0.267698 0.489353
3 0.342598 0.343706 0.421477 0.385060 0.350377 0.520677 0.271498 0.479323
3 0.379049 0.355809 0.445753 0.414823 0.344289 0.529507 0.277586 0.470493
0 0.303125 0.496094 0.318750 0.496094 0.318750 0.503906 0.303125 0.503906
3 0.368309 0.414823 0.435013 0.355809 0.536477 0.470493 0.469773 0.529507
3 0.392585 0.385060 0.471465 0.343706 0.542565 0.479323 0.463685 0.520677
3 0.423273 0.361964 0.509753 0.340669 0.546365 0.489353 0.459885 0.510647
3 0.458594 0.346875 0.547656 0.346875 0.547656 0.500000 0.458594 0.500000
3 0.496497 0.340669 0.582977 0.361964 0.546365 0.510647 0.459885 0.489353
3 0.534785 0.343706 0.613665 0.385060 0.542565 0.520677 0.463685 0.479323
3 0.571237 0.355809 0.637941 0.414823 0.536477 0.529507 0.469773 0.470493
0 0.495312 0.496094 0.510938 0.496094 0.510938 0.503906 0.495312 0.503906
3 0.560497 0.414823 0.627201 0.355809 0.728664 0.470493 0.661961 0.529507
3 0.584773 0.385060 0.663652 0.343706 0.734752 0.479323 0.655873 0.520677
3 0.615461 0.361964 0.701940 0.340669 0.738552 0.489353 0.652073 0.510647
3 0.650781 0.346875 0.739844 0.346875 0.739844 0.500000 0.650781 0.500000
3 0.688685 0.340669 0.775164 0.361964 0.738552 0.510647 0.652073 0.489353
3 0.726973 0.343706 0.805852 0.385060 0.734752 0.520677 0.655873 0.479323
3 0.763424 0.355809 0.830128 0.414823 0.728664 0.529507 0.661961 0.470493
0 0.687500 0.496094 0.703125 0.496094 0.703125 0.503906 0.687500 0.503906
3 0.752684 0.414823 0.819388 0.355809 0.920852 0.470493 0.854148 0.529507
3 0.776960 0.385060 0.855840 0.343706 0.926940 0.479323 0.848060 0.520677
3 0.807648 0.361964 0.894128 0.340669 0.930740 0.489353 0.844260 0.510647
3 0.842969 0.346875 0.932031 0.346875 0.932031 0.500000 0.842969 0.500000
3 0.880872 0.340669 0.967352 0.361964 0.930740 0.510647 0.844260 0.489353
3 0.919160 0.343706 0.998040 0.385060 0.926940 0.520677 0.848060 0.479323
0 0.879687 0.496094 0.895312 0.496094 0.895312 0.503906 0.879687 0.503906
0 0.015625 0.633594 0.031250 0.633594 0.031250 0.641406 0.015625 0.641406
3 0.080809 0.552323 0.147513 0.493309 0.248977 0.607993 0.182273 0.667007
3 0.105085 0.522560 0.183965 0.481206 0.255065 0.616823 0.176185 0.658177
3 0.135773 0.499464 0.222253 0.478169 0.258865 0.626853 0.172385 0.648147
3 0.171094 0.484375 0.260156 0.484375 0.260156 0.637500 0.171094 0.637500
3 0.208997 0.478169 0.295477 0.499464 0.258865 0.648147 0.172385 0.626853
3 0.247285 0.481206 0.326165 0.522560 0.255065 0.658177 0.176185 0.616823
3 0.283737 0.493309 0.350441 0.552323 0.248977 0.667007 0.182273 0.607993
0 0.207813 0.633594 0.223438 0.633594 0.223438 0.641406 0.207813 0.641406
3 0.272997 0.552323 0.339701 0.493309 0.441164 0.607993 0.374461 0.667007
3 0.297273 0.522560 0.376152 0.481206 0.447252 0.616823 0.368373 0.658177
3 0.327961 0.499464 0.414440 0.478169 0.451052 0.626853 0.364573 0.648147
3 0.363281 0.484375 0.452344 0.484375 0.452344 0.637500 0.363281 0.637500
3 0.401185 0.478169 0.487664 0.499464 0.451052 0.648147 0.364573 0.626853
3 0.439473 0.481206 0.518352 0.522560 0.447252 0.658177 0.368373 0.616823
3 0.475924 0.493309 0.542628 0.552323 0.441164 0.667007 0.374461 0.607993
0 0.400000 0.633594 0.415625 0.633594 0.415625 0.641406 0.400000 0.641406
3 0.465184 0.552323 0.531888 0.493309 0.633352 0.607993 0.566648 0.667007
3 0.489460 0.522560 0.568340 0.481206 0.639440 0.616823 0.560560 0.658177
3 0.520148 0.499464 0.606628 0.478169 0.643240 0.626853 0.556760 0.648147
3 0.555469 0.484375 0.644531 0.484375 0.644531 0.637500 0.555469 0.637500
3 0.593372 0.478169 0.679852 0.499464 0.643240 0.648147 0.556760 0.626853
3 0.631660 0.481206 0.710540 0.522560 0.639440 0.658177 0.560560 0.616823
3 0.668112 0.493309 0.734816 0.552323 0.633352 0.667007 0.566648 0.607993
0 0.592187 0.633594 0.607812 0.633594 0.607812 0.641406 0.592187 0.641406
3 0.657372 0.552323 0.724076 0.493309 0.825539 0.607993 0.758836 0.667007
3 0.681648 0.522560 0.760527 0.481206 0.831627 0.616823 0.752748 0.658177
3 0.712336 0.499464 0.798815 0.478169 0.835427 0.626853 0.748948 0.648147
3 0.747656 0.484375 0.836719 0.484375 0.836719 0.637500 0.747656 0.637500
3 0.785560 0.478169 0.872039 0.499464 0.835427 0.648147 0.748948 0.626853
3 0.823848 0.481206 0.902727 0.522560 0.831627 0.658177 0.752748 0.616823
3 0.860299 0.493309 0.927003 0.552323 0.825539 0.667007 0.758836 0.607993
0 0.784375 0.633594 0.800000 0.633594 0.800000 0.641406 0.784375 0.641406
0 0.976562 0.633594 0.992188 0.633594 0.992188 0.641406 0.976562 0.641406
3 0.008210 0.660060 0.087090 0.618706 0.158190 0.754323 0.079310 0.795677
3 0.038898 0.636964 0.125378 0.615669 0.161990 0.764353 0.075510 0.785647
3 0.074219 0.621875 0.163281 0.621875 0.163281 0.775000 0.074219 0.775000
3 0.112122 0.615669 0.198602 0.636964 0.161990 0.785647 0.075510 0.764353
3 0.150410 0.618706 0.229290 0.660060 0.158190 0.795677 0.079310 0.754323
3 0.186862 0.630809 0.253566 0.689823 0.152102 0.804507 0.085398 0.745493
0 0.110937 0.771094 0.126562 0.771094 0.126562 0.778906 0.110937 0.778906
3 0.176122 0.689823 0.242826 0.630809 0.344289 0.745493 0.277586 0.804507
3 0.200398 0.660060 0.279277 0.618706 0.350377 0.754323 0.271498 0.795677
3 0.231086 0.636964 0.317565 0.615669 0.354177 0.764353 0.267698 0.785647
3 0.266406 0.621875 0.355469 0.621875 0.355469 0.775000 0.266406 0.775000
3 0.304310 0.615669 0.390789 0.636964 0.354177 0.785647 0.267698 0.764353
3 0.342598 0.618706 0.421477 0.660060 0.350377 0.795677 0.271498 0.754323
3 0.379049 0.630809 0.445753 0.689823 0.344289 0.804507 0.277586 0.745493
0 0.303125 0.771094 0.318750 0.771094 0.318750 0.778906 0.303125 0.778906
3 0.368309 0.689823 0.435013 0.630809 0.536477 0.745493 0.469773 0.804507
3 0.392585 0.660060 0.471465 0.618706 0.542565 0.754323 0.463685 0.795677
3 0.423273 0.636964 0.509753 0.615669 0.546365 0.764353 0.459885 0.785647
3 0.458594 0.621875 0.547656 0.621875 0.547656 0.775000 0.458594 0.775000
3 0.496497 0.615669 0.582977 0.636964 0.546365 0.785647 0.459885 0.764353
3 0.534785 0.618706 0.613665 0.660060 0.542565 0.795677 0.463685 0.754323
3 0.571237 0.630809 0.637941 0.689823 0.536477 0.804507 0.469773 0.745493
0 0.495312 0.771094 0.510938 0.771094 0.510938 0.778906 0.495312 0.778906
3 0.560497 0.689823 0.627201 0.630809 0.728664 0.745493 0.661961 0.804507
3 0.584773 0.660060 0.663652 0.618706 0.734752 0.754323 0.655873 0.795677
3 0.615461 0.636964 0.701940 0.615669 0.738552 0.764353 0.652073 0.785647
3 0.650781 0.621875 0.739844 0.621875 0.739844 0.775000 0.650781 0.775000
3 0.688685 0.615669 0.775164 0.636964 0.738552 0.785647 0.652073 0.764353
3 0.726973 0.618706 0.805852 0.660060 0.734752 0.795677 0.655873 0.754323
3 0.763424 0.630809 0.830128 0.689823 0.728664 0.804507 0.661961 0.745493
0 0.687500 0.771094 0.703125 0.771094 0.703125 0.778906 0.687500 0.778906
3 0.752684 0.689823 0.819388 0.630809 0.920852 0.745493 0.854148 0.804507
3 0.776960 0.660060 0.855840 0.618706 0.926940 0.754323 0.848060 0.795677
3 0.807648 0.636964 0.894128 0.615669 0.930740 0.764353 0.844260 0.785647
3 0.842969 0.621875 0.932031 0.621875 0.932031 0.775000 0.842969 0.775000
3 0.880872 0.615669 0.967352 0.636964 0.930740 0.785647 0.844260 0.764353
3 0.919160 0.618706 0.998040 0.660060 0.926940 0.795677 0.848060 0.754323
0 0.879687 0.771094 0.895312 0.771094 0.895312 0.778906 0.879687 0.778906
0 0.015625 0.908594 0.031250 0.908594 0.031250 0.916406 0.015625 0.916406
3 0.080809 0.827323 0.147513 0.768309 0.248977 0.882993 0.182273 0.942007
3 0.105085 0.797560 0.183965 0.756206 0.255065 0.891823 0.176185 0.933177
3 0.135773 0.774464 0.222253 0.753169 0.258865 0.901853 0.172385 0.923147
3 0.171094 0.759375 0.260156 0.759375 0.260156 0.912500 0.171094 0.912500
3 0.208997 0.753169 0.295477 0.774464 0.258865 0.923147 0.172385 0.901853
3 0.247285 0.756206 0.326165 0.797560 0.255065 0.933177 0.176185 0.891823
3 0.283737 0.768309 0.350441 0.827323 0.248977 0.942007 0.182273 0.882993
0 0.207813 0.908594 0.223438 0.908594 0.223438 0.916406 0.207813 0.916406
3 0.272997 0.827323 0.339701 0.768309 0.441164 0.882993 0.374461 0.942007
3 0.297273 0.797560 0.376152 0.756206 0.447252 0.891823 0.368373 0.933177
3 0.327961 0.774464 0.414440 0.753169 0.451052 0.901853 0.364573 0.923147
3 0.363281 0.759375 0.452344 0.759375 0.452344 0.912500 0.363281 0.912500
3 0.401185 0.753169 0.487664 0.774464 0.451052 0.923147 0.364573 0.901853
3 0.439473 0.756206 0.518352 0.797560 0.447252 0.933177 0.368373 0.891823
3 0.475924 0.768309 0.542628 0.827323 0.441164 0.942007 0.374461 0.882993
0 0.400000 0.908594 0.415625 0.908594 0.415625 0.916406 0.400000 0.916406
3 0.465184 0.827323 0.531888 0.768309 0.633352 0.882993 0.566648 0.942007
3 0.489460 0.797560 0.568340 0.756206 0.639440 0.891823 0.560560 0.933177
3 0.520148 0.774464 0.606628 0.753169 0.643240 0.901853 0.556760 0.923147
3 0.555469 0.759375 0.644531 0.759375 0.644531 0.912500 0.555469 0.912500
3 0.593372 0.753169 0.679852 0.774464 0.643240 0.923147 0.556760 0.901853
3 0.631660 0.756206 0.710540 0.797560 0.639440 0.933177 0.560560 0.891823
3 0.668112 0.768309 0.734816 0.827323 0.633352 0.942007 0.566648 0.882993
0 0.592187 0.908594 0.607812 0.908594 0.607812 0.916406 0.592187 0.916406
3 0.657372 0.827323 0.724076 0.768309 0.825539 0.882993 0.758836 0.942007
3 0.681648 0.797560 0.760527 0.756206 0.831627 0.891823 0.752748 0.933177
3 0.712336 0.774464 0.798815 0.753169 0.835427 0.901853 0.748948 0.923147
3 0.747656 0.759375 0.836719 0.759375 0.836719 0.912500 0.747656 0.912500
3 0.785560 0.753169 0.872039 0.774464 0.835427 0.923147 0.748948 0.901853
3 0.823848 0.756206 0.902727 0.797560 0.831627 0.933177 0.752748 0.891823
3 0.860299 0.768309 0.927003 0.827323 0.825539 0.942007 0.758836 0.882993
0 0.784375 0.908594 0.800000 0.908594 0.800000 0.916406 0.784375 0.916406
0 0.976562 0.908594 0.992188 0.908594 0.992188 0.916406 0.976562 0.916406