3 0.132812 -0.000781 0.276562 -0.000781 0.276562 0.244531 0.132812 0.244531
3 0.256250 -0.000781 0.400000 -0.000781 0.400000 0.244531 0.256250 0.244531
3 0.378125 0.000781 0.521875 0.000781 0.521875 0.246094 0.378125 0.246094
3 0.019531 0.259375 0.139844 0.259375 0.139844 0.465625 0.019531 0.465625
3 0.114844 0.256250 0.235156 0.256250 0.235156 0.462500 0.114844 0.462500
3 0.221094 0.260937 0.341406 0.260937 0.341406 0.467187 0.221094 0.467187
3 0.319531 0.265625 0.439844 0.265625 0.439844 0.471875 0.319531 0.471875
3 0.414844 0.259375 0.535156 0.259375 0.535156 0.465625 0.414844 0.465625
3 0.516406 0.260937 0.636719 0.260937 0.636719 0.467187 0.516406 0.467187
3 0.616406 0.259375 0.736719 0.259375 0.736719 0.465625 0.616406 0.465625
3 0.714844 0.265625 0.835156 0.265625 0.835156 0.471875 0.714844 0.471875
3 0.814844 0.257812 0.935156 0.257812 0.935156 0.464062 0.814844 0.464062
3 0.003906 0.449219 0.146094 0.449219 0.146094 0.691406 0.003906 0.691406
3 0.144531 0.457031 0.286719 0.457031 0.286719 0.699219 0.144531 0.699219
3 0.282031 0.452344 0.424219 0.452344 0.424219 0.694531 0.282031 0.694531
3 0.417969 0.450781 0.560156 0.450781 0.560156 0.692969 0.417969 0.692969
3 0.550781 0.457031 0.692969 0.457031 0.692969 0.699219 0.550781 0.699219
3 0.685156 0.457031 0.827344 0.457031 0.827344 0.699219 0.685156 0.699219
3 0.049219 0.764844 0.110156 0.764844 0.110156 0.869531 0.049219 0.869531
3 0.107031 0.764844 0.167969 0.764844 0.167969 0.869531 0.107031 0.869531
3 0.163281 0.761719 0.224219 0.761719 0.224219 0.866406 0.163281 0.866406
3 0.219531 0.767969 0.280469 0.767969 0.280469 0.872656 0.219531 0.872656
3 0.280469 0.761719 0.341406 0.761719 0.341406 0.866406 0.280469 0.866406
3 0.338281 0.761719 0.399219 0.761719 0.399219 0.866406 0.338281 0.866406
3 0.397656 0.763281 0.458594 0.763281 0.458594 0.867969 0.397656 0.867969
3 0.449219 0.769531 0.510156 0.769531 0.510156 0.874219 0.449219 0.874219
3 0.510156 0.764844 0.571094 0.764844 0.571094 0.869531 0.510156 0.869531
3 0.571094 0.767969 0.632031 0.767969 0.632031 0.872656 0.571094 0.872656
3 0.622656 0.761719 0.683594 0.761719 0.683594 0.866406 0.622656 0.866406
3 0.680469 0.763281 0.741406 0.763281 0.741406 0.867969 0.680469 0.867969
3 0.741406 0.767969 0.802344 0.767969 0.802344 0.872656 0.741406 0.872656
3 0.800781 0.761719 0.861719 0.761719 0.861719 0.866406 0.800781 0.866406
3 0.853906 0.764844 0.914844 0.764844 0.914844 0.869531 0.853906 0.869531
3 0.049219 0.884375 0.100781 0.884375 0.100781 0.971875 0.049219 0.971875
3 0.100781 0.876563 0.152344 0.876563 0.152344 0.964063 0.100781 0.964063
3 0.146094 0.875000 0.197656 0.875000 0.197656 0.962500 0.146094 0.962500
3 0.192969 0.884375 0.244531 0.884375 0.244531 0.971875 0.192969 0.971875
3 0.236719 0.878125 0.288281 0.878125 0.288281 0.965625 0.236719 0.965625
3 0.283594 0.882812 0.335156 0.882812 0.335156 0.970313 0.283594 0.970313
3 0.333594 0.876563 0.385156 0.876563 0.385156 0.964063 0.333594 0.964063
3 0.383594 0.884375 0.435156 0.884375 0.435156 0.971875 0.383594 0.971875
3 0.424219 0.881250 0.475781 0.881250 0.475781 0.968750 0.424219 0.968750
3 0.477344 0.879687 0.528906 0.879687 0.528906 0.967187 0.477344 0.967187
3 0.517969 0.879687 0.569531 0.879687 0.569531 0.967187 0.517969 0.967187
3 0.566406 0.881250 0.617969 0.881250 0.617969 0.968750 0.566406 0.968750
3 0.616406 0.882812 0.667969 0.882812 0.667969 0.970313 0.616406 0.970313
3 0.663281 0.879687 0.714844 0.879687 0.714844 0.967187 0.663281 0.967187
3 0.711719 0.882812 0.763281 0.882812 0.763281 0.970313 0.711719 0.970313
3 0.753906 0.881250 0.805469 0.881250 0.805469 0.968750 0.753906 0.968750
3 0.805469 0.882812 0.857031 0.882812 0.857031 0.970313 0.805469 0.970313
3 0.847656 0.879687 0.899219 0.879687 0.899219 0.967187 0.847656 0.967187
3 0.894531 0.881250 0.946094 0.881250 0.946094 0.968750 0.894531 0.968750