0 0.178906 -0.000781 0.339844 -0.000781 0.339844 0.063281 0.178906 0.063281
0 0.392969 -0.000781 0.553906 -0.000781 0.553906 0.063281 0.392969 0.063281
0 0.607031 -0.000781 0.767969 -0.000781 0.767969 0.063281 0.607031 0.063281
0 0.821094 -0.000781 0.982031 -0.000781 0.982031 0.063281 0.821094 0.063281
4 0.003444 0.062606 0.072721 0.020153 0.186201 0.205336 0.116924 0.247789
4 0.053509 0.028557 0.131709 0.006502 0.190662 0.215535 0.112463 0.237590
4 0.110937 0.009375 0.192188 0.009375 0.192188 0.226562 0.110937 0.226562
4 0.171416 0.006502 0.249616 0.028557 0.190662 0.237590 0.112463 0.215535
4 0.230404 0.020153 0.299681 0.062606 0.186201 0.247789 0.116924 0.205336
0 0.071094 0.194531 0.232031 0.194531 0.232031 0.258594 0.071094 0.258594
4 0.217506 0.062606 0.286783 0.020153 0.400264 0.205336 0.330986 0.247789
4 0.267572 0.028557 0.345771 0.006502 0.404725 0.215535 0.326525 0.237590
4 0.325000 0.009375 0.406250 0.009375 0.406250 0.226562 0.325000 0.226562
4 0.385479 0.006502 0.463678 0.028557 0.404725 0.237590 0.326525 0.215535
4 0.444467 0.020153 0.513744 0.062606 0.400264 0.247789 0.330986 0.205336
0 0.285156 0.194531 0.446094 0.194531 0.446094 0.258594 0.285156 0.258594
4 0.431569 0.062606 0.500846 0.020153 0.614326 0.205336 0.545049 0.247789
4 0.481634 0.028557 0.559834 0.006502 0.618787 0.215535 0.540588 0.237590
4 0.539062 0.009375 0.620313 0.009375 0.620313 0.226562 0.539062 0.226562
4 0.599541 0.006502 0.677741 0.028557 0.618787 0.237590 0.540588 0.215535
4 0.658529 0.020153 0.727806 0.062606 0.614326 0.247789 0.545049 0.205336
0 0.499219 0.194531 0.660156 0.194531 0.660156 0.258594 0.499219 0.258594
4 0.645631 0.062606 0.714908 0.020153 0.828389 0.205336 0.759111 0.247789
4 0.695697 0.028557 0.773896 0.006502 0.832850 0.215535 0.754650 0.237590
4 0.753125 0.009375 0.834375 0.009375 0.834375 0.226562 0.753125 0.226562
4 0.813604 0.006502 0.891803 0.028557 0.832850 0.237590 0.754650 0.215535
4 0.872592 0.020153 0.941869 0.062606 0.828389 0.247789 0.759111 0.205336
0 0.713281 0.194531 0.874219 0.194531 0.874219 0.258594 0.713281 0.258594
4 0.004688 0.204687 0.085938 0.204687 0.085938 0.421875 0.004688 0.421875
4 0.065166 0.201814 0.143366 0.223869 0.084412 0.432902 0.006213 0.410848
4 0.124154 0.215466 0.193431 0.257919 0.079951 0.443102 0.010674 0.400648
4 0.111256 0.257919 0.180533 0.215466 0.294014 0.400648 0.224736 0.443102
4 0.161322 0.223869 0.239521 0.201814 0.298475 0.410848 0.220275 0.432902
4 0.218750 0.204687 0.300000 0.204687 0.300000 0.421875 0.218750 0.421875
4 0.279229 0.201814 0.357428 0.223869 0.298475 0.432902 0.220275 0.410848
4 0.338217 0.215466 0.407494 0.257919 0.294014 0.443102 0.224736 0.400648
0 0.178906 0.389844 0.339844 0.389844 0.339844 0.453906 0.178906 0.453906
4 0.325319 0.257919 0.394596 0.215466 0.508076 0.400648 0.438799 0.443102
4 0.375384 0.223869 0.453584 0.201814 0.512537 0.410848 0.434338 0.432902
4 0.432812 0.204687 0.514062 0.204687 0.514062 0.421875 0.432812 0.421875
4 0.493291 0.201814 0.571491 0.223869 0.512537 0.432902 0.434338 0.410848
4 0.552279 0.215466 0.621556 0.257919 0.508076 0.443102 0.438799 0.400648
0 0.392969 0.389844 0.553906 0.389844 0.553906 0.453906 0.392969 0.453906
4 0.539381 0.257919 0.608658 0.215466 0.722139 0.400648 0.652861 0.443102
4 0.589447 0.223869 0.667646 0.201814 0.726600 0.410848 0.648400 0.432902
4 0.646875 0.204687 0.728125 0.204687 0.728125 0.421875 0.646875 0.421875
4 0.707354 0.201814 0.785553 0.223869 0.726600 0.432902 0.648400 0.410848
4 0.766342 0.215466 0.835619 0.257919 0.722139 0.443102 0.652861 0.400648
0 0.607031 0.389844 0.767969 0.389844 0.767969 0.453906 0.607031 0.453906
4 0.753444 0.257919 0.822721 0.215466 0.936201 0.400648 0.866924 0.443102
4 0.803509 0.223869 0.881709 0.201814 0.940662 0.410848 0.862463 0.432902
4 0.860938 0.204687 0.942187 0.204687 0.942187 0.421875 0.860938 0.421875
4 0.921416 0.201814 0.999616 0.223869 0.940662 0.432902 0.862463 0.410848
0 0.821094 0.389844 0.982031 0.389844 0.982031 0.453906 0.821094 0.453906
4 0.003444 0.453231 0.072721 0.410778 0.186201 0.595961 0.116924 0.638414
4 0.053509 0.419182 0.131709 0.397127 0.190662 0.606160 0.112463 0.628215
4 0.110937 0.400000 0.192188 0.400000 0.192188 0.617188 0.110937 0.617188
4 0.171416 0.397127 0.249616 0.419182 0.190662 0.628215 0.112463 0.606160
4 0.230404 0.410778 0.299681 0.453231 0.186201 0.638414 0.116924 0.595961
0 0.071094 0.585156 0.232031 0.585156 0.232031 0.649219 0.071094 0.649219
4 0.217506 0.453231 0.286783 0.410778 0.400264 0.595961 0.330986 0.638414
4 0.267572 0.419182 0.345771 0.397127 0.404725 0.606160 0.326525 0.628215
4 0.325000 0.400000 0.406250 0.400000 0.406250 0.617188 0.325000 0.617188
4 0.385479 0.397127 0.463678 0.419182 0.404725 0.628215 0.326525 0.606160
4 0.444467 0.410778 0.513744 0.453231 0.400264 0.638414 0.330986 0.595961
0 0.285156 0.585156 0.446094 0.585156 0.446094 0.649219 0.285156 0.649219
4 0.431569 0.453231 0.500846 0.410778 0.614326 0.595961 0.545049 0.638414
4 0.481634 0.419182 0.559834 0.397127 0.618787 0.606160 0.540588 0.628215
4 0.539062 0.400000 0.620313 0.400000 0.620313 0.617188 0.539062 0.617188
4 0.599541 0.397127 0.677741 0.419182 0.618787 0.628215 0.540588 0.606160
4 0.658529 0.410778 0.727806 0.453231 0.614326 0.638414 0.545049 0.595961
0 0.499219 0.585156 0.660156 0.585156 0.660156 0.649219 0.499219 0.649219
4 0.645631 0.453231 0.714908 0.410778 0.828389 0.595961 0.759111 0.638414
4 0.695697 0.419182 0.773896 0.397127 0.832850 0.606160 0.754650 0.628215
4 0.753125 0.400000 0.834375 0.400000 0.834375 0.617188 0.753125 0.617188
4 0.813604 0.397127 0.891803 0.419182 0.832850 0.628215 0.754650 0.606160
4 0.872592 0.410778 0.941869 0.453231 0.828389 0.638414 0.759111 0.595961
0 0.713281 0.585156 0.874219 0.585156 0.874219 0.649219 0.713281 0.649219