1 0.014063 0.074219 0.060937 0.074219 0.060937 0.135156 0.014063 0.135156
1 0.062500 0.074219 0.109375 0.074219 0.109375 0.135156 0.062500 0.135156
1 0.104688 0.069531 0.151562 0.069531 0.151562 0.130469 0.104688 0.130469
1 0.150000 0.072656 0.196875 0.072656 0.196875 0.133594 0.150000 0.133594
1 0.187500 0.071094 0.234375 0.071094 0.234375 0.132031 0.187500 0.132031
1 0.232813 0.071094 0.279687 0.071094 0.279687 0.132031 0.232813 0.132031
1 0.278125 0.067969 0.325000 0.067969 0.325000 0.128906 0.278125 0.128906
1 0.325000 0.071094 0.371875 0.071094 0.371875 0.132031 0.325000 0.132031
1 0.368750 0.072656 0.415625 0.072656 0.415625 0.133594 0.368750 0.133594
1 0.410938 0.075781 0.457813 0.075781 0.457813 0.136719 0.410938 0.136719
1 0.451562 0.074219 0.498437 0.074219 0.498437 0.135156 0.451562 0.135156
1 0.500000 0.075781 0.546875 0.075781 0.546875 0.136719 0.500000 0.136719
1 0.543750 0.077344 0.590625 0.077344 0.590625 0.138281 0.543750 0.138281
1 0.581250 0.071094 0.628125 0.071094 0.628125 0.132031 0.581250 0.132031
1 0.629687 0.077344 0.676562 0.077344 0.676562 0.138281 0.629687 0.138281
1 0.675000 0.072656 0.721875 0.072656 0.721875 0.133594 0.675000 0.133594
1 0.715625 0.074219 0.762500 0.074219 0.762500 0.135156 0.715625 0.135156
1 0.757812 0.075781 0.804688 0.075781 0.804688 0.136719 0.757812 0.136719
1 0.803125 0.074219 0.850000 0.074219 0.850000 0.135156 0.803125 0.135156
1 0.846875 0.069531 0.893750 0.069531 0.893750 0.130469 0.846875 0.130469
1 0.893750 0.069531 0.940625 0.069531 0.940625 0.130469 0.893750 0.130469
0 0.023438 0.135937 0.048438 0.135937 0.048438 0.182812 0.023438 0.182812
0 0.048438 0.139063 0.073438 0.139063 0.073438 0.185938 0.048438 0.185938
0 0.068750 0.139063 0.093750 0.139063 0.093750 0.185938 0.068750 0.185938
0 0.090625 0.134375 0.115625 0.134375 0.115625 0.181250 0.090625 0.181250
0 0.109375 0.139063 0.134375 0.139063 0.134375 0.185938 0.109375 0.185938
0 0.131250 0.132812 0.156250 0.132812 0.156250 0.179688 0.131250 0.179688
0 0.145313 0.137500 0.170313 0.137500 0.170313 0.184375 0.145313 0.184375
0 0.167187 0.137500 0.192188 0.137500 0.192188 0.184375 0.167187 0.184375
0 0.185938 0.137500 0.210938 0.137500 0.210938 0.184375 0.185938 0.184375
0 0.207813 0.137500 0.232813 0.137500 0.232813 0.184375 0.207813 0.184375
0 0.232813 0.140625 0.257812 0.140625 0.257812 0.187500 0.232813 0.187500
0 0.251563 0.132812 0.276562 0.132812 0.276562 0.179688 0.251563 0.179688
0 0.268750 0.140625 0.293750 0.140625 0.293750 0.187500 0.268750 0.187500
0 0.289062 0.135937 0.314063 0.135937 0.314063 0.182812 0.289062 0.182812
0 0.310937 0.135937 0.335938 0.135937 0.335938 0.182812 0.310937 0.182812
0 0.334375 0.137500 0.359375 0.137500 0.359375 0.184375 0.334375 0.184375
0 0.353125 0.135937 0.378125 0.135937 0.378125 0.182812 0.353125 0.182812
0 0.375000 0.140625 0.400000 0.140625 0.400000 0.187500 0.375000 0.187500
0 0.390625 0.132812 0.415625 0.132812 0.415625 0.179688 0.390625 0.179688
0 0.412500 0.134375 0.437500 0.134375 0.437500 0.181250 0.412500 0.181250
0 0.434375 0.142187 0.459375 0.142187 0.459375 0.189062 0.434375 0.189062
0 0.450000 0.134375 0.475000 0.134375 0.475000 0.181250 0.450000 0.181250
0 0.470313 0.139063 0.495312 0.139063 0.495312 0.185938 0.470313 0.185938
0 0.492188 0.139063 0.517188 0.139063 0.517188 0.185938 0.492188 0.185938
0 0.510938 0.135937 0.535937 0.135937 0.535937 0.182812 0.510938 0.182812
0 0.016406 0.190625 0.061719 0.190625 0.061719 0.221875 0.016406 0.221875
0 0.061719 0.181250 0.107031 0.181250 0.107031 0.212500 0.061719 0.212500
0 0.102344 0.184375 0.147656 0.184375 0.147656 0.215625 0.102344 0.215625
0 0.139844 0.182812 0.185156 0.182812 0.185156 0.214062 0.139844 0.214062
0 0.188281 0.181250 0.233594 0.181250 0.233594 0.212500 0.188281 0.212500
0 0.228906 0.182812 0.274219 0.182812 0.274219 0.214062 0.228906 0.214062
0 0.272656 0.184375 0.317969 0.184375 0.317969 0.215625 0.272656 0.215625
0 0.313281 0.184375 0.358594 0.184375 0.358594 0.215625 0.313281 0.215625
0 0.350781 0.190625 0.396094 0.190625 0.396094 0.221875 0.350781 0.221875
0 0.397656 0.184375 0.442969 0.184375 0.442969 0.215625 0.397656 0.215625
0 0.439844 0.184375 0.485156 0.184375 0.485156 0.215625 0.439844 0.215625
0 0.477344 0.187500 0.522656 0.187500 0.522656 0.218750 0.477344 0.218750
0 0.519531 0.187500 0.564844 0.187500 0.564844 0.218750 0.519531 0.218750
0 0.564844 0.181250 0.610156 0.181250 0.610156 0.212500 0.564844 0.212500
0 0.608594 0.190625 0.653906 0.190625 0.653906 0.221875 0.608594 0.221875
0 0.652344 0.181250 0.697656 0.181250 0.697656 0.212500 0.652344 0.212500
0 0.688281 0.189062 0.733594 0.189062 0.733594 0.220312 0.688281 0.220312
0 0.733594 0.187500 0.778906 0.187500 0.778906 0.218750 0.733594 0.218750
0 0.772656 0.190625 0.817969 0.190625 0.817969 0.221875 0.772656 0.221875
0 0.821094 0.182812 0.866406 0.182812 0.866406 0.214062 0.821094 0.214062
0 0.860156 0.187500 0.905469 0.187500 0.905469 0.218750 0.860156 0.218750
0 0.905469 0.187500 0.950781 0.187500 0.950781 0.218750 0.905469 0.218750
1 0.021875 0.210156 0.059375 0.210156 0.059375 0.249219 0.021875 0.249219
1 0.048438 0.205469 0.085938 0.205469 0.085938 0.244531 0.048438 0.244531
1 0.082812 0.205469 0.120313 0.205469 0.120313 0.244531 0.082812 0.244531
1 0.114062 0.214844 0.151562 0.214844 0.151562 0.253906 0.114062 0.253906
1 0.145313 0.213281 0.182812 0.213281 0.182812 0.252344 0.145313 0.252344
1 0.178125 0.213281 0.215625 0.213281 0.215625 0.252344 0.178125 0.252344
1 0.204687 0.214844 0.242188 0.214844 0.242188 0.253906 0.204687 0.253906
1 0.239063 0.207031 0.276562 0.207031 0.276562 0.246094 0.239063 0.246094
1 0.270313 0.213281 0.307812 0.213281 0.307812 0.252344 0.270313 0.252344
1 0.301563 0.214844 0.339062 0.214844 0.339062 0.253906 0.301563 0.253906
1 0.335938 0.214844 0.373437 0.214844 0.373437 0.253906 0.335938 0.253906
1 0.360938 0.213281 0.398438 0.213281 0.398438 0.252344 0.360938 0.252344
1 0.398438 0.211719 0.435937 0.211719 0.435937 0.250781 0.398438 0.250781
1 0.428125 0.213281 0.465625 0.213281 0.465625 0.252344 0.428125 0.252344
1 0.459375 0.214844 0.496875 0.214844 0.496875 0.253906 0.459375 0.253906
1 0.492188 0.205469 0.529687 0.205469 0.529687 0.244531 0.492188 0.244531
1 0.523438 0.208594 0.560937 0.208594 0.560937 0.247656 0.523438 0.247656
1 0.551562 0.205469 0.589063 0.205469 0.589063 0.244531 0.551562 0.244531
1 0.581250 0.207031 0.618750 0.207031 0.618750 0.246094 0.581250 0.246094
1 0.614062 0.211719 0.651563 0.211719 0.651563 0.250781 0.614062 0.250781
1 0.642188 0.213281 0.679688 0.213281 0.679688 0.252344 0.642188 0.252344
1 0.676562 0.205469 0.714063 0.205469 0.714063 0.244531 0.676562 0.244531
1 0.710938 0.207031 0.748437 0.207031 0.748437 0.246094 0.710938 0.246094
1 0.742188 0.205469 0.779687 0.205469 0.779687 0.244531 0.742188 0.244531
1 0.767188 0.211719 0.804688 0.211719 0.804688 0.250781 0.767188 0.250781