4 0.020313 0.030469 0.076563 0.030469 0.076563 0.188281 0.020313 0.188281
4 0.071875 0.028906 0.128125 0.028906 0.128125 0.186719 0.071875 0.186719
4 0.120313 0.022656 0.176563 0.022656 0.176563 0.180469 0.120313 0.180469
4 0.178125 0.028906 0.234375 0.028906 0.234375 0.186719 0.178125 0.186719
4 0.223438 0.025781 0.279687 0.025781 0.279687 0.183594 0.223438 0.183594
4 0.281250 0.025781 0.337500 0.025781 0.337500 0.183594 0.281250 0.183594
4 0.332813 0.030469 0.389062 0.030469 0.389062 0.188281 0.332813 0.188281
4 0.381250 0.027344 0.437500 0.027344 0.437500 0.185156 0.381250 0.185156
4 0.432812 0.021094 0.489063 0.021094 0.489063 0.178906 0.432812 0.178906
4 0.481250 0.022656 0.537500 0.022656 0.537500 0.180469 0.481250 0.180469
4 0.539062 0.028906 0.595313 0.028906 0.595313 0.186719 0.539062 0.186719
4 0.584375 0.022656 0.640625 0.022656 0.640625 0.180469 0.584375 0.180469
4 0.639062 0.028906 0.695312 0.028906 0.695312 0.186719 0.639062 0.186719
4 0.692187 0.022656 0.748437 0.022656 0.748437 0.180469 0.692187 0.180469
4 0.742188 0.028906 0.798438 0.028906 0.798438 0.186719 0.742188 0.186719
4 0.793750 0.028906 0.850000 0.028906 0.850000 0.186719 0.793750 0.186719
4 0.848437 0.024219 0.904687 0.024219 0.904687 0.182031 0.848437 0.182031
4 0.893750 0.027344 0.950000 0.027344 0.950000 0.185156 0.893750 0.185156
1 0.036719 0.226562 0.066406 0.226562 0.066406 0.282813 0.036719 0.282813
1 0.053906 0.231250 0.083594 0.231250 0.083594 0.287500 0.053906 0.287500
1 0.080469 0.231250 0.110156 0.231250 0.110156 0.287500 0.080469 0.287500
1 0.105469 0.228125 0.135156 0.228125 0.135156 0.284375 0.105469 0.284375
1 0.124219 0.228125 0.153906 0.228125 0.153906 0.284375 0.124219 0.284375
1 0.149219 0.232813 0.178906 0.232813 0.178906 0.289062 0.149219 0.289062
1 0.175781 0.234375 0.205469 0.234375 0.205469 0.290625 0.175781 0.290625
1 0.199219 0.229687 0.228906 0.229687 0.228906 0.285938 0.199219 0.285938
1 0.219531 0.232813 0.249219 0.232813 0.249219 0.289062 0.219531 0.289062
1 0.244531 0.228125 0.274219 0.228125 0.274219 0.284375 0.244531 0.284375
1 0.266406 0.234375 0.296094 0.234375 0.296094 0.290625 0.266406 0.290625
1 0.289844 0.232813 0.319531 0.232813 0.319531 0.289062 0.289844 0.289062
1 0.311719 0.232813 0.341406 0.232813 0.341406 0.289062 0.311719 0.289062
1 0.339844 0.226562 0.369531 0.226562 0.369531 0.282813 0.339844 0.282813
1 0.364844 0.225000 0.394531 0.225000 0.394531 0.281250 0.364844 0.281250
1 0.385156 0.225000 0.414844 0.225000 0.414844 0.281250 0.385156 0.281250
1 0.411719 0.234375 0.441406 0.234375 0.441406 0.290625 0.411719 0.290625
1 0.435156 0.228125 0.464844 0.228125 0.464844 0.284375 0.435156 0.284375
1 0.457031 0.231250 0.486719 0.231250 0.486719 0.287500 0.457031 0.287500
1 0.477344 0.229687 0.507031 0.229687 0.507031 0.285938 0.477344 0.285938
1 0.503906 0.225000 0.533594 0.225000 0.533594 0.281250 0.503906 0.281250
1 0.527344 0.225000 0.557031 0.225000 0.557031 0.281250 0.527344 0.281250
1 0.550781 0.225000 0.580469 0.225000 0.580469 0.281250 0.550781 0.281250
1 0.574219 0.232813 0.603906 0.232813 0.603906 0.289062 0.574219 0.289062
1 0.594531 0.232813 0.624219 0.232813 0.624219 0.289062 0.594531 0.289062
4 0.028125 0.239063 0.075000 0.239063 0.075000 0.373437 0.028125 0.373437
4 0.064062 0.237500 0.110937 0.237500 0.110937 0.371875 0.064062 0.371875
4 0.107813 0.242188 0.154688 0.242188 0.154688 0.376563 0.107813 0.376563
4 0.143750 0.243750 0.190625 0.243750 0.190625 0.378125 0.143750 0.378125
4 0.190625 0.240625 0.237500 0.240625 0.237500 0.375000 0.190625 0.375000
4 0.228125 0.240625 0.275000 0.240625 0.275000 0.375000 0.228125 0.375000
4 0.270313 0.245312 0.317188 0.245312 0.317188 0.379688 0.270313 0.379688
4 0.310937 0.237500 0.357812 0.237500 0.357812 0.371875 0.310937 0.371875
4 0.353125 0.235937 0.400000 0.235937 0.400000 0.370312 0.353125 0.370312
4 0.392188 0.243750 0.439063 0.243750 0.439063 0.378125 0.392188 0.378125
4 0.431250 0.243750 0.478125 0.243750 0.478125 0.378125 0.431250 0.378125
4 0.470313 0.245312 0.517188 0.245312 0.517188 0.379688 0.470313 0.379688
4 0.512500 0.242188 0.559375 0.242188 0.559375 0.376563 0.512500 0.376563
4 0.551562 0.243750 0.598437 0.243750 0.598437 0.378125 0.551562 0.378125
4 0.595313 0.242188 0.642188 0.242188 0.642188 0.376563 0.595313 0.376563
4 0.637500 0.245312 0.684375 0.245312 0.684375 0.379688 0.637500 0.379688
4 0.676562 0.235937 0.723437 0.235937 0.723437 0.370312 0.676562 0.370312
4 0.718750 0.237500 0.765625 0.237500 0.765625 0.371875 0.718750 0.371875
4 0.756250 0.245312 0.803125 0.245312 0.803125 0.379688 0.756250 0.379688
4 0.795312 0.235937 0.842187 0.235937 0.842187 0.370312 0.795312 0.370312
4 0.837500 0.237500 0.884375 0.237500 0.884375 0.371875 0.837500 0.371875
4 0.875000 0.235937 0.921875 0.235937 0.921875 0.370312 0.875000 0.370312
4 0.917188 0.245312 0.964063 0.245312 0.964063 0.379688 0.917188 0.379688
1 0.041406 0.423438 0.055469 0.423438 0.055469 0.442188 0.041406 0.442188
1 0.057031 0.415625 0.071094 0.415625 0.071094 0.434375 0.057031 0.434375
1 0.066406 0.417187 0.080469 0.417187 0.080469 0.435937 0.066406 0.435937
1 0.080469 0.418750 0.094531 0.418750 0.094531 0.437500 0.080469 0.437500
1 0.091406 0.417187 0.105469 0.417187 0.105469 0.435937 0.091406 0.435937
1 0.100781 0.415625 0.114844 0.415625 0.114844 0.434375 0.100781 0.434375
1 0.113281 0.415625 0.127344 0.415625 0.127344 0.434375 0.113281 0.434375
1 0.128906 0.414062 0.142969 0.414062 0.142969 0.432812 0.128906 0.432812
1 0.139844 0.415625 0.153906 0.415625 0.153906 0.434375 0.139844 0.434375
1 0.157031 0.418750 0.171094 0.418750 0.171094 0.437500 0.157031 0.437500
1 0.164844 0.414062 0.178906 0.414062 0.178906 0.432812 0.164844 0.432812
1 0.177344 0.414062 0.191406 0.414062 0.191406 0.432812 0.177344 0.432812
1 0.191406 0.417187 0.205469 0.417187 0.205469 0.435937 0.191406 0.435937
1 0.207031 0.418750 0.221094 0.418750 0.221094 0.437500 0.207031 0.437500
1 0.216406 0.421875 0.230469 0.421875 0.230469 0.440625 0.216406 0.440625
1 0.232031 0.417187 0.246094 0.417187 0.246094 0.435937 0.232031 0.435937
1 0.244531 0.417187 0.258594 0.417187 0.258594 0.435937 0.244531 0.435937
1 0.252344 0.417187 0.266406 0.417187 0.266406 0.435937 0.252344 0.435937
1 0.263281 0.418750 0.277344 0.418750 0.277344 0.437500 0.263281 0.437500
1 0.275781 0.418750 0.289844 0.418750 0.289844 0.437500 0.275781 0.437500
1 0.291406 0.415625 0.305469 0.415625 0.305469 0.434375 0.291406 0.434375
1 0.305469 0.414062 0.319531 0.414062 0.319531 0.432812 0.305469 0.432812
1 0.316406 0.423438 0.330469 0.423438 0.330469 0.442188 0.316406 0.442188
1 0.325781 0.414062 0.339844 0.414062 0.339844 0.432812 0.325781 0.432812
1 0.344531 0.420312 0.358594 0.420312 0.358594 0.439063 0.344531 0.439063
4 0.116406 0.244531 0.258594 0.244531 0.258594 0.642969 0.116406 0.642969
4 0.252344 0.241406 0.394531 0.241406 0.394531 0.639844 0.252344 0.639844
4 0.389844 0.244531 0.532031 0.244531 0.532031 0.642969 0.389844 0.642969
4 0.525781 0.250781 0.667969 0.250781 0.667969 0.649219 0.525781 0.649219
4 0.664844 0.246094 0.807031 0.246094 0.807031 0.644531 0.664844 0.644531
1 0.038281 0.805469 0.064844 0.805469 0.064844 0.838281 0.038281 0.838281
1 0.057031 0.803906 0.083594 0.803906 0.083594 0.836719 0.057031 0.836719
1 0.080469 0.800781 0.107031 0.800781 0.107031 0.833594 0.080469 0.833594
1 0.105469 0.805469 0.132031 0.805469 0.132031 0.838281 0.105469 0.838281
1 0.125781 0.797656 0.152344 0.797656 0.152344 0.830469 0.125781 0.830469
1 0.155469 0.807031 0.182031 0.807031 0.182031 0.839844 0.155469 0.839844
1 0.172656 0.807031 0.199219 0.807031 0.199219 0.839844 0.172656 0.839844
1 0.200781 0.803906 0.227344 0.803906 0.227344 0.836719 0.200781 0.836719
1 0.219531 0.799219 0.246094 0.799219 0.246094 0.832031 0.219531 0.832031
1 0.246094 0.799219 0.272656 0.799219 0.272656 0.832031 0.246094 0.832031
1 0.267969 0.807031 0.294531 0.807031 0.294531 0.839844 0.267969 0.839844
1 0.296094 0.800781 0.322656 0.800781 0.322656 0.833594 0.296094 0.833594
1 0.316406 0.803906 0.342969 0.803906 0.342969 0.836719 0.316406 0.836719
1 0.338281 0.799219 0.364844 0.799219 0.364844 0.832031 0.338281 0.832031
1 0.360156 0.803906 0.386719 0.803906 0.386719 0.836719 0.360156 0.836719
1 0.386719 0.807031 0.413281 0.807031 0.413281 0.839844 0.386719 0.839844
1 0.410156 0.797656 0.436719 0.797656 0.436719 0.830469 0.410156 0.830469
1 0.435156 0.802344 0.461719 0.802344 0.461719 0.835156 0.435156 0.835156
1 0.453906 0.802344 0.480469 0.802344 0.480469 0.835156 0.453906 0.835156
1 0.480469 0.805469 0.507031 0.805469 0.507031 0.838281 0.480469 0.838281
1 0.507031 0.805469 0.533594 0.805469 0.533594 0.838281 0.507031 0.838281
1 0.528906 0.803906 0.555469 0.803906 0.555469 0.836719 0.528906 0.836719
1 0.549219 0.807031 0.575781 0.807031 0.575781 0.839844 0.549219 0.839844
1 0.577344 0.803906 0.603906 0.803906 0.603906 0.836719 0.577344 0.836719
1 0.600781 0.803906 0.627344 0.803906 0.627344 0.836719 0.600781 0.836719
4 0.008594 0.736719 0.094531 0.736719 0.094531 0.966406 0.008594 0.966406
4 0.074219 0.730469 0.160156 0.730469 0.160156 0.960156 0.074219 0.960156
4 0.144531 0.733594 0.230469 0.733594 0.230469 0.963281 0.144531 0.963281
4 0.210156 0.738281 0.296094 0.738281 0.296094 0.967969 0.210156 0.967969
4 0.283594 0.735156 0.369531 0.735156 0.369531 0.964844 0.283594 0.964844
4 0.352344 0.735156 0.438281 0.735156 0.438281 0.964844 0.352344 0.964844
4 0.416406 0.738281 0.502344 0.738281 0.502344 0.967969 0.416406 0.967969
4 0.486719 0.735156 0.572656 0.735156 0.572656 0.964844 0.486719 0.964844
4 0.557031 0.733594 0.642969 0.733594 0.642969 0.963281 0.557031 0.963281
4 0.621094 0.732031 0.707031 0.732031 0.707031 0.961719 0.621094 0.961719
4 0.696094 0.730469 0.782031 0.730469 0.782031 0.960156 0.696094 0.960156
4 0.758594 0.728906 0.844531 0.728906 0.844531 0.958594 0.758594 0.958594
4 0.827344 0.730469 0.913281 0.730469 0.913281 0.960156 0.827344 0.960156