1 0.029687 0.050000 0.076563 0.050000 0.076563 0.100000 0.029687 0.100000
1 0.070312 0.048438 0.117188 0.048438 0.117188 0.098437 0.070312 0.098437
1 0.110937 0.048438 0.157812 0.048438 0.157812 0.098437 0.110937 0.098437
1 0.143750 0.048438 0.190625 0.048438 0.190625 0.098437 0.143750 0.098437
1 0.185938 0.056250 0.232813 0.056250 0.232813 0.106250 0.185938 0.106250
1 0.223438 0.053125 0.270313 0.053125 0.270313 0.103125 0.223438 0.103125
1 0.267188 0.050000 0.314063 0.050000 0.314063 0.100000 0.267188 0.100000
1 0.306250 0.050000 0.353125 0.050000 0.353125 0.100000 0.306250 0.100000
1 0.339062 0.056250 0.385937 0.056250 0.385937 0.106250 0.339062 0.106250
1 0.379688 0.053125 0.426563 0.053125 0.426563 0.103125 0.379688 0.103125
1 0.420312 0.050000 0.467187 0.050000 0.467187 0.100000 0.420312 0.100000
1 0.457813 0.050000 0.504687 0.050000 0.504687 0.100000 0.457813 0.100000
1 0.501563 0.053125 0.548438 0.053125 0.548438 0.103125 0.501563 0.103125
1 0.539062 0.056250 0.585938 0.056250 0.585938 0.106250 0.539062 0.106250
1 0.579688 0.050000 0.626563 0.050000 0.626563 0.100000 0.579688 0.100000
1 0.618750 0.053125 0.665625 0.053125 0.665625 0.103125 0.618750 0.103125
1 0.651563 0.054688 0.698438 0.054688 0.698438 0.104688 0.651563 0.104688
1 0.690625 0.050000 0.737500 0.050000 0.737500 0.100000 0.690625 0.100000
1 0.732812 0.050000 0.779687 0.050000 0.779687 0.100000 0.732812 0.100000
1 0.770312 0.050000 0.817187 0.050000 0.817187 0.100000 0.770312 0.100000
1 0.809375 0.051562 0.856250 0.051562 0.856250 0.101562 0.809375 0.101562
1 0.851562 0.054688 0.898438 0.054688 0.898438 0.104688 0.851562 0.104688
1 0.892188 0.050000 0.939063 0.050000 0.939063 0.100000 0.892188 0.100000
1 0.929688 0.056250 0.976562 0.056250 0.976562 0.106250 0.929688 0.106250
1 0.024219 0.078125 0.078906 0.078125 0.078906 0.181250 0.024219 0.181250
1 0.078906 0.079687 0.133594 0.079687 0.133594 0.182812 0.078906 0.182812
1 0.124219 0.070312 0.178906 0.070312 0.178906 0.173437 0.124219 0.173437
1 0.172656 0.075000 0.227344 0.075000 0.227344 0.178125 0.172656 0.178125
1 0.224219 0.070312 0.278906 0.070312 0.278906 0.173437 0.224219 0.173437
1 0.272656 0.078125 0.327344 0.078125 0.327344 0.181250 0.272656 0.181250
1 0.325781 0.070312 0.380469 0.070312 0.380469 0.173437 0.325781 0.173437
1 0.375781 0.079687 0.430469 0.079687 0.430469 0.182812 0.375781 0.182812
1 0.427344 0.075000 0.482031 0.075000 0.482031 0.178125 0.427344 0.178125
1 0.474219 0.070312 0.528906 0.070312 0.528906 0.173437 0.474219 0.173437
1 0.525781 0.073438 0.580469 0.073438 0.580469 0.176563 0.525781 0.176563
1 0.577344 0.070312 0.632031 0.070312 0.632031 0.173437 0.577344 0.173437
1 0.628906 0.073438 0.683594 0.073438 0.683594 0.176563 0.628906 0.176563
1 0.675781 0.078125 0.730469 0.078125 0.730469 0.181250 0.675781 0.181250
1 0.724219 0.071875 0.778906 0.071875 0.778906 0.175000 0.724219 0.175000
1 0.774219 0.075000 0.828906 0.075000 0.828906 0.178125 0.774219 0.178125
1 0.822656 0.075000 0.877344 0.075000 0.877344 0.178125 0.822656 0.178125
1 0.874219 0.070312 0.928906 0.070312 0.928906 0.173437 0.874219 0.173437
1 0.039062 0.211719 0.073438 0.211719 0.073438 0.247656 0.039062 0.247656
1 0.060937 0.202344 0.095312 0.202344 0.095312 0.238281 0.060937 0.238281
1 0.093750 0.203906 0.128125 0.203906 0.128125 0.239844 0.093750 0.239844
1 0.121875 0.208594 0.156250 0.208594 0.156250 0.244531 0.121875 0.244531
1 0.151562 0.202344 0.185938 0.202344 0.185938 0.238281 0.151562 0.238281
1 0.178125 0.202344 0.212500 0.202344 0.212500 0.238281 0.178125 0.238281
1 0.207813 0.203906 0.242188 0.203906 0.242188 0.239844 0.207813 0.239844
1 0.232813 0.210156 0.267188 0.210156 0.267188 0.246094 0.232813 0.246094
1 0.264062 0.203906 0.298438 0.203906 0.298438 0.239844 0.264062 0.239844
1 0.285938 0.210156 0.320312 0.210156 0.320312 0.246094 0.285938 0.246094
1 0.317188 0.210156 0.351562 0.210156 0.351562 0.246094 0.317188 0.246094
1 0.348438 0.208594 0.382812 0.208594 0.382812 0.244531 0.348438 0.244531
1 0.370312 0.208594 0.404687 0.208594 0.404687 0.244531 0.370312 0.244531
1 0.403125 0.210156 0.437500 0.210156 0.437500 0.246094 0.403125 0.246094
1 0.432812 0.203906 0.467187 0.203906 0.467187 0.239844 0.432812 0.239844
1 0.457813 0.207031 0.492188 0.207031 0.492188 0.242969 0.457813 0.242969
1 0.489063 0.211719 0.523438 0.211719 0.523438 0.247656 0.489063 0.247656
1 0.512500 0.208594 0.546875 0.208594 0.546875 0.244531 0.512500 0.244531
1 0.539062 0.202344 0.573438 0.202344 0.573438 0.238281 0.539062 0.238281
1 0.571875 0.203906 0.606250 0.203906 0.606250 0.239844 0.571875 0.239844
1 0.600000 0.205469 0.634375 0.205469 0.634375 0.241406 0.600000 0.241406
1 0.623437 0.203906 0.657813 0.203906 0.657813 0.239844 0.623437 0.239844
1 0.653125 0.205469 0.687500 0.205469 0.687500 0.241406 0.653125 0.241406
1 0.684375 0.202344 0.718750 0.202344 0.718750 0.238281 0.684375 0.238281
1 0.712500 0.210156 0.746875 0.210156 0.746875 0.246094 0.712500 0.246094
1 0.033594 0.222656 0.069531 0.222656 0.069531 0.289844 0.033594 0.289844
1 0.069531 0.225781 0.105469 0.225781 0.105469 0.292969 0.069531 0.292969
1 0.102344 0.221094 0.138281 0.221094 0.138281 0.288281 0.102344 0.288281
1 0.133594 0.230469 0.169531 0.230469 0.169531 0.297656 0.133594 0.297656
1 0.166406 0.225781 0.202344 0.225781 0.202344 0.292969 0.166406 0.292969
1 0.199219 0.230469 0.235156 0.230469 0.235156 0.297656 0.199219 0.297656
1 0.228906 0.224219 0.264844 0.224219 0.264844 0.291406 0.228906 0.291406
1 0.264844 0.228906 0.300781 0.228906 0.300781 0.296094 0.264844 0.296094
1 0.300781 0.228906 0.336719 0.228906 0.336719 0.296094 0.300781 0.296094
1 0.327344 0.221094 0.363281 0.221094 0.363281 0.288281 0.327344 0.288281
1 0.364844 0.224219 0.400781 0.224219 0.400781 0.291406 0.364844 0.291406
1 0.396094 0.224219 0.432031 0.224219 0.432031 0.291406 0.396094 0.291406
1 0.428906 0.230469 0.464844 0.230469 0.464844 0.297656 0.428906 0.297656
1 0.461719 0.227344 0.497656 0.227344 0.497656 0.294531 0.461719 0.294531
1 0.491406 0.224219 0.527344 0.224219 0.527344 0.291406 0.491406 0.291406
1 0.527344 0.224219 0.563281 0.224219 0.563281 0.291406 0.527344 0.291406
1 0.558594 0.227344 0.594531 0.227344 0.594531 0.294531 0.558594 0.294531
1 0.594531 0.224219 0.630469 0.224219 0.630469 0.291406 0.594531 0.291406
1 0.624219 0.230469 0.660156 0.230469 0.660156 0.297656 0.624219 0.297656
1 0.655469 0.221094 0.691406 0.221094 0.691406 0.288281 0.655469 0.288281
1 0.692969 0.224219 0.728906 0.224219 0.728906 0.291406 0.692969 0.291406
1 0.725781 0.224219 0.761719 0.224219 0.761719 0.291406 0.725781 0.291406
1 0.755469 0.221094 0.791406 0.221094 0.791406 0.288281 0.755469 0.288281
1 0.786719 0.221094 0.822656 0.221094 0.822656 0.288281 0.786719 0.288281
1 0.824219 0.221094 0.860156 0.221094 0.860156 0.288281 0.824219 0.288281
1 0.027344 0.290625 0.085156 0.290625 0.085156 0.365625 0.027344 0.365625
1 0.074219 0.290625 0.132031 0.290625 0.132031 0.365625 0.074219 0.365625
1 0.128906 0.285938 0.186719 0.285938 0.186719 0.360938 0.128906 0.360938
1 0.178906 0.282813 0.236719 0.282813 0.236719 0.357812 0.178906 0.357812
1 0.232031 0.284375 0.289844 0.284375 0.289844 0.359375 0.232031 0.359375
1 0.278906 0.289062 0.336719 0.289062 0.336719 0.364063 0.278906 0.364063
1 0.335156 0.292187 0.392969 0.292187 0.392969 0.367188 0.335156 0.367188
1 0.386719 0.289062 0.444531 0.289062 0.444531 0.364063 0.386719 0.364063
1 0.435156 0.284375 0.492969 0.284375 0.492969 0.359375 0.435156 0.359375
1 0.489844 0.284375 0.547656 0.284375 0.547656 0.359375 0.489844 0.359375
1 0.536719 0.285938 0.594531 0.285938 0.594531 0.360938 0.536719 0.360938
1 0.594531 0.287500 0.652344 0.287500 0.652344 0.362500 0.594531 0.362500
1 0.642969 0.292187 0.700781 0.292187 0.700781 0.367188 0.642969 0.367188
1 0.696094 0.285938 0.753906 0.285938 0.753906 0.360938 0.696094 0.360938
1 0.747656 0.289062 0.805469 0.289062 0.805469 0.364063 0.747656 0.364063
1 0.799219 0.284375 0.857031 0.284375 0.857031 0.359375 0.799219 0.359375
1 0.846094 0.285938 0.903906 0.285938 0.903906 0.360938 0.846094 0.360938
1 0.900781 0.290625 0.958594 0.290625 0.958594 0.365625 0.900781 0.365625