1 0.035156 0.176563 0.083594 0.176563 0.083594 0.229687 0.035156 0.229687
1 0.078906 0.184375 0.127344 0.184375 0.127344 0.237500 0.078906 0.237500
1 0.119531 0.178125 0.167969 0.178125 0.167969 0.231250 0.119531 0.231250
1 0.161719 0.175000 0.210156 0.175000 0.210156 0.228125 0.161719 0.228125
1 0.199219 0.182812 0.247656 0.182812 0.247656 0.235937 0.199219 0.235937
1 0.239844 0.175000 0.288281 0.175000 0.288281 0.228125 0.239844 0.228125
1 0.283594 0.175000 0.332031 0.175000 0.332031 0.228125 0.283594 0.228125
1 0.319531 0.181250 0.367969 0.181250 0.367969 0.234375 0.319531 0.234375
1 0.361719 0.176563 0.410156 0.176563 0.410156 0.229687 0.361719 0.229687
1 0.407031 0.182812 0.455469 0.182812 0.455469 0.235937 0.407031 0.235937
1 0.447656 0.179688 0.496094 0.179688 0.496094 0.232813 0.447656 0.232813
1 0.483594 0.181250 0.532031 0.181250 0.532031 0.234375 0.483594 0.234375
1 0.528906 0.175000 0.577344 0.175000 0.577344 0.228125 0.528906 0.228125
1 0.564844 0.181250 0.613281 0.181250 0.613281 0.234375 0.564844 0.234375
1 0.610156 0.178125 0.658594 0.178125 0.658594 0.231250 0.610156 0.231250
1 0.649219 0.184375 0.697656 0.184375 0.697656 0.237500 0.649219 0.237500
1 0.686719 0.182812 0.735156 0.182812 0.735156 0.235937 0.686719 0.235937
1 0.727344 0.181250 0.775781 0.181250 0.775781 0.234375 0.727344 0.234375
1 0.766406 0.179688 0.814844 0.179688 0.814844 0.232813 0.766406 0.232813
1 0.813281 0.176563 0.861719 0.176563 0.861719 0.229687 0.813281 0.229687
1 0.849219 0.182812 0.897656 0.182812 0.897656 0.235937 0.849219 0.235937
1 0.892969 0.178125 0.941406 0.178125 0.941406 0.231250 0.892969 0.231250
1 0.928906 0.178125 0.977344 0.178125 0.977344 0.231250 0.928906 0.231250
2 0.038281 0.171875 0.083594 0.171875 0.083594 0.331250 0.038281 0.331250
2 0.082031 0.178125 0.127344 0.178125 0.127344 0.337500 0.082031 0.337500
2 0.119531 0.170313 0.164844 0.170313 0.164844 0.329688 0.119531 0.329688
2 0.157031 0.173437 0.202344 0.173437 0.202344 0.332813 0.157031 0.332813
2 0.196094 0.168750 0.241406 0.168750 0.241406 0.328125 0.196094 0.328125
2 0.238281 0.176563 0.283594 0.176563 0.283594 0.335938 0.238281 0.335938
2 0.275781 0.176563 0.321094 0.176563 0.321094 0.335938 0.275781 0.335938
2 0.314844 0.170313 0.360156 0.170313 0.360156 0.329688 0.314844 0.329688
2 0.349219 0.178125 0.394531 0.178125 0.394531 0.337500 0.349219 0.337500
2 0.394531 0.176563 0.439844 0.176563 0.439844 0.335938 0.394531 0.335938
2 0.428906 0.170313 0.474219 0.170313 0.474219 0.329688 0.428906 0.329688
2 0.472656 0.170313 0.517969 0.170313 0.517969 0.329688 0.472656 0.329688
2 0.508594 0.175000 0.553906 0.175000 0.553906 0.334375 0.508594 0.334375
2 0.546094 0.171875 0.591406 0.171875 0.591406 0.331250 0.546094 0.331250
2 0.583594 0.170313 0.628906 0.170313 0.628906 0.329688 0.583594 0.329688
2 0.622656 0.170313 0.667969 0.170313 0.667969 0.329688 0.622656 0.329688
2 0.667969 0.171875 0.713281 0.171875 0.713281 0.331250 0.667969 0.331250
2 0.707031 0.175000 0.752344 0.175000 0.752344 0.334375 0.707031 0.334375
2 0.739844 0.170313 0.785156 0.170313 0.785156 0.329688 0.739844 0.329688
2 0.782031 0.175000 0.827344 0.175000 0.827344 0.334375 0.782031 0.334375
2 0.821094 0.171875 0.866406 0.171875 0.866406 0.331250 0.821094 0.331250
2 0.860156 0.178125 0.905469 0.178125 0.905469 0.337500 0.860156 0.337500
2 0.900781 0.178125 0.946094 0.178125 0.946094 0.337500 0.900781 0.337500
2 0.939844 0.175000 0.985156 0.175000 0.985156 0.334375 0.939844 0.334375
1 0.045312 0.380469 0.076563 0.380469 0.076563 0.413281 0.045312 0.413281
1 0.073438 0.378906 0.104688 0.378906 0.104688 0.411719 0.073438 0.411719
1 0.096875 0.382031 0.128125 0.382031 0.128125 0.414844 0.096875 0.414844
1 0.128125 0.377344 0.159375 0.377344 0.159375 0.410156 0.128125 0.410156
1 0.153125 0.375781 0.184375 0.375781 0.184375 0.408594 0.153125 0.408594
1 0.181250 0.372656 0.212500 0.372656 0.212500 0.405469 0.181250 0.405469
1 0.204687 0.380469 0.235937 0.380469 0.235937 0.413281 0.204687 0.413281
1 0.235937 0.380469 0.267188 0.380469 0.267188 0.413281 0.235937 0.413281
1 0.257812 0.377344 0.289062 0.377344 0.289062 0.410156 0.257812 0.410156
1 0.284375 0.374219 0.315625 0.374219 0.315625 0.407031 0.284375 0.407031
1 0.309375 0.378906 0.340625 0.378906 0.340625 0.411719 0.309375 0.411719
1 0.342187 0.377344 0.373437 0.377344 0.373437 0.410156 0.342187 0.410156
1 0.365625 0.372656 0.396875 0.372656 0.396875 0.405469 0.365625 0.405469
1 0.390625 0.378906 0.421875 0.378906 0.421875 0.411719 0.390625 0.411719
1 0.418750 0.374219 0.450000 0.374219 0.450000 0.407031 0.418750 0.407031
1 0.448437 0.374219 0.479687 0.374219 0.479687 0.407031 0.448437 0.407031
1 0.471875 0.372656 0.503125 0.372656 0.503125 0.405469 0.471875 0.405469
1 0.498437 0.375781 0.529687 0.375781 0.529687 0.408594 0.498437 0.408594
1 0.526563 0.377344 0.557813 0.377344 0.557813 0.410156 0.526563 0.410156
1 0.553125 0.378906 0.584375 0.378906 0.584375 0.411719 0.553125 0.411719
1 0.576562 0.374219 0.607812 0.374219 0.607812 0.407031 0.576562 0.407031
1 0.607812 0.375781 0.639062 0.375781 0.639062 0.408594 0.607812 0.408594
1 0.631250 0.380469 0.662500 0.380469 0.662500 0.413281 0.631250 0.413281
1 0.657813 0.382031 0.689063 0.382031 0.689063 0.414844 0.657813 0.414844
1 0.682813 0.378906 0.714063 0.378906 0.714063 0.411719 0.682813 0.411719
2 0.114062 0.238281 0.254688 0.238281 0.254688 0.611719 0.114062 0.611719
2 0.240625 0.236719 0.381250 0.236719 0.381250 0.610156 0.240625 0.610156
2 0.367188 0.235156 0.507812 0.235156 0.507812 0.608594 0.367188 0.608594
2 0.489063 0.230469 0.629687 0.230469 0.629687 0.603906 0.489063 0.603906
2 0.617188 0.235156 0.757812 0.235156 0.757812 0.608594 0.617188 0.608594
2 0.739062 0.238281 0.879687 0.238281 0.879687 0.611719 0.739062 0.611719
1 0.050781 0.784375 0.080469 0.784375 0.080469 0.840625 0.050781 0.840625
1 0.069531 0.779687 0.099219 0.779687 0.099219 0.835938 0.069531 0.835938
1 0.091406 0.779687 0.121094 0.779687 0.121094 0.835938 0.091406 0.835938
1 0.117969 0.778125 0.147656 0.778125 0.147656 0.834375 0.117969 0.834375
1 0.142969 0.779687 0.172656 0.779687 0.172656 0.835938 0.142969 0.835938
1 0.164844 0.779687 0.194531 0.779687 0.194531 0.835938 0.164844 0.835938
1 0.186719 0.784375 0.216406 0.784375 0.216406 0.840625 0.186719 0.840625
1 0.213281 0.776563 0.242969 0.776563 0.242969 0.832812 0.213281 0.832812
1 0.233594 0.782813 0.263281 0.782813 0.263281 0.839063 0.233594 0.839063
1 0.261719 0.785937 0.291406 0.785937 0.291406 0.842187 0.261719 0.842187
1 0.280469 0.778125 0.310156 0.778125 0.310156 0.834375 0.280469 0.834375
1 0.305469 0.778125 0.335156 0.778125 0.335156 0.834375 0.305469 0.834375
1 0.332031 0.784375 0.361719 0.784375 0.361719 0.840625 0.332031 0.840625
1 0.352344 0.784375 0.382031 0.784375 0.382031 0.840625 0.352344 0.840625
1 0.377344 0.782813 0.407031 0.782813 0.407031 0.839063 0.377344 0.839063
1 0.400781 0.782813 0.430469 0.782813 0.430469 0.839063 0.400781 0.839063
1 0.421094 0.782813 0.450781 0.782813 0.450781 0.839063 0.421094 0.839063
1 0.449219 0.785937 0.478906 0.785937 0.478906 0.842187 0.449219 0.842187
1 0.467969 0.779687 0.497656 0.779687 0.497656 0.835938 0.467969 0.835938
1 0.492969 0.784375 0.522656 0.784375 0.522656 0.840625 0.492969 0.840625
1 0.513281 0.784375 0.542969 0.784375 0.542969 0.840625 0.513281 0.840625
1 0.541406 0.782813 0.571094 0.782813 0.571094 0.839063 0.541406 0.839063
1 0.566406 0.779687 0.596094 0.779687 0.596094 0.835938 0.566406 0.835938
1 0.586719 0.784375 0.616406 0.784375 0.616406 0.840625 0.586719 0.840625
1 0.611719 0.784375 0.641406 0.784375 0.641406 0.840625 0.611719 0.840625
2 0.048438 0.825000 0.070312 0.825000 0.070312 0.909375 0.048438 0.909375
2 0.071875 0.828125 0.093750 0.828125 0.093750 0.912500 0.071875 0.912500
2 0.084375 0.825000 0.106250 0.825000 0.106250 0.909375 0.084375 0.909375
2 0.106250 0.826562 0.128125 0.826562 0.128125 0.910937 0.106250 0.910937
2 0.121875 0.823438 0.143750 0.823438 0.143750 0.907813 0.121875 0.907813
2 0.140625 0.826562 0.162500 0.826562 0.162500 0.910937 0.140625 0.910937
2 0.157812 0.825000 0.179688 0.825000 0.179688 0.909375 0.157812 0.909375
2 0.175000 0.820312 0.196875 0.820312 0.196875 0.904687 0.175000 0.904687
2 0.187500 0.823438 0.209375 0.823438 0.209375 0.907813 0.187500 0.907813
2 0.203125 0.823438 0.225000 0.823438 0.225000 0.907813 0.203125 0.907813
2 0.221875 0.823438 0.243750 0.823438 0.243750 0.907813 0.221875 0.907813
2 0.243750 0.825000 0.265625 0.825000 0.265625 0.909375 0.243750 0.909375
2 0.259375 0.829688 0.281250 0.829688 0.281250 0.914062 0.259375 0.914062
2 0.276562 0.820312 0.298438 0.820312 0.298438 0.904687 0.276562 0.904687
2 0.292187 0.829688 0.314063 0.829688 0.314063 0.914062 0.292187 0.914062
2 0.307812 0.826562 0.329688 0.826562 0.329688 0.910937 0.307812 0.910937
2 0.325000 0.820312 0.346875 0.820312 0.346875 0.904687 0.325000 0.904687
2 0.346875 0.826562 0.368750 0.826562 0.368750 0.910937 0.346875 0.910937
2 0.357812 0.829688 0.379688 0.829688 0.379688 0.914062 0.357812 0.914062
2 0.378125 0.826562 0.400000 0.826562 0.400000 0.910937 0.378125 0.910937
2 0.392188 0.820312 0.414062 0.820312 0.414062 0.904687 0.392188 0.904687
2 0.415625 0.826562 0.437500 0.826562 0.437500 0.910937 0.415625 0.910937
2 0.428125 0.821875 0.450000 0.821875 0.450000 0.906250 0.428125 0.906250
2 0.450000 0.828125 0.471875 0.828125 0.471875 0.912500 0.450000 0.912500
2 0.462500 0.828125 0.484375 0.828125 0.484375 0.912500 0.462500 0.912500