2 0.025000 0.045312 0.062500 0.045312 0.062500 0.182812 0.025000 0.182812
2 0.053125 0.043750 0.090625 0.043750 0.090625 0.181250 0.053125 0.181250
2 0.082812 0.043750 0.120313 0.043750 0.120313 0.181250 0.082812 0.181250
2 0.115625 0.040625 0.153125 0.040625 0.153125 0.178125 0.115625 0.178125
2 0.145313 0.042188 0.182812 0.042188 0.182812 0.179688 0.145313 0.179688
2 0.178125 0.046875 0.215625 0.046875 0.215625 0.184375 0.178125 0.184375
2 0.206250 0.040625 0.243750 0.040625 0.243750 0.178125 0.206250 0.178125
2 0.237500 0.039062 0.275000 0.039062 0.275000 0.176563 0.237500 0.176563
2 0.275000 0.046875 0.312500 0.046875 0.312500 0.184375 0.275000 0.184375
2 0.306250 0.039062 0.343750 0.039062 0.343750 0.176563 0.306250 0.176563
2 0.335938 0.040625 0.373437 0.040625 0.373437 0.178125 0.335938 0.178125
2 0.367188 0.045312 0.404687 0.045312 0.404687 0.182812 0.367188 0.182812
2 0.393750 0.042188 0.431250 0.042188 0.431250 0.179688 0.393750 0.179688
2 0.426563 0.039062 0.464062 0.039062 0.464062 0.176563 0.426563 0.176563
2 0.457813 0.042188 0.495312 0.042188 0.495312 0.179688 0.457813 0.179688
2 0.493750 0.042188 0.531250 0.042188 0.531250 0.179688 0.493750 0.179688
2 0.518750 0.037500 0.556250 0.037500 0.556250 0.175000 0.518750 0.175000
2 0.553125 0.046875 0.590625 0.046875 0.590625 0.184375 0.553125 0.184375
2 0.582812 0.045312 0.620313 0.045312 0.620313 0.182812 0.582812 0.182812
2 0.617188 0.037500 0.654687 0.037500 0.654687 0.175000 0.617188 0.175000
2 0.650000 0.043750 0.687500 0.043750 0.687500 0.181250 0.650000 0.181250
2 0.676562 0.040625 0.714063 0.040625 0.714063 0.178125 0.676562 0.178125
2 0.706250 0.043750 0.743750 0.043750 0.743750 0.181250 0.706250 0.181250
2 0.743750 0.040625 0.781250 0.040625 0.781250 0.178125 0.743750 0.178125
2 0.770312 0.043750 0.807813 0.043750 0.807813 0.181250 0.770312 0.181250
2 0.030469 0.211719 0.047656 0.211719 0.047656 0.257031 0.030469 0.257031
2 0.049219 0.216406 0.066406 0.216406 0.066406 0.261719 0.049219 0.261719
2 0.061719 0.216406 0.078906 0.216406 0.078906 0.261719 0.061719 0.261719
2 0.071094 0.214844 0.088281 0.214844 0.088281 0.260156 0.071094 0.260156
2 0.089844 0.211719 0.107031 0.211719 0.107031 0.257031 0.089844 0.257031
2 0.099219 0.219531 0.116406 0.219531 0.116406 0.264844 0.099219 0.264844
2 0.114844 0.216406 0.132031 0.216406 0.132031 0.261719 0.114844 0.261719
2 0.130469 0.217969 0.147656 0.217969 0.147656 0.263281 0.130469 0.263281
2 0.144531 0.216406 0.161719 0.216406 0.161719 0.261719 0.144531 0.261719
2 0.155469 0.210156 0.172656 0.210156 0.172656 0.255469 0.155469 0.255469
2 0.175781 0.219531 0.192969 0.219531 0.192969 0.264844 0.175781 0.264844
2 0.185156 0.213281 0.202344 0.213281 0.202344 0.258594 0.185156 0.258594
2 0.200781 0.217969 0.217969 0.217969 0.217969 0.263281 0.200781 0.263281
2 0.217969 0.217969 0.235156 0.217969 0.235156 0.263281 0.217969 0.263281
2 0.232031 0.217969 0.249219 0.217969 0.249219 0.263281 0.232031 0.263281
2 0.239844 0.210156 0.257031 0.210156 0.257031 0.255469 0.239844 0.255469
2 0.253906 0.216406 0.271094 0.216406 0.271094 0.261719 0.253906 0.261719
2 0.267969 0.219531 0.285156 0.219531 0.285156 0.264844 0.267969 0.264844
2 0.286719 0.219531 0.303906 0.219531 0.303906 0.264844 0.286719 0.264844
2 0.297656 0.217969 0.314844 0.217969 0.314844 0.263281 0.297656 0.263281
2 0.314844 0.217969 0.332031 0.217969 0.332031 0.263281 0.314844 0.263281
2 0.325781 0.210156 0.342969 0.210156 0.342969 0.255469 0.325781 0.255469
2 0.339844 0.213281 0.357031 0.213281 0.357031 0.258594 0.339844 0.258594
2 0.357031 0.210156 0.374219 0.210156 0.374219 0.255469 0.357031 0.255469
2 0.366406 0.210156 0.383594 0.210156 0.383594 0.255469 0.366406 0.255469
2 0.031250 0.248438 0.056250 0.248438 0.056250 0.326562 0.031250 0.326562
2 0.045312 0.239063 0.070312 0.239063 0.070312 0.317188 0.045312 0.317188
2 0.065625 0.243750 0.090625 0.243750 0.090625 0.321875 0.065625 0.321875
2 0.090625 0.239063 0.115625 0.239063 0.115625 0.317188 0.090625 0.317188
2 0.107813 0.239063 0.132812 0.239063 0.132812 0.317188 0.107813 0.317188
2 0.126562 0.246875 0.151562 0.246875 0.151562 0.325000 0.126562 0.325000
2 0.148438 0.242188 0.173437 0.242188 0.173437 0.320312 0.148438 0.320312
2 0.167187 0.242188 0.192188 0.242188 0.192188 0.320312 0.167187 0.320312
2 0.187500 0.246875 0.212500 0.246875 0.212500 0.325000 0.187500 0.325000
2 0.210938 0.248438 0.235937 0.248438 0.235937 0.326562 0.210938 0.326562
2 0.229687 0.248438 0.254688 0.248438 0.254688 0.326562 0.229687 0.326562
2 0.254688 0.239063 0.279687 0.239063 0.279687 0.317188 0.254688 0.317188
2 0.275000 0.239063 0.300000 0.239063 0.300000 0.317188 0.275000 0.317188
2 0.290625 0.243750 0.315625 0.243750 0.315625 0.321875 0.290625 0.321875
2 0.309375 0.245312 0.334375 0.245312 0.334375 0.323437 0.309375 0.323437
2 0.331250 0.239063 0.356250 0.239063 0.356250 0.317188 0.331250 0.317188
2 0.350000 0.245312 0.375000 0.245312 0.375000 0.323437 0.350000 0.323437
2 0.375000 0.239063 0.400000 0.239063 0.400000 0.317188 0.375000 0.317188
2 0.390625 0.245312 0.415625 0.245312 0.415625 0.323437 0.390625 0.323437
2 0.417187 0.248438 0.442188 0.248438 0.442188 0.326562 0.417187 0.326562
2 0.437500 0.245312 0.462500 0.245312 0.462500 0.323437 0.437500 0.323437
2 0.456250 0.242188 0.481250 0.242188 0.481250 0.320312 0.456250 0.320312
2 0.473438 0.240625 0.498437 0.240625 0.498437 0.318750 0.473438 0.318750
2 0.495312 0.246875 0.520312 0.246875 0.520312 0.325000 0.495312 0.325000
2 0.514062 0.246875 0.539062 0.246875 0.539062 0.325000 0.514062 0.325000
2 0.016406 0.289062 0.071094 0.289062 0.071094 0.435937 0.016406 0.435937
2 0.061719 0.285938 0.116406 0.285938 0.116406 0.432812 0.061719 0.432812
2 0.114844 0.290625 0.169531 0.290625 0.169531 0.437500 0.114844 0.437500
2 0.171094 0.287500 0.225781 0.287500 0.225781 0.434375 0.171094 0.434375
2 0.216406 0.292187 0.271094 0.292187 0.271094 0.439063 0.216406 0.439063
2 0.272656 0.290625 0.327344 0.290625 0.327344 0.437500 0.272656 0.437500
2 0.325781 0.287500 0.380469 0.287500 0.380469 0.434375 0.325781 0.434375
2 0.371094 0.292187 0.425781 0.292187 0.425781 0.439063 0.371094 0.439063
2 0.424219 0.295312 0.478906 0.295312 0.478906 0.442188 0.424219 0.442188
2 0.477344 0.285938 0.532031 0.285938 0.532031 0.432812 0.477344 0.432812
2 0.527344 0.295312 0.582031 0.295312 0.582031 0.442188 0.527344 0.442188
2 0.582031 0.287500 0.636719 0.287500 0.636719 0.434375 0.582031 0.434375
2 0.635156 0.293750 0.689844 0.293750 0.689844 0.440625 0.635156 0.440625
2 0.686719 0.287500 0.741406 0.287500 0.741406 0.434375 0.686719 0.434375
2 0.736719 0.289062 0.791406 0.289062 0.791406 0.435937 0.736719 0.435937
2 0.786719 0.292187 0.841406 0.292187 0.841406 0.439063 0.786719 0.439063
2 0.839844 0.295312 0.894531 0.295312 0.894531 0.442188 0.839844 0.442188
2 0.888281 0.289062 0.942969 0.289062 0.942969 0.435937 0.888281 0.435937
2 0.073438 0.319531 0.176563 0.319531 0.176563 0.677344 0.073438 0.677344
2 0.154688 0.314844 0.257812 0.314844 0.257812 0.672656 0.154688 0.672656
2 0.237500 0.319531 0.340625 0.319531 0.340625 0.677344 0.237500 0.677344
2 0.323437 0.314844 0.426563 0.314844 0.426563 0.672656 0.323437 0.672656
2 0.401562 0.319531 0.504687 0.319531 0.504687 0.677344 0.401562 0.677344
2 0.489063 0.314844 0.592187 0.314844 0.592187 0.672656 0.489063 0.672656
2 0.571875 0.322656 0.675000 0.322656 0.675000 0.680469 0.571875 0.680469
2 0.653125 0.319531 0.756250 0.319531 0.756250 0.677344 0.653125 0.677344
2 0.731250 0.319531 0.834375 0.319531 0.834375 0.677344 0.731250 0.677344
2 0.817187 0.317969 0.920312 0.317969 0.920312 0.675781 0.817187 0.675781
2 0.192969 0.725000 0.313281 0.725000 0.313281 0.996875 0.192969 0.996875
2 0.408594 0.723437 0.528906 0.723437 0.528906 0.995313 0.408594 0.995313
2 0.510156 0.726562 0.630469 0.726562 0.630469 0.998437 0.510156 0.998437
2 0.617969 0.721875 0.738281 0.721875 0.738281 0.993750 0.617969 0.993750
2 0.827344 0.726562 0.947656 0.726562 0.947656 0.998437 0.827344 0.998437