4 0.053906 0.013281 0.133594 0.013281 0.133594 0.236719 0.053906 0.236719
4 0.125781 0.005469 0.205469 0.005469 0.205469 0.228906 0.125781 0.228906
4 0.194531 0.010156 0.274219 0.010156 0.274219 0.233594 0.194531 0.233594
4 0.264844 0.007031 0.344531 0.007031 0.344531 0.230469 0.264844 0.230469
4 0.330469 0.011719 0.410156 0.011719 0.410156 0.235156 0.330469 0.235156
4 0.400781 0.013281 0.480469 0.013281 0.480469 0.236719 0.400781 0.236719
4 0.467969 0.011719 0.547656 0.011719 0.547656 0.235156 0.467969 0.235156
4 0.535156 0.007031 0.614844 0.007031 0.614844 0.230469 0.535156 0.230469
4 0.603906 0.008594 0.683594 0.008594 0.683594 0.232031 0.603906 0.232031
4 0.674219 0.010156 0.753906 0.010156 0.753906 0.233594 0.674219 0.233594
4 0.744531 0.007031 0.824219 0.007031 0.824219 0.230469 0.744531 0.230469
4 0.814844 0.011719 0.894531 0.011719 0.894531 0.235156 0.814844 0.235156
4 0.885156 0.005469 0.964844 0.005469 0.964844 0.228906 0.885156 0.228906
0 0.079687 0.318750 0.239063 0.318750 0.239063 0.381250 0.079687 0.381250
0 0.215625 0.310937 0.375000 0.310937 0.375000 0.373437 0.215625 0.373437
0 0.346875 0.317188 0.506250 0.317188 0.506250 0.379688 0.346875 0.379688
0 0.476562 0.314063 0.635938 0.314063 0.635938 0.376563 0.476562 0.376563
0 0.612500 0.312500 0.771875 0.312500 0.771875 0.375000 0.612500 0.375000
0 0.743750 0.314063 0.903125 0.314063 0.903125 0.376563 0.743750 0.376563
0 0.064062 0.381250 0.145313 0.381250 0.145313 0.425000 0.064062 0.425000
0 0.134375 0.387500 0.215625 0.387500 0.215625 0.431250 0.134375 0.431250
0 0.212500 0.384375 0.293750 0.384375 0.293750 0.428125 0.212500 0.428125
0 0.290625 0.387500 0.371875 0.387500 0.371875 0.431250 0.290625 0.431250
0 0.364063 0.387500 0.445312 0.387500 0.445312 0.431250 0.364063 0.431250
0 0.435937 0.387500 0.517188 0.387500 0.517188 0.431250 0.435937 0.431250
0 0.515625 0.381250 0.596875 0.381250 0.596875 0.425000 0.515625 0.425000
0 0.587500 0.379688 0.668750 0.379688 0.668750 0.423438 0.587500 0.423438
0 0.660937 0.381250 0.742188 0.381250 0.742188 0.425000 0.660937 0.425000
0 0.740625 0.379688 0.821875 0.379688 0.821875 0.423438 0.740625 0.423438
0 0.812500 0.379688 0.893750 0.379688 0.893750 0.423438 0.812500 0.423438
4 0.013281 0.410938 0.046094 0.410938 0.046094 0.498437 0.013281 0.498437
4 0.038281 0.406250 0.071094 0.406250 0.071094 0.493750 0.038281 0.493750
4 0.071094 0.403125 0.103906 0.403125 0.103906 0.490625 0.071094 0.490625
4 0.099219 0.403125 0.132031 0.403125 0.132031 0.490625 0.099219 0.490625
4 0.121094 0.406250 0.153906 0.406250 0.153906 0.493750 0.121094 0.493750
4 0.150781 0.404687 0.183594 0.404687 0.183594 0.492188 0.150781 0.492188
4 0.183594 0.407813 0.216406 0.407813 0.216406 0.495312 0.183594 0.495312
4 0.210156 0.401562 0.242969 0.401562 0.242969 0.489063 0.210156 0.489063
4 0.239844 0.404687 0.272656 0.404687 0.272656 0.492188 0.239844 0.492188
4 0.264844 0.404687 0.297656 0.404687 0.297656 0.492188 0.264844 0.492188
4 0.294531 0.403125 0.327344 0.403125 0.327344 0.490625 0.294531 0.490625
4 0.319531 0.410938 0.352344 0.410938 0.352344 0.498437 0.319531 0.498437
4 0.349219 0.401562 0.382031 0.401562 0.382031 0.489063 0.349219 0.489063
4 0.378906 0.407813 0.411719 0.407813 0.411719 0.495312 0.378906 0.495312
4 0.403906 0.403125 0.436719 0.403125 0.436719 0.490625 0.403906 0.490625
4 0.435156 0.403125 0.467969 0.403125 0.467969 0.490625 0.435156 0.490625
4 0.463281 0.406250 0.496094 0.406250 0.496094 0.493750 0.463281 0.493750
4 0.489844 0.404687 0.522656 0.404687 0.522656 0.492188 0.489844 0.492188
4 0.516406 0.404687 0.549219 0.404687 0.549219 0.492188 0.516406 0.492188
4 0.544531 0.410938 0.577344 0.410938 0.577344 0.498437 0.544531 0.498437
4 0.574219 0.404687 0.607031 0.404687 0.607031 0.492188 0.574219 0.492188
4 0.602344 0.406250 0.635156 0.406250 0.635156 0.493750 0.602344 0.493750
4 0.627344 0.401562 0.660156 0.401562 0.660156 0.489063 0.627344 0.489063
4 0.660156 0.401562 0.692969 0.401562 0.692969 0.489063 0.660156 0.489063
4 0.688281 0.401562 0.721094 0.401562 0.721094 0.489063 0.688281 0.489063
0 0.050000 0.500781 0.121875 0.500781 0.121875 0.552344 0.050000 0.552344
0 0.112500 0.503906 0.184375 0.503906 0.184375 0.555469 0.112500 0.555469
0 0.173437 0.499219 0.245312 0.499219 0.245312 0.550781 0.173437 0.550781
0 0.228125 0.508594 0.300000 0.508594 0.300000 0.560156 0.228125 0.560156
0 0.292187 0.500781 0.364063 0.500781 0.364063 0.552344 0.292187 0.552344
0 0.346875 0.500781 0.418750 0.500781 0.418750 0.552344 0.346875 0.552344
0 0.410938 0.508594 0.482812 0.508594 0.482812 0.560156 0.410938 0.560156
0 0.470313 0.499219 0.542188 0.499219 0.542188 0.550781 0.470313 0.550781
0 0.529687 0.503906 0.601562 0.503906 0.601562 0.555469 0.529687 0.555469
0 0.587500 0.503906 0.659375 0.503906 0.659375 0.555469 0.587500 0.555469
0 0.645312 0.505469 0.717187 0.505469 0.717187 0.557031 0.645312 0.557031
0 0.706250 0.503906 0.778125 0.503906 0.778125 0.555469 0.706250 0.555469
0 0.762500 0.500781 0.834375 0.500781 0.834375 0.552344 0.762500 0.552344
0 0.821875 0.502344 0.893750 0.502344 0.893750 0.553906 0.821875 0.553906
0 0.884375 0.499219 0.956250 0.499219 0.956250 0.550781 0.884375 0.550781
4 0.081250 0.382031 0.228125 0.382031 0.228125 0.774219 0.081250 0.774219
4 0.214062 0.383594 0.360938 0.383594 0.360938 0.775781 0.214062 0.775781
4 0.339062 0.382031 0.485938 0.382031 0.485938 0.774219 0.339062 0.774219
4 0.468750 0.382031 0.615625 0.382031 0.615625 0.774219 0.468750 0.774219
4 0.596875 0.380469 0.743750 0.380469 0.743750 0.772656 0.596875 0.772656
4 0.721875 0.383594 0.868750 0.383594 0.868750 0.775781 0.721875 0.775781