3 0.094531 0.030469 0.199219 0.030469 0.199219 0.210156 0.094531 0.210156
3 0.189844 0.038281 0.294531 0.038281 0.294531 0.217969 0.189844 0.217969
3 0.289844 0.030469 0.394531 0.030469 0.394531 0.210156 0.289844 0.210156
3 0.391406 0.033594 0.496094 0.033594 0.496094 0.213281 0.391406 0.213281
3 0.483594 0.036719 0.588281 0.036719 0.588281 0.216406 0.483594 0.216406
3 0.585156 0.030469 0.689844 0.030469 0.689844 0.210156 0.585156 0.210156
3 0.682031 0.030469 0.786719 0.030469 0.786719 0.210156 0.682031 0.210156
3 0.783594 0.028906 0.888281 0.028906 0.888281 0.208594 0.783594 0.208594
2 0.078906 0.158594 0.174219 0.158594 0.174219 0.444531 0.078906 0.444531
2 0.155469 0.158594 0.250781 0.158594 0.250781 0.444531 0.155469 0.444531
2 0.227344 0.166406 0.322656 0.166406 0.322656 0.452344 0.227344 0.452344
2 0.303906 0.163281 0.399219 0.163281 0.399219 0.449219 0.303906 0.449219
2 0.380469 0.158594 0.475781 0.158594 0.475781 0.444531 0.380469 0.444531
2 0.461719 0.166406 0.557031 0.166406 0.557031 0.452344 0.461719 0.452344
2 0.532031 0.157031 0.627344 0.157031 0.627344 0.442969 0.532031 0.442969
2 0.608594 0.166406 0.703906 0.166406 0.703906 0.452344 0.608594 0.452344
2 0.691406 0.158594 0.786719 0.158594 0.786719 0.444531 0.691406 0.444531
2 0.763281 0.164844 0.858594 0.164844 0.858594 0.450781 0.763281 0.450781
2 0.838281 0.158594 0.933594 0.158594 0.933594 0.444531 0.838281 0.444531
3 0.008594 0.515625 0.088281 0.515625 0.088281 0.653125 0.008594 0.653125
3 0.071094 0.515625 0.150781 0.515625 0.150781 0.653125 0.071094 0.653125
3 0.136719 0.512500 0.216406 0.512500 0.216406 0.650000 0.136719 0.650000
3 0.197656 0.514062 0.277344 0.514062 0.277344 0.651563 0.197656 0.651563
3 0.266406 0.509375 0.346094 0.509375 0.346094 0.646875 0.266406 0.646875
3 0.330469 0.517188 0.410156 0.517188 0.410156 0.654687 0.330469 0.654687
3 0.388281 0.512500 0.467969 0.512500 0.467969 0.650000 0.388281 0.650000
3 0.452344 0.509375 0.532031 0.509375 0.532031 0.646875 0.452344 0.646875
3 0.519531 0.507812 0.599219 0.507812 0.599219 0.645312 0.519531 0.645312
3 0.586719 0.517188 0.666406 0.517188 0.666406 0.654687 0.586719 0.654687
3 0.650781 0.515625 0.730469 0.515625 0.730469 0.653125 0.650781 0.653125
3 0.710156 0.517188 0.789844 0.517188 0.789844 0.654687 0.710156 0.654687
3 0.775781 0.510938 0.855469 0.510938 0.855469 0.648438 0.775781 0.648438
3 0.842969 0.507812 0.922656 0.507812 0.922656 0.645312 0.842969 0.645312
2 0.110156 0.550000 0.249219 0.550000 0.249219 0.878125 0.110156 0.878125
2 0.242969 0.553125 0.382031 0.553125 0.382031 0.881250 0.242969 0.881250
2 0.380469 0.557813 0.519531 0.557813 0.519531 0.885938 0.380469 0.885938
2 0.513281 0.551562 0.652344 0.551562 0.652344 0.879687 0.513281 0.879687
2 0.649219 0.554688 0.788281 0.554688 0.788281 0.882812 0.649219 0.882812
2 0.782031 0.557813 0.921094 0.557813 0.921094 0.885938 0.782031 0.885938