1 0.046094 0.090625 0.103906 0.090625 0.103906 0.153125 0.046094 0.153125
1 0.099219 0.093750 0.157031 0.093750 0.157031 0.156250 0.099219 0.156250
1 0.146094 0.089063 0.203906 0.089063 0.203906 0.151562 0.146094 0.151562
1 0.202344 0.096875 0.260156 0.096875 0.260156 0.159375 0.202344 0.159375
1 0.252344 0.098437 0.310156 0.098437 0.310156 0.160938 0.252344 0.160938
1 0.300781 0.098437 0.358594 0.098437 0.358594 0.160938 0.300781 0.160938
1 0.355469 0.098437 0.413281 0.098437 0.413281 0.160938 0.355469 0.160938
1 0.403906 0.095312 0.461719 0.095312 0.461719 0.157812 0.403906 0.157812
1 0.453906 0.098437 0.511719 0.098437 0.511719 0.160938 0.453906 0.160938
1 0.507031 0.089063 0.564844 0.089063 0.564844 0.151562 0.507031 0.151562
1 0.558594 0.093750 0.616406 0.093750 0.616406 0.156250 0.558594 0.156250
1 0.610156 0.098437 0.667969 0.098437 0.667969 0.160938 0.610156 0.160938
1 0.666406 0.096875 0.724219 0.096875 0.724219 0.159375 0.666406 0.159375
1 0.711719 0.095312 0.769531 0.095312 0.769531 0.157812 0.711719 0.157812
1 0.769531 0.096875 0.827344 0.096875 0.827344 0.159375 0.769531 0.159375
1 0.816406 0.092188 0.874219 0.092188 0.874219 0.154688 0.816406 0.154688
1 0.871094 0.095312 0.928906 0.095312 0.928906 0.157812 0.871094 0.157812
1 0.064844 0.182031 0.075781 0.182031 0.075781 0.196094 0.064844 0.196094
1 0.083594 0.172656 0.094531 0.172656 0.094531 0.186719 0.083594 0.186719
1 0.096094 0.180469 0.107031 0.180469 0.107031 0.194531 0.096094 0.194531
1 0.103906 0.172656 0.114844 0.172656 0.114844 0.186719 0.103906 0.186719
1 0.114844 0.172656 0.125781 0.172656 0.125781 0.186719 0.114844 0.186719
1 0.132031 0.182031 0.142969 0.182031 0.142969 0.196094 0.132031 0.196094
1 0.144531 0.174219 0.155469 0.174219 0.155469 0.188281 0.144531 0.188281
1 0.157031 0.178906 0.167969 0.178906 0.167969 0.192969 0.157031 0.192969
1 0.169531 0.180469 0.180469 0.180469 0.180469 0.194531 0.169531 0.194531
1 0.183594 0.172656 0.194531 0.172656 0.194531 0.186719 0.183594 0.186719
1 0.194531 0.172656 0.205469 0.172656 0.205469 0.186719 0.194531 0.186719
1 0.207031 0.178906 0.217969 0.178906 0.217969 0.192969 0.207031 0.192969
1 0.219531 0.177344 0.230469 0.177344 0.230469 0.191406 0.219531 0.191406
1 0.233594 0.174219 0.244531 0.174219 0.244531 0.188281 0.233594 0.188281
1 0.242969 0.175781 0.253906 0.175781 0.253906 0.189844 0.242969 0.189844
1 0.255469 0.175781 0.266406 0.175781 0.266406 0.189844 0.255469 0.189844
1 0.269531 0.177344 0.280469 0.177344 0.280469 0.191406 0.269531 0.191406
1 0.277344 0.180469 0.288281 0.180469 0.288281 0.194531 0.277344 0.194531
1 0.292969 0.182031 0.303906 0.182031 0.303906 0.196094 0.292969 0.196094
1 0.303906 0.178906 0.314844 0.178906 0.314844 0.192969 0.303906 0.192969
1 0.316406 0.177344 0.327344 0.177344 0.327344 0.191406 0.316406 0.191406
1 0.333594 0.182031 0.344531 0.182031 0.344531 0.196094 0.333594 0.196094
1 0.346094 0.182031 0.357031 0.182031 0.357031 0.196094 0.346094 0.196094
1 0.357031 0.180469 0.367969 0.180469 0.367969 0.194531 0.357031 0.194531
1 0.367969 0.175781 0.378906 0.175781 0.378906 0.189844 0.367969 0.189844
0 0.047656 0.178125 0.099219 0.178125 0.099219 0.206250 0.047656 0.206250
0 0.088281 0.184375 0.139844 0.184375 0.139844 0.212500 0.088281 0.212500
0 0.135156 0.185938 0.186719 0.185938 0.186719 0.214062 0.135156 0.214062
0 0.178906 0.179688 0.230469 0.179688 0.230469 0.207813 0.178906 0.207813
0 0.224219 0.187500 0.275781 0.187500 0.275781 0.215625 0.224219 0.215625
0 0.267969 0.182812 0.319531 0.182812 0.319531 0.210938 0.267969 0.210938
0 0.311719 0.181250 0.363281 0.181250 0.363281 0.209375 0.311719 0.209375
0 0.355469 0.181250 0.407031 0.181250 0.407031 0.209375 0.355469 0.209375
0 0.397656 0.185938 0.449219 0.185938 0.449219 0.214062 0.397656 0.214062
0 0.439844 0.182812 0.491406 0.182812 0.491406 0.210938 0.439844 0.210938
0 0.488281 0.187500 0.539844 0.187500 0.539844 0.215625 0.488281 0.215625
0 0.532031 0.185938 0.583594 0.185938 0.583594 0.214062 0.532031 0.214062
0 0.569531 0.187500 0.621094 0.187500 0.621094 0.215625 0.569531 0.215625
0 0.616406 0.182812 0.667969 0.182812 0.667969 0.210938 0.616406 0.210938
0 0.657031 0.187500 0.708594 0.187500 0.708594 0.215625 0.657031 0.215625
0 0.707031 0.182812 0.758594 0.182812 0.758594 0.210938 0.707031 0.210938
0 0.746094 0.182812 0.797656 0.182812 0.797656 0.210938 0.746094 0.210938
0 0.789844 0.184375 0.841406 0.184375 0.841406 0.212500 0.789844 0.212500
0 0.838281 0.184375 0.889844 0.184375 0.889844 0.212500 0.838281 0.212500
0 0.880469 0.182812 0.932031 0.182812 0.932031 0.210938 0.880469 0.210938
0 0.924219 0.184375 0.975781 0.184375 0.975781 0.212500 0.924219 0.212500
1 0.049219 0.171875 0.097656 0.171875 0.097656 0.265625 0.049219 0.265625
1 0.091406 0.171875 0.139844 0.171875 0.139844 0.265625 0.091406 0.265625
1 0.135156 0.173437 0.183594 0.173437 0.183594 0.267188 0.135156 0.267188
1 0.175781 0.173437 0.224219 0.173437 0.224219 0.267188 0.175781 0.267188
1 0.216406 0.178125 0.264844 0.178125 0.264844 0.271875 0.216406 0.271875
1 0.263281 0.171875 0.311719 0.171875 0.311719 0.265625 0.263281 0.265625
1 0.303906 0.173437 0.352344 0.173437 0.352344 0.267188 0.303906 0.267188
1 0.344531 0.170313 0.392969 0.170313 0.392969 0.264062 0.344531 0.264062
1 0.383594 0.175000 0.432031 0.175000 0.432031 0.268750 0.383594 0.268750
1 0.428906 0.179688 0.477344 0.179688 0.477344 0.273438 0.428906 0.273438
1 0.467969 0.176563 0.516406 0.176563 0.516406 0.270313 0.467969 0.270313
1 0.511719 0.173437 0.560156 0.173437 0.560156 0.267188 0.511719 0.267188
1 0.558594 0.176563 0.607031 0.176563 0.607031 0.270313 0.558594 0.270313
1 0.594531 0.179688 0.642969 0.179688 0.642969 0.273438 0.594531 0.273438
1 0.641406 0.175000 0.689844 0.175000 0.689844 0.268750 0.641406 0.268750
1 0.685156 0.175000 0.733594 0.175000 0.733594 0.268750 0.685156 0.268750
1 0.721094 0.173437 0.769531 0.173437 0.769531 0.267188 0.721094 0.267188
1 0.764844 0.171875 0.813281 0.171875 0.813281 0.265625 0.764844 0.265625
1 0.805469 0.178125 0.853906 0.178125 0.853906 0.271875 0.805469 0.271875
1 0.849219 0.171875 0.897656 0.171875 0.897656 0.265625 0.849219 0.265625
1 0.892969 0.171875 0.941406 0.171875 0.941406 0.265625 0.892969 0.265625
1 0.060156 0.299219 0.080469 0.299219 0.080469 0.325781 0.060156 0.325781
1 0.083594 0.299219 0.103906 0.299219 0.103906 0.325781 0.083594 0.325781
1 0.099219 0.305469 0.119531 0.305469 0.119531 0.332031 0.099219 0.332031
1 0.117969 0.297656 0.138281 0.297656 0.138281 0.324219 0.117969 0.324219
1 0.138281 0.307031 0.158594 0.307031 0.158594 0.333594 0.138281 0.333594
1 0.160156 0.299219 0.180469 0.299219 0.180469 0.325781 0.160156 0.325781
1 0.178906 0.303906 0.199219 0.303906 0.199219 0.330469 0.178906 0.330469
1 0.197656 0.299219 0.217969 0.299219 0.217969 0.325781 0.197656 0.325781
1 0.216406 0.307031 0.236719 0.307031 0.236719 0.333594 0.216406 0.333594
1 0.235156 0.297656 0.255469 0.297656 0.255469 0.324219 0.235156 0.324219
1 0.249219 0.299219 0.269531 0.299219 0.269531 0.325781 0.249219 0.325781
1 0.266406 0.302344 0.286719 0.302344 0.286719 0.328906 0.266406 0.328906
1 0.289844 0.300781 0.310156 0.300781 0.310156 0.327344 0.289844 0.327344
1 0.303906 0.303906 0.324219 0.303906 0.324219 0.330469 0.303906 0.330469
1 0.324219 0.300781 0.344531 0.300781 0.344531 0.327344 0.324219 0.327344
1 0.346094 0.299219 0.366406 0.299219 0.366406 0.325781 0.346094 0.325781
1 0.366406 0.297656 0.386719 0.297656 0.386719 0.324219 0.366406 0.324219
1 0.383594 0.297656 0.403906 0.297656 0.403906 0.324219 0.383594 0.324219
1 0.399219 0.303906 0.419531 0.303906 0.419531 0.330469 0.399219 0.330469
1 0.422656 0.300781 0.442969 0.300781 0.442969 0.327344 0.422656 0.327344
1 0.438281 0.303906 0.458594 0.303906 0.458594 0.330469 0.438281 0.330469
1 0.455469 0.305469 0.475781 0.305469 0.475781 0.332031 0.455469 0.332031
1 0.477344 0.300781 0.497656 0.300781 0.497656 0.327344 0.477344 0.327344
1 0.491406 0.302344 0.511719 0.302344 0.511719 0.328906 0.491406 0.328906
1 0.514844 0.299219 0.535156 0.299219 0.535156 0.325781 0.514844 0.325781
0 0.064062 0.334375 0.085938 0.334375 0.085938 0.350000 0.064062 0.350000
0 0.081250 0.335938 0.103125 0.335938 0.103125 0.351562 0.081250 0.351562
0 0.095312 0.332813 0.117188 0.332813 0.117188 0.348438 0.095312 0.348438
0 0.115625 0.329688 0.137500 0.329688 0.137500 0.345313 0.115625 0.345313
0 0.134375 0.332813 0.156250 0.332813 0.156250 0.348438 0.134375 0.348438
0 0.146875 0.334375 0.168750 0.334375 0.168750 0.350000 0.146875 0.350000
0 0.168750 0.329688 0.190625 0.329688 0.190625 0.345313 0.168750 0.345313
0 0.185938 0.331250 0.207813 0.331250 0.207813 0.346875 0.185938 0.346875
0 0.203125 0.329688 0.225000 0.329688 0.225000 0.345313 0.203125 0.345313
0 0.214062 0.329688 0.235937 0.329688 0.235937 0.345313 0.214062 0.345313
0 0.234375 0.337500 0.256250 0.337500 0.256250 0.353125 0.234375 0.353125
0 0.254688 0.329688 0.276562 0.329688 0.276562 0.345313 0.254688 0.345313
0 0.267188 0.339062 0.289062 0.339062 0.289062 0.354687 0.267188 0.354687
0 0.285938 0.339062 0.307812 0.339062 0.307812 0.354687 0.285938 0.354687
0 0.300000 0.334375 0.321875 0.334375 0.321875 0.350000 0.300000 0.350000
0 0.323437 0.331250 0.345313 0.331250 0.345313 0.346875 0.323437 0.346875
0 0.340625 0.331250 0.362500 0.331250 0.362500 0.346875 0.340625 0.346875
0 0.357812 0.339062 0.379688 0.339062 0.379688 0.354687 0.357812 0.354687
0 0.373437 0.334375 0.395313 0.334375 0.395313 0.350000 0.373437 0.350000
0 0.390625 0.331250 0.412500 0.331250 0.412500 0.346875 0.390625 0.346875
0 0.404687 0.334375 0.426563 0.334375 0.426563 0.350000 0.404687 0.350000
0 0.426563 0.332813 0.448437 0.332813 0.448437 0.348438 0.426563 0.348438
0 0.442188 0.334375 0.464062 0.334375 0.464062 0.350000 0.442188 0.350000
0 0.460938 0.331250 0.482812 0.331250 0.482812 0.346875 0.460938 0.346875
0 0.471875 0.334375 0.493750 0.334375 0.493750 0.350000 0.471875 0.350000
1 0.056250 0.344531 0.087500 0.344531 0.087500 0.377344 0.056250 0.377344
1 0.087500 0.344531 0.118750 0.344531 0.118750 0.377344 0.087500 0.377344
1 0.115625 0.342969 0.146875 0.342969 0.146875 0.375781 0.115625 0.375781
1 0.145313 0.338281 0.176563 0.338281 0.176563 0.371094 0.145313 0.371094
1 0.167187 0.336719 0.198437 0.336719 0.198437 0.369531 0.167187 0.369531
1 0.200000 0.335156 0.231250 0.335156 0.231250 0.367969 0.200000 0.367969
1 0.229687 0.339844 0.260937 0.339844 0.260937 0.372656 0.229687 0.372656
1 0.251563 0.335156 0.282813 0.335156 0.282813 0.367969 0.251563 0.367969
1 0.279687 0.338281 0.310937 0.338281 0.310937 0.371094 0.279687 0.371094
1 0.309375 0.336719 0.340625 0.336719 0.340625 0.369531 0.309375 0.369531
1 0.342187 0.342969 0.373437 0.342969 0.373437 0.375781 0.342187 0.375781
1 0.370312 0.336719 0.401562 0.336719 0.401562 0.369531 0.370312 0.369531
1 0.398438 0.338281 0.429688 0.338281 0.429688 0.371094 0.398438 0.371094
1 0.421875 0.339844 0.453125 0.339844 0.453125 0.372656 0.421875 0.372656
1 0.451562 0.338281 0.482812 0.338281 0.482812 0.371094 0.451562 0.371094
1 0.478125 0.335156 0.509375 0.335156 0.509375 0.367969 0.478125 0.367969
1 0.504687 0.335156 0.535937 0.335156 0.535937 0.367969 0.504687 0.367969
1 0.537500 0.339844 0.568750 0.339844 0.568750 0.372656 0.537500 0.372656
1 0.562500 0.341406 0.593750 0.341406 0.593750 0.374219 0.562500 0.374219
1 0.593750 0.336719 0.625000 0.336719 0.625000 0.369531 0.593750 0.369531
1 0.620313 0.339844 0.651563 0.339844 0.651563 0.372656 0.620313 0.372656
1 0.648438 0.344531 0.679688 0.344531 0.679688 0.377344 0.648438 0.377344
1 0.676562 0.342969 0.707812 0.342969 0.707812 0.375781 0.676562 0.375781
1 0.706250 0.341406 0.737500 0.341406 0.737500 0.374219 0.706250 0.374219
1 0.731250 0.339844 0.762500 0.339844 0.762500 0.372656 0.731250 0.372656
1 0.062500 0.372656 0.090625 0.372656 0.090625 0.402344 0.062500 0.402344
1 0.081250 0.371094 0.109375 0.371094 0.109375 0.400781 0.081250 0.400781
1 0.104688 0.372656 0.132812 0.372656 0.132812 0.402344 0.104688 0.402344
1 0.131250 0.377344 0.159375 0.377344 0.159375 0.407031 0.131250 0.407031
1 0.151562 0.378906 0.179688 0.378906 0.179688 0.408594 0.151562 0.408594
1 0.179688 0.378906 0.207813 0.378906 0.207813 0.408594 0.179688 0.408594
1 0.198437 0.374219 0.226562 0.374219 0.226562 0.403906 0.198437 0.403906
1 0.220312 0.371094 0.248438 0.371094 0.248438 0.400781 0.220312 0.400781
1 0.250000 0.374219 0.278125 0.374219 0.278125 0.403906 0.250000 0.403906
1 0.268750 0.374219 0.296875 0.374219 0.296875 0.403906 0.268750 0.403906
1 0.296875 0.372656 0.325000 0.372656 0.325000 0.402344 0.296875 0.402344
1 0.314063 0.378906 0.342187 0.378906 0.342187 0.408594 0.314063 0.408594
1 0.342187 0.377344 0.370312 0.377344 0.370312 0.407031 0.342187 0.407031
1 0.360938 0.371094 0.389062 0.371094 0.389062 0.400781 0.360938 0.400781
1 0.385937 0.372656 0.414062 0.372656 0.414062 0.402344 0.385937 0.402344
1 0.409375 0.375781 0.437500 0.375781 0.437500 0.405469 0.409375 0.405469
1 0.437500 0.369531 0.465625 0.369531 0.465625 0.399219 0.437500 0.399219
1 0.460938 0.377344 0.489063 0.377344 0.489063 0.407031 0.460938 0.407031
1 0.482812 0.369531 0.510938 0.369531 0.510938 0.399219 0.482812 0.399219
1 0.501563 0.372656 0.529687 0.372656 0.529687 0.402344 0.501563 0.402344
1 0.525000 0.377344 0.553125 0.377344 0.553125 0.407031 0.525000 0.407031
1 0.553125 0.378906 0.581250 0.378906 0.581250 0.408594 0.553125 0.408594
1 0.575000 0.374219 0.603125 0.374219 0.603125 0.403906 0.575000 0.403906
1 0.596875 0.371094 0.625000 0.371094 0.625000 0.400781 0.596875 0.400781
1 0.621875 0.377344 0.650000 0.377344 0.650000 0.407031 0.621875 0.407031
0 0.066406 0.412500 0.083594 0.412500 0.083594 0.425000 0.066406 0.425000
0 0.080469 0.412500 0.097656 0.412500 0.097656 0.425000 0.080469 0.425000
0 0.091406 0.407813 0.108594 0.407813 0.108594 0.420312 0.091406 0.420312
0 0.103906 0.404687 0.121094 0.404687 0.121094 0.417187 0.103906 0.417187
0 0.114844 0.414062 0.132031 0.414062 0.132031 0.426563 0.114844 0.426563
0 0.125781 0.404687 0.142969 0.404687 0.142969 0.417187 0.125781 0.417187
0 0.138281 0.410938 0.155469 0.410938 0.155469 0.423438 0.138281 0.423438
0 0.152344 0.407813 0.169531 0.407813 0.169531 0.420312 0.152344 0.420312
0 0.166406 0.412500 0.183594 0.412500 0.183594 0.425000 0.166406 0.425000
0 0.174219 0.407813 0.191406 0.407813 0.191406 0.420312 0.174219 0.420312
0 0.189844 0.410938 0.207031 0.410938 0.207031 0.423438 0.189844 0.423438
0 0.199219 0.404687 0.216406 0.404687 0.216406 0.417187 0.199219 0.417187
0 0.213281 0.409375 0.230469 0.409375 0.230469 0.421875 0.213281 0.421875
0 0.230469 0.414062 0.247656 0.414062 0.247656 0.426563 0.230469 0.426563
0 0.241406 0.410938 0.258594 0.410938 0.258594 0.423438 0.241406 0.423438
0 0.249219 0.410938 0.266406 0.410938 0.266406 0.423438 0.249219 0.423438
0 0.261719 0.410938 0.278906 0.410938 0.278906 0.423438 0.261719 0.423438
0 0.275781 0.414062 0.292969 0.414062 0.292969 0.426563 0.275781 0.426563
0 0.289844 0.409375 0.307031 0.409375 0.307031 0.421875 0.289844 0.421875
0 0.305469 0.407813 0.322656 0.407813 0.322656 0.420312 0.305469 0.420312
0 0.316406 0.409375 0.333594 0.409375 0.333594 0.421875 0.316406 0.421875
0 0.328906 0.407813 0.346094 0.407813 0.346094 0.420312 0.328906 0.420312
0 0.342969 0.404687 0.360156 0.404687 0.360156 0.417187 0.342969 0.417187
0 0.349219 0.404687 0.366406 0.404687 0.366406 0.417187 0.349219 0.417187
0 0.363281 0.406250 0.380469 0.406250 0.380469 0.418750 0.363281 0.418750
1 0.069531 0.412500 0.080469 0.412500 0.080469 0.434375 0.069531 0.434375
1 0.080469 0.418750 0.091406 0.418750 0.091406 0.440625 0.080469 0.440625
1 0.096094 0.412500 0.107031 0.412500 0.107031 0.434375 0.096094 0.434375
1 0.108594 0.415625 0.119531 0.415625 0.119531 0.437500 0.108594 0.437500
1 0.117969 0.420312 0.128906 0.420312 0.128906 0.442188 0.117969 0.442188
1 0.128906 0.414062 0.139844 0.414062 0.139844 0.435937 0.128906 0.435937
1 0.141406 0.418750 0.152344 0.418750 0.152344 0.440625 0.141406 0.440625
1 0.153906 0.412500 0.164844 0.412500 0.164844 0.434375 0.153906 0.434375
1 0.167969 0.417187 0.178906 0.417187 0.178906 0.439063 0.167969 0.439063
1 0.177344 0.414062 0.188281 0.414062 0.188281 0.435937 0.177344 0.435937
1 0.192969 0.417187 0.203906 0.417187 0.203906 0.439063 0.192969 0.439063
1 0.207031 0.412500 0.217969 0.412500 0.217969 0.434375 0.207031 0.434375
1 0.217969 0.420312 0.228906 0.420312 0.228906 0.442188 0.217969 0.442188
1 0.228906 0.415625 0.239844 0.415625 0.239844 0.437500 0.228906 0.437500
1 0.246094 0.414062 0.257031 0.414062 0.257031 0.435937 0.246094 0.435937
1 0.255469 0.415625 0.266406 0.415625 0.266406 0.437500 0.255469 0.437500
1 0.267969 0.418750 0.278906 0.418750 0.278906 0.440625 0.267969 0.440625
1 0.280469 0.412500 0.291406 0.412500 0.291406 0.434375 0.280469 0.434375
1 0.296094 0.412500 0.307031 0.412500 0.307031 0.434375 0.296094 0.434375
1 0.305469 0.420312 0.316406 0.420312 0.316406 0.442188 0.305469 0.442188
1 0.317969 0.417187 0.328906 0.417187 0.328906 0.439063 0.317969 0.439063
1 0.327344 0.420312 0.338281 0.420312 0.338281 0.442188 0.327344 0.442188
1 0.339844 0.417187 0.350781 0.417187 0.350781 0.439063 0.339844 0.439063
1 0.352344 0.418750 0.363281 0.418750 0.363281 0.440625 0.352344 0.440625
1 0.364844 0.418750 0.375781 0.418750 0.375781 0.440625 0.364844 0.440625
1 0.051562 0.423438 0.092188 0.423438 0.092188 0.467187 0.051562 0.467187
1 0.095312 0.418750 0.135937 0.418750 0.135937 0.462500 0.095312 0.462500
1 0.131250 0.426563 0.171875 0.426563 0.171875 0.470313 0.131250 0.470313
1 0.170313 0.420312 0.210938 0.420312 0.210938 0.464062 0.170313 0.464062
1 0.207813 0.420312 0.248438 0.420312 0.248438 0.464062 0.207813 0.464062
1 0.251563 0.420312 0.292187 0.420312 0.292187 0.464062 0.251563 0.464062
1 0.287500 0.425000 0.328125 0.425000 0.328125 0.468750 0.287500 0.468750
1 0.323437 0.420312 0.364063 0.420312 0.364063 0.464062 0.323437 0.464062
1 0.365625 0.421875 0.406250 0.421875 0.406250 0.465625 0.365625 0.465625
1 0.401562 0.421875 0.442188 0.421875 0.442188 0.465625 0.401562 0.465625
1 0.446875 0.423438 0.487500 0.423438 0.487500 0.467187 0.446875 0.467187
1 0.481250 0.428125 0.521875 0.428125 0.521875 0.471875 0.481250 0.471875
1 0.518750 0.426563 0.559375 0.426563 0.559375 0.470313 0.518750 0.470313
1 0.564063 0.425000 0.604688 0.425000 0.604688 0.468750 0.564063 0.468750
1 0.601562 0.421875 0.642188 0.421875 0.642188 0.465625 0.601562 0.465625
1 0.642188 0.425000 0.682813 0.425000 0.682813 0.468750 0.642188 0.468750
1 0.681250 0.426563 0.721875 0.426563 0.721875 0.470313 0.681250 0.470313
1 0.718750 0.425000 0.759375 0.425000 0.759375 0.468750 0.718750 0.468750
1 0.759375 0.418750 0.800000 0.418750 0.800000 0.462500 0.759375 0.462500
1 0.796875 0.420312 0.837500 0.420312 0.837500 0.464062 0.796875 0.464062
1 0.834375 0.425000 0.875000 0.425000 0.875000 0.468750 0.834375 0.468750
1 0.873437 0.428125 0.914062 0.428125 0.914062 0.471875 0.873437 0.471875
1 0.914062 0.423438 0.954688 0.423438 0.954688 0.467187 0.914062 0.467187
0 0.030469 0.460938 0.122656 0.460938 0.122656 0.510938 0.030469 0.510938
0 0.102344 0.454688 0.194531 0.454688 0.194531 0.504687 0.102344 0.504687
0 0.186719 0.460938 0.278906 0.460938 0.278906 0.510938 0.186719 0.510938
0 0.260156 0.460938 0.352344 0.460938 0.352344 0.510938 0.260156 0.510938
0 0.336719 0.453125 0.428906 0.453125 0.428906 0.503125 0.336719 0.503125
0 0.416406 0.459375 0.508594 0.459375 0.508594 0.509375 0.416406 0.509375
0 0.496094 0.460938 0.588281 0.460938 0.588281 0.510938 0.496094 0.510938
0 0.577344 0.462500 0.669531 0.462500 0.669531 0.512500 0.577344 0.512500
0 0.650781 0.454688 0.742969 0.454688 0.742969 0.504687 0.650781 0.504687
0 0.732031 0.454688 0.824219 0.454688 0.824219 0.504687 0.732031 0.504687
0 0.807031 0.457813 0.899219 0.457813 0.899219 0.507812 0.807031 0.507812
1 0.062500 0.502344 0.084375 0.502344 0.084375 0.544531 0.062500 0.544531
1 0.081250 0.507031 0.103125 0.507031 0.103125 0.549219 0.081250 0.549219
1 0.101562 0.510156 0.123438 0.510156 0.123438 0.552344 0.101562 0.552344
1 0.118750 0.502344 0.140625 0.502344 0.140625 0.544531 0.118750 0.544531
1 0.135937 0.508594 0.157812 0.508594 0.157812 0.550781 0.135937 0.550781
1 0.159375 0.508594 0.181250 0.508594 0.181250 0.550781 0.159375 0.550781
1 0.176563 0.503906 0.198437 0.503906 0.198437 0.546094 0.176563 0.546094
1 0.196875 0.502344 0.218750 0.502344 0.218750 0.544531 0.196875 0.544531
1 0.212500 0.507031 0.234375 0.507031 0.234375 0.549219 0.212500 0.549219
1 0.234375 0.503906 0.256250 0.503906 0.256250 0.546094 0.234375 0.546094
1 0.251563 0.503906 0.273438 0.503906 0.273438 0.546094 0.251563 0.546094
1 0.270313 0.505469 0.292187 0.505469 0.292187 0.547656 0.270313 0.547656
1 0.287500 0.510156 0.309375 0.510156 0.309375 0.552344 0.287500 0.552344
1 0.304688 0.507031 0.326562 0.507031 0.326562 0.549219 0.304688 0.549219
1 0.323437 0.508594 0.345313 0.508594 0.345313 0.550781 0.323437 0.550781
1 0.346875 0.502344 0.368750 0.502344 0.368750 0.544531 0.346875 0.544531
1 0.359375 0.502344 0.381250 0.502344 0.381250 0.544531 0.359375 0.544531
1 0.378125 0.502344 0.400000 0.502344 0.400000 0.544531 0.378125 0.544531
1 0.396875 0.510156 0.418750 0.510156 0.418750 0.552344 0.396875 0.552344
1 0.418750 0.503906 0.440625 0.503906 0.440625 0.546094 0.418750 0.546094
1 0.437500 0.507031 0.459375 0.507031 0.459375 0.549219 0.437500 0.549219
1 0.457813 0.503906 0.479687 0.503906 0.479687 0.546094 0.457813 0.546094
1 0.471875 0.511719 0.493750 0.511719 0.493750 0.553906 0.471875 0.553906
1 0.493750 0.505469 0.515625 0.505469 0.515625 0.547656 0.493750 0.547656
1 0.510938 0.503906 0.532813 0.503906 0.532813 0.546094 0.510938 0.546094
1 0.058594 0.550781 0.088281 0.550781 0.088281 0.589844 0.058594 0.589844
1 0.080469 0.546094 0.110156 0.546094 0.110156 0.585156 0.080469 0.585156
1 0.105469 0.544531 0.135156 0.544531 0.135156 0.583594 0.105469 0.583594
1 0.132031 0.541406 0.161719 0.541406 0.161719 0.580469 0.132031 0.580469
1 0.157031 0.541406 0.186719 0.541406 0.186719 0.580469 0.157031 0.580469
1 0.183594 0.544531 0.213281 0.544531 0.213281 0.583594 0.183594 0.583594
1 0.205469 0.550781 0.235156 0.550781 0.235156 0.589844 0.205469 0.589844
1 0.235156 0.542969 0.264844 0.542969 0.264844 0.582031 0.235156 0.582031
1 0.260156 0.546094 0.289844 0.546094 0.289844 0.585156 0.260156 0.585156
1 0.286719 0.544531 0.316406 0.544531 0.316406 0.583594 0.286719 0.583594
1 0.308594 0.542969 0.338281 0.542969 0.338281 0.582031 0.308594 0.582031
1 0.330469 0.550781 0.360156 0.550781 0.360156 0.589844 0.330469 0.589844
1 0.361719 0.546094 0.391406 0.546094 0.391406 0.585156 0.361719 0.585156
1 0.380469 0.541406 0.410156 0.541406 0.410156 0.580469 0.380469 0.580469
1 0.407031 0.544531 0.436719 0.544531 0.436719 0.583594 0.407031 0.583594
1 0.432031 0.547656 0.461719 0.547656 0.461719 0.586719 0.432031 0.586719
1 0.461719 0.542969 0.491406 0.542969 0.491406 0.582031 0.461719 0.582031
1 0.483594 0.541406 0.513281 0.541406 0.513281 0.580469 0.483594 0.580469
1 0.511719 0.549219 0.541406 0.549219 0.541406 0.588281 0.511719 0.588281
1 0.532031 0.541406 0.561719 0.541406 0.561719 0.580469 0.532031 0.580469
1 0.560156 0.542969 0.589844 0.542969 0.589844 0.582031 0.560156 0.582031
1 0.586719 0.547656 0.616406 0.547656 0.616406 0.586719 0.586719 0.586719
1 0.610156 0.550781 0.639844 0.550781 0.639844 0.589844 0.610156 0.589844
1 0.633594 0.550781 0.663281 0.550781 0.663281 0.589844 0.633594 0.589844
1 0.655469 0.546094 0.685156 0.546094 0.685156 0.585156 0.655469 0.585156