0 0.008594 0.085938 0.022656 0.085938 0.022656 0.095312 0.008594 0.095312
0 0.714844 0.085938 0.728906 0.085938 0.728906 0.095312 0.714844 0.095312
2 0.024527 0.217381 0.102500 0.136285 0.407736 0.429764 0.329764 0.510861
2 0.103908 0.135168 0.200591 0.077647 0.417092 0.441552 0.320408 0.499073
2 0.202245 0.076943 0.310719 0.047115 0.422987 0.455399 0.314513 0.485226
2 0.312500 0.046875 0.425000 0.046875 0.425000 0.470313 0.312500 0.470313
2 0.426781 0.047115 0.535255 0.076943 0.422987 0.485226 0.314513 0.455399
2 0.536909 0.077647 0.633592 0.135168 0.417092 0.499073 0.320408 0.441552
2 0.635000 0.136285 0.712973 0.217381 0.407736 0.510861 0.329764 0.429764
2 0.714034 0.218832 0.767714 0.317699 0.395590 0.519746 0.341910 0.420879
0 0.361719 0.465625 0.375781 0.465625 0.375781 0.475000 0.361719 0.475000
0 0.008594 0.845313 0.022656 0.845313 0.022656 0.854688 0.008594 0.854688
2 0.322911 0.697387 0.376591 0.598520 0.748715 0.800567 0.695035 0.899433
2 0.377652 0.597069 0.455625 0.515973 0.760861 0.809452 0.682889 0.890548
2 0.457033 0.514855 0.553716 0.457335 0.770217 0.821240 0.673533 0.878760
2 0.555370 0.456631 0.663844 0.426803 0.776112 0.835086 0.667638 0.864914
2 0.665625 0.426563 0.778125 0.426563 0.778125 0.850000 0.665625 0.850000
2 0.779906 0.426803 0.888380 0.456631 0.776112 0.864914 0.667638 0.835086
2 0.890034 0.457335 0.986717 0.514855 0.770217 0.878760 0.673533 0.821240
0 0.714844 0.845313 0.728906 0.845313 0.728906 0.854688 0.714844 0.854688