0 0.007812 0.060156 0.098437 0.060156 0.098437 0.124219 0.007812 0.124219
0 0.129688 0.060156 0.220312 0.060156 0.220312 0.124219 0.129688 0.124219
0 0.251563 0.060156 0.342187 0.060156 0.342187 0.124219 0.251563 0.124219
0 0.373437 0.060156 0.464062 0.060156 0.464062 0.124219 0.373437 0.124219
0 0.495312 0.060156 0.585938 0.060156 0.585938 0.124219 0.495312 0.124219
0 0.617188 0.060156 0.707812 0.060156 0.707812 0.124219 0.617188 0.124219
0 0.739062 0.060156 0.829688 0.060156 0.829688 0.124219 0.739062 0.124219
0 0.860938 0.060156 0.951562 0.060156 0.951562 0.124219 0.860938 0.124219
3 0.023860 0.120966 0.075687 0.083311 0.139976 0.171798 0.088149 0.209452
3 0.035867 0.107713 0.092947 0.078629 0.142603 0.176083 0.085522 0.205167
3 0.049800 0.096501 0.110727 0.076705 0.144526 0.180727 0.083599 0.200523
3 0.065316 0.087607 0.128589 0.077586 0.145699 0.185614 0.082426 0.195636
3 0.082031 0.081250 0.146094 0.081250 0.146094 0.190625 0.082031 0.190625
3 0.099536 0.077586 0.162809 0.087607 0.145699 0.195636 0.082426 0.185614
3 0.117398 0.076705 0.178325 0.096501 0.144526 0.200523 0.083599 0.180727
3 0.135178 0.078629 0.192258 0.107713 0.142603 0.205167 0.085522 0.176083
3 0.152438 0.083311 0.204265 0.120966 0.139976 0.209452 0.088149 0.171798
0 0.068750 0.158594 0.159375 0.158594 0.159375 0.222656 0.068750 0.222656
3 0.145735 0.120966 0.197562 0.083311 0.261851 0.171798 0.210024 0.209452
3 0.157742 0.107713 0.214822 0.078629 0.264478 0.176083 0.207397 0.205167
3 0.171675 0.096501 0.232602 0.076705 0.266401 0.180727 0.205474 0.200523
3 0.187191 0.087607 0.250464 0.077586 0.267574 0.185614 0.204301 0.195636
3 0.203906 0.081250 0.267969 0.081250 0.267969 0.190625 0.203906 0.190625
3 0.221411 0.077586 0.284684 0.087607 0.267574 0.195636 0.204301 0.185614
3 0.239273 0.076705 0.300200 0.096501 0.266401 0.200523 0.205474 0.180727
3 0.257053 0.078629 0.314133 0.107713 0.264478 0.205167 0.207397 0.176083
3 0.274313 0.083311 0.326140 0.120966 0.261851 0.209452 0.210024 0.171798
0 0.190625 0.158594 0.281250 0.158594 0.281250 0.222656 0.190625 0.222656
3 0.267610 0.120966 0.319437 0.083311 0.383726 0.171798 0.331899 0.209452
3 0.279617 0.107713 0.336697 0.078629 0.386353 0.176083 0.329272 0.205167
3 0.293550 0.096501 0.354477 0.076705 0.388276 0.180727 0.327349 0.200523
3 0.309066 0.087607 0.372339 0.077586 0.389449 0.185614 0.326176 0.195636
3 0.325781 0.081250 0.389844 0.081250 0.389844 0.190625 0.325781 0.190625
3 0.343286 0.077586 0.406559 0.087607 0.389449 0.195636 0.326176 0.185614
3 0.361148 0.076705 0.422075 0.096501 0.388276 0.200523 0.327349 0.180727
3 0.378928 0.078629 0.436008 0.107713 0.386353 0.205167 0.329272 0.176083
3 0.396188 0.083311 0.448015 0.120966 0.383726 0.209452 0.331899 0.171798
0 0.312500 0.158594 0.403125 0.158594 0.403125 0.222656 0.312500 0.222656
3 0.389485 0.120966 0.441312 0.083311 0.505601 0.171798 0.453774 0.209452
3 0.401492 0.107713 0.458572 0.078629 0.508228 0.176083 0.451147 0.205167
3 0.415425 0.096501 0.476352 0.076705 0.510151 0.180727 0.449224 0.200523
3 0.430941 0.087607 0.494214 0.077586 0.511324 0.185614 0.448051 0.195636
3 0.447656 0.081250 0.511719 0.081250 0.511719 0.190625 0.447656 0.190625
3 0.465161 0.077586 0.528434 0.087607 0.511324 0.195636 0.448051 0.185614
3 0.483023 0.076705 0.543950 0.096501 0.510151 0.200523 0.449224 0.180727
3 0.500803 0.078629 0.557883 0.107713 0.508228 0.205167 0.451147 0.176083
3 0.518063 0.083311 0.569890 0.120966 0.505601 0.209452 0.453774 0.171798
0 0.434375 0.158594 0.525000 0.158594 0.525000 0.222656 0.434375 0.222656
3 0.511360 0.120966 0.563187 0.083311 0.627476 0.171798 0.575649 0.209452
3 0.523367 0.107713 0.580447 0.078629 0.630103 0.176083 0.573022 0.205167
3 0.537300 0.096501 0.598227 0.076705 0.632026 0.180727 0.571099 0.200523
3 0.552816 0.087607 0.616089 0.077586 0.633199 0.185614 0.569926 0.195636
3 0.569531 0.081250 0.633594 0.081250 0.633594 0.190625 0.569531 0.190625
3 0.587036 0.077586 0.650309 0.087607 0.633199 0.195636 0.569926 0.185614
3 0.604898 0.076705 0.665825 0.096501 0.632026 0.200523 0.571099 0.180727
3 0.622678 0.078629 0.679758 0.107713 0.630103 0.205167 0.573022 0.176083
3 0.639938 0.083311 0.691765 0.120966 0.627476 0.209452 0.575649 0.171798
0 0.556250 0.158594 0.646875 0.158594 0.646875 0.222656 0.556250 0.222656
3 0.633235 0.120966 0.685062 0.083311 0.749351 0.171798 0.697524 0.209452
3 0.645242 0.107713 0.702322 0.078629 0.751978 0.176083 0.694897 0.205167
3 0.659175 0.096501 0.720102 0.076705 0.753901 0.180727 0.692974 0.200523
3 0.674691 0.087607 0.737964 0.077586 0.755074 0.185614 0.691801 0.195636
3 0.691406 0.081250 0.755469 0.081250 0.755469 0.190625 0.691406 0.190625
3 0.708911 0.077586 0.772184 0.087607 0.755074 0.195636 0.691801 0.185614
3 0.726773 0.076705 0.787700 0.096501 0.753901 0.200523 0.692974 0.180727
3 0.744553 0.078629 0.801633 0.107713 0.751978 0.205167 0.694897 0.176083
3 0.761813 0.083311 0.813640 0.120966 0.749351 0.209452 0.697524 0.171798
0 0.678125 0.158594 0.768750 0.158594 0.768750 0.222656 0.678125 0.222656
3 0.755110 0.120966 0.806937 0.083311 0.871226 0.171798 0.819399 0.209452
3 0.767117 0.107713 0.824197 0.078629 0.873853 0.176083 0.816772 0.205167
3 0.781050 0.096501 0.841977 0.076705 0.875776 0.180727 0.814849 0.200523
3 0.796566 0.087607 0.859839 0.077586 0.876949 0.185614 0.813676 0.195636
3 0.813281 0.081250 0.877344 0.081250 0.877344 0.190625 0.813281 0.190625
3 0.830786 0.077586 0.894059 0.087607 0.876949 0.195636 0.813676 0.185614
3 0.848648 0.076705 0.909575 0.096501 0.875776 0.200523 0.814849 0.180727
3 0.866428 0.078629 0.923508 0.107713 0.873853 0.205167 0.816772 0.176083
3 0.883688 0.083311 0.935515 0.120966 0.871226 0.209452 0.819399 0.171798
0 0.800000 0.158594 0.890625 0.158594 0.890625 0.222656 0.800000 0.222656
3 0.876985 0.120966 0.928812 0.083311 0.993101 0.171798 0.941274 0.209452
3 0.888992 0.107713 0.946072 0.078629 0.995728 0.176083 0.938647 0.205167
3 0.902925 0.096501 0.963852 0.076705 0.997651 0.180727 0.936724 0.200523
3 0.918441 0.087607 0.981714 0.077586 0.998824 0.185614 0.935551 0.195636
3 0.935156 0.081250 0.999219 0.081250 0.999219 0.190625 0.935156 0.190625
3 0.004378 0.186045 0.067652 0.176023 0.084762 0.284052 0.021488 0.294073
3 0.021094 0.179688 0.085156 0.179688 0.085156 0.289062 0.021094 0.289062
3 0.038598 0.176023 0.101872 0.186045 0.084762 0.294073 0.021488 0.284052
3 0.056460 0.175142 0.117387 0.194939 0.083589 0.298961 0.022661 0.279164
3 0.074240 0.177067 0.131320 0.206151 0.081665 0.303604 0.024585 0.274521
3 0.091500 0.181749 0.143328 0.219404 0.079039 0.307890 0.027211 0.270235
0 0.007812 0.257031 0.098437 0.257031 0.098437 0.321094 0.007812 0.321094
3 0.084797 0.219404 0.136625 0.181749 0.200914 0.270235 0.149086 0.307890
3 0.096805 0.206151 0.153885 0.177067 0.203540 0.274521 0.146460 0.303604
3 0.110738 0.194939 0.171665 0.175142 0.205464 0.279164 0.144536 0.298961
3 0.126253 0.186045 0.189527 0.176023 0.206637 0.284052 0.143363 0.294073
3 0.142969 0.179688 0.207031 0.179688 0.207031 0.289062 0.142969 0.289062
3 0.160473 0.176023 0.223747 0.186045 0.206637 0.294073 0.143363 0.284052
3 0.178335 0.175142 0.239262 0.194939 0.205464 0.298961 0.144536 0.279164
3 0.196115 0.177067 0.253195 0.206151 0.203540 0.303604 0.146460 0.274521
3 0.213375 0.181749 0.265203 0.219404 0.200914 0.307890 0.149086 0.270235
0 0.129688 0.257031 0.220312 0.257031 0.220312 0.321094 0.129688 0.321094
3 0.206672 0.219404 0.258500 0.181749 0.322789 0.270235 0.270961 0.307890
3 0.218680 0.206151 0.275760 0.177067 0.325415 0.274521 0.268335 0.303604
3 0.232613 0.194939 0.293540 0.175142 0.327339 0.279164 0.266411 0.298961
3 0.248128 0.186045 0.311402 0.176023 0.328512 0.284052 0.265238 0.294073
3 0.264844 0.179688 0.328906 0.179688 0.328906 0.289062 0.264844 0.289062
3 0.282348 0.176023 0.345622 0.186045 0.328512 0.294073 0.265238 0.284052
3 0.300210 0.175142 0.361137 0.194939 0.327339 0.298961 0.266411 0.279164
3 0.317990 0.177067 0.375070 0.206151 0.325415 0.303604 0.268335 0.274521
3 0.335250 0.181749 0.387078 0.219404 0.322789 0.307890 0.270961 0.270235
0 0.251563 0.257031 0.342187 0.257031 0.342187 0.321094 0.251563 0.321094
3 0.328547 0.219404 0.380375 0.181749 0.444664 0.270235 0.392836 0.307890
3 0.340555 0.206151 0.397635 0.177067 0.447290 0.274521 0.390210 0.303604
3 0.354488 0.194939 0.415415 0.175142 0.449214 0.279164 0.388286 0.298961
3 0.370003 0.186045 0.433277 0.176023 0.450387 0.284052 0.387113 0.294073
3 0.386719 0.179688 0.450781 0.179688 0.450781 0.289062 0.386719 0.289062
3 0.404223 0.176023 0.467497 0.186045 0.450387 0.294073 0.387113 0.284052
3 0.422085 0.175142 0.483012 0.194939 0.449214 0.298961 0.388286 0.279164
3 0.439865 0.177067 0.496945 0.206151 0.447290 0.303604 0.390210 0.274521
3 0.457125 0.181749 0.508953 0.219404 0.444664 0.307890 0.392836 0.270235
0 0.373437 0.257031 0.464062 0.257031 0.464062 0.321094 0.373437 0.321094
3 0.450422 0.219404 0.502250 0.181749 0.566539 0.270235 0.514711 0.307890
3 0.462430 0.206151 0.519510 0.177067 0.569165 0.274521 0.512085 0.303604
3 0.476363 0.194939 0.537290 0.175142 0.571089 0.279164 0.510161 0.298961
3 0.491878 0.186045 0.555152 0.176023 0.572262 0.284052 0.508988 0.294073
3 0.508594 0.179688 0.572656 0.179688 0.572656 0.289062 0.508594 0.289062
3 0.526098 0.176023 0.589372 0.186045 0.572262 0.294073 0.508988 0.284052
3 0.543960 0.175142 0.604887 0.194939 0.571089 0.298961 0.510161 0.279164
3 0.561740 0.177067 0.618820 0.206151 0.569165 0.303604 0.512085 0.274521
3 0.579000 0.181749 0.630828 0.219404 0.566539 0.307890 0.514711 0.270235
0 0.495312 0.257031 0.585938 0.257031 0.585938 0.321094 0.495312 0.321094
3 0.572297 0.219404 0.624125 0.181749 0.688414 0.270235 0.636586 0.307890
3 0.584305 0.206151 0.641385 0.177067 0.691040 0.274521 0.633960 0.303604
3 0.598238 0.194939 0.659165 0.175142 0.692964 0.279164 0.632036 0.298961
3 0.613753 0.186045 0.677027 0.176023 0.694137 0.284052 0.630863 0.294073
3 0.630469 0.179688 0.694531 0.179688 0.694531 0.289062 0.630469 0.289062
3 0.647973 0.176023 0.711247 0.186045 0.694137 0.294073 0.630863 0.284052
3 0.665835 0.175142 0.726762 0.194939 0.692964 0.298961 0.632036 0.279164
3 0.683615 0.177067 0.740695 0.206151 0.691040 0.303604 0.633960 0.274521
3 0.700875 0.181749 0.752703 0.219404 0.688414 0.307890 0.636586 0.270235
0 0.617188 0.257031 0.707812 0.257031 0.707812 0.321094 0.617188 0.321094
3 0.694172 0.219404 0.746000 0.181749 0.810289 0.270235 0.758461 0.307890
3 0.706180 0.206151 0.763260 0.177067 0.812915 0.274521 0.755835 0.303604
3 0.720113 0.194939 0.781040 0.175142 0.814839 0.279164 0.753911 0.298961
3 0.735628 0.186045 0.798902 0.176023 0.816012 0.284052 0.752738 0.294073
3 0.752344 0.179688 0.816406 0.179688 0.816406 0.289062 0.752344 0.289062
3 0.769848 0.176023 0.833122 0.186045 0.816012 0.294073 0.752738 0.284052
3 0.787710 0.175142 0.848637 0.194939 0.814839 0.298961 0.753911 0.279164
3 0.805490 0.177067 0.862570 0.206151 0.812915 0.303604 0.755835 0.274521
3 0.822750 0.181749 0.874578 0.219404 0.810289 0.307890 0.758461 0.270235
0 0.739062 0.257031 0.829688 0.257031 0.829688 0.321094 0.739062 0.321094
3 0.816047 0.219404 0.867875 0.181749 0.932164 0.270235 0.880336 0.307890
3 0.828055 0.206151 0.885135 0.177067 0.934790 0.274521 0.877710 0.303604
3 0.841988 0.194939 0.902915 0.175142 0.936714 0.279164 0.875786 0.298961
3 0.857503 0.186045 0.920777 0.176023 0.937887 0.284052 0.874613 0.294073
3 0.874219 0.179688 0.938281 0.179688 0.938281 0.289062 0.874219 0.289062
3 0.891723 0.176023 0.954997 0.186045 0.937887 0.294073 0.874613 0.284052
3 0.909585 0.175142 0.970512 0.194939 0.936714 0.298961 0.875786 0.279164
3 0.927365 0.177067 0.984445 0.206151 0.934790 0.303604 0.877710 0.274521
3 0.944625 0.181749 0.996453 0.219404 0.932164 0.307890 0.880336 0.270235
0 0.860938 0.257031 0.951562 0.257031 0.951562 0.321094 0.860938 0.321094
3 0.023860 0.317841 0.075687 0.280186 0.139976 0.368673 0.088149 0.406327
3 0.035867 0.304588 0.092947 0.275504 0.142603 0.372958 0.085522 0.402042
3 0.049800 0.293376 0.110727 0.273580 0.144526 0.377602 0.083599 0.397398
3 0.065316 0.284482 0.128589 0.274461 0.145699 0.382489 0.082426 0.392511
3 0.082031 0.278125 0.146094 0.278125 0.146094 0.387500 0.082031 0.387500
3 0.099536 0.274461 0.162809 0.284482 0.145699 0.392511 0.082426 0.382489
3 0.117398 0.273580 0.178325 0.293376 0.144526 0.397398 0.083599 0.377602
3 0.135178 0.275504 0.192258 0.304588 0.142603 0.402042 0.085522 0.372958
3 0.152438 0.280186 0.204265 0.317841 0.139976 0.406327 0.088149 0.368673
0 0.068750 0.355469 0.159375 0.355469 0.159375 0.419531 0.068750 0.419531
3 0.145735 0.317841 0.197562 0.280186 0.261851 0.368673 0.210024 0.406327
3 0.157742 0.304588 0.214822 0.275504 0.264478 0.372958 0.207397 0.402042
3 0.171675 0.293376 0.232602 0.273580 0.266401 0.377602 0.205474 0.397398
3 0.187191 0.284482 0.250464 0.274461 0.267574 0.382489 0.204301 0.392511
3 0.203906 0.278125 0.267969 0.278125 0.267969 0.387500 0.203906 0.387500
3 0.221411 0.274461 0.284684 0.284482 0.267574 0.392511 0.204301 0.382489
3 0.239273 0.273580 0.300200 0.293376 0.266401 0.397398 0.205474 0.377602
3 0.257053 0.275504 0.314133 0.304588 0.264478 0.402042 0.207397 0.372958
3 0.274313 0.280186 0.326140 0.317841 0.261851 0.406327 0.210024 0.368673
0 0.190625 0.355469 0.281250 0.355469 0.281250 0.419531 0.190625 0.419531
3 0.267610 0.317841 0.319437 0.280186 0.383726 0.368673 0.331899 0.406327
3 0.279617 0.304588 0.336697 0.275504 0.386353 0.372958 0.329272 0.402042
3 0.293550 0.293376 0.354477 0.273580 0.388276 0.377602 0.327349 0.397398
3 0.309066 0.284482 0.372339 0.274461 0.389449 0.382489 0.326176 0.392511
3 0.325781 0.278125 0.389844 0.278125 0.389844 0.387500 0.325781 0.387500
3 0.343286 0.274461 0.406559 0.284482 0.389449 0.392511 0.326176 0.382489
3 0.361148 0.273580 0.422075 0.293376 0.388276 0.397398 0.327349 0.377602
3 0.378928 0.275504 0.436008 0.304588 0.386353 0.402042 0.329272 0.372958
3 0.396188 0.280186 0.448015 0.317841 0.383726 0.406327 0.331899 0.368673
0 0.312500 0.355469 0.403125 0.355469 0.403125 0.419531 0.312500 0.419531
3 0.389485 0.317841 0.441312 0.280186 0.505601 0.368673 0.453774 0.406327
3 0.401492 0.304588 0.458572 0.275504 0.508228 0.372958 0.451147 0.402042
3 0.415425 0.293376 0.476352 0.273580 0.510151 0.377602 0.449224 0.397398
3 0.430941 0.284482 0.494214 0.274461 0.511324 0.382489 0.448051 0.392511
3 0.447656 0.278125 0.511719 0.278125 0.511719 0.387500 0.447656 0.387500
3 0.465161 0.274461 0.528434 0.284482 0.511324 0.392511 0.448051 0.382489
3 0.483023 0.273580 0.543950 0.293376 0.510151 0.397398 0.449224 0.377602
3 0.500803 0.275504 0.557883 0.304588 0.508228 0.402042 0.451147 0.372958
3 0.518063 0.280186 0.569890 0.317841 0.505601 0.406327 0.453774 0.368673
0 0.434375 0.355469 0.525000 0.355469 0.525000 0.419531 0.434375 0.419531
3 0.511360 0.317841 0.563187 0.280186 0.627476 0.368673 0.575649 0.406327
3 0.523367 0.304588 0.580447 0.275504 0.630103 0.372958 0.573022 0.402042
3 0.537300 0.293376 0.598227 0.273580 0.632026 0.377602 0.571099 0.397398
3 0.552816 0.284482 0.616089 0.274461 0.633199 0.382489 0.569926 0.392511
3 0.569531 0.278125 0.633594 0.278125 0.633594 0.387500 0.569531 0.387500
3 0.587036 0.274461 0.650309 0.284482 0.633199 0.392511 0.569926 0.382489
3 0.604898 0.273580 0.665825 0.293376 0.632026 0.397398 0.571099 0.377602
3 0.622678 0.275504 0.679758 0.304588 0.630103 0.402042 0.573022 0.372958
3 0.639938 0.280186 0.691765 0.317841 0.627476 0.406327 0.575649 0.368673
0 0.556250 0.355469 0.646875 0.355469 0.646875 0.419531 0.556250 0.419531
3 0.633235 0.317841 0.685062 0.280186 0.749351 0.368673 0.697524 0.406327
3 0.645242 0.304588 0.702322 0.275504 0.751978 0.372958 0.694897 0.402042
3 0.659175 0.293376 0.720102 0.273580 0.753901 0.377602 0.692974 0.397398
3 0.674691 0.284482 0.737964 0.274461 0.755074 0.382489 0.691801 0.392511
3 0.691406 0.278125 0.755469 0.278125 0.755469 0.387500 0.691406 0.387500
3 0.708911 0.274461 0.772184 0.284482 0.755074 0.392511 0.691801 0.382489
3 0.726773 0.273580 0.787700 0.293376 0.753901 0.397398 0.692974 0.377602
3 0.744553 0.275504 0.801633 0.304588 0.751978 0.402042 0.694897 0.372958
3 0.761813 0.280186 0.813640 0.317841 0.749351 0.406327 0.697524 0.368673
0 0.678125 0.355469 0.768750 0.355469 0.768750 0.419531 0.678125 0.419531
3 0.755110 0.317841 0.806937 0.280186 0.871226 0.368673 0.819399 0.406327
3 0.767117 0.304588 0.824197 0.275504 0.873853 0.372958 0.816772 0.402042
3 0.781050 0.293376 0.841977 0.273580 0.875776 0.377602 0.814849 0.397398
3 0.796566 0.284482 0.859839 0.274461 0.876949 0.382489 0.813676 0.392511
3 0.813281 0.278125 0.877344 0.278125 0.877344 0.387500 0.813281 0.387500
3 0.830786 0.274461 0.894059 0.284482 0.876949 0.392511 0.813676 0.382489
3 0.848648 0.273580 0.909575 0.293376 0.875776 0.397398 0.814849 0.377602
3 0.866428 0.275504 0.923508 0.304588 0.873853 0.402042 0.816772 0.372958
3 0.883688 0.280186 0.935515 0.317841 0.871226 0.406327 0.819399 0.368673
0 0.800000 0.355469 0.890625 0.355469 0.890625 0.419531 0.800000 0.419531
3 0.876985 0.317841 0.928812 0.280186 0.993101 0.368673 0.941274 0.406327
3 0.888992 0.304588 0.946072 0.275504 0.995728 0.372958 0.938647 0.402042
3 0.902925 0.293376 0.963852 0.273580 0.997651 0.377602 0.936724 0.397398
3 0.918441 0.284482 0.981714 0.274461 0.998824 0.382489 0.935551 0.392511
3 0.935156 0.278125 0.999219 0.278125 0.999219 0.387500 0.935156 0.387500
3 0.004378 0.382920 0.067652 0.372898 0.084762 0.480927 0.021488 0.490948
3 0.021094 0.376563 0.085156 0.376563 0.085156 0.485938 0.021094 0.485938
3 0.038598 0.372898 0.101872 0.382920 0.084762 0.490948 0.021488 0.480927
3 0.056460 0.372017 0.117387 0.391814 0.083589 0.495836 0.022661 0.476039
3 0.074240 0.373942 0.131320 0.403026 0.081665 0.500479 0.024585 0.471396
3 0.091500 0.378624 0.143328 0.416279 0.079039 0.504765 0.027211 0.467110
0 0.007812 0.453906 0.098437 0.453906 0.098437 0.517969 0.007812 0.517969
3 0.084797 0.416279 0.136625 0.378624 0.200914 0.467110 0.149086 0.504765
3 0.096805 0.403026 0.153885 0.373942 0.203540 0.471396 0.146460 0.500479
3 0.110738 0.391814 0.171665 0.372017 0.205464 0.476039 0.144536 0.495836
3 0.126253 0.382920 0.189527 0.372898 0.206637 0.480927 0.143363 0.490948
3 0.142969 0.376563 0.207031 0.376563 0.207031 0.485938 0.142969 0.485938
3 0.160473 0.372898 0.223747 0.382920 0.206637 0.490948 0.143363 0.480927
3 0.178335 0.372017 0.239262 0.391814 0.205464 0.495836 0.144536 0.476039
3 0.196115 0.373942 0.253195 0.403026 0.203540 0.500479 0.146460 0.471396
3 0.213375 0.378624 0.265203 0.416279 0.200914 0.504765 0.149086 0.467110
0 0.129688 0.453906 0.220312 0.453906 0.220312 0.517969 0.129688 0.517969
3 0.206672 0.416279 0.258500 0.378624 0.322789 0.467110 0.270961 0.504765
3 0.218680 0.403026 0.275760 0.373942 0.325415 0.471396 0.268335 0.500479
3 0.232613 0.391814 0.293540 0.372017 0.327339 0.476039 0.266411 0.495836
3 0.248128 0.382920 0.311402 0.372898 0.328512 0.480927 0.265238 0.490948
3 0.264844 0.376563 0.328906 0.376563 0.328906 0.485938 0.264844 0.485938
3 0.282348 0.372898 0.345622 0.382920 0.328512 0.490948 0.265238 0.480927
3 0.300210 0.372017 0.361137 0.391814 0.327339 0.495836 0.266411 0.476039
3 0.317990 0.373942 0.375070 0.403026 0.325415 0.500479 0.268335 0.471396
3 0.335250 0.378624 0.387078 0.416279 0.322789 0.504765 0.270961 0.467110
0 0.251563 0.453906 0.342187 0.453906 0.342187 0.517969 0.251563 0.517969
3 0.328547 0.416279 0.380375 0.378624 0.444664 0.467110 0.392836 0.504765
3 0.340555 0.403026 0.397635 0.373942 0.447290 0.471396 0.390210 0.500479
3 0.354488 0.391814 0.415415 0.372017 0.449214 0.476039 0.388286 0.495836
3 0.370003 0.382920 0.433277 0.372898 0.450387 0.480927 0.387113 0.490948
3 0.386719 0.376563 0.450781 0.376563 0.450781 0.485938 0.386719 0.485938
3 0.404223 0.372898 0.467497 0.382920 0.450387 0.490948 0.387113 0.480927
3 0.422085 0.372017 0.483012 0.391814 0.449214 0.495836 0.388286 0.476039
3 0.439865 0.373942 0.496945 0.403026 0.447290 0.500479 0.390210 0.471396
3 0.457125 0.378624 0.508953 0.416279 0.444664 0.504765 0.392836 0.467110
0 0.373437 0.453906 0.464062 0.453906 0.464062 0.517969 0.373437 0.517969
3 0.450422 0.416279 0.502250 0.378624 0.566539 0.467110 0.514711 0.504765
3 0.462430 0.403026 0.519510 0.373942 0.569165 0.471396 0.512085 0.500479
3 0.476363 0.391814 0.537290 0.372017 0.571089 0.476039 0.510161 0.495836
3 0.491878 0.382920 0.555152 0.372898 0.572262 0.480927 0.508988 0.490948
3 0.508594 0.376563 0.572656 0.376563 0.572656 0.485938 0.508594 0.485938
3 0.526098 0.372898 0.589372 0.382920 0.572262 0.490948 0.508988 0.480927
3 0.543960 0.372017 0.604887 0.391814 0.571089 0.495836 0.510161 0.476039
3 0.561740 0.373942 0.618820 0.403026 0.569165 0.500479 0.512085 0.471396
3 0.579000 0.378624 0.630828 0.416279 0.566539 0.504765 0.514711 0.467110
0 0.495312 0.453906 0.585938 0.453906 0.585938 0.517969 0.495312 0.517969
3 0.572297 0.416279 0.624125 0.378624 0.688414 0.467110 0.636586 0.504765
3 0.584305 0.403026 0.641385 0.373942 0.691040 0.471396 0.633960 0.500479
3 0.598238 0.391814 0.659165 0.372017 0.692964 0.476039 0.632036 0.495836
3 0.613753 0.382920 0.677027 0.372898 0.694137 0.480927 0.630863 0.490948
3 0.630469 0.376563 0.694531 0.376563 0.694531 0.485938 0.630469 0.485938
3 0.647973 0.372898 0.711247 0.382920 0.694137 0.490948 0.630863 0.480927
3 0.665835 0.372017 0.726762 0.391814 0.692964 0.495836 0.632036 0.476039
3 0.683615 0.373942 0.740695 0.403026 0.691040 0.500479 0.633960 0.471396
3 0.700875 0.378624 0.752703 0.416279 0.688414 0.504765 0.636586 0.467110
0 0.617188 0.453906 0.707812 0.453906 0.707812 0.517969 0.617188 0.517969
3 0.694172 0.416279 0.746000 0.378624 0.810289 0.467110 0.758461 0.504765
3 0.706180 0.403026 0.763260 0.373942 0.812915 0.471396 0.755835 0.500479
3 0.720113 0.391814 0.781040 0.372017 0.814839 0.476039 0.753911 0.495836
3 0.735628 0.382920 0.798902 0.372898 0.816012 0.480927 0.752738 0.490948
3 0.752344 0.376563 0.816406 0.376563 0.816406 0.485938 0.752344 0.485938
3 0.769848 0.372898 0.833122 0.382920 0.816012 0.490948 0.752738 0.480927
3 0.787710 0.372017 0.848637 0.391814 0.814839 0.495836 0.753911 0.476039
3 0.805490 0.373942 0.862570 0.403026 0.812915 0.500479 0.755835 0.471396
3 0.822750 0.378624 0.874578 0.416279 0.810289 0.504765 0.758461 0.467110
0 0.739062 0.453906 0.829688 0.453906 0.829688 0.517969 0.739062 0.517969
3 0.816047 0.416279 0.867875 0.378624 0.932164 0.467110 0.880336 0.504765
3 0.828055 0.403026 0.885135 0.373942 0.934790 0.471396 0.877710 0.500479
3 0.841988 0.391814 0.902915 0.372017 0.936714 0.476039 0.875786 0.495836
3 0.857503 0.382920 0.920777 0.372898 0.937887 0.480927 0.874613 0.490948
3 0.874219 0.376563 0.938281 0.376563 0.938281 0.485938 0.874219 0.485938
3 0.891723 0.372898 0.954997 0.382920 0.937887 0.490948 0.874613 0.480927
3 0.909585 0.372017 0.970512 0.391814 0.936714 0.495836 0.875786 0.476039
3 0.927365 0.373942 0.984445 0.403026 0.934790 0.500479 0.877710 0.471396
3 0.944625 0.378624 0.996453 0.416279 0.932164 0.504765 0.880336 0.467110
0 0.860938 0.453906 0.951562 0.453906 0.951562 0.517969 0.860938 0.517969
3 0.023860 0.514716 0.075687 0.477061 0.139976 0.565548 0.088149 0.603202
3 0.035867 0.501463 0.092947 0.472379 0.142603 0.569833 0.085522 0.598917
3 0.049800 0.490251 0.110727 0.470455 0.144526 0.574477 0.083599 0.594273
3 0.065316 0.481357 0.128589 0.471336 0.145699 0.579364 0.082426 0.589386
3 0.082031 0.475000 0.146094 0.475000 0.146094 0.584375 0.082031 0.584375
3 0.099536 0.471336 0.162809 0.481357 0.145699 0.589386 0.082426 0.579364
3 0.117398 0.470455 0.178325 0.490251 0.144526 0.594273 0.083599 0.574477
3 0.135178 0.472379 0.192258 0.501463 0.142603 0.598917 0.085522 0.569833
3 0.152438 0.477061 0.204265 0.514716 0.139976 0.603202 0.088149 0.565548
0 0.068750 0.552344 0.159375 0.552344 0.159375 0.616406 0.068750 0.616406
3 0.145735 0.514716 0.197562 0.477061 0.261851 0.565548 0.210024 0.603202
3 0.157742 0.501463 0.214822 0.472379 0.264478 0.569833 0.207397 0.598917
3 0.171675 0.490251 0.232602 0.470455 0.266401 0.574477 0.205474 0.594273
3 0.187191 0.481357 0.250464 0.471336 0.267574 0.579364 0.204301 0.589386
3 0.203906 0.475000 0.267969 0.475000 0.267969 0.584375 0.203906 0.584375
3 0.221411 0.471336 0.284684 0.481357 0.267574 0.589386 0.204301 0.579364
3 0.239273 0.470455 0.300200 0.490251 0.266401 0.594273 0.205474 0.574477
3 0.257053 0.472379 0.314133 0.501463 0.264478 0.598917 0.207397 0.569833
3 0.274313 0.477061 0.326140 0.514716 0.261851 0.603202 0.210024 0.565548
0 0.190625 0.552344 0.281250 0.552344 0.281250 0.616406 0.190625 0.616406
3 0.267610 0.514716 0.319437 0.477061 0.383726 0.565548 0.331899 0.603202
3 0.279617 0.501463 0.336697 0.472379 0.386353 0.569833 0.329272 0.598917
3 0.293550 0.490251 0.354477 0.470455 0.388276 0.574477 0.327349 0.594273
3 0.309066 0.481357 0.372339 0.471336 0.389449 0.579364 0.326176 0.589386
3 0.325781 0.475000 0.389844 0.475000 0.389844 0.584375 0.325781 0.584375
3 0.343286 0.471336 0.406559 0.481357 0.389449 0.589386 0.326176 0.579364
3 0.361148 0.470455 0.422075 0.490251 0.388276 0.594273 0.327349 0.574477
3 0.378928 0.472379 0.436008 0.501463 0.386353 0.598917 0.329272 0.569833
3 0.396188 0.477061 0.448015 0.514716 0.383726 0.603202 0.331899 0.565548
0 0.312500 0.552344 0.403125 0.552344 0.403125 0.616406 0.312500 0.616406
3 0.389485 0.514716 0.441312 0.477061 0.505601 0.565548 0.453774 0.603202
3 0.401492 0.501463 0.458572 0.472379 0.508228 0.569833 0.451147 0.598917
3 0.415425 0.490251 0.476352 0.470455 0.510151 0.574477 0.449224 0.594273
3 0.430941 0.481357 0.494214 0.471336 0.511324 0.579364 0.448051 0.589386
3 0.447656 0.475000 0.511719 0.475000 0.511719 0.584375 0.447656 0.584375
3 0.465161 0.471336 0.528434 0.481357 0.511324 0.589386 0.448051 0.579364
3 0.483023 0.470455 0.543950 0.490251 0.510151 0.594273 0.449224 0.574477
3 0.500803 0.472379 0.557883 0.501463 0.508228 0.598917 0.451147 0.569833
3 0.518063 0.477061 0.569890 0.514716 0.505601 0.603202 0.453774 0.565548
0 0.434375 0.552344 0.525000 0.552344 0.525000 0.616406 0.434375 0.616406
3 0.511360 0.514716 0.563187 0.477061 0.627476 0.565548 0.575649 0.603202
3 0.523367 0.501463 0.580447 0.472379 0.630103 0.569833 0.573022 0.598917
3 0.537300 0.490251 0.598227 0.470455 0.632026 0.574477 0.571099 0.594273
3 0.552816 0.481357 0.616089 0.471336 0.633199 0.579364 0.569926 0.589386
3 0.569531 0.475000 0.633594 0.475000 0.633594 0.584375 0.569531 0.584375
3 0.587036 0.471336 0.650309 0.481357 0.633199 0.589386 0.569926 0.579364
3 0.604898 0.470455 0.665825 0.490251 0.632026 0.594273 0.571099 0.574477
3 0.622678 0.472379 0.679758 0.501463 0.630103 0.598917 0.573022 0.569833
3 0.639938 0.477061 0.691765 0.514716 0.627476 0.603202 0.575649 0.565548
0 0.556250 0.552344 0.646875 0.552344 0.646875 0.616406 0.556250 0.616406
3 0.633235 0.514716 0.685062 0.477061 0.749351 0.565548 0.697524 0.603202
3 0.645242 0.501463 0.702322 0.472379 0.751978 0.569833 0.694897 0.598917
3 0.659175 0.490251 0.720102 0.470455 0.753901 0.574477 0.692974 0.594273
3 0.674691 0.481357 0.737964 0.471336 0.755074 0.579364 0.691801 0.589386
3 0.691406 0.475000 0.755469 0.475000 0.755469 0.584375 0.691406 0.584375
3 0.708911 0.471336 0.772184 0.481357 0.755074 0.589386 0.691801 0.579364
3 0.726773 0.470455 0.787700 0.490251 0.753901 0.594273 0.692974 0.574477
3 0.744553 0.472379 0.801633 0.501463 0.751978 0.598917 0.694897 0.569833
3 0.761813 0.477061 0.813640 0.514716 0.749351 0.603202 0.697524 0.565548
0 0.678125 0.552344 0.768750 0.552344 0.768750 0.616406 0.678125 0.616406
3 0.755110 0.514716 0.806937 0.477061 0.871226 0.565548 0.819399 0.603202
3 0.767117 0.501463 0.824197 0.472379 0.873853 0.569833 0.816772 0.598917
3 0.781050 0.490251 0.841977 0.470455 0.875776 0.574477 0.814849 0.594273
3 0.796566 0.481357 0.859839 0.471336 0.876949 0.579364 0.813676 0.589386
3 0.813281 0.475000 0.877344 0.475000 0.877344 0.584375 0.813281 0.584375
3 0.830786 0.471336 0.894059 0.481357 0.876949 0.589386 0.813676 0.579364
3 0.848648 0.470455 0.909575 0.490251 0.875776 0.594273 0.814849 0.574477
3 0.866428 0.472379 0.923508 0.501463 0.873853 0.598917 0.816772 0.569833
3 0.883688 0.477061 0.935515 0.514716 0.871226 0.603202 0.819399 0.565548
0 0.800000 0.552344 0.890625 0.552344 0.890625 0.616406 0.800000 0.616406
3 0.876985 0.514716 0.928812 0.477061 0.993101 0.565548 0.941274 0.603202
3 0.888992 0.501463 0.946072 0.472379 0.995728 0.569833 0.938647 0.598917
3 0.902925 0.490251 0.963852 0.470455 0.997651 0.574477 0.936724 0.594273
3 0.918441 0.481357 0.981714 0.471336 0.998824 0.579364 0.935551 0.589386
3 0.935156 0.475000 0.999219 0.475000 0.999219 0.584375 0.935156 0.584375
3 0.004378 0.579795 0.067652 0.569773 0.084762 0.677802 0.021488 0.687823
3 0.021094 0.573438 0.085156 0.573438 0.085156 0.682813 0.021094 0.682813
3 0.038598 0.569773 0.101872 0.579795 0.084762 0.687823 0.021488 0.677802
3 0.056460 0.568892 0.117387 0.588689 0.083589 0.692711 0.022661 0.672914
3 0.074240 0.570817 0.131320 0.599901 0.081665 0.697354 0.024585 0.668271
3 0.091500 0.575499 0.143328 0.613154 0.079039 0.701640 0.027211 0.663985
0 0.007812 0.650781 0.098437 0.650781 0.098437 0.714844 0.007812 0.714844
3 0.084797 0.613154 0.136625 0.575499 0.200914 0.663985 0.149086 0.701640
3 0.096805 0.599901 0.153885 0.570817 0.203540 0.668271 0.146460 0.697354
3 0.110738 0.588689 0.171665 0.568892 0.205464 0.672914 0.144536 0.692711
3 0.126253 0.579795 0.189527 0.569773 0.206637 0.677802 0.143363 0.687823
3 0.142969 0.573438 0.207031 0.573438 0.207031 0.682813 0.142969 0.682813
3 0.160473 0.569773 0.223747 0.579795 0.206637 0.687823 0.143363 0.677802
3 0.178335 0.568892 0.239262 0.588689 0.205464 0.692711 0.144536 0.672914
3 0.196115 0.570817 0.253195 0.599901 0.203540 0.697354 0.146460 0.668271
3 0.213375 0.575499 0.265203 0.613154 0.200914 0.701640 0.149086 0.663985
0 0.129688 0.650781 0.220312 0.650781 0.220312 0.714844 0.129688 0.714844
3 0.206672 0.613154 0.258500 0.575499 0.322789 0.663985 0.270961 0.701640
3 0.218680 0.599901 0.275760 0.570817 0.325415 0.668271 0.268335 0.697354
3 0.232613 0.588689 0.293540 0.568892 0.327339 0.672914 0.266411 0.692711
3 0.248128 0.579795 0.311402 0.569773 0.328512 0.677802 0.265238 0.687823
3 0.264844 0.573438 0.328906 0.573438 0.328906 0.682813 0.264844 0.682813
3 0.282348 0.569773 0.345622 0.579795 0.328512 0.687823 0.265238 0.677802
3 0.300210 0.568892 0.361137 0.588689 0.327339 0.692711 0.266411 0.672914
3 0.317990 0.570817 0.375070 0.599901 0.325415 0.697354 0.268335 0.668271
3 0.335250 0.575499 0.387078 0.613154 0.322789 0.701640 0.270961 0.663985
0 0.251563 0.650781 0.342187 0.650781 0.342187 0.714844 0.251563 0.714844
3 0.328547 0.613154 0.380375 0.575499 0.444664 0.663985 0.392836 0.701640
3 0.340555 0.599901 0.397635 0.570817 0.447290 0.668271 0.390210 0.697354
3 0.354488 0.588689 0.415415 0.568892 0.449214 0.672914 0.388286 0.692711
3 0.370003 0.579795 0.433277 0.569773 0.450387 0.677802 0.387113 0.687823
3 0.386719 0.573438 0.450781 0.573438 0.450781 0.682813 0.386719 0.682813
3 0.404223 0.569773 0.467497 0.579795 0.450387 0.687823 0.387113 0.677802
3 0.422085 0.568892 0.483012 0.588689 0.449214 0.692711 0.388286 0.672914
3 0.439865 0.570817 0.496945 0.599901 0.447290 0.697354 0.390210 0.668271
3 0.457125 0.575499 0.508953 0.613154 0.444664 0.701640 0.392836 0.663985
0 0.373437 0.650781 0.464062 0.650781 0.464062 0.714844 0.373437 0.714844
3 0.450422 0.613154 0.502250 0.575499 0.566539 0.663985 0.514711 0.701640
3 0.462430 0.599901 0.519510 0.570817 0.569165 0.668271 0.512085 0.697354
3 0.476363 0.588689 0.537290 0.568892 0.571089 0.672914 0.510161 0.692711
3 0.491878 0.579795 0.555152 0.569773 0.572262 0.677802 0.508988 0.687823
3 0.508594 0.573438 0.572656 0.573438 0.572656 0.682813 0.508594 0.682813
3 0.526098 0.569773 0.589372 0.579795 0.572262 0.687823 0.508988 0.677802
3 0.543960 0.568892 0.604887 0.588689 0.571089 0.692711 0.510161 0.672914
3 0.561740 0.570817 0.618820 0.599901 0.569165 0.697354 0.512085 0.668271
3 0.579000 0.575499 0.630828 0.613154 0.566539 0.701640 0.514711 0.663985
0 0.495312 0.650781 0.585938 0.650781 0.585938 0.714844 0.495312 0.714844
3 0.572297 0.613154 0.624125 0.575499 0.688414 0.663985 0.636586 0.701640
3 0.584305 0.599901 0.641385 0.570817 0.691040 0.668271 0.633960 0.697354
3 0.598238 0.588689 0.659165 0.568892 0.692964 0.672914 0.632036 0.692711
3 0.613753 0.579795 0.677027 0.569773 0.694137 0.677802 0.630863 0.687823
3 0.630469 0.573438 0.694531 0.573438 0.694531 0.682813 0.630469 0.682813
3 0.647973 0.569773 0.711247 0.579795 0.694137 0.687823 0.630863 0.677802
3 0.665835 0.568892 0.726762 0.588689 0.692964 0.692711 0.632036 0.672914
3 0.683615 0.570817 0.740695 0.599901 0.691040 0.697354 0.633960 0.668271
3 0.700875 0.575499 0.752703 0.613154 0.688414 0.701640 0.636586 0.663985
0 0.617188 0.650781 0.707812 0.650781 0.707812 0.714844 0.617188 0.714844
3 0.694172 0.613154 0.746000 0.575499 0.810289 0.663985 0.758461 0.701640
3 0.706180 0.599901 0.763260 0.570817 0.812915 0.668271 0.755835 0.697354
3 0.720113 0.588689 0.781040 0.568892 0.814839 0.672914 0.753911 0.692711
3 0.735628 0.579795 0.798902 0.569773 0.816012 0.677802 0.752738 0.687823
3 0.752344 0.573438 0.816406 0.573438 0.816406 0.682813 0.752344 0.682813
3 0.769848 0.569773 0.833122 0.579795 0.816012 0.687823 0.752738 0.677802
3 0.787710 0.568892 0.848637 0.588689 0.814839 0.692711 0.753911 0.672914
3 0.805490 0.570817 0.862570 0.599901 0.812915 0.697354 0.755835 0.668271
3 0.822750 0.575499 0.874578 0.613154 0.810289 0.701640 0.758461 0.663985
0 0.739062 0.650781 0.829688 0.650781 0.829688 0.714844 0.739062 0.714844
3 0.816047 0.613154 0.867875 0.575499 0.932164 0.663985 0.880336 0.701640
3 0.828055 0.599901 0.885135 0.570817 0.934790 0.668271 0.877710 0.697354
3 0.841988 0.588689 0.902915 0.568892 0.936714 0.672914 0.875786 0.692711
3 0.857503 0.579795 0.920777 0.569773 0.937887 0.677802 0.874613 0.687823
3 0.874219 0.573438 0.938281 0.573438 0.938281 0.682813 0.874219 0.682813
3 0.891723 0.569773 0.954997 0.579795 0.937887 0.687823 0.874613 0.677802
3 0.909585 0.568892 0.970512 0.588689 0.936714 0.692711 0.875786 0.672914
3 0.927365 0.570817 0.984445 0.599901 0.934790 0.697354 0.877710 0.668271
3 0.944625 0.575499 0.996453 0.613154 0.932164 0.701640 0.880336 0.663985
0 0.860938 0.650781 0.951562 0.650781 0.951562 0.714844 0.860938 0.714844
3 0.023860 0.711591 0.075687 0.673936 0.139976 0.762423 0.088149 0.800077
3 0.035867 0.698338 0.092947 0.669254 0.142603 0.766708 0.085522 0.795792
3 0.049800 0.687126 0.110727 0.667330 0.144526 0.771352 0.083599 0.791148
3 0.065316 0.678232 0.128589 0.668211 0.145699 0.776239 0.082426 0.786261
3 0.082031 0.671875 0.146094 0.671875 0.146094 0.781250 0.082031 0.781250
3 0.099536 0.668211 0.162809 0.678232 0.145699 0.786261 0.082426 0.776239
3 0.117398 0.667330 0.178325 0.687126 0.144526 0.791148 0.083599 0.771352
3 0.135178 0.669254 0.192258 0.698338 0.142603 0.795792 0.085522 0.766708
3 0.152438 0.673936 0.204265 0.711591 0.139976 0.800077 0.088149 0.762423
0 0.068750 0.749219 0.159375 0.749219 0.159375 0.813281 0.068750 0.813281
3 0.145735 0.711591 0.197562 0.673936 0.261851 0.762423 0.210024 0.800077
3 0.157742 0.698338 0.214822 0.669254 0.264478 0.766708 0.207397 0.795792
3 0.171675 0.687126 0.232602 0.667330 0.266401 0.771352 0.205474 0.791148
3 0.187191 0.678232 0.250464 0.668211 0.267574 0.776239 0.204301 0.786261
3 0.203906 0.671875 0.267969 0.671875 0.267969 0.781250 0.203906 0.781250
3 0.221411 0.668211 0.284684 0.678232 0.267574 0.786261 0.204301 0.776239
3 0.239273 0.667330 0.300200 0.687126 0.266401 0.791148 0.205474 0.771352
3 0.257053 0.669254 0.314133 0.698338 0.264478 0.795792 0.207397 0.766708
3 0.274313 0.673936 0.326140 0.711591 0.261851 0.800077 0.210024 0.762423
0 0.190625 0.749219 0.281250 0.749219 0.281250 0.813281 0.190625 0.813281
3 0.267610 0.711591 0.319437 0.673936 0.383726 0.762423 0.331899 0.800077
3 0.279617 0.698338 0.336697 0.669254 0.386353 0.766708 0.329272 0.795792
3 0.293550 0.687126 0.354477 0.667330 0.388276 0.771352 0.327349 0.791148
3 0.309066 0.678232 0.372339 0.668211 0.389449 0.776239 0.326176 0.786261
3 0.325781 0.671875 0.389844 0.671875 0.389844 0.781250 0.325781 0.781250
3 0.343286 0.668211 0.406559 0.678232 0.389449 0.786261 0.326176 0.776239
3 0.361148 0.667330 0.422075 0.687126 0.388276 0.791148 0.327349 0.771352
3 0.378928 0.669254 0.436008 0.698338 0.386353 0.795792 0.329272 0.766708
3 0.396188 0.673936 0.448015 0.711591 0.383726 0.800077 0.331899 0.762423
0 0.312500 0.749219 0.403125 0.749219 0.403125 0.813281 0.312500 0.813281
3 0.389485 0.711591 0.441312 0.673936 0.505601 0.762423 0.453774 0.800077
3 0.401492 0.698338 0.458572 0.669254 0.508228 0.766708 0.451147 0.795792
3 0.415425 0.687126 0.476352 0.667330 0.510151 0.771352 0.449224 0.791148
3 0.430941 0.678232 0.494214 0.668211 0.511324 0.776239 0.448051 0.786261
3 0.447656 0.671875 0.511719 0.671875 0.511719 0.781250 0.447656 0.781250
3 0.465161 0.668211 0.528434 0.678232 0.511324 0.786261 0.448051 0.776239
3 0.483023 0.667330 0.543950 0.687126 0.510151 0.791148 0.449224 0.771352
3 0.500803 0.669254 0.557883 0.698338 0.508228 0.795792 0.451147 0.766708
3 0.518063 0.673936 0.569890 0.711591 0.505601 0.800077 0.453774 0.762423
0 0.434375 0.749219 0.525000 0.749219 0.525000 0.813281 0.434375 0.813281
3 0.511360 0.711591 0.563187 0.673936 0.627476 0.762423 0.575649 0.800077
3 0.523367 0.698338 0.580447 0.669254 0.630103 0.766708 0.573022 0.795792
3 0.537300 0.687126 0.598227 0.667330 0.632026 0.771352 0.571099 0.791148
3 0.552816 0.678232 0.616089 0.668211 0.633199 0.776239 0.569926 0.786261
3 0.569531 0.671875 0.633594 0.671875 0.633594 0.781250 0.569531 0.781250
3 0.587036 0.668211 0.650309 0.678232 0.633199 0.786261 0.569926 0.776239
3 0.604898 0.667330 0.665825 0.687126 0.632026 0.791148 0.571099 0.771352
3 0.622678 0.669254 0.679758 0.698338 0.630103 0.795792 0.573022 0.766708
3 0.639938 0.673936 0.691765 0.711591 0.627476 0.800077 0.575649 0.762423
0 0.556250 0.749219 0.646875 0.749219 0.646875 0.813281 0.556250 0.813281
3 0.633235 0.711591 0.685062 0.673936 0.749351 0.762423 0.697524 0.800077
3 0.645242 0.698338 0.702322 0.669254 0.751978 0.766708 0.694897 0.795792
3 0.659175 0.687126 0.720102 0.667330 0.753901 0.771352 0.692974 0.791148
3 0.674691 0.678232 0.737964 0.668211 0.755074 0.776239 0.691801 0.786261
3 0.691406 0.671875 0.755469 0.671875 0.755469 0.781250 0.691406 0.781250
3 0.708911 0.668211 0.772184 0.678232 0.755074 0.786261 0.691801 0.776239
3 0.726773 0.667330 0.787700 0.687126 0.753901 0.791148 0.692974 0.771352
3 0.744553 0.669254 0.801633 0.698338 0.751978 0.795792 0.694897 0.766708
3 0.761813 0.673936 0.813640 0.711591 0.749351 0.800077 0.697524 0.762423
0 0.678125 0.749219 0.768750 0.749219 0.768750 0.813281 0.678125 0.813281
3 0.755110 0.711591 0.806937 0.673936 0.871226 0.762423 0.819399 0.800077
3 0.767117 0.698338 0.824197 0.669254 0.873853 0.766708 0.816772 0.795792
3 0.781050 0.687126 0.841977 0.667330 0.875776 0.771352 0.814849 0.791148
3 0.796566 0.678232 0.859839 0.668211 0.876949 0.776239 0.813676 0.786261
3 0.813281 0.671875 0.877344 0.671875 0.877344 0.781250 0.813281 0.781250
3 0.830786 0.668211 0.894059 0.678232 0.876949 0.786261 0.813676 0.776239
3 0.848648 0.667330 0.909575 0.687126 0.875776 0.791148 0.814849 0.771352
3 0.866428 0.669254 0.923508 0.698338 0.873853 0.795792 0.816772 0.766708
3 0.883688 0.673936 0.935515 0.711591 0.871226 0.800077 0.819399 0.762423
0 0.800000 0.749219 0.890625 0.749219 0.890625 0.813281 0.800000 0.813281
3 0.876985 0.711591 0.928812 0.673936 0.993101 0.762423 0.941274 0.800077
3 0.888992 0.698338 0.946072 0.669254 0.995728 0.766708 0.938647 0.795792
3 0.902925 0.687126 0.963852 0.667330 0.997651 0.771352 0.936724 0.791148
3 0.918441 0.678232 0.981714 0.668211 0.998824 0.776239 0.935551 0.786261
3 0.935156 0.671875 0.999219 0.671875 0.999219 0.781250 0.935156 0.781250
3 0.004378 0.776670 0.067652 0.766648 0.084762 0.874677 0.021488 0.884698
3 0.021094 0.770312 0.085156 0.770312 0.085156 0.879687 0.021094 0.879687
3 0.038598 0.766648 0.101872 0.776670 0.084762 0.884698 0.021488 0.874677
3 0.056460 0.765767 0.117387 0.785564 0.083589 0.889586 0.022661 0.869789
3 0.074240 0.767692 0.131320 0.796776 0.081665 0.894229 0.024585 0.865146
3 0.091500 0.772374 0.143328 0.810029 0.079039 0.898515 0.027211 0.860860
0 0.007812 0.847656 0.098437 0.847656 0.098437 0.911719 0.007812 0.911719
3 0.084797 0.810029 0.136625 0.772374 0.200914 0.860860 0.149086 0.898515
3 0.096805 0.796776 0.153885 0.767692 0.203540 0.865146 0.146460 0.894229
3 0.110738 0.785564 0.171665 0.765767 0.205464 0.869789 0.144536 0.889586
3 0.126253 0.776670 0.189527 0.766648 0.206637 0.874677 0.143363 0.884698
3 0.142969 0.770312 0.207031 0.770312 0.207031 0.879687 0.142969 0.879687
3 0.160473 0.766648 0.223747 0.776670 0.206637 0.884698 0.143363 0.874677
3 0.178335 0.765767 0.239262 0.785564 0.205464 0.889586 0.144536 0.869789
3 0.196115 0.767692 0.253195 0.796776 0.203540 0.894229 0.146460 0.865146
3 0.213375 0.772374 0.265203 0.810029 0.200914 0.898515 0.149086 0.860860
0 0.129688 0.847656 0.220312 0.847656 0.220312 0.911719 0.129688 0.911719
3 0.206672 0.810029 0.258500 0.772374 0.322789 0.860860 0.270961 0.898515
3 0.218680 0.796776 0.275760 0.767692 0.325415 0.865146 0.268335 0.894229
3 0.232613 0.785564 0.293540 0.765767 0.327339 0.869789 0.266411 0.889586
3 0.248128 0.776670 0.311402 0.766648 0.328512 0.874677 0.265238 0.884698
3 0.264844 0.770312 0.328906 0.770312 0.328906 0.879687 0.264844 0.879687
3 0.282348 0.766648 0.345622 0.776670 0.328512 0.884698 0.265238 0.874677
3 0.300210 0.765767 0.361137 0.785564 0.327339 0.889586 0.266411 0.869789
3 0.317990 0.767692 0.375070 0.796776 0.325415 0.894229 0.268335 0.865146
3 0.335250 0.772374 0.387078 0.810029 0.322789 0.898515 0.270961 0.860860
0 0.251563 0.847656 0.342187 0.847656 0.342187 0.911719 0.251563 0.911719
3 0.328547 0.810029 0.380375 0.772374 0.444664 0.860860 0.392836 0.898515
3 0.340555 0.796776 0.397635 0.767692 0.447290 0.865146 0.390210 0.894229
3 0.354488 0.785564 0.415415 0.765767 0.449214 0.869789 0.388286 0.889586
3 0.370003 0.776670 0.433277 0.766648 0.450387 0.874677 0.387113 0.884698
3 0.386719 0.770312 0.450781 0.770312 0.450781 0.879687 0.386719 0.879687
3 0.404223 0.766648 0.467497 0.776670 0.450387 0.884698 0.387113 0.874677
3 0.422085 0.765767 0.483012 0.785564 0.449214 0.889586 0.388286 0.869789
3 0.439865 0.767692 0.496945 0.796776 0.447290 0.894229 0.390210 0.865146
3 0.457125 0.772374 0.508953 0.810029 0.444664 0.898515 0.392836 0.860860
0 0.373437 0.847656 0.464062 0.847656 0.464062 0.911719 0.373437 0.911719
3 0.450422 0.810029 0.502250 0.772374 0.566539 0.860860 0.514711 0.898515
3 0.462430 0.796776 0.519510 0.767692 0.569165 0.865146 0.512085 0.894229
3 0.476363 0.785564 0.537290 0.765767 0.571089 0.869789 0.510161 0.889586
3 0.491878 0.776670 0.555152 0.766648 0.572262 0.874677 0.508988 0.884698
3 0.508594 0.770312 0.572656 0.770312 0.572656 0.879687 0.508594 0.879687
3 0.526098 0.766648 0.589372 0.776670 0.572262 0.884698 0.508988 0.874677
3 0.543960 0.765767 0.604887 0.785564 0.571089 0.889586 0.510161 0.869789
3 0.561740 0.767692 0.618820 0.796776 0.569165 0.894229 0.512085 0.865146
3 0.579000 0.772374 0.630828 0.810029 0.566539 0.898515 0.514711 0.860860
0 0.495312 0.847656 0.585938 0.847656 0.585938 0.911719 0.495312 0.911719
3 0.572297 0.810029 0.624125 0.772374 0.688414 0.860860 0.636586 0.898515
3 0.584305 0.796776 0.641385 0.767692 0.691040 0.865146 0.633960 0.894229
3 0.598238 0.785564 0.659165 0.765767 0.692964 0.869789 0.632036 0.889586
3 0.613753 0.776670 0.677027 0.766648 0.694137 0.874677 0.630863 0.884698
3 0.630469 0.770312 0.694531 0.770312 0.694531 0.879687 0.630469 0.879687
3 0.647973 0.766648 0.711247 0.776670 0.694137 0.884698 0.630863 0.874677
3 0.665835 0.765767 0.726762 0.785564 0.692964 0.889586 0.632036 0.869789
3 0.683615 0.767692 0.740695 0.796776 0.691040 0.894229 0.633960 0.865146
3 0.700875 0.772374 0.752703 0.810029 0.688414 0.898515 0.636586 0.860860
0 0.617188 0.847656 0.707812 0.847656 0.707812 0.911719 0.617188 0.911719
3 0.694172 0.810029 0.746000 0.772374 0.810289 0.860860 0.758461 0.898515
3 0.706180 0.796776 0.763260 0.767692 0.812915 0.865146 0.755835 0.894229
3 0.720113 0.785564 0.781040 0.765767 0.814839 0.869789 0.753911 0.889586
3 0.735628 0.776670 0.798902 0.766648 0.816012 0.874677 0.752738 0.884698
3 0.752344 0.770312 0.816406 0.770312 0.816406 0.879687 0.752344 0.879687
3 0.769848 0.766648 0.833122 0.776670 0.816012 0.884698 0.752738 0.874677
3 0.787710 0.765767 0.848637 0.785564 0.814839 0.889586 0.753911 0.869789
3 0.805490 0.767692 0.862570 0.796776 0.812915 0.894229 0.755835 0.865146
3 0.822750 0.772374 0.874578 0.810029 0.810289 0.898515 0.758461 0.860860
0 0.739062 0.847656 0.829688 0.847656 0.829688 0.911719 0.739062 0.911719
3 0.816047 0.810029 0.867875 0.772374 0.932164 0.860860 0.880336 0.898515
3 0.828055 0.796776 0.885135 0.767692 0.934790 0.865146 0.877710 0.894229
3 0.841988 0.785564 0.902915 0.765767 0.936714 0.869789 0.875786 0.889586
3 0.857503 0.776670 0.920777 0.766648 0.937887 0.874677 0.874613 0.884698
3 0.874219 0.770312 0.938281 0.770312 0.938281 0.879687 0.874219 0.879687
3 0.891723 0.766648 0.954997 0.776670 0.937887 0.884698 0.874613 0.874677
3 0.909585 0.765767 0.970512 0.785564 0.936714 0.889586 0.875786 0.869789
3 0.927365 0.767692 0.984445 0.796776 0.934790 0.894229 0.877710 0.865146
3 0.944625 0.772374 0.996453 0.810029 0.932164 0.898515 0.880336 0.860860
0 0.860938 0.847656 0.951562 0.847656 0.951562 0.911719 0.860938 0.911719