2 0.030403 0.117276 0.102377 0.076318 0.243800 0.324833 0.171825 0.365792
2 0.081043 0.085689 0.159898 0.060393 0.247240 0.332665 0.168385 0.357960
2 0.137094 0.065181 0.219463 0.056628 0.248997 0.341036 0.166628 0.349589
2 0.196162 0.056628 0.278531 0.065181 0.248997 0.349589 0.166628 0.341036
2 0.255727 0.060393 0.334582 0.085689 0.247240 0.357960 0.168385 0.332665
2 0.313248 0.076318 0.385222 0.117276 0.243800 0.365792 0.171825 0.324833
2 0.366269 0.103721 0.428292 0.158595 0.238824 0.372749 0.176801 0.317876
2 0.346708 0.158595 0.408731 0.103721 0.598199 0.317876 0.536176 0.372749
2 0.389778 0.117276 0.461752 0.076318 0.603175 0.324833 0.531200 0.365792
2 0.440418 0.085689 0.519273 0.060393 0.606615 0.332665 0.527760 0.357960
2 0.496469 0.065181 0.578838 0.056628 0.608372 0.341036 0.526003 0.349589
2 0.555537 0.056628 0.637906 0.065181 0.608372 0.349589 0.526003 0.341036
2 0.615102 0.060393 0.693957 0.085689 0.606615 0.357960 0.527760 0.332665
2 0.672623 0.076318 0.744597 0.117276 0.603175 0.365792 0.531200 0.324833
2 0.725644 0.103721 0.787667 0.158595 0.598199 0.372749 0.536176 0.317876
2 0.706083 0.158595 0.768106 0.103721 0.957574 0.317876 0.895551 0.372749
2 0.749153 0.117276 0.821127 0.076318 0.962550 0.324833 0.890575 0.365792
2 0.799793 0.085689 0.878648 0.060393 0.965990 0.332665 0.887135 0.357960
2 0.855844 0.065181 0.938213 0.056628 0.967747 0.341036 0.885378 0.349589
2 0.914912 0.056628 0.997281 0.065181 0.967747 0.349589 0.885378 0.341036
2 0.167021 0.414845 0.229044 0.359971 0.418511 0.574126 0.356489 0.628999
2 0.210090 0.373526 0.282065 0.332568 0.423487 0.581083 0.351513 0.622042
2 0.260731 0.341939 0.339585 0.316643 0.426927 0.588915 0.348073 0.614210
2 0.316781 0.321431 0.399151 0.312878 0.428685 0.597286 0.346315 0.605839
2 0.375849 0.312878 0.458219 0.321431 0.428685 0.605839 0.346315 0.597286
2 0.435415 0.316643 0.514269 0.341939 0.426927 0.614210 0.348073 0.588915
2 0.492935 0.332568 0.564910 0.373526 0.423487 0.622042 0.351513 0.581083
2 0.545956 0.359971 0.607979 0.414845 0.418511 0.628999 0.356489 0.574126
2 0.526396 0.414845 0.588419 0.359971 0.777886 0.574126 0.715864 0.628999
2 0.569465 0.373526 0.641440 0.332568 0.782862 0.581083 0.710888 0.622042
2 0.620106 0.341939 0.698960 0.316643 0.786302 0.588915 0.707448 0.614210
2 0.676156 0.321431 0.758526 0.312878 0.788060 0.597286 0.705690 0.605839
2 0.735224 0.312878 0.817594 0.321431 0.788060 0.605839 0.705690 0.597286
2 0.794790 0.316643 0.873644 0.341939 0.786302 0.614210 0.707448 0.588915
2 0.852310 0.332568 0.924285 0.373526 0.782862 0.622042 0.710888 0.581083
2 0.905331 0.359971 0.967354 0.414845 0.777886 0.628999 0.715864 0.574126