0 0.028906 0.039062 0.067969 0.039062 0.067969 0.110937 0.028906 0.110937
0 0.228906 0.039062 0.267969 0.039062 0.267969 0.110937 0.228906 0.110937
0 0.428906 0.039062 0.467969 0.039062 0.467969 0.110937 0.428906 0.110937
0 0.628906 0.039062 0.667969 0.039062 0.667969 0.110937 0.628906 0.110937
0 0.828906 0.039062 0.867969 0.039062 0.867969 0.110937 0.828906 0.110937
4 0.020598 0.117494 0.065067 0.078151 0.170672 0.197516 0.126203 0.236859
4 0.043810 0.093354 0.095414 0.063987 0.174240 0.202504 0.122635 0.231871
4 0.071487 0.074498 0.128024 0.056361 0.176706 0.208119 0.120169 0.226256
4 0.102447 0.061731 0.161505 0.055599 0.177966 0.214121 0.118909 0.220254
4 0.135370 0.055599 0.194428 0.061731 0.177966 0.220254 0.118909 0.214121
4 0.168851 0.056361 0.225388 0.074498 0.176706 0.226256 0.120169 0.208119
4 0.201461 0.063987 0.253065 0.093354 0.174240 0.231871 0.122635 0.202504
4 0.231808 0.078151 0.276277 0.117494 0.170672 0.236859 0.126203 0.197516
0 0.128906 0.181250 0.167969 0.181250 0.167969 0.253125 0.128906 0.253125
4 0.220598 0.117494 0.265067 0.078151 0.370672 0.197516 0.326203 0.236859
4 0.243810 0.093354 0.295414 0.063987 0.374240 0.202504 0.322635 0.231871
4 0.271487 0.074498 0.328024 0.056361 0.376706 0.208119 0.320169 0.226256
4 0.302447 0.061731 0.361505 0.055599 0.377966 0.214121 0.318909 0.220254
4 0.335370 0.055599 0.394428 0.061731 0.377966 0.220254 0.318909 0.214121
4 0.368851 0.056361 0.425388 0.074498 0.376706 0.226256 0.320169 0.208119
4 0.401461 0.063987 0.453065 0.093354 0.374240 0.231871 0.322635 0.202504
4 0.431808 0.078151 0.476277 0.117494 0.370672 0.236859 0.326203 0.197516
0 0.328906 0.181250 0.367969 0.181250 0.367969 0.253125 0.328906 0.253125
4 0.420598 0.117494 0.465067 0.078151 0.570672 0.197516 0.526203 0.236859
4 0.443810 0.093354 0.495414 0.063987 0.574240 0.202504 0.522635 0.231871
4 0.471487 0.074498 0.528024 0.056361 0.576706 0.208119 0.520169 0.226256
4 0.502447 0.061731 0.561505 0.055599 0.577966 0.214121 0.518909 0.220254
4 0.535370 0.055599 0.594428 0.061731 0.577966 0.220254 0.518909 0.214121
4 0.568851 0.056361 0.625388 0.074498 0.576706 0.226256 0.520169 0.208119
4 0.601461 0.063987 0.653065 0.093354 0.574240 0.231871 0.522635 0.202504
4 0.631808 0.078151 0.676277 0.117494 0.570672 0.236859 0.526203 0.197516
0 0.528906 0.181250 0.567969 0.181250 0.567969 0.253125 0.528906 0.253125
4 0.620598 0.117494 0.665067 0.078151 0.770672 0.197516 0.726203 0.236859
4 0.643810 0.093354 0.695414 0.063987 0.774240 0.202504 0.722635 0.231871
4 0.671487 0.074498 0.728024 0.056361 0.776706 0.208119 0.720169 0.226256
4 0.702447 0.061731 0.761505 0.055599 0.777966 0.214121 0.718909 0.220254
4 0.735370 0.055599 0.794428 0.061731 0.777966 0.220254 0.718909 0.214121
4 0.768851 0.056361 0.825388 0.074498 0.776706 0.226256 0.720169 0.208119
4 0.801461 0.063987 0.853065 0.093354 0.774240 0.231871 0.722635 0.202504
4 0.831808 0.078151 0.876277 0.117494 0.770672 0.236859 0.726203 0.197516
0 0.728906 0.181250 0.767969 0.181250 0.767969 0.253125 0.728906 0.253125
4 0.820598 0.117494 0.865067 0.078151 0.970672 0.197516 0.926203 0.236859
4 0.843810 0.093354 0.895414 0.063987 0.974240 0.202504 0.922635 0.231871
4 0.871487 0.074498 0.928024 0.056361 0.976706 0.208119 0.920169 0.226256
4 0.902447 0.061731 0.961505 0.055599 0.977966 0.214121 0.918909 0.220254
4 0.935370 0.055599 0.994428 0.061731 0.977966 0.220254 0.918909 0.214121
0 0.928906 0.181250 0.967969 0.181250 0.967969 0.253125 0.928906 0.253125
4 0.002447 0.203919 0.061505 0.197786 0.077966 0.356309 0.018909 0.362441
4 0.035370 0.197786 0.094428 0.203919 0.077966 0.362441 0.018909 0.356309
4 0.068851 0.198549 0.125388 0.216686 0.076706 0.368443 0.020169 0.350307
4 0.101461 0.206175 0.153065 0.235541 0.074240 0.374058 0.022635 0.344692
4 0.131808 0.220339 0.176277 0.259682 0.070672 0.379047 0.026203 0.339703
0 0.028906 0.323437 0.067969 0.323437 0.067969 0.395313 0.028906 0.395313
4 0.120598 0.259682 0.165067 0.220339 0.270672 0.339703 0.226203 0.379047
4 0.143810 0.235541 0.195414 0.206175 0.274240 0.344692 0.222635 0.374058
4 0.171487 0.216686 0.228024 0.198549 0.276706 0.350307 0.220169 0.368443
4 0.202447 0.203919 0.261505 0.197786 0.277966 0.356309 0.218909 0.362441
4 0.235370 0.197786 0.294428 0.203919 0.277966 0.362441 0.218909 0.356309
4 0.268851 0.198549 0.325388 0.216686 0.276706 0.368443 0.220169 0.350307
4 0.301461 0.206175 0.353065 0.235541 0.274240 0.374058 0.222635 0.344692
4 0.331808 0.220339 0.376277 0.259682 0.270672 0.379047 0.226203 0.339703
0 0.228906 0.323437 0.267969 0.323437 0.267969 0.395313 0.228906 0.395313
4 0.320598 0.259682 0.365067 0.220339 0.470672 0.339703 0.426203 0.379047
4 0.343810 0.235541 0.395414 0.206175 0.474240 0.344692 0.422635 0.374058
4 0.371487 0.216686 0.428024 0.198549 0.476706 0.350307 0.420169 0.368443
4 0.402447 0.203919 0.461505 0.197786 0.477966 0.356309 0.418909 0.362441
4 0.435370 0.197786 0.494428 0.203919 0.477966 0.362441 0.418909 0.356309
4 0.468851 0.198549 0.525388 0.216686 0.476706 0.368443 0.420169 0.350307
4 0.501461 0.206175 0.553065 0.235541 0.474240 0.374058 0.422635 0.344692
4 0.531808 0.220339 0.576277 0.259682 0.470672 0.379047 0.426203 0.339703
0 0.428906 0.323437 0.467969 0.323437 0.467969 0.395313 0.428906 0.395313
4 0.520598 0.259682 0.565067 0.220339 0.670672 0.339703 0.626203 0.379047
4 0.543810 0.235541 0.595414 0.206175 0.674240 0.344692 0.622635 0.374058
4 0.571487 0.216686 0.628024 0.198549 0.676706 0.350307 0.620169 0.368443
4 0.602447 0.203919 0.661505 0.197786 0.677966 0.356309 0.618909 0.362441
4 0.635370 0.197786 0.694428 0.203919 0.677966 0.362441 0.618909 0.356309
4 0.668851 0.198549 0.725388 0.216686 0.676706 0.368443 0.620169 0.350307
4 0.701461 0.206175 0.753065 0.235541 0.674240 0.374058 0.622635 0.344692
4 0.731808 0.220339 0.776277 0.259682 0.670672 0.379047 0.626203 0.339703
0 0.628906 0.323437 0.667969 0.323437 0.667969 0.395313 0.628906 0.395313
4 0.720598 0.259682 0.765067 0.220339 0.870672 0.339703 0.826203 0.379047
4 0.743810 0.235541 0.795414 0.206175 0.874240 0.344692 0.822635 0.374058
4 0.771487 0.216686 0.828024 0.198549 0.876706 0.350307 0.820169 0.368443
4 0.802447 0.203919 0.861505 0.197786 0.877966 0.356309 0.818909 0.362441
4 0.835370 0.197786 0.894428 0.203919 0.877966 0.362441 0.818909 0.356309
4 0.868851 0.198549 0.925388 0.216686 0.876706 0.368443 0.820169 0.350307
4 0.901461 0.206175 0.953065 0.235541 0.874240 0.374058 0.822635 0.344692
4 0.931808 0.220339 0.976277 0.259682 0.870672 0.379047 0.826203 0.339703
0 0.828906 0.323437 0.867969 0.323437 0.867969 0.395313 0.828906 0.395313
4 0.020598 0.401869 0.065067 0.362526 0.170672 0.481891 0.126203 0.521234
4 0.043810 0.377729 0.095414 0.348362 0.174240 0.486879 0.122635 0.516246
4 0.071487 0.358873 0.128024 0.340736 0.176706 0.492494 0.120169 0.510631
4 0.102447 0.346106 0.161505 0.339974 0.177966 0.498496 0.118909 0.504629
4 0.135370 0.339974 0.194428 0.346106 0.177966 0.504629 0.118909 0.498496
4 0.168851 0.340736 0.225388 0.358873 0.176706 0.510631 0.120169 0.492494
4 0.201461 0.348362 0.253065 0.377729 0.174240 0.516246 0.122635 0.486879
4 0.231808 0.362526 0.276277 0.401869 0.170672 0.521234 0.126203 0.481891
0 0.128906 0.465625 0.167969 0.465625 0.167969 0.537500 0.128906 0.537500
4 0.220598 0.401869 0.265067 0.362526 0.370672 0.481891 0.326203 0.521234
4 0.243810 0.377729 0.295414 0.348362 0.374240 0.486879 0.322635 0.516246
4 0.271487 0.358873 0.328024 0.340736 0.376706 0.492494 0.320169 0.510631
4 0.302447 0.346106 0.361505 0.339974 0.377966 0.498496 0.318909 0.504629
4 0.335370 0.339974 0.394428 0.346106 0.377966 0.504629 0.318909 0.498496
4 0.368851 0.340736 0.425388 0.358873 0.376706 0.510631 0.320169 0.492494
4 0.401461 0.348362 0.453065 0.377729 0.374240 0.516246 0.322635 0.486879
4 0.431808 0.362526 0.476277 0.401869 0.370672 0.521234 0.326203 0.481891
0 0.328906 0.465625 0.367969 0.465625 0.367969 0.537500 0.328906 0.537500
4 0.420598 0.401869 0.465067 0.362526 0.570672 0.481891 0.526203 0.521234
4 0.443810 0.377729 0.495414 0.348362 0.574240 0.486879 0.522635 0.516246
4 0.471487 0.358873 0.528024 0.340736 0.576706 0.492494 0.520169 0.510631
4 0.502447 0.346106 0.561505 0.339974 0.577966 0.498496 0.518909 0.504629
4 0.535370 0.339974 0.594428 0.346106 0.577966 0.504629 0.518909 0.498496
4 0.568851 0.340736 0.625388 0.358873 0.576706 0.510631 0.520169 0.492494
4 0.601461 0.348362 0.653065 0.377729 0.574240 0.516246 0.522635 0.486879
4 0.631808 0.362526 0.676277 0.401869 0.570672 0.521234 0.526203 0.481891
0 0.528906 0.465625 0.567969 0.465625 0.567969 0.537500 0.528906 0.537500
4 0.620598 0.401869 0.665067 0.362526 0.770672 0.481891 0.726203 0.521234
4 0.643810 0.377729 0.695414 0.348362 0.774240 0.486879 0.722635 0.516246
4 0.671487 0.358873 0.728024 0.340736 0.776706 0.492494 0.720169 0.510631
4 0.702447 0.346106 0.761505 0.339974 0.777966 0.498496 0.718909 0.504629
4 0.735370 0.339974 0.794428 0.346106 0.777966 0.504629 0.718909 0.498496
4 0.768851 0.340736 0.825388 0.358873 0.776706 0.510631 0.720169 0.492494
4 0.801461 0.348362 0.853065 0.377729 0.774240 0.516246 0.722635 0.486879
4 0.831808 0.362526 0.876277 0.401869 0.770672 0.521234 0.726203 0.481891
0 0.728906 0.465625 0.767969 0.465625 0.767969 0.537500 0.728906 0.537500
4 0.820598 0.401869 0.865067 0.362526 0.970672 0.481891 0.926203 0.521234
4 0.843810 0.377729 0.895414 0.348362 0.974240 0.486879 0.922635 0.516246
4 0.871487 0.358873 0.928024 0.340736 0.976706 0.492494 0.920169 0.510631
4 0.902447 0.346106 0.961505 0.339974 0.977966 0.498496 0.918909 0.504629
4 0.935370 0.339974 0.994428 0.346106 0.977966 0.504629 0.918909 0.498496
0 0.928906 0.465625 0.967969 0.465625 0.967969 0.537500 0.928906 0.537500
4 0.002447 0.488294 0.061505 0.482161 0.077966 0.640684 0.018909 0.646816
4 0.035370 0.482161 0.094428 0.488294 0.077966 0.646816 0.018909 0.640684
4 0.068851 0.482924 0.125388 0.501061 0.076706 0.652818 0.020169 0.634682
4 0.101461 0.490550 0.153065 0.519916 0.074240 0.658433 0.022635 0.629067
4 0.131808 0.504714 0.176277 0.544057 0.070672 0.663422 0.026203 0.624078
0 0.028906 0.607812 0.067969 0.607812 0.067969 0.679688 0.028906 0.679688
4 0.120598 0.544057 0.165067 0.504714 0.270672 0.624078 0.226203 0.663422
4 0.143810 0.519916 0.195414 0.490550 0.274240 0.629067 0.222635 0.658433
4 0.171487 0.501061 0.228024 0.482924 0.276706 0.634682 0.220169 0.652818
4 0.202447 0.488294 0.261505 0.482161 0.277966 0.640684 0.218909 0.646816
4 0.235370 0.482161 0.294428 0.488294 0.277966 0.646816 0.218909 0.640684
4 0.268851 0.482924 0.325388 0.501061 0.276706 0.652818 0.220169 0.634682
4 0.301461 0.490550 0.353065 0.519916 0.274240 0.658433 0.222635 0.629067
4 0.331808 0.504714 0.376277 0.544057 0.270672 0.663422 0.226203 0.624078
0 0.228906 0.607812 0.267969 0.607812 0.267969 0.679688 0.228906 0.679688
4 0.320598 0.544057 0.365067 0.504714 0.470672 0.624078 0.426203 0.663422
4 0.343810 0.519916 0.395414 0.490550 0.474240 0.629067 0.422635 0.658433
4 0.371487 0.501061 0.428024 0.482924 0.476706 0.634682 0.420169 0.652818
4 0.402447 0.488294 0.461505 0.482161 0.477966 0.640684 0.418909 0.646816
4 0.435370 0.482161 0.494428 0.488294 0.477966 0.646816 0.418909 0.640684
4 0.468851 0.482924 0.525388 0.501061 0.476706 0.652818 0.420169 0.634682
4 0.501461 0.490550 0.553065 0.519916 0.474240 0.658433 0.422635 0.629067
4 0.531808 0.504714 0.576277 0.544057 0.470672 0.663422 0.426203 0.624078
0 0.428906 0.607812 0.467969 0.607812 0.467969 0.679688 0.428906 0.679688
4 0.520598 0.544057 0.565067 0.504714 0.670672 0.624078 0.626203 0.663422
4 0.543810 0.519916 0.595414 0.490550 0.674240 0.629067 0.622635 0.658433
4 0.571487 0.501061 0.628024 0.482924 0.676706 0.634682 0.620169 0.652818
4 0.602447 0.488294 0.661505 0.482161 0.677966 0.640684 0.618909 0.646816
4 0.635370 0.482161 0.694428 0.488294 0.677966 0.646816 0.618909 0.640684
4 0.668851 0.482924 0.725388 0.501061 0.676706 0.652818 0.620169 0.634682
4 0.701461 0.490550 0.753065 0.519916 0.674240 0.658433 0.622635 0.629067
4 0.731808 0.504714 0.776277 0.544057 0.670672 0.663422 0.626203 0.624078
0 0.628906 0.607812 0.667969 0.607812 0.667969 0.679688 0.628906 0.679688
4 0.720598 0.544057 0.765067 0.504714 0.870672 0.624078 0.826203 0.663422
4 0.743810 0.519916 0.795414 0.490550 0.874240 0.629067 0.822635 0.658433
4 0.771487 0.501061 0.828024 0.482924 0.876706 0.634682 0.820169 0.652818
4 0.802447 0.488294 0.861505 0.482161 0.877966 0.640684 0.818909 0.646816
4 0.835370 0.482161 0.894428 0.488294 0.877966 0.646816 0.818909 0.640684
4 0.868851 0.482924 0.925388 0.501061 0.876706 0.652818 0.820169 0.634682
4 0.901461 0.490550 0.953065 0.519916 0.874240 0.658433 0.822635 0.629067
4 0.931808 0.504714 0.976277 0.544057 0.870672 0.663422 0.826203 0.624078
0 0.828906 0.607812 0.867969 0.607812 0.867969 0.679688 0.828906 0.679688
4 0.020598 0.686244 0.065067 0.646901 0.170672 0.766266 0.126203 0.805609
4 0.043810 0.662104 0.095414 0.632737 0.174240 0.771254 0.122635 0.800621
4 0.071487 0.643248 0.128024 0.625111 0.176706 0.776869 0.120169 0.795006
4 0.102447 0.630481 0.161505 0.624349 0.177966 0.782871 0.118909 0.789004
4 0.135370 0.624349 0.194428 0.630481 0.177966 0.789004 0.118909 0.782871
4 0.168851 0.625111 0.225388 0.643248 0.176706 0.795006 0.120169 0.776869
4 0.201461 0.632737 0.253065 0.662104 0.174240 0.800621 0.122635 0.771254
4 0.231808 0.646901 0.276277 0.686244 0.170672 0.805609 0.126203 0.766266
0 0.128906 0.750000 0.167969 0.750000 0.167969 0.821875 0.128906 0.821875
4 0.220598 0.686244 0.265067 0.646901 0.370672 0.766266 0.326203 0.805609
4 0.243810 0.662104 0.295414 0.632737 0.374240 0.771254 0.322635 0.800621
4 0.271487 0.643248 0.328024 0.625111 0.376706 0.776869 0.320169 0.795006
4 0.302447 0.630481 0.361505 0.624349 0.377966 0.782871 0.318909 0.789004
4 0.335370 0.624349 0.394428 0.630481 0.377966 0.789004 0.318909 0.782871
4 0.368851 0.625111 0.425388 0.643248 0.376706 0.795006 0.320169 0.776869
4 0.401461 0.632737 0.453065 0.662104 0.374240 0.800621 0.322635 0.771254
4 0.431808 0.646901 0.476277 0.686244 0.370672 0.805609 0.326203 0.766266
0 0.328906 0.750000 0.367969 0.750000 0.367969 0.821875 0.328906 0.821875
4 0.420598 0.686244 0.465067 0.646901 0.570672 0.766266 0.526203 0.805609
4 0.443810 0.662104 0.495414 0.632737 0.574240 0.771254 0.522635 0.800621
4 0.471487 0.643248 0.528024 0.625111 0.576706 0.776869 0.520169 0.795006
4 0.502447 0.630481 0.561505 0.624349 0.577966 0.782871 0.518909 0.789004
4 0.535370 0.624349 0.594428 0.630481 0.577966 0.789004 0.518909 0.782871
4 0.568851 0.625111 0.625388 0.643248 0.576706 0.795006 0.520169 0.776869
4 0.601461 0.632737 0.653065 0.662104 0.574240 0.800621 0.522635 0.771254
4 0.631808 0.646901 0.676277 0.686244 0.570672 0.805609 0.526203 0.766266
0 0.528906 0.750000 0.567969 0.750000 0.567969 0.821875 0.528906 0.821875
4 0.620598 0.686244 0.665067 0.646901 0.770672 0.766266 0.726203 0.805609
4 0.643810 0.662104 0.695414 0.632737 0.774240 0.771254 0.722635 0.800621
4 0.671487 0.643248 0.728024 0.625111 0.776706 0.776869 0.720169 0.795006
4 0.702447 0.630481 0.761505 0.624349 0.777966 0.782871 0.718909 0.789004
4 0.735370 0.624349 0.794428 0.630481 0.777966 0.789004 0.718909 0.782871
4 0.768851 0.625111 0.825388 0.643248 0.776706 0.795006 0.720169 0.776869
4 0.801461 0.632737 0.853065 0.662104 0.774240 0.800621 0.722635 0.771254
4 0.831808 0.646901 0.876277 0.686244 0.770672 0.805609 0.726203 0.766266
0 0.728906 0.750000 0.767969 0.750000 0.767969 0.821875 0.728906 0.821875
4 0.820598 0.686244 0.865067 0.646901 0.970672 0.766266 0.926203 0.805609
4 0.843810 0.662104 0.895414 0.632737 0.974240 0.771254 0.922635 0.800621
4 0.871487 0.643248 0.928024 0.625111 0.976706 0.776869 0.920169 0.795006
4 0.902447 0.630481 0.961505 0.624349 0.977966 0.782871 0.918909 0.789004
4 0.935370 0.624349 0.994428 0.630481 0.977966 0.789004 0.918909 0.782871
0 0.928906 0.750000 0.967969 0.750000 0.967969 0.821875 0.928906 0.821875