0 0.042969 0.029687 0.057031 0.029687 0.057031 0.057813 0.042969 0.057813
0 0.561719 0.029687 0.575781 0.029687 0.575781 0.057813 0.561719 0.057813
4 0.011090 0.226689 0.061594 0.129672 0.334627 0.271804 0.284123 0.368821
4 0.148789 0.052075 0.251013 0.013175 0.360487 0.300863 0.258263 0.339762
4 0.367737 0.013175 0.469961 0.052075 0.360487 0.339762 0.258263 0.300863
4 0.557156 0.129672 0.607660 0.226689 0.334627 0.368821 0.284123 0.271804
0 0.302344 0.306250 0.316406 0.306250 0.316406 0.334375 0.302344 0.334375
4 0.529840 0.226689 0.580344 0.129672 0.853377 0.271804 0.802873 0.368821
4 0.667539 0.052075 0.769763 0.013175 0.879237 0.300863 0.777013 0.339762
4 0.886487 0.013175 0.988711 0.052075 0.879237 0.339762 0.777013 0.300863
0 0.821094 0.306250 0.835156 0.306250 0.835156 0.334375 0.821094 0.334375
4 0.108362 0.289738 0.210586 0.328637 0.101112 0.616325 -0.001112 0.577425
4 0.297781 0.406235 0.348285 0.503251 0.075252 0.645383 0.024748 0.548367
0 0.042969 0.582812 0.057031 0.582812 0.057031 0.610938 0.042969 0.610938
4 0.270465 0.503251 0.320969 0.406235 0.594002 0.548367 0.543498 0.645383
4 0.408164 0.328637 0.510388 0.289738 0.619862 0.577425 0.517638 0.616325
4 0.627112 0.289738 0.729336 0.328637 0.619862 0.616325 0.517638 0.577425
4 0.816531 0.406235 0.867035 0.503251 0.594002 0.645383 0.543498 0.548367
0 0.561719 0.582812 0.575781 0.582812 0.575781 0.610938 0.561719 0.610938