4 0.034177 0.082569 0.061907 0.059710 0.129490 0.141695 0.101760 0.164555
4 0.049559 0.067994 0.081227 0.051004 0.131459 0.144630 0.099791 0.161620
4 0.067497 0.056711 0.101877 0.046247 0.132815 0.147893 0.098435 0.158357
4 0.087296 0.049157 0.123059 0.045623 0.133507 0.151358 0.097743 0.154892
4 0.108191 0.045623 0.143954 0.049157 0.133507 0.154892 0.097743 0.151358
4 0.129373 0.046247 0.163753 0.056711 0.132815 0.158357 0.098435 0.147893
4 0.150023 0.051004 0.181691 0.067994 0.131459 0.161620 0.099791 0.144630
4 0.169343 0.059710 0.197073 0.082569 0.129490 0.164555 0.101760 0.141695
4 0.162302 0.082569 0.190032 0.059710 0.257615 0.141695 0.229885 0.164555
4 0.177684 0.067994 0.209352 0.051004 0.259584 0.144630 0.227916 0.161620
4 0.195622 0.056711 0.230002 0.046247 0.260940 0.147893 0.226560 0.158357
4 0.215421 0.049157 0.251184 0.045623 0.261632 0.151358 0.225868 0.154892
4 0.236316 0.045623 0.272079 0.049157 0.261632 0.154892 0.225868 0.151358
4 0.257498 0.046247 0.291878 0.056711 0.260940 0.158357 0.226560 0.147893
4 0.278148 0.051004 0.309816 0.067994 0.259584 0.161620 0.227916 0.144630
4 0.297468 0.059710 0.325198 0.082569 0.257615 0.164555 0.229885 0.141695
4 0.290427 0.082569 0.318157 0.059710 0.385740 0.141695 0.358010 0.164555
4 0.305809 0.067994 0.337477 0.051004 0.387709 0.144630 0.356041 0.161620
4 0.323747 0.056711 0.358127 0.046247 0.389065 0.147893 0.354685 0.158357
4 0.343546 0.049157 0.379309 0.045623 0.389757 0.151358 0.353993 0.154892
4 0.364441 0.045623 0.400204 0.049157 0.389757 0.154892 0.353993 0.151358
4 0.385623 0.046247 0.420003 0.056711 0.389065 0.158357 0.354685 0.147893
4 0.406273 0.051004 0.437941 0.067994 0.387709 0.161620 0.356041 0.144630
4 0.425593 0.059710 0.453323 0.082569 0.385740 0.164555 0.358010 0.141695
4 0.418552 0.082569 0.446282 0.059710 0.513865 0.141695 0.486135 0.164555
4 0.433934 0.067994 0.465602 0.051004 0.515834 0.144630 0.484166 0.161620
4 0.451872 0.056711 0.486252 0.046247 0.517190 0.147893 0.482810 0.158357
4 0.471671 0.049157 0.507434 0.045623 0.517882 0.151358 0.482118 0.154892
4 0.492566 0.045623 0.528329 0.049157 0.517882 0.154892 0.482118 0.151358
4 0.513748 0.046247 0.548128 0.056711 0.517190 0.158357 0.482810 0.147893
4 0.534398 0.051004 0.566066 0.067994 0.515834 0.161620 0.484166 0.144630
4 0.553718 0.059710 0.581448 0.082569 0.513865 0.164555 0.486135 0.141695
4 0.546677 0.082569 0.574407 0.059710 0.641990 0.141695 0.614260 0.164555
4 0.562059 0.067994 0.593727 0.051004 0.643959 0.144630 0.612291 0.161620
4 0.579997 0.056711 0.614377 0.046247 0.645315 0.147893 0.610935 0.158357
4 0.599796 0.049157 0.635559 0.045623 0.646007 0.151358 0.610243 0.154892
4 0.620691 0.045623 0.656454 0.049157 0.646007 0.154892 0.610243 0.151358
4 0.641873 0.046247 0.676253 0.056711 0.645315 0.158357 0.610935 0.147893
4 0.662523 0.051004 0.694191 0.067994 0.643959 0.161620 0.612291 0.144630
4 0.681843 0.059710 0.709573 0.082569 0.641990 0.164555 0.614260 0.141695
4 0.674802 0.082569 0.702532 0.059710 0.770115 0.141695 0.742385 0.164555
4 0.690184 0.067994 0.721852 0.051004 0.772084 0.144630 0.740416 0.161620
4 0.708122 0.056711 0.742502 0.046247 0.773440 0.147893 0.739060 0.158357
4 0.727921 0.049157 0.763684 0.045623 0.774132 0.151358 0.738368 0.154892
4 0.748816 0.045623 0.784579 0.049157 0.774132 0.154892 0.738368 0.151358
4 0.769998 0.046247 0.804378 0.056711 0.773440 0.158357 0.739060 0.147893
4 0.790648 0.051004 0.822316 0.067994 0.772084 0.161620 0.740416 0.144630
4 0.809968 0.059710 0.837698 0.082569 0.770115 0.164555 0.742385 0.141695
4 0.802927 0.082569 0.830657 0.059710 0.898240 0.141695 0.870510 0.164555
4 0.818309 0.067994 0.849977 0.051004 0.900209 0.144630 0.868541 0.161620
4 0.836247 0.056711 0.870627 0.046247 0.901565 0.147893 0.867185 0.158357
4 0.856046 0.049157 0.891809 0.045623 0.902257 0.151358 0.866493 0.154892
4 0.876941 0.045623 0.912704 0.049157 0.902257 0.154892 0.866493 0.151358
4 0.898123 0.046247 0.932503 0.056711 0.901565 0.158357 0.867185 0.147893
4 0.918773 0.051004 0.950441 0.067994 0.900209 0.161620 0.868541 0.144630
4 0.938093 0.059710 0.965823 0.082569 0.898240 0.164555 0.870510 0.141695
4 0.003435 0.152024 0.037815 0.141559 0.068753 0.243205 0.034372 0.253670
4 0.023234 0.144469 0.058997 0.140936 0.069444 0.246671 0.033681 0.250204
4 0.044128 0.140936 0.079891 0.144469 0.069444 0.250204 0.033681 0.246671
4 0.065310 0.141559 0.099690 0.152024 0.068753 0.253670 0.034372 0.243205
4 0.085961 0.146316 0.117628 0.163307 0.067396 0.256933 0.035729 0.239942
4 0.105281 0.155023 0.133011 0.177882 0.065428 0.259867 0.037697 0.237008
4 0.098239 0.177882 0.125969 0.155023 0.193553 0.237008 0.165822 0.259867
4 0.113622 0.163307 0.145289 0.146316 0.195521 0.239942 0.163854 0.256933
4 0.131560 0.152024 0.165940 0.141559 0.196878 0.243205 0.162497 0.253670
4 0.151359 0.144469 0.187122 0.140936 0.197569 0.246671 0.161806 0.250204
4 0.172253 0.140936 0.208016 0.144469 0.197569 0.250204 0.161806 0.246671
4 0.193435 0.141559 0.227815 0.152024 0.196878 0.253670 0.162497 0.243205
4 0.214086 0.146316 0.245753 0.163307 0.195521 0.256933 0.163854 0.239942
4 0.233406 0.155023 0.261136 0.177882 0.193553 0.259867 0.165822 0.237008
4 0.226364 0.177882 0.254094 0.155023 0.321678 0.237008 0.293947 0.259867
4 0.241747 0.163307 0.273414 0.146316 0.323646 0.239942 0.291979 0.256933
4 0.259685 0.152024 0.294065 0.141559 0.325003 0.243205 0.290622 0.253670
4 0.279484 0.144469 0.315247 0.140936 0.325694 0.246671 0.289931 0.250204
4 0.300378 0.140936 0.336141 0.144469 0.325694 0.250204 0.289931 0.246671
4 0.321560 0.141559 0.355940 0.152024 0.325003 0.253670 0.290622 0.243205
4 0.342211 0.146316 0.373878 0.163307 0.323646 0.256933 0.291979 0.239942
4 0.361531 0.155023 0.389261 0.177882 0.321678 0.259867 0.293947 0.237008
4 0.354489 0.177882 0.382219 0.155023 0.449803 0.237008 0.422072 0.259867
4 0.369872 0.163307 0.401539 0.146316 0.451771 0.239942 0.420104 0.256933
4 0.387810 0.152024 0.422190 0.141559 0.453128 0.243205 0.418747 0.253670
4 0.407609 0.144469 0.443372 0.140936 0.453819 0.246671 0.418056 0.250204
4 0.428503 0.140936 0.464266 0.144469 0.453819 0.250204 0.418056 0.246671
4 0.449685 0.141559 0.484065 0.152024 0.453128 0.253670 0.418747 0.243205
4 0.470336 0.146316 0.502003 0.163307 0.451771 0.256933 0.420104 0.239942
4 0.489656 0.155023 0.517386 0.177882 0.449803 0.259867 0.422072 0.237008
4 0.482614 0.177882 0.510344 0.155023 0.577928 0.237008 0.550197 0.259867
4 0.497997 0.163307 0.529664 0.146316 0.579896 0.239942 0.548229 0.256933
4 0.515935 0.152024 0.550315 0.141559 0.581253 0.243205 0.546872 0.253670
4 0.535734 0.144469 0.571497 0.140936 0.581944 0.246671 0.546181 0.250204
4 0.556628 0.140936 0.592391 0.144469 0.581944 0.250204 0.546181 0.246671
4 0.577810 0.141559 0.612190 0.152024 0.581253 0.253670 0.546872 0.243205
4 0.598461 0.146316 0.630128 0.163307 0.579896 0.256933 0.548229 0.239942
4 0.617781 0.155023 0.645511 0.177882 0.577928 0.259867 0.550197 0.237008
4 0.610739 0.177882 0.638469 0.155023 0.706053 0.237008 0.678322 0.259867
4 0.626122 0.163307 0.657789 0.146316 0.708021 0.239942 0.676354 0.256933
4 0.644060 0.152024 0.678440 0.141559 0.709378 0.243205 0.674997 0.253670
4 0.663859 0.144469 0.699622 0.140936 0.710069 0.246671 0.674306 0.250204
4 0.684753 0.140936 0.720516 0.144469 0.710069 0.250204 0.674306 0.246671
4 0.705935 0.141559 0.740315 0.152024 0.709378 0.253670 0.674997 0.243205
4 0.726586 0.146316 0.758253 0.163307 0.708021 0.256933 0.676354 0.239942
4 0.745906 0.155023 0.773636 0.177882 0.706053 0.259867 0.678322 0.237008
4 0.738864 0.177882 0.766594 0.155023 0.834178 0.237008 0.806447 0.259867
4 0.754247 0.163307 0.785914 0.146316 0.836146 0.239942 0.804479 0.256933
4 0.772185 0.152024 0.806565 0.141559 0.837503 0.243205 0.803122 0.253670
4 0.791984 0.144469 0.827747 0.140936 0.838194 0.246671 0.802431 0.250204
4 0.812878 0.140936 0.848641 0.144469 0.838194 0.250204 0.802431 0.246671
4 0.834060 0.141559 0.868440 0.152024 0.837503 0.253670 0.803122 0.243205
4 0.854711 0.146316 0.886378 0.163307 0.836146 0.256933 0.804479 0.239942
4 0.874031 0.155023 0.901761 0.177882 0.834178 0.259867 0.806447 0.237008
4 0.866989 0.177882 0.894719 0.155023 0.962303 0.237008 0.934572 0.259867
4 0.882372 0.163307 0.914039 0.146316 0.964271 0.239942 0.932604 0.256933
4 0.900310 0.152024 0.934690 0.141559 0.965628 0.243205 0.931247 0.253670
4 0.920109 0.144469 0.955872 0.140936 0.966319 0.246671 0.930556 0.250204
4 0.941003 0.140936 0.976766 0.144469 0.966319 0.250204 0.930556 0.246671
4 0.962185 0.141559 0.996565 0.152024 0.965628 0.253670 0.931247 0.243205
4 0.034177 0.273194 0.061907 0.250335 0.129490 0.332320 0.101760 0.355180
4 0.049559 0.258619 0.081227 0.241629 0.131459 0.335255 0.099791 0.352245
4 0.067497 0.247336 0.101877 0.236872 0.132815 0.338518 0.098435 0.348982
4 0.087296 0.239782 0.123059 0.236248 0.133507 0.341983 0.097743 0.345517
4 0.108191 0.236248 0.143954 0.239782 0.133507 0.345517 0.097743 0.341983
4 0.129373 0.236872 0.163753 0.247336 0.132815 0.348982 0.098435 0.338518
4 0.150023 0.241629 0.181691 0.258619 0.131459 0.352245 0.099791 0.335255
4 0.169343 0.250335 0.197073 0.273194 0.129490 0.355180 0.101760 0.332320
4 0.162302 0.273194 0.190032 0.250335 0.257615 0.332320 0.229885 0.355180
4 0.177684 0.258619 0.209352 0.241629 0.259584 0.335255 0.227916 0.352245
4 0.195622 0.247336 0.230002 0.236872 0.260940 0.338518 0.226560 0.348982
4 0.215421 0.239782 0.251184 0.236248 0.261632 0.341983 0.225868 0.345517
4 0.236316 0.236248 0.272079 0.239782 0.261632 0.345517 0.225868 0.341983
4 0.257498 0.236872 0.291878 0.247336 0.260940 0.348982 0.226560 0.338518
4 0.278148 0.241629 0.309816 0.258619 0.259584 0.352245 0.227916 0.335255
4 0.297468 0.250335 0.325198 0.273194 0.257615 0.355180 0.229885 0.332320
4 0.290427 0.273194 0.318157 0.250335 0.385740 0.332320 0.358010 0.355180
4 0.305809 0.258619 0.337477 0.241629 0.387709 0.335255 0.356041 0.352245
4 0.323747 0.247336 0.358127 0.236872 0.389065 0.338518 0.354685 0.348982
4 0.343546 0.239782 0.379309 0.236248 0.389757 0.341983 0.353993 0.345517
4 0.364441 0.236248 0.400204 0.239782 0.389757 0.345517 0.353993 0.341983
4 0.385623 0.236872 0.420003 0.247336 0.389065 0.348982 0.354685 0.338518
4 0.406273 0.241629 0.437941 0.258619 0.387709 0.352245 0.356041 0.335255
4 0.425593 0.250335 0.453323 0.273194 0.385740 0.355180 0.358010 0.332320
4 0.418552 0.273194 0.446282 0.250335 0.513865 0.332320 0.486135 0.355180
4 0.433934 0.258619 0.465602 0.241629 0.515834 0.335255 0.484166 0.352245
4 0.451872 0.247336 0.486252 0.236872 0.517190 0.338518 0.482810 0.348982
4 0.471671 0.239782 0.507434 0.236248 0.517882 0.341983 0.482118 0.345517
4 0.492566 0.236248 0.528329 0.239782 0.517882 0.345517 0.482118 0.341983
4 0.513748 0.236872 0.548128 0.247336 0.517190 0.348982 0.482810 0.338518
4 0.534398 0.241629 0.566066 0.258619 0.515834 0.352245 0.484166 0.335255
4 0.553718 0.250335 0.581448 0.273194 0.513865 0.355180 0.486135 0.332320
4 0.546677 0.273194 0.574407 0.250335 0.641990 0.332320 0.614260 0.355180
4 0.562059 0.258619 0.593727 0.241629 0.643959 0.335255 0.612291 0.352245
4 0.579997 0.247336 0.614377 0.236872 0.645315 0.338518 0.610935 0.348982
4 0.599796 0.239782 0.635559 0.236248 0.646007 0.341983 0.610243 0.345517
4 0.620691 0.236248 0.656454 0.239782 0.646007 0.345517 0.610243 0.341983
4 0.641873 0.236872 0.676253 0.247336 0.645315 0.348982 0.610935 0.338518
4 0.662523 0.241629 0.694191 0.258619 0.643959 0.352245 0.612291 0.335255
4 0.681843 0.250335 0.709573 0.273194 0.641990 0.355180 0.614260 0.332320
4 0.674802 0.273194 0.702532 0.250335 0.770115 0.332320 0.742385 0.355180
4 0.690184 0.258619 0.721852 0.241629 0.772084 0.335255 0.740416 0.352245
4 0.708122 0.247336 0.742502 0.236872 0.773440 0.338518 0.739060 0.348982
4 0.727921 0.239782 0.763684 0.236248 0.774132 0.341983 0.738368 0.345517
4 0.748816 0.236248 0.784579 0.239782 0.774132 0.345517 0.738368 0.341983
4 0.769998 0.236872 0.804378 0.247336 0.773440 0.348982 0.739060 0.338518
4 0.790648 0.241629 0.822316 0.258619 0.772084 0.352245 0.740416 0.335255
4 0.809968 0.250335 0.837698 0.273194 0.770115 0.355180 0.742385 0.332320
4 0.802927 0.273194 0.830657 0.250335 0.898240 0.332320 0.870510 0.355180
4 0.818309 0.258619 0.849977 0.241629 0.900209 0.335255 0.868541 0.352245
4 0.836247 0.247336 0.870627 0.236872 0.901565 0.338518 0.867185 0.348982
4 0.856046 0.239782 0.891809 0.236248 0.902257 0.341983 0.866493 0.345517
4 0.876941 0.236248 0.912704 0.239782 0.902257 0.345517 0.866493 0.341983
4 0.898123 0.236872 0.932503 0.247336 0.901565 0.348982 0.867185 0.338518
4 0.918773 0.241629 0.950441 0.258619 0.900209 0.352245 0.868541 0.335255
4 0.938093 0.250335 0.965823 0.273194 0.898240 0.355180 0.870510 0.332320
4 0.003435 0.342649 0.037815 0.332184 0.068753 0.433830 0.034372 0.444295
4 0.023234 0.335094 0.058997 0.331561 0.069444 0.437296 0.033681 0.440829
4 0.044128 0.331561 0.079891 0.335094 0.069444 0.440829 0.033681 0.437296
4 0.065310 0.332184 0.099690 0.342649 0.068753 0.444295 0.034372 0.433830
4 0.085961 0.336941 0.117628 0.353932 0.067396 0.447558 0.035729 0.430567
4 0.105281 0.345648 0.133011 0.368507 0.065428 0.450492 0.037697 0.427633
4 0.098239 0.368507 0.125969 0.345648 0.193553 0.427633 0.165822 0.450492
4 0.113622 0.353932 0.145289 0.336941 0.195521 0.430567 0.163854 0.447558
4 0.131560 0.342649 0.165940 0.332184 0.196878 0.433830 0.162497 0.444295
4 0.151359 0.335094 0.187122 0.331561 0.197569 0.437296 0.161806 0.440829
4 0.172253 0.331561 0.208016 0.335094 0.197569 0.440829 0.161806 0.437296
4 0.193435 0.332184 0.227815 0.342649 0.196878 0.444295 0.162497 0.433830
4 0.214086 0.336941 0.245753 0.353932 0.195521 0.447558 0.163854 0.430567
4 0.233406 0.345648 0.261136 0.368507 0.193553 0.450492 0.165822 0.427633
4 0.226364 0.368507 0.254094 0.345648 0.321678 0.427633 0.293947 0.450492
4 0.241747 0.353932 0.273414 0.336941 0.323646 0.430567 0.291979 0.447558
4 0.259685 0.342649 0.294065 0.332184 0.325003 0.433830 0.290622 0.444295
4 0.279484 0.335094 0.315247 0.331561 0.325694 0.437296 0.289931 0.440829
4 0.300378 0.331561 0.336141 0.335094 0.325694 0.440829 0.289931 0.437296
4 0.321560 0.332184 0.355940 0.342649 0.325003 0.444295 0.290622 0.433830
4 0.342211 0.336941 0.373878 0.353932 0.323646 0.447558 0.291979 0.430567
4 0.361531 0.345648 0.389261 0.368507 0.321678 0.450492 0.293947 0.427633
4 0.354489 0.368507 0.382219 0.345648 0.449803 0.427633 0.422072 0.450492
4 0.369872 0.353932 0.401539 0.336941 0.451771 0.430567 0.420104 0.447558
4 0.387810 0.342649 0.422190 0.332184 0.453128 0.433830 0.418747 0.444295
4 0.407609 0.335094 0.443372 0.331561 0.453819 0.437296 0.418056 0.440829
4 0.428503 0.331561 0.464266 0.335094 0.453819 0.440829 0.418056 0.437296
4 0.449685 0.332184 0.484065 0.342649 0.453128 0.444295 0.418747 0.433830
4 0.470336 0.336941 0.502003 0.353932 0.451771 0.447558 0.420104 0.430567
4 0.489656 0.345648 0.517386 0.368507 0.449803 0.450492 0.422072 0.427633
4 0.482614 0.368507 0.510344 0.345648 0.577928 0.427633 0.550197 0.450492
4 0.497997 0.353932 0.529664 0.336941 0.579896 0.430567 0.548229 0.447558
4 0.515935 0.342649 0.550315 0.332184 0.581253 0.433830 0.546872 0.444295
4 0.535734 0.335094 0.571497 0.331561 0.581944 0.437296 0.546181 0.440829
4 0.556628 0.331561 0.592391 0.335094 0.581944 0.440829 0.546181 0.437296
4 0.577810 0.332184 0.612190 0.342649 0.581253 0.444295 0.546872 0.433830
4 0.598461 0.336941 0.630128 0.353932 0.579896 0.447558 0.548229 0.430567
4 0.617781 0.345648 0.645511 0.368507 0.577928 0.450492 0.550197 0.427633
4 0.610739 0.368507 0.638469 0.345648 0.706053 0.427633 0.678322 0.450492
4 0.626122 0.353932 0.657789 0.336941 0.708021 0.430567 0.676354 0.447558
4 0.644060 0.342649 0.678440 0.332184 0.709378 0.433830 0.674997 0.444295
4 0.663859 0.335094 0.699622 0.331561 0.710069 0.437296 0.674306 0.440829
4 0.684753 0.331561 0.720516 0.335094 0.710069 0.440829 0.674306 0.437296
4 0.705935 0.332184 0.740315 0.342649 0.709378 0.444295 0.674997 0.433830
4 0.726586 0.336941 0.758253 0.353932 0.708021 0.447558 0.676354 0.430567
4 0.745906 0.345648 0.773636 0.368507 0.706053 0.450492 0.678322 0.427633
4 0.738864 0.368507 0.766594 0.345648 0.834178 0.427633 0.806447 0.450492
4 0.754247 0.353932 0.785914 0.336941 0.836146 0.430567 0.804479 0.447558
4 0.772185 0.342649 0.806565 0.332184 0.837503 0.433830 0.803122 0.444295
4 0.791984 0.335094 0.827747 0.331561 0.838194 0.437296 0.802431 0.440829
4 0.812878 0.331561 0.848641 0.335094 0.838194 0.440829 0.802431 0.437296
4 0.834060 0.332184 0.868440 0.342649 0.837503 0.444295 0.803122 0.433830
4 0.854711 0.336941 0.886378 0.353932 0.836146 0.447558 0.804479 0.430567
4 0.874031 0.345648 0.901761 0.368507 0.834178 0.450492 0.806447 0.427633
4 0.866989 0.368507 0.894719 0.345648 0.962303 0.427633 0.934572 0.450492
4 0.882372 0.353932 0.914039 0.336941 0.964271 0.430567 0.932604 0.447558
4 0.900310 0.342649 0.934690 0.332184 0.965628 0.433830 0.931247 0.444295
4 0.920109 0.335094 0.955872 0.331561 0.966319 0.437296 0.930556 0.440829
4 0.941003 0.331561 0.976766 0.335094 0.966319 0.440829 0.930556 0.437296
4 0.962185 0.332184 0.996565 0.342649 0.965628 0.444295 0.931247 0.433830
4 0.034177 0.463819 0.061907 0.440960 0.129490 0.522945 0.101760 0.545805
4 0.049559 0.449244 0.081227 0.432254 0.131459 0.525880 0.099791 0.542870
4 0.067497 0.437961 0.101877 0.427497 0.132815 0.529143 0.098435 0.539607
4 0.087296 0.430407 0.123059 0.426873 0.133507 0.532608 0.097743 0.536142
4 0.108191 0.426873 0.143954 0.430407 0.133507 0.536142 0.097743 0.532608
4 0.129373 0.427497 0.163753 0.437961 0.132815 0.539607 0.098435 0.529143
4 0.150023 0.432254 0.181691 0.449244 0.131459 0.542870 0.099791 0.525880
4 0.169343 0.440960 0.197073 0.463819 0.129490 0.545805 0.101760 0.522945
4 0.162302 0.463819 0.190032 0.440960 0.257615 0.522945 0.229885 0.545805
4 0.177684 0.449244 0.209352 0.432254 0.259584 0.525880 0.227916 0.542870
4 0.195622 0.437961 0.230002 0.427497 0.260940 0.529143 0.226560 0.539607
4 0.215421 0.430407 0.251184 0.426873 0.261632 0.532608 0.225868 0.536142
4 0.236316 0.426873 0.272079 0.430407 0.261632 0.536142 0.225868 0.532608
4 0.257498 0.427497 0.291878 0.437961 0.260940 0.539607 0.226560 0.529143
4 0.278148 0.432254 0.309816 0.449244 0.259584 0.542870 0.227916 0.525880
4 0.297468 0.440960 0.325198 0.463819 0.257615 0.545805 0.229885 0.522945
4 0.290427 0.463819 0.318157 0.440960 0.385740 0.522945 0.358010 0.545805
4 0.305809 0.449244 0.337477 0.432254 0.387709 0.525880 0.356041 0.542870
4 0.323747 0.437961 0.358127 0.427497 0.389065 0.529143 0.354685 0.539607
4 0.343546 0.430407 0.379309 0.426873 0.389757 0.532608 0.353993 0.536142
4 0.364441 0.426873 0.400204 0.430407 0.389757 0.536142 0.353993 0.532608
4 0.385623 0.427497 0.420003 0.437961 0.389065 0.539607 0.354685 0.529143
4 0.406273 0.432254 0.437941 0.449244 0.387709 0.542870 0.356041 0.525880
4 0.425593 0.440960 0.453323 0.463819 0.385740 0.545805 0.358010 0.522945
4 0.418552 0.463819 0.446282 0.440960 0.513865 0.522945 0.486135 0.545805
4 0.433934 0.449244 0.465602 0.432254 0.515834 0.525880 0.484166 0.542870
4 0.451872 0.437961 0.486252 0.427497 0.517190 0.529143 0.482810 0.539607
4 0.471671 0.430407 0.507434 0.426873 0.517882 0.532608 0.482118 0.536142
4 0.492566 0.426873 0.528329 0.430407 0.517882 0.536142 0.482118 0.532608
4 0.513748 0.427497 0.548128 0.437961 0.517190 0.539607 0.482810 0.529143
4 0.534398 0.432254 0.566066 0.449244 0.515834 0.542870 0.484166 0.525880
4 0.553718 0.440960 0.581448 0.463819 0.513865 0.545805 0.486135 0.522945
4 0.546677 0.463819 0.574407 0.440960 0.641990 0.522945 0.614260 0.545805
4 0.562059 0.449244 0.593727 0.432254 0.643959 0.525880 0.612291 0.542870
4 0.579997 0.437961 0.614377 0.427497 0.645315 0.529143 0.610935 0.539607
4 0.599796 0.430407 0.635559 0.426873 0.646007 0.532608 0.610243 0.536142
4 0.620691 0.426873 0.656454 0.430407 0.646007 0.536142 0.610243 0.532608
4 0.641873 0.427497 0.676253 0.437961 0.645315 0.539607 0.610935 0.529143
4 0.662523 0.432254 0.694191 0.449244 0.643959 0.542870 0.612291 0.525880
4 0.681843 0.440960 0.709573 0.463819 0.641990 0.545805 0.614260 0.522945
4 0.674802 0.463819 0.702532 0.440960 0.770115 0.522945 0.742385 0.545805
4 0.690184 0.449244 0.721852 0.432254 0.772084 0.525880 0.740416 0.542870
4 0.708122 0.437961 0.742502 0.427497 0.773440 0.529143 0.739060 0.539607
4 0.727921 0.430407 0.763684 0.426873 0.774132 0.532608 0.738368 0.536142
4 0.748816 0.426873 0.784579 0.430407 0.774132 0.536142 0.738368 0.532608
4 0.769998 0.427497 0.804378 0.437961 0.773440 0.539607 0.739060 0.529143
4 0.790648 0.432254 0.822316 0.449244 0.772084 0.542870 0.740416 0.525880
4 0.809968 0.440960 0.837698 0.463819 0.770115 0.545805 0.742385 0.522945
4 0.802927 0.463819 0.830657 0.440960 0.898240 0.522945 0.870510 0.545805
4 0.818309 0.449244 0.849977 0.432254 0.900209 0.525880 0.868541 0.542870
4 0.836247 0.437961 0.870627 0.427497 0.901565 0.529143 0.867185 0.539607
4 0.856046 0.430407 0.891809 0.426873 0.902257 0.532608 0.866493 0.536142
4 0.876941 0.426873 0.912704 0.430407 0.902257 0.536142 0.866493 0.532608
4 0.898123 0.427497 0.932503 0.437961 0.901565 0.539607 0.867185 0.529143
4 0.918773 0.432254 0.950441 0.449244 0.900209 0.542870 0.868541 0.525880
4 0.938093 0.440960 0.965823 0.463819 0.898240 0.545805 0.870510 0.522945
4 0.003435 0.533274 0.037815 0.522809 0.068753 0.624455 0.034372 0.634920
4 0.023234 0.525719 0.058997 0.522186 0.069444 0.627921 0.033681 0.631454
4 0.044128 0.522186 0.079891 0.525719 0.069444 0.631454 0.033681 0.627921
4 0.065310 0.522809 0.099690 0.533274 0.068753 0.634920 0.034372 0.624455
4 0.085961 0.527566 0.117628 0.544557 0.067396 0.638183 0.035729 0.621192
4 0.105281 0.536273 0.133011 0.559132 0.065428 0.641117 0.037697 0.618258
4 0.098239 0.559132 0.125969 0.536273 0.193553 0.618258 0.165822 0.641117
4 0.113622 0.544557 0.145289 0.527566 0.195521 0.621192 0.163854 0.638183
4 0.131560 0.533274 0.165940 0.522809 0.196878 0.624455 0.162497 0.634920
4 0.151359 0.525719 0.187122 0.522186 0.197569 0.627921 0.161806 0.631454
4 0.172253 0.522186 0.208016 0.525719 0.197569 0.631454 0.161806 0.627921
4 0.193435 0.522809 0.227815 0.533274 0.196878 0.634920 0.162497 0.624455
4 0.214086 0.527566 0.245753 0.544557 0.195521 0.638183 0.163854 0.621192
4 0.233406 0.536273 0.261136 0.559132 0.193553 0.641117 0.165822 0.618258
4 0.226364 0.559132 0.254094 0.536273 0.321678 0.618258 0.293947 0.641117
4 0.241747 0.544557 0.273414 0.527566 0.323646 0.621192 0.291979 0.638183
4 0.259685 0.533274 0.294065 0.522809 0.325003 0.624455 0.290622 0.634920
4 0.279484 0.525719 0.315247 0.522186 0.325694 0.627921 0.289931 0.631454
4 0.300378 0.522186 0.336141 0.525719 0.325694 0.631454 0.289931 0.627921
4 0.321560 0.522809 0.355940 0.533274 0.325003 0.634920 0.290622 0.624455
4 0.342211 0.527566 0.373878 0.544557 0.323646 0.638183 0.291979 0.621192
4 0.361531 0.536273 0.389261 0.559132 0.321678 0.641117 0.293947 0.618258
4 0.354489 0.559132 0.382219 0.536273 0.449803 0.618258 0.422072 0.641117
4 0.369872 0.544557 0.401539 0.527566 0.451771 0.621192 0.420104 0.638183
4 0.387810 0.533274 0.422190 0.522809 0.453128 0.624455 0.418747 0.634920
4 0.407609 0.525719 0.443372 0.522186 0.453819 0.627921 0.418056 0.631454
4 0.428503 0.522186 0.464266 0.525719 0.453819 0.631454 0.418056 0.627921
4 0.449685 0.522809 0.484065 0.533274 0.453128 0.634920 0.418747 0.624455
4 0.470336 0.527566 0.502003 0.544557 0.451771 0.638183 0.420104 0.621192
4 0.489656 0.536273 0.517386 0.559132 0.449803 0.641117 0.422072 0.618258
4 0.482614 0.559132 0.510344 0.536273 0.577928 0.618258 0.550197 0.641117
4 0.497997 0.544557 0.529664 0.527566 0.579896 0.621192 0.548229 0.638183
4 0.515935 0.533274 0.550315 0.522809 0.581253 0.624455 0.546872 0.634920
4 0.535734 0.525719 0.571497 0.522186 0.581944 0.627921 0.546181 0.631454
4 0.556628 0.522186 0.592391 0.525719 0.581944 0.631454 0.546181 0.627921
4 0.577810 0.522809 0.612190 0.533274 0.581253 0.634920 0.546872 0.624455
4 0.598461 0.527566 0.630128 0.544557 0.579896 0.638183 0.548229 0.621192
4 0.617781 0.536273 0.645511 0.559132 0.577928 0.641117 0.550197 0.618258
4 0.610739 0.559132 0.638469 0.536273 0.706053 0.618258 0.678322 0.641117
4 0.626122 0.544557 0.657789 0.527566 0.708021 0.621192 0.676354 0.638183
4 0.644060 0.533274 0.678440 0.522809 0.709378 0.624455 0.674997 0.634920
4 0.663859 0.525719 0.699622 0.522186 0.710069 0.627921 0.674306 0.631454
4 0.684753 0.522186 0.720516 0.525719 0.710069 0.631454 0.674306 0.627921
4 0.705935 0.522809 0.740315 0.533274 0.709378 0.634920 0.674997 0.624455
4 0.726586 0.527566 0.758253 0.544557 0.708021 0.638183 0.676354 0.621192
4 0.745906 0.536273 0.773636 0.559132 0.706053 0.641117 0.678322 0.618258
4 0.738864 0.559132 0.766594 0.536273 0.834178 0.618258 0.806447 0.641117
4 0.754247 0.544557 0.785914 0.527566 0.836146 0.621192 0.804479 0.638183
4 0.772185 0.533274 0.806565 0.522809 0.837503 0.624455 0.803122 0.634920
4 0.791984 0.525719 0.827747 0.522186 0.838194 0.627921 0.802431 0.631454
4 0.812878 0.522186 0.848641 0.525719 0.838194 0.631454 0.802431 0.627921
4 0.834060 0.522809 0.868440 0.533274 0.837503 0.634920 0.803122 0.624455
4 0.854711 0.527566 0.886378 0.544557 0.836146 0.638183 0.804479 0.621192
4 0.874031 0.536273 0.901761 0.559132 0.834178 0.641117 0.806447 0.618258
4 0.866989 0.559132 0.894719 0.536273 0.962303 0.618258 0.934572 0.641117
4 0.882372 0.544557 0.914039 0.527566 0.964271 0.621192 0.932604 0.638183
4 0.900310 0.533274 0.934690 0.522809 0.965628 0.624455 0.931247 0.634920
4 0.920109 0.525719 0.955872 0.522186 0.966319 0.627921 0.930556 0.631454
4 0.941003 0.522186 0.976766 0.525719 0.966319 0.631454 0.930556 0.627921
4 0.962185 0.522809 0.996565 0.533274 0.965628 0.634920 0.931247 0.624455
4 0.034177 0.654444 0.061907 0.631585 0.129490 0.713570 0.101760 0.736430
4 0.049559 0.639869 0.081227 0.622879 0.131459 0.716505 0.099791 0.733495
4 0.067497 0.628586 0.101877 0.618122 0.132815 0.719768 0.098435 0.730232
4 0.087296 0.621032 0.123059 0.617498 0.133507 0.723233 0.097743 0.726767
4 0.108191 0.617498 0.143954 0.621032 0.133507 0.726767 0.097743 0.723233
4 0.129373 0.618122 0.163753 0.628586 0.132815 0.730232 0.098435 0.719768
4 0.150023 0.622879 0.181691 0.639869 0.131459 0.733495 0.099791 0.716505
4 0.169343 0.631585 0.197073 0.654444 0.129490 0.736430 0.101760 0.713570
4 0.162302 0.654444 0.190032 0.631585 0.257615 0.713570 0.229885 0.736430
4 0.177684 0.639869 0.209352 0.622879 0.259584 0.716505 0.227916 0.733495
4 0.195622 0.628586 0.230002 0.618122 0.260940 0.719768 0.226560 0.730232
4 0.215421 0.621032 0.251184 0.617498 0.261632 0.723233 0.225868 0.726767
4 0.236316 0.617498 0.272079 0.621032 0.261632 0.726767 0.225868 0.723233
4 0.257498 0.618122 0.291878 0.628586 0.260940 0.730232 0.226560 0.719768
4 0.278148 0.622879 0.309816 0.639869 0.259584 0.733495 0.227916 0.716505
4 0.297468 0.631585 0.325198 0.654444 0.257615 0.736430 0.229885 0.713570
4 0.290427 0.654444 0.318157 0.631585 0.385740 0.713570 0.358010 0.736430
4 0.305809 0.639869 0.337477 0.622879 0.387709 0.716505 0.356041 0.733495
4 0.323747 0.628586 0.358127 0.618122 0.389065 0.719768 0.354685 0.730232
4 0.343546 0.621032 0.379309 0.617498 0.389757 0.723233 0.353993 0.726767
4 0.364441 0.617498 0.400204 0.621032 0.389757 0.726767 0.353993 0.723233
4 0.385623 0.618122 0.420003 0.628586 0.389065 0.730232 0.354685 0.719768
4 0.406273 0.622879 0.437941 0.639869 0.387709 0.733495 0.356041 0.716505
4 0.425593 0.631585 0.453323 0.654444 0.385740 0.736430 0.358010 0.713570
4 0.418552 0.654444 0.446282 0.631585 0.513865 0.713570 0.486135 0.736430
4 0.433934 0.639869 0.465602 0.622879 0.515834 0.716505 0.484166 0.733495
4 0.451872 0.628586 0.486252 0.618122 0.517190 0.719768 0.482810 0.730232
4 0.471671 0.621032 0.507434 0.617498 0.517882 0.723233 0.482118 0.726767
4 0.492566 0.617498 0.528329 0.621032 0.517882 0.726767 0.482118 0.723233
4 0.513748 0.618122 0.548128 0.628586 0.517190 0.730232 0.482810 0.719768
4 0.534398 0.622879 0.566066 0.639869 0.515834 0.733495 0.484166 0.716505
4 0.553718 0.631585 0.581448 0.654444 0.513865 0.736430 0.486135 0.713570
4 0.546677 0.654444 0.574407 0.631585 0.641990 0.713570 0.614260 0.736430
4 0.562059 0.639869 0.593727 0.622879 0.643959 0.716505 0.612291 0.733495
4 0.579997 0.628586 0.614377 0.618122 0.645315 0.719768 0.610935 0.730232
4 0.599796 0.621032 0.635559 0.617498 0.646007 0.723233 0.610243 0.726767
4 0.620691 0.617498 0.656454 0.621032 0.646007 0.726767 0.610243 0.723233
4 0.641873 0.618122 0.676253 0.628586 0.645315 0.730232 0.610935 0.719768
4 0.662523 0.622879 0.694191 0.639869 0.643959 0.733495 0.612291 0.716505
4 0.681843 0.631585 0.709573 0.654444 0.641990 0.736430 0.614260 0.713570
4 0.674802 0.654444 0.702532 0.631585 0.770115 0.713570 0.742385 0.736430
4 0.690184 0.639869 0.721852 0.622879 0.772084 0.716505 0.740416 0.733495
4 0.708122 0.628586 0.742502 0.618122 0.773440 0.719768 0.739060 0.730232
4 0.727921 0.621032 0.763684 0.617498 0.774132 0.723233 0.738368 0.726767
4 0.748816 0.617498 0.784579 0.621032 0.774132 0.726767 0.738368 0.723233
4 0.769998 0.618122 0.804378 0.628586 0.773440 0.730232 0.739060 0.719768
4 0.790648 0.622879 0.822316 0.639869 0.772084 0.733495 0.740416 0.716505
4 0.809968 0.631585 0.837698 0.654444 0.770115 0.736430 0.742385 0.713570
4 0.802927 0.654444 0.830657 0.631585 0.898240 0.713570 0.870510 0.736430
4 0.818309 0.639869 0.849977 0.622879 0.900209 0.716505 0.868541 0.733495
4 0.836247 0.628586 0.870627 0.618122 0.901565 0.719768 0.867185 0.730232
4 0.856046 0.621032 0.891809 0.617498 0.902257 0.723233 0.866493 0.726767
4 0.876941 0.617498 0.912704 0.621032 0.902257 0.726767 0.866493 0.723233
4 0.898123 0.618122 0.932503 0.628586 0.901565 0.730232 0.867185 0.719768
4 0.918773 0.622879 0.950441 0.639869 0.900209 0.733495 0.868541 0.716505
4 0.938093 0.631585 0.965823 0.654444 0.898240 0.736430 0.870510 0.713570
4 0.003435 0.723899 0.037815 0.713434 0.068753 0.815080 0.034372 0.825545
4 0.023234 0.716344 0.058997 0.712811 0.069444 0.818546 0.033681 0.822079
4 0.044128 0.712811 0.079891 0.716344 0.069444 0.822079 0.033681 0.818546
4 0.065310 0.713434 0.099690 0.723899 0.068753 0.825545 0.034372 0.815080
4 0.085961 0.718191 0.117628 0.735182 0.067396 0.828808 0.035729 0.811817
4 0.105281 0.726898 0.133011 0.749757 0.065428 0.831742 0.037697 0.808883
4 0.098239 0.749757 0.125969 0.726898 0.193553 0.808883 0.165822 0.831742
4 0.113622 0.735182 0.145289 0.718191 0.195521 0.811817 0.163854 0.828808
4 0.131560 0.723899 0.165940 0.713434 0.196878 0.815080 0.162497 0.825545
4 0.151359 0.716344 0.187122 0.712811 0.197569 0.818546 0.161806 0.822079
4 0.172253 0.712811 0.208016 0.716344 0.197569 0.822079 0.161806 0.818546
4 0.193435 0.713434 0.227815 0.723899 0.196878 0.825545 0.162497 0.815080
4 0.214086 0.718191 0.245753 0.735182 0.195521 0.828808 0.163854 0.811817
4 0.233406 0.726898 0.261136 0.749757 0.193553 0.831742 0.165822 0.808883
4 0.226364 0.749757 0.254094 0.726898 0.321678 0.808883 0.293947 0.831742
4 0.241747 0.735182 0.273414 0.718191 0.323646 0.811817 0.291979 0.828808
4 0.259685 0.723899 0.294065 0.713434 0.325003 0.815080 0.290622 0.825545
4 0.279484 0.716344 0.315247 0.712811 0.325694 0.818546 0.289931 0.822079
4 0.300378 0.712811 0.336141 0.716344 0.325694 0.822079 0.289931 0.818546
4 0.321560 0.713434 0.355940 0.723899 0.325003 0.825545 0.290622 0.815080
4 0.342211 0.718191 0.373878 0.735182 0.323646 0.828808 0.291979 0.811817
4 0.361531 0.726898 0.389261 0.749757 0.321678 0.831742 0.293947 0.808883
4 0.354489 0.749757 0.382219 0.726898 0.449803 0.808883 0.422072 0.831742
4 0.369872 0.735182 0.401539 0.718191 0.451771 0.811817 0.420104 0.828808
4 0.387810 0.723899 0.422190 0.713434 0.453128 0.815080 0.418747 0.825545
4 0.407609 0.716344 0.443372 0.712811 0.453819 0.818546 0.418056 0.822079
4 0.428503 0.712811 0.464266 0.716344 0.453819 0.822079 0.418056 0.818546
4 0.449685 0.713434 0.484065 0.723899 0.453128 0.825545 0.418747 0.815080
4 0.470336 0.718191 0.502003 0.735182 0.451771 0.828808 0.420104 0.811817
4 0.489656 0.726898 0.517386 0.749757 0.449803 0.831742 0.422072 0.808883
4 0.482614 0.749757 0.510344 0.726898 0.577928 0.808883 0.550197 0.831742
4 0.497997 0.735182 0.529664 0.718191 0.579896 0.811817 0.548229 0.828808
4 0.515935 0.723899 0.550315 0.713434 0.581253 0.815080 0.546872 0.825545
4 0.535734 0.716344 0.571497 0.712811 0.581944 0.818546 0.546181 0.822079
4 0.556628 0.712811 0.592391 0.716344 0.581944 0.822079 0.546181 0.818546
4 0.577810 0.713434 0.612190 0.723899 0.581253 0.825545 0.546872 0.815080
4 0.598461 0.718191 0.630128 0.735182 0.579896 0.828808 0.548229 0.811817
4 0.617781 0.726898 0.645511 0.749757 0.577928 0.831742 0.550197 0.808883
4 0.610739 0.749757 0.638469 0.726898 0.706053 0.808883 0.678322 0.831742
4 0.626122 0.735182 0.657789 0.718191 0.708021 0.811817 0.676354 0.828808
4 0.644060 0.723899 0.678440 0.713434 0.709378 0.815080 0.674997 0.825545
4 0.663859 0.716344 0.699622 0.712811 0.710069 0.818546 0.674306 0.822079
4 0.684753 0.712811 0.720516 0.716344 0.710069 0.822079 0.674306 0.818546
4 0.705935 0.713434 0.740315 0.723899 0.709378 0.825545 0.674997 0.815080
4 0.726586 0.718191 0.758253 0.735182 0.708021 0.828808 0.676354 0.811817
4 0.745906 0.726898 0.773636 0.749757 0.706053 0.831742 0.678322 0.808883
4 0.738864 0.749757 0.766594 0.726898 0.834178 0.808883 0.806447 0.831742
4 0.754247 0.735182 0.785914 0.718191 0.836146 0.811817 0.804479 0.828808
4 0.772185 0.723899 0.806565 0.713434 0.837503 0.815080 0.803122 0.825545
4 0.791984 0.716344 0.827747 0.712811 0.838194 0.818546 0.802431 0.822079
4 0.812878 0.712811 0.848641 0.716344 0.838194 0.822079 0.802431 0.818546
4 0.834060 0.713434 0.868440 0.723899 0.837503 0.825545 0.803122 0.815080
4 0.854711 0.718191 0.886378 0.735182 0.836146 0.828808 0.804479 0.811817
4 0.874031 0.726898 0.901761 0.749757 0.834178 0.831742 0.806447 0.808883
4 0.866989 0.749757 0.894719 0.726898 0.962303 0.808883 0.934572 0.831742
4 0.882372 0.735182 0.914039 0.718191 0.964271 0.811817 0.932604 0.828808
4 0.900310 0.723899 0.934690 0.713434 0.965628 0.815080 0.931247 0.825545
4 0.920109 0.716344 0.955872 0.712811 0.966319 0.818546 0.930556 0.822079
4 0.941003 0.712811 0.976766 0.716344 0.966319 0.822079 0.930556 0.818546
4 0.962185 0.713434 0.996565 0.723899 0.965628 0.825545 0.931247 0.815080
4 0.034177 0.845069 0.061907 0.822210 0.129490 0.904195 0.101760 0.927055
4 0.049559 0.830494 0.081227 0.813504 0.131459 0.907130 0.099791 0.924120
4 0.067497 0.819211 0.101877 0.808747 0.132815 0.910393 0.098435 0.920857
4 0.087296 0.811657 0.123059 0.808123 0.133507 0.913858 0.097743 0.917392
4 0.108191 0.808123 0.143954 0.811657 0.133507 0.917392 0.097743 0.913858
4 0.129373 0.808747 0.163753 0.819211 0.132815 0.920857 0.098435 0.910393
4 0.150023 0.813504 0.181691 0.830494 0.131459 0.924120 0.099791 0.907130
4 0.169343 0.822210 0.197073 0.845069 0.129490 0.927055 0.101760 0.904195
4 0.162302 0.845069 0.190032 0.822210 0.257615 0.904195 0.229885 0.927055
4 0.177684 0.830494 0.209352 0.813504 0.259584 0.907130 0.227916 0.924120
4 0.195622 0.819211 0.230002 0.808747 0.260940 0.910393 0.226560 0.920857
4 0.215421 0.811657 0.251184 0.808123 0.261632 0.913858 0.225868 0.917392
4 0.236316 0.808123 0.272079 0.811657 0.261632 0.917392 0.225868 0.913858
4 0.257498 0.808747 0.291878 0.819211 0.260940 0.920857 0.226560 0.910393
4 0.278148 0.813504 0.309816 0.830494 0.259584 0.924120 0.227916 0.907130
4 0.297468 0.822210 0.325198 0.845069 0.257615 0.927055 0.229885 0.904195
4 0.290427 0.845069 0.318157 0.822210 0.385740 0.904195 0.358010 0.927055
4 0.305809 0.830494 0.337477 0.813504 0.387709 0.907130 0.356041 0.924120
4 0.323747 0.819211 0.358127 0.808747 0.389065 0.910393 0.354685 0.920857
4 0.343546 0.811657 0.379309 0.808123 0.389757 0.913858 0.353993 0.917392
4 0.364441 0.808123 0.400204 0.811657 0.389757 0.917392 0.353993 0.913858
4 0.385623 0.808747 0.420003 0.819211 0.389065 0.920857 0.354685 0.910393
4 0.406273 0.813504 0.437941 0.830494 0.387709 0.924120 0.356041 0.907130
4 0.425593 0.822210 0.453323 0.845069 0.385740 0.927055 0.358010 0.904195
4 0.418552 0.845069 0.446282 0.822210 0.513865 0.904195 0.486135 0.927055
4 0.433934 0.830494 0.465602 0.813504 0.515834 0.907130 0.484166 0.924120
4 0.451872 0.819211 0.486252 0.808747 0.517190 0.910393 0.482810 0.920857
4 0.471671 0.811657 0.507434 0.808123 0.517882 0.913858 0.482118 0.917392
4 0.492566 0.808123 0.528329 0.811657 0.517882 0.917392 0.482118 0.913858
4 0.513748 0.808747 0.548128 0.819211 0.517190 0.920857 0.482810 0.910393
4 0.534398 0.813504 0.566066 0.830494 0.515834 0.924120 0.484166 0.907130
4 0.553718 0.822210 0.581448 0.845069 0.513865 0.927055 0.486135 0.904195
4 0.546677 0.845069 0.574407 0.822210 0.641990 0.904195 0.614260 0.927055
4 0.562059 0.830494 0.593727 0.813504 0.643959 0.907130 0.612291 0.924120
4 0.579997 0.819211 0.614377 0.808747 0.645315 0.910393 0.610935 0.920857
4 0.599796 0.811657 0.635559 0.808123 0.646007 0.913858 0.610243 0.917392
4 0.620691 0.808123 0.656454 0.811657 0.646007 0.917392 0.610243 0.913858
4 0.641873 0.808747 0.676253 0.819211 0.645315 0.920857 0.610935 0.910393
4 0.662523 0.813504 0.694191 0.830494 0.643959 0.924120 0.612291 0.907130
4 0.681843 0.822210 0.709573 0.845069 0.641990 0.927055 0.614260 0.904195
4 0.674802 0.845069 0.702532 0.822210 0.770115 0.904195 0.742385 0.927055
4 0.690184 0.830494 0.721852 0.813504 0.772084 0.907130 0.740416 0.924120
4 0.708122 0.819211 0.742502 0.808747 0.773440 0.910393 0.739060 0.920857
4 0.727921 0.811657 0.763684 0.808123 0.774132 0.913858 0.738368 0.917392
4 0.748816 0.808123 0.784579 0.811657 0.774132 0.917392 0.738368 0.913858
4 0.769998 0.808747 0.804378 0.819211 0.773440 0.920857 0.739060 0.910393
4 0.790648 0.813504 0.822316 0.830494 0.772084 0.924120 0.740416 0.907130
4 0.809968 0.822210 0.837698 0.845069 0.770115 0.927055 0.742385 0.904195
4 0.802927 0.845069 0.830657 0.822210 0.898240 0.904195 0.870510 0.927055
4 0.818309 0.830494 0.849977 0.813504 0.900209 0.907130 0.868541 0.924120
4 0.836247 0.819211 0.870627 0.808747 0.901565 0.910393 0.867185 0.920857
4 0.856046 0.811657 0.891809 0.808123 0.902257 0.913858 0.866493 0.917392
4 0.876941 0.808123 0.912704 0.811657 0.902257 0.917392 0.866493 0.913858
4 0.898123 0.808747 0.932503 0.819211 0.901565 0.920857 0.867185 0.910393
4 0.918773 0.813504 0.950441 0.830494 0.900209 0.924120 0.868541 0.907130
4 0.938093 0.822210 0.965823 0.845069 0.898240 0.927055 0.870510 0.904195