2 0.036719 0.023438 0.066406 0.023438 0.066406 0.135937 0.036719 0.135937
2 0.060156 0.026562 0.089844 0.026562 0.089844 0.139063 0.060156 0.139063
2 0.089844 0.020313 0.119531 0.020313 0.119531 0.132812 0.089844 0.132812
2 0.113281 0.023438 0.142969 0.023438 0.142969 0.135937 0.113281 0.135937
2 0.139844 0.021875 0.169531 0.021875 0.169531 0.134375 0.139844 0.134375
2 0.160156 0.021875 0.189844 0.021875 0.189844 0.134375 0.160156 0.134375
2 0.191406 0.020313 0.221094 0.020313 0.221094 0.132812 0.191406 0.132812
2 0.214844 0.026562 0.244531 0.026562 0.244531 0.139063 0.214844 0.139063
2 0.235156 0.026562 0.264844 0.026562 0.264844 0.139063 0.235156 0.139063
2 0.266406 0.023438 0.296094 0.023438 0.296094 0.135937 0.266406 0.135937
2 0.291406 0.021875 0.321094 0.021875 0.321094 0.134375 0.291406 0.134375
2 0.313281 0.018750 0.342969 0.018750 0.342969 0.131250 0.313281 0.131250
2 0.335156 0.021875 0.364844 0.021875 0.364844 0.134375 0.335156 0.134375
2 0.364844 0.021875 0.394531 0.021875 0.394531 0.134375 0.364844 0.134375
2 0.386719 0.023438 0.416406 0.023438 0.416406 0.135937 0.386719 0.135937
2 0.410156 0.026562 0.439844 0.026562 0.439844 0.139063 0.410156 0.139063
2 0.441406 0.021875 0.471094 0.021875 0.471094 0.134375 0.441406 0.134375
2 0.463281 0.018750 0.492969 0.018750 0.492969 0.131250 0.463281 0.131250
2 0.485156 0.026562 0.514844 0.026562 0.514844 0.139063 0.485156 0.139063
2 0.511719 0.021875 0.541406 0.021875 0.541406 0.134375 0.511719 0.134375
2 0.538281 0.020313 0.567969 0.020313 0.567969 0.132812 0.538281 0.132812
2 0.563281 0.018750 0.592969 0.018750 0.592969 0.131250 0.563281 0.131250
2 0.589844 0.025000 0.619531 0.025000 0.619531 0.137500 0.589844 0.137500
2 0.616406 0.020313 0.646094 0.020313 0.646094 0.132812 0.616406 0.132812
2 0.635156 0.020313 0.664844 0.020313 0.664844 0.132812 0.635156 0.132812
1 0.030469 0.147656 0.072656 0.147656 0.072656 0.227344 0.030469 0.227344
1 0.069531 0.150781 0.111719 0.150781 0.111719 0.230469 0.069531 0.230469
1 0.103906 0.149219 0.146094 0.149219 0.146094 0.228906 0.103906 0.228906
1 0.135156 0.152344 0.177344 0.152344 0.177344 0.232031 0.135156 0.232031
1 0.166406 0.153906 0.208594 0.153906 0.208594 0.233594 0.166406 0.233594
1 0.207031 0.150781 0.249219 0.150781 0.249219 0.230469 0.207031 0.230469
1 0.241406 0.155469 0.283594 0.155469 0.283594 0.235156 0.241406 0.235156
1 0.274219 0.147656 0.316406 0.147656 0.316406 0.227344 0.274219 0.227344
1 0.305469 0.152344 0.347656 0.152344 0.347656 0.232031 0.305469 0.232031
1 0.339844 0.149219 0.382031 0.149219 0.382031 0.228906 0.339844 0.228906
1 0.378906 0.147656 0.421094 0.147656 0.421094 0.227344 0.378906 0.227344
1 0.413281 0.153906 0.455469 0.153906 0.455469 0.233594 0.413281 0.233594
1 0.447656 0.155469 0.489844 0.155469 0.489844 0.235156 0.447656 0.235156
1 0.478906 0.147656 0.521094 0.147656 0.521094 0.227344 0.478906 0.227344
1 0.513281 0.150781 0.555469 0.150781 0.555469 0.230469 0.513281 0.230469
1 0.546094 0.153906 0.588281 0.153906 0.588281 0.233594 0.546094 0.233594
1 0.585156 0.155469 0.627344 0.155469 0.627344 0.235156 0.585156 0.235156
1 0.616406 0.157031 0.658594 0.157031 0.658594 0.236719 0.616406 0.236719
1 0.647656 0.153906 0.689844 0.153906 0.689844 0.233594 0.647656 0.233594
1 0.682031 0.152344 0.724219 0.152344 0.724219 0.232031 0.682031 0.232031
1 0.716406 0.147656 0.758594 0.147656 0.758594 0.227344 0.716406 0.227344
1 0.750781 0.155469 0.792969 0.155469 0.792969 0.235156 0.750781 0.235156
1 0.791406 0.157031 0.833594 0.157031 0.833594 0.236719 0.791406 0.236719
1 0.824219 0.153906 0.866406 0.153906 0.866406 0.233594 0.824219 0.233594
1 0.853906 0.157031 0.896094 0.157031 0.896094 0.236719 0.853906 0.236719
1 0.026562 0.242969 0.076563 0.242969 0.076563 0.307031 0.026562 0.307031
1 0.078125 0.241406 0.128125 0.241406 0.128125 0.305469 0.078125 0.305469
1 0.120313 0.239844 0.170313 0.239844 0.170313 0.303906 0.120313 0.303906
1 0.167187 0.239844 0.217188 0.239844 0.217188 0.303906 0.167187 0.303906
1 0.217188 0.236719 0.267188 0.236719 0.267188 0.300781 0.217188 0.300781
1 0.264062 0.241406 0.314063 0.241406 0.314063 0.305469 0.264062 0.305469
1 0.307812 0.241406 0.357812 0.241406 0.357812 0.305469 0.307812 0.305469
1 0.354687 0.235156 0.404687 0.235156 0.404687 0.299219 0.354687 0.299219
1 0.401562 0.235156 0.451562 0.235156 0.451562 0.299219 0.401562 0.299219
1 0.450000 0.239844 0.500000 0.239844 0.500000 0.303906 0.450000 0.303906
1 0.498437 0.235156 0.548438 0.235156 0.548438 0.299219 0.498437 0.299219
1 0.545312 0.239844 0.595313 0.239844 0.595313 0.303906 0.545312 0.303906
1 0.587500 0.238281 0.637500 0.238281 0.637500 0.302344 0.587500 0.302344
1 0.639062 0.236719 0.689063 0.236719 0.689063 0.300781 0.639062 0.300781
1 0.685937 0.233594 0.735938 0.233594 0.735938 0.297656 0.685937 0.297656
1 0.732812 0.235156 0.782813 0.235156 0.782813 0.299219 0.732812 0.299219
1 0.778125 0.239844 0.828125 0.239844 0.828125 0.303906 0.778125 0.303906
1 0.828125 0.239844 0.878125 0.239844 0.878125 0.303906 0.828125 0.303906
1 0.870313 0.238281 0.920312 0.238281 0.920312 0.302344 0.870313 0.302344
1 0.915625 0.238281 0.965625 0.238281 0.965625 0.302344 0.915625 0.302344
2 0.021094 0.251563 0.091406 0.251563 0.091406 0.410938 0.021094 0.410938
2 0.082031 0.254688 0.152344 0.254688 0.152344 0.414062 0.082031 0.414062
2 0.138281 0.253125 0.208594 0.253125 0.208594 0.412500 0.138281 0.412500
2 0.199219 0.257812 0.269531 0.257812 0.269531 0.417187 0.199219 0.417187
2 0.258594 0.254688 0.328906 0.254688 0.328906 0.414062 0.258594 0.414062
2 0.321094 0.253125 0.391406 0.253125 0.391406 0.412500 0.321094 0.412500
2 0.386719 0.254688 0.457031 0.254688 0.457031 0.414062 0.386719 0.414062
2 0.447656 0.251563 0.517969 0.251563 0.517969 0.410938 0.447656 0.410938
2 0.502344 0.257812 0.572656 0.257812 0.572656 0.417187 0.502344 0.417187
2 0.569531 0.254688 0.639844 0.254688 0.639844 0.414062 0.569531 0.414062
2 0.627344 0.248438 0.697656 0.248438 0.697656 0.407813 0.627344 0.407813
2 0.686719 0.254688 0.757031 0.254688 0.757031 0.414062 0.686719 0.414062
2 0.749219 0.250000 0.819531 0.250000 0.819531 0.409375 0.749219 0.409375
2 0.813281 0.248438 0.883594 0.248438 0.883594 0.407813 0.813281 0.407813
2 0.872656 0.254688 0.942969 0.254688 0.942969 0.414062 0.872656 0.414062
1 0.035937 0.447656 0.070312 0.447656 0.070312 0.492969 0.035937 0.492969
1 0.067187 0.447656 0.101562 0.447656 0.101562 0.492969 0.067187 0.492969
1 0.092188 0.455469 0.126562 0.455469 0.126562 0.500781 0.092188 0.500781
1 0.117188 0.453906 0.151562 0.453906 0.151562 0.499219 0.117188 0.499219
1 0.145313 0.452344 0.179688 0.452344 0.179688 0.497656 0.145313 0.497656
1 0.179688 0.450781 0.214062 0.450781 0.214062 0.496094 0.179688 0.496094
1 0.201563 0.447656 0.235937 0.447656 0.235937 0.492969 0.201563 0.492969
1 0.235937 0.452344 0.270313 0.452344 0.270313 0.497656 0.235937 0.497656
1 0.262500 0.446094 0.296875 0.446094 0.296875 0.491406 0.262500 0.491406
1 0.285938 0.449219 0.320312 0.449219 0.320312 0.494531 0.285938 0.494531
1 0.317188 0.455469 0.351562 0.455469 0.351562 0.500781 0.317188 0.500781
1 0.345313 0.447656 0.379688 0.447656 0.379688 0.492969 0.345313 0.492969
1 0.371875 0.453906 0.406250 0.453906 0.406250 0.499219 0.371875 0.499219
1 0.401562 0.455469 0.435937 0.455469 0.435937 0.500781 0.401562 0.500781
1 0.426563 0.455469 0.460938 0.455469 0.460938 0.500781 0.426563 0.500781
1 0.454688 0.447656 0.489063 0.447656 0.489063 0.492969 0.454688 0.492969
1 0.487500 0.453906 0.521875 0.453906 0.521875 0.499219 0.487500 0.499219
1 0.514062 0.452344 0.548438 0.452344 0.548438 0.497656 0.514062 0.497656
1 0.539062 0.447656 0.573438 0.447656 0.573438 0.492969 0.539062 0.492969
1 0.567187 0.446094 0.601562 0.446094 0.601562 0.491406 0.567187 0.491406
1 0.596875 0.447656 0.631250 0.447656 0.631250 0.492969 0.596875 0.492969
1 0.626563 0.449219 0.660937 0.449219 0.660937 0.494531 0.626563 0.494531
1 0.653125 0.455469 0.687500 0.455469 0.687500 0.500781 0.653125 0.500781
1 0.685937 0.452344 0.720313 0.452344 0.720313 0.497656 0.685937 0.497656
1 0.714063 0.455469 0.748437 0.455469 0.748437 0.500781 0.714063 0.500781