0 0.024219 0.071094 0.075781 0.071094 0.075781 0.107031 0.024219 0.107031
0 0.271094 0.071094 0.322656 0.071094 0.322656 0.107031 0.271094 0.107031
0 0.517969 0.071094 0.569531 0.071094 0.569531 0.107031 0.517969 0.107031
0 0.764844 0.071094 0.816406 0.071094 0.816406 0.107031 0.764844 0.107031
3 0.029399 0.104202 0.155099 0.056704 0.236288 0.271563 0.110587 0.319062
3 0.079143 0.075360 0.212544 0.059217 0.240138 0.287241 0.106737 0.303384
3 0.134331 0.059217 0.267732 0.075360 0.240138 0.303384 0.106737 0.287241
3 0.191776 0.056704 0.317476 0.104202 0.236288 0.319062 0.110587 0.271563
3 0.248163 0.067966 0.358905 0.144076 0.228808 0.333368 0.118067 0.257257
0 0.147656 0.277344 0.199219 0.277344 0.199219 0.313281 0.147656 0.313281
3 0.234845 0.144076 0.345587 0.067966 0.475683 0.257257 0.364942 0.333368
3 0.276274 0.104202 0.401974 0.056704 0.483163 0.271563 0.357462 0.319062
3 0.326018 0.075360 0.459419 0.059217 0.487013 0.287241 0.353612 0.303384
3 0.381206 0.059217 0.514607 0.075360 0.487013 0.303384 0.353612 0.287241
3 0.438651 0.056704 0.564351 0.104202 0.483163 0.319062 0.357462 0.271563
3 0.495038 0.067966 0.605780 0.144076 0.475683 0.333368 0.364942 0.257257
0 0.394531 0.277344 0.446094 0.277344 0.446094 0.313281 0.394531 0.313281
3 0.481720 0.144076 0.592462 0.067966 0.722558 0.257257 0.611817 0.333368
3 0.523149 0.104202 0.648849 0.056704 0.730038 0.271563 0.604337 0.319062
3 0.572893 0.075360 0.706294 0.059217 0.733888 0.287241 0.600487 0.303384
3 0.628081 0.059217 0.761482 0.075360 0.733888 0.303384 0.600487 0.287241
3 0.685526 0.056704 0.811226 0.104202 0.730038 0.319062 0.604337 0.271563
3 0.741913 0.067966 0.852655 0.144076 0.722558 0.333368 0.611817 0.257257
0 0.641406 0.277344 0.692969 0.277344 0.692969 0.313281 0.641406 0.313281
3 0.728595 0.144076 0.839337 0.067966 0.969433 0.257257 0.858692 0.333368
3 0.770024 0.104202 0.895724 0.056704 0.976913 0.271563 0.851212 0.319062
3 0.819768 0.075360 0.953169 0.059217 0.980763 0.287241 0.847362 0.303384
0 0.888281 0.277344 0.939844 0.277344 0.939844 0.313281 0.888281 0.313281
0 0.024219 0.483594 0.075781 0.483594 0.075781 0.519531 0.024219 0.519531
3 0.111408 0.350326 0.222150 0.274216 0.352246 0.463507 0.241504 0.539618
3 0.152836 0.310452 0.278536 0.262954 0.359725 0.477813 0.234025 0.525312
3 0.202580 0.281610 0.335982 0.265467 0.363576 0.493491 0.230174 0.509634
3 0.257768 0.265467 0.391170 0.281610 0.363576 0.509634 0.230174 0.493491
3 0.315214 0.262954 0.440914 0.310452 0.359725 0.525312 0.234025 0.477813
3 0.371600 0.274216 0.482342 0.350326 0.352246 0.539618 0.241504 0.463507
0 0.271094 0.483594 0.322656 0.483594 0.322656 0.519531 0.271094 0.519531
3 0.358283 0.350326 0.469025 0.274216 0.599121 0.463507 0.488379 0.539618
3 0.399711 0.310452 0.525411 0.262954 0.606600 0.477813 0.480900 0.525312
3 0.449455 0.281610 0.582857 0.265467 0.610451 0.493491 0.477049 0.509634
3 0.504643 0.265467 0.638045 0.281610 0.610451 0.509634 0.477049 0.493491
3 0.562089 0.262954 0.687789 0.310452 0.606600 0.525312 0.480900 0.477813
3 0.618475 0.274216 0.729217 0.350326 0.599121 0.539618 0.488379 0.463507
0 0.517969 0.483594 0.569531 0.483594 0.569531 0.519531 0.517969 0.519531
3 0.605158 0.350326 0.715900 0.274216 0.845996 0.463507 0.735254 0.539618
3 0.646586 0.310452 0.772286 0.262954 0.853475 0.477813 0.727775 0.525312
3 0.696330 0.281610 0.829732 0.265467 0.857326 0.493491 0.723924 0.509634
3 0.751518 0.265467 0.884920 0.281610 0.857326 0.509634 0.723924 0.493491
3 0.808964 0.262954 0.934664 0.310452 0.853475 0.525312 0.727775 0.477813
3 0.865350 0.274216 0.976092 0.350326 0.845996 0.539618 0.735254 0.463507
0 0.764844 0.483594 0.816406 0.483594 0.816406 0.519531 0.764844 0.519531
3 0.029399 0.516702 0.155099 0.469204 0.236288 0.684063 0.110587 0.731562
3 0.079143 0.487860 0.212544 0.471717 0.240138 0.699741 0.106737 0.715884
3 0.134331 0.471717 0.267732 0.487860 0.240138 0.715884 0.106737 0.699741
3 0.191776 0.469204 0.317476 0.516702 0.236288 0.731562 0.110587 0.684063
3 0.248163 0.480466 0.358905 0.556576 0.228808 0.745868 0.118067 0.669757
0 0.147656 0.689844 0.199219 0.689844 0.199219 0.725781 0.147656 0.725781
3 0.234845 0.556576 0.345587 0.480466 0.475683 0.669757 0.364942 0.745868
3 0.276274 0.516702 0.401974 0.469204 0.483163 0.684063 0.357462 0.731562
3 0.326018 0.487860 0.459419 0.471717 0.487013 0.699741 0.353612 0.715884
3 0.381206 0.471717 0.514607 0.487860 0.487013 0.715884 0.353612 0.699741
3 0.438651 0.469204 0.564351 0.516702 0.483163 0.731562 0.357462 0.684063
3 0.495038 0.480466 0.605780 0.556576 0.475683 0.745868 0.364942 0.669757
0 0.394531 0.689844 0.446094 0.689844 0.446094 0.725781 0.394531 0.725781
3 0.481720 0.556576 0.592462 0.480466 0.722558 0.669757 0.611817 0.745868
3 0.523149 0.516702 0.648849 0.469204 0.730038 0.684063 0.604337 0.731562
3 0.572893 0.487860 0.706294 0.471717 0.733888 0.699741 0.600487 0.715884
3 0.628081 0.471717 0.761482 0.487860 0.733888 0.715884 0.600487 0.699741
3 0.685526 0.469204 0.811226 0.516702 0.730038 0.731562 0.604337 0.684063
3 0.741913 0.480466 0.852655 0.556576 0.722558 0.745868 0.611817 0.669757
0 0.641406 0.689844 0.692969 0.689844 0.692969 0.725781 0.641406 0.725781
3 0.728595 0.556576 0.839337 0.480466 0.969433 0.669757 0.858692 0.745868
3 0.770024 0.516702 0.895724 0.469204 0.976913 0.684063 0.851212 0.731562
3 0.819768 0.487860 0.953169 0.471717 0.980763 0.699741 0.847362 0.715884
0 0.888281 0.689844 0.939844 0.689844 0.939844 0.725781 0.888281 0.725781