0 0.025000 0.058594 0.062500 0.058594 0.062500 0.085156 0.025000 0.085156
0 0.204687 0.058594 0.242188 0.058594 0.242188 0.085156 0.204687 0.085156
0 0.384375 0.058594 0.421875 0.058594 0.421875 0.085156 0.384375 0.085156
0 0.564063 0.058594 0.601562 0.058594 0.601562 0.085156 0.564063 0.085156
0 0.743750 0.058594 0.781250 0.058594 0.781250 0.085156 0.743750 0.085156
0 0.923438 0.058594 0.960938 0.058594 0.960938 0.085156 0.923438 0.085156
3 0.005964 0.120292 0.069157 0.064383 0.164409 0.172046 0.101216 0.227954
3 0.022393 0.098751 0.094621 0.055137 0.168927 0.178193 0.096698 0.221807
3 0.042432 0.080521 0.121334 0.050628 0.172264 0.185053 0.093361 0.214947
3 0.065427 0.066198 0.148422 0.051003 0.174310 0.192402 0.091315 0.207598
3 0.090625 0.056250 0.175000 0.056250 0.175000 0.200000 0.090625 0.200000
3 0.117203 0.051003 0.200198 0.066198 0.174310 0.207598 0.091315 0.192402
3 0.144291 0.050628 0.223193 0.080521 0.172264 0.214947 0.093361 0.185053
3 0.171004 0.055137 0.243232 0.098751 0.168927 0.221807 0.096698 0.178193
3 0.196468 0.064383 0.259661 0.120292 0.164409 0.227954 0.101216 0.172046
0 0.114062 0.186719 0.151562 0.186719 0.151562 0.213281 0.114062 0.213281
3 0.185652 0.120292 0.248845 0.064383 0.344097 0.172046 0.280903 0.227954
3 0.202080 0.098751 0.274309 0.055137 0.348614 0.178193 0.276386 0.221807
3 0.222120 0.080521 0.301022 0.050628 0.351951 0.185053 0.273049 0.214947
3 0.245114 0.066198 0.328110 0.051003 0.353998 0.192402 0.271002 0.207598
3 0.270313 0.056250 0.354687 0.056250 0.354687 0.200000 0.270313 0.200000
3 0.296890 0.051003 0.379886 0.066198 0.353998 0.207598 0.271002 0.192402
3 0.323978 0.050628 0.402880 0.080521 0.351951 0.214947 0.273049 0.185053
3 0.350691 0.055137 0.422920 0.098751 0.348614 0.221807 0.276386 0.178193
3 0.376155 0.064383 0.439348 0.120292 0.344097 0.227954 0.280903 0.172046
0 0.293750 0.186719 0.331250 0.186719 0.331250 0.213281 0.293750 0.213281
3 0.365339 0.120292 0.428532 0.064383 0.523784 0.172046 0.460591 0.227954
3 0.381768 0.098751 0.453996 0.055137 0.528302 0.178193 0.456073 0.221807
3 0.401807 0.080521 0.480709 0.050628 0.531639 0.185053 0.452736 0.214947
3 0.424802 0.066198 0.507797 0.051003 0.533685 0.192402 0.450690 0.207598
3 0.450000 0.056250 0.534375 0.056250 0.534375 0.200000 0.450000 0.200000
3 0.476578 0.051003 0.559573 0.066198 0.533685 0.207598 0.450690 0.192402
3 0.503666 0.050628 0.582568 0.080521 0.531639 0.214947 0.452736 0.185053
3 0.530379 0.055137 0.602607 0.098751 0.528302 0.221807 0.456073 0.178193
3 0.555843 0.064383 0.619036 0.120292 0.523784 0.227954 0.460591 0.172046
0 0.473438 0.186719 0.510938 0.186719 0.510938 0.213281 0.473438 0.213281
3 0.545027 0.120292 0.608220 0.064383 0.703472 0.172046 0.640278 0.227954
3 0.561455 0.098751 0.633684 0.055137 0.707989 0.178193 0.635761 0.221807
3 0.581495 0.080521 0.660397 0.050628 0.711326 0.185053 0.632424 0.214947
3 0.604489 0.066198 0.687485 0.051003 0.713373 0.192402 0.630377 0.207598
3 0.629687 0.056250 0.714063 0.056250 0.714063 0.200000 0.629687 0.200000
3 0.656265 0.051003 0.739261 0.066198 0.713373 0.207598 0.630377 0.192402
3 0.683353 0.050628 0.762255 0.080521 0.711326 0.214947 0.632424 0.185053
3 0.710066 0.055137 0.782295 0.098751 0.707989 0.221807 0.635761 0.178193
3 0.735530 0.064383 0.798723 0.120292 0.703472 0.227954 0.640278 0.172046
0 0.653125 0.186719 0.690625 0.186719 0.690625 0.213281 0.653125 0.213281
3 0.724714 0.120292 0.787907 0.064383 0.883159 0.172046 0.819966 0.227954
3 0.741143 0.098751 0.813371 0.055137 0.887677 0.178193 0.815448 0.221807
3 0.761182 0.080521 0.840084 0.050628 0.891014 0.185053 0.812111 0.214947
3 0.784177 0.066198 0.867172 0.051003 0.893060 0.192402 0.810065 0.207598
3 0.809375 0.056250 0.893750 0.056250 0.893750 0.200000 0.809375 0.200000
3 0.835953 0.051003 0.918948 0.066198 0.893060 0.207598 0.810065 0.192402
3 0.863041 0.050628 0.941943 0.080521 0.891014 0.214947 0.812111 0.185053
3 0.889754 0.055137 0.961982 0.098751 0.887677 0.221807 0.815448 0.178193
3 0.915218 0.064383 0.978411 0.120292 0.883159 0.227954 0.819966 0.172046
0 0.832812 0.186719 0.870313 0.186719 0.870313 0.213281 0.832812 0.213281
3 0.001563 0.184375 0.085938 0.184375 0.085938 0.328125 0.001563 0.328125
3 0.028140 0.179128 0.111136 0.194323 0.085248 0.335723 0.002252 0.320527
3 0.055228 0.178753 0.134130 0.208646 0.083201 0.343072 0.004299 0.313178
3 0.081941 0.183262 0.154170 0.226876 0.079864 0.349932 0.007636 0.306318
3 0.107405 0.192508 0.170598 0.248417 0.075347 0.356079 0.012153 0.300171
0 0.025000 0.314844 0.062500 0.314844 0.062500 0.341406 0.025000 0.341406
3 0.096589 0.248417 0.159782 0.192508 0.255034 0.300171 0.191841 0.356079
3 0.113018 0.226876 0.185246 0.183262 0.259552 0.306318 0.187323 0.349932
3 0.133057 0.208646 0.211959 0.178753 0.262889 0.313178 0.183986 0.343072
3 0.156052 0.194323 0.239047 0.179128 0.264935 0.320527 0.181940 0.335723
3 0.181250 0.184375 0.265625 0.184375 0.265625 0.328125 0.181250 0.328125
3 0.207828 0.179128 0.290823 0.194323 0.264935 0.335723 0.181940 0.320527
3 0.234916 0.178753 0.313818 0.208646 0.262889 0.343072 0.183986 0.313178
3 0.261629 0.183262 0.333857 0.226876 0.259552 0.349932 0.187323 0.306318
3 0.287093 0.192508 0.350286 0.248417 0.255034 0.356079 0.191841 0.300171
0 0.204687 0.314844 0.242188 0.314844 0.242188 0.341406 0.204687 0.341406
3 0.276277 0.248417 0.339470 0.192508 0.434722 0.300171 0.371528 0.356079
3 0.292705 0.226876 0.364934 0.183262 0.439239 0.306318 0.367011 0.349932
3 0.312745 0.208646 0.391647 0.178753 0.442576 0.313178 0.363674 0.343072
3 0.335739 0.194323 0.418735 0.179128 0.444623 0.320527 0.361627 0.335723
3 0.360938 0.184375 0.445312 0.184375 0.445312 0.328125 0.360938 0.328125
3 0.387515 0.179128 0.470511 0.194323 0.444623 0.335723 0.361627 0.320527
3 0.414603 0.178753 0.493505 0.208646 0.442576 0.343072 0.363674 0.313178
3 0.441316 0.183262 0.513545 0.226876 0.439239 0.349932 0.367011 0.306318
3 0.466780 0.192508 0.529973 0.248417 0.434722 0.356079 0.371528 0.300171
0 0.384375 0.314844 0.421875 0.314844 0.421875 0.341406 0.384375 0.341406
3 0.455964 0.248417 0.519157 0.192508 0.614409 0.300171 0.551216 0.356079
3 0.472393 0.226876 0.544621 0.183262 0.618927 0.306318 0.546698 0.349932
3 0.492432 0.208646 0.571334 0.178753 0.622264 0.313178 0.543361 0.343072
3 0.515427 0.194323 0.598422 0.179128 0.624310 0.320527 0.541315 0.335723
3 0.540625 0.184375 0.625000 0.184375 0.625000 0.328125 0.540625 0.328125
3 0.567203 0.179128 0.650198 0.194323 0.624310 0.335723 0.541315 0.320527
3 0.594291 0.178753 0.673193 0.208646 0.622264 0.343072 0.543361 0.313178
3 0.621004 0.183262 0.693232 0.226876 0.618927 0.349932 0.546698 0.306318
3 0.646468 0.192508 0.709661 0.248417 0.614409 0.356079 0.551216 0.300171
0 0.564063 0.314844 0.601562 0.314844 0.601562 0.341406 0.564063 0.341406
3 0.635652 0.248417 0.698845 0.192508 0.794097 0.300171 0.730903 0.356079
3 0.652080 0.226876 0.724309 0.183262 0.798614 0.306318 0.726386 0.349932
3 0.672120 0.208646 0.751022 0.178753 0.801951 0.313178 0.723049 0.343072
3 0.695114 0.194323 0.778110 0.179128 0.803998 0.320527 0.721002 0.335723
3 0.720313 0.184375 0.804688 0.184375 0.804688 0.328125 0.720313 0.328125
3 0.746890 0.179128 0.829886 0.194323 0.803998 0.335723 0.721002 0.320527
3 0.773978 0.178753 0.852880 0.208646 0.801951 0.343072 0.723049 0.313178
3 0.800691 0.183262 0.872920 0.226876 0.798614 0.349932 0.726386 0.306318
3 0.826155 0.192508 0.889348 0.248417 0.794097 0.356079 0.730903 0.300171
0 0.743750 0.314844 0.781250 0.314844 0.781250 0.341406 0.743750 0.341406
3 0.815339 0.248417 0.878532 0.192508 0.973784 0.300171 0.910591 0.356079
3 0.831768 0.226876 0.903996 0.183262 0.978302 0.306318 0.906073 0.349932
3 0.851807 0.208646 0.930709 0.178753 0.981639 0.313178 0.902736 0.343072
3 0.874802 0.194323 0.957797 0.179128 0.983685 0.320527 0.900690 0.335723
3 0.900000 0.184375 0.984375 0.184375 0.984375 0.328125 0.900000 0.328125
0 0.923438 0.314844 0.960938 0.314844 0.960938 0.341406 0.923438 0.341406
3 0.005964 0.376542 0.069157 0.320633 0.164409 0.428296 0.101216 0.484204
3 0.022393 0.355001 0.094621 0.311387 0.168927 0.434443 0.096698 0.478057
3 0.042432 0.336771 0.121334 0.306878 0.172264 0.441303 0.093361 0.471197
3 0.065427 0.322448 0.148422 0.307253 0.174310 0.448652 0.091315 0.463848
3 0.090625 0.312500 0.175000 0.312500 0.175000 0.456250 0.090625 0.456250
3 0.117203 0.307253 0.200198 0.322448 0.174310 0.463848 0.091315 0.448652
3 0.144291 0.306878 0.223193 0.336771 0.172264 0.471197 0.093361 0.441303
3 0.171004 0.311387 0.243232 0.355001 0.168927 0.478057 0.096698 0.434443
3 0.196468 0.320633 0.259661 0.376542 0.164409 0.484204 0.101216 0.428296
0 0.114062 0.442969 0.151562 0.442969 0.151562 0.469531 0.114062 0.469531
3 0.185652 0.376542 0.248845 0.320633 0.344097 0.428296 0.280903 0.484204
3 0.202080 0.355001 0.274309 0.311387 0.348614 0.434443 0.276386 0.478057
3 0.222120 0.336771 0.301022 0.306878 0.351951 0.441303 0.273049 0.471197
3 0.245114 0.322448 0.328110 0.307253 0.353998 0.448652 0.271002 0.463848
3 0.270313 0.312500 0.354687 0.312500 0.354687 0.456250 0.270313 0.456250
3 0.296890 0.307253 0.379886 0.322448 0.353998 0.463848 0.271002 0.448652
3 0.323978 0.306878 0.402880 0.336771 0.351951 0.471197 0.273049 0.441303
3 0.350691 0.311387 0.422920 0.355001 0.348614 0.478057 0.276386 0.434443
3 0.376155 0.320633 0.439348 0.376542 0.344097 0.484204 0.280903 0.428296
0 0.293750 0.442969 0.331250 0.442969 0.331250 0.469531 0.293750 0.469531
3 0.365339 0.376542 0.428532 0.320633 0.523784 0.428296 0.460591 0.484204
3 0.381768 0.355001 0.453996 0.311387 0.528302 0.434443 0.456073 0.478057
3 0.401807 0.336771 0.480709 0.306878 0.531639 0.441303 0.452736 0.471197
3 0.424802 0.322448 0.507797 0.307253 0.533685 0.448652 0.450690 0.463848
3 0.450000 0.312500 0.534375 0.312500 0.534375 0.456250 0.450000 0.456250
3 0.476578 0.307253 0.559573 0.322448 0.533685 0.463848 0.450690 0.448652
3 0.503666 0.306878 0.582568 0.336771 0.531639 0.471197 0.452736 0.441303
3 0.530379 0.311387 0.602607 0.355001 0.528302 0.478057 0.456073 0.434443
3 0.555843 0.320633 0.619036 0.376542 0.523784 0.484204 0.460591 0.428296
0 0.473438 0.442969 0.510938 0.442969 0.510938 0.469531 0.473438 0.469531
3 0.545027 0.376542 0.608220 0.320633 0.703472 0.428296 0.640278 0.484204
3 0.561455 0.355001 0.633684 0.311387 0.707989 0.434443 0.635761 0.478057
3 0.581495 0.336771 0.660397 0.306878 0.711326 0.441303 0.632424 0.471197
3 0.604489 0.322448 0.687485 0.307253 0.713373 0.448652 0.630377 0.463848
3 0.629687 0.312500 0.714063 0.312500 0.714063 0.456250 0.629687 0.456250
3 0.656265 0.307253 0.739261 0.322448 0.713373 0.463848 0.630377 0.448652
3 0.683353 0.306878 0.762255 0.336771 0.711326 0.471197 0.632424 0.441303
3 0.710066 0.311387 0.782295 0.355001 0.707989 0.478057 0.635761 0.434443
3 0.735530 0.320633 0.798723 0.376542 0.703472 0.484204 0.640278 0.428296
0 0.653125 0.442969 0.690625 0.442969 0.690625 0.469531 0.653125 0.469531
3 0.724714 0.376542 0.787907 0.320633 0.883159 0.428296 0.819966 0.484204
3 0.741143 0.355001 0.813371 0.311387 0.887677 0.434443 0.815448 0.478057
3 0.761182 0.336771 0.840084 0.306878 0.891014 0.441303 0.812111 0.471197
3 0.784177 0.322448 0.867172 0.307253 0.893060 0.448652 0.810065 0.463848
3 0.809375 0.312500 0.893750 0.312500 0.893750 0.456250 0.809375 0.456250
3 0.835953 0.307253 0.918948 0.322448 0.893060 0.463848 0.810065 0.448652
3 0.863041 0.306878 0.941943 0.336771 0.891014 0.471197 0.812111 0.441303
3 0.889754 0.311387 0.961982 0.355001 0.887677 0.478057 0.815448 0.434443
3 0.915218 0.320633 0.978411 0.376542 0.883159 0.484204 0.819966 0.428296
0 0.832812 0.442969 0.870313 0.442969 0.870313 0.469531 0.832812 0.469531
3 0.001563 0.440625 0.085938 0.440625 0.085938 0.584375 0.001563 0.584375
3 0.028140 0.435378 0.111136 0.450573 0.085248 0.591973 0.002252 0.576777
3 0.055228 0.435003 0.134130 0.464896 0.083201 0.599322 0.004299 0.569428
3 0.081941 0.439512 0.154170 0.483126 0.079864 0.606182 0.007636 0.562568
3 0.107405 0.448758 0.170598 0.504667 0.075347 0.612329 0.012153 0.556421
0 0.025000 0.571094 0.062500 0.571094 0.062500 0.597656 0.025000 0.597656
3 0.096589 0.504667 0.159782 0.448758 0.255034 0.556421 0.191841 0.612329
3 0.113018 0.483126 0.185246 0.439512 0.259552 0.562568 0.187323 0.606182
3 0.133057 0.464896 0.211959 0.435003 0.262889 0.569428 0.183986 0.599322
3 0.156052 0.450573 0.239047 0.435378 0.264935 0.576777 0.181940 0.591973
3 0.181250 0.440625 0.265625 0.440625 0.265625 0.584375 0.181250 0.584375
3 0.207828 0.435378 0.290823 0.450573 0.264935 0.591973 0.181940 0.576777
3 0.234916 0.435003 0.313818 0.464896 0.262889 0.599322 0.183986 0.569428
3 0.261629 0.439512 0.333857 0.483126 0.259552 0.606182 0.187323 0.562568
3 0.287093 0.448758 0.350286 0.504667 0.255034 0.612329 0.191841 0.556421
0 0.204687 0.571094 0.242188 0.571094 0.242188 0.597656 0.204687 0.597656
3 0.276277 0.504667 0.339470 0.448758 0.434722 0.556421 0.371528 0.612329
3 0.292705 0.483126 0.364934 0.439512 0.439239 0.562568 0.367011 0.606182
3 0.312745 0.464896 0.391647 0.435003 0.442576 0.569428 0.363674 0.599322
3 0.335739 0.450573 0.418735 0.435378 0.444623 0.576777 0.361627 0.591973
3 0.360938 0.440625 0.445312 0.440625 0.445312 0.584375 0.360938 0.584375
3 0.387515 0.435378 0.470511 0.450573 0.444623 0.591973 0.361627 0.576777
3 0.414603 0.435003 0.493505 0.464896 0.442576 0.599322 0.363674 0.569428
3 0.441316 0.439512 0.513545 0.483126 0.439239 0.606182 0.367011 0.562568
3 0.466780 0.448758 0.529973 0.504667 0.434722 0.612329 0.371528 0.556421
0 0.384375 0.571094 0.421875 0.571094 0.421875 0.597656 0.384375 0.597656
3 0.455964 0.504667 0.519157 0.448758 0.614409 0.556421 0.551216 0.612329
3 0.472393 0.483126 0.544621 0.439512 0.618927 0.562568 0.546698 0.606182
3 0.492432 0.464896 0.571334 0.435003 0.622264 0.569428 0.543361 0.599322
3 0.515427 0.450573 0.598422 0.435378 0.624310 0.576777 0.541315 0.591973
3 0.540625 0.440625 0.625000 0.440625 0.625000 0.584375 0.540625 0.584375
3 0.567203 0.435378 0.650198 0.450573 0.624310 0.591973 0.541315 0.576777
3 0.594291 0.435003 0.673193 0.464896 0.622264 0.599322 0.543361 0.569428
3 0.621004 0.439512 0.693232 0.483126 0.618927 0.606182 0.546698 0.562568
3 0.646468 0.448758 0.709661 0.504667 0.614409 0.612329 0.551216 0.556421
0 0.564063 0.571094 0.601562 0.571094 0.601562 0.597656 0.564063 0.597656
3 0.635652 0.504667 0.698845 0.448758 0.794097 0.556421 0.730903 0.612329
3 0.652080 0.483126 0.724309 0.439512 0.798614 0.562568 0.726386 0.606182
3 0.672120 0.464896 0.751022 0.435003 0.801951 0.569428 0.723049 0.599322
3 0.695114 0.450573 0.778110 0.435378 0.803998 0.576777 0.721002 0.591973
3 0.720313 0.440625 0.804688 0.440625 0.804688 0.584375 0.720313 0.584375
3 0.746890 0.435378 0.829886 0.450573 0.803998 0.591973 0.721002 0.576777
3 0.773978 0.435003 0.852880 0.464896 0.801951 0.599322 0.723049 0.569428
3 0.800691 0.439512 0.872920 0.483126 0.798614 0.606182 0.726386 0.562568
3 0.826155 0.448758 0.889348 0.504667 0.794097 0.612329 0.730903 0.556421
0 0.743750 0.571094 0.781250 0.571094 0.781250 0.597656 0.743750 0.597656
3 0.815339 0.504667 0.878532 0.448758 0.973784 0.556421 0.910591 0.612329
3 0.831768 0.483126 0.903996 0.439512 0.978302 0.562568 0.906073 0.606182
3 0.851807 0.464896 0.930709 0.435003 0.981639 0.569428 0.902736 0.599322
3 0.874802 0.450573 0.957797 0.435378 0.983685 0.576777 0.900690 0.591973
3 0.900000 0.440625 0.984375 0.440625 0.984375 0.584375 0.900000 0.584375
0 0.923438 0.571094 0.960938 0.571094 0.960938 0.597656 0.923438 0.597656
3 0.005964 0.632792 0.069157 0.576883 0.164409 0.684546 0.101216 0.740454
3 0.022393 0.611251 0.094621 0.567637 0.168927 0.690693 0.096698 0.734307
3 0.042432 0.593021 0.121334 0.563128 0.172264 0.697553 0.093361 0.727447
3 0.065427 0.578698 0.148422 0.563503 0.174310 0.704902 0.091315 0.720098
3 0.090625 0.568750 0.175000 0.568750 0.175000 0.712500 0.090625 0.712500
3 0.117203 0.563503 0.200198 0.578698 0.174310 0.720098 0.091315 0.704902
3 0.144291 0.563128 0.223193 0.593021 0.172264 0.727447 0.093361 0.697553
3 0.171004 0.567637 0.243232 0.611251 0.168927 0.734307 0.096698 0.690693
3 0.196468 0.576883 0.259661 0.632792 0.164409 0.740454 0.101216 0.684546
0 0.114062 0.699219 0.151562 0.699219 0.151562 0.725781 0.114062 0.725781
3 0.185652 0.632792 0.248845 0.576883 0.344097 0.684546 0.280903 0.740454
3 0.202080 0.611251 0.274309 0.567637 0.348614 0.690693 0.276386 0.734307
3 0.222120 0.593021 0.301022 0.563128 0.351951 0.697553 0.273049 0.727447
3 0.245114 0.578698 0.328110 0.563503 0.353998 0.704902 0.271002 0.720098
3 0.270313 0.568750 0.354687 0.568750 0.354687 0.712500 0.270313 0.712500
3 0.296890 0.563503 0.379886 0.578698 0.353998 0.720098 0.271002 0.704902
3 0.323978 0.563128 0.402880 0.593021 0.351951 0.727447 0.273049 0.697553
3 0.350691 0.567637 0.422920 0.611251 0.348614 0.734307 0.276386 0.690693
3 0.376155 0.576883 0.439348 0.632792 0.344097 0.740454 0.280903 0.684546
0 0.293750 0.699219 0.331250 0.699219 0.331250 0.725781 0.293750 0.725781
3 0.365339 0.632792 0.428532 0.576883 0.523784 0.684546 0.460591 0.740454
3 0.381768 0.611251 0.453996 0.567637 0.528302 0.690693 0.456073 0.734307
3 0.401807 0.593021 0.480709 0.563128 0.531639 0.697553 0.452736 0.727447
3 0.424802 0.578698 0.507797 0.563503 0.533685 0.704902 0.450690 0.720098
3 0.450000 0.568750 0.534375 0.568750 0.534375 0.712500 0.450000 0.712500
3 0.476578 0.563503 0.559573 0.578698 0.533685 0.720098 0.450690 0.704902
3 0.503666 0.563128 0.582568 0.593021 0.531639 0.727447 0.452736 0.697553
3 0.530379 0.567637 0.602607 0.611251 0.528302 0.734307 0.456073 0.690693
3 0.555843 0.576883 0.619036 0.632792 0.523784 0.740454 0.460591 0.684546
0 0.473438 0.699219 0.510938 0.699219 0.510938 0.725781 0.473438 0.725781
3 0.545027 0.632792 0.608220 0.576883 0.703472 0.684546 0.640278 0.740454
3 0.561455 0.611251 0.633684 0.567637 0.707989 0.690693 0.635761 0.734307
3 0.581495 0.593021 0.660397 0.563128 0.711326 0.697553 0.632424 0.727447
3 0.604489 0.578698 0.687485 0.563503 0.713373 0.704902 0.630377 0.720098
3 0.629687 0.568750 0.714063 0.568750 0.714063 0.712500 0.629687 0.712500
3 0.656265 0.563503 0.739261 0.578698 0.713373 0.720098 0.630377 0.704902
3 0.683353 0.563128 0.762255 0.593021 0.711326 0.727447 0.632424 0.697553
3 0.710066 0.567637 0.782295 0.611251 0.707989 0.734307 0.635761 0.690693
3 0.735530 0.576883 0.798723 0.632792 0.703472 0.740454 0.640278 0.684546
0 0.653125 0.699219 0.690625 0.699219 0.690625 0.725781 0.653125 0.725781
3 0.724714 0.632792 0.787907 0.576883 0.883159 0.684546 0.819966 0.740454
3 0.741143 0.611251 0.813371 0.567637 0.887677 0.690693 0.815448 0.734307
3 0.761182 0.593021 0.840084 0.563128 0.891014 0.697553 0.812111 0.727447
3 0.784177 0.578698 0.867172 0.563503 0.893060 0.704902 0.810065 0.720098
3 0.809375 0.568750 0.893750 0.568750 0.893750 0.712500 0.809375 0.712500
3 0.835953 0.563503 0.918948 0.578698 0.893060 0.720098 0.810065 0.704902
3 0.863041 0.563128 0.941943 0.593021 0.891014 0.727447 0.812111 0.697553
3 0.889754 0.567637 0.961982 0.611251 0.887677 0.734307 0.815448 0.690693
3 0.915218 0.576883 0.978411 0.632792 0.883159 0.740454 0.819966 0.684546
0 0.832812 0.699219 0.870313 0.699219 0.870313 0.725781 0.832812 0.725781
3 0.001563 0.696875 0.085938 0.696875 0.085938 0.840625 0.001563 0.840625
3 0.028140 0.691628 0.111136 0.706823 0.085248 0.848223 0.002252 0.833027
3 0.055228 0.691253 0.134130 0.721146 0.083201 0.855572 0.004299 0.825678
3 0.081941 0.695762 0.154170 0.739376 0.079864 0.862432 0.007636 0.818818
3 0.107405 0.705008 0.170598 0.760917 0.075347 0.868579 0.012153 0.812671
0 0.025000 0.827344 0.062500 0.827344 0.062500 0.853906 0.025000 0.853906
3 0.096589 0.760917 0.159782 0.705008 0.255034 0.812671 0.191841 0.868579
3 0.113018 0.739376 0.185246 0.695762 0.259552 0.818818 0.187323 0.862432
3 0.133057 0.721146 0.211959 0.691253 0.262889 0.825678 0.183986 0.855572
3 0.156052 0.706823 0.239047 0.691628 0.264935 0.833027 0.181940 0.848223
3 0.181250 0.696875 0.265625 0.696875 0.265625 0.840625 0.181250 0.840625
3 0.207828 0.691628 0.290823 0.706823 0.264935 0.848223 0.181940 0.833027
3 0.234916 0.691253 0.313818 0.721146 0.262889 0.855572 0.183986 0.825678
3 0.261629 0.695762 0.333857 0.739376 0.259552 0.862432 0.187323 0.818818
3 0.287093 0.705008 0.350286 0.760917 0.255034 0.868579 0.191841 0.812671
0 0.204687 0.827344 0.242188 0.827344 0.242188 0.853906 0.204687 0.853906
3 0.276277 0.760917 0.339470 0.705008 0.434722 0.812671 0.371528 0.868579
3 0.292705 0.739376 0.364934 0.695762 0.439239 0.818818 0.367011 0.862432
3 0.312745 0.721146 0.391647 0.691253 0.442576 0.825678 0.363674 0.855572
3 0.335739 0.706823 0.418735 0.691628 0.444623 0.833027 0.361627 0.848223
3 0.360938 0.696875 0.445312 0.696875 0.445312 0.840625 0.360938 0.840625
3 0.387515 0.691628 0.470511 0.706823 0.444623 0.848223 0.361627 0.833027
3 0.414603 0.691253 0.493505 0.721146 0.442576 0.855572 0.363674 0.825678
3 0.441316 0.695762 0.513545 0.739376 0.439239 0.862432 0.367011 0.818818
3 0.466780 0.705008 0.529973 0.760917 0.434722 0.868579 0.371528 0.812671
0 0.384375 0.827344 0.421875 0.827344 0.421875 0.853906 0.384375 0.853906
3 0.455964 0.760917 0.519157 0.705008 0.614409 0.812671 0.551216 0.868579
3 0.472393 0.739376 0.544621 0.695762 0.618927 0.818818 0.546698 0.862432
3 0.492432 0.721146 0.571334 0.691253 0.622264 0.825678 0.543361 0.855572
3 0.515427 0.706823 0.598422 0.691628 0.624310 0.833027 0.541315 0.848223
3 0.540625 0.696875 0.625000 0.696875 0.625000 0.840625 0.540625 0.840625
3 0.567203 0.691628 0.650198 0.706823 0.624310 0.848223 0.541315 0.833027
3 0.594291 0.691253 0.673193 0.721146 0.622264 0.855572 0.543361 0.825678
3 0.621004 0.695762 0.693232 0.739376 0.618927 0.862432 0.546698 0.818818
3 0.646468 0.705008 0.709661 0.760917 0.614409 0.868579 0.551216 0.812671
0 0.564063 0.827344 0.601562 0.827344 0.601562 0.853906 0.564063 0.853906
3 0.635652 0.760917 0.698845 0.705008 0.794097 0.812671 0.730903 0.868579
3 0.652080 0.739376 0.724309 0.695762 0.798614 0.818818 0.726386 0.862432
3 0.672120 0.721146 0.751022 0.691253 0.801951 0.825678 0.723049 0.855572
3 0.695114 0.706823 0.778110 0.691628 0.803998 0.833027 0.721002 0.848223
3 0.720313 0.696875 0.804688 0.696875 0.804688 0.840625 0.720313 0.840625
3 0.746890 0.691628 0.829886 0.706823 0.803998 0.848223 0.721002 0.833027
3 0.773978 0.691253 0.852880 0.721146 0.801951 0.855572 0.723049 0.825678
3 0.800691 0.695762 0.872920 0.739376 0.798614 0.862432 0.726386 0.818818
3 0.826155 0.705008 0.889348 0.760917 0.794097 0.868579 0.730903 0.812671
0 0.743750 0.827344 0.781250 0.827344 0.781250 0.853906 0.743750 0.853906
3 0.815339 0.760917 0.878532 0.705008 0.973784 0.812671 0.910591 0.868579
3 0.831768 0.739376 0.903996 0.695762 0.978302 0.818818 0.906073 0.862432
3 0.851807 0.721146 0.930709 0.691253 0.981639 0.825678 0.902736 0.855572
3 0.874802 0.706823 0.957797 0.691628 0.983685 0.833027 0.900690 0.848223
3 0.900000 0.696875 0.984375 0.696875 0.984375 0.840625 0.900000 0.840625
0 0.923438 0.827344 0.960938 0.827344 0.960938 0.853906 0.923438 0.853906