3 0.030762 0.117436 0.115777 0.056347 0.220632 0.202268 0.135618 0.263357
3 0.089854 0.067780 0.192292 0.046193 0.229344 0.222019 0.126906 0.243606
3 0.163958 0.046193 0.266396 0.067780 0.229344 0.243606 0.126906 0.222019
3 0.240473 0.056347 0.325488 0.117436 0.220632 0.263357 0.135618 0.202268
3 0.306383 0.096513 0.359515 0.186715 0.204691 0.277913 0.151559 0.187712
3 0.290485 0.186715 0.343617 0.096513 0.498441 0.187712 0.445309 0.277913
3 0.324512 0.117436 0.409527 0.056347 0.514382 0.202268 0.429368 0.263357
3 0.383604 0.067780 0.486042 0.046193 0.523094 0.222019 0.420656 0.243606
3 0.457708 0.046193 0.560146 0.067780 0.523094 0.243606 0.420656 0.222019
3 0.534223 0.056347 0.619238 0.117436 0.514382 0.263357 0.429368 0.202268
3 0.600133 0.096513 0.653265 0.186715 0.498441 0.277913 0.445309 0.187712
3 0.584235 0.186715 0.637367 0.096513 0.792191 0.187712 0.739059 0.277913
3 0.618262 0.117436 0.703277 0.056347 0.808132 0.202268 0.723118 0.263357
3 0.677354 0.067780 0.779792 0.046193 0.816844 0.222019 0.714406 0.243606
3 0.751458 0.046193 0.853896 0.067780 0.816844 0.243606 0.714406 0.222019
3 0.827973 0.056347 0.912988 0.117436 0.808132 0.263357 0.723118 0.202268
3 0.893883 0.096513 0.947015 0.186715 0.792191 0.277913 0.739059 0.187712
3 0.159508 0.257451 0.212640 0.347653 0.057816 0.438851 0.004684 0.348649
3 0.143610 0.347653 0.196742 0.257451 0.351566 0.348649 0.298434 0.438851
3 0.177637 0.278373 0.262652 0.217284 0.367507 0.363205 0.282493 0.424295
3 0.236729 0.228718 0.339167 0.207131 0.376219 0.382956 0.273781 0.404544
3 0.310833 0.207131 0.413271 0.228718 0.376219 0.404544 0.273781 0.382956
3 0.387348 0.217284 0.472363 0.278373 0.367507 0.424295 0.282493 0.363205
3 0.453258 0.257451 0.506390 0.347653 0.351566 0.438851 0.298434 0.348649
3 0.437360 0.347653 0.490492 0.257451 0.645316 0.348649 0.592184 0.438851
3 0.471387 0.278373 0.556402 0.217284 0.661257 0.363205 0.576243 0.424295
3 0.530479 0.228718 0.632917 0.207131 0.669969 0.382956 0.567531 0.404544
3 0.604583 0.207131 0.707021 0.228718 0.669969 0.404544 0.567531 0.382956
3 0.681098 0.217284 0.766113 0.278373 0.661257 0.424295 0.576243 0.363205
3 0.747008 0.257451 0.800140 0.347653 0.645316 0.438851 0.592184 0.348649
3 0.731110 0.347653 0.784242 0.257451 0.939066 0.348649 0.885934 0.438851
3 0.765137 0.278373 0.850152 0.217284 0.955007 0.363205 0.869993 0.424295
3 0.824229 0.228718 0.926667 0.207131 0.963719 0.382956 0.861281 0.404544
3 0.030762 0.439311 0.115777 0.378222 0.220632 0.524143 0.135618 0.585232
3 0.089854 0.389655 0.192292 0.368068 0.229344 0.543894 0.126906 0.565481
3 0.163958 0.368068 0.266396 0.389655 0.229344 0.565481 0.126906 0.543894
3 0.240473 0.378222 0.325488 0.439311 0.220632 0.585232 0.135618 0.524143
3 0.306383 0.418388 0.359515 0.508590 0.204691 0.599788 0.151559 0.509587
3 0.290485 0.508590 0.343617 0.418388 0.498441 0.509587 0.445309 0.599788
3 0.324512 0.439311 0.409527 0.378222 0.514382 0.524143 0.429368 0.585232
3 0.383604 0.389655 0.486042 0.368068 0.523094 0.543894 0.420656 0.565481
3 0.457708 0.368068 0.560146 0.389655 0.523094 0.565481 0.420656 0.543894
3 0.534223 0.378222 0.619238 0.439311 0.514382 0.585232 0.429368 0.524143
3 0.600133 0.418388 0.653265 0.508590 0.498441 0.599788 0.445309 0.509587
3 0.584235 0.508590 0.637367 0.418388 0.792191 0.509587 0.739059 0.599788
3 0.618262 0.439311 0.703277 0.378222 0.808132 0.524143 0.723118 0.585232
3 0.677354 0.389655 0.779792 0.368068 0.816844 0.543894 0.714406 0.565481
3 0.751458 0.368068 0.853896 0.389655 0.816844 0.565481 0.714406 0.543894
3 0.827973 0.378222 0.912988 0.439311 0.808132 0.585232 0.723118 0.524143
3 0.893883 0.418388 0.947015 0.508590 0.792191 0.599788 0.739059 0.509587
3 0.159508 0.579326 0.212640 0.669528 0.057816 0.760726 0.004684 0.670524
3 0.143610 0.669528 0.196742 0.579326 0.351566 0.670524 0.298434 0.760726
3 0.177637 0.600248 0.262652 0.539159 0.367507 0.685080 0.282493 0.746170
3 0.236729 0.550593 0.339167 0.529006 0.376219 0.704831 0.273781 0.726419
3 0.310833 0.529006 0.413271 0.550593 0.376219 0.726419 0.273781 0.704831
3 0.387348 0.539159 0.472363 0.600248 0.367507 0.746170 0.282493 0.685080
3 0.453258 0.579326 0.506390 0.669528 0.351566 0.760726 0.298434 0.670524
3 0.437360 0.669528 0.490492 0.579326 0.645316 0.670524 0.592184 0.760726
3 0.471387 0.600248 0.556402 0.539159 0.661257 0.685080 0.576243 0.746170
3 0.530479 0.550593 0.632917 0.529006 0.669969 0.704831 0.567531 0.726419
3 0.604583 0.529006 0.707021 0.550593 0.669969 0.726419 0.567531 0.704831
3 0.681098 0.539159 0.766113 0.600248 0.661257 0.746170 0.576243 0.685080
3 0.747008 0.579326 0.800140 0.669528 0.645316 0.760726 0.592184 0.670524
3 0.731110 0.669528 0.784242 0.579326 0.939066 0.670524 0.885934 0.760726
3 0.765137 0.600248 0.850152 0.539159 0.955007 0.685080 0.869993 0.746170
3 0.824229 0.550593 0.926667 0.529006 0.963719 0.704831 0.861281 0.726419
3 0.030762 0.761186 0.115777 0.700097 0.220632 0.846018 0.135618 0.907107
3 0.089854 0.711530 0.192292 0.689943 0.229344 0.865769 0.126906 0.887356
3 0.163958 0.689943 0.266396 0.711530 0.229344 0.887356 0.126906 0.865769
3 0.240473 0.700097 0.325488 0.761186 0.220632 0.907107 0.135618 0.846018
3 0.306383 0.740263 0.359515 0.830465 0.204691 0.921663 0.151559 0.831462
3 0.290485 0.830465 0.343617 0.740263 0.498441 0.831462 0.445309 0.921663
3 0.324512 0.761186 0.409527 0.700097 0.514382 0.846018 0.429368 0.907107
3 0.383604 0.711530 0.486042 0.689943 0.523094 0.865769 0.420656 0.887356
3 0.457708 0.689943 0.560146 0.711530 0.523094 0.887356 0.420656 0.865769
3 0.534223 0.700097 0.619238 0.761186 0.514382 0.907107 0.429368 0.846018
3 0.600133 0.740263 0.653265 0.830465 0.498441 0.921663 0.445309 0.831462
3 0.584235 0.830465 0.637367 0.740263 0.792191 0.831462 0.739059 0.921663
3 0.618262 0.761186 0.703277 0.700097 0.808132 0.846018 0.723118 0.907107
3 0.677354 0.711530 0.779792 0.689943 0.816844 0.865769 0.714406 0.887356
3 0.751458 0.689943 0.853896 0.711530 0.816844 0.887356 0.714406 0.865769
3 0.827973 0.700097 0.912988 0.761186 0.808132 0.907107 0.723118 0.846018
3 0.893883 0.740263 0.947015 0.830465 0.792191 0.921663 0.739059 0.831462