0 0.014844 0.044531 0.110156 0.044531 0.110156 0.096094 0.014844 0.096094
0 0.217969 0.044531 0.313281 0.044531 0.313281 0.096094 0.217969 0.096094
0 0.421094 0.044531 0.516406 0.044531 0.516406 0.096094 0.421094 0.096094
0 0.624219 0.044531 0.719531 0.044531 0.719531 0.096094 0.624219 0.096094
0 0.827344 0.044531 0.922656 0.044531 0.922656 0.096094 0.827344 0.096094
3 0.020694 0.125498 0.092079 0.062342 0.199755 0.184047 0.128370 0.247203
3 0.046402 0.093833 0.130817 0.049577 0.206270 0.193497 0.121855 0.237753
3 0.078935 0.069233 0.171483 0.046444 0.210336 0.204230 0.117789 0.227020
3 0.116406 0.053125 0.211719 0.053125 0.211719 0.215625 0.116406 0.215625
3 0.156642 0.046444 0.249190 0.069233 0.210336 0.227020 0.117789 0.204230
3 0.197308 0.049577 0.281723 0.093833 0.206270 0.237753 0.121855 0.193497
3 0.236046 0.062342 0.307431 0.125498 0.199755 0.247203 0.128370 0.184047
0 0.116406 0.189844 0.211719 0.189844 0.211719 0.241406 0.116406 0.241406
3 0.223819 0.125498 0.295204 0.062342 0.402880 0.184047 0.331495 0.247203
3 0.249527 0.093833 0.333942 0.049577 0.409395 0.193497 0.324980 0.237753
3 0.282060 0.069233 0.374608 0.046444 0.413461 0.204230 0.320914 0.227020
3 0.319531 0.053125 0.414844 0.053125 0.414844 0.215625 0.319531 0.215625
3 0.359767 0.046444 0.452315 0.069233 0.413461 0.227020 0.320914 0.204230
3 0.400433 0.049577 0.484848 0.093833 0.409395 0.237753 0.324980 0.193497
3 0.439171 0.062342 0.510556 0.125498 0.402880 0.247203 0.331495 0.184047
0 0.319531 0.189844 0.414844 0.189844 0.414844 0.241406 0.319531 0.241406
3 0.426944 0.125498 0.498329 0.062342 0.606005 0.184047 0.534620 0.247203
3 0.452652 0.093833 0.537067 0.049577 0.612520 0.193497 0.528105 0.237753
3 0.485185 0.069233 0.577733 0.046444 0.616586 0.204230 0.524039 0.227020
3 0.522656 0.053125 0.617969 0.053125 0.617969 0.215625 0.522656 0.215625
3 0.562892 0.046444 0.655440 0.069233 0.616586 0.227020 0.524039 0.204230
3 0.603558 0.049577 0.687973 0.093833 0.612520 0.237753 0.528105 0.193497
3 0.642296 0.062342 0.713681 0.125498 0.606005 0.247203 0.534620 0.184047
0 0.522656 0.189844 0.617969 0.189844 0.617969 0.241406 0.522656 0.241406
3 0.630069 0.125498 0.701454 0.062342 0.809130 0.184047 0.737745 0.247203
3 0.655777 0.093833 0.740192 0.049577 0.815645 0.193497 0.731230 0.237753
3 0.688310 0.069233 0.780858 0.046444 0.819711 0.204230 0.727164 0.227020
3 0.725781 0.053125 0.821094 0.053125 0.821094 0.215625 0.725781 0.215625
3 0.766017 0.046444 0.858565 0.069233 0.819711 0.227020 0.727164 0.204230
3 0.806683 0.049577 0.891098 0.093833 0.815645 0.237753 0.731230 0.193497
3 0.845421 0.062342 0.916806 0.125498 0.809130 0.247203 0.737745 0.184047
0 0.725781 0.189844 0.821094 0.189844 0.821094 0.241406 0.725781 0.241406
3 0.014844 0.198437 0.110156 0.198437 0.110156 0.360938 0.014844 0.360938
3 0.055079 0.191756 0.147627 0.214545 0.108774 0.372332 0.016226 0.349543
3 0.095746 0.194889 0.180161 0.239145 0.104707 0.383066 0.020293 0.338809
3 0.134483 0.207654 0.205868 0.270810 0.098192 0.392515 0.026808 0.329360
0 0.014844 0.335156 0.110156 0.335156 0.110156 0.386719 0.014844 0.386719
3 0.122257 0.270810 0.193642 0.207654 0.301317 0.329360 0.229933 0.392515
3 0.147964 0.239145 0.232379 0.194889 0.307832 0.338809 0.223418 0.383066
3 0.180498 0.214545 0.273046 0.191756 0.311899 0.349543 0.219351 0.372332
3 0.217969 0.198437 0.313281 0.198437 0.313281 0.360938 0.217969 0.360938
3 0.258204 0.191756 0.350752 0.214545 0.311899 0.372332 0.219351 0.349543
3 0.298871 0.194889 0.383286 0.239145 0.307832 0.383066 0.223418 0.338809
3 0.337608 0.207654 0.408993 0.270810 0.301317 0.392515 0.229933 0.329360
0 0.217969 0.335156 0.313281 0.335156 0.313281 0.386719 0.217969 0.386719
3 0.325382 0.270810 0.396767 0.207654 0.504442 0.329360 0.433058 0.392515
3 0.351089 0.239145 0.435504 0.194889 0.510957 0.338809 0.426543 0.383066
3 0.383623 0.214545 0.476171 0.191756 0.515024 0.349543 0.422476 0.372332
3 0.421094 0.198437 0.516406 0.198437 0.516406 0.360938 0.421094 0.360938
3 0.461329 0.191756 0.553877 0.214545 0.515024 0.372332 0.422476 0.349543
3 0.501996 0.194889 0.586411 0.239145 0.510957 0.383066 0.426543 0.338809
3 0.540733 0.207654 0.612118 0.270810 0.504442 0.392515 0.433058 0.329360
0 0.421094 0.335156 0.516406 0.335156 0.516406 0.386719 0.421094 0.386719
3 0.528507 0.270810 0.599892 0.207654 0.707567 0.329360 0.636183 0.392515
3 0.554214 0.239145 0.638629 0.194889 0.714082 0.338809 0.629668 0.383066
3 0.586748 0.214545 0.679296 0.191756 0.718149 0.349543 0.625601 0.372332
3 0.624219 0.198437 0.719531 0.198437 0.719531 0.360938 0.624219 0.360938
3 0.664454 0.191756 0.757002 0.214545 0.718149 0.372332 0.625601 0.349543
3 0.705121 0.194889 0.789536 0.239145 0.714082 0.383066 0.629668 0.338809
3 0.743858 0.207654 0.815243 0.270810 0.707567 0.392515 0.636183 0.329360
0 0.624219 0.335156 0.719531 0.335156 0.719531 0.386719 0.624219 0.386719
3 0.731632 0.270810 0.803017 0.207654 0.910692 0.329360 0.839308 0.392515
3 0.757339 0.239145 0.841754 0.194889 0.917207 0.338809 0.832793 0.383066
3 0.789873 0.214545 0.882421 0.191756 0.921274 0.349543 0.828726 0.372332
3 0.827344 0.198437 0.922656 0.198437 0.922656 0.360938 0.827344 0.360938
3 0.867579 0.191756 0.960127 0.214545 0.921274 0.372332 0.828726 0.349543
3 0.908246 0.194889 0.992661 0.239145 0.917207 0.383066 0.832793 0.338809
0 0.827344 0.335156 0.922656 0.335156 0.922656 0.386719 0.827344 0.386719
3 0.020694 0.416123 0.092079 0.352967 0.199755 0.474672 0.128370 0.537828
3 0.046402 0.384458 0.130817 0.340202 0.206270 0.484122 0.121855 0.528378
3 0.078935 0.359858 0.171483 0.337069 0.210336 0.494855 0.117789 0.517645
3 0.116406 0.343750 0.211719 0.343750 0.211719 0.506250 0.116406 0.506250
3 0.156642 0.337069 0.249190 0.359858 0.210336 0.517645 0.117789 0.494855
3 0.197308 0.340202 0.281723 0.384458 0.206270 0.528378 0.121855 0.484122
3 0.236046 0.352967 0.307431 0.416123 0.199755 0.537828 0.128370 0.474672
0 0.116406 0.480469 0.211719 0.480469 0.211719 0.532031 0.116406 0.532031
3 0.223819 0.416123 0.295204 0.352967 0.402880 0.474672 0.331495 0.537828
3 0.249527 0.384458 0.333942 0.340202 0.409395 0.484122 0.324980 0.528378
3 0.282060 0.359858 0.374608 0.337069 0.413461 0.494855 0.320914 0.517645
3 0.319531 0.343750 0.414844 0.343750 0.414844 0.506250 0.319531 0.506250
3 0.359767 0.337069 0.452315 0.359858 0.413461 0.517645 0.320914 0.494855
3 0.400433 0.340202 0.484848 0.384458 0.409395 0.528378 0.324980 0.484122
3 0.439171 0.352967 0.510556 0.416123 0.402880 0.537828 0.331495 0.474672
0 0.319531 0.480469 0.414844 0.480469 0.414844 0.532031 0.319531 0.532031
3 0.426944 0.416123 0.498329 0.352967 0.606005 0.474672 0.534620 0.537828
3 0.452652 0.384458 0.537067 0.340202 0.612520 0.484122 0.528105 0.528378
3 0.485185 0.359858 0.577733 0.337069 0.616586 0.494855 0.524039 0.517645
3 0.522656 0.343750 0.617969 0.343750 0.617969 0.506250 0.522656 0.506250
3 0.562892 0.337069 0.655440 0.359858 0.616586 0.517645 0.524039 0.494855
3 0.603558 0.340202 0.687973 0.384458 0.612520 0.528378 0.528105 0.484122
3 0.642296 0.352967 0.713681 0.416123 0.606005 0.537828 0.534620 0.474672
0 0.522656 0.480469 0.617969 0.480469 0.617969 0.532031 0.522656 0.532031
3 0.630069 0.416123 0.701454 0.352967 0.809130 0.474672 0.737745 0.537828
3 0.655777 0.384458 0.740192 0.340202 0.815645 0.484122 0.731230 0.528378
3 0.688310 0.359858 0.780858 0.337069 0.819711 0.494855 0.727164 0.517645
3 0.725781 0.343750 0.821094 0.343750 0.821094 0.506250 0.725781 0.506250
3 0.766017 0.337069 0.858565 0.359858 0.819711 0.517645 0.727164 0.494855
3 0.806683 0.340202 0.891098 0.384458 0.815645 0.528378 0.731230 0.484122
3 0.845421 0.352967 0.916806 0.416123 0.809130 0.537828 0.737745 0.474672
0 0.725781 0.480469 0.821094 0.480469 0.821094 0.532031 0.725781 0.532031
3 0.014844 0.489063 0.110156 0.489063 0.110156 0.651563 0.014844 0.651563
3 0.055079 0.482381 0.147627 0.505170 0.108774 0.662957 0.016226 0.640168
3 0.095746 0.485514 0.180161 0.529770 0.104707 0.673691 0.020293 0.629434
3 0.134483 0.498279 0.205868 0.561435 0.098192 0.683140 0.026808 0.619985
0 0.014844 0.625781 0.110156 0.625781 0.110156 0.677344 0.014844 0.677344
3 0.122257 0.561435 0.193642 0.498279 0.301317 0.619985 0.229933 0.683140
3 0.147964 0.529770 0.232379 0.485514 0.307832 0.629434 0.223418 0.673691
3 0.180498 0.505170 0.273046 0.482381 0.311899 0.640168 0.219351 0.662957
3 0.217969 0.489063 0.313281 0.489063 0.313281 0.651563 0.217969 0.651563
3 0.258204 0.482381 0.350752 0.505170 0.311899 0.662957 0.219351 0.640168
3 0.298871 0.485514 0.383286 0.529770 0.307832 0.673691 0.223418 0.629434
3 0.337608 0.498279 0.408993 0.561435 0.301317 0.683140 0.229933 0.619985
0 0.217969 0.625781 0.313281 0.625781 0.313281 0.677344 0.217969 0.677344
3 0.325382 0.561435 0.396767 0.498279 0.504442 0.619985 0.433058 0.683140
3 0.351089 0.529770 0.435504 0.485514 0.510957 0.629434 0.426543 0.673691
3 0.383623 0.505170 0.476171 0.482381 0.515024 0.640168 0.422476 0.662957
3 0.421094 0.489063 0.516406 0.489063 0.516406 0.651563 0.421094 0.651563
3 0.461329 0.482381 0.553877 0.505170 0.515024 0.662957 0.422476 0.640168
3 0.501996 0.485514 0.586411 0.529770 0.510957 0.673691 0.426543 0.629434
3 0.540733 0.498279 0.612118 0.561435 0.504442 0.683140 0.433058 0.619985
0 0.421094 0.625781 0.516406 0.625781 0.516406 0.677344 0.421094 0.677344
3 0.528507 0.561435 0.599892 0.498279 0.707567 0.619985 0.636183 0.683140
3 0.554214 0.529770 0.638629 0.485514 0.714082 0.629434 0.629668 0.673691
3 0.586748 0.505170 0.679296 0.482381 0.718149 0.640168 0.625601 0.662957
3 0.624219 0.489063 0.719531 0.489063 0.719531 0.651563 0.624219 0.651563
3 0.664454 0.482381 0.757002 0.505170 0.718149 0.662957 0.625601 0.640168
3 0.705121 0.485514 0.789536 0.529770 0.714082 0.673691 0.629668 0.629434
3 0.743858 0.498279 0.815243 0.561435 0.707567 0.683140 0.636183 0.619985
0 0.624219 0.625781 0.719531 0.625781 0.719531 0.677344 0.624219 0.677344
3 0.731632 0.561435 0.803017 0.498279 0.910692 0.619985 0.839308 0.683140
3 0.757339 0.529770 0.841754 0.485514 0.917207 0.629434 0.832793 0.673691
3 0.789873 0.505170 0.882421 0.482381 0.921274 0.640168 0.828726 0.662957
3 0.827344 0.489063 0.922656 0.489063 0.922656 0.651563 0.827344 0.651563
3 0.867579 0.482381 0.960127 0.505170 0.921274 0.662957 0.828726 0.640168
3 0.908246 0.485514 0.992661 0.529770 0.917207 0.673691 0.832793 0.629434
0 0.827344 0.625781 0.922656 0.625781 0.922656 0.677344 0.827344 0.677344
3 0.020694 0.706748 0.092079 0.643592 0.199755 0.765297 0.128370 0.828453
3 0.046402 0.675083 0.130817 0.630827 0.206270 0.774747 0.121855 0.819003
3 0.078935 0.650483 0.171483 0.627694 0.210336 0.785480 0.117789 0.808270
3 0.116406 0.634375 0.211719 0.634375 0.211719 0.796875 0.116406 0.796875
3 0.156642 0.627694 0.249190 0.650483 0.210336 0.808270 0.117789 0.785480
3 0.197308 0.630827 0.281723 0.675083 0.206270 0.819003 0.121855 0.774747
3 0.236046 0.643592 0.307431 0.706748 0.199755 0.828453 0.128370 0.765297
0 0.116406 0.771094 0.211719 0.771094 0.211719 0.822656 0.116406 0.822656
3 0.223819 0.706748 0.295204 0.643592 0.402880 0.765297 0.331495 0.828453
3 0.249527 0.675083 0.333942 0.630827 0.409395 0.774747 0.324980 0.819003
3 0.282060 0.650483 0.374608 0.627694 0.413461 0.785480 0.320914 0.808270
3 0.319531 0.634375 0.414844 0.634375 0.414844 0.796875 0.319531 0.796875
3 0.359767 0.627694 0.452315 0.650483 0.413461 0.808270 0.320914 0.785480
3 0.400433 0.630827 0.484848 0.675083 0.409395 0.819003 0.324980 0.774747
3 0.439171 0.643592 0.510556 0.706748 0.402880 0.828453 0.331495 0.765297
0 0.319531 0.771094 0.414844 0.771094 0.414844 0.822656 0.319531 0.822656
3 0.426944 0.706748 0.498329 0.643592 0.606005 0.765297 0.534620 0.828453
3 0.452652 0.675083 0.537067 0.630827 0.612520 0.774747 0.528105 0.819003
3 0.485185 0.650483 0.577733 0.627694 0.616586 0.785480 0.524039 0.808270
3 0.522656 0.634375 0.617969 0.634375 0.617969 0.796875 0.522656 0.796875
3 0.562892 0.627694 0.655440 0.650483 0.616586 0.808270 0.524039 0.785480
3 0.603558 0.630827 0.687973 0.675083 0.612520 0.819003 0.528105 0.774747
3 0.642296 0.643592 0.713681 0.706748 0.606005 0.828453 0.534620 0.765297
0 0.522656 0.771094 0.617969 0.771094 0.617969 0.822656 0.522656 0.822656
3 0.630069 0.706748 0.701454 0.643592 0.809130 0.765297 0.737745 0.828453
3 0.655777 0.675083 0.740192 0.630827 0.815645 0.774747 0.731230 0.819003
3 0.688310 0.650483 0.780858 0.627694 0.819711 0.785480 0.727164 0.808270
3 0.725781 0.634375 0.821094 0.634375 0.821094 0.796875 0.725781 0.796875
3 0.766017 0.627694 0.858565 0.650483 0.819711 0.808270 0.727164 0.785480
3 0.806683 0.630827 0.891098 0.675083 0.815645 0.819003 0.731230 0.774747
3 0.845421 0.643592 0.916806 0.706748 0.809130 0.828453 0.737745 0.765297
0 0.725781 0.771094 0.821094 0.771094 0.821094 0.822656 0.725781 0.822656