1 0.042188 0.031250 0.073438 0.031250 0.073438 0.065625 0.042188 0.065625
1 0.062500 0.039062 0.093750 0.039062 0.093750 0.073438 0.062500 0.073438
1 0.092188 0.032813 0.123438 0.032813 0.123438 0.067187 0.092188 0.067187
1 0.121875 0.039062 0.153125 0.039062 0.153125 0.073438 0.121875 0.073438
1 0.146875 0.034375 0.178125 0.034375 0.178125 0.068750 0.146875 0.068750
1 0.173437 0.032813 0.204687 0.032813 0.204687 0.067187 0.173437 0.067187
1 0.201563 0.039062 0.232813 0.039062 0.232813 0.073438 0.201563 0.073438
1 0.228125 0.032813 0.259375 0.032813 0.259375 0.067187 0.228125 0.067187
1 0.254688 0.037500 0.285938 0.037500 0.285938 0.071875 0.254688 0.071875
1 0.278125 0.034375 0.309375 0.034375 0.309375 0.068750 0.278125 0.068750
1 0.307812 0.034375 0.339062 0.034375 0.339062 0.068750 0.307812 0.068750
1 0.331250 0.031250 0.362500 0.031250 0.362500 0.065625 0.331250 0.065625
1 0.357812 0.034375 0.389062 0.034375 0.389062 0.068750 0.357812 0.068750
1 0.381250 0.029687 0.412500 0.029687 0.412500 0.064062 0.381250 0.064062
1 0.409375 0.029687 0.440625 0.029687 0.440625 0.064062 0.409375 0.064062
1 0.437500 0.032813 0.468750 0.032813 0.468750 0.067187 0.437500 0.067187
1 0.464062 0.032813 0.495312 0.032813 0.495312 0.067187 0.464062 0.067187
1 0.487500 0.037500 0.518750 0.037500 0.518750 0.071875 0.487500 0.071875
1 0.520312 0.031250 0.551562 0.031250 0.551562 0.065625 0.520312 0.065625
1 0.542188 0.032813 0.573438 0.032813 0.573438 0.067187 0.542188 0.067187
1 0.573438 0.031250 0.604688 0.031250 0.604688 0.065625 0.573438 0.065625
1 0.596875 0.035937 0.628125 0.035937 0.628125 0.070312 0.596875 0.070312
1 0.620313 0.031250 0.651563 0.031250 0.651563 0.065625 0.620313 0.065625
1 0.651563 0.032813 0.682813 0.032813 0.682813 0.067187 0.651563 0.067187
1 0.676562 0.035937 0.707812 0.035937 0.707812 0.070312 0.676562 0.070312
0 0.005469 0.051562 0.110156 0.051562 0.110156 0.107813 0.005469 0.107813
0 0.089844 0.054688 0.194531 0.054688 0.194531 0.110937 0.089844 0.110937
0 0.185156 0.056250 0.289844 0.056250 0.289844 0.112500 0.185156 0.112500
0 0.272656 0.048438 0.377344 0.048438 0.377344 0.104688 0.272656 0.104688
0 0.363281 0.054688 0.467969 0.054688 0.467969 0.110937 0.363281 0.110937
0 0.455469 0.053125 0.560156 0.053125 0.560156 0.109375 0.455469 0.109375
0 0.546094 0.056250 0.650781 0.056250 0.650781 0.112500 0.546094 0.112500
0 0.633594 0.057813 0.738281 0.057813 0.738281 0.114062 0.633594 0.114062
0 0.730469 0.050000 0.835156 0.050000 0.835156 0.106250 0.730469 0.106250
0 0.814844 0.051562 0.919531 0.051562 0.919531 0.107813 0.814844 0.107813
4 0.013281 0.003125 0.102344 0.003125 0.102344 0.262500 0.013281 0.262500
4 0.092969 0.000000 0.182031 0.000000 0.182031 0.259375 0.092969 0.259375
4 0.171094 0.003125 0.260156 0.003125 0.260156 0.262500 0.171094 0.262500
4 0.257031 0.003125 0.346094 0.003125 0.346094 0.262500 0.257031 0.262500
4 0.419531 0.003125 0.508594 0.003125 0.508594 0.262500 0.419531 0.262500
4 0.500781 0.007812 0.589844 0.007812 0.589844 0.267188 0.500781 0.267188
4 0.575781 0.000000 0.664844 0.000000 0.664844 0.259375 0.575781 0.259375
4 0.657031 0.007812 0.746094 0.007812 0.746094 0.267188 0.657031 0.267188
4 0.738281 0.007812 0.827344 0.007812 0.827344 0.267188 0.738281 0.267188
4 0.825781 0.003125 0.914844 0.003125 0.914844 0.262500 0.825781 0.262500
1 0.028906 0.362500 0.080469 0.362500 0.080469 0.428125 0.028906 0.428125
1 0.067969 0.359375 0.119531 0.359375 0.119531 0.425000 0.067969 0.425000
1 0.113281 0.362500 0.164844 0.362500 0.164844 0.428125 0.113281 0.428125
1 0.153906 0.357812 0.205469 0.357812 0.205469 0.423438 0.153906 0.423438
1 0.196094 0.356250 0.247656 0.356250 0.247656 0.421875 0.196094 0.421875
1 0.241406 0.356250 0.292969 0.356250 0.292969 0.421875 0.241406 0.421875
1 0.283594 0.360938 0.335156 0.360938 0.335156 0.426563 0.283594 0.426563
1 0.324219 0.354687 0.375781 0.354687 0.375781 0.420312 0.324219 0.420312
1 0.366406 0.359375 0.417969 0.359375 0.417969 0.425000 0.366406 0.425000
1 0.407031 0.359375 0.458594 0.359375 0.458594 0.425000 0.407031 0.425000
1 0.450781 0.362500 0.502344 0.362500 0.502344 0.428125 0.450781 0.428125
1 0.491406 0.359375 0.542969 0.359375 0.542969 0.425000 0.491406 0.425000
1 0.538281 0.362500 0.589844 0.362500 0.589844 0.428125 0.538281 0.428125
1 0.578906 0.359375 0.630469 0.359375 0.630469 0.425000 0.578906 0.425000
1 0.617969 0.357812 0.669531 0.357812 0.669531 0.423438 0.617969 0.423438
1 0.664844 0.353125 0.716406 0.353125 0.716406 0.418750 0.664844 0.418750
1 0.702344 0.356250 0.753906 0.356250 0.753906 0.421875 0.702344 0.421875
1 0.746094 0.354687 0.797656 0.354687 0.797656 0.420312 0.746094 0.420312
1 0.788281 0.360938 0.839844 0.360938 0.839844 0.426563 0.788281 0.426563
1 0.833594 0.362500 0.885156 0.362500 0.885156 0.428125 0.833594 0.428125
1 0.874219 0.357812 0.925781 0.357812 0.925781 0.423438 0.874219 0.423438
1 0.911719 0.356250 0.963281 0.356250 0.963281 0.421875 0.911719 0.421875
0 0.100000 0.428906 0.237500 0.428906 0.237500 0.483594 0.100000 0.483594
0 0.217188 0.422656 0.354687 0.422656 0.354687 0.477344 0.217188 0.477344
0 0.334375 0.422656 0.471875 0.422656 0.471875 0.477344 0.334375 0.477344
0 0.450000 0.432031 0.587500 0.432031 0.587500 0.486719 0.450000 0.486719
0 0.565625 0.425781 0.703125 0.425781 0.703125 0.480469 0.565625 0.480469
0 0.682813 0.425781 0.820312 0.425781 0.820312 0.480469 0.682813 0.480469
0 0.798438 0.425781 0.935937 0.425781 0.935937 0.480469 0.798438 0.480469
4 0.009375 0.379688 0.103125 0.379688 0.103125 0.642188 0.009375 0.642188
4 0.082812 0.375000 0.176563 0.375000 0.176563 0.637500 0.082812 0.637500
4 0.157812 0.379688 0.251563 0.379688 0.251563 0.642188 0.157812 0.642188
4 0.237500 0.376563 0.331250 0.376563 0.331250 0.639062 0.237500 0.639062
4 0.315625 0.381250 0.409375 0.381250 0.409375 0.643750 0.315625 0.643750
4 0.393750 0.378125 0.487500 0.378125 0.487500 0.640625 0.393750 0.640625
4 0.468750 0.376563 0.562500 0.376563 0.562500 0.639062 0.468750 0.639062
4 0.542188 0.376563 0.635938 0.376563 0.635938 0.639062 0.542188 0.639062
4 0.621875 0.381250 0.715625 0.381250 0.715625 0.643750 0.621875 0.643750
4 0.696875 0.375000 0.790625 0.375000 0.790625 0.637500 0.696875 0.637500
4 0.773438 0.382812 0.867188 0.382812 0.867188 0.645312 0.773438 0.645312
4 0.848437 0.381250 0.942187 0.381250 0.942187 0.643750 0.848437 0.643750
1 0.039844 0.706250 0.075781 0.706250 0.075781 0.775000 0.039844 0.775000
1 0.067969 0.709375 0.103906 0.709375 0.103906 0.778125 0.067969 0.778125
1 0.102344 0.707812 0.138281 0.707812 0.138281 0.776563 0.102344 0.776563
1 0.132031 0.704688 0.167969 0.704688 0.167969 0.773438 0.132031 0.773438
1 0.164844 0.710938 0.200781 0.710938 0.200781 0.779687 0.164844 0.779687
1 0.203906 0.706250 0.239844 0.706250 0.239844 0.775000 0.203906 0.775000
1 0.235156 0.701562 0.271094 0.701562 0.271094 0.770312 0.235156 0.770312
1 0.267969 0.706250 0.303906 0.706250 0.303906 0.775000 0.267969 0.775000
1 0.297656 0.701562 0.333594 0.701562 0.333594 0.770312 0.297656 0.770312
1 0.335156 0.706250 0.371094 0.706250 0.371094 0.775000 0.335156 0.775000
1 0.361719 0.709375 0.397656 0.709375 0.397656 0.778125 0.361719 0.778125
1 0.394531 0.710938 0.430469 0.710938 0.430469 0.779687 0.394531 0.779687
1 0.428906 0.706250 0.464844 0.706250 0.464844 0.775000 0.428906 0.775000
1 0.464844 0.707812 0.500781 0.707812 0.500781 0.776563 0.464844 0.776563
1 0.497656 0.706250 0.533594 0.706250 0.533594 0.775000 0.497656 0.775000
1 0.527344 0.709375 0.563281 0.709375 0.563281 0.778125 0.527344 0.778125
1 0.561719 0.703125 0.597656 0.703125 0.597656 0.771875 0.561719 0.771875
1 0.594531 0.707812 0.630469 0.707812 0.630469 0.776563 0.594531 0.776563
1 0.627344 0.703125 0.663281 0.703125 0.663281 0.771875 0.627344 0.771875
1 0.660156 0.707812 0.696094 0.707812 0.696094 0.776563 0.660156 0.776563
1 0.691406 0.703125 0.727344 0.703125 0.727344 0.771875 0.691406 0.771875
1 0.727344 0.710938 0.763281 0.710938 0.763281 0.779687 0.727344 0.779687
1 0.755469 0.703125 0.791406 0.703125 0.791406 0.771875 0.755469 0.771875
1 0.789844 0.710938 0.825781 0.710938 0.825781 0.779687 0.789844 0.779687
1 0.825781 0.704688 0.861719 0.704688 0.861719 0.773438 0.825781 0.773438
0 0.100000 0.791406 0.221875 0.791406 0.221875 0.839844 0.100000 0.839844
0 0.206250 0.783594 0.328125 0.783594 0.328125 0.832031 0.206250 0.832031
0 0.310937 0.786719 0.432812 0.786719 0.432812 0.835156 0.310937 0.835156
0 0.417187 0.782031 0.539062 0.782031 0.539062 0.830469 0.417187 0.830469
0 0.523438 0.791406 0.645312 0.791406 0.645312 0.839844 0.523438 0.839844
0 0.632812 0.789844 0.754687 0.789844 0.754687 0.838281 0.632812 0.838281
0 0.740625 0.789844 0.862500 0.789844 0.862500 0.838281 0.740625 0.838281
4 0.021875 0.769531 0.084375 0.769531 0.084375 0.952344 0.021875 0.952344
4 0.081250 0.772656 0.143750 0.772656 0.143750 0.955469 0.081250 0.955469
4 0.135937 0.766406 0.198437 0.766406 0.198437 0.949219 0.135937 0.949219
4 0.196875 0.772656 0.259375 0.772656 0.259375 0.955469 0.196875 0.955469
4 0.253125 0.766406 0.315625 0.766406 0.315625 0.949219 0.253125 0.949219
4 0.310937 0.769531 0.373437 0.769531 0.373437 0.952344 0.310937 0.952344
4 0.368750 0.763281 0.431250 0.763281 0.431250 0.946094 0.368750 0.946094
4 0.428125 0.763281 0.490625 0.763281 0.490625 0.946094 0.428125 0.946094
4 0.482812 0.772656 0.545312 0.772656 0.545312 0.955469 0.482812 0.955469
4 0.546875 0.772656 0.609375 0.772656 0.609375 0.955469 0.546875 0.955469
4 0.598437 0.764844 0.660937 0.764844 0.660937 0.947656 0.598437 0.947656
4 0.656250 0.763281 0.718750 0.763281 0.718750 0.946094 0.656250 0.946094
4 0.714063 0.771094 0.776563 0.771094 0.776563 0.953906 0.714063 0.953906
4 0.773438 0.763281 0.835938 0.763281 0.835938 0.946094 0.773438 0.946094
4 0.831250 0.769531 0.893750 0.769531 0.893750 0.952344 0.831250 0.952344
4 0.887500 0.763281 0.950000 0.763281 0.950000 0.946094 0.887500 0.946094