0 0.017188 0.432031 0.076563 0.432031 0.076563 0.474219 0.017188 0.474219
0 0.071875 0.433594 0.131250 0.433594 0.131250 0.475781 0.071875 0.475781
0 0.118750 0.435156 0.178125 0.435156 0.178125 0.477344 0.118750 0.477344
0 0.170313 0.430469 0.229687 0.430469 0.229687 0.472656 0.170313 0.472656
0 0.223438 0.432031 0.282813 0.432031 0.282813 0.474219 0.223438 0.474219
0 0.279687 0.425781 0.339062 0.425781 0.339062 0.467969 0.279687 0.467969
0 0.328125 0.428906 0.387500 0.428906 0.387500 0.471094 0.328125 0.471094
0 0.376563 0.427344 0.435937 0.427344 0.435937 0.469531 0.376563 0.469531
0 0.432812 0.427344 0.492188 0.427344 0.492188 0.469531 0.432812 0.469531
0 0.481250 0.433594 0.540625 0.433594 0.540625 0.475781 0.481250 0.475781
0 0.537500 0.428906 0.596875 0.428906 0.596875 0.471094 0.537500 0.471094
0 0.589063 0.433594 0.648438 0.433594 0.648438 0.475781 0.589063 0.475781
0 0.635938 0.427344 0.695312 0.427344 0.695312 0.469531 0.635938 0.469531
0 0.690625 0.427344 0.750000 0.427344 0.750000 0.469531 0.690625 0.469531
0 0.742188 0.435156 0.801562 0.435156 0.801562 0.477344 0.742188 0.477344
0 0.793750 0.427344 0.853125 0.427344 0.853125 0.469531 0.793750 0.469531
0 0.845313 0.435156 0.904687 0.435156 0.904687 0.477344 0.845313 0.477344
0 0.893750 0.430469 0.953125 0.430469 0.953125 0.472656 0.893750 0.472656
4 0.041406 0.488281 0.049219 0.488281 0.049219 0.511719 0.041406 0.511719
4 0.060156 0.486719 0.067969 0.486719 0.067969 0.510156 0.060156 0.510156
4 0.066406 0.488281 0.074219 0.488281 0.074219 0.511719 0.066406 0.511719
4 0.078906 0.483594 0.086719 0.483594 0.086719 0.507031 0.078906 0.507031
4 0.092969 0.483594 0.100781 0.483594 0.100781 0.507031 0.092969 0.507031
4 0.108594 0.486719 0.116406 0.486719 0.116406 0.510156 0.108594 0.510156
4 0.116406 0.482031 0.124219 0.482031 0.124219 0.505469 0.116406 0.505469
4 0.132031 0.486719 0.139844 0.486719 0.139844 0.510156 0.132031 0.510156
4 0.146094 0.483594 0.153906 0.483594 0.153906 0.507031 0.146094 0.507031
4 0.160156 0.486719 0.167969 0.486719 0.167969 0.510156 0.160156 0.510156
4 0.171094 0.486719 0.178906 0.486719 0.178906 0.510156 0.171094 0.510156
4 0.185156 0.480469 0.192969 0.480469 0.192969 0.503906 0.185156 0.503906
4 0.196094 0.485156 0.203906 0.485156 0.203906 0.508594 0.196094 0.508594
4 0.203906 0.480469 0.211719 0.480469 0.211719 0.503906 0.203906 0.503906
4 0.222656 0.488281 0.230469 0.488281 0.230469 0.511719 0.222656 0.511719
4 0.235156 0.486719 0.242969 0.486719 0.242969 0.510156 0.235156 0.510156
4 0.246094 0.482031 0.253906 0.482031 0.253906 0.505469 0.246094 0.505469
4 0.253906 0.488281 0.261719 0.488281 0.261719 0.511719 0.253906 0.511719
4 0.271094 0.485156 0.278906 0.485156 0.278906 0.508594 0.271094 0.508594
4 0.285156 0.480469 0.292969 0.480469 0.292969 0.503906 0.285156 0.503906
4 0.296094 0.480469 0.303906 0.480469 0.303906 0.503906 0.296094 0.503906
4 0.310156 0.485156 0.317969 0.485156 0.317969 0.508594 0.310156 0.508594
4 0.321094 0.483594 0.328906 0.483594 0.328906 0.507031 0.321094 0.507031
4 0.330469 0.485156 0.338281 0.485156 0.338281 0.508594 0.330469 0.508594
4 0.347656 0.482031 0.355469 0.482031 0.355469 0.505469 0.347656 0.505469
0 0.007812 0.504687 0.089063 0.504687 0.089063 0.535937 0.007812 0.535937
0 0.084375 0.503125 0.165625 0.503125 0.165625 0.534375 0.084375 0.534375
0 0.154688 0.496875 0.235937 0.496875 0.235937 0.528125 0.154688 0.528125
0 0.231250 0.498437 0.312500 0.498437 0.312500 0.529687 0.231250 0.529687
0 0.301563 0.501563 0.382812 0.501563 0.382812 0.532813 0.301563 0.532813
0 0.373437 0.496875 0.454688 0.496875 0.454688 0.528125 0.373437 0.528125
0 0.446875 0.504687 0.528125 0.504687 0.528125 0.535937 0.446875 0.535937
0 0.523438 0.503125 0.604688 0.503125 0.604688 0.534375 0.523438 0.534375
0 0.596875 0.504687 0.678125 0.504687 0.678125 0.535937 0.596875 0.535937
0 0.668750 0.500000 0.750000 0.500000 0.750000 0.531250 0.668750 0.531250
0 0.745313 0.495312 0.826562 0.495312 0.826562 0.526563 0.745313 0.526563
0 0.818750 0.498437 0.900000 0.498437 0.900000 0.529687 0.818750 0.529687
4 0.005469 0.427344 0.088281 0.427344 0.088281 0.647656 0.005469 0.647656
4 0.083594 0.430469 0.166406 0.430469 0.166406 0.650781 0.083594 0.650781
4 0.163281 0.435156 0.246094 0.435156 0.246094 0.655469 0.163281 0.655469
4 0.242969 0.436719 0.325781 0.436719 0.325781 0.657031 0.242969 0.657031
4 0.316406 0.430469 0.399219 0.430469 0.399219 0.650781 0.316406 0.650781
4 0.394531 0.433594 0.477344 0.433594 0.477344 0.653906 0.394531 0.653906
4 0.475781 0.432031 0.558594 0.432031 0.558594 0.652344 0.475781 0.652344
4 0.552344 0.433594 0.635156 0.433594 0.635156 0.653906 0.552344 0.653906
4 0.628906 0.428906 0.711719 0.428906 0.711719 0.649219 0.628906 0.649219
4 0.708594 0.430469 0.791406 0.430469 0.791406 0.650781 0.708594 0.650781
4 0.786719 0.430469 0.869531 0.430469 0.869531 0.650781 0.786719 0.650781
4 0.864844 0.428906 0.947656 0.428906 0.947656 0.649219 0.864844 0.649219
0 0.004687 0.709375 0.092188 0.709375 0.092188 0.756250 0.004687 0.756250
0 0.079687 0.709375 0.167187 0.709375 0.167187 0.756250 0.079687 0.756250
0 0.156250 0.706250 0.243750 0.706250 0.243750 0.753125 0.156250 0.753125
0 0.232813 0.714063 0.320312 0.714063 0.320312 0.760938 0.232813 0.760938
0 0.307812 0.710938 0.395313 0.710938 0.395313 0.757812 0.307812 0.757812
0 0.384375 0.706250 0.471875 0.706250 0.471875 0.753125 0.384375 0.753125
0 0.465625 0.706250 0.553125 0.706250 0.553125 0.753125 0.465625 0.753125
0 0.542188 0.714063 0.629687 0.714063 0.629687 0.760938 0.542188 0.760938
0 0.620313 0.707812 0.707812 0.707812 0.707812 0.754687 0.620313 0.754687
0 0.696875 0.715625 0.784375 0.715625 0.784375 0.762500 0.696875 0.762500
0 0.767188 0.710938 0.854688 0.710938 0.854688 0.757812 0.767188 0.757812
0 0.850000 0.710938 0.937500 0.710938 0.937500 0.757812 0.850000 0.757812
4 0.014844 0.675781 0.085156 0.675781 0.085156 0.877344 0.014844 0.877344
4 0.077344 0.677344 0.147656 0.677344 0.147656 0.878906 0.077344 0.878906
4 0.147656 0.680469 0.217969 0.680469 0.217969 0.882031 0.147656 0.882031
4 0.214844 0.685156 0.285156 0.685156 0.285156 0.886719 0.214844 0.886719
4 0.285156 0.675781 0.355469 0.675781 0.355469 0.877344 0.285156 0.877344
4 0.346094 0.685156 0.416406 0.685156 0.416406 0.886719 0.346094 0.886719
4 0.417969 0.683594 0.488281 0.683594 0.488281 0.885156 0.417969 0.885156
4 0.480469 0.675781 0.550781 0.675781 0.550781 0.877344 0.480469 0.877344
4 0.550781 0.678906 0.621094 0.678906 0.621094 0.880469 0.550781 0.880469
4 0.617969 0.675781 0.688281 0.675781 0.688281 0.877344 0.617969 0.877344
4 0.685156 0.680469 0.755469 0.680469 0.755469 0.882031 0.685156 0.882031
4 0.749219 0.678906 0.819531 0.678906 0.819531 0.880469 0.749219 0.880469
4 0.817969 0.685156 0.888281 0.685156 0.888281 0.886719 0.817969 0.886719
4 0.885156 0.685156 0.955469 0.685156 0.955469 0.886719 0.885156 0.886719