1 0.415322 0.942965 0.433510 0.938409 0.447178 0.992973 0.428990 0.997529
8 0.454294 0.941354 0.472998 0.940035 0.476956 0.996146 0.458252 0.997465
7 0.467144 0.946334 0.522416 0.935894 0.532856 0.991166 0.477584 1.000000
8 0.529065 0.938560 0.547460 0.942194 0.536560 0.997377 0.518165 0.993744
1 0.558329 0.940458 0.577076 0.940801 0.576046 0.997042 0.557299 0.996699
0 0.413625 0.995341 0.446399 0.993743 0.447312 1.000000 0.414539 1.000000
0 0.447200 0.994790 0.478433 0.995845 0.477800 1.000000 0.446567 1.000000
0 0.484300 0.996135 0.515394 0.993020 0.517263 1.000000 0.486169 1.000000
0 0.513066 0.993646 0.544264 0.995448 0.543184 1.000000 0.511986 1.000000
0 0.527645 0.997840 0.558520 0.993011 0.561417 1.000000 0.530543 1.000000
0 0.549499 0.991866 0.581829 0.997472 0.578626 1.000000 0.546296 1.000000
1 0.405840 0.868890 0.424588 0.868616 0.425410 0.924860 0.406662 0.925134
5 0.435853 0.869102 0.457718 0.868425 0.459459 0.924648 0.437595 0.925325
5 0.469802 0.869287 0.491653 0.868273 0.494261 0.924463 0.472409 0.925477
1 0.501255 0.870163 0.519687 0.866727 0.529995 0.922025 0.511563 0.925460
8 0.544498 0.866826 0.563003 0.869847 0.553940 0.925362 0.535435 0.922341
5 0.575192 0.867110 0.596981 0.869049 0.591996 0.925077 0.570207 0.923139
7 0.353442 0.796562 0.409688 0.797192 0.409058 0.853438 0.352812 0.852808
1 0.406992 0.796412 0.425715 0.797419 0.422695 0.853588 0.403972 0.852581
1 0.442607 0.795006 0.461145 0.797819 0.452705 0.853432 0.434168 0.850619
5 0.473810 0.796197 0.495634 0.797682 0.491815 0.853803 0.469991 0.852318
7 0.487229 0.797149 0.543476 0.796604 0.544021 0.852851 0.487774 0.853396
0 0.508321 0.788600 0.602012 0.806107 0.591679 0.861400 0.497988 0.843893
1 0.574702 0.796976 0.593451 0.796777 0.594048 0.853024 0.575299 0.853223
0 0.568877 0.794560 0.667266 0.797655 0.665498 0.853877 0.567109 0.850782
1 0.333851 0.725343 0.352500 0.723398 0.358337 0.779344 0.339688 0.781290
1 0.369675 0.725513 0.388401 0.724560 0.391262 0.780737 0.372537 0.781690
7 0.385507 0.727145 0.441605 0.723007 0.445743 0.779105 0.389645 0.783243
5 0.435641 0.725443 0.457500 0.724599 0.459671 0.780807 0.437812 0.781651
0 0.436719 0.721361 0.531740 0.728811 0.527343 0.784889 0.432322 0.777439
7 0.484221 0.728716 0.540034 0.721721 0.547029 0.777534 0.491216 0.784529
0 0.500733 0.722973 0.599139 0.725483 0.597704 0.781715 0.499299 0.779205
1 0.573065 0.725721 0.591769 0.724416 0.595685 0.780529 0.576981 0.781834
0 0.566543 0.726874 0.664842 0.721643 0.667832 0.777813 0.569533 0.783045
5 0.640513 0.725339 0.660816 0.724690 0.662612 0.780911 0.642309 0.781560
7 0.286399 0.651153 0.342597 0.653587 0.340163 0.709784 0.283966 0.707351
0 0.298261 0.654814 0.393515 0.651470 0.395489 0.707686 0.300235 0.711030
7 0.351354 0.655015 0.407485 0.651354 0.411146 0.707485 0.355015 0.711146
1 0.406586 0.652777 0.425321 0.653517 0.423101 0.709723 0.404366 0.708983
7 0.420931 0.651011 0.477114 0.653743 0.474382 0.709927 0.418198 0.707194
5 0.472033 0.653069 0.492345 0.653182 0.492030 0.709431 0.471718 0.709318
1 0.504541 0.653451 0.523281 0.652830 0.525146 0.709049 0.506406 0.709670
1 0.541132 0.652961 0.559879 0.653298 0.558868 0.709539 0.540121 0.709202
1 0.574530 0.653286 0.593278 0.652972 0.594220 0.709214 0.575472 0.709528
1 0.602702 0.654180 0.621216 0.651215 0.630111 0.706757 0.611597 0.709722
1 0.642372 0.653064 0.661122 0.653187 0.660753 0.709436 0.642003 0.709313
7 0.656962 0.650926 0.713137 0.653837 0.710225 0.710012 0.654051 0.707100
0 0.281418 0.705606 0.312530 0.708539 0.310770 0.727206 0.279658 0.724273
0 0.310220 0.708348 0.341364 0.705778 0.342905 0.724465 0.311761 0.727034
0 0.340498 0.709527 0.371571 0.706205 0.373564 0.724848 0.342491 0.728170
0 0.357320 0.710372 0.388185 0.705484 0.391118 0.724003 0.360252 0.728891
0 0.384349 0.707858 0.417161 0.707767 0.417213 0.726517 0.384401 0.726608
0 0.415966 0.707267 0.447196 0.708370 0.446534 0.727108 0.415304 0.726005
0 0.443069 0.708274 0.474224 0.705845 0.475681 0.724538 0.444526 0.726967
0 0.471842 0.708545 0.502953 0.705601 0.504720 0.724267 0.473609 0.727212
0 0.503294 0.707537 0.534539 0.708091 0.534206 0.726838 0.502961 0.726284
0 0.520757 0.707109 0.551974 0.708536 0.551118 0.727266 0.519901 0.725839
0 0.543092 0.708226 0.574255 0.705889 0.575658 0.724586 0.544495 0.726924
0 0.571859 0.708511 0.602976 0.705631 0.604704 0.724301 0.573587 0.727181
0 0.595870 0.706160 0.627069 0.707933 0.626005 0.726653 0.594806 0.724879
0 0.625456 0.706007 0.656480 0.709754 0.654232 0.728368 0.623207 0.724621
0 0.649951 0.708579 0.681056 0.705571 0.682861 0.724234 0.651756 0.727242
0 0.666995 0.709669 0.698039 0.706080 0.700192 0.724706 0.669149 0.728295
1 0.272084 0.580720 0.290798 0.581889 0.287291 0.638030 0.268577 0.636861
1 0.305256 0.580836 0.323985 0.581728 0.321307 0.637914 0.302578 0.637022
0 0.298381 0.581346 0.393693 0.581154 0.393807 0.637404 0.298494 0.637596
8 0.375225 0.579566 0.393846 0.581757 0.387275 0.637621 0.368654 0.635431
1 0.406141 0.581287 0.424891 0.581214 0.425109 0.637463 0.406359 0.637536
0 0.401866 0.577523 0.496989 0.583526 0.493447 0.639664 0.398323 0.633662
1 0.473017 0.581394 0.491765 0.581113 0.492608 0.637356 0.473860 0.637637
1 0.505507 0.581509 0.524250 0.581011 0.525743 0.637241 0.507000 0.637739
7 0.519984 0.583278 0.576097 0.579359 0.580016 0.635472 0.523903 0.639391
1 0.569980 0.582258 0.588504 0.579357 0.597208 0.634929 0.578683 0.637831
1 0.611704 0.579459 0.630282 0.581996 0.622671 0.637729 0.604093 0.635192
0 0.600900 0.581661 0.699309 0.579293 0.700662 0.635526 0.602253 0.637895
1 0.675493 0.580857 0.694224 0.581700 0.691695 0.637893 0.672964 0.637050
0 0.668055 0.583181 0.764782 0.577842 0.767883 0.634006 0.671155 0.639346
0 0.195106 0.515215 0.289564 0.502477 0.297081 0.558222 0.202624 0.570961
0 0.231991 0.507374 0.327272 0.509832 0.325821 0.566064 0.230540 0.563605
7 0.281064 0.513393 0.336607 0.504502 0.345498 0.560045 0.289955 0.568936
7 0.318920 0.507673 0.375139 0.509545 0.373267 0.565764 0.317048 0.563892
0 0.330876 0.512950 0.425931 0.505952 0.430062 0.562050 0.335006 0.569048
7 0.388265 0.507128 0.444434 0.510140 0.441423 0.566309 0.385253 0.563298
5 0.440893 0.507784 0.461120 0.509639 0.455982 0.565654 0.435755 0.563799
0 0.431018 0.516181 0.527003 0.503085 0.534607 0.558819 0.438622 0.571915
1 0.504118 0.509862 0.522846 0.508954 0.525570 0.565138 0.506842 0.566046
8 0.544341 0.507476 0.562862 0.510398 0.554097 0.565961 0.535576 0.563039
8 0.574763 0.509455 0.593512 0.509297 0.593987 0.565545 0.575238 0.565703
8 0.608219 0.509243 0.626967 0.509513 0.626156 0.565757 0.607408 0.565487
7 0.627700 0.505679 0.683384 0.513637 0.675425 0.569321 0.619741 0.561363
5 0.671760 0.510086 0.693595 0.508766 0.696990 0.564914 0.675155 0.566234
7 0.691071 0.507418 0.747270 0.509821 0.744867 0.566020 0.688668 0.563617
1 0.740384 0.510042 0.759095 0.508827 0.762741 0.564958 0.744030 0.566173
1 0.201054 0.438277 0.219752 0.436879 0.223946 0.492973 0.205248 0.494371
7 0.216466 0.439987 0.272513 0.435216 0.277284 0.491263 0.221237 0.496034
7 0.248373 0.439354 0.304396 0.434310 0.309440 0.490334 0.253416 0.495377
7 0.283735 0.439890 0.339797 0.435297 0.344390 0.491360 0.288328 0.495953
7 0.320508 0.435846 0.376654 0.439258 0.373242 0.495404 0.317096 0.491992
1 0.369581 0.438050 0.388303 0.437033 0.391356 0.493200 0.372634 0.494217
1 0.404406 0.438183 0.423115 0.436940 0.426844 0.493067 0.408135 0.494310
1 0.439494 0.437360 0.458242 0.437647 0.457381 0.493890 0.438633 0.493603
5 0.471871 0.437796 0.492175 0.437226 0.493754 0.493454 0.473450 0.494024
1 0.506103 0.437550 0.524852 0.437451 0.525147 0.493700 0.506398 0.493799
7 0.521232 0.438158 0.577467 0.436857 0.578768 0.493092 0.522533 0.494393
0 0.535356 0.437745 0.632209 0.435705 0.633394 0.491942 0.536541 0.493983
1 0.609714 0.436744 0.628381 0.438505 0.623098 0.494506 0.604431 0.492745
7 0.621229 0.438222 0.677403 0.435292 0.680333 0.491466 0.624159 0.494396
1 0.671702 0.438468 0.690374 0.436764 0.695486 0.492782 0.676813 0.494486
1 0.708881 0.437669 0.727629 0.437339 0.728619 0.493581 0.709871 0.493911
5 0.743839 0.437201 0.764142 0.437826 0.762411 0.494049 0.742108 0.493424
0 0.735735 0.441480 0.829028 0.432232 0.834577 0.488207 0.741284 0.497456
6 0.000000 0.816125 0.030750 0.815137 0.031738 0.855750 0.000000 0.856738
6 0.978272 0.949854 1.000000 0.950147 1.000000 0.976708 0.977979 0.976415
6 0.973043 0.272280 1.000000 0.271480 1.000000 0.302720 0.973842 0.303520
6 0.965124 0.144373 0.994689 0.141686 0.997376 0.171252 0.967811 0.173939
6 0.946269 0.192261 1.000000 0.189022 1.000000 0.213989 0.947565 0.217228
