7 0.429040 0.932120 0.477255 0.927478 0.481897 0.975693 0.433682 0.980335
7 0.461431 0.929257 0.509805 0.931744 0.507319 0.980118 0.458945 0.977631
1 0.505677 0.929880 0.521298 0.929509 0.522448 0.977933 0.506827 0.978304
0 0.500519 0.927552 0.584782 0.931887 0.582294 0.980261 0.498030 0.975926
0 0.427199 0.976351 0.453684 0.978383 0.452488 0.993962 0.426004 0.991930
0 0.449281 0.976133 0.474156 0.978633 0.472594 0.994180 0.447719 0.991680
0 0.463845 0.978508 0.490396 0.977749 0.490843 0.993367 0.464291 0.994126
0 0.493288 0.978188 0.519799 0.976530 0.520774 0.992124 0.494264 0.993783
0 0.518659 0.978282 0.545220 0.977969 0.545403 0.993593 0.518843 0.993906
7 0.413905 0.875448 0.462052 0.870155 0.467345 0.918302 0.419198 0.923595
5 0.460367 0.872104 0.479112 0.871660 0.480258 0.920084 0.461513 0.920528
1 0.492644 0.871510 0.508249 0.872302 0.505793 0.920677 0.490189 0.919885
0 0.487586 0.871258 0.568787 0.874084 0.567102 0.922492 0.485901 0.919666
1 0.545118 0.874388 0.560504 0.871665 0.568944 0.919362 0.553559 0.922085
1 0.405054 0.813722 0.420662 0.814457 0.418383 0.862841 0.402775 0.862106
8 0.433040 0.813990 0.448664 0.814137 0.448210 0.862572 0.432586 0.862426
5 0.461374 0.813626 0.480101 0.814560 0.477688 0.862937 0.458961 0.862003
7 0.475639 0.813440 0.524060 0.814702 0.522798 0.863123 0.474377 0.861861
8 0.518398 0.814766 0.533973 0.813515 0.537852 0.861797 0.522277 0.863048
1 0.550235 0.813758 0.565847 0.814409 0.563827 0.862805 0.548216 0.862153
0 0.544102 0.812187 0.628392 0.815987 0.626210 0.864375 0.541921 0.860576
1 0.389510 0.756110 0.405133 0.756398 0.404240 0.804827 0.388617 0.804539
1 0.415286 0.757286 0.430812 0.755523 0.436276 0.803652 0.420751 0.805414
0 0.412026 0.763700 0.492033 0.749541 0.500474 0.797238 0.420467 0.811396
0 0.442853 0.755907 0.527198 0.758173 0.525897 0.806593 0.441552 0.804327
1 0.506915 0.755830 0.522512 0.756754 0.519648 0.805107 0.504050 0.804183
8 0.532734 0.756544 0.548349 0.755986 0.550079 0.804393 0.534464 0.804951
0 0.530510 0.758318 0.611720 0.755769 0.613240 0.804182 0.532030 0.806731
5 0.595640 0.755794 0.614120 0.758967 0.605922 0.806706 0.587443 0.803533
7 0.345833 0.697944 0.392698 0.698942 0.391667 0.747368 0.344802 0.746371
1 0.388574 0.698601 0.404196 0.698284 0.405176 0.746712 0.389554 0.747028
8 0.419253 0.698060 0.434857 0.698882 0.432309 0.747252 0.416706 0.746431
5 0.446614 0.698540 0.465363 0.698338 0.465886 0.746772 0.447137 0.746975
1 0.478361 0.697752 0.493900 0.699389 0.488826 0.747560 0.473287 0.745923
1 0.502791 0.700622 0.518248 0.698336 0.525334 0.746253 0.509877 0.748539
1 0.536249 0.697737 0.551783 0.699421 0.546563 0.747576 0.531029 0.745892
0 0.528045 0.702275 0.610641 0.696289 0.614142 0.744600 0.531546 0.750586
1 0.594469 0.698004 0.610064 0.698962 0.607094 0.747309 0.591498 0.746350
0 0.587947 0.696413 0.672222 0.700519 0.669865 0.748900 0.585590 0.744793
0 0.341915 0.747329 0.366899 0.746431 0.367460 0.762046 0.342476 0.762944
0 0.371546 0.743394 0.397474 0.749166 0.394079 0.764418 0.368151 0.758646
0 0.391423 0.744942 0.416310 0.747316 0.414827 0.762870 0.389940 0.760496
0 0.405856 0.749354 0.431998 0.744644 0.434769 0.760021 0.408627 0.764731
0 0.422159 0.746412 0.448705 0.747348 0.448154 0.762963 0.421608 0.762027
0 0.446761 0.748651 0.473102 0.745229 0.475114 0.760724 0.448773 0.764146
0 0.473289 0.748611 0.498066 0.745278 0.500149 0.760764 0.475372 0.764097
0 0.494955 0.747518 0.521487 0.746250 0.522233 0.761857 0.495701 0.763125
0 0.517555 0.746282 0.544090 0.747484 0.543383 0.763093 0.516847 0.761891
0 0.537027 0.748793 0.563094 0.743686 0.566098 0.759019 0.540031 0.764127
0 0.562393 0.747060 0.588953 0.746691 0.589170 0.762315 0.562610 0.762684
0 0.581768 0.746102 0.606718 0.747679 0.605732 0.763273 0.580782 0.761696
0 0.610193 0.747526 0.636610 0.744748 0.638244 0.760287 0.611827 0.763065
5 0.344728 0.640859 0.363472 0.640405 0.364647 0.688828 0.345903 0.689283
1 0.374758 0.640704 0.390382 0.640548 0.390867 0.688983 0.375243 0.689139
1 0.402695 0.641361 0.418265 0.640058 0.422305 0.688326 0.406735 0.689630
5 0.434751 0.640159 0.453224 0.643367 0.444937 0.691091 0.426463 0.687883
1 0.464563 0.639886 0.480084 0.641687 0.474500 0.689802 0.458979 0.688000
1 0.491763 0.640766 0.507386 0.640492 0.508237 0.688922 0.492614 0.689196
0 0.485760 0.644597 0.566771 0.638359 0.570490 0.686653 0.489479 0.692891
5 0.548183 0.640725 0.566932 0.640528 0.567442 0.688963 0.548693 0.689160
1 0.576413 0.640945 0.592026 0.640341 0.593900 0.688742 0.578287 0.689347
5 0.608126 0.639980 0.626821 0.641411 0.623124 0.689708 0.604429 0.688276
5 0.635450 0.640819 0.654197 0.640441 0.655175 0.688868 0.636428 0.689247
1 0.316406 0.583079 0.332023 0.582572 0.333594 0.630984 0.317977 0.631491
1 0.344754 0.583603 0.360317 0.582214 0.364621 0.630460 0.349058 0.631848
8 0.375236 0.582508 0.390848 0.583160 0.388826 0.631555 0.373215 0.630903
5 0.399661 0.584811 0.418290 0.582688 0.423777 0.630814 0.405147 0.632937
0 0.400524 0.580747 0.481665 0.584943 0.479164 0.633316 0.398022 0.629120
7 0.446050 0.582097 0.494465 0.583550 0.493013 0.631965 0.444597 0.630513
5 0.491027 0.582387 0.509755 0.583295 0.507411 0.631675 0.488683 0.630768
0 0.483980 0.586522 0.566476 0.579288 0.570707 0.627541 0.488211 0.634774
0 0.513785 0.586345 0.597877 0.579443 0.601840 0.627718 0.517748 0.634620
1 0.578903 0.582364 0.594496 0.583359 0.591410 0.631699 0.575817 0.630703
0 0.571325 0.586076 0.655559 0.581193 0.658362 0.629549 0.574129 0.634432
7 0.619670 0.585107 0.668018 0.582170 0.670955 0.630518 0.622607 0.633455
0 0.631520 0.581067 0.715821 0.584601 0.713792 0.632996 0.629491 0.629462
0 0.299228 0.629170 0.323837 0.633574 0.321085 0.648955 0.296476 0.644551
0 0.330367 0.629178 0.356570 0.633533 0.354008 0.648947 0.327805 0.644592
0 0.355279 0.629594 0.380215 0.631383 0.379096 0.646968 0.354160 0.645179
0 0.382872 0.631149 0.409434 0.631351 0.409315 0.646976 0.382754 0.646774
0 0.399800 0.633232 0.426089 0.629429 0.428325 0.644893 0.402036 0.648696
0 0.431027 0.631641 0.457579 0.630865 0.458035 0.646484 0.431484 0.647260
0 0.452569 0.631439 0.477497 0.629544 0.478681 0.645124 0.453753 0.647019
0 0.470856 0.629610 0.497361 0.631361 0.496331 0.646952 0.469826 0.645201
0 0.492070 0.631442 0.517067 0.631060 0.517305 0.646683 0.492308 0.647065
0 0.511143 0.630911 0.537696 0.631594 0.537295 0.647214 0.510741 0.646531
0 0.540590 0.631309 0.567153 0.631191 0.567222 0.646816 0.540660 0.646934
0 0.559274 0.632994 0.585623 0.629632 0.587601 0.645131 0.561252 0.648493
0 0.581844 0.629536 0.608339 0.631441 0.607218 0.647026 0.580724 0.645121
0 0.610962 0.631208 0.637525 0.631292 0.637475 0.646917 0.610913 0.646833
0 0.636229 0.630774 0.662774 0.631736 0.662208 0.647351 0.635663 0.646389
0 0.653343 0.630891 0.679896 0.631615 0.679469 0.647234 0.652917 0.646510
0 0.670555 0.630851 0.697106 0.631656 0.696632 0.647274 0.670082 0.646469
7 0.271917 0.524985 0.320328 0.526605 0.318708 0.575015 0.270297 0.573395
0 0.286882 0.519884 0.368771 0.532219 0.361556 0.580116 0.279667 0.567781
1 0.343295 0.527245 0.358739 0.524877 0.366080 0.572755 0.350636 0.575123
8 0.373100 0.525390 0.388708 0.524663 0.390963 0.573048 0.375354 0.573775
8 0.401433 0.527085 0.416910 0.524937 0.423567 0.572915 0.408090 0.575063
1 0.430871 0.525405 0.446478 0.524651 0.448816 0.573032 0.433209 0.573786
7 0.445622 0.524694 0.494056 0.525310 0.493440 0.573743 0.445007 0.573128
1 0.494609 0.524973 0.510103 0.526997 0.503828 0.575027 0.488335 0.573003
7 0.499228 0.531614 0.546511 0.521103 0.557022 0.568386 0.509739 0.578897
0 0.517632 0.524269 0.598869 0.525739 0.597993 0.574168 0.516756 0.572699
1 0.575927 0.525504 0.591524 0.524581 0.594386 0.572934 0.578788 0.573857
7 0.590659 0.524966 0.639097 0.525034 0.639028 0.573472 0.590591 0.573403
1 0.639519 0.524439 0.655091 0.525725 0.651106 0.573998 0.635534 0.572713
0 0.629487 0.526796 0.713788 0.523247 0.715825 0.571642 0.631525 0.575191
1 0.697047 0.524508 0.712633 0.525614 0.709203 0.573930 0.693617 0.572824
3 0.009801 0.446601 0.034794 0.447176 0.032387 0.551836 0.007393 0.551261
3 0.961541 0.436824 1.000000 0.442051 0.994709 0.561613 0.948126 0.556387
