4 0.000000 0.063893 0.105205 0.047794 0.117230 0.143920 0.000000 0.160018
0 0.030547 0.156711 0.088307 0.154258 0.089766 0.188602 0.032005 0.191055
0 0.038875 0.159694 0.096684 0.159058 0.097063 0.193431 0.039254 0.194067
4 0.086305 0.051115 0.215684 0.060053 0.209008 0.156697 0.079628 0.147760
0 0.093002 0.165468 0.152155 0.170598 0.149185 0.204844 0.090032 0.199714
0 0.136254 0.155729 0.194057 0.156777 0.193434 0.191146 0.135631 0.190098
0 0.130095 0.157128 0.189454 0.158506 0.188655 0.192872 0.129296 0.191494
4 0.182252 0.059621 0.311686 0.051506 0.317748 0.148191 0.188314 0.156306
0 0.223636 0.165295 0.281445 0.165957 0.281051 0.200330 0.223243 0.199668
0 0.210934 0.155500 0.269179 0.167030 0.262504 0.200750 0.204259 0.189220
0 0.197739 0.164576 0.256853 0.159012 0.260074 0.193236 0.200960 0.198800
4 0.291404 0.049685 0.420369 0.063354 0.410159 0.159690 0.281193 0.146021
0 0.332795 0.171839 0.389105 0.158742 0.396892 0.192224 0.340583 0.205320
4 0.387409 0.056372 0.517096 0.056128 0.517279 0.153003 0.387591 0.153247
0 0.426551 0.159395 0.484363 0.159355 0.484387 0.193730 0.426574 0.193770
0 0.432586 0.169072 0.490013 0.162407 0.493976 0.196553 0.436549 0.203218
0 0.405871 0.160029 0.463669 0.158730 0.464441 0.193096 0.406643 0.194395
4 0.497196 0.047717 0.625628 0.065722 0.612179 0.161658 0.483747 0.143653
0 0.503704 0.165083 0.561356 0.169388 0.558796 0.203667 0.501144 0.199362
0 0.534827 0.166449 0.592620 0.167938 0.591735 0.202301 0.533942 0.200812
0 0.528089 0.169524 0.587155 0.163468 0.590661 0.197664 0.531595 0.203720
4 0.593927 0.053047 0.723450 0.059576 0.718573 0.156328 0.589050 0.149799
0 0.641779 0.151307 0.697362 0.167206 0.687909 0.200256 0.632325 0.184357
0 0.600605 0.161865 0.659809 0.166359 0.657208 0.200635 0.598003 0.196141
0 0.649228 0.156838 0.706978 0.154137 0.708584 0.188474 0.650835 0.191176
4 0.703457 0.043238 0.830406 0.069745 0.810606 0.164575 0.683656 0.138067
0 0.699943 0.175698 0.754761 0.157332 0.765682 0.189927 0.710864 0.208293
4 0.799382 0.049577 0.928493 0.061792 0.919368 0.158236 0.790257 0.146021
0 0.846153 0.151174 0.903502 0.158476 0.899160 0.192576 0.841811 0.185274
0 0.809249 0.167252 0.866973 0.164051 0.868876 0.198373 0.811152 0.201574
4 0.029136 0.206483 0.158571 0.198394 0.164614 0.295080 0.035179 0.303169
0 0.072142 0.295182 0.128708 0.307122 0.121608 0.340756 0.065042 0.328816
0 0.064178 0.293646 0.122361 0.305481 0.115510 0.339166 0.057326 0.327331
4 0.126207 0.212755 0.254390 0.193056 0.269105 0.288807 0.140922 0.308506
0 0.145050 0.314790 0.200554 0.293701 0.212763 0.325835 0.157259 0.346924
4 0.234392 0.203102 0.364079 0.203148 0.364046 0.300023 0.234358 0.299977
0 0.270073 0.294996 0.328788 0.303824 0.323677 0.337817 0.264962 0.328989
4 0.340029 0.198202 0.469438 0.206693 0.463096 0.303360 0.333687 0.294870
0 0.352255 0.300860 0.409880 0.305501 0.407120 0.339765 0.349495 0.335124
0 0.343072 0.308550 0.401776 0.299651 0.406928 0.333637 0.348224 0.342537
0 0.379286 0.320013 0.435022 0.304659 0.444152 0.337799 0.388416 0.353154
4 0.439576 0.201439 0.569219 0.204845 0.566674 0.301686 0.437031 0.298280
0 0.469840 0.296171 0.527098 0.304159 0.522348 0.338204 0.465090 0.330216
0 0.462212 0.312960 0.519609 0.306037 0.523725 0.340165 0.466328 0.347088
4 0.541045 0.201557 0.670694 0.204722 0.668330 0.301568 0.538681 0.298403
0 0.549253 0.303578 0.605240 0.298146 0.608560 0.332360 0.552572 0.337792
0 0.555689 0.311956 0.613789 0.299719 0.620874 0.333356 0.562773 0.345593
0 0.568878 0.310730 0.625126 0.311146 0.624872 0.345520 0.568624 0.345104
4 0.640510 0.203567 0.770175 0.201138 0.771990 0.297996 0.642325 0.300425
0 0.684932 0.305619 0.742418 0.320474 0.733818 0.353756 0.676332 0.338901
0 0.659239 0.319533 0.715182 0.299641 0.726699 0.332030 0.670755 0.351921
4 0.743830 0.201212 0.873497 0.203490 0.871795 0.300351 0.742128 0.298072
0 0.762608 0.296780 0.820795 0.308595 0.813955 0.342283 0.755767 0.330467
0 0.761680 0.304278 0.819442 0.306690 0.818008 0.341035 0.760246 0.338623
4 0.000000 0.346644 0.114186 0.353491 0.109071 0.450231 0.000000 0.443384
0 0.013355 0.463172 0.070500 0.454412 0.075708 0.488390 0.018563 0.497150
0 0.019614 0.446712 0.077197 0.451862 0.074136 0.486100 0.016553 0.480951
4 0.081030 0.353636 0.210522 0.346510 0.215845 0.443239 0.086353 0.450365
0 0.096146 0.458535 0.153277 0.449683 0.158541 0.483652 0.101410 0.492505
0 0.135276 0.455102 0.194604 0.452737 0.195974 0.487085 0.136646 0.489450
4 0.180652 0.355432 0.309910 0.344889 0.317786 0.441443 0.188527 0.451986
0 0.193664 0.452448 0.252708 0.446181 0.256336 0.480364 0.197292 0.486631
0 0.196456 0.446784 0.255244 0.455119 0.250419 0.489153 0.191631 0.480819
0 0.224430 0.448625 0.280647 0.446707 0.281820 0.481062 0.225603 0.482980
4 0.287596 0.348066 0.417263 0.350387 0.415529 0.447247 0.285862 0.444925
0 0.298977 0.453030 0.356762 0.454799 0.355710 0.489158 0.297925 0.487389
0 0.332148 0.454479 0.389722 0.459726 0.386602 0.493959 0.329028 0.488712
4 0.389265 0.347722 0.518871 0.352339 0.515422 0.449153 0.385817 0.444536
0 0.439312 0.449937 0.497030 0.453244 0.495063 0.487563 0.437345 0.484256
4 0.487378 0.352340 0.616984 0.347721 0.620434 0.444535 0.490829 0.449154
0 0.507499 0.460621 0.564847 0.445240 0.573751 0.478442 0.516403 0.493822
0 0.509822 0.449343 0.567301 0.455542 0.563615 0.489719 0.506136 0.483520
4 0.593040 0.346144 0.722576 0.352407 0.717898 0.449169 0.588362 0.442906
0 0.621234 0.454653 0.676966 0.470021 0.667829 0.503159 0.612096 0.487791
0 0.629875 0.456239 0.689164 0.459436 0.687313 0.493761 0.628024 0.490564
4 0.699847 0.341950 0.828425 0.358879 0.815778 0.454925 0.687200 0.437996
0 0.728521 0.458787 0.786015 0.464839 0.782417 0.499025 0.724922 0.492973
4 0.797533 0.345310 0.926861 0.354958 0.919654 0.451565 0.790326 0.441917
0 0.822480 0.440118 0.878409 0.454752 0.869708 0.488007 0.813778 0.473373
0 0.852218 0.455945 0.911553 0.458141 0.910282 0.492492 0.850947 0.490297
0 0.807799 0.457836 0.865611 0.457789 0.865639 0.492164 0.807826 0.492211
4 0.031205 0.497220 0.160873 0.494982 0.162545 0.591843 0.032877 0.594081
0 0.087874 0.590547 0.142363 0.609866 0.130876 0.642265 0.076387 0.622946
0 0.081238 0.602596 0.139858 0.593154 0.145324 0.627092 0.086705 0.636533
0 0.061829 0.605406 0.120539 0.596542 0.125671 0.630532 0.066961 0.639396
4 0.134477 0.494934 0.264143 0.497269 0.262398 0.594129 0.132732 0.591793
0 0.163919 0.608048 0.222935 0.601534 0.226706 0.635702 0.167690 0.642216
0 0.158597 0.608452 0.217906 0.605649 0.219528 0.639986 0.160219 0.642788
4 0.234641 0.496521 0.364326 0.497230 0.363797 0.594104 0.234111 0.593395
0 0.266466 0.608399 0.322964 0.590141 0.333534 0.622851 0.277036 0.641109
0 0.276174 0.603090 0.333390 0.587223 0.342576 0.620348 0.285360 0.636215
0 0.267309 0.607610 0.325120 0.608016 0.324878 0.642390 0.267067 0.641984
4 0.341976 0.488918 0.470793 0.503920 0.459587 0.600144 0.330770 0.585143
0 0.363897 0.617628 0.418416 0.598393 0.429853 0.630809 0.375334 0.650045
0 0.398188 0.594846 0.456555 0.605738 0.450249 0.639529 0.391882 0.628637
0 0.372925 0.593262 0.432013 0.599092 0.428638 0.633301 0.369550 0.627471
4 0.435594 0.498756 0.565175 0.493510 0.569094 0.590306 0.439512 0.595552
0 0.493728 0.606380 0.547240 0.589043 0.557834 0.621745 0.504323 0.639082
0 0.472825 0.605125 0.530035 0.596796 0.534987 0.630812 0.477778 0.639141
4 0.537194 0.498701 0.666780 0.493563 0.670618 0.590362 0.541033 0.595500
0 0.549594 0.610972 0.606776 0.594985 0.616031 0.628091 0.558849 0.644077
0 0.575932 0.603451 0.633703 0.601261 0.635005 0.635611 0.577234 0.637802
4 0.640414 0.497451 0.770074 0.494757 0.772086 0.591611 0.642426 0.594305
0 0.679438 0.610801 0.734994 0.589848 0.747124 0.622012 0.691569 0.642964
0 0.655586 0.597882 0.714466 0.605529 0.710039 0.639618 0.651159 0.631971
0 0.671236 0.622793 0.724428 0.596412 0.739702 0.627207 0.686509 0.653588
4 0.745681 0.491738 0.875060 0.500680 0.868381 0.597324 0.739002 0.588383
0 0.768622 0.606319 0.826345 0.603109 0.828253 0.637431 0.770530 0.640641
0 0.779601 0.597782 0.837888 0.609098 0.831337 0.642843 0.773050 0.631527
4 0.000000 0.647312 0.109016 0.640328 0.114233 0.737063 0.000000 0.744047
0 0.000000 0.746808 0.053137 0.760347 0.045299 0.793817 0.000000 0.780278
0 0.000000 0.741617 0.058574 0.744357 0.056988 0.778695 0.000000 0.775956
4 0.090421 0.635752 0.219014 0.652566 0.206454 0.748623 0.077861 0.731809
0 0.094646 0.755080 0.152412 0.752760 0.153792 0.787107 0.096026 0.789428
4 0.188112 0.638332 0.317449 0.647868 0.310325 0.744481 0.180989 0.734945
0 0.198623 0.754380 0.256432 0.754997 0.256065 0.789370 0.198256 0.788753
4 0.288286 0.639974 0.417830 0.646071 0.413276 0.742839 0.283732 0.736742
0 0.345288 0.747701 0.401581 0.766583 0.390649 0.799174 0.334357 0.780292
0 0.307571 0.750412 0.365378 0.749592 0.365866 0.783963 0.308059 0.784783
0 0.301179 0.756930 0.360539 0.755579 0.361321 0.789945 0.301961 0.791296
4 0.387244 0.644094 0.516930 0.643407 0.517443 0.740281 0.387757 0.740968
0 0.407875 0.746187 0.464546 0.757616 0.457750 0.791313 0.401079 0.779884
4 0.488586 0.644394 0.618267 0.643111 0.619226 0.739981 0.489545 0.741264
0 0.504411 0.735772 0.561592 0.744291 0.556526 0.778291 0.499345 0.769771
0 0.526344 0.758056 0.584047 0.754509 0.586156 0.788819 0.528453 0.792366
4 0.590879 0.643411 0.720565 0.644090 0.720058 0.740964 0.590372 0.740285
0 0.654035 0.735168 0.712591 0.744993 0.706903 0.778894 0.648346 0.769069
0 0.610583 0.753626 0.666398 0.746640 0.670667 0.780749 0.614852 0.787735
4 0.692115 0.643848 0.821802 0.643652 0.821948 0.740527 0.692260 0.740723
0 0.712465 0.755781 0.771067 0.746229 0.776597 0.780156 0.717996 0.789709
0 0.721651 0.743382 0.778464 0.754087 0.772099 0.787868 0.715286 0.777163
0 0.739122 0.751463 0.796934 0.751663 0.796815 0.786037 0.739003 0.785837
4 0.796113 0.639957 0.925655 0.646089 0.921075 0.742856 0.791532 0.736724
0 0.840085 0.736784 0.898919 0.744779 0.894290 0.778841 0.835456 0.770846
0 0.802358 0.753703 0.859891 0.748026 0.863267 0.782234 0.805734 0.787912
4 0.030874 0.791133 0.160557 0.790120 0.161314 0.886992 0.031630 0.888005
0 0.060307 0.886968 0.114370 0.907449 0.102193 0.939594 0.048130 0.919114
4 0.132424 0.791150 0.262107 0.790103 0.262889 0.886975 0.133206 0.888022
0 0.183117 0.891672 0.242483 0.892708 0.241883 0.927078 0.182517 0.926042
0 0.174487 0.890951 0.233301 0.882811 0.238013 0.916862 0.179199 0.925001
4 0.227402 0.801736 0.355386 0.780786 0.371035 0.876389 0.243051 0.897339
0 0.251355 0.903488 0.310726 0.902764 0.311145 0.937137 0.251774 0.937861
0 0.282614 0.898069 0.341312 0.907010 0.336136 0.940993 0.277438 0.932052
4 0.339377 0.785551 0.468765 0.794360 0.462185 0.891011 0.332797 0.882202
0 0.382530 0.900554 0.441478 0.893443 0.445595 0.927571 0.386647 0.934682
0 0.345303 0.909316 0.401621 0.896259 0.409385 0.929746 0.353066 0.942803
0 0.354576 0.905735 0.410760 0.892109 0.418862 0.925515 0.362678 0.939141
4 0.437951 0.790028 0.567633 0.791227 0.566737 0.888097 0.437055 0.886898
0 0.491826 0.902190 0.549184 0.894955 0.553486 0.929060 0.496128 0.936295
0 0.453946 0.906271 0.511826 0.893032 0.519491 0.926541 0.461611 0.939781
4 0.543137 0.785602 0.672411 0.795958 0.664675 0.892523 0.535402 0.882167
0 0.567140 0.907871 0.623411 0.894608 0.631297 0.928066 0.575027 0.941329
0 0.585298 0.894643 0.642303 0.904274 0.636577 0.938169 0.579572 0.928538
0 0.587915 0.897740 0.647273 0.899145 0.646460 0.933510 0.587102 0.932105
4 0.637187 0.796076 0.766314 0.784030 0.775313 0.880486 0.646186 0.892533
0 0.659726 0.902548 0.717527 0.903708 0.716837 0.938077 0.659036 0.936917
4 0.741571 0.792555 0.871202 0.788737 0.874054 0.885570 0.744423 0.889388
0 0.798618 0.888762 0.856427 0.889364 0.856069 0.923738 0.798260 0.923136
0 0.785371 0.895039 0.841362 0.900432 0.838066 0.934649 0.782075 0.929255
0 0.754578 0.902315 0.810508 0.896319 0.814172 0.930498 0.758242 0.936494
