4 0.412276 0.374667 0.644132 0.449878 0.587724 0.623770 0.355868 0.548560
7 0.663341 0.683130 0.724683 0.671154 0.736659 0.732495 0.675317 0.744471
0 0.420026 0.296557 0.480930 0.282525 0.489349 0.319068 0.428445 0.333100
0 0.121593 0.791779 0.190708 0.766954 0.204969 0.806658 0.135855 0.831483
7 0.849218 0.763316 0.883559 0.764843 0.882032 0.799184 0.847691 0.797657
5 0.745810 0.492088 0.756774 0.500893 0.732315 0.531350 0.721351 0.522545
1 0.338846 0.640140 0.352618 0.637295 0.361154 0.678610 0.347382 0.681455
0 0.469958 0.113014 0.558736 0.105901 0.562854 0.157299 0.474076 0.164411
1 0.223927 0.362059 0.242375 0.365409 0.232323 0.420754 0.213875 0.417403
7 0.276422 0.027913 0.312712 0.037359 0.303266 0.073650 0.266975 0.064203
1 0.355895 0.146415 0.370930 0.150669 0.358167 0.195773 0.343133 0.191519
0 0.468105 0.179224 0.521393 0.166929 0.528770 0.198901 0.475482 0.211196
