4 0.008372 0.055791 0.100263 0.063180 0.094753 0.131709 0.002862 0.124320
0 0.005516 0.131208 0.047413 0.136152 0.044484 0.160980 0.002587 0.156036
0 0.024515 0.139154 0.064642 0.126130 0.072360 0.149909 0.032233 0.162933
4 0.114674 0.057582 0.206790 0.061221 0.204076 0.129918 0.111960 0.126279
0 0.150610 0.135405 0.192576 0.139726 0.190015 0.164595 0.148049 0.160274
0 0.110995 0.137404 0.153182 0.137596 0.153068 0.162596 0.110881 0.162404
4 0.221014 0.057672 0.313183 0.059529 0.311798 0.128265 0.219629 0.126408
0 0.226475 0.134530 0.270224 0.134221 0.270400 0.159220 0.226651 0.159529
4 0.330527 0.057302 0.422618 0.061520 0.419473 0.130198 0.327382 0.125980
0 0.357099 0.142120 0.398989 0.147119 0.396026 0.171943 0.354136 0.166944
4 0.435720 0.059975 0.527867 0.057243 0.529905 0.125962 0.437758 0.128695
0 0.452510 0.146801 0.492290 0.132751 0.500615 0.156324 0.460835 0.170374
4 0.545722 0.056097 0.637768 0.061196 0.633966 0.129840 0.541919 0.124742
0 0.550007 0.135925 0.593757 0.135950 0.593743 0.160950 0.549993 0.160925
0 0.555287 0.134288 0.595679 0.146464 0.588463 0.170400 0.548071 0.158224
4 0.649992 0.061588 0.742077 0.057239 0.745320 0.125912 0.653235 0.130261
0 0.669946 0.141777 0.710338 0.129600 0.717554 0.153536 0.677162 0.165713
4 0.761289 0.057125 0.853428 0.060098 0.851211 0.128812 0.759072 0.125840
0 0.798251 0.135864 0.839580 0.144332 0.834562 0.168823 0.793233 0.160355
0 0.759962 0.144811 0.801935 0.149067 0.799413 0.173939 0.757440 0.169683
4 0.055705 0.173791 0.147523 0.165547 0.153670 0.234022 0.061852 0.242265
0 0.094858 0.250995 0.134731 0.243218 0.139517 0.267755 0.099644 0.275532
4 0.163837 0.172069 0.255890 0.167093 0.259601 0.235743 0.167548 0.240719
0 0.165026 0.246486 0.206556 0.253903 0.202162 0.278514 0.160631 0.271097
0 0.185745 0.248917 0.227368 0.242042 0.231443 0.266708 0.189819 0.273583
4 0.273733 0.169919 0.365917 0.170708 0.365329 0.239456 0.273145 0.238667
0 0.305690 0.254421 0.347527 0.259849 0.344310 0.284641 0.302473 0.279213
0 0.314390 0.244776 0.356564 0.245857 0.355923 0.270849 0.313749 0.269768
0 0.308080 0.245254 0.350137 0.248573 0.348170 0.273496 0.306113 0.270177
4 0.381619 0.169823 0.473801 0.170806 0.473069 0.239552 0.380886 0.238569
0 0.399507 0.257904 0.441659 0.256180 0.442681 0.281159 0.400528 0.282883
4 0.482605 0.182413 0.571749 0.158920 0.589270 0.225400 0.500126 0.248893
0 0.519776 0.250888 0.560125 0.246157 0.563036 0.270987 0.522687 0.275718
4 0.596497 0.170825 0.688679 0.169804 0.689440 0.238550 0.597258 0.239571
0 0.605278 0.240459 0.647422 0.242379 0.646284 0.267353 0.604141 0.265434
4 0.708931 0.165320 0.800705 0.174051 0.794194 0.242492 0.702420 0.233761
0 0.705197 0.243354 0.747191 0.247385 0.744803 0.272271 0.702809 0.268240
0 0.735198 0.243236 0.777303 0.245875 0.775739 0.270826 0.733634 0.268187
0 0.732443 0.255398 0.775969 0.250980 0.778494 0.275852 0.734968 0.280270
4 0.814660 0.168537 0.906777 0.172140 0.904090 0.240838 0.811973 0.237235
0 0.830905 0.252218 0.874442 0.247904 0.876907 0.272782 0.833370 0.277096
0 0.866650 0.244728 0.909695 0.252550 0.905225 0.277147 0.862180 0.269325
4 0.001098 0.286679 0.092695 0.276261 0.100464 0.344571 0.008867 0.354989
0 0.043728 0.364898 0.085472 0.358802 0.089085 0.383539 0.047340 0.389636
0 0.034062 0.355108 0.074504 0.351255 0.076875 0.376142 0.036433 0.379995
0 0.009827 0.350830 0.050317 0.362676 0.043298 0.386670 0.002808 0.374824
4 0.110469 0.285384 0.202308 0.277376 0.208281 0.345866 0.116442 0.353874
0 0.156106 0.369742 0.196229 0.363379 0.200144 0.388071 0.160021 0.394433
4 0.220024 0.281952 0.312165 0.279020 0.314351 0.347735 0.222210 0.350667
0 0.269682 0.366163 0.313077 0.360602 0.316255 0.385399 0.272860 0.390960
0 0.262772 0.362092 0.302320 0.371383 0.296603 0.395720 0.257055 0.386430
0 0.240705 0.357450 0.281893 0.366580 0.276482 0.390988 0.235295 0.381857
4 0.327471 0.281363 0.419641 0.279587 0.420966 0.348324 0.328796 0.350101
0 0.351168 0.360642 0.391500 0.348270 0.398832 0.372170 0.358500 0.384543
4 0.440224 0.276211 0.531987 0.285042 0.525401 0.353476 0.433638 0.344645
0 0.484536 0.361812 0.526617 0.364814 0.524839 0.389750 0.482758 0.386749
4 0.539966 0.288424 0.631145 0.274828 0.641284 0.342826 0.550105 0.356422
0 0.562770 0.358930 0.604948 0.359826 0.604417 0.384820 0.562239 0.383924
0 0.564415 0.352527 0.608149 0.353733 0.607460 0.378723 0.563726 0.377517
4 0.651715 0.281047 0.743901 0.281454 0.743598 0.350203 0.651411 0.349796
0 0.695843 0.351489 0.737995 0.353219 0.736970 0.378198 0.694818 0.376468
4 0.758867 0.281942 0.851044 0.280566 0.852071 0.349308 0.759893 0.350684
0 0.761868 0.376574 0.801597 0.362383 0.810007 0.385926 0.770278 0.400117
0 0.764512 0.360625 0.806523 0.364480 0.804238 0.389375 0.762227 0.385520
4 0.059445 0.390294 0.151605 0.392539 0.149930 0.461269 0.057770 0.459023
0 0.066215 0.465460 0.108359 0.467378 0.107222 0.492352 0.065079 0.490434
0 0.062810 0.469803 0.104985 0.470829 0.104377 0.495822 0.062202 0.494796
0 0.078903 0.476276 0.122063 0.483436 0.117972 0.508099 0.074812 0.500939
4 0.168056 0.390080 0.260143 0.394370 0.256944 0.463045 0.164857 0.458755
0 0.213322 0.478637 0.253867 0.476100 0.255428 0.501051 0.214883 0.503588
0 0.176264 0.465030 0.216110 0.472950 0.211236 0.497470 0.171390 0.489550
0 0.177740 0.475991 0.219200 0.468190 0.223823 0.492759 0.182363 0.500560
4 0.275449 0.388862 0.367490 0.394060 0.363613 0.462701 0.271572 0.457502
0 0.288078 0.457551 0.330004 0.470054 0.322860 0.494011 0.280934 0.481509
0 0.318368 0.472568 0.362096 0.471194 0.362882 0.496182 0.319154 0.497556
4 0.385365 0.387268 0.476979 0.397534 0.469323 0.465857 0.377709 0.455591
0 0.392214 0.462174 0.432977 0.473045 0.426536 0.497201 0.385773 0.486330
4 0.485848 0.396201 0.577572 0.386958 0.584464 0.455362 0.492741 0.464604
0 0.532131 0.470760 0.574249 0.468343 0.575682 0.493302 0.533563 0.495719
4 0.596660 0.392477 0.688846 0.391899 0.689277 0.460648 0.597092 0.461226
0 0.639288 0.463690 0.681469 0.464439 0.681025 0.489435 0.638844 0.488686
4 0.709161 0.386889 0.800678 0.397986 0.792402 0.466236 0.700885 0.455139
0 0.705959 0.482448 0.747938 0.470127 0.754979 0.494115 0.712999 0.506436
4 0.815018 0.389046 0.906980 0.395497 0.902169 0.464079 0.810208 0.457628
0 0.841677 0.475833 0.882038 0.471205 0.884885 0.496042 0.844525 0.500670
0 0.848123 0.467693 0.890118 0.463671 0.892502 0.488557 0.850507 0.492579
4 0.001075 0.508594 0.092664 0.498103 0.100487 0.566406 0.008899 0.576897
0 0.032665 0.583064 0.074850 0.582562 0.075147 0.607561 0.032963 0.608063
4 0.110872 0.505424 0.202949 0.500909 0.206316 0.569576 0.114239 0.574091
0 0.118661 0.585758 0.159939 0.594469 0.154777 0.618930 0.113499 0.610219
0 0.140022 0.596740 0.179837 0.582791 0.188103 0.606385 0.148288 0.620334
4 0.220885 0.502371 0.313060 0.503889 0.311928 0.572629 0.219753 0.571111
0 0.223855 0.575859 0.267582 0.577279 0.266770 0.602266 0.223043 0.600846
0 0.233753 0.592481 0.274059 0.587402 0.277185 0.612206 0.236878 0.617285
0 0.229355 0.581828 0.271527 0.580681 0.272207 0.605672 0.230035 0.606819
4 0.326561 0.506517 0.418512 0.499910 0.423439 0.568483 0.331488 0.575090
0 0.367982 0.585253 0.411292 0.579061 0.414830 0.603809 0.371521 0.610002
0 0.372948 0.589174 0.413064 0.576116 0.420802 0.599888 0.380686 0.612946
0 0.353773 0.585685 0.395908 0.587784 0.394664 0.612753 0.352529 0.610654
4 0.437716 0.501045 0.529867 0.503670 0.527909 0.572393 0.435758 0.569767
0 0.482340 0.582865 0.524496 0.581217 0.525472 0.606198 0.483317 0.607846
0 0.480982 0.586401 0.523160 0.585480 0.523705 0.610474 0.481528 0.611395
4 0.555957 0.490265 0.644033 0.517489 0.623731 0.583173 0.535654 0.555949
0 0.579197 0.587585 0.621350 0.585873 0.622365 0.610852 0.580212 0.612565
4 0.649305 0.505600 0.741273 0.499251 0.746008 0.567838 0.654039 0.574186
0 0.661513 0.584232 0.703659 0.586105 0.702549 0.611080 0.660403 0.609207
4 0.757082 0.506435 0.849044 0.499984 0.853855 0.568565 0.761894 0.575016
0 0.788787 0.577039 0.830964 0.576092 0.831525 0.601086 0.789348 0.602033
4 0.060202 0.610291 0.152185 0.616424 0.147611 0.685022 0.055628 0.678888
0 0.083279 0.698436 0.127000 0.700018 0.126096 0.725001 0.082375 0.723420
4 0.165465 0.614278 0.257652 0.613848 0.257972 0.682597 0.165786 0.683027
0 0.195258 0.704380 0.235317 0.686792 0.245367 0.709682 0.205308 0.727271
4 0.275915 0.610188 0.367883 0.616538 0.363148 0.685125 0.271179 0.678774
0 0.317716 0.694557 0.360984 0.701031 0.357284 0.725756 0.314016 0.719281
4 0.383170 0.610846 0.475224 0.615816 0.471517 0.684466 0.379464 0.679496
0 0.394932 0.691272 0.436901 0.686983 0.439443 0.711853 0.397474 0.716142
0 0.419885 0.697984 0.461304 0.689971 0.466053 0.714516 0.424633 0.722529
0 0.416401 0.690137 0.460075 0.692719 0.458599 0.717676 0.414925 0.715093
4 0.485364 0.621077 0.576586 0.607769 0.586511 0.675798 0.495289 0.689106
0 0.529607 0.688872 0.570881 0.697607 0.565705 0.722065 0.524432 0.713331
0 0.508355 0.688970 0.550506 0.690740 0.549457 0.715718 0.507307 0.713948
0 0.499384 0.679287 0.539537 0.692231 0.531866 0.716026 0.491713 0.703081
4 0.598721 0.610936 0.690784 0.615720 0.687216 0.684377 0.595153 0.679593
0 0.624290 0.694252 0.666402 0.691730 0.667897 0.716685 0.625785 0.719208
4 0.710620 0.607283 0.801936 0.619929 0.792505 0.688029 0.701189 0.675383
0 0.740547 0.701695 0.782734 0.701431 0.782890 0.726430 0.740704 0.726694
0 0.754844 0.695042 0.798591 0.695585 0.798281 0.720583 0.754534 0.720040
0 0.730635 0.689563 0.774039 0.684072 0.777177 0.708874 0.733773 0.714366
4 0.809165 0.619634 0.900554 0.607524 0.909585 0.675679 0.818196 0.687788
0 0.823218 0.686316 0.865399 0.685563 0.865845 0.710559 0.823664 0.711312
0 0.849641 0.685418 0.891402 0.691397 0.887859 0.716145 0.846098 0.710166
4 0.001320 0.729271 0.092993 0.719550 0.100243 0.787916 0.008569 0.797638
0 0.005525 0.814738 0.048103 0.804681 0.053850 0.829012 0.011272 0.839069
0 0.034442 0.805901 0.075637 0.815000 0.070245 0.839412 0.029050 0.830313
4 0.116725 0.720029 0.208502 0.728714 0.202025 0.797158 0.110248 0.788473
0 0.157057 0.803845 0.198832 0.797961 0.202318 0.822717 0.160543 0.828601
4 0.215203 0.732430 0.306087 0.716980 0.317609 0.784757 0.226726 0.800208
0 0.234099 0.814487 0.276108 0.810618 0.278401 0.835513 0.236392 0.839382
0 0.254611 0.803860 0.295127 0.800895 0.296952 0.825828 0.256435 0.828793
4 0.326278 0.728840 0.418163 0.721385 0.423722 0.789910 0.331837 0.797365
0 0.328829 0.802789 0.370955 0.805060 0.369609 0.830024 0.327483 0.827753
0 0.361560 0.799891 0.401936 0.812120 0.394690 0.836047 0.354314 0.823818
4 0.438322 0.722949 0.530415 0.727122 0.527303 0.795801 0.435210 0.791628
0 0.478042 0.811698 0.517897 0.793653 0.528208 0.816427 0.488353 0.834472
0 0.456585 0.810784 0.498625 0.814303 0.496540 0.839216 0.454500 0.835697
0 0.480479 0.804425 0.520740 0.817029 0.513271 0.840887 0.473010 0.828283
4 0.538996 0.734063 0.629611 0.717110 0.642254 0.784687 0.551639 0.801640
0 0.553537 0.808680 0.597265 0.810083 0.596463 0.835070 0.552735 0.833667
0 0.552601 0.806432 0.594505 0.801548 0.597399 0.826380 0.555495 0.831264
4 0.653926 0.722975 0.746021 0.727094 0.742949 0.795775 0.650854 0.791656
0 0.676772 0.810237 0.717283 0.813271 0.715416 0.838201 0.674904 0.835167
4 0.757346 0.729131 0.849186 0.721128 0.855154 0.789619 0.763314 0.797622
0 0.790383 0.807679 0.828077 0.788733 0.839304 0.811071 0.801610 0.830017
0 0.797251 0.808762 0.839420 0.809999 0.838687 0.834988 0.796517 0.833751
4 0.060193 0.833891 0.152287 0.838054 0.149182 0.906734 0.057088 0.902571
0 0.105519 0.910412 0.147622 0.913075 0.146044 0.938026 0.103940 0.935362
0 0.072823 0.919070 0.114954 0.916901 0.116240 0.941868 0.074108 0.944037
4 0.165437 0.836191 0.257623 0.835685 0.258000 0.904434 0.165814 0.904940
0 0.192996 0.912239 0.234044 0.902499 0.239816 0.926824 0.198768 0.936563
4 0.271318 0.838198 0.363314 0.832258 0.367744 0.900865 0.275748 0.906805
0 0.302273 0.910192 0.345763 0.914957 0.343040 0.939808 0.299550 0.935043
0 0.276238 0.918014 0.317753 0.910510 0.322199 0.935111 0.280685 0.942615
0 0.319230 0.918158 0.360969 0.924295 0.357332 0.949029 0.315593 0.942892
4 0.377801 0.841126 0.469448 0.831152 0.476886 0.899499 0.385240 0.909473
0 0.425679 0.913803 0.466248 0.915919 0.464946 0.940885 0.424377 0.938769
0 0.411785 0.906184 0.453675 0.911179 0.450715 0.936003 0.408825 0.931008
4 0.488687 0.836447 0.580869 0.835432 0.581626 0.904178 0.489444 0.905193
0 0.498337 0.904488 0.539178 0.915060 0.532913 0.939262 0.492072 0.928690
4 0.596365 0.836632 0.688543 0.835251 0.689572 0.903993 0.597395 0.905374
0 0.612349 0.925373 0.654004 0.918692 0.657963 0.943377 0.616308 0.950058
4 0.706409 0.833742 0.798488 0.838214 0.795153 0.906883 0.703074 0.902411
0 0.752914 0.926335 0.793600 0.915180 0.800211 0.939290 0.759525 0.950445
0 0.715319 0.920442 0.755833 0.908675 0.762806 0.932683 0.722292 0.944450
0 0.734060 0.922676 0.775583 0.915218 0.780003 0.939824 0.738480 0.947282
4 0.812891 0.835420 0.905072 0.836460 0.904297 0.905205 0.812115 0.904165
0 0.865794 0.914927 0.907873 0.917950 0.906081 0.942886 0.864002 0.939863
6 0.007391 0.139497 0.037066 0.138641 0.037922 0.168316 0.008247 0.169172
