5 0.038788 0.031357 0.068475 0.031145 0.069024 0.107705 0.039337 0.107918
5 0.097481 0.030741 0.127149 0.031809 0.124394 0.108322 0.094726 0.107254
5 0.157000 0.030967 0.186682 0.031547 0.185187 0.108095 0.155505 0.107515
5 0.213923 0.031304 0.243610 0.031196 0.243889 0.107758 0.214202 0.107866
5 0.275125 0.030638 0.304784 0.031935 0.301438 0.108425 0.271779 0.107127
5 0.333244 0.031085 0.362930 0.031419 0.362069 0.107977 0.332383 0.107643
5 0.392207 0.030949 0.421888 0.031568 0.420293 0.108113 0.390612 0.107495
5 0.444843 0.031435 0.474528 0.031070 0.475469 0.107627 0.445784 0.107992
5 0.501659 0.030939 0.529777 0.031581 0.528028 0.108124 0.499911 0.107481
5 0.554827 0.031196 0.584515 0.031304 0.584235 0.107866 0.554548 0.107758
5 0.614110 0.031232 0.643797 0.031268 0.643703 0.107831 0.614015 0.107794
5 0.668732 0.031570 0.698413 0.030947 0.700018 0.107493 0.670337 0.108115
5 0.726132 0.031742 0.755805 0.030797 0.758243 0.107320 0.728570 0.108266
5 0.783537 0.030700 0.813201 0.031858 0.810213 0.108363 0.780549 0.107204
5 0.837000 0.031447 0.866685 0.031059 0.867687 0.107615 0.838002 0.108003
5 0.900786 0.030970 0.928905 0.031546 0.927339 0.108092 0.899220 0.107517
0 0.017986 0.074577 0.081626 0.081921 0.077327 0.119173 0.013687 0.111829
0 0.048190 0.080006 0.112145 0.076307 0.114310 0.113744 0.050355 0.117443
0 0.082226 0.079970 0.147650 0.074832 0.150586 0.112217 0.085163 0.117355
0 0.113860 0.079917 0.177825 0.076389 0.179890 0.113833 0.115925 0.117361
0 0.140550 0.078254 0.204612 0.077997 0.204762 0.115496 0.140700 0.115753
0 0.163669 0.078813 0.227717 0.077445 0.228518 0.114937 0.164470 0.116305
0 0.186192 0.076458 0.250165 0.079844 0.248183 0.117292 0.184210 0.113906
0 0.202588 0.080522 0.264912 0.075834 0.267724 0.113228 0.205400 0.117916
0 0.230299 0.074750 0.295554 0.081711 0.291576 0.119000 0.226321 0.112039
0 0.258479 0.073059 0.320333 0.082016 0.314959 0.119129 0.253104 0.110172
0 0.278120 0.080323 0.341919 0.074519 0.345317 0.111865 0.281518 0.117669
0 0.310204 0.074535 0.373834 0.081968 0.369483 0.119215 0.305853 0.111782
0 0.326070 0.080494 0.389964 0.075854 0.392680 0.113256 0.328786 0.117896
0 0.364817 0.072950 0.426637 0.082146 0.421120 0.119237 0.359300 0.110042
0 0.400303 0.076426 0.462708 0.079882 0.460634 0.117324 0.398230 0.113868
0 0.437327 0.080600 0.499506 0.074280 0.503298 0.111588 0.441119 0.117908
0 0.477109 0.076072 0.539468 0.080262 0.536954 0.117678 0.474594 0.113488
0 0.501470 0.083246 0.566356 0.073427 0.571967 0.110504 0.507081 0.120323
0 0.524417 0.078378 0.588446 0.076329 0.589646 0.113810 0.525616 0.115859
0 0.555787 0.078138 0.618267 0.076561 0.619213 0.114049 0.556733 0.115626
0 0.576783 0.077753 0.640841 0.078499 0.640405 0.115997 0.576346 0.115251
0 0.604255 0.085556 0.666455 0.070221 0.675432 0.106631 0.613232 0.121966
0 0.648791 0.076352 0.711186 0.079960 0.709022 0.117398 0.646626 0.113790
0 0.673418 0.078159 0.739043 0.078091 0.739082 0.115591 0.673457 0.115659
0 0.707723 0.084248 0.768858 0.071258 0.776652 0.107939 0.715517 0.120929
0 0.740196 0.073356 0.803720 0.081647 0.798866 0.118832 0.735343 0.110541
0 0.762113 0.080226 0.824477 0.076105 0.826949 0.113524 0.764585 0.117645
0 0.800690 0.074721 0.864365 0.081755 0.860248 0.119029 0.796572 0.111995
0 0.837547 0.078048 0.900046 0.078202 0.899953 0.115702 0.837454 0.115548
0 0.868677 0.082276 0.932038 0.072822 0.937573 0.109911 0.874212 0.119366
0 0.901006 0.078303 0.963478 0.076402 0.964619 0.113884 0.902147 0.115786
5 0.040757 0.213721 0.070436 0.214426 0.068618 0.290967 0.038939 0.290262
5 0.087677 0.213960 0.117302 0.215890 0.112323 0.292290 0.082698 0.290360
5 0.132163 0.213309 0.161626 0.216959 0.152212 0.292941 0.122749 0.289291
5 0.172130 0.213987 0.200191 0.215873 0.195058 0.292263 0.166996 0.290377
5 0.219125 0.213665 0.248693 0.216333 0.241812 0.292585 0.212245 0.289917
5 0.262881 0.213896 0.292495 0.215980 0.287119 0.292354 0.257505 0.290270
5 0.307912 0.213492 0.336011 0.214704 0.332713 0.291195 0.304614 0.289984
5 0.350447 0.213343 0.380094 0.214886 0.376116 0.291345 0.346468 0.289802
5 0.400500 0.213859 0.430107 0.216034 0.424500 0.292391 0.394893 0.290216
5 0.443990 0.213991 0.472052 0.215867 0.466947 0.292259 0.438885 0.290383
5 0.486615 0.213807 0.516298 0.214330 0.514948 0.290881 0.485265 0.290357
5 0.533020 0.214001 0.561084 0.215853 0.556042 0.292249 0.527979 0.290397
5 0.580156 0.213925 0.608207 0.215964 0.602656 0.292325 0.574605 0.290286
5 0.628764 0.213379 0.658250 0.216826 0.649361 0.292871 0.619875 0.289424
5 0.672508 0.212405 0.701922 0.216425 0.691555 0.292282 0.662141 0.288262
5 0.712721 0.213689 0.742398 0.214462 0.740404 0.290999 0.710727 0.290225
5 0.759595 0.213490 0.789116 0.216626 0.781030 0.292760 0.751509 0.289624
5 0.803387 0.213404 0.833041 0.214806 0.829425 0.291283 0.799771 0.289881
5 0.852231 0.214052 0.881869 0.215763 0.877456 0.292198 0.847818 0.290487
5 0.898836 0.213650 0.926948 0.214511 0.924601 0.291038 0.896490 0.290176
7 0.008954 0.308300 0.083847 0.304309 0.087921 0.380763 0.013028 0.384754
7 0.048625 0.304576 0.125111 0.308000 0.121687 0.384486 0.045201 0.381062
7 0.077644 0.306737 0.154201 0.305769 0.155168 0.382326 0.078612 0.383293
7 0.115383 0.308082 0.191918 0.306008 0.193992 0.382543 0.117457 0.384617
7 0.151724 0.306111 0.228264 0.307974 0.226401 0.384514 0.149861 0.382651
7 0.184288 0.309627 0.260686 0.304601 0.265712 0.380998 0.189314 0.386024
7 0.218764 0.306236 0.295327 0.306264 0.295298 0.382827 0.218736 0.382798
7 0.247969 0.308395 0.324418 0.304219 0.328593 0.380668 0.252145 0.384843
7 0.285838 0.307988 0.362325 0.304588 0.365725 0.381075 0.289238 0.384475
7 0.318464 0.306538 0.395024 0.305964 0.395599 0.382524 0.319038 0.383099
7 0.353632 0.305785 0.430153 0.308320 0.427618 0.384840 0.351097 0.382305
7 0.388178 0.305584 0.464728 0.306928 0.463385 0.383478 0.386834 0.382135
7 0.422025 0.306101 0.498587 0.306400 0.498288 0.382962 0.421726 0.382663
7 0.455653 0.306857 0.532206 0.305653 0.533410 0.382206 0.456857 0.383410
7 0.492329 0.304619 0.568818 0.307954 0.565484 0.384443 0.488994 0.381109
7 0.528079 0.307877 0.604623 0.306204 0.606296 0.382748 0.529752 0.384421
7 0.563393 0.306931 0.639944 0.305581 0.641294 0.382131 0.564744 0.383482
7 0.601325 0.308078 0.677860 0.306013 0.679925 0.382547 0.603390 0.384612
7 0.632406 0.308326 0.708861 0.304281 0.712907 0.380736 0.636451 0.384782
7 0.665351 0.308117 0.741883 0.305976 0.744024 0.382508 0.667492 0.384649
7 0.701561 0.307881 0.778056 0.304686 0.781252 0.381181 0.704756 0.384377
7 0.742592 0.305881 0.819119 0.308217 0.816783 0.384744 0.740256 0.382408
7 0.771217 0.308527 0.847723 0.305592 0.850658 0.382098 0.774152 0.385033
7 0.809338 0.306287 0.885901 0.306213 0.885974 0.382776 0.809412 0.382849
7 0.842346 0.304603 0.918835 0.307971 0.915466 0.384460 0.838978 0.381091
7 0.878610 0.305806 0.955132 0.308297 0.952640 0.384819 0.876118 0.382328
0 0.015286 0.355186 0.079220 0.351139 0.081589 0.388564 0.017655 0.392611
0 0.048082 0.353745 0.112133 0.352512 0.112855 0.390005 0.048805 0.391238
0 0.068383 0.356900 0.132028 0.349595 0.136304 0.386850 0.072660 0.394155
0 0.099744 0.353580 0.165363 0.352674 0.165881 0.390170 0.100262 0.391076
0 0.120130 0.354834 0.182539 0.351471 0.184557 0.388916 0.122148 0.392279
0 0.150581 0.350971 0.214493 0.355368 0.211919 0.392779 0.148007 0.388382
0 0.180120 0.352405 0.244166 0.353854 0.243318 0.391345 0.179271 0.389896
0 0.214786 0.351187 0.277242 0.353526 0.275839 0.391000 0.213383 0.388661
0 0.246903 0.353077 0.310966 0.353173 0.310909 0.390673 0.246847 0.390577
0 0.265414 0.358556 0.330212 0.348167 0.336148 0.385194 0.271351 0.395583
0 0.288550 0.353248 0.352587 0.351454 0.353638 0.388939 0.289600 0.390733
0 0.317665 0.351172 0.380038 0.355155 0.377648 0.392578 0.315275 0.388595
0 0.342377 0.351520 0.407921 0.354776 0.406061 0.392230 0.340517 0.388974
0 0.383605 0.351082 0.446053 0.353637 0.444520 0.391106 0.382072 0.388550
0 0.421430 0.353887 0.483912 0.352374 0.484820 0.389863 0.422338 0.391376
0 0.441587 0.349361 0.505172 0.357169 0.500601 0.394389 0.437016 0.386581
0 0.467913 0.351185 0.530369 0.353529 0.528962 0.391003 0.466506 0.388659
0 0.493312 0.353875 0.555794 0.352386 0.556688 0.389875 0.494206 0.391364
0 0.510389 0.353314 0.574423 0.351391 0.575548 0.388874 0.511515 0.390797
0 0.532203 0.355020 0.597619 0.349787 0.600609 0.387168 0.535193 0.392400
0 0.572428 0.351012 0.636345 0.355323 0.633822 0.392738 0.569905 0.388427
0 0.603040 0.353869 0.665468 0.350862 0.667272 0.388319 0.604844 0.391325
0 0.640057 0.353350 0.704088 0.351356 0.705256 0.388838 0.641224 0.390832
0 0.667119 0.353242 0.731181 0.353008 0.731318 0.390508 0.667256 0.390742
0 0.687710 0.351526 0.751690 0.354772 0.749790 0.392224 0.685810 0.388978
0 0.717392 0.346639 0.780305 0.358721 0.773233 0.395548 0.710320 0.383467
0 0.735744 0.354855 0.798151 0.351451 0.800194 0.388895 0.737786 0.392299
0 0.773135 0.353664 0.838752 0.352591 0.839365 0.390086 0.773748 0.391159
0 0.799302 0.356770 0.861220 0.348266 0.866323 0.385417 0.804405 0.393922
0 0.832310 0.355453 0.894644 0.350897 0.897377 0.388297 0.835044 0.392853
0 0.855937 0.358674 0.919119 0.348092 0.925313 0.385076 0.862131 0.395658
0 0.882107 0.347720 0.945434 0.357398 0.939768 0.394468 0.876441 0.384789
0 0.914740 0.351232 0.978763 0.353478 0.977448 0.390955 0.913425 0.388709
0 0.000000 0.492285 0.114953 0.487454 0.117771 0.563965 0.000000 0.568796
0 0.025889 0.491008 0.155556 0.488692 0.156923 0.565242 0.027256 0.567558
0 0.068834 0.488915 0.203209 0.489210 0.203041 0.565772 0.068666 0.565477
0 0.105546 0.492512 0.236690 0.487237 0.239767 0.563738 0.108623 0.569013
0 0.147476 0.488819 0.280273 0.490878 0.279086 0.567431 0.146290 0.565372
0 0.185856 0.491363 0.317071 0.488345 0.318831 0.564887 0.187616 0.567905
0 0.230748 0.490718 0.361986 0.488976 0.363002 0.565532 0.231764 0.567274
0 0.273975 0.486912 0.403590 0.491256 0.401025 0.567776 0.271410 0.563431
0 0.311799 0.491042 0.439902 0.488659 0.441326 0.565208 0.313223 0.567591
0 0.353643 0.488980 0.483319 0.490715 0.482295 0.567270 0.352619 0.565535
0 0.389119 0.488965 0.521931 0.489160 0.521818 0.565723 0.389006 0.565527
0 0.428919 0.492701 0.563176 0.487054 0.566393 0.563549 0.432137 0.569196
0 0.473300 0.492845 0.601288 0.486924 0.604825 0.563405 0.476837 0.569326
0 0.510395 0.494300 0.636544 0.484075 0.642730 0.560387 0.516581 0.570613
0 0.552045 0.489029 0.683285 0.490665 0.682330 0.567221 0.551090 0.565585
0 0.592510 0.488502 0.726880 0.489625 0.726240 0.566185 0.591870 0.565062
0 0.633703 0.491019 0.764932 0.488681 0.766297 0.565231 0.635068 0.567569
0 0.676012 0.490816 0.808810 0.488880 0.809926 0.565434 0.677128 0.567370
0 0.719330 0.488854 0.852128 0.490842 0.850982 0.567396 0.718185 0.565408
0 0.760831 0.491427 0.893606 0.488282 0.895419 0.564823 0.762644 0.567968
0 0.807001 0.488600 0.936664 0.491102 0.935187 0.567650 0.805523 0.565148
0 0.843082 0.494004 0.975643 0.485829 0.980355 0.562246 0.847795 0.570421
1 0.054191 0.581717 0.080739 0.580826 0.083309 0.657345 0.056761 0.658237
1 0.121583 0.582214 0.146522 0.580472 0.151855 0.656849 0.126915 0.658590
1 0.185759 0.581899 0.212293 0.580681 0.215804 0.657163 0.189269 0.658381
1 0.254545 0.583257 0.279451 0.581093 0.286080 0.657368 0.261174 0.659532
1 0.324355 0.581480 0.350913 0.581031 0.352208 0.657582 0.325649 0.658032
1 0.390200 0.583049 0.415133 0.581219 0.420738 0.657576 0.395805 0.659406
1 0.460342 0.583181 0.486824 0.581114 0.492783 0.657444 0.466301 0.659511
1 0.529334 0.581930 0.554302 0.580668 0.558166 0.657133 0.533198 0.658394
1 0.599971 0.581524 0.624966 0.580993 0.626591 0.657539 0.601597 0.658069
1 0.662298 0.583283 0.687200 0.581078 0.693952 0.657342 0.669050 0.659547
1 0.733902 0.581708 0.760450 0.580833 0.762973 0.657354 0.736425 0.658229
1 0.797738 0.581500 0.824296 0.581013 0.825699 0.657563 0.799141 0.658049
1 0.862445 0.581817 0.887422 0.580753 0.890680 0.657246 0.865703 0.658310
5 0.050804 0.674039 0.078906 0.672899 0.082008 0.749399 0.053906 0.750538
5 0.115132 0.675827 0.144681 0.672967 0.152056 0.749173 0.122506 0.752033
5 0.176321 0.675735 0.205748 0.671811 0.215867 0.747702 0.186440 0.751626
5 0.249523 0.673950 0.279194 0.672967 0.281727 0.749488 0.252056 0.750470
5 0.313400 0.674330 0.341476 0.672677 0.345975 0.749107 0.317899 0.750760
5 0.379255 0.675415 0.408862 0.673230 0.414495 0.749585 0.384888 0.751770
5 0.447358 0.673254 0.477043 0.673627 0.476079 0.750184 0.446394 0.749810
5 0.512101 0.675399 0.541710 0.673241 0.547274 0.749601 0.517665 0.751759
5 0.573414 0.675594 0.602998 0.673112 0.609398 0.749406 0.579814 0.751888
5 0.641866 0.676140 0.671363 0.672787 0.680009 0.748860 0.650512 0.752213
5 0.710299 0.674019 0.739966 0.672910 0.742826 0.749419 0.713159 0.750528
5 0.774931 0.675616 0.804511 0.673097 0.811007 0.749384 0.781427 0.751903
5 0.840302 0.674223 0.869952 0.672746 0.873761 0.749214 0.844110 0.750691
5 0.908748 0.675508 0.938343 0.673168 0.944377 0.749492 0.914782 0.751832
0 0.016124 0.718683 0.081727 0.720392 0.080751 0.757879 0.015148 0.756171
0 0.055658 0.716753 0.121035 0.722451 0.117779 0.759810 0.052402 0.754111
0 0.085791 0.720558 0.148289 0.720068 0.148584 0.757567 0.086086 0.758057
0 0.116469 0.722368 0.180292 0.716834 0.183531 0.754194 0.119708 0.759728
0 0.139293 0.719925 0.203350 0.720703 0.202895 0.758200 0.138837 0.757422
0 0.160796 0.715177 0.224211 0.724265 0.218891 0.761385 0.155477 0.752298
0 0.196148 0.717068 0.258444 0.722118 0.255414 0.759495 0.193118 0.754445
0 0.222348 0.716422 0.286089 0.722828 0.282340 0.760140 0.218598 0.753734
0 0.245678 0.718479 0.309632 0.722210 0.307447 0.759646 0.243493 0.755915
0 0.271417 0.715386 0.334639 0.725732 0.328583 0.762739 0.265361 0.752393
0 0.305605 0.720650 0.368066 0.718436 0.369395 0.755912 0.306934 0.758127
0 0.335224 0.722285 0.397492 0.716916 0.400714 0.754277 0.338445 0.759647
0 0.366600 0.720600 0.432190 0.718482 0.433400 0.755963 0.367810 0.758080
0 0.394160 0.716509 0.457919 0.722730 0.454278 0.760053 0.390518 0.753832
0 0.421785 0.720467 0.485847 0.720158 0.486028 0.757658 0.421966 0.757967
0 0.438792 0.723965 0.504033 0.716879 0.508083 0.754160 0.442842 0.761246
0 0.460344 0.720610 0.525934 0.718472 0.527156 0.755953 0.461566 0.758090
0 0.497754 0.714880 0.561072 0.724619 0.555371 0.761683 0.492053 0.751944
0 0.512176 0.720877 0.576229 0.719754 0.576886 0.757248 0.512834 0.758371
0 0.540370 0.720745 0.602864 0.719884 0.603380 0.757380 0.540886 0.758241
0 0.557687 0.720528 0.621748 0.720098 0.622000 0.757597 0.557939 0.758027
0 0.587159 0.720908 0.651210 0.719723 0.651904 0.757217 0.587852 0.758402
0 0.617864 0.718448 0.680325 0.720638 0.679011 0.758115 0.616550 0.755925
0 0.649894 0.714968 0.712956 0.726243 0.706356 0.763157 0.643294 0.751882
0 0.681515 0.716711 0.745315 0.722505 0.741923 0.759852 0.678123 0.754057
0 0.713929 0.722788 0.777678 0.716458 0.781384 0.753774 0.717635 0.760105
0 0.750521 0.718668 0.814560 0.720409 0.813541 0.757895 0.749502 0.756154
0 0.785875 0.721053 0.849867 0.718051 0.851625 0.755509 0.787633 0.758512
0 0.805751 0.720390 0.868227 0.718686 0.869249 0.756172 0.806773 0.757876
0 0.838908 0.720578 0.902969 0.720048 0.903279 0.757547 0.839219 0.758077
0 0.864592 0.718185 0.930074 0.722522 0.927595 0.759940 0.862114 0.755603
0 0.896468 0.722452 0.958828 0.718258 0.961344 0.755673 0.898985 0.759867
5 0.046085 0.855965 0.075677 0.858344 0.069540 0.934660 0.039948 0.932281
5 0.103703 0.855794 0.133257 0.858614 0.125984 0.934831 0.096431 0.932011
5 0.157121 0.854537 0.186510 0.858732 0.175692 0.934526 0.146302 0.930331
5 0.214446 0.855718 0.242401 0.858808 0.233991 0.934907 0.206036 0.931817
5 0.266228 0.855788 0.295779 0.858626 0.288460 0.934837 0.258908 0.931999
5 0.317622 0.856084 0.347308 0.856421 0.346440 0.932978 0.316755 0.932642
5 0.378824 0.855761 0.408369 0.858671 0.400863 0.934864 0.371319 0.931954
5 0.428944 0.856191 0.458575 0.858016 0.453869 0.934434 0.424237 0.932609
5 0.486716 0.855531 0.516190 0.859081 0.507034 0.935094 0.477560 0.931544
5 0.541055 0.855836 0.570619 0.858546 0.563632 0.934789 0.534069 0.932079
5 0.592477 0.855583 0.622130 0.857005 0.618461 0.933480 0.588807 0.932057
5 0.652020 0.855829 0.681581 0.858558 0.674543 0.934796 0.644981 0.932067
5 0.703400 0.855587 0.733054 0.856999 0.729413 0.933475 0.699759 0.932063
5 0.758038 0.855676 0.787559 0.858816 0.779462 0.934949 0.749941 0.931809
5 0.809734 0.855640 0.839244 0.858879 0.830891 0.934985 0.801381 0.931746
5 0.860097 0.855980 0.889692 0.858321 0.883653 0.934645 0.854058 0.932304
5 0.911076 0.856199 0.939201 0.856301 0.938924 0.932863 0.910799 0.932761
0 0.015443 0.903440 0.079502 0.902812 0.079870 0.940310 0.015810 0.940938
0 0.045115 0.905651 0.107285 0.899235 0.111135 0.936537 0.048965 0.942953
0 0.080076 0.899281 0.145398 0.905580 0.141799 0.942907 0.076477 0.936608
0 0.113935 0.904813 0.179476 0.901485 0.181377 0.938937 0.115837 0.942265
0 0.134550 0.902829 0.198610 0.903422 0.198262 0.940921 0.134203 0.940328
0 0.158642 0.899830 0.222497 0.904979 0.219483 0.942358 0.155628 0.937209
0 0.186909 0.903365 0.249377 0.901342 0.250591 0.938822 0.188123 0.940845
0 0.207585 0.908449 0.270835 0.898277 0.276790 0.935301 0.213540 0.945473
0 0.230431 0.901156 0.292885 0.903559 0.291444 0.941031 0.228990 0.938629
0 0.260934 0.905321 0.324733 0.899520 0.328129 0.936866 0.264330 0.942667
0 0.291660 0.905565 0.355544 0.900789 0.358340 0.938185 0.294456 0.942961
0 0.325939 0.899737 0.388209 0.905088 0.384999 0.942450 0.322728 0.937099
0 0.357459 0.903757 0.423072 0.902499 0.423791 0.939993 0.358178 0.941251
0 0.387786 0.899561 0.450023 0.905284 0.446589 0.942627 0.384352 0.936903
0 0.420083 0.906502 0.482239 0.899954 0.486167 0.937248 0.424011 0.943796
0 0.445014 0.903645 0.509068 0.902610 0.509674 0.940105 0.445620 0.941140
0 0.486177 0.902732 0.548672 0.903521 0.548198 0.941018 0.485703 0.940229
0 0.519708 0.899366 0.583294 0.907163 0.578730 0.944384 0.515144 0.936587
0 0.549629 0.905194 0.611997 0.901135 0.614433 0.938556 0.552065 0.942615
0 0.573971 0.901461 0.638009 0.903241 0.636967 0.940727 0.572929 0.938946
0 0.614709 0.900875 0.678607 0.905472 0.675916 0.942875 0.612018 0.938278
0 0.657055 0.895146 0.719212 0.910657 0.710132 0.947041 0.647976 0.931530
0 0.672954 0.907059 0.734992 0.899469 0.739546 0.936691 0.677508 0.944281
0 0.712533 0.903069 0.776595 0.903181 0.776530 0.940681 0.712467 0.940569
0 0.751881 0.902579 0.817496 0.903676 0.816869 0.941171 0.751254 0.940074
0 0.778972 0.906810 0.840881 0.898232 0.846028 0.935377 0.784119 0.943956
0 0.806189 0.907111 0.868019 0.897979 0.873498 0.935076 0.811669 0.944209
0 0.827483 0.905020 0.891332 0.899793 0.894392 0.937168 0.830543 0.942395
0 0.855728 0.903265 0.919765 0.901438 0.920834 0.938923 0.856798 0.940750
0 0.891414 0.903697 0.953857 0.901025 0.955461 0.938491 0.893018 0.941163
6 0.953070 0.598576 0.999944 0.598299 1.000000 0.617049 0.953181 0.617326
6 0.971905 0.179657 0.998468 0.179718 0.998407 0.206280 0.971845 0.206220
6 0.000000 0.148905 0.019845 0.147985 0.020765 0.176095 0.000000 0.177015
6 0.956148 0.644009 1.000000 0.643492 1.000000 0.665366 0.956355 0.665883
