4 0.003199 0.073339 0.125074 0.073537 0.124926 0.164161 0.003051 0.163963
0 0.019873 0.181987 0.075943 0.177493 0.078565 0.210200 0.022494 0.214695
0 0.048029 0.174292 0.103756 0.166638 0.108221 0.199145 0.052494 0.206799
4 0.126554 0.076786 0.248252 0.070221 0.253134 0.160714 0.131435 0.167279
0 0.160791 0.174070 0.216126 0.163964 0.222021 0.196243 0.166686 0.206348
0 0.163486 0.174569 0.217563 0.166422 0.222452 0.198868 0.168374 0.207016
4 0.254616 0.073826 0.376469 0.071503 0.378196 0.162111 0.256344 0.164435
0 0.276348 0.187412 0.329131 0.173106 0.337715 0.204775 0.284932 0.219082
0 0.268591 0.174509 0.323757 0.185499 0.317346 0.217679 0.262180 0.206689
4 0.377665 0.079213 0.498884 0.066587 0.508273 0.156724 0.387054 0.169351
0 0.399822 0.165292 0.455365 0.174183 0.450178 0.206583 0.394635 0.197692
4 0.509897 0.071735 0.631724 0.075176 0.629165 0.165765 0.507339 0.162324
0 0.520520 0.178099 0.576677 0.181331 0.574792 0.214089 0.518635 0.210857
0 0.528806 0.171572 0.583449 0.173767 0.582132 0.206553 0.527488 0.204358
4 0.634111 0.075222 0.755881 0.070168 0.759639 0.160715 0.637869 0.165769
0 0.654590 0.183623 0.708936 0.177520 0.712598 0.210127 0.658252 0.216230
4 0.760476 0.075513 0.882222 0.069896 0.886399 0.160424 0.764653 0.166042
0 0.791580 0.179344 0.846412 0.166795 0.853733 0.198781 0.798900 0.211330
0 0.785041 0.177487 0.839542 0.181999 0.836834 0.214700 0.782333 0.210188
4 0.065272 0.206729 0.187143 0.205774 0.187853 0.296396 0.065982 0.297351
0 0.091361 0.301143 0.147558 0.303575 0.146139 0.336357 0.089942 0.333925
0 0.070872 0.296810 0.126732 0.303417 0.122878 0.336003 0.067018 0.329395
0 0.093420 0.309954 0.149659 0.308803 0.150330 0.341609 0.094091 0.342759
4 0.190003 0.208200 0.311817 0.204345 0.314684 0.294925 0.192870 0.298780
0 0.237933 0.299639 0.294045 0.303566 0.291755 0.336298 0.235642 0.332372
4 0.320622 0.202885 0.442303 0.209760 0.437191 0.300240 0.315510 0.293365
0 0.352530 0.311334 0.406594 0.303102 0.411533 0.335541 0.357468 0.343773
4 0.438619 0.215539 0.559213 0.197914 0.572319 0.287586 0.451725 0.305211
0 0.478442 0.304156 0.534682 0.305225 0.534058 0.338032 0.477818 0.336962
0 0.484062 0.307626 0.538124 0.292088 0.547188 0.323624 0.493126 0.339162
4 0.578774 0.196649 0.699204 0.215363 0.685288 0.304913 0.564859 0.286200
0 0.589981 0.313306 0.647085 0.304284 0.652206 0.336694 0.595102 0.345716
4 0.693236 0.212117 0.814437 0.199321 0.823952 0.289446 0.702750 0.302241
0 0.707672 0.324077 0.758785 0.304630 0.770453 0.335298 0.719340 0.354745
0 0.727618 0.304221 0.783282 0.296121 0.788007 0.328591 0.732343 0.336692
0 0.696112 0.313468 0.751589 0.304170 0.757013 0.336532 0.701536 0.345830
4 0.000000 0.349670 0.116743 0.329682 0.131606 0.419080 0.011382 0.439068
0 0.010641 0.447463 0.066433 0.440304 0.070609 0.472849 0.014817 0.480009
0 0.065756 0.432142 0.119234 0.443584 0.112369 0.475670 0.058891 0.464229
0 0.059253 0.434586 0.115501 0.434165 0.115747 0.466976 0.059499 0.467398
4 0.124535 0.346194 0.245468 0.331069 0.256715 0.420994 0.135782 0.436118
0 0.168587 0.431426 0.224733 0.428009 0.226726 0.460761 0.170580 0.464178
0 0.177780 0.440346 0.233039 0.450857 0.226908 0.483091 0.171648 0.472581
0 0.183332 0.429633 0.237993 0.431320 0.236981 0.464117 0.182319 0.462430
4 0.256750 0.338398 0.378617 0.339732 0.377625 0.430352 0.255758 0.429018
0 0.302963 0.437673 0.359109 0.434262 0.361100 0.467014 0.304953 0.470426
0 0.319408 0.441992 0.375235 0.448880 0.371217 0.481446 0.315390 0.474557
4 0.388522 0.332255 0.509563 0.346490 0.498978 0.436495 0.377937 0.422260
0 0.441715 0.443807 0.497941 0.442145 0.498910 0.474943 0.442684 0.476605
0 0.423119 0.439621 0.479358 0.438510 0.480006 0.471316 0.423767 0.472427
0 0.436632 0.429332 0.492835 0.431633 0.491493 0.464418 0.435290 0.462117
4 0.513554 0.333926 0.634966 0.344543 0.627071 0.434824 0.505659 0.424207
0 0.568461 0.431679 0.624575 0.427776 0.626852 0.460509 0.570737 0.464412
4 0.633817 0.340922 0.755636 0.337245 0.758371 0.427828 0.636551 0.431505
0 0.660937 0.447281 0.713823 0.428119 0.725000 0.458969 0.672115 0.478131
4 0.760295 0.341409 0.882015 0.335269 0.886580 0.425779 0.764860 0.431919
0 0.788535 0.439203 0.844575 0.434356 0.847403 0.467047 0.791362 0.471894
0 0.783882 0.449499 0.839555 0.441462 0.844243 0.473938 0.788570 0.481975
0 0.816677 0.443927 0.874279 0.439005 0.877073 0.471698 0.819471 0.476620
4 0.063574 0.473635 0.185399 0.470152 0.187988 0.560740 0.066163 0.564223
0 0.107436 0.573164 0.162542 0.561878 0.169126 0.594023 0.114020 0.605310
4 0.192576 0.469561 0.314412 0.472656 0.312111 0.563251 0.190275 0.560157
0 0.253498 0.575939 0.309734 0.577194 0.309002 0.609998 0.252766 0.608744
4 0.319433 0.470190 0.441294 0.472008 0.439942 0.562623 0.318081 0.560804
0 0.350688 0.563917 0.404952 0.570712 0.400874 0.603271 0.346611 0.596475
0 0.370841 0.560456 0.425167 0.575042 0.416659 0.606732 0.362333 0.592146
4 0.447331 0.468498 0.569092 0.473774 0.565169 0.564314 0.443408 0.559038
0 0.505095 0.562227 0.559654 0.565975 0.557405 0.598710 0.502846 0.594963
0 0.464491 0.553977 0.515729 0.573093 0.504259 0.603836 0.453021 0.584719
0 0.494137 0.571229 0.550372 0.572530 0.549613 0.605334 0.493378 0.604033
4 0.577882 0.463948 0.698606 0.480658 0.686180 0.570427 0.565456 0.553717
0 0.584250 0.573045 0.637859 0.583852 0.631375 0.616018 0.577766 0.605210
0 0.621829 0.573514 0.676516 0.573361 0.676609 0.606173 0.621921 0.606327
4 0.695030 0.475640 0.816682 0.468276 0.822158 0.558735 0.700506 0.566099
0 0.739617 0.560447 0.794397 0.573223 0.786945 0.605178 0.732165 0.592402
4 0.003364 0.604368 0.125238 0.605009 0.124761 0.695632 0.002887 0.694991
0 0.065340 0.703624 0.121581 0.702631 0.122160 0.735439 0.065919 0.736431
0 0.045008 0.701080 0.100189 0.690168 0.106555 0.722358 0.051373 0.733269
4 0.130221 0.603978 0.252088 0.605403 0.251029 0.696022 0.129162 0.694597
0 0.130815 0.701465 0.185856 0.689865 0.192622 0.721973 0.137582 0.733572
4 0.251218 0.611607 0.372199 0.596870 0.383157 0.686830 0.262176 0.701567
0 0.311959 0.701731 0.367995 0.696831 0.370853 0.729519 0.314817 0.734419
0 0.310506 0.704508 0.365807 0.714795 0.359807 0.747054 0.304505 0.736768
0 0.269289 0.696766 0.325510 0.698564 0.324461 0.731359 0.268240 0.729561
4 0.383398 0.602905 0.505220 0.606510 0.502539 0.697095 0.380718 0.693490
0 0.408607 0.701116 0.462520 0.710286 0.457018 0.742634 0.403105 0.733464
0 0.391552 0.702202 0.447125 0.693505 0.452198 0.725923 0.396625 0.734620
4 0.510022 0.602828 0.631839 0.606590 0.629041 0.697172 0.507224 0.693410
0 0.532889 0.699869 0.589139 0.700131 0.588986 0.732943 0.532736 0.732681
0 0.560790 0.706506 0.617037 0.705995 0.617335 0.738806 0.561088 0.739317
4 0.634166 0.605269 0.756011 0.602566 0.758021 0.693169 0.636176 0.695871
0 0.681796 0.696778 0.736455 0.698552 0.735391 0.731347 0.680732 0.729573
0 0.669426 0.691968 0.725247 0.698908 0.721199 0.731469 0.665378 0.724530
4 0.760306 0.606652 0.882119 0.602769 0.885007 0.693348 0.763194 0.697231
0 0.795383 0.707213 0.851563 0.710015 0.849929 0.742787 0.793749 0.739985
4 0.066053 0.736930 0.187922 0.738074 0.187072 0.828695 0.065203 0.827551
0 0.072118 0.833977 0.126799 0.834776 0.126320 0.867585 0.071638 0.866786
0 0.071970 0.833739 0.128146 0.836617 0.126467 0.869386 0.070291 0.866508
4 0.192340 0.737295 0.314215 0.737705 0.313910 0.828330 0.192035 0.827920
0 0.211984 0.849103 0.265608 0.832117 0.275516 0.863397 0.221892 0.880383
0 0.239047 0.837525 0.293735 0.837475 0.293765 0.870287 0.239078 0.870338
4 0.319605 0.735379 0.441404 0.739678 0.438207 0.830246 0.316408 0.825947
0 0.381707 0.823052 0.436542 0.835586 0.429231 0.867573 0.374395 0.855039
0 0.340358 0.842514 0.394920 0.838811 0.397142 0.871548 0.342580 0.875251
0 0.332438 0.838784 0.387546 0.827507 0.394124 0.859654 0.339016 0.870930
4 0.441650 0.740875 0.563255 0.732763 0.569287 0.823187 0.447682 0.831299
0 0.459181 0.836174 0.515320 0.832641 0.517381 0.865389 0.461242 0.868922
4 0.574135 0.733674 0.695757 0.741513 0.689928 0.831951 0.568305 0.824112
0 0.572898 0.846184 0.627380 0.841439 0.630227 0.874128 0.575745 0.878873
4 0.694648 0.741073 0.816228 0.732585 0.822539 0.822990 0.700960 0.831478
0 0.715148 0.842229 0.769811 0.840598 0.770790 0.873396 0.716126 0.875027
0 0.741894 0.831763 0.798135 0.830742 0.798731 0.863549 0.742490 0.864570
6 0.000000 0.131118 0.048488 0.131382 0.048387 0.151694 0.000000 0.151431
6 0.017304 0.268694 0.042244 0.270429 0.040508 0.295369 0.015569 0.293633
6 0.947282 0.663664 0.981648 0.664470 0.980843 0.698836 0.946477 0.698030
