0 0.039901 0.051048 0.111382 0.058558 0.106974 0.100515 0.035493 0.093004
0 0.074071 0.054425 0.145915 0.056530 0.144679 0.098700 0.072835 0.096595
0 0.109690 0.052555 0.181316 0.058528 0.177810 0.100570 0.106184 0.094597
0 0.149014 0.054516 0.220864 0.056437 0.219736 0.098609 0.147886 0.096688
0 0.183317 0.051441 0.256451 0.058108 0.252621 0.100122 0.179487 0.093454
0 0.224078 0.052434 0.295806 0.057027 0.293110 0.099129 0.221382 0.094535
0 0.258153 0.052457 0.331331 0.058630 0.327784 0.100668 0.254607 0.094495
0 0.295497 0.053090 0.368863 0.056326 0.367003 0.098473 0.293637 0.095236
0 0.331528 0.052608 0.403163 0.058471 0.399722 0.100517 0.328087 0.094654
0 0.369603 0.052850 0.442845 0.058200 0.439772 0.100275 0.366530 0.094925
0 0.405058 0.052477 0.476670 0.058615 0.473067 0.100648 0.401455 0.094510
0 0.442457 0.054235 0.514326 0.055144 0.513793 0.097328 0.441924 0.096419
0 0.478717 0.054471 0.552126 0.056482 0.550971 0.098654 0.477561 0.096643
0 0.517475 0.052928 0.590826 0.056497 0.588775 0.098635 0.515424 0.095065
0 0.552299 0.053074 0.624008 0.057962 0.621139 0.100051 0.549430 0.095163
0 0.592702 0.052621 0.664454 0.056826 0.661986 0.098941 0.590234 0.094736
0 0.630231 0.054570 0.702083 0.056381 0.701019 0.098555 0.629167 0.096744
0 0.667803 0.051352 0.739350 0.058216 0.735322 0.100210 0.663775 0.093347
0 0.701853 0.052960 0.773642 0.056465 0.771585 0.098603 0.699795 0.095097
0 0.737924 0.052757 0.809692 0.056681 0.807388 0.098806 0.735621 0.094881
0 0.777291 0.054275 0.849125 0.056687 0.847709 0.098850 0.775875 0.096438
0 0.812007 0.051437 0.884969 0.059773 0.880181 0.101688 0.807218 0.093352
0 0.852024 0.053920 0.923882 0.055464 0.922976 0.097642 0.851118 0.096098
0 0.888335 0.052983 0.958464 0.058065 0.955415 0.100142 0.885286 0.095060
0 0.052846 0.086932 0.086342 0.079212 0.090904 0.099005 0.057408 0.106726
0 0.074311 0.084862 0.108597 0.082379 0.110064 0.102638 0.075778 0.105121
0 0.099840 0.084608 0.134038 0.081122 0.136098 0.101329 0.101900 0.104816
0 0.130502 0.084983 0.164769 0.082268 0.166373 0.102517 0.132106 0.105232
0 0.157048 0.082350 0.191329 0.084893 0.189827 0.105150 0.155546 0.102607
0 0.181887 0.082586 0.216201 0.084638 0.214988 0.104914 0.180674 0.102862
0 0.206491 0.082415 0.240857 0.083215 0.240384 0.103522 0.206018 0.102722
0 0.239444 0.081063 0.273628 0.084675 0.271494 0.104875 0.237309 0.101263
0 0.269640 0.082220 0.303899 0.085036 0.302235 0.105280 0.267976 0.102464
0 0.303261 0.082586 0.337633 0.083041 0.337364 0.103351 0.302992 0.102897
0 0.332712 0.084480 0.366933 0.081235 0.368851 0.101457 0.334629 0.104702
0 0.367400 0.082074 0.401633 0.085198 0.399787 0.105426 0.365554 0.102302
0 0.385503 0.083586 0.419845 0.082059 0.420747 0.102352 0.386405 0.103878
0 0.417136 0.082900 0.451510 0.082725 0.451614 0.103037 0.417240 0.103213
0 0.448099 0.085006 0.482213 0.080774 0.484713 0.100932 0.450600 0.105164
0 0.468246 0.084499 0.502575 0.082716 0.503629 0.103001 0.469300 0.104784
0 0.493020 0.084946 0.527293 0.082302 0.528855 0.102554 0.494582 0.105198
0 0.516986 0.084698 0.551166 0.081042 0.553326 0.101239 0.519146 0.104895
0 0.547813 0.084733 0.582115 0.082497 0.583437 0.102767 0.549135 0.105003
0 0.572747 0.082245 0.607011 0.085008 0.605378 0.105255 0.571114 0.102492
0 0.603658 0.080946 0.636241 0.084821 0.633842 0.104991 0.601259 0.101117
0 0.625216 0.082456 0.659583 0.083174 0.659159 0.103482 0.624792 0.102764
0 0.659241 0.084552 0.693449 0.081172 0.695447 0.101386 0.661238 0.104766
0 0.698319 0.083015 0.732692 0.082611 0.732931 0.102922 0.698558 0.103327
0 0.720285 0.082859 0.754660 0.082766 0.754715 0.103079 0.720340 0.103171
0 0.743663 0.086357 0.777378 0.079657 0.781337 0.099580 0.747622 0.106280
0 0.782811 0.085053 0.817068 0.082205 0.818751 0.102447 0.784494 0.105295
0 0.814290 0.082437 0.848656 0.083192 0.848210 0.103500 0.813844 0.102745
0 0.839929 0.081217 0.873943 0.086184 0.871008 0.106283 0.836994 0.101316
0 0.873810 0.082235 0.906601 0.083403 0.905878 0.103703 0.873086 0.102534
0 0.907705 0.082997 0.942078 0.082630 0.942295 0.102941 0.907922 0.103308
1 0.056248 0.167465 0.070301 0.166940 0.071877 0.209098 0.057824 0.209623
1 0.091717 0.167647 0.105754 0.166804 0.108283 0.208916 0.094246 0.209759
1 0.132397 0.167954 0.146395 0.166613 0.150416 0.208609 0.136417 0.209949
1 0.175047 0.167172 0.189109 0.167203 0.189016 0.209390 0.174953 0.209359
1 0.213326 0.167447 0.227380 0.166954 0.228861 0.209115 0.214807 0.209609
1 0.255793 0.167642 0.269830 0.166808 0.272332 0.208921 0.258295 0.209755
1 0.296570 0.167581 0.310614 0.166851 0.312805 0.208981 0.298761 0.209712
1 0.333928 0.167342 0.347987 0.167043 0.348884 0.209221 0.334825 0.209520
1 0.369660 0.167416 0.383716 0.166979 0.385027 0.209146 0.370971 0.209583
1 0.408654 0.167442 0.422709 0.166958 0.424158 0.209121 0.410104 0.209604
1 0.450920 0.167413 0.464976 0.166982 0.466267 0.209150 0.452211 0.209580
1 0.487335 0.167844 0.501349 0.166676 0.504853 0.208718 0.490839 0.209886
1 0.528396 0.167099 0.542457 0.167279 0.541916 0.209463 0.527855 0.209283
1 0.568128 0.167405 0.582184 0.166988 0.583435 0.209157 0.569378 0.209574
1 0.611263 0.167082 0.625324 0.167298 0.624674 0.209481 0.610614 0.209264
1 0.653063 0.167488 0.667114 0.166922 0.668812 0.209075 0.654761 0.209641
1 0.691988 0.167255 0.706050 0.167122 0.706450 0.209307 0.692388 0.209441
1 0.732282 0.167372 0.746340 0.167017 0.747406 0.209191 0.733348 0.209546
1 0.773043 0.167944 0.787043 0.166619 0.791020 0.208618 0.777020 0.209944
1 0.815355 0.167280 0.829416 0.167099 0.829958 0.209283 0.815896 0.209464
1 0.852410 0.167439 0.866465 0.166960 0.867902 0.209123 0.853848 0.209602
1 0.894906 0.167327 0.908966 0.167056 0.909782 0.209235 0.895722 0.209507
5 0.050535 0.223247 0.066155 0.223642 0.065090 0.265816 0.049470 0.265421
5 0.076558 0.223439 0.092183 0.223436 0.092192 0.265623 0.076567 0.265627
5 0.099568 0.223603 0.115189 0.223281 0.116057 0.265460 0.100436 0.265781
5 0.122469 0.223227 0.138087 0.223664 0.136906 0.265835 0.121288 0.265398
5 0.145029 0.224217 0.160592 0.222826 0.164346 0.264846 0.148783 0.266237
5 0.167131 0.224489 0.182650 0.222672 0.187557 0.264573 0.172038 0.266391
5 0.195660 0.223053 0.211263 0.223881 0.209027 0.266009 0.193424 0.265181
5 0.220082 0.223840 0.235689 0.223084 0.237730 0.265222 0.222124 0.265978
5 0.250084 0.223407 0.265709 0.223469 0.265541 0.265656 0.249916 0.265594
5 0.273479 0.223422 0.289104 0.223453 0.289021 0.265640 0.273396 0.265610
5 0.300180 0.223372 0.315804 0.223505 0.315445 0.265691 0.299821 0.265558
5 0.324107 0.223201 0.339724 0.223695 0.338393 0.265861 0.322776 0.265368
5 0.345391 0.223409 0.361016 0.223467 0.360859 0.265654 0.345234 0.265596
5 0.370256 0.223458 0.385881 0.223417 0.385994 0.265604 0.370369 0.265646
5 0.396588 0.223546 0.412211 0.223333 0.412787 0.265516 0.397164 0.265730
5 0.424367 0.223683 0.439985 0.223211 0.441258 0.265380 0.425640 0.265851
5 0.448593 0.223381 0.464217 0.223496 0.463907 0.265682 0.448283 0.265567
5 0.471074 0.223171 0.486688 0.223731 0.485176 0.265891 0.469562 0.265331
5 0.490609 0.223750 0.506222 0.223155 0.507829 0.265312 0.492215 0.265907
5 0.515804 0.223372 0.531428 0.223504 0.531071 0.265690 0.515447 0.265558
5 0.540728 0.223131 0.556339 0.223781 0.554585 0.265932 0.538973 0.265282
5 0.562053 0.223609 0.577674 0.223276 0.578572 0.265454 0.562951 0.265786
5 0.590601 0.223446 0.606226 0.223429 0.606274 0.265616 0.590649 0.265634
5 0.616911 0.223542 0.632535 0.223337 0.633089 0.265521 0.617465 0.265726
5 0.643786 0.223424 0.659411 0.223451 0.659339 0.265638 0.643714 0.265612
5 0.667419 0.222857 0.682990 0.224166 0.679456 0.266205 0.663885 0.264896
5 0.687629 0.223122 0.703240 0.223791 0.701434 0.265940 0.685823 0.265271
5 0.707437 0.223903 0.723038 0.223037 0.725376 0.265160 0.709775 0.266026
5 0.734322 0.223457 0.749947 0.223418 0.750053 0.265605 0.734428 0.265645
5 0.758097 0.223334 0.773721 0.223545 0.773153 0.265728 0.757529 0.265518
5 0.784564 0.223368 0.800188 0.223508 0.799811 0.265694 0.784187 0.265554
5 0.809164 0.223832 0.824772 0.223091 0.826773 0.265231 0.811166 0.265972
5 0.839500 0.223281 0.855122 0.223603 0.854250 0.265782 0.838628 0.265459
5 0.859296 0.223777 0.874907 0.223134 0.876642 0.265286 0.861030 0.265928
5 0.888568 0.223627 0.904188 0.223259 0.905182 0.265435 0.889562 0.265803
5 0.917235 0.223420 0.932860 0.223455 0.932765 0.265643 0.917140 0.265607
0 0.055404 0.249375 0.089475 0.253929 0.086784 0.274063 0.052712 0.269508
0 0.088308 0.253679 0.121016 0.251073 0.122630 0.271321 0.089921 0.273927
0 0.119130 0.250945 0.153482 0.252193 0.152745 0.272492 0.118393 0.271244
0 0.150646 0.249555 0.183191 0.253735 0.180604 0.273882 0.148059 0.269702
0 0.176149 0.252298 0.210493 0.250845 0.211351 0.271140 0.177007 0.272592
0 0.203992 0.255414 0.237866 0.249569 0.241320 0.269586 0.207446 0.275431
0 0.236448 0.251526 0.270783 0.253186 0.269802 0.273474 0.235467 0.271814
0 0.269012 0.251131 0.303376 0.252000 0.302863 0.272306 0.268499 0.271437
0 0.305185 0.249741 0.337779 0.253519 0.335440 0.273696 0.302846 0.269919
0 0.324352 0.253475 0.357089 0.251259 0.358461 0.271525 0.325723 0.273741
0 0.362845 0.251000 0.397201 0.252136 0.396530 0.272438 0.362174 0.271301
0 0.393703 0.251643 0.428077 0.251482 0.428172 0.271794 0.393798 0.271956
0 0.412301 0.251908 0.446669 0.251221 0.447074 0.271530 0.412706 0.272216
0 0.433722 0.253540 0.468017 0.251195 0.469403 0.271460 0.435108 0.273805
0 0.465295 0.252143 0.499651 0.250993 0.500330 0.271294 0.465974 0.272444
0 0.496125 0.253735 0.530393 0.251016 0.532000 0.271265 0.497732 0.273984
0 0.531859 0.249512 0.565969 0.253769 0.563453 0.273926 0.529343 0.269668
0 0.559771 0.250921 0.594121 0.252219 0.593354 0.272517 0.559004 0.271219
0 0.585935 0.255652 0.619732 0.249377 0.623440 0.269348 0.589643 0.275623
0 0.616368 0.251180 0.650661 0.253556 0.649257 0.273820 0.614964 0.271444
0 0.638940 0.253277 0.673153 0.249944 0.675123 0.270161 0.640910 0.273494
0 0.670286 0.253855 0.704535 0.250908 0.706276 0.271145 0.672028 0.274092
0 0.711361 0.250877 0.745708 0.252264 0.744889 0.272560 0.710542 0.271173
0 0.747345 0.250840 0.780125 0.252306 0.779217 0.272598 0.746438 0.271132
0 0.784522 0.251317 0.818894 0.251810 0.818603 0.272120 0.784231 0.271628
0 0.805796 0.254027 0.839843 0.249291 0.842642 0.269410 0.808594 0.274146
0 0.836518 0.249377 0.870315 0.255652 0.866607 0.275623 0.832810 0.269348
0 0.860796 0.251805 0.895168 0.251322 0.895454 0.271632 0.861082 0.272116
0 0.883097 0.249944 0.917310 0.253276 0.915341 0.273493 0.881128 0.270161
0 0.909944 0.251438 0.944269 0.253279 0.943181 0.273562 0.908856 0.271721
5 0.062461 0.336260 0.078074 0.335648 0.079726 0.377803 0.064113 0.378415
5 0.104890 0.335864 0.120514 0.336013 0.120110 0.378199 0.104486 0.378049
5 0.144348 0.335726 0.159966 0.336166 0.158777 0.378337 0.143159 0.377896
5 0.179877 0.335868 0.195501 0.336008 0.195123 0.378194 0.179499 0.378054
5 0.220576 0.335579 0.236182 0.336346 0.234111 0.378483 0.218505 0.377716
5 0.261240 0.335828 0.276863 0.336051 0.276260 0.378234 0.260637 0.378011
5 0.297168 0.335570 0.312773 0.336359 0.310644 0.378492 0.295039 0.377704
5 0.333971 0.336092 0.349593 0.335791 0.350404 0.377971 0.334782 0.378271
5 0.373527 0.335397 0.389105 0.336604 0.385848 0.378665 0.370270 0.377459
5 0.410975 0.335652 0.426588 0.336254 0.424963 0.378410 0.409350 0.377808
5 0.449681 0.336059 0.465304 0.335821 0.465944 0.378004 0.450321 0.378241
5 0.486282 0.335813 0.501905 0.336068 0.501218 0.378250 0.485595 0.377995
5 0.528555 0.335528 0.544155 0.336415 0.541758 0.378535 0.526158 0.377647
5 0.563883 0.336005 0.579508 0.335872 0.579867 0.378058 0.564242 0.378191
5 0.603628 0.335758 0.619249 0.336129 0.618247 0.378305 0.602626 0.377933
5 0.644087 0.335557 0.659690 0.336377 0.657476 0.378506 0.641872 0.377686
5 0.686373 0.335781 0.701995 0.336103 0.701127 0.378281 0.685505 0.377960
5 0.728629 0.335758 0.744250 0.336129 0.743246 0.378305 0.727625 0.377933
5 0.767979 0.335420 0.783562 0.336569 0.780458 0.378643 0.764875 0.377493
5 0.805931 0.336058 0.821554 0.335821 0.822194 0.378004 0.806571 0.378241
5 0.844161 0.335790 0.859783 0.336093 0.858964 0.378273 0.843342 0.377970
5 0.883215 0.335536 0.898816 0.336404 0.896472 0.378526 0.880871 0.377658
0 0.042276 0.391582 0.112533 0.394389 0.110849 0.436543 0.040592 0.433736
0 0.077477 0.397295 0.148863 0.388929 0.153773 0.430830 0.082387 0.439196
0 0.119973 0.392776 0.191839 0.391605 0.192527 0.433786 0.120661 0.434958
0 0.152612 0.394567 0.224335 0.389897 0.227076 0.431995 0.155353 0.436666
0 0.193476 0.394097 0.265253 0.390335 0.267461 0.432465 0.195685 0.436227
0 0.233828 0.395416 0.305542 0.390616 0.308360 0.432709 0.236645 0.437509
0 0.269686 0.395575 0.341379 0.390469 0.344377 0.432550 0.272683 0.437656
0 0.310911 0.394441 0.384291 0.391529 0.385964 0.433684 0.312584 0.436596
0 0.344725 0.394027 0.418132 0.391928 0.419338 0.434098 0.345930 0.436197
0 0.385490 0.392968 0.457349 0.391416 0.458260 0.433594 0.386401 0.435146
0 0.422988 0.396161 0.496019 0.388448 0.500450 0.430402 0.427418 0.438115
0 0.460702 0.393983 0.530926 0.390446 0.533048 0.432580 0.462824 0.436117
0 0.501289 0.392661 0.573158 0.391718 0.573711 0.433902 0.501842 0.434845
0 0.537469 0.394451 0.610848 0.391520 0.612531 0.433674 0.539152 0.436605
0 0.574381 0.394061 0.646223 0.391896 0.647494 0.434064 0.575652 0.436229
0 0.610297 0.394075 0.680575 0.391883 0.681891 0.434050 0.611612 0.436242
0 0.648418 0.395999 0.721616 0.390076 0.725019 0.432126 0.651821 0.438049
0 0.685411 0.394539 0.755572 0.389927 0.758339 0.432023 0.688178 0.436636
0 0.722774 0.395649 0.794457 0.390401 0.797538 0.432476 0.725855 0.437724
0 0.764908 0.394212 0.835178 0.391751 0.836654 0.433913 0.766385 0.436374
0 0.800980 0.395544 0.874243 0.390493 0.877145 0.432581 0.803882 0.437632
0 0.843266 0.393816 0.915121 0.392133 0.916109 0.434309 0.844254 0.435992
0 0.878038 0.394557 0.951409 0.391419 0.953212 0.433568 0.879841 0.436706
0 0.052851 0.422359 0.086997 0.418401 0.089336 0.438578 0.055190 0.442537
0 0.093082 0.419713 0.127341 0.422544 0.125668 0.442787 0.091409 0.439956
0 0.119750 0.422111 0.154067 0.420110 0.155250 0.440389 0.120933 0.442390
0 0.156465 0.419571 0.190697 0.422701 0.188848 0.442929 0.154615 0.439799
0 0.193928 0.419622 0.228170 0.422644 0.226384 0.442878 0.192142 0.439856
0 0.224851 0.422084 0.259053 0.418643 0.261087 0.438853 0.226884 0.442295
0 0.253588 0.419567 0.287930 0.421078 0.287037 0.441371 0.252695 0.439859
0 0.288815 0.422301 0.322973 0.418452 0.325248 0.438636 0.291089 0.442486
0 0.324810 0.420626 0.357616 0.420002 0.358003 0.440311 0.325196 0.440935
0 0.358261 0.418472 0.392425 0.422278 0.390176 0.442465 0.356012 0.438660
0 0.385238 0.424175 0.419109 0.418310 0.422575 0.438325 0.388704 0.444190
0 0.406822 0.420183 0.441147 0.422034 0.440053 0.442317 0.405728 0.440466
0 0.430822 0.422715 0.464885 0.418094 0.467616 0.438222 0.433553 0.442843
0 0.457573 0.420710 0.490376 0.419920 0.490865 0.440227 0.458062 0.441017
0 0.480638 0.423947 0.514579 0.418497 0.517799 0.438553 0.483859 0.444003
0 0.509144 0.420714 0.543510 0.419917 0.543981 0.440224 0.509615 0.441021
0 0.546428 0.422761 0.580479 0.418056 0.583260 0.438177 0.549208 0.442882
0 0.586400 0.419568 0.620742 0.421077 0.619850 0.441370 0.585508 0.439861
0 0.612163 0.420906 0.646518 0.419731 0.647212 0.440032 0.612857 0.441207
0 0.649459 0.422071 0.683780 0.420149 0.684916 0.440429 0.650595 0.442351
0 0.668917 0.420035 0.703288 0.420593 0.702958 0.440903 0.668587 0.440345
0 0.693289 0.421918 0.727625 0.420292 0.728586 0.440582 0.694250 0.442208
0 0.713836 0.422253 0.748005 0.418494 0.750226 0.438685 0.716057 0.442444
0 0.744298 0.420219 0.778627 0.421995 0.777577 0.442281 0.743248 0.440505
0 0.768034 0.417046 0.801699 0.423998 0.797591 0.443891 0.763926 0.436939
0 0.803376 0.418740 0.837598 0.421975 0.835686 0.442198 0.801464 0.438962
0 0.840743 0.420115 0.875116 0.420511 0.874882 0.440823 0.840509 0.440426
0 0.868016 0.422454 0.902287 0.419794 0.903859 0.440046 0.869588 0.442706
0 0.893947 0.419986 0.928316 0.420643 0.927928 0.440952 0.893559 0.440295
1 0.060770 0.505698 0.074728 0.503989 0.079855 0.545864 0.065897 0.547573
1 0.102353 0.504961 0.116406 0.504443 0.117960 0.546602 0.103907 0.547120
1 0.144841 0.504851 0.158900 0.504535 0.159847 0.546712 0.145788 0.547028
1 0.183881 0.504859 0.197939 0.504528 0.198932 0.546704 0.184873 0.547035
1 0.228144 0.504681 0.242207 0.504694 0.242168 0.546881 0.228106 0.546869
1 0.266820 0.505795 0.280760 0.503946 0.286305 0.545768 0.272365 0.547616
1 0.309191 0.505706 0.323147 0.503986 0.328309 0.545856 0.314353 0.547577
1 0.355694 0.504881 0.369751 0.504509 0.370869 0.546681 0.356811 0.547054
1 0.401826 0.504601 0.415888 0.504777 0.415361 0.546961 0.401300 0.546786
1 0.438720 0.505782 0.452663 0.503952 0.458155 0.545780 0.444212 0.547611
1 0.481067 0.504750 0.495129 0.504627 0.495496 0.546813 0.481434 0.546935
1 0.523147 0.505076 0.537191 0.504355 0.539353 0.546487 0.525309 0.547208
1 0.564015 0.504703 0.578078 0.504672 0.578172 0.546859 0.564110 0.546891
1 0.604444 0.505378 0.618453 0.504156 0.622119 0.546184 0.608109 0.547406
1 0.649310 0.504930 0.663365 0.504468 0.664752 0.546632 0.650698 0.547095
1 0.693733 0.505627 0.707704 0.504023 0.712517 0.545935 0.698546 0.547539
1 0.738509 0.504880 0.752567 0.504510 0.753678 0.546682 0.739621 0.547053
1 0.780827 0.505457 0.794825 0.504112 0.798860 0.546106 0.784862 0.547451
1 0.823096 0.505096 0.837138 0.504340 0.839404 0.546467 0.825362 0.547222
1 0.865456 0.505699 0.879414 0.503989 0.884544 0.545863 0.870586 0.547574
1 0.910606 0.505416 0.924610 0.504134 0.928456 0.546146 0.914452 0.547428
0 0.055182 0.532799 0.089520 0.534410 0.088568 0.554701 0.054230 0.553090
0 0.088712 0.535034 0.122819 0.530749 0.125351 0.550903 0.091244 0.555188
0 0.130299 0.532624 0.164617 0.534597 0.163451 0.554876 0.129133 0.552903
0 0.158005 0.532103 0.192243 0.535166 0.190433 0.555397 0.156195 0.552334
0 0.182379 0.533586 0.216720 0.532059 0.217621 0.552352 0.183280 0.553878
0 0.208261 0.532089 0.242605 0.533554 0.241739 0.553848 0.207395 0.552383
0 0.246445 0.533578 0.280787 0.532067 0.281680 0.552360 0.247338 0.553871
0 0.272910 0.534544 0.307234 0.532673 0.308340 0.552956 0.274016 0.554827
0 0.302951 0.533113 0.337321 0.532515 0.337674 0.552824 0.303304 0.553423
0 0.330747 0.529315 0.364298 0.536796 0.359878 0.556622 0.326327 0.549141
0 0.357300 0.529325 0.390857 0.536784 0.386450 0.556612 0.352893 0.549154
0 0.385349 0.534662 0.419660 0.532563 0.420901 0.552838 0.386590 0.554937
0 0.410765 0.534634 0.444958 0.531099 0.447047 0.551304 0.412854 0.554839
0 0.448719 0.532350 0.483082 0.533282 0.482531 0.553587 0.448168 0.552655
0 0.465451 0.534637 0.499644 0.531096 0.501736 0.551300 0.467544 0.554842
0 0.496446 0.535097 0.528964 0.530710 0.531679 0.550840 0.499161 0.555227
0 0.531773 0.532756 0.566106 0.534456 0.565102 0.554744 0.530769 0.553044
0 0.566477 0.536704 0.600339 0.530787 0.603836 0.550796 0.569974 0.556713
0 0.596980 0.532638 0.631353 0.532988 0.631145 0.553300 0.596772 0.552949
0 0.630591 0.531172 0.664590 0.536238 0.661597 0.556328 0.627597 0.551262
0 0.667719 0.532743 0.702051 0.534470 0.701031 0.554757 0.666699 0.553030
0 0.703314 0.532500 0.737683 0.533129 0.737311 0.553438 0.702942 0.552809
0 0.740657 0.532758 0.775032 0.532867 0.774968 0.553179 0.740593 0.553071
0 0.767418 0.532433 0.801784 0.533197 0.801332 0.553505 0.766966 0.552740
0 0.793367 0.533491 0.827716 0.532150 0.828508 0.552447 0.794159 0.553788
0 0.819621 0.534867 0.853906 0.532374 0.855379 0.552633 0.821094 0.555126
0 0.851246 0.533369 0.885603 0.532267 0.886254 0.552569 0.851897 0.553671
0 0.890453 0.533109 0.924823 0.532519 0.925172 0.552829 0.890802 0.553418
5 0.051668 0.617149 0.067293 0.617227 0.067082 0.659414 0.051457 0.659336
5 0.066222 0.616976 0.081840 0.617416 0.080653 0.659586 0.065035 0.659147
5 0.084488 0.616877 0.100100 0.617535 0.098324 0.659685 0.082713 0.659028
5 0.105178 0.617126 0.120668 0.619176 0.115135 0.660999 0.099645 0.658949
5 0.124229 0.616911 0.139843 0.617493 0.138271 0.659651 0.122657 0.659069
5 0.139846 0.616462 0.155377 0.618165 0.150779 0.660101 0.135248 0.658398
5 0.155412 0.616689 0.170998 0.617790 0.168026 0.659873 0.152439 0.658772
5 0.169054 0.616817 0.184658 0.617613 0.182509 0.659746 0.166904 0.658950
5 0.188235 0.616930 0.203850 0.617471 0.202390 0.659633 0.186775 0.659092
5 0.203979 0.616444 0.219505 0.618197 0.214771 0.660118 0.199245 0.658365
5 0.219179 0.616778 0.234779 0.617665 0.232383 0.659785 0.216784 0.658897
5 0.234673 0.617080 0.250296 0.617300 0.249702 0.659483 0.234079 0.659263
5 0.251766 0.616615 0.267337 0.617903 0.263859 0.659947 0.248288 0.658659
5 0.266186 0.616988 0.281805 0.617401 0.280689 0.659574 0.265070 0.659161
5 0.282833 0.616908 0.298447 0.617497 0.296854 0.659655 0.281240 0.659065
5 0.300266 0.616829 0.315873 0.617598 0.313796 0.659734 0.298190 0.658965
5 0.315938 0.616814 0.331542 0.617617 0.329374 0.659749 0.313770 0.658946
5 0.335115 0.616928 0.350730 0.617473 0.349260 0.659634 0.333645 0.659090
5 0.354824 0.616870 0.370434 0.617544 0.368614 0.659692 0.353003 0.659018
5 0.375082 0.617157 0.390707 0.617218 0.390543 0.659405 0.374918 0.659344
5 0.395922 0.616506 0.411467 0.618085 0.407203 0.660057 0.391658 0.658477
5 0.410999 0.616655 0.426579 0.617841 0.423376 0.659907 0.407796 0.658721
5 0.425702 0.616696 0.441290 0.617781 0.438360 0.659867 0.422773 0.658782
5 0.441290 0.616492 0.456831 0.618110 0.452460 0.660071 0.436919 0.658452
5 0.458043 0.616608 0.473613 0.617915 0.470082 0.659955 0.454512 0.658647
5 0.476550 0.617192 0.492175 0.617183 0.492200 0.659370 0.476575 0.659380
5 0.495694 0.616793 0.511295 0.617645 0.508994 0.659770 0.493392 0.658917
5 0.511216 0.616825 0.526822 0.617603 0.524722 0.659738 0.509116 0.658960
5 0.526681 0.616876 0.542292 0.617537 0.540506 0.659687 0.524895 0.659025
5 0.545428 0.616640 0.561005 0.617865 0.557697 0.659923 0.542120 0.658697
5 0.564534 0.616765 0.580132 0.617683 0.577654 0.659797 0.562056 0.658880
5 0.580170 0.616762 0.595767 0.617687 0.593268 0.659801 0.577670 0.658875
5 0.600651 0.616711 0.616241 0.617759 0.613411 0.659851 0.597822 0.658804
5 0.616069 0.616773 0.631669 0.617672 0.629243 0.659789 0.613644 0.658891
5 0.634505 0.616872 0.650115 0.617542 0.648308 0.659690 0.632697 0.659021
5 0.650028 0.617177 0.665653 0.617198 0.665597 0.659385 0.649972 0.659365
5 0.665882 0.617094 0.681505 0.617284 0.680993 0.659468 0.665370 0.659279
5 0.683555 0.616684 0.699140 0.617798 0.696132 0.659878 0.680547 0.658764
5 0.696995 0.616875 0.712606 0.617538 0.710818 0.659687 0.695207 0.659025
5 0.718960 0.616613 0.734531 0.617906 0.731040 0.659949 0.715469 0.658656
5 0.731955 0.616940 0.747572 0.617459 0.746170 0.659623 0.730553 0.659104
5 0.746093 0.616673 0.761676 0.617815 0.758594 0.659889 0.743011 0.658748
5 0.763094 0.616728 0.778687 0.617735 0.775968 0.659835 0.760376 0.658828
5 0.783227 0.616783 0.798827 0.617659 0.796461 0.659780 0.780861 0.658904
5 0.796864 0.617192 0.812489 0.617183 0.812511 0.659371 0.796886 0.659379
5 0.812954 0.616547 0.828509 0.618015 0.824546 0.660016 0.808991 0.658548
5 0.829462 0.617272 0.845086 0.617105 0.845538 0.659290 0.829914 0.659458
5 0.847046 0.616859 0.862655 0.617558 0.860766 0.659704 0.845157 0.659004
5 0.866292 0.616706 0.881881 0.617766 0.879021 0.659856 0.863431 0.658797
5 0.880022 0.616807 0.895625 0.617626 0.893416 0.659755 0.877812 0.658937
5 0.900163 0.616422 0.915682 0.618239 0.910775 0.660140 0.895256 0.658323
5 0.915826 0.617114 0.931450 0.617263 0.931049 0.659448 0.915425 0.659300
0 0.054834 0.645069 0.089205 0.645558 0.088916 0.665869 0.054545 0.665379
0 0.085492 0.647758 0.119544 0.643058 0.122321 0.663180 0.088269 0.667879
0 0.124012 0.643307 0.158134 0.647467 0.155676 0.667630 0.121554 0.663470
0 0.144758 0.647098 0.179076 0.645123 0.180242 0.665402 0.145924 0.667377
0 0.171738 0.645548 0.206110 0.645079 0.206387 0.665389 0.172015 0.665859
0 0.196320 0.647099 0.230638 0.645122 0.231805 0.665401 0.197487 0.667378
0 0.222105 0.644550 0.256333 0.647724 0.254457 0.667950 0.220229 0.664776
0 0.254738 0.645228 0.289112 0.645398 0.289012 0.665710 0.254638 0.665540
0 0.292999 0.644831 0.327277 0.647414 0.325751 0.667669 0.291473 0.665086
0 0.327973 0.647091 0.362174 0.643637 0.364215 0.663846 0.330014 0.667301
0 0.367662 0.644549 0.402002 0.646097 0.401088 0.666389 0.366748 0.664841
0 0.406743 0.645303 0.441080 0.646907 0.440132 0.667197 0.405795 0.665593
0 0.443429 0.645877 0.477785 0.644758 0.478446 0.665060 0.444090 0.666179
0 0.482938 0.644696 0.517193 0.647562 0.515499 0.667804 0.481244 0.664938
0 0.503115 0.645329 0.537490 0.645296 0.537510 0.665609 0.503135 0.665641
0 0.535484 0.646904 0.569822 0.645305 0.570766 0.665596 0.536428 0.667195
0 0.574066 0.645099 0.608381 0.647124 0.607184 0.667401 0.572869 0.665376
0 0.601189 0.645943 0.633978 0.644697 0.634749 0.664995 0.601960 0.666240
0 0.622618 0.644930 0.656911 0.647306 0.655507 0.667570 0.621214 0.665194
0 0.644969 0.647517 0.679080 0.643264 0.681593 0.663421 0.647482 0.667673
0 0.680848 0.647535 0.713382 0.643263 0.716027 0.663402 0.683493 0.667675
0 0.703179 0.645222 0.737553 0.645403 0.737446 0.665716 0.703072 0.665534
0 0.739398 0.643624 0.773597 0.647106 0.771539 0.667314 0.737341 0.663832
0 0.770058 0.647316 0.804213 0.643438 0.806505 0.663621 0.772349 0.667499
0 0.808163 0.644742 0.842518 0.645894 0.841837 0.666195 0.807482 0.665043
0 0.827346 0.644872 0.861630 0.647369 0.860154 0.667628 0.825870 0.665131
0 0.857793 0.647591 0.892044 0.644670 0.893770 0.664909 0.859519 0.667830
0 0.889874 0.647421 0.922584 0.644830 0.924188 0.665079 0.891478 0.667670
5 0.057832 0.729408 0.073446 0.729997 0.071856 0.772154 0.056242 0.771566
5 0.088892 0.729752 0.104516 0.729625 0.104858 0.771811 0.089234 0.771938
5 0.121983 0.729379 0.137594 0.730033 0.135830 0.772183 0.120218 0.771530
5 0.153799 0.729450 0.169417 0.729947 0.168076 0.772113 0.152458 0.771616
5 0.190920 0.729580 0.206544 0.729799 0.205955 0.771982 0.190331 0.771764
5 0.223771 0.729307 0.239375 0.730125 0.237166 0.772255 0.221563 0.771437
5 0.258548 0.729186 0.274133 0.730295 0.271140 0.772376 0.255554 0.771268
5 0.295965 0.729457 0.311582 0.729938 0.310285 0.772105 0.294668 0.771625
5 0.328260 0.729638 0.343884 0.729738 0.343615 0.771924 0.327991 0.771825
5 0.365113 0.729884 0.380734 0.729503 0.381762 0.771678 0.366141 0.772059
5 0.400041 0.729672 0.415666 0.729703 0.415584 0.771890 0.399959 0.771860
5 0.431251 0.729687 0.446876 0.729688 0.446874 0.771875 0.431249 0.771875
5 0.466347 0.729190 0.481934 0.730290 0.478965 0.772372 0.463379 0.771273
5 0.497727 0.730302 0.513312 0.729182 0.516336 0.771261 0.500751 0.772381
5 0.532042 0.729170 0.547625 0.730320 0.544520 0.772393 0.528937 0.771243
5 0.565601 0.729696 0.581226 0.729679 0.581274 0.771866 0.565649 0.771884
5 0.598902 0.729267 0.614501 0.730180 0.612035 0.772296 0.596437 0.771382
5 0.632300 0.729884 0.647921 0.729503 0.648950 0.771678 0.633329 0.772059
5 0.665510 0.729730 0.681135 0.729645 0.681365 0.771832 0.665740 0.771917
5 0.699698 0.729802 0.715322 0.729578 0.715927 0.771761 0.700303 0.771985
5 0.733104 0.729320 0.748710 0.730108 0.746583 0.772242 0.730978 0.771454
5 0.767581 0.729546 0.783203 0.729836 0.782419 0.772016 0.766797 0.771726
5 0.798736 0.729318 0.814341 0.730111 0.812201 0.772244 0.796596 0.771451
5 0.831682 0.729533 0.847304 0.729851 0.846443 0.772030 0.830821 0.771711
5 0.867329 0.729368 0.882940 0.730047 0.881108 0.772194 0.865498 0.771516
5 0.901599 0.729402 0.917213 0.730004 0.915588 0.772160 0.899975 0.771558
0 0.023408 0.789703 0.095046 0.783874 0.098467 0.825922 0.026829 0.831751
0 0.063538 0.789890 0.133432 0.782236 0.138025 0.824173 0.068130 0.831827
0 0.102559 0.792887 0.175043 0.781097 0.181816 0.822738 0.109332 0.834528
0 0.143084 0.792838 0.212424 0.781183 0.219416 0.822787 0.150076 0.834442
0 0.177512 0.792856 0.248427 0.781145 0.255300 0.822769 0.184386 0.834480
0 0.213415 0.791043 0.284802 0.782681 0.289710 0.824582 0.218323 0.832944
0 0.252392 0.793173 0.323208 0.780885 0.330421 0.822452 0.259604 0.834740
0 0.293436 0.787881 0.363644 0.784056 0.365939 0.826181 0.295731 0.830006
0 0.327863 0.791192 0.399026 0.781100 0.404949 0.822870 0.333787 0.832962
0 0.370053 0.787777 0.440273 0.784154 0.442447 0.826285 0.372227 0.829909
0 0.402427 0.791159 0.473788 0.782580 0.478823 0.824466 0.407462 0.833045
0 0.440360 0.791200 0.511521 0.781094 0.517453 0.822862 0.446292 0.832969
0 0.478066 0.791489 0.549351 0.782295 0.554747 0.824136 0.483462 0.833330
0 0.518500 0.791164 0.589670 0.781125 0.595563 0.822899 0.524392 0.832938
0 0.557316 0.791775 0.628319 0.780612 0.634871 0.822287 0.563868 0.833451
0 0.599515 0.789803 0.669428 0.782312 0.673922 0.824260 0.604010 0.831750
0 0.634062 0.793196 0.703025 0.779488 0.711250 0.820866 0.642287 0.834574
0 0.669843 0.789956 0.742865 0.782158 0.747345 0.824107 0.674322 0.831905
0 0.704144 0.791897 0.775111 0.780511 0.781794 0.822166 0.710826 0.833551
0 0.742092 0.791573 0.813357 0.782223 0.818845 0.824052 0.747581 0.833402
0 0.777445 0.791222 0.850364 0.782513 0.855367 0.824403 0.782448 0.833112
0 0.819584 0.791227 0.890930 0.782521 0.896041 0.824398 0.824695 0.833104
0 0.854401 0.793317 0.924908 0.779361 0.933099 0.820746 0.862592 0.834701
0 0.890603 0.793360 0.961361 0.780734 0.968772 0.822265 0.898014 0.834891
1 0.058924 0.842343 0.072984 0.842042 0.073888 0.884219 0.059829 0.884521
1 0.073435 0.842188 0.087498 0.842187 0.087502 0.884374 0.073440 0.884376
1 0.088987 0.842213 0.103050 0.842163 0.103200 0.884350 0.089138 0.884400
1 0.106345 0.841915 0.120396 0.842496 0.118655 0.884647 0.104604 0.884067
1 0.123545 0.842152 0.137608 0.842224 0.137392 0.884411 0.123330 0.884339
1 0.137585 0.842159 0.151647 0.842216 0.151478 0.884403 0.137415 0.884347
1 0.154909 0.842115 0.168971 0.842262 0.168529 0.884447 0.154467 0.884300
1 0.168641 0.842505 0.182691 0.841908 0.184484 0.884057 0.170434 0.884655
1 0.182330 0.842355 0.196389 0.842032 0.197358 0.884208 0.183299 0.884531
1 0.199737 0.842277 0.213799 0.842101 0.214325 0.884286 0.200264 0.884461
1 0.216070 0.842044 0.230129 0.842340 0.229242 0.884518 0.215183 0.884222
1 0.229736 0.842171 0.243799 0.842204 0.243701 0.884391 0.229639 0.884359
1 0.247719 0.842441 0.261774 0.841959 0.263218 0.884122 0.249164 0.884603
1 0.264320 0.841869 0.278365 0.842556 0.276305 0.884693 0.262260 0.884007
1 0.278065 0.842207 0.292128 0.842168 0.292247 0.884355 0.278185 0.884395
1 0.292543 0.842072 0.306603 0.842309 0.305895 0.884490 0.291834 0.884254
1 0.310839 0.842816 0.324856 0.841694 0.328224 0.883746 0.314206 0.884869
1 0.327337 0.841945 0.341391 0.842458 0.339850 0.884618 0.325797 0.884104
1 0.346235 0.842412 0.360291 0.841983 0.361577 0.884151 0.347522 0.884580
1 0.363013 0.842023 0.377071 0.842364 0.376050 0.884539 0.361991 0.884199
1 0.376327 0.842268 0.390388 0.842110 0.390861 0.884295 0.376799 0.884452
1 0.388508 0.843016 0.402497 0.841580 0.406804 0.883547 0.392815 0.884983
1 0.412676 0.841686 0.426692 0.842829 0.423261 0.884877 0.409245 0.883733
1 0.430838 0.842623 0.444878 0.841820 0.447287 0.883939 0.433247 0.884742
1 0.444997 0.842585 0.459040 0.841848 0.461253 0.883977 0.447210 0.884715
1 0.461222 0.842095 0.475283 0.842284 0.474716 0.884468 0.460655 0.884279
1 0.476930 0.842069 0.490990 0.842313 0.490258 0.884494 0.476197 0.884250
1 0.494142 0.841832 0.508183 0.842607 0.505858 0.884731 0.491817 0.883955
1 0.511949 0.842379 0.526006 0.842010 0.527114 0.884183 0.513056 0.884552
1 0.529506 0.842249 0.543568 0.842128 0.543931 0.884314 0.529869 0.884435
1 0.547214 0.842077 0.561275 0.842303 0.560598 0.884485 0.546538 0.884260
1 0.566359 0.841957 0.580413 0.842443 0.578953 0.884606 0.564899 0.884119
1 0.582698 0.842226 0.596761 0.842150 0.596989 0.884337 0.582927 0.884413
1 0.600819 0.842450 0.614873 0.841951 0.616368 0.884112 0.602315 0.884611
1 0.616572 0.842706 0.630602 0.841764 0.633428 0.883857 0.619398 0.884799
1 0.630849 0.842326 0.644908 0.842057 0.645714 0.884237 0.631654 0.884505
1 0.644849 0.842348 0.658908 0.842038 0.659838 0.884215 0.645779 0.884525
1 0.659202 0.842246 0.673264 0.842130 0.673611 0.884316 0.659549 0.884432
1 0.679504 0.842534 0.693552 0.841886 0.695496 0.884029 0.681448 0.884677
1 0.693381 0.842314 0.707442 0.842067 0.708181 0.884248 0.694121 0.884495
1 0.713439 0.842406 0.727495 0.841988 0.728749 0.884157 0.714692 0.884575
1 0.728837 0.841963 0.742892 0.842435 0.741475 0.884599 0.727421 0.884127
1 0.748800 0.841840 0.762842 0.842596 0.760575 0.884722 0.746533 0.883967
1 0.765564 0.842487 0.779615 0.841922 0.781311 0.884075 0.767260 0.884641
1 0.783432 0.841991 0.797489 0.842402 0.796255 0.884572 0.782199 0.884160
1 0.796911 0.842176 0.810973 0.842199 0.810902 0.884387 0.796839 0.884363
1 0.816601 0.842392 0.830658 0.841999 0.831837 0.884170 0.817780 0.884563
1 0.831169 0.842215 0.845231 0.842161 0.845394 0.884348 0.831331 0.884402
1 0.851166 0.842324 0.865226 0.842059 0.866022 0.884239 0.851962 0.884504
1 0.873505 0.841923 0.887556 0.842485 0.885870 0.884639 0.871819 0.884077
1 0.887401 0.842221 0.901463 0.842155 0.901662 0.884342 0.887600 0.884408
1 0.908081 0.842100 0.922143 0.842279 0.921606 0.884463 0.907545 0.884284
0 0.055339 0.870064 0.089650 0.872162 0.088411 0.892436 0.054100 0.890338
0 0.078117 0.872496 0.110815 0.869762 0.112508 0.890004 0.079810 0.892738
0 0.114230 0.870034 0.148601 0.870594 0.148270 0.890904 0.113899 0.890343
0 0.135687 0.870750 0.170051 0.869882 0.170563 0.890188 0.136199 0.891056
0 0.168769 0.870281 0.203143 0.870344 0.203106 0.890656 0.168732 0.890594
0 0.187306 0.872181 0.221490 0.868557 0.223631 0.888757 0.189448 0.892380
0 0.213089 0.870157 0.247411 0.872061 0.246286 0.892343 0.211964 0.890439
0 0.242205 0.870282 0.276580 0.870343 0.276545 0.890655 0.242170 0.890595
0 0.265425 0.872194 0.299606 0.868546 0.301762 0.888743 0.267581 0.892392
0 0.293438 0.870860 0.327796 0.869776 0.328437 0.890078 0.294079 0.891162
0 0.325839 0.872431 0.360115 0.869815 0.361661 0.890069 0.327385 0.892685
0 0.348601 0.870041 0.382971 0.870586 0.382649 0.890896 0.348279 0.890351
0 0.372478 0.868270 0.406590 0.872510 0.404085 0.892667 0.369972 0.888428
0 0.410391 0.868534 0.444344 0.873903 0.441171 0.893966 0.407218 0.888597
0 0.433380 0.868316 0.467505 0.872457 0.465058 0.892622 0.430933 0.888480
0 0.470259 0.870403 0.504634 0.870222 0.504741 0.890535 0.470366 0.890715
0 0.496762 0.872007 0.530978 0.868711 0.532926 0.888930 0.498709 0.892226
0 0.532285 0.873737 0.566284 0.868672 0.569278 0.888763 0.535278 0.893828
0 0.554570 0.872016 0.588785 0.868703 0.590743 0.888921 0.556528 0.892234
0 0.591151 0.868370 0.625289 0.872394 0.622912 0.892567 0.588773 0.888543
0 0.614623 0.868325 0.648750 0.872446 0.646315 0.892612 0.612188 0.888491
0 0.646508 0.872571 0.680607 0.868217 0.683179 0.888366 0.649081 0.892720
0 0.683672 0.872390 0.717954 0.869853 0.719453 0.890110 0.685171 0.892647
0 0.704018 0.872322 0.738309 0.869915 0.739732 0.890178 0.705441 0.892585
0 0.728835 0.868132 0.762909 0.872671 0.760227 0.892806 0.726153 0.888267
0 0.756989 0.869936 0.791282 0.872299 0.789886 0.892564 0.755593 0.890201
0 0.783041 0.869552 0.817270 0.872722 0.815396 0.892948 0.781168 0.889778
0 0.808349 0.870236 0.842680 0.871977 0.841651 0.892264 0.807320 0.890523
0 0.827202 0.870127 0.859955 0.872098 0.858735 0.892373 0.825982 0.890402
0 0.855001 0.869799 0.889361 0.870835 0.888749 0.891138 0.854389 0.890102
0 0.872976 0.871918 0.907313 0.870292 0.908274 0.890582 0.873937 0.892208
0 0.897460 0.870164 0.931783 0.872054 0.930665 0.892336 0.896342 0.890446
6 0.944637 0.388228 0.963334 0.386824 0.964738 0.405522 0.946041 0.406926
6 0.946744 0.562703 0.971672 0.560806 0.973569 0.585734 0.948641 0.587631
6 0.010065 0.838465 0.053722 0.841315 0.050872 0.884972 0.007215 0.882122
6 0.972844 0.220932 1.000000 0.219719 1.000000 0.247818 0.974057 0.249031
