0 0.028402 0.040170 0.090896 0.041084 0.090348 0.078580 0.027854 0.077666
0 0.081247 0.040631 0.145309 0.040619 0.145316 0.078119 0.081253 0.078131
0 0.132582 0.033750 0.195319 0.046714 0.187730 0.083438 0.124993 0.070474
0 0.187253 0.035721 0.249158 0.044324 0.243997 0.081467 0.182092 0.072864
0 0.225097 0.038418 0.289094 0.041307 0.287403 0.078769 0.223406 0.075880
0 0.262153 0.046103 0.323776 0.035673 0.330035 0.072647 0.268411 0.083077
0 0.305028 0.038828 0.368986 0.042483 0.366847 0.079922 0.302889 0.076267
0 0.346827 0.032722 0.408543 0.049902 0.398486 0.086028 0.336770 0.068848
0 0.395799 0.039036 0.459841 0.040663 0.458888 0.078151 0.394847 0.076524
0 0.439858 0.037321 0.505279 0.042483 0.502330 0.079867 0.436908 0.074705
0 0.493467 0.033948 0.554692 0.046504 0.547158 0.083240 0.485933 0.070683
0 0.536213 0.030913 0.597179 0.050587 0.585662 0.086275 0.524696 0.066600
0 0.576580 0.040594 0.642205 0.040656 0.642170 0.078156 0.576545 0.078094
0 0.618199 0.043050 0.680519 0.038308 0.683364 0.075700 0.621044 0.080442
0 0.660178 0.042766 0.723987 0.037070 0.727322 0.074421 0.663513 0.080118
0 0.718842 0.034140 0.783353 0.046185 0.776470 0.083048 0.711960 0.071003
0 0.762766 0.038901 0.828297 0.042402 0.826297 0.079849 0.760765 0.076348
0 0.821909 0.034241 0.884505 0.047867 0.876529 0.084509 0.813932 0.070883
0 0.868406 0.044348 0.932062 0.037141 0.936281 0.074402 0.872625 0.081609
0 0.027289 0.094904 0.091307 0.097310 0.089898 0.134784 0.025881 0.132377
0 0.078129 0.090620 0.141139 0.102183 0.134371 0.139067 0.071361 0.127505
0 0.122278 0.093152 0.184483 0.099212 0.180847 0.136535 0.118642 0.130476
0 0.176609 0.090572 0.239599 0.102244 0.232766 0.139116 0.169776 0.127444
0 0.215271 0.091915 0.280318 0.100602 0.275354 0.137772 0.210307 0.129085
0 0.248218 0.104164 0.309205 0.090494 0.317407 0.127086 0.256420 0.140756
0 0.295269 0.103075 0.357965 0.089913 0.365669 0.126613 0.302973 0.139775
0 0.350436 0.093108 0.412632 0.099262 0.408939 0.136580 0.346743 0.130425
0 0.398701 0.093342 0.460944 0.099000 0.457549 0.136346 0.395306 0.130688
0 0.447954 0.096945 0.511995 0.095256 0.512983 0.132743 0.448943 0.134431
0 0.505933 0.097414 0.568424 0.096342 0.569067 0.133836 0.506576 0.134908
0 0.553570 0.094922 0.617509 0.098900 0.615180 0.136328 0.551241 0.132350
0 0.603411 0.093177 0.668762 0.099167 0.665339 0.136510 0.599988 0.130521
0 0.652687 0.099076 0.715038 0.094764 0.717625 0.132174 0.655274 0.136486
0 0.695324 0.096856 0.759386 0.096894 0.759364 0.134394 0.695301 0.134356
0 0.751841 0.093254 0.815637 0.099090 0.812221 0.136434 0.748425 0.130598
0 0.797817 0.104964 0.859724 0.088486 0.869370 0.124724 0.807463 0.141202
0 0.854467 0.091664 0.917582 0.102640 0.911158 0.139586 0.848043 0.128610
0 0.889984 0.102728 0.954393 0.090154 0.961578 0.126960 0.897169 0.139533
0 0.024505 0.159162 0.087532 0.147694 0.094245 0.184588 0.031218 0.196056
0 0.081071 0.148037 0.144500 0.157021 0.139242 0.194150 0.075812 0.185167
0 0.132261 0.157214 0.194262 0.149335 0.198989 0.186536 0.136988 0.194415
0 0.175763 0.149624 0.239414 0.156866 0.235175 0.194126 0.171523 0.186884
0 0.221034 0.149679 0.284699 0.156804 0.280529 0.194071 0.216864 0.186946
0 0.263650 0.153849 0.327696 0.152411 0.328538 0.189901 0.264491 0.191339
0 0.307391 0.158962 0.370483 0.147856 0.376984 0.184788 0.313892 0.195894
0 0.349857 0.154802 0.413834 0.151498 0.415768 0.188948 0.351791 0.192252
0 0.395185 0.159360 0.456278 0.146172 0.464190 0.182828 0.403097 0.196015
0 0.441230 0.150988 0.503577 0.155354 0.500958 0.192762 0.438610 0.188396
0 0.492342 0.146827 0.553738 0.158523 0.546720 0.195361 0.485325 0.183665
0 0.545740 0.149226 0.611051 0.155641 0.607385 0.192962 0.542074 0.186546
0 0.597838 0.145001 0.659404 0.162711 0.649037 0.198749 0.587471 0.181039
0 0.643988 0.151444 0.709525 0.154857 0.707574 0.192306 0.642038 0.188893
0 0.698305 0.155598 0.762055 0.149273 0.765757 0.186589 0.702008 0.192915
0 0.746285 0.154912 0.810151 0.149891 0.813090 0.187276 0.749224 0.192296
0 0.789919 0.162312 0.851678 0.145287 0.861644 0.181438 0.799885 0.198463
0 0.841440 0.155242 0.905252 0.149591 0.908560 0.186945 0.844748 0.192596
0 0.894523 0.149969 0.956833 0.154832 0.953915 0.192219 0.891604 0.187355
0 0.024793 0.216628 0.085793 0.203021 0.093957 0.239622 0.032957 0.253229
0 0.081929 0.204293 0.143779 0.213285 0.138383 0.250395 0.076534 0.241403
0 0.121614 0.204489 0.183524 0.213052 0.178386 0.250199 0.116476 0.241635
0 0.173106 0.209953 0.237158 0.208803 0.237831 0.246297 0.173779 0.247447
0 0.217049 0.211042 0.281028 0.207757 0.282951 0.245208 0.218972 0.248493
0 0.265446 0.214721 0.330269 0.204488 0.336116 0.241529 0.271294 0.251762
0 0.319637 0.211410 0.385031 0.205909 0.388175 0.243277 0.322781 0.248778
0 0.367685 0.206159 0.432975 0.212782 0.429190 0.250091 0.363900 0.243468
0 0.416662 0.211812 0.480547 0.207042 0.483338 0.244438 0.419453 0.249208
0 0.467934 0.201456 0.530126 0.216827 0.521128 0.253231 0.458937 0.237861
0 0.510518 0.215205 0.573613 0.204112 0.580107 0.241045 0.517012 0.252138
0 0.569523 0.205942 0.631617 0.213051 0.627352 0.250308 0.565258 0.243199
0 0.611962 0.201004 0.675514 0.217368 0.666163 0.253683 0.602611 0.237320
0 0.641943 0.214896 0.706714 0.204342 0.712745 0.241354 0.647974 0.251908
0 0.691696 0.201300 0.752164 0.217107 0.742679 0.253388 0.682211 0.237580
0 0.731821 0.207673 0.794294 0.209531 0.793179 0.247015 0.730706 0.245156
0 0.776655 0.203929 0.838080 0.215466 0.831158 0.252321 0.769732 0.240784
0 0.810857 0.211819 0.876180 0.205540 0.879768 0.242868 0.814445 0.249147
0 0.849889 0.216557 0.912509 0.203037 0.920423 0.239693 0.857803 0.253213
0 0.895295 0.210067 0.960855 0.207157 0.962518 0.244621 0.896957 0.247530
0 0.025900 0.266054 0.091481 0.263658 0.092850 0.301133 0.027269 0.303529
0 0.079207 0.269660 0.142794 0.261868 0.147355 0.299090 0.083768 0.306882
0 0.124664 0.275323 0.184157 0.256169 0.195649 0.291865 0.136156 0.311018
0 0.172957 0.261795 0.234947 0.269760 0.230168 0.306955 0.168178 0.298990
0 0.222180 0.265113 0.286234 0.266142 0.285632 0.303637 0.221578 0.302608
0 0.276406 0.267285 0.338820 0.264016 0.340782 0.301465 0.278367 0.304734
0 0.332468 0.266241 0.398081 0.265015 0.398782 0.302509 0.333169 0.303735
0 0.389056 0.266225 0.451496 0.263499 0.453132 0.300963 0.390691 0.303689
0 0.440194 0.260781 0.501858 0.270971 0.495744 0.307969 0.434080 0.297779
0 0.487344 0.267284 0.549759 0.264017 0.551718 0.301466 0.489304 0.304733
0 0.537342 0.257285 0.597094 0.275614 0.586096 0.311465 0.526344 0.293136
0 0.577989 0.267289 0.641967 0.264010 0.643886 0.301461 0.579908 0.304740
0 0.630397 0.263284 0.694280 0.268071 0.691478 0.305466 0.627595 0.300679
0 0.667597 0.263679 0.733103 0.267639 0.730840 0.305071 0.665335 0.301111
0 0.718669 0.272934 0.782830 0.259152 0.790706 0.295816 0.726545 0.309598
0 0.763909 0.267323 0.827884 0.263979 0.829841 0.301427 0.765866 0.304771
0 0.814953 0.269330 0.878432 0.260699 0.883484 0.297857 0.820006 0.306489
0 0.865211 0.260760 0.926868 0.270996 0.920726 0.307990 0.859070 0.297754
0 0.026450 0.323494 0.090432 0.320303 0.092300 0.357756 0.028318 0.360947
0 0.079311 0.327589 0.142443 0.316706 0.148814 0.353661 0.085682 0.364544
0 0.122616 0.318402 0.186275 0.325584 0.182071 0.362848 0.118412 0.355666
0 0.178893 0.313934 0.241072 0.329356 0.232044 0.365753 0.169866 0.350331
0 0.219097 0.318090 0.284431 0.324263 0.280903 0.361597 0.215569 0.355424
0 0.277043 0.310680 0.336669 0.334104 0.322957 0.369008 0.263331 0.345583
0 0.316764 0.324105 0.380677 0.319733 0.383236 0.357145 0.319323 0.361517
0 0.363816 0.336281 0.420860 0.310742 0.436184 0.344969 0.379140 0.370508
0 0.406070 0.325233 0.469800 0.318712 0.473617 0.356017 0.409888 0.362538
0 0.462942 0.318737 0.528248 0.325195 0.524558 0.362513 0.459252 0.356055
0 0.496637 0.331941 0.559164 0.312016 0.570550 0.347746 0.508023 0.367671
0 0.552583 0.329686 0.614616 0.313690 0.623980 0.350002 0.561946 0.365998
0 0.600598 0.320084 0.666191 0.322122 0.665027 0.359604 0.599434 0.357566
0 0.649091 0.313892 0.712869 0.329351 0.704034 0.365796 0.640256 0.350336
0 0.697912 0.318221 0.763271 0.324119 0.759901 0.361467 0.694541 0.355569
0 0.741955 0.325442 0.807213 0.318517 0.811170 0.355808 0.745912 0.362733
0 0.780680 0.326005 0.842672 0.318050 0.847445 0.355245 0.785453 0.363200
0 0.824866 0.326180 0.888184 0.316443 0.893884 0.353507 0.830566 0.363245
0 0.877495 0.327319 0.938875 0.315540 0.945942 0.352368 0.884563 0.364147
0 0.027703 0.378846 0.090187 0.377414 0.091047 0.414904 0.028563 0.416336
0 0.068106 0.378490 0.132129 0.376221 0.133456 0.413698 0.069434 0.415966
0 0.125898 0.378499 0.188356 0.376214 0.189727 0.413689 0.127269 0.415974
0 0.177531 0.370184 0.237572 0.387542 0.227157 0.423566 0.167116 0.406208
0 0.214410 0.371404 0.276833 0.385805 0.268403 0.422346 0.205980 0.407945
0 0.255219 0.376443 0.320819 0.378259 0.319781 0.415744 0.254181 0.413929
0 0.308486 0.375836 0.372377 0.380514 0.369639 0.417914 0.305748 0.413236
0 0.358769 0.379945 0.422630 0.374861 0.425606 0.412243 0.361745 0.417327
0 0.404661 0.380369 0.468452 0.374477 0.471901 0.411818 0.408110 0.417711
0 0.443134 0.378465 0.508722 0.376244 0.509991 0.413722 0.444403 0.415944
0 0.481786 0.376435 0.547386 0.378268 0.546339 0.415753 0.480739 0.413920
0 0.529542 0.378370 0.592040 0.377881 0.592333 0.415380 0.529835 0.415869
0 0.571857 0.371161 0.632945 0.384374 0.625018 0.421026 0.563930 0.407814
0 0.613862 0.379868 0.676268 0.376438 0.678326 0.413882 0.615920 0.417312
0 0.666925 0.383542 0.730147 0.373200 0.736200 0.410208 0.672978 0.420550
0 0.726303 0.378564 0.788797 0.377689 0.789322 0.415186 0.726828 0.416061
0 0.769563 0.382148 0.834535 0.372912 0.839812 0.410039 0.774840 0.419275
0 0.808792 0.378378 0.872822 0.376329 0.874021 0.413810 0.809991 0.415858
0 0.857566 0.381630 0.921267 0.374832 0.925246 0.412120 0.861546 0.418918
0 0.893066 0.384107 0.957429 0.371301 0.964747 0.408080 0.900383 0.420886
0 0.024458 0.438555 0.088011 0.430493 0.092730 0.467695 0.029177 0.475757
0 0.081340 0.427930 0.143906 0.441697 0.135847 0.478320 0.073281 0.464553
0 0.123768 0.427827 0.184667 0.441884 0.176232 0.478423 0.115333 0.464366
0 0.163716 0.436450 0.227649 0.432376 0.230034 0.469800 0.166101 0.473874
0 0.216340 0.430938 0.280007 0.438044 0.275848 0.475312 0.212180 0.468206
0 0.253438 0.430706 0.317225 0.436642 0.313750 0.473981 0.249963 0.468045
0 0.303745 0.431143 0.365887 0.437821 0.361880 0.475107 0.299738 0.468429
0 0.350031 0.434322 0.414094 0.434428 0.414031 0.471928 0.349969 0.471822
0 0.394076 0.430619 0.459416 0.436731 0.455924 0.474068 0.390584 0.467956
0 0.435137 0.432348 0.499150 0.434868 0.497675 0.472339 0.433662 0.469819
0 0.474960 0.435072 0.538956 0.432154 0.540665 0.469615 0.476669 0.472533
0 0.518549 0.436209 0.584075 0.432598 0.586138 0.470041 0.520613 0.473652
0 0.578511 0.430604 0.642278 0.436756 0.638676 0.474083 0.574910 0.467931
0 0.621157 0.434878 0.685169 0.432339 0.686655 0.469810 0.622643 0.472348
0 0.661562 0.430982 0.726813 0.437982 0.722813 0.475268 0.657562 0.468268
0 0.709304 0.440657 0.771968 0.427348 0.779759 0.464030 0.717094 0.477339
0 0.767106 0.436820 0.832430 0.430540 0.836019 0.467867 0.770695 0.474148
0 0.822944 0.434464 0.886983 0.432737 0.887994 0.470223 0.823955 0.471951
0 0.862166 0.438174 0.927377 0.430813 0.931584 0.468076 0.866373 0.475437
0 0.026165 0.491322 0.090212 0.489937 0.091023 0.527428 0.026975 0.528813
0 0.069896 0.492784 0.132253 0.488552 0.134792 0.525966 0.072435 0.530198
0 0.115154 0.495986 0.179731 0.484301 0.186408 0.521201 0.121832 0.532887
0 0.173373 0.492950 0.237150 0.486904 0.240689 0.524237 0.176913 0.530283
0 0.219597 0.492748 0.284977 0.487080 0.288216 0.524440 0.222836 0.530108
0 0.275944 0.494322 0.340999 0.485691 0.345931 0.522865 0.280876 0.531497
0 0.327469 0.494292 0.390957 0.485732 0.395968 0.522896 0.332480 0.531456
0 0.380150 0.489876 0.442631 0.491385 0.441725 0.528874 0.379244 0.527365
0 0.424972 0.490672 0.487472 0.490578 0.487528 0.528078 0.425028 0.528172
0 0.464246 0.490322 0.526743 0.490930 0.526379 0.528428 0.463882 0.527820
0 0.517662 0.479434 0.577293 0.502847 0.563588 0.537753 0.503957 0.514340
0 0.551425 0.493109 0.615172 0.486763 0.618887 0.524078 0.555140 0.530425
0 0.594664 0.492464 0.656954 0.487349 0.660023 0.524723 0.597733 0.529838
0 0.649295 0.494410 0.712754 0.485632 0.717892 0.522778 0.654434 0.531556
0 0.705365 0.485442 0.768765 0.494633 0.763385 0.531745 0.699985 0.522555
0 0.747104 0.484111 0.810005 0.496256 0.802896 0.533076 0.739995 0.520931
0 0.795053 0.491075 0.859109 0.490178 0.859634 0.527675 0.795578 0.528572
0 0.846589 0.492580 0.910537 0.488738 0.912786 0.526170 0.848838 0.530012
0 0.899619 0.492769 0.963543 0.488562 0.966006 0.525981 0.902082 0.530188
0 0.032620 0.540099 0.093799 0.552882 0.086130 0.589589 0.024951 0.576806
0 0.068131 0.548722 0.131988 0.543587 0.134994 0.580966 0.071137 0.586101
0 0.127238 0.545012 0.189699 0.547199 0.188387 0.584676 0.125926 0.582489
0 0.182543 0.541842 0.244136 0.552453 0.237769 0.589408 0.176177 0.578797
0 0.233750 0.538594 0.297356 0.554748 0.288125 0.591094 0.224519 0.574940
0 0.274138 0.543457 0.337810 0.550522 0.333674 0.587793 0.270002 0.580728
0 0.318025 0.543274 0.381652 0.550731 0.377287 0.587976 0.313660 0.580519
0 0.366415 0.549044 0.430219 0.543295 0.433585 0.580644 0.369781 0.586393
0 0.406086 0.550286 0.471375 0.543656 0.475164 0.580964 0.409875 0.587594
0 0.458907 0.543030 0.520893 0.551029 0.516093 0.588220 0.454107 0.580221
0 0.504462 0.541945 0.566359 0.550604 0.561163 0.587743 0.499266 0.579083
0 0.544085 0.546315 0.608137 0.547441 0.607478 0.584935 0.543425 0.583809
0 0.579549 0.556904 0.640892 0.538438 0.651701 0.574346 0.590358 0.592812
0 0.635230 0.543166 0.700405 0.550841 0.696020 0.588084 0.630845 0.580409
0 0.685620 0.548894 0.749559 0.544928 0.751880 0.582356 0.687941 0.586322
0 0.737262 0.548737 0.801219 0.545074 0.803363 0.582513 0.739406 0.586176
0 0.782341 0.546902 0.844821 0.545297 0.845784 0.582785 0.783304 0.584390
0 0.822755 0.543304 0.884814 0.550710 0.880370 0.587946 0.818311 0.580540
0 0.871828 0.549165 0.935610 0.543186 0.939110 0.580523 0.875327 0.586501
0 0.024565 0.608998 0.087646 0.597827 0.094185 0.634752 0.031104 0.645923
0 0.068284 0.605381 0.130628 0.600963 0.133279 0.638369 0.070935 0.642787
0 0.123757 0.602589 0.187811 0.603666 0.187180 0.641161 0.123127 0.640084
0 0.171458 0.603856 0.235504 0.602403 0.236355 0.639894 0.172309 0.641347
0 0.225523 0.601498 0.288000 0.603203 0.286977 0.640689 0.224500 0.638984
0 0.277833 0.606732 0.341513 0.599742 0.345605 0.637018 0.281925 0.644008
0 0.335787 0.594540 0.397568 0.611482 0.387651 0.647647 0.325869 0.630705
0 0.365423 0.612639 0.426628 0.593721 0.437702 0.629549 0.376497 0.648467
0 0.418459 0.603632 0.482513 0.602623 0.483104 0.640118 0.419049 0.641127
0 0.455515 0.609261 0.519822 0.596179 0.527298 0.632926 0.462990 0.646008
0 0.517979 0.596107 0.578614 0.611262 0.569521 0.647643 0.508886 0.632488
0 0.552130 0.601041 0.614485 0.605296 0.611932 0.642709 0.549577 0.638454
0 0.593232 0.598271 0.656480 0.608456 0.650518 0.645479 0.587270 0.635294
0 0.642780 0.601390 0.705250 0.603316 0.704095 0.640798 0.641625 0.638872
0 0.691916 0.606685 0.755606 0.599783 0.759646 0.637065 0.695957 0.643967
0 0.746346 0.606605 0.811453 0.598378 0.816154 0.635583 0.751047 0.643809
0 0.802725 0.598319 0.866238 0.606690 0.861338 0.643869 0.797825 0.635497
0 0.852746 0.598197 0.917803 0.606815 0.912879 0.643990 0.847822 0.635373
0 0.897509 0.601325 0.959975 0.603383 0.958741 0.640862 0.896275 0.638805
0 0.029946 0.655848 0.092191 0.661493 0.088804 0.698840 0.026559 0.693194
0 0.069699 0.654528 0.134535 0.664673 0.128738 0.701722 0.063902 0.691577
0 0.122106 0.652859 0.185006 0.665009 0.177894 0.701828 0.114994 0.689679
0 0.169861 0.661662 0.233766 0.657180 0.236389 0.694588 0.172484 0.699070
0 0.225875 0.661293 0.288153 0.656028 0.291312 0.693395 0.229034 0.698659
0 0.270961 0.657123 0.334858 0.661724 0.332164 0.699127 0.268267 0.694526
0 0.325532 0.652460 0.387849 0.667311 0.379156 0.703790 0.316838 0.688939
0 0.362489 0.661509 0.424731 0.655834 0.428136 0.693179 0.365894 0.698854
0 0.407571 0.661243 0.471528 0.657569 0.473679 0.695007 0.409722 0.698681
0 0.460334 0.655832 0.525715 0.661496 0.522478 0.698856 0.457098 0.693192
0 0.512144 0.661468 0.576075 0.657359 0.578481 0.694782 0.514550 0.698891
0 0.571263 0.651262 0.632837 0.668944 0.622487 0.704988 0.560913 0.687306
0 0.605053 0.655702 0.667269 0.661656 0.663697 0.698986 0.601481 0.693031
0 0.651363 0.659719 0.715422 0.659033 0.715824 0.696531 0.651765 0.697217
0 0.706108 0.661783 0.768301 0.655589 0.772017 0.692905 0.709824 0.699098
0 0.754482 0.674362 0.812765 0.647771 0.828331 0.681888 0.770047 0.708479
0 0.797867 0.664840 0.860825 0.652994 0.867758 0.689848 0.804800 0.701693
0 0.848143 0.662988 0.911821 0.655987 0.915920 0.693262 0.852241 0.700263
0 0.890655 0.659324 0.953155 0.659426 0.953095 0.696926 0.890595 0.696824
0 0.024820 0.718983 0.088550 0.712461 0.092367 0.749767 0.028638 0.756289
0 0.071800 0.719782 0.135160 0.710317 0.140700 0.747406 0.077340 0.756870
0 0.117528 0.713870 0.179926 0.717441 0.177784 0.754880 0.115386 0.751309
0 0.168265 0.710844 0.229952 0.720894 0.223922 0.757906 0.162235 0.747856
0 0.225517 0.708788 0.288271 0.721665 0.280733 0.758400 0.217979 0.745522
0 0.270914 0.712264 0.336172 0.719196 0.332211 0.756486 0.266953 0.749554
0 0.311103 0.713313 0.375090 0.716418 0.373272 0.753874 0.309285 0.750769
0 0.367254 0.707427 0.430419 0.725229 0.420246 0.761323 0.357081 0.743521
0 0.416420 0.716256 0.481985 0.713465 0.483580 0.750931 0.418015 0.753722
0 0.458492 0.713327 0.522382 0.718024 0.519633 0.755423 0.455743 0.750726
0 0.491993 0.725104 0.553217 0.706245 0.564257 0.742084 0.503033 0.760942
0 0.548214 0.710593 0.611661 0.719455 0.606474 0.756594 0.543027 0.747733
0 0.603219 0.709175 0.665783 0.722952 0.657718 0.759575 0.595155 0.745798
0 0.643951 0.715294 0.706448 0.715958 0.706049 0.753456 0.643552 0.752792
0 0.704693 0.707488 0.767897 0.725145 0.757807 0.761262 0.694603 0.743605
0 0.746471 0.705930 0.806788 0.727513 0.794154 0.762820 0.733837 0.741237
0 0.776399 0.725351 0.839107 0.706003 0.850163 0.741837 0.787455 0.761184
0 0.826392 0.710477 0.887940 0.721344 0.881420 0.758273 0.819872 0.747406
0 0.876054 0.710760 0.939297 0.720969 0.933321 0.757990 0.870078 0.747781
0 0.026453 0.774214 0.088659 0.768150 0.092297 0.805474 0.030091 0.811537
0 0.079061 0.775472 0.142566 0.767041 0.147501 0.804215 0.083996 0.812646
0 0.122292 0.768062 0.186049 0.774304 0.182396 0.811625 0.118638 0.805384
0 0.167766 0.770162 0.230237 0.772042 0.229109 0.809525 0.166638 0.807645
0 0.221610 0.773790 0.285561 0.770025 0.287765 0.807460 0.223814 0.811225
0 0.276699 0.765380 0.339239 0.779261 0.331114 0.815870 0.268573 0.801989
0 0.334416 0.763885 0.396074 0.781272 0.385897 0.817365 0.324238 0.799978
0 0.369772 0.779966 0.433279 0.763431 0.442728 0.799721 0.379221 0.816257
0 0.415442 0.772184 0.477939 0.771568 0.478308 0.809066 0.415811 0.809682
0 0.464907 0.772377 0.528920 0.769840 0.530405 0.807310 0.466393 0.809848
0 0.517867 0.764026 0.580098 0.779233 0.571196 0.815662 0.508965 0.800454
0 0.555853 0.766990 0.617502 0.777270 0.611334 0.814260 0.549685 0.803980
0 0.610122 0.768395 0.673779 0.775592 0.669566 0.812855 0.605909 0.805658
0 0.660374 0.773608 0.724247 0.768690 0.727126 0.806079 0.663253 0.810998
0 0.699933 0.781613 0.761423 0.763642 0.771942 0.799637 0.710452 0.817608
0 0.752256 0.769557 0.816143 0.774296 0.813369 0.811693 0.749482 0.806954
0 0.802988 0.778138 0.864070 0.764901 0.872012 0.801550 0.810930 0.814787
0 0.844848 0.775982 0.909991 0.768043 0.914527 0.805268 0.849384 0.813207
0 0.893377 0.766847 0.956561 0.777417 0.950373 0.814403 0.887189 0.803833
0 0.026416 0.829766 0.088832 0.826534 0.090772 0.863984 0.028355 0.867216
0 0.064050 0.830262 0.126291 0.824581 0.129700 0.861925 0.067459 0.867607
0 0.120304 0.828727 0.182745 0.825996 0.184383 0.863460 0.121943 0.866191
0 0.161908 0.829917 0.225772 0.824886 0.228717 0.862271 0.164853 0.867301
0 0.213312 0.828689 0.277320 0.826031 0.278875 0.863499 0.214868 0.866156
0 0.263819 0.830045 0.329335 0.826267 0.331494 0.863705 0.265978 0.867483
0 0.303934 0.828729 0.369501 0.825991 0.371066 0.863458 0.305499 0.866197
0 0.351557 0.828135 0.415619 0.828115 0.415631 0.865615 0.351568 0.865635
0 0.392113 0.828888 0.456103 0.825842 0.457887 0.863299 0.393897 0.866346
0 0.448255 0.829878 0.512225 0.826427 0.514245 0.863872 0.450275 0.867323
0 0.488529 0.832284 0.552087 0.824261 0.556783 0.861466 0.493225 0.869489
0 0.539328 0.827678 0.603385 0.828576 0.602859 0.866072 0.538803 0.865174
0 0.577509 0.831697 0.641021 0.823313 0.645928 0.860491 0.582417 0.868874
0 0.626181 0.831832 0.688269 0.824666 0.692569 0.861918 0.630481 0.869084
0 0.676554 0.832249 0.741499 0.822827 0.746883 0.859938 0.681938 0.869361
0 0.732611 0.822892 0.795718 0.833918 0.789264 0.870858 0.726157 0.859832
0 0.771145 0.830131 0.833408 0.824699 0.836668 0.862057 0.774404 0.867489
0 0.810296 0.824637 0.875686 0.830185 0.872516 0.867550 0.807126 0.862003
0 0.848065 0.832015 0.913256 0.824483 0.917560 0.861735 0.852369 0.869267
0 0.902690 0.830378 0.966600 0.825961 0.969185 0.863372 0.905275 0.867789
0 0.028222 0.882202 0.090658 0.885023 0.088966 0.922485 0.026529 0.919664
0 0.077609 0.891821 0.138204 0.876509 0.147391 0.912866 0.086796 0.928178
0 0.136894 0.880705 0.198928 0.888325 0.194356 0.925545 0.132322 0.917925
0 0.187649 0.884123 0.251709 0.884628 0.251414 0.922127 0.187353 0.921622
0 0.235762 0.891756 0.298305 0.877884 0.306425 0.914494 0.243883 0.928366
0 0.279035 0.880965 0.342870 0.886356 0.339715 0.923723 0.275880 0.918332
0 0.321104 0.886464 0.383354 0.880874 0.386708 0.918224 0.324459 0.923814
0 0.360749 0.884694 0.423245 0.884058 0.423626 0.921556 0.361130 0.922192
0 0.414573 0.882748 0.478613 0.884453 0.477615 0.921939 0.413575 0.920235
0 0.463222 0.880928 0.526887 0.888055 0.522715 0.925322 0.459051 0.918195
0 0.520928 0.881149 0.583072 0.887815 0.579072 0.925101 0.516928 0.918435
0 0.560181 0.882311 0.622627 0.884909 0.621069 0.922377 0.558623 0.919779
0 0.599946 0.886678 0.663727 0.880674 0.667241 0.918009 0.603461 0.924013
0 0.647447 0.882235 0.711360 0.886603 0.708803 0.924015 0.644890 0.919647
0 0.693429 0.889943 0.756606 0.879325 0.762821 0.916307 0.699644 0.926925
0 0.730686 0.887824 0.794227 0.879668 0.799001 0.916863 0.735460 0.925019
0 0.784198 0.884674 0.846695 0.884078 0.847052 0.921576 0.784555 0.922172
0 0.818274 0.891956 0.880409 0.876360 0.889539 0.912731 0.827404 0.928328
0 0.863478 0.886217 0.928902 0.881086 0.931834 0.918471 0.866410 0.923602
6 0.000000 0.517188 0.026562 0.517188 0.026562 0.548438 0.000000 0.548438
6 0.000000 0.273438 0.029687 0.273438 0.029687 0.304688 0.000000 0.304688
