5 0.459709 0.935815 0.478457 0.936065 0.477791 0.986060 0.459043 0.985810
8 0.494483 0.934303 0.511545 0.936374 0.505517 0.986010 0.488455 0.983938
0 0.486027 0.935784 0.571964 0.936092 0.571785 0.986091 0.485848 0.985783
0 0.439898 0.986479 0.467905 0.983905 0.469477 1.000000 0.441470 1.000000
0 0.467930 0.984045 0.495963 0.986325 0.494570 1.000000 0.466537 1.000000
0 0.488497 0.986218 0.518111 0.984137 0.519316 1.000000 0.489701 1.000000
0 0.517470 0.983905 0.547142 0.984854 0.546593 1.000000 0.516920 1.000000
5 0.427990 0.867550 0.446727 0.866859 0.448572 0.916825 0.429835 0.917516
5 0.457725 0.867531 0.476464 0.866875 0.478212 0.916844 0.459474 0.917500
1 0.494237 0.866473 0.509765 0.868212 0.504201 0.917902 0.488673 0.916163
8 0.521209 0.867405 0.536829 0.866988 0.538166 0.916970 0.522546 0.917387
5 0.546833 0.867835 0.565424 0.865401 0.571917 0.914977 0.553326 0.917412
0 0.409260 0.915827 0.438945 0.915425 0.439177 0.932611 0.409493 0.933013
0 0.428283 0.915030 0.456265 0.917870 0.454529 0.934970 0.426548 0.932130
0 0.449283 0.915088 0.478847 0.917796 0.477279 0.934912 0.447716 0.932204
0 0.473885 0.914933 0.501975 0.916339 0.501115 0.933505 0.473025 0.932099
0 0.493092 0.917660 0.522678 0.915211 0.524096 0.932340 0.494509 0.934789
0 0.522152 0.914877 0.550097 0.918045 0.548161 0.935123 0.520215 0.931955
0 0.547086 0.914962 0.575052 0.917948 0.573227 0.935038 0.545261 0.932052
1 0.399894 0.798761 0.417070 0.798146 0.418856 0.848114 0.401680 0.848729
1 0.431742 0.798035 0.448908 0.798903 0.446383 0.848840 0.429217 0.847972
0 0.424761 0.800918 0.507327 0.794542 0.511177 0.844394 0.428610 0.850770
0 0.453956 0.803787 0.537506 0.792015 0.544482 0.841526 0.460932 0.853298
0 0.488183 0.794864 0.575376 0.802187 0.571192 0.852011 0.483999 0.844688
0 0.515431 0.798781 0.602928 0.798096 0.603319 0.848094 0.515822 0.848779
1 0.581795 0.798274 0.597416 0.798613 0.596330 0.848601 0.580709 0.848262
1 0.357959 0.729042 0.373508 0.730574 0.368604 0.780333 0.353054 0.778801
7 0.370495 0.728056 0.420381 0.731433 0.417005 0.781319 0.367119 0.777942
1 0.419275 0.728098 0.436353 0.730032 0.430725 0.779715 0.413647 0.777780
0 0.410889 0.729771 0.496826 0.729604 0.496924 0.779604 0.410986 0.779771
8 0.473231 0.730632 0.488772 0.729012 0.493956 0.778743 0.478416 0.780363
7 0.486990 0.730268 0.536920 0.727615 0.539572 0.777545 0.489643 0.780197
1 0.537648 0.728966 0.554753 0.730650 0.549852 0.780409 0.532747 0.778725
8 0.565047 0.729894 0.582230 0.729495 0.583390 0.779481 0.566208 0.779880
0 0.560466 0.731978 0.646285 0.727466 0.648909 0.777397 0.563090 0.781909
1 0.626738 0.729156 0.643885 0.730337 0.640450 0.780219 0.623303 0.779038
0 0.337329 0.776088 0.364798 0.782126 0.361108 0.798912 0.333639 0.792874
0 0.355296 0.777932 0.384917 0.779920 0.383766 0.797068 0.354145 0.795080
0 0.378691 0.776134 0.408087 0.780285 0.405684 0.797304 0.376288 0.793152
0 0.402524 0.780040 0.432129 0.777821 0.433413 0.794960 0.403809 0.797179
0 0.429390 0.778631 0.457498 0.777630 0.458110 0.794806 0.430002 0.795808
0 0.445798 0.778118 0.475442 0.779720 0.474515 0.796882 0.444870 0.795280
0 0.470088 0.778524 0.499765 0.777732 0.500224 0.794913 0.470547 0.795706
0 0.502380 0.775936 0.530125 0.780546 0.527307 0.797501 0.499563 0.792891
0 0.521579 0.780339 0.550960 0.776088 0.553421 0.793099 0.524040 0.797349
0 0.554034 0.775831 0.581739 0.780676 0.578778 0.797606 0.551074 0.792762
0 0.582682 0.779940 0.612161 0.776430 0.614193 0.793497 0.584714 0.797007
0 0.598195 0.778558 0.627870 0.777699 0.628367 0.794880 0.598692 0.795738
0 0.625961 0.779978 0.654008 0.777883 0.655289 0.795022 0.627242 0.797117
0 0.292518 0.660399 0.375323 0.661480 0.374670 0.711476 0.291864 0.710395
8 0.354031 0.661742 0.369592 0.660336 0.374094 0.710133 0.358533 0.711539
5 0.386560 0.659237 0.405184 0.661414 0.399377 0.711076 0.380754 0.708898
0 0.377654 0.666682 0.464449 0.655596 0.470784 0.705193 0.383989 0.716279
0 0.417411 0.653047 0.501702 0.669785 0.491964 0.718828 0.407673 0.702090
0 0.440074 0.663337 0.524316 0.658616 0.527114 0.708538 0.442871 0.713259
5 0.499797 0.662111 0.518275 0.658927 0.526765 0.708201 0.508287 0.711385
1 0.533769 0.661414 0.549370 0.660539 0.552168 0.710461 0.536568 0.711336
0 0.533436 0.659132 0.617786 0.661195 0.616564 0.711180 0.532214 0.709117
1 0.590618 0.662775 0.607352 0.658855 0.618757 0.707537 0.602023 0.711457
0 0.591659 0.663249 0.674346 0.658702 0.677091 0.708626 0.594404 0.713173
1 0.653936 0.661208 0.671116 0.660689 0.672626 0.710667 0.655447 0.711186
0 0.259335 0.596047 0.344799 0.587041 0.350040 0.636765 0.264576 0.645772
7 0.307447 0.592608 0.357392 0.590259 0.359741 0.640204 0.309796 0.642553
5 0.352582 0.592725 0.371305 0.591722 0.373981 0.641650 0.355257 0.642653
0 0.350523 0.590033 0.437913 0.594405 0.435415 0.644342 0.348024 0.639970
0 0.385294 0.585485 0.470337 0.597848 0.463144 0.647328 0.378100 0.634965
1 0.445274 0.592201 0.462462 0.592174 0.462538 0.642174 0.445351 0.642201
1 0.480091 0.590567 0.495566 0.592725 0.488659 0.642246 0.473184 0.640088
5 0.506510 0.590579 0.525162 0.592495 0.520052 0.642233 0.501401 0.640317
0 0.496251 0.601500 0.578478 0.582585 0.589687 0.631313 0.507459 0.650227
1 0.569066 0.591426 0.586159 0.593222 0.580934 0.642949 0.563841 0.641153
7 0.577789 0.594243 0.627632 0.590289 0.631586 0.640132 0.581743 0.644086
8 0.629010 0.590371 0.645987 0.593055 0.638177 0.642442 0.621201 0.639757
1 0.654595 0.592505 0.671772 0.591901 0.673530 0.641870 0.656353 0.642474
0 0.650456 0.591419 0.736380 0.592964 0.735481 0.642956 0.649558 0.641411
8 0.252080 0.523028 0.269245 0.523913 0.266670 0.573847 0.249505 0.572962
0 0.243038 0.528866 0.328143 0.516931 0.335087 0.566446 0.249982 0.578382
1 0.311198 0.522884 0.328341 0.524121 0.324740 0.573991 0.307597 0.572754
5 0.344368 0.521557 0.362918 0.524289 0.355632 0.573755 0.337082 0.571023
5 0.368160 0.524354 0.386838 0.522713 0.391215 0.572521 0.372537 0.574162
7 0.384544 0.523270 0.434543 0.523607 0.434206 0.573605 0.384207 0.573268
1 0.430899 0.523550 0.446522 0.523330 0.447226 0.573325 0.431603 0.573545
0 0.429236 0.518272 0.514502 0.528994 0.508264 0.578603 0.422998 0.567881
7 0.476984 0.520168 0.526707 0.525422 0.521453 0.575145 0.471730 0.569891
0 0.489354 0.519763 0.573522 0.525672 0.570021 0.575549 0.485853 0.569640
7 0.536858 0.519772 0.586478 0.525920 0.580330 0.575541 0.530709 0.569392
0 0.546163 0.523898 0.630502 0.521435 0.631962 0.571414 0.547623 0.573877
1 0.610185 0.523685 0.625803 0.523213 0.627315 0.573190 0.611697 0.573662
7 0.625670 0.521285 0.675590 0.524107 0.672768 0.574028 0.622847 0.571205
1 0.671511 0.523554 0.687135 0.523326 0.687864 0.573321 0.672240 0.573549
8 0.696498 0.524150 0.713507 0.521681 0.720690 0.571162 0.703680 0.573631
1 0.733397 0.522705 0.748918 0.524502 0.743166 0.574170 0.727644 0.572373
7 0.207223 0.452386 0.256989 0.457223 0.252152 0.506989 0.202386 0.502152
0 0.217821 0.452401 0.303633 0.457047 0.300929 0.506974 0.215117 0.502328
5 0.283540 0.452631 0.301986 0.455992 0.293023 0.505182 0.274576 0.501821
1 0.311492 0.454057 0.328620 0.455492 0.324445 0.505318 0.307318 0.503883
7 0.323566 0.454560 0.373565 0.454816 0.373309 0.504815 0.323310 0.504559
0 0.338381 0.449742 0.425280 0.459977 0.419432 0.509633 0.332532 0.499398
0 0.367523 0.454139 0.450329 0.455240 0.449664 0.505236 0.366859 0.504135
5 0.427640 0.455200 0.446365 0.454241 0.448923 0.504175 0.430197 0.505134
0 0.421406 0.466597 0.501237 0.444578 0.514532 0.492778 0.434700 0.514797
1 0.492395 0.454400 0.508008 0.455014 0.506042 0.504975 0.490430 0.504361
5 0.518682 0.455023 0.537421 0.454381 0.539131 0.504352 0.520392 0.504994
7 0.532442 0.455113 0.582387 0.452755 0.584745 0.502699 0.534801 0.505058
7 0.564362 0.452870 0.614317 0.454987 0.612200 0.504942 0.562245 0.502825
8 0.607068 0.455604 0.624180 0.453992 0.628869 0.503771 0.611757 0.505383
0 0.604365 0.456727 0.691772 0.452701 0.694073 0.502648 0.606665 0.506674
1 0.670195 0.455276 0.685784 0.454215 0.689180 0.504099 0.673591 0.505160
8 0.698390 0.455300 0.715541 0.454181 0.718798 0.504075 0.701647 0.505194
1 0.729119 0.455193 0.746280 0.454256 0.749006 0.504182 0.731845 0.505119
0 0.729187 0.447805 0.814172 0.460562 0.806750 0.510008 0.721765 0.497251
5 0.190929 0.385557 0.209661 0.386364 0.207509 0.436318 0.188776 0.435511
7 0.205383 0.385261 0.255364 0.386633 0.253992 0.436614 0.204011 0.435242
7 0.233998 0.386320 0.283992 0.385561 0.284752 0.435555 0.234758 0.436314
0 0.244885 0.386700 0.332372 0.385182 0.333240 0.435175 0.245753 0.436693
0 0.274594 0.388059 0.358866 0.383878 0.361343 0.433816 0.277072 0.437997
0 0.306317 0.385823 0.392254 0.386052 0.392121 0.436052 0.306184 0.435823
0 0.343007 0.377530 0.425449 0.395491 0.414805 0.444345 0.332364 0.426384
5 0.396543 0.386742 0.415103 0.384078 0.422207 0.433571 0.403647 0.436235
8 0.429281 0.386340 0.444888 0.385592 0.447282 0.435535 0.431674 0.436283
5 0.461516 0.384248 0.480143 0.386393 0.474421 0.436065 0.455794 0.433919
1 0.494284 0.385377 0.509855 0.386670 0.505716 0.436498 0.490145 0.435205
8 0.522179 0.385372 0.539319 0.386639 0.535634 0.436503 0.518493 0.435236
0 0.513454 0.391116 0.598622 0.379644 0.605296 0.429197 0.520128 0.440668
7 0.561915 0.386602 0.611836 0.383790 0.614648 0.433711 0.564727 0.436523
1 0.609153 0.386274 0.624765 0.385642 0.626785 0.435601 0.611173 0.436233
1 0.638646 0.386283 0.655724 0.384348 0.661354 0.434030 0.644276 0.435965
5 0.671021 0.385683 0.689764 0.386212 0.688354 0.436192 0.669611 0.435663
0 0.666362 0.383931 0.752264 0.386402 0.750826 0.436381 0.664924 0.433910
1 0.729544 0.386275 0.746719 0.385635 0.748581 0.435600 0.731406 0.436240
8 0.763301 0.384288 0.780357 0.386405 0.774199 0.436024 0.757143 0.433908
0 0.762168 0.380800 0.844288 0.391493 0.837832 0.441075 0.755712 0.430382
1 0.146902 0.317179 0.162527 0.317196 0.162473 0.367196 0.146848 0.367179
7 0.163129 0.313928 0.212635 0.320941 0.205621 0.370447 0.156115 0.363434
1 0.201182 0.318321 0.218099 0.315280 0.226943 0.364492 0.210026 0.367532
0 0.200235 0.316788 0.286169 0.317589 0.285703 0.367587 0.199769 0.366786
0 0.230724 0.319538 0.314972 0.314912 0.317714 0.364837 0.233465 0.369463
7 0.280468 0.316430 0.330445 0.317968 0.328907 0.367945 0.278930 0.366407
0 0.288691 0.322585 0.373993 0.312159 0.380059 0.361790 0.294757 0.372216
0 0.323641 0.313642 0.407827 0.319282 0.404484 0.369170 0.320298 0.363530
0 0.351932 0.315340 0.436224 0.319084 0.434005 0.369035 0.349713 0.365291
8 0.415496 0.317519 0.432672 0.316889 0.434504 0.366856 0.417328 0.367486
7 0.429907 0.316970 0.479905 0.317407 0.479468 0.367405 0.429470 0.366968
0 0.438485 0.323071 0.523673 0.311741 0.530265 0.361304 0.445077 0.372634
7 0.489345 0.316908 0.539342 0.317470 0.538780 0.367467 0.488783 0.366905
0 0.499594 0.320857 0.583664 0.313698 0.587906 0.363518 0.503836 0.370677
0 0.531607 0.316572 0.619099 0.317808 0.618393 0.367803 0.530901 0.366567
0 0.560385 0.317380 0.646301 0.315445 0.647427 0.365432 0.561511 0.367368
0 0.592395 0.316840 0.676767 0.317537 0.676355 0.367535 0.591983 0.366838
5 0.654768 0.316881 0.673507 0.317523 0.671794 0.367494 0.653055 0.366852
0 0.651857 0.316697 0.736226 0.317682 0.735643 0.367678 0.651274 0.366693
8 0.714995 0.317718 0.732154 0.316738 0.735005 0.366657 0.717846 0.367637
7 0.728067 0.318921 0.777954 0.315567 0.781308 0.365454 0.731421 0.368808
0 0.746484 0.310277 0.829876 0.323118 0.822266 0.372536 0.738874 0.359694
5 0.804497 0.317260 0.823247 0.317117 0.823628 0.367115 0.804878 0.367258
0 0.804157 0.312472 0.888143 0.320572 0.883343 0.370341 0.799357 0.362241
0 0.123725 0.365147 0.153396 0.366112 0.152838 0.383290 0.123166 0.382326
0 0.142095 0.365779 0.170218 0.365472 0.170405 0.382658 0.142282 0.382965
0 0.168871 0.365431 0.196993 0.365821 0.196754 0.383007 0.168632 0.382617
0 0.196381 0.367272 0.224455 0.365572 0.225494 0.382728 0.197420 0.384428
0 0.227364 0.367798 0.255359 0.365094 0.257011 0.382202 0.229016 0.384906
0 0.245212 0.365801 0.274897 0.365450 0.275101 0.382636 0.245415 0.382988
0 0.276419 0.365864 0.304540 0.365389 0.304831 0.382574 0.276710 0.383049
0 0.306059 0.367469 0.333959 0.363919 0.336128 0.380969 0.308228 0.384519
0 0.322048 0.365333 0.351730 0.365921 0.351389 0.383105 0.321708 0.382517
0 0.345914 0.365442 0.375537 0.367408 0.374398 0.384558 0.344776 0.382592
0 0.364105 0.365552 0.393792 0.365699 0.393707 0.382886 0.364020 0.382739
0 0.387642 0.365397 0.415763 0.365855 0.415483 0.383040 0.387362 0.382582
0 0.413563 0.367334 0.443194 0.365511 0.444250 0.382666 0.414618 0.384489
0 0.438399 0.367600 0.466428 0.365271 0.467851 0.382400 0.439822 0.384729
0 0.470647 0.365099 0.498752 0.366163 0.498103 0.383338 0.469998 0.382275
0 0.498098 0.366208 0.526199 0.365057 0.526902 0.382230 0.498801 0.383381
0 0.524667 0.367930 0.554024 0.363511 0.556583 0.380507 0.527226 0.384926
0 0.542527 0.365093 0.570631 0.366169 0.569973 0.383344 0.541869 0.382268
0 0.569860 0.369025 0.599125 0.364033 0.602015 0.380975 0.572750 0.385967
0 0.593106 0.369568 0.622186 0.363596 0.625644 0.380432 0.596564 0.386404
0 0.620923 0.365429 0.650544 0.367423 0.649389 0.384571 0.619769 0.382577
0 0.642334 0.365046 0.670318 0.367852 0.668604 0.384954 0.640619 0.382148
0 0.656629 0.365001 0.686290 0.366264 0.685559 0.383436 0.655898 0.382173
0 0.682870 0.365526 0.712557 0.365724 0.712443 0.382911 0.682756 0.382714
0 0.713569 0.367271 0.741643 0.365573 0.742681 0.382729 0.714607 0.384427
0 0.742930 0.365236 0.772521 0.367633 0.771132 0.384764 0.741542 0.382367
0 0.766091 0.363857 0.793973 0.367541 0.791722 0.384581 0.763839 0.380896
0 0.789222 0.365355 0.818905 0.365898 0.818590 0.383083 0.788908 0.382539
0 0.819154 0.364962 0.848811 0.366305 0.848034 0.383475 0.818376 0.382132
5 0.112201 0.248814 0.130841 0.246791 0.136237 0.296499 0.117596 0.298522
8 0.145700 0.248308 0.162885 0.248573 0.162112 0.298567 0.144927 0.298302
1 0.177110 0.247809 0.194238 0.249239 0.190078 0.299066 0.172950 0.297636
5 0.204843 0.248380 0.223593 0.248496 0.223282 0.298495 0.204532 0.298379
0 0.198218 0.253484 0.283598 0.243715 0.289282 0.293391 0.203902 0.303160
5 0.263958 0.248788 0.282696 0.248119 0.284480 0.298087 0.265741 0.298756
1 0.298979 0.247713 0.314503 0.249485 0.308833 0.299162 0.293309 0.297390
5 0.323021 0.248920 0.341749 0.248014 0.344166 0.297955 0.325438 0.298861
1 0.355265 0.248246 0.372448 0.248642 0.371297 0.298629 0.354115 0.298233
0 0.352310 0.246436 0.436649 0.248898 0.435190 0.298877 0.350851 0.296414
1 0.413364 0.248919 0.430419 0.246782 0.436636 0.296394 0.419581 0.298531
1 0.443669 0.249408 0.460772 0.247711 0.465706 0.297467 0.448603 0.299164
5 0.475725 0.247923 0.494442 0.249041 0.491462 0.298952 0.472746 0.297834
0 0.466459 0.258331 0.550042 0.238351 0.561666 0.286981 0.478083 0.306961
8 0.534584 0.248367 0.551770 0.248510 0.551354 0.298508 0.534167 0.298365
5 0.566167 0.247981 0.584891 0.248963 0.582271 0.298894 0.563546 0.297912
1 0.595072 0.248522 0.612259 0.248356 0.612741 0.298353 0.595554 0.298519
1 0.624873 0.249030 0.640461 0.247962 0.643877 0.297845 0.628289 0.298913
7 0.637061 0.248939 0.686999 0.246436 0.689501 0.296374 0.639564 0.298876
0 0.653858 0.245305 0.736532 0.250091 0.733642 0.300008 0.650968 0.295221
0 0.683330 0.246803 0.767688 0.248520 0.766670 0.298510 0.682312 0.296793
5 0.745437 0.248116 0.764175 0.248791 0.762375 0.298759 0.743637 0.298084
7 0.757060 0.249290 0.806960 0.246123 0.810127 0.296023 0.760227 0.299190
0 0.768087 0.252034 0.855171 0.243516 0.860038 0.293279 0.772954 0.301796
5 0.834497 0.248117 0.853235 0.248790 0.851440 0.298758 0.832702 0.298085
1 0.864931 0.248947 0.880528 0.248016 0.883507 0.297928 0.867909 0.298859
0 0.093840 0.296722 0.123526 0.297029 0.123348 0.314216 0.093662 0.313908
0 0.112188 0.297407 0.140294 0.296355 0.140937 0.313531 0.112831 0.314582
0 0.143990 0.296095 0.173502 0.299319 0.171635 0.316405 0.142123 0.313181
0 0.173700 0.295283 0.203205 0.298573 0.201300 0.315655 0.171795 0.312364
0 0.194099 0.296328 0.222202 0.297435 0.221526 0.314609 0.193423 0.313502
0 0.221025 0.296529 0.250623 0.298835 0.249288 0.315971 0.219690 0.313665
0 0.247088 0.296536 0.275204 0.297219 0.274787 0.314401 0.246671 0.313719
0 0.267548 0.296280 0.297211 0.297484 0.296514 0.314657 0.266851 0.313454
0 0.285693 0.298840 0.313564 0.295066 0.315870 0.312098 0.287999 0.315872
0 0.304302 0.297578 0.333957 0.296190 0.334761 0.313359 0.305105 0.314747
0 0.331668 0.295075 0.361120 0.298812 0.358957 0.315862 0.329505 0.312126
0 0.353006 0.297084 0.382691 0.296668 0.382931 0.313854 0.353247 0.314270
0 0.373142 0.297407 0.402811 0.296354 0.403420 0.313531 0.373751 0.314583
0 0.397573 0.296606 0.425616 0.298757 0.424302 0.315894 0.396259 0.313743
0 0.412490 0.296891 0.440615 0.296859 0.440635 0.314047 0.412510 0.314078
0 0.442306 0.296684 0.470428 0.297067 0.470194 0.314253 0.442072 0.313870
0 0.459513 0.296654 0.487634 0.297098 0.487362 0.314284 0.459241 0.313839
0 0.482992 0.296588 0.511111 0.297165 0.510758 0.314349 0.482639 0.313772
0 0.501547 0.296901 0.531235 0.296849 0.531265 0.314036 0.501578 0.314089
0 0.519877 0.295120 0.547480 0.300512 0.544185 0.317380 0.516582 0.311988
0 0.544580 0.298989 0.572586 0.296397 0.574170 0.313511 0.546164 0.316103
0 0.560321 0.298759 0.588363 0.296604 0.589679 0.313741 0.561637 0.315896
0 0.577517 0.295188 0.606745 0.300390 0.603733 0.317312 0.574505 0.312110
0 0.596200 0.296349 0.624196 0.299043 0.622550 0.316151 0.594554 0.313457
0 0.614687 0.294914 0.642510 0.299020 0.640001 0.316024 0.612177 0.311917
0 0.640602 0.296915 0.670290 0.296835 0.670335 0.314023 0.640648 0.314102
0 0.663650 0.297590 0.691739 0.296181 0.692600 0.313347 0.664511 0.314756
0 0.681680 0.296208 0.709772 0.297562 0.708945 0.314729 0.680853 0.313376
0 0.709887 0.296827 0.739527 0.298513 0.738550 0.315673 0.708911 0.313987
0 0.734687 0.296358 0.764356 0.297403 0.763751 0.314579 0.734082 0.313535
0 0.762974 0.296143 0.791060 0.297631 0.790151 0.314795 0.762065 0.313306
0 0.787488 0.299202 0.817023 0.296199 0.818762 0.313298 0.789227 0.316301
0 0.815559 0.296984 0.843683 0.296766 0.843816 0.313953 0.815692 0.314171
0 0.835983 0.296800 0.864108 0.296950 0.864017 0.314137 0.835892 0.313988
0 0.866361 0.294781 0.894140 0.299181 0.891451 0.316156 0.863673 0.311757
7 0.056623 0.177892 0.106483 0.181623 0.102752 0.231483 0.052892 0.227752
8 0.100514 0.179517 0.117698 0.179869 0.116673 0.229858 0.099489 0.229506
1 0.129541 0.179738 0.146728 0.179637 0.147022 0.229637 0.129835 0.229738
8 0.159027 0.179810 0.176213 0.179570 0.176910 0.229565 0.159724 0.229805
1 0.192981 0.178998 0.210095 0.180593 0.205456 0.230377 0.188343 0.228782
8 0.219534 0.179969 0.236713 0.179431 0.238279 0.229406 0.221100 0.229944
5 0.247800 0.180627 0.266475 0.178949 0.270950 0.228748 0.252275 0.230426
1 0.284946 0.177927 0.300332 0.180651 0.291616 0.229885 0.276230 0.227162
7 0.289906 0.182401 0.339474 0.175844 0.346031 0.225412 0.296463 0.231969
1 0.342731 0.179312 0.358334 0.180133 0.355707 0.230063 0.340104 0.229242
5 0.370776 0.179519 0.389522 0.179865 0.388599 0.229856 0.369853 0.229510
5 0.401659 0.179127 0.420368 0.180356 0.417091 0.230248 0.398382 0.229019
0 0.397859 0.174602 0.484723 0.185136 0.478703 0.234773 0.391840 0.224239
8 0.460314 0.179891 0.475934 0.179500 0.477186 0.229484 0.461566 0.229875
1 0.490483 0.179737 0.507670 0.179639 0.507955 0.229638 0.490768 0.229736
7 0.502819 0.181708 0.552667 0.177819 0.556556 0.227667 0.506708 0.231556
5 0.552351 0.178928 0.571021 0.180661 0.566399 0.230447 0.547729 0.228714
1 0.582848 0.179243 0.598441 0.180232 0.595277 0.230132 0.579684 0.229143
1 0.609938 0.179501 0.627122 0.179887 0.625999 0.229874 0.608816 0.229488
7 0.624415 0.180286 0.674401 0.179103 0.675585 0.229089 0.625599 0.230272
5 0.668262 0.180556 0.686947 0.178993 0.691113 0.228819 0.672428 0.230382
5 0.700044 0.179393 0.718784 0.180008 0.717144 0.229982 0.698404 0.229367
5 0.727965 0.180061 0.746701 0.179350 0.748598 0.229314 0.729861 0.230025
1 0.761721 0.179001 0.778835 0.180588 0.774217 0.230374 0.757103 0.228787
7 0.775388 0.179305 0.825382 0.180076 0.824612 0.230070 0.774618 0.229299
7 0.805469 0.178930 0.855445 0.180469 0.853906 0.230445 0.803930 0.228906
1 0.849732 0.179781 0.866919 0.179597 0.867456 0.229594 0.850269 0.229778
1 0.881608 0.179325 0.898778 0.180102 0.896517 0.230050 0.879347 0.229273
5 0.906100 0.179989 0.924753 0.178083 0.929837 0.227823 0.911185 0.229730
6 0.000000 0.091486 0.042715 0.094481 0.041582 0.116327 0.000000 0.113331
6 0.960573 0.328324 0.999588 0.326383 1.000000 0.341988 0.961350 0.343930
