7 0.032551 0.034725 0.077715 0.031054 0.081511 0.077775 0.036348 0.081446
7 0.072564 0.032143 0.119420 0.033502 0.118061 0.080357 0.071205 0.078998
7 0.122742 0.035313 0.169374 0.030554 0.174133 0.077187 0.127501 0.081946
7 0.160536 0.037336 0.206414 0.027723 0.216027 0.073602 0.170148 0.083214
7 0.227181 0.030885 0.272313 0.034927 0.268131 0.081615 0.223000 0.077573
7 0.259302 0.032886 0.306176 0.032739 0.306323 0.079614 0.259449 0.079761
7 0.297680 0.035302 0.342746 0.030579 0.347632 0.077198 0.302566 0.081921
7 0.341157 0.030955 0.386302 0.034843 0.382281 0.081545 0.337135 0.077657
7 0.368673 0.032890 0.415548 0.032735 0.415702 0.079610 0.368827 0.079765
7 0.404247 0.033261 0.451114 0.032372 0.452003 0.079239 0.405136 0.080128
7 0.453873 0.032088 0.500725 0.033561 0.499252 0.080412 0.452400 0.078939
7 0.492704 0.029665 0.539085 0.036454 0.532296 0.082835 0.485915 0.076046
7 0.539998 0.033457 0.586856 0.032186 0.588127 0.079043 0.541269 0.080314
7 0.589019 0.034537 0.635776 0.031207 0.639106 0.077963 0.592349 0.081293
7 0.627837 0.033104 0.674709 0.032525 0.675288 0.079396 0.628416 0.079975
7 0.675046 0.032768 0.720359 0.032857 0.720266 0.079732 0.674954 0.079643
7 0.722715 0.033558 0.769567 0.032090 0.771035 0.078942 0.724183 0.080410
7 0.770072 0.033099 0.816901 0.031010 0.818990 0.077838 0.772162 0.079928
7 0.830316 0.030810 0.877003 0.035003 0.872809 0.081690 0.826122 0.077497
7 0.871808 0.032911 0.918651 0.031183 0.920379 0.078026 0.873536 0.079754
0 0.016155 0.088737 0.093788 0.097496 0.088532 0.144075 0.010900 0.135317
5 0.091227 0.091803 0.109752 0.094695 0.102523 0.141009 0.083998 0.138118
0 0.102002 0.090521 0.184551 0.097129 0.180810 0.143854 0.098262 0.137246
5 0.170888 0.093547 0.188070 0.093967 0.186925 0.140828 0.169743 0.140408
5 0.213252 0.091608 0.231656 0.095196 0.222685 0.141205 0.204282 0.137617
5 0.264207 0.093697 0.281394 0.093803 0.281105 0.140678 0.263918 0.140572
5 0.299410 0.094264 0.316456 0.092061 0.322465 0.138549 0.305419 0.140752
0 0.325226 0.092116 0.404845 0.095425 0.402899 0.142259 0.323280 0.138950
5 0.397924 0.093962 0.416669 0.093549 0.417701 0.140413 0.398956 0.140826
0 0.410697 0.097199 0.491667 0.090462 0.495553 0.137176 0.414583 0.143913
5 0.490523 0.094123 0.509259 0.093411 0.511040 0.140252 0.492303 0.140964
5 0.545163 0.094112 0.562337 0.093425 0.564212 0.140263 0.547038 0.140950
5 0.599353 0.093997 0.616534 0.093521 0.617834 0.140378 0.600654 0.140854
0 0.599894 0.097647 0.677494 0.088605 0.682919 0.135165 0.605319 0.144207
5 0.674701 0.093862 0.691887 0.093642 0.692487 0.140513 0.675301 0.140733
0 0.686415 0.090525 0.767396 0.097130 0.763585 0.143850 0.682604 0.137245
0 0.718513 0.095574 0.798119 0.091974 0.800237 0.138801 0.720631 0.142401
5 0.779119 0.094290 0.796278 0.093290 0.799006 0.140085 0.781847 0.141085
5 0.822954 0.094676 0.841630 0.093010 0.845796 0.139699 0.827120 0.141365
5 0.854593 0.094090 0.871769 0.093443 0.873532 0.140285 0.856356 0.140932
5 0.890627 0.093749 0.909377 0.093751 0.909373 0.140626 0.890623 0.140624
0 0.888769 0.097238 0.968166 0.090434 0.972168 0.137137 0.892772 0.143941
1 0.041513 0.155139 0.057002 0.153082 0.063174 0.199548 0.047686 0.201606
1 0.083304 0.154301 0.098907 0.155142 0.096383 0.201949 0.080781 0.201108
5 0.128247 0.153925 0.145343 0.155700 0.140503 0.202325 0.123407 0.200550
1 0.154639 0.155215 0.170114 0.153050 0.176611 0.199472 0.161136 0.201638
5 0.203016 0.155044 0.221658 0.153038 0.226672 0.199644 0.208030 0.201650
7 0.237132 0.149732 0.283081 0.159007 0.273805 0.204956 0.227857 0.195680
5 0.301563 0.154687 0.320313 0.154688 0.320312 0.201563 0.301562 0.201562
1 0.348492 0.154425 0.364107 0.154979 0.362445 0.201825 0.346830 0.201271
5 0.384193 0.155063 0.401366 0.154352 0.403307 0.201187 0.386134 0.201898
5 0.434035 0.154826 0.452783 0.154554 0.453465 0.201424 0.434717 0.201696
5 0.477795 0.154811 0.494981 0.154569 0.495642 0.201439 0.478456 0.201681
7 0.498550 0.153046 0.545392 0.154800 0.543638 0.201642 0.496796 0.199888
1 0.567086 0.155650 0.582623 0.153990 0.587602 0.200600 0.572065 0.202260
1 0.607045 0.154957 0.622662 0.154443 0.624205 0.201293 0.608588 0.201807
1 0.641869 0.154796 0.657493 0.154583 0.658131 0.201454 0.642507 0.201667
5 0.676120 0.155997 0.692987 0.152691 0.702005 0.198690 0.685138 0.201997
5 0.729943 0.154595 0.747130 0.154783 0.746619 0.201655 0.729433 0.201467
5 0.768428 0.155467 0.785558 0.154064 0.789385 0.200783 0.772255 0.202186
1 0.816268 0.154260 0.831864 0.155200 0.829045 0.201990 0.813448 0.201050
1 0.851542 0.155613 0.867085 0.154009 0.871895 0.200637 0.856353 0.202241
7 0.866858 0.155022 0.913728 0.154358 0.914392 0.201228 0.867522 0.201892
7 0.906398 0.153094 0.953156 0.156398 0.949852 0.203156 0.903094 0.199852
0 0.009272 0.221350 0.086404 0.208934 0.093853 0.255213 0.016721 0.267629
0 0.050351 0.211859 0.129804 0.217966 0.126212 0.264703 0.046759 0.258597
1 0.111665 0.215175 0.127258 0.216170 0.124272 0.262950 0.108679 0.261955
1 0.156307 0.215362 0.171922 0.215918 0.170256 0.262763 0.154641 0.262207
1 0.199592 0.216730 0.215104 0.214858 0.220720 0.261395 0.205208 0.263267
0 0.224409 0.212091 0.303898 0.217714 0.300591 0.264472 0.221102 0.258849
1 0.291649 0.216107 0.307249 0.215219 0.309914 0.262018 0.294314 0.262906
1 0.335905 0.215912 0.351520 0.215366 0.353158 0.262213 0.337542 0.262759
1 0.390925 0.215527 0.406549 0.215727 0.405950 0.262598 0.390326 0.262398
1 0.451651 0.215138 0.467238 0.216226 0.463974 0.262987 0.448387 0.261899
1 0.496493 0.215756 0.512116 0.215501 0.512882 0.262369 0.497259 0.262624
1 0.538790 0.216666 0.554313 0.214888 0.559648 0.261459 0.544124 0.263237
1 0.601877 0.215523 0.617500 0.215732 0.616873 0.262602 0.601250 0.262393
1 0.650919 0.215849 0.666538 0.215418 0.667831 0.262276 0.652212 0.262707
1 0.702222 0.215193 0.717818 0.216144 0.714966 0.262932 0.699370 0.261981
0 0.707768 0.219484 0.786948 0.210502 0.792232 0.257079 0.713052 0.266060
1 0.802358 0.213885 0.817774 0.216428 0.810142 0.262678 0.794726 0.260134
0 0.816928 0.217529 0.898091 0.213771 0.900259 0.260596 0.819096 0.264354
0 0.860841 0.217990 0.941857 0.211832 0.945409 0.258573 0.864393 0.264730
1 0.047261 0.276001 0.062834 0.277282 0.058989 0.323999 0.043416 0.322718
4 0.066919 0.277213 0.127792 0.274400 0.129956 0.321225 0.069083 0.324038
7 0.111928 0.277148 0.158789 0.275991 0.159947 0.322852 0.113086 0.324009
1 0.170631 0.276459 0.186254 0.276670 0.185619 0.323541 0.169996 0.323330
4 0.205717 0.277290 0.268201 0.275847 0.269283 0.322710 0.206799 0.324153
4 0.250000 0.276562 0.312500 0.276563 0.312500 0.323438 0.250000 0.323437
1 0.326224 0.277284 0.341796 0.275999 0.345651 0.322716 0.330079 0.324001
1 0.367827 0.275940 0.383385 0.277386 0.379048 0.324060 0.363490 0.322614
7 0.388498 0.274256 0.435119 0.279123 0.430252 0.325744 0.383631 0.320877
4 0.424249 0.274737 0.486713 0.276852 0.485126 0.323700 0.422662 0.321585
4 0.473605 0.274471 0.534390 0.278771 0.531083 0.325529 0.470297 0.321229
7 0.526173 0.278879 0.572684 0.273048 0.578515 0.319559 0.532004 0.325390
1 0.576109 0.277011 0.591712 0.276180 0.594204 0.322989 0.578601 0.323820
4 0.616195 0.273179 0.678463 0.278557 0.674430 0.325258 0.612162 0.319881
1 0.676292 0.277256 0.691867 0.276017 0.695583 0.322744 0.680008 0.323983
1 0.729578 0.277121 0.745046 0.274912 0.751672 0.321317 0.736204 0.323525
1 0.783206 0.276203 0.798812 0.276980 0.796481 0.323797 0.780876 0.323020
4 0.804216 0.277204 0.866703 0.275931 0.867659 0.322796 0.805172 0.324069
4 0.858536 0.274846 0.921008 0.276738 0.919589 0.323592 0.857117 0.321699
4 0.893737 0.280088 0.955869 0.273313 0.960950 0.319912 0.898819 0.326687
7 0.027162 0.334106 0.073707 0.339662 0.068150 0.386207 0.021606 0.380650
7 0.077260 0.336845 0.122553 0.338175 0.121177 0.385030 0.075884 0.383700
7 0.117953 0.334169 0.164269 0.341391 0.157047 0.387706 0.110731 0.380484
7 0.147744 0.338293 0.194520 0.335244 0.197569 0.382020 0.150793 0.385069
7 0.193228 0.338034 0.240091 0.336978 0.241147 0.383841 0.194284 0.384897
7 0.250659 0.335471 0.297341 0.339722 0.293091 0.386404 0.246409 0.382153
7 0.308343 0.336981 0.355206 0.338031 0.354157 0.384894 0.307294 0.383844
7 0.338384 0.338276 0.385162 0.335259 0.388178 0.382037 0.341401 0.385053
7 0.372472 0.336918 0.419332 0.338097 0.418153 0.384957 0.371293 0.383778
7 0.425320 0.335816 0.470497 0.339324 0.466867 0.386059 0.421691 0.382551
7 0.472175 0.337204 0.519046 0.337800 0.518450 0.384671 0.471579 0.384075
7 0.508195 0.335610 0.555015 0.337883 0.552742 0.384703 0.505922 0.382430
7 0.540500 0.337630 0.585777 0.335844 0.587625 0.382682 0.542348 0.384469
7 0.584032 0.339757 0.630556 0.334032 0.636281 0.380556 0.589757 0.386281
7 0.633996 0.333657 0.680406 0.340246 0.673816 0.386656 0.627407 0.380066
7 0.677355 0.333955 0.723857 0.339855 0.717957 0.386357 0.671455 0.380457
7 0.722924 0.338025 0.769787 0.336986 0.770826 0.383850 0.723963 0.384889
7 0.780262 0.335437 0.827063 0.338074 0.824426 0.384875 0.777625 0.382238
7 0.815720 0.337405 0.862595 0.337595 0.862405 0.384470 0.815530 0.384280
7 0.879054 0.335249 0.925688 0.339991 0.920946 0.386626 0.874312 0.381884
7 0.015474 0.402123 0.060268 0.395289 0.067338 0.441627 0.022544 0.448461
7 0.070841 0.397921 0.117704 0.398966 0.116659 0.445829 0.069796 0.444784
0 0.103009 0.404193 0.180132 0.391721 0.187616 0.437995 0.110493 0.450467
7 0.160367 0.399022 0.207228 0.397867 0.208383 0.444728 0.161522 0.445883
7 0.213190 0.397767 0.260046 0.399128 0.258685 0.445983 0.211829 0.444622
7 0.249957 0.398480 0.296832 0.398395 0.296918 0.445270 0.250043 0.445355
0 0.265838 0.398086 0.343960 0.398791 0.343537 0.445664 0.265415 0.444959
7 0.325944 0.396175 0.372575 0.400944 0.367806 0.447575 0.321175 0.442806
7 0.360494 0.398889 0.407361 0.397994 0.408256 0.444861 0.361389 0.445756
0 0.387098 0.393209 0.467616 0.404088 0.461340 0.450541 0.380821 0.439662
0 0.428421 0.396696 0.508030 0.400225 0.505954 0.447054 0.426345 0.443525
7 0.488434 0.399084 0.535291 0.397809 0.536566 0.444666 0.489709 0.445941
7 0.535636 0.400395 0.580793 0.396641 0.584676 0.443355 0.539520 0.447109
0 0.579783 0.398272 0.661033 0.398603 0.660842 0.445478 0.579592 0.445147
0 0.631802 0.396742 0.711468 0.398583 0.710386 0.445445 0.630719 0.443605
7 0.686421 0.397980 0.731724 0.398905 0.730766 0.445770 0.685463 0.444845
0 0.723595 0.398167 0.804843 0.398709 0.804530 0.445583 0.723282 0.445041
7 0.777369 0.399219 0.824219 0.397682 0.825756 0.444531 0.778906 0.446068
7 0.814604 0.397908 0.861467 0.398979 0.860396 0.445842 0.813533 0.444771
0 0.848959 0.396312 0.930094 0.400629 0.927603 0.447438 0.846468 0.443121
4 0.011653 0.455830 0.073890 0.461554 0.069597 0.508232 0.007360 0.502508
4 0.065163 0.459988 0.126089 0.458772 0.127024 0.505637 0.066099 0.506853
4 0.120783 0.457792 0.183200 0.461020 0.180779 0.507833 0.118363 0.504605
4 0.172005 0.459203 0.234504 0.459548 0.234245 0.506422 0.171746 0.506077
4 0.220385 0.457497 0.282845 0.459720 0.281178 0.506566 0.218717 0.504342
4 0.269003 0.457274 0.331446 0.459956 0.329434 0.506788 0.266992 0.504106
4 0.318898 0.459179 0.381397 0.459572 0.381102 0.506446 0.318603 0.506053
4 0.353190 0.459289 0.415690 0.459461 0.415560 0.506336 0.353060 0.506164
4 0.400559 0.455937 0.462644 0.463124 0.457254 0.509688 0.395168 0.502501
4 0.436338 0.458850 0.498829 0.459906 0.498037 0.506775 0.435546 0.505719
4 0.488304 0.459641 0.550769 0.457572 0.552321 0.504421 0.489856 0.506491
4 0.537379 0.461806 0.599700 0.457078 0.603246 0.503819 0.540925 0.508547
4 0.587370 0.459546 0.648306 0.459205 0.648568 0.506079 0.587631 0.506420
4 0.623937 0.456000 0.686038 0.463050 0.680750 0.509625 0.618649 0.502575
4 0.669187 0.456142 0.731482 0.461199 0.727688 0.507921 0.665393 0.502863
4 0.707783 0.459716 0.770244 0.457501 0.771905 0.504347 0.709444 0.506561
4 0.755184 0.457802 0.816037 0.461013 0.813566 0.507823 0.752713 0.504612
4 0.796191 0.459535 0.858663 0.457673 0.860059 0.504527 0.797587 0.506389
4 0.847907 0.465278 0.909420 0.454213 0.917718 0.500347 0.856205 0.511412
4 0.894320 0.456009 0.954849 0.463055 0.949430 0.509616 0.888901 0.502570
8 0.050283 0.519595 0.065814 0.521315 0.060654 0.567905 0.045124 0.566185
8 0.097270 0.519571 0.112792 0.521363 0.107418 0.567929 0.091896 0.566137
8 0.141047 0.520176 0.156670 0.520457 0.155828 0.567324 0.140205 0.567043
8 0.195152 0.520897 0.210615 0.518652 0.217348 0.565041 0.201885 0.567285
8 0.251403 0.520958 0.266985 0.519796 0.270472 0.566542 0.254890 0.567704
8 0.309852 0.520159 0.325474 0.520476 0.324523 0.567341 0.308901 0.567024
8 0.354308 0.521886 0.369534 0.518375 0.380067 0.564051 0.364841 0.567562
8 0.409454 0.520043 0.425068 0.520613 0.423359 0.567457 0.407744 0.566887
8 0.458031 0.519792 0.473612 0.520965 0.470094 0.567708 0.454513 0.566535
8 0.496367 0.520488 0.511988 0.520148 0.513008 0.567012 0.497387 0.567352
8 0.549036 0.519897 0.564635 0.520808 0.561901 0.567603 0.546303 0.566692
8 0.589971 0.521172 0.605524 0.519670 0.610029 0.566328 0.594476 0.567830
8 0.644584 0.521628 0.659878 0.518428 0.669478 0.564309 0.654184 0.567509
8 0.693315 0.521037 0.708749 0.518600 0.716060 0.564901 0.700626 0.567338
8 0.736576 0.520109 0.752195 0.520533 0.750924 0.567391 0.735305 0.566967
8 0.768453 0.521017 0.784028 0.519760 0.787797 0.566483 0.772222 0.567740
8 0.820045 0.520403 0.835669 0.520225 0.836205 0.567097 0.820581 0.567275
8 0.854510 0.520372 0.870135 0.520254 0.870490 0.567128 0.854865 0.567246
8 0.889424 0.519962 0.905031 0.520718 0.902763 0.567538 0.887157 0.566782
0 0.016173 0.573261 0.094381 0.588547 0.085389 0.634552 0.007181 0.619265
8 0.080628 0.581765 0.096225 0.580821 0.099059 0.627610 0.083463 0.628554
0 0.091566 0.581537 0.169663 0.579418 0.170934 0.626276 0.092837 0.628394
8 0.164124 0.581230 0.179749 0.581270 0.179626 0.628145 0.164001 0.628105
8 0.210601 0.581971 0.226173 0.580687 0.230024 0.627404 0.214452 0.628688
0 0.233286 0.579237 0.312868 0.583324 0.310464 0.630138 0.230882 0.626051
0 0.287370 0.582874 0.366992 0.579664 0.368880 0.626501 0.289258 0.629711
8 0.359947 0.580644 0.375509 0.582045 0.371303 0.628731 0.355741 0.627330
0 0.379983 0.580745 0.461227 0.581758 0.460642 0.628630 0.379398 0.627617
0 0.435525 0.576130 0.514496 0.586792 0.508225 0.633245 0.429254 0.622583
8 0.500294 0.580919 0.515903 0.581630 0.513769 0.628456 0.498160 0.627745
8 0.539136 0.580767 0.554723 0.581845 0.551489 0.628608 0.535902 0.627530
0 0.557500 0.588452 0.636001 0.574747 0.644062 0.620923 0.565562 0.634628
8 0.646633 0.581931 0.662210 0.580712 0.665867 0.627444 0.650290 0.628663
0 0.668097 0.586542 0.746929 0.574899 0.753778 0.621271 0.674946 0.632914
0 0.720850 0.579561 0.802080 0.581389 0.801025 0.628252 0.719795 0.626424
0 0.764765 0.579336 0.842856 0.581622 0.841485 0.628476 0.763394 0.626191
0 0.796272 0.584618 0.875551 0.576560 0.880291 0.623194 0.801012 0.631253
0 0.832095 0.586703 0.910883 0.574764 0.917905 0.621110 0.839117 0.633049
0 0.874997 0.581256 0.954684 0.581244 0.954691 0.628119 0.875003 0.628131
7 0.021813 0.643934 0.068566 0.640563 0.071937 0.687316 0.025184 0.690687
7 0.066470 0.644714 0.113098 0.639908 0.117905 0.686536 0.071277 0.691342
0 0.094317 0.638834 0.175275 0.645709 0.171308 0.692416 0.090350 0.685541
5 0.175175 0.641622 0.192316 0.642879 0.188888 0.689628 0.171747 0.688371
0 0.180999 0.644038 0.260603 0.640387 0.262751 0.687212 0.183147 0.690863
7 0.233871 0.644455 0.280545 0.640121 0.284879 0.686795 0.238205 0.691129
7 0.280611 0.639941 0.327247 0.644674 0.322514 0.691309 0.275878 0.686576
7 0.329473 0.644183 0.374482 0.638944 0.379902 0.685505 0.334893 0.690744
0 0.377689 0.637097 0.456669 0.647694 0.450436 0.694153 0.371456 0.683556
7 0.446708 0.642362 0.491981 0.640491 0.493917 0.687326 0.448644 0.689197
0 0.463929 0.644629 0.544934 0.638325 0.548571 0.685059 0.467566 0.691363
0 0.510764 0.643927 0.591941 0.640490 0.593924 0.687323 0.512747 0.690760
7 0.577290 0.641482 0.624143 0.642915 0.622710 0.689768 0.575857 0.688335
0 0.596461 0.647562 0.673899 0.637225 0.680102 0.683688 0.602663 0.694025
0 0.635625 0.647443 0.714666 0.637312 0.720625 0.683807 0.641584 0.693938
0 0.683899 0.637471 0.761601 0.645596 0.756726 0.692216 0.679024 0.684092
0 0.718592 0.645462 0.799589 0.639059 0.803283 0.685788 0.722286 0.692191
5 0.793101 0.642436 0.810281 0.641957 0.811587 0.688814 0.794406 0.689293
0 0.801453 0.643835 0.884202 0.640576 0.886047 0.687415 0.803298 0.690674
7 0.875204 0.641985 0.922078 0.642392 0.921671 0.689265 0.874797 0.688858
1 0.043878 0.703083 0.059502 0.703168 0.059247 0.750042 0.043623 0.749957
7 0.078552 0.702705 0.125420 0.703552 0.124573 0.750420 0.077705 0.749573
0 0.110124 0.699511 0.191034 0.706935 0.186751 0.753614 0.105841 0.746190
7 0.160325 0.703754 0.207183 0.702512 0.208425 0.749371 0.161567 0.750613
7 0.215445 0.705008 0.262180 0.701383 0.265805 0.748117 0.219070 0.751742
7 0.256407 0.701442 0.303246 0.703282 0.301406 0.750121 0.254567 0.748281
0 0.277656 0.703177 0.358889 0.701520 0.359844 0.748386 0.278611 0.750042
0 0.326301 0.705034 0.407463 0.701267 0.409637 0.748091 0.328474 0.751858
7 0.379277 0.703599 0.426089 0.701152 0.428535 0.747964 0.381724 0.750410
1 0.429550 0.703171 0.445175 0.703080 0.445450 0.749954 0.429825 0.750045
7 0.453674 0.702588 0.500537 0.703674 0.499451 0.750537 0.452588 0.749451
7 0.491064 0.701282 0.537781 0.705126 0.533936 0.751843 0.487219 0.747999
7 0.535272 0.707661 0.581402 0.699335 0.589728 0.745464 0.543598 0.753790
0 0.552893 0.704940 0.632500 0.701358 0.634607 0.748185 0.555000 0.751767
1 0.627912 0.704138 0.643440 0.702402 0.648650 0.748987 0.633122 0.750723
0 0.642130 0.703224 0.721817 0.703026 0.721933 0.749901 0.642246 0.750099
1 0.722218 0.703014 0.737841 0.703241 0.737157 0.750111 0.721534 0.749884
0 0.741018 0.702470 0.820694 0.703787 0.819920 0.750655 0.740243 0.749338
1 0.823990 0.702948 0.839611 0.703315 0.838510 0.750177 0.822889 0.749810
0 0.845102 0.697850 0.922446 0.708868 0.915836 0.755275 0.838491 0.744257
4 0.009936 0.762372 0.072340 0.765824 0.069752 0.812628 0.007347 0.809176
4 0.043636 0.766482 0.105959 0.761776 0.109489 0.808518 0.047166 0.813224
4 0.080929 0.764496 0.143423 0.763633 0.144071 0.810504 0.081577 0.811367
4 0.121188 0.762003 0.183545 0.766230 0.180375 0.812997 0.118018 0.808770
4 0.175540 0.762398 0.237947 0.765797 0.235398 0.812602 0.172990 0.809203
4 0.226174 0.766138 0.288429 0.760608 0.292576 0.807300 0.230321 0.812829
4 0.265318 0.766007 0.327595 0.760724 0.331557 0.807431 0.269280 0.812714
4 0.306218 0.764104 0.367156 0.764021 0.367219 0.810896 0.306282 0.810979
4 0.347308 0.763496 0.409797 0.764636 0.408942 0.811504 0.346453 0.810364
4 0.401188 0.764570 0.463680 0.763561 0.464437 0.810430 0.401945 0.811439
4 0.457348 0.759297 0.519018 0.769451 0.511402 0.815703 0.449732 0.805549
4 0.490876 0.761877 0.551647 0.766376 0.548187 0.813123 0.487415 0.808624
4 0.531623 0.761853 0.592491 0.764763 0.590252 0.811584 0.529384 0.808675
4 0.584602 0.758650 0.646007 0.770295 0.637273 0.816350 0.575868 0.804705
4 0.621125 0.766642 0.681719 0.760184 0.686687 0.806795 0.626093 0.813253
4 0.663990 0.769843 0.725283 0.757624 0.734448 0.803594 0.673154 0.815814
4 0.725634 0.760546 0.787699 0.767905 0.782179 0.814454 0.720114 0.807095
4 0.761766 0.767487 0.823918 0.760899 0.828859 0.807513 0.766707 0.814101
4 0.806127 0.767678 0.866669 0.760751 0.871998 0.807322 0.811456 0.814249
4 0.847468 0.760674 0.907991 0.767770 0.902532 0.814326 0.842009 0.807230
4 0.881004 0.765841 0.941739 0.760877 0.945558 0.807596 0.884823 0.812560
4 0.028980 0.828839 0.089286 0.820085 0.096020 0.866474 0.035714 0.875227
7 0.086505 0.824446 0.133366 0.825567 0.132245 0.872429 0.085384 0.871308
7 0.135143 0.824256 0.181994 0.825768 0.180482 0.872619 0.133631 0.871107
4 0.165179 0.825606 0.227668 0.824402 0.228571 0.871269 0.166082 0.872473
4 0.209342 0.825043 0.270279 0.824957 0.270346 0.871832 0.209408 0.871918
4 0.249258 0.825243 0.311725 0.823219 0.313242 0.870070 0.250775 0.872093
4 0.295725 0.822706 0.358149 0.825789 0.355837 0.872607 0.293413 0.869524
4 0.344324 0.823337 0.405166 0.826736 0.402551 0.873538 0.341709 0.870139
7 0.391413 0.827598 0.438027 0.822663 0.442962 0.869277 0.396348 0.874212
4 0.425813 0.821347 0.488029 0.827304 0.483562 0.873965 0.421346 0.868009
7 0.478004 0.825157 0.524843 0.823316 0.526684 0.870155 0.479845 0.871996
4 0.521164 0.828386 0.583323 0.821869 0.588211 0.868489 0.526052 0.875006
7 0.580188 0.823003 0.626997 0.825501 0.624499 0.872309 0.577691 0.869812
7 0.626178 0.820056 0.672132 0.829303 0.662884 0.875257 0.616931 0.866009
7 0.680920 0.826990 0.726072 0.823176 0.730017 0.869885 0.684865 0.873699
7 0.727750 0.821154 0.774158 0.827750 0.767563 0.874158 0.721154 0.867563
4 0.765267 0.827026 0.827530 0.821589 0.831608 0.868287 0.769345 0.873723
4 0.804204 0.827229 0.866433 0.821412 0.870796 0.868083 0.808567 0.873901
7 0.875169 0.824832 0.922043 0.825169 0.921706 0.872043 0.874832 0.871706
1 0.039462 0.885373 0.055033 0.886663 0.051163 0.933377 0.035592 0.932087
1 0.098476 0.885463 0.114066 0.886519 0.110899 0.933287 0.095309 0.932231
1 0.151196 0.886671 0.166767 0.885367 0.170679 0.932079 0.155108 0.933383
1 0.200271 0.885849 0.215895 0.886029 0.215354 0.932901 0.199730 0.932721
1 0.243277 0.886100 0.258899 0.885784 0.259848 0.932650 0.244226 0.932966
5 0.293625 0.887058 0.310538 0.884002 0.318875 0.930129 0.301962 0.933186
5 0.348742 0.884171 0.365754 0.886621 0.359071 0.933017 0.342059 0.930567
1 0.397631 0.885288 0.413182 0.886809 0.408619 0.933462 0.393068 0.931941
5 0.438679 0.886813 0.457362 0.885230 0.461321 0.931937 0.442638 0.933520
1 0.481895 0.885509 0.497492 0.886451 0.494667 0.933241 0.479071 0.932299
1 0.523583 0.885649 0.539196 0.886263 0.537354 0.933101 0.521741 0.932487
1 0.558404 0.885524 0.574003 0.886430 0.571283 0.933226 0.555684 0.932320
1 0.616466 0.886493 0.632058 0.885480 0.635096 0.932257 0.619504 0.933270
1 0.673172 0.886628 0.688748 0.885393 0.692453 0.932122 0.676877 0.933357
1 0.711041 0.885447 0.726627 0.886544 0.723334 0.933303 0.707748 0.932206
5 0.745041 0.886288 0.762117 0.884330 0.767459 0.930899 0.750383 0.932858
1 0.796511 0.886351 0.812117 0.885581 0.814426 0.932399 0.798820 0.933169
1 0.829502 0.886938 0.845033 0.885221 0.850185 0.931812 0.834655 0.933529
5 0.859082 0.886392 0.877707 0.884232 0.883106 0.930795 0.864481 0.932955
1 0.904158 0.886319 0.919661 0.884363 0.925529 0.930869 0.910027 0.932825
