1 0.431421 0.913466 0.447526 0.919469 0.429517 0.967784 0.413412 0.961781
1 0.427932 0.917989 0.444521 0.913494 0.458006 0.963261 0.441417 0.967756
1 0.458655 0.914314 0.475835 0.913831 0.477283 0.965374 0.460102 0.965856
1 0.488361 0.916068 0.505423 0.913996 0.511639 0.965182 0.494577 0.967254
1 0.523183 0.913450 0.539539 0.918733 0.523692 0.967800 0.507336 0.962517
1 0.519577 0.918358 0.536053 0.913464 0.550736 0.962892 0.534260 0.967786
1 0.552877 0.913469 0.569376 0.918282 0.554936 0.967781 0.538436 0.962968
1 0.551496 0.918437 0.567947 0.913460 0.582879 0.962813 0.566428 0.967790
0 0.408567 0.961947 0.436338 0.966394 0.433620 0.983365 0.405849 0.978918
0 0.427938 0.964393 0.457619 0.963736 0.457999 0.980919 0.428319 0.981577
0 0.449529 0.965666 0.477608 0.964050 0.478596 0.981209 0.450517 0.982825
0 0.471387 0.965747 0.501022 0.963971 0.502050 0.981128 0.472416 0.982904
0 0.503590 0.963344 0.531677 0.964804 0.530785 0.981968 0.502698 0.980508
0 0.520515 0.963722 0.550195 0.964408 0.549797 0.981591 0.520118 0.980905
0 0.540660 0.964005 0.568785 0.964120 0.568715 0.981307 0.540590 0.981193
0 0.557917 0.963885 0.587602 0.964241 0.587396 0.981428 0.557710 0.981071
1 0.401923 0.849455 0.417803 0.856030 0.398077 0.903670 0.382197 0.897095
1 0.395117 0.855047 0.411347 0.849389 0.428320 0.898078 0.412091 0.903736
1 0.430964 0.849391 0.447167 0.855122 0.429974 0.903734 0.413770 0.898003
1 0.427487 0.854790 0.443803 0.849387 0.460013 0.898335 0.443697 0.903738
1 0.460841 0.849401 0.477313 0.854306 0.462597 0.903724 0.446124 0.898819
1 0.457451 0.855176 0.473636 0.849393 0.490987 0.897949 0.474801 0.903732
1 0.495634 0.849740 0.512601 0.852485 0.504366 0.903385 0.487399 0.900640
5 0.519524 0.849708 0.539827 0.850314 0.538289 0.901854 0.517985 0.901248
1 0.549879 0.850957 0.566985 0.849287 0.571996 0.900605 0.554890 0.902276
1 0.585481 0.849391 0.601875 0.854551 0.586394 0.903734 0.570000 0.898574
1 0.582324 0.854125 0.598853 0.849413 0.612989 0.899000 0.596460 0.903712
1 0.366937 0.785385 0.383569 0.789720 0.370563 0.839615 0.353931 0.835280
1 0.364858 0.790824 0.381142 0.785324 0.397642 0.834176 0.381358 0.839676
1 0.397742 0.785364 0.414319 0.789905 0.400695 0.839636 0.384119 0.835095
1 0.396136 0.790236 0.412611 0.785339 0.427302 0.834764 0.410826 0.839661
1 0.432458 0.785351 0.448505 0.791505 0.430042 0.839649 0.413995 0.833495
1 0.427879 0.789899 0.444458 0.785365 0.458059 0.835101 0.441480 0.839635
1 0.460055 0.785375 0.476662 0.789802 0.463383 0.839625 0.446775 0.835198
1 0.458610 0.790823 0.474895 0.785324 0.491390 0.834177 0.475105 0.839676
7 0.471333 0.788113 0.522824 0.785396 0.525542 0.836887 0.474051 0.839604
1 0.520582 0.785849 0.537768 0.786028 0.537231 0.837588 0.520044 0.837409
7 0.531084 0.789715 0.582160 0.782647 0.589228 0.833723 0.538152 0.840791
1 0.587065 0.785348 0.603131 0.791455 0.584810 0.839652 0.568744 0.833545
1 0.582350 0.790045 0.598884 0.785352 0.612963 0.834955 0.596428 0.839648
1 0.616888 0.785328 0.633094 0.791052 0.615925 0.839672 0.599718 0.833948
1 0.613404 0.790743 0.629715 0.785324 0.645971 0.834257 0.629660 0.839676
1 0.338972 0.721270 0.355134 0.727118 0.337590 0.775605 0.321428 0.769757
1 0.335405 0.726030 0.351925 0.721286 0.366157 0.770845 0.349637 0.775589
1 0.367914 0.721275 0.384379 0.726205 0.369586 0.775600 0.353121 0.770670
1 0.364035 0.726794 0.380308 0.721262 0.396902 0.770081 0.380629 0.775613
7 0.379651 0.723501 0.431187 0.721838 0.432849 0.773374 0.381313 0.775037
1 0.430711 0.721267 0.447121 0.726378 0.431789 0.775608 0.415379 0.770497
1 0.427369 0.726754 0.443655 0.721262 0.460131 0.770121 0.443845 0.775613
1 0.460546 0.721287 0.477071 0.726013 0.462892 0.775588 0.446367 0.770862
1 0.458837 0.726591 0.475178 0.721262 0.491163 0.770284 0.474822 0.775613
1 0.493397 0.721265 0.509615 0.726957 0.492540 0.775610 0.476322 0.769918
1 0.488933 0.727493 0.504963 0.721292 0.523567 0.769382 0.507537 0.775583
1 0.522702 0.721272 0.539149 0.726263 0.524173 0.775603 0.507726 0.770612
1 0.519741 0.726056 0.536253 0.721284 0.550571 0.770819 0.534059 0.775591
0 0.515354 0.722348 0.604412 0.721405 0.604958 0.772964 0.515901 0.773908
7 0.563406 0.726055 0.614570 0.719656 0.620969 0.770820 0.569805 0.777219
1 0.615099 0.721293 0.631647 0.725938 0.617713 0.775582 0.601165 0.770937
1 0.612062 0.727112 0.628226 0.721270 0.645751 0.769763 0.629586 0.775605
1 0.647962 0.721266 0.664360 0.726415 0.648913 0.775609 0.632515 0.770460
1 0.643370 0.727066 0.659550 0.721268 0.676943 0.769809 0.660763 0.775607
1 0.310026 0.657395 0.326865 0.660837 0.316537 0.711355 0.299698 0.707913
1 0.337426 0.657213 0.353895 0.662132 0.339136 0.711537 0.322668 0.706618
1 0.335245 0.662643 0.351548 0.657199 0.367880 0.706107 0.351577 0.711551
8 0.369176 0.657049 0.386267 0.658864 0.380824 0.710138 0.363733 0.708324
1 0.399581 0.657202 0.415812 0.662853 0.398857 0.711548 0.382625 0.705897
1 0.395040 0.662919 0.411249 0.657203 0.428398 0.705831 0.412188 0.711547
1 0.427777 0.658217 0.444948 0.657458 0.447223 0.708971 0.430052 0.709729
1 0.461788 0.657209 0.478230 0.662214 0.463212 0.711541 0.446770 0.706536
1 0.459292 0.662199 0.475739 0.657209 0.490708 0.706551 0.474261 0.711541
7 0.473844 0.657412 0.525400 0.658219 0.524593 0.709775 0.473037 0.708968
5 0.519759 0.658020 0.538505 0.657617 0.539616 0.709167 0.520870 0.709571
1 0.554164 0.657204 0.570571 0.662324 0.555211 0.711546 0.538804 0.706426
1 0.551320 0.662313 0.567731 0.657205 0.583055 0.706437 0.566644 0.711545
1 0.585994 0.657212 0.602124 0.663147 0.584318 0.711538 0.568188 0.705603
1 0.581091 0.662831 0.597331 0.657201 0.614221 0.705919 0.597982 0.711549
1 0.616845 0.657203 0.633061 0.662901 0.615967 0.711547 0.599752 0.705849
1 0.611787 0.663269 0.627874 0.657219 0.646025 0.705481 0.629938 0.711531
1 0.648332 0.657208 0.664498 0.663047 0.646980 0.711542 0.630815 0.705703
1 0.644844 0.661923 0.661378 0.657227 0.675468 0.706827 0.658935 0.711523
1 0.678242 0.657199 0.694524 0.662705 0.678008 0.711551 0.661726 0.706045
1 0.674303 0.662081 0.690787 0.657216 0.705385 0.706669 0.688900 0.711534
0 0.283429 0.707608 0.313048 0.709619 0.311884 0.726767 0.282265 0.724756
0 0.312188 0.708375 0.341855 0.707262 0.342499 0.724437 0.312833 0.725551
0 0.327885 0.708242 0.357560 0.707390 0.358053 0.724571 0.328377 0.725422
0 0.345589 0.707352 0.375262 0.708281 0.374724 0.725460 0.345051 0.724532
0 0.376811 0.707419 0.404924 0.708213 0.404439 0.725393 0.376326 0.724600
0 0.395934 0.707600 0.425552 0.709627 0.424379 0.726775 0.394760 0.724748
0 0.424196 0.707399 0.453783 0.709847 0.452366 0.726976 0.422780 0.724528
0 0.455975 0.708280 0.484085 0.707355 0.484650 0.724533 0.456540 0.725458
0 0.486411 0.707043 0.516057 0.708606 0.515152 0.725770 0.485505 0.724206
0 0.513590 0.711267 0.542837 0.706175 0.545785 0.723108 0.516538 0.728200
0 0.543496 0.708266 0.573170 0.707367 0.573691 0.724546 0.544017 0.725446
0 0.567307 0.707609 0.596992 0.708018 0.596755 0.725203 0.567071 0.724795
0 0.589042 0.710071 0.617020 0.707206 0.618771 0.724304 0.590792 0.727169
0 0.613388 0.705543 0.641102 0.710334 0.638174 0.727270 0.610460 0.722479
0 0.632709 0.705554 0.661677 0.712050 0.657916 0.728821 0.628948 0.722325
0 0.649382 0.709698 0.677424 0.707541 0.678743 0.724677 0.650701 0.726834
0 0.678129 0.707805 0.707817 0.707820 0.707808 0.725008 0.678121 0.724992
1 0.260622 0.593139 0.276990 0.598384 0.261253 0.647486 0.244885 0.642241
1 0.255845 0.598961 0.272018 0.593144 0.289468 0.641664 0.273294 0.647481
5 0.289554 0.593033 0.309804 0.594626 0.305759 0.646030 0.285509 0.644436
1 0.322892 0.593138 0.339150 0.598714 0.322421 0.647487 0.306163 0.641911
1 0.318633 0.598737 0.334883 0.593138 0.351680 0.641888 0.335430 0.647487
0 0.313994 0.597523 0.401297 0.591655 0.404756 0.643102 0.317453 0.648970
8 0.383019 0.593226 0.400167 0.594393 0.396668 0.645836 0.379520 0.644670
1 0.414883 0.593147 0.431331 0.598135 0.416367 0.647478 0.399919 0.642490
1 0.412349 0.598185 0.428781 0.593145 0.443901 0.642440 0.427469 0.647480
1 0.445000 0.593159 0.461511 0.597933 0.447188 0.647466 0.430677 0.642692
1 0.443022 0.598041 0.459499 0.593152 0.474166 0.642584 0.457688 0.647473
1 0.479824 0.593190 0.495758 0.599634 0.476426 0.647435 0.460492 0.640991
1 0.471649 0.600126 0.487400 0.593247 0.508038 0.640499 0.492288 0.647378
1 0.507452 0.593139 0.523828 0.598358 0.508173 0.647486 0.491797 0.642267
1 0.503954 0.598611 0.520247 0.593137 0.536671 0.642014 0.520378 0.647488
1 0.538990 0.593146 0.555148 0.599004 0.537573 0.647479 0.521414 0.641621
1 0.534042 0.598904 0.550234 0.593142 0.567521 0.641721 0.551328 0.647483
1 0.568301 0.593165 0.584836 0.597856 0.570762 0.647460 0.554227 0.642769
1 0.565425 0.598800 0.581654 0.593139 0.598637 0.641825 0.582409 0.647486
1 0.601882 0.593159 0.617954 0.599250 0.599680 0.647466 0.583608 0.641375
1 0.598026 0.598373 0.614397 0.593139 0.630099 0.642252 0.613728 0.647486
5 0.627748 0.594201 0.646479 0.593352 0.648814 0.644862 0.630083 0.645711
1 0.659775 0.593620 0.676960 0.593886 0.676163 0.645442 0.658977 0.645177
1 0.692287 0.593473 0.709464 0.594057 0.707713 0.645590 0.690536 0.645006
1 0.724810 0.593137 0.741153 0.598458 0.725190 0.647488 0.708847 0.642167
1 0.721705 0.598198 0.738133 0.593144 0.753295 0.642427 0.736867 0.647481
1 0.229559 0.529074 0.245890 0.534432 0.229816 0.583426 0.213485 0.578068
1 0.226000 0.533863 0.242513 0.529097 0.256813 0.578637 0.240300 0.583403
1 0.260291 0.529082 0.276722 0.534128 0.261584 0.583418 0.245153 0.578372
1 0.255898 0.534856 0.272086 0.529080 0.289415 0.577644 0.273227 0.583420
1 0.291910 0.529079 0.308112 0.534815 0.290903 0.583421 0.274701 0.577685
1 0.288806 0.533656 0.305382 0.529114 0.319007 0.578844 0.302430 0.583386
1 0.322976 0.529076 0.339216 0.534703 0.322336 0.583424 0.306096 0.577797
1 0.318246 0.534977 0.334392 0.529085 0.352067 0.577523 0.335921 0.583415
1 0.353008 0.529074 0.369337 0.534439 0.353242 0.583426 0.336913 0.578061
1 0.351321 0.533143 0.368046 0.529182 0.379929 0.579357 0.363204 0.583318
1 0.384164 0.529075 0.400511 0.534383 0.384586 0.583425 0.368239 0.578117
1 0.381192 0.534056 0.397645 0.529085 0.412558 0.578444 0.396105 0.583415
1 0.415850 0.529093 0.431943 0.535128 0.413838 0.583407 0.397744 0.577372
1 0.411936 0.533864 0.428449 0.529097 0.442752 0.578636 0.426239 0.583403
1 0.448037 0.529099 0.464096 0.535227 0.445713 0.583401 0.429654 0.577273
1 0.443162 0.534440 0.459491 0.529074 0.475588 0.578060 0.459259 0.583426
1 0.476406 0.529090 0.492889 0.533960 0.478281 0.583410 0.461798 0.578540
1 0.474603 0.534300 0.490977 0.529076 0.506647 0.578200 0.490273 0.583424
0 0.470750 0.526507 0.559575 0.533005 0.555813 0.584430 0.466988 0.577932
1 0.538961 0.529074 0.555287 0.534449 0.539164 0.583426 0.522838 0.578051
1 0.536800 0.533434 0.553442 0.529139 0.566325 0.579066 0.549683 0.583361
1 0.565235 0.530423 0.582372 0.529104 0.586327 0.580515 0.569191 0.581833
0 0.562282 0.531464 0.649711 0.527952 0.651781 0.579473 0.564351 0.582985
5 0.628089 0.530326 0.646802 0.529150 0.650036 0.580611 0.631323 0.581787
1 0.662390 0.529074 0.678717 0.534443 0.662610 0.583426 0.646283 0.578057
1 0.659150 0.533634 0.675733 0.529116 0.689287 0.578866 0.672704 0.583384
1 0.693568 0.529081 0.709750 0.534874 0.692370 0.583419 0.676188 0.577626
1 0.688826 0.534766 0.705045 0.529077 0.722112 0.577734 0.705893 0.583423
8 0.725155 0.528985 0.742264 0.530625 0.737345 0.581952 0.720236 0.580313
1 0.754258 0.529147 0.770918 0.533373 0.758242 0.583353 0.741582 0.579127
1 0.752386 0.534553 0.768677 0.529074 0.785114 0.577947 0.768823 0.583426
1 0.197838 0.465018 0.214259 0.470092 0.199037 0.519357 0.182616 0.514283
1 0.194924 0.469682 0.211474 0.465044 0.225388 0.514693 0.208838 0.519331
1 0.227285 0.465060 0.243886 0.469513 0.230528 0.519315 0.213927 0.514862
1 0.224416 0.470978 0.240540 0.465026 0.258397 0.513397 0.242273 0.519349
1 0.258801 0.465046 0.275357 0.469661 0.261512 0.519329 0.244956 0.514714
1 0.257075 0.470490 0.273366 0.465012 0.289800 0.513885 0.273509 0.519363
1 0.291992 0.465018 0.308176 0.470803 0.290821 0.519357 0.274636 0.513572
1 0.287290 0.470684 0.303515 0.465014 0.320523 0.513691 0.304297 0.519361
1 0.321743 0.465027 0.338222 0.469911 0.323569 0.519348 0.307090 0.514464
1 0.320018 0.470163 0.336417 0.465016 0.351857 0.514212 0.335458 0.519359
1 0.352777 0.465015 0.368994 0.470710 0.351911 0.519360 0.335694 0.513665
1 0.349434 0.469803 0.365946 0.465034 0.380254 0.514572 0.363741 0.519341
1 0.385958 0.465058 0.401919 0.471434 0.382792 0.519317 0.366831 0.512941
1 0.379374 0.470764 0.395572 0.465017 0.412814 0.513611 0.396615 0.519358
1 0.415362 0.465017 0.431561 0.470762 0.414325 0.519358 0.398126 0.513613
1 0.412414 0.470014 0.428860 0.465022 0.443836 0.514361 0.427390 0.519353
1 0.446467 0.465014 0.462697 0.470673 0.445720 0.519361 0.429491 0.513702
1 0.441697 0.470903 0.457847 0.465022 0.475490 0.513472 0.459340 0.519353
1 0.477844 0.465016 0.494047 0.470751 0.476844 0.519359 0.460641 0.513624
1 0.475914 0.469338 0.492566 0.465081 0.505336 0.515037 0.488684 0.519294
1 0.505958 0.465033 0.522466 0.469820 0.508104 0.519342 0.491597 0.514555
1 0.504103 0.470375 0.520432 0.465012 0.536522 0.514000 0.520193 0.519363
1 0.538693 0.465014 0.555071 0.470227 0.539432 0.519361 0.523054 0.514148
1 0.533969 0.470836 0.550142 0.465019 0.567594 0.513539 0.551421 0.519356
1 0.570349 0.465012 0.586647 0.470469 0.570276 0.519363 0.553978 0.513906
1 0.566983 0.469559 0.583570 0.465055 0.597080 0.514816 0.580493 0.519320
1 0.600491 0.465235 0.617658 0.466076 0.615134 0.517577 0.597967 0.516736
8 0.631793 0.465016 0.648924 0.466401 0.644770 0.517796 0.627638 0.516411
1 0.661922 0.465012 0.678186 0.470569 0.661516 0.519363 0.645252 0.513806
1 0.659142 0.470119 0.675555 0.465017 0.690858 0.514256 0.674445 0.519358
1 0.693319 0.465014 0.709553 0.470659 0.692618 0.519361 0.676384 0.513716
1 0.690581 0.469984 0.707037 0.465023 0.721919 0.514391 0.705463 0.519352
1 0.721096 0.466199 0.738251 0.465148 0.741404 0.516614 0.724249 0.517665
1 0.754220 0.465040 0.770758 0.469721 0.756717 0.519335 0.740179 0.514654
1 0.753104 0.469967 0.769565 0.465024 0.784396 0.514408 0.767935 0.519351
1 0.787261 0.465013 0.803614 0.470304 0.787739 0.519362 0.771386 0.514071
1 0.783634 0.470492 0.799924 0.465012 0.816366 0.513883 0.800076 0.519363
0 0.174480 0.519209 0.203686 0.513883 0.206770 0.530791 0.177564 0.536117
0 0.195464 0.515382 0.223585 0.515871 0.223286 0.533056 0.195165 0.532567
0 0.212256 0.517589 0.240126 0.513816 0.242432 0.530848 0.214561 0.534621
0 0.234170 0.515970 0.262287 0.515285 0.262705 0.532468 0.234588 0.533152
0 0.263531 0.517398 0.293154 0.515451 0.294282 0.532602 0.264658 0.534549
0 0.286311 0.515042 0.314411 0.516224 0.313689 0.533396 0.285589 0.532214
0 0.302095 0.515590 0.330171 0.517252 0.329155 0.534410 0.301079 0.532748
0 0.332313 0.517283 0.360385 0.515562 0.361437 0.532717 0.333365 0.534438
0 0.359216 0.513426 0.388215 0.519785 0.384534 0.536574 0.355535 0.530215
0 0.388840 0.516000 0.416955 0.515256 0.417410 0.532437 0.389295 0.533181
0 0.405309 0.515464 0.433368 0.517389 0.432191 0.534536 0.404132 0.532611
0 0.418357 0.516342 0.448011 0.514927 0.448830 0.532095 0.419176 0.533510
0 0.438878 0.515952 0.468558 0.515302 0.468935 0.532485 0.439254 0.533136
0 0.472422 0.513658 0.501825 0.517756 0.499453 0.534779 0.470050 0.530681
0 0.486340 0.514965 0.515997 0.516303 0.515223 0.533473 0.485565 0.532135
0 0.507381 0.516374 0.535468 0.514900 0.536369 0.532064 0.508282 0.533538
0 0.536511 0.515485 0.566139 0.517362 0.565052 0.534515 0.535424 0.532638
0 0.555854 0.516310 0.583947 0.514960 0.584771 0.532128 0.556678 0.533477
0 0.580563 0.515046 0.610119 0.517843 0.608499 0.534954 0.578944 0.532157
0 0.612770 0.515199 0.640881 0.516059 0.640355 0.533239 0.612244 0.532378
0 0.642929 0.513525 0.670705 0.517938 0.668009 0.534912 0.640232 0.530500
0 0.662566 0.515513 0.692252 0.515738 0.692122 0.532925 0.662435 0.532700
0 0.692247 0.515523 0.721934 0.515728 0.721815 0.532915 0.692129 0.532710
0 0.715359 0.517639 0.743217 0.513774 0.745579 0.530799 0.717721 0.534663
0 0.747221 0.515053 0.776886 0.516210 0.776216 0.533385 0.746551 0.532227
0 0.768246 0.517342 0.797877 0.515504 0.798941 0.532658 0.769310 0.534496
0 0.788346 0.517783 0.817912 0.515100 0.819466 0.532217 0.789900 0.534900
0 0.131962 0.397983 0.220722 0.405318 0.216475 0.456705 0.127715 0.449370
1 0.197983 0.400953 0.214377 0.406115 0.198892 0.455297 0.182498 0.450135
1 0.193556 0.407235 0.209567 0.400984 0.228319 0.449015 0.212308 0.455266
1 0.229257 0.400953 0.245647 0.406129 0.230118 0.455297 0.213728 0.450121
1 0.226545 0.405902 0.243008 0.400962 0.257830 0.450348 0.241367 0.455288
1 0.259633 0.401239 0.276807 0.401927 0.274742 0.453449 0.257568 0.452760
5 0.293016 0.401233 0.311556 0.404032 0.303859 0.455017 0.285319 0.452218
1 0.323540 0.400949 0.339825 0.406446 0.323335 0.455301 0.307050 0.449804
1 0.319780 0.406274 0.336122 0.400950 0.352095 0.449976 0.335753 0.455300
1 0.350613 0.401065 0.367351 0.404970 0.355637 0.455185 0.338899 0.451280
1 0.348253 0.406601 0.364486 0.400952 0.381434 0.449649 0.365202 0.455298
1 0.383122 0.401012 0.400265 0.402246 0.396566 0.453675 0.379422 0.452442
1 0.413780 0.400970 0.430285 0.405762 0.415908 0.455280 0.399402 0.450488
1 0.412133 0.406152 0.428515 0.400952 0.444117 0.450098 0.427735 0.455298
5 0.444177 0.401155 0.462906 0.402026 0.460511 0.453533 0.441781 0.452662
1 0.477358 0.400960 0.493810 0.405933 0.478892 0.455290 0.462440 0.450317
1 0.473299 0.406566 0.489543 0.400951 0.506389 0.449684 0.490144 0.455299
1 0.507614 0.400950 0.523959 0.406266 0.508011 0.455300 0.491666 0.449984
1 0.504230 0.406219 0.520591 0.400951 0.536395 0.450031 0.520034 0.455299
1 0.538846 0.400950 0.555194 0.406255 0.539279 0.455300 0.522931 0.449995
1 0.535460 0.405680 0.551992 0.400976 0.566102 0.450570 0.549571 0.455274
0 0.530805 0.405321 0.617997 0.397986 0.622320 0.449367 0.535128 0.456702
1 0.599643 0.401017 0.616291 0.405287 0.603482 0.455233 0.586834 0.450963
1 0.597705 0.405856 0.614181 0.400964 0.628858 0.450394 0.612381 0.455286
1 0.632396 0.400952 0.648783 0.406137 0.633229 0.455298 0.616842 0.450113
1 0.629387 0.406104 0.645785 0.400953 0.661238 0.450146 0.644840 0.455297
1 0.661855 0.400950 0.678133 0.406466 0.661583 0.455300 0.645305 0.449784
1 0.658921 0.406216 0.675282 0.400951 0.691079 0.450034 0.674718 0.455299
1 0.694988 0.400977 0.711029 0.407150 0.692512 0.455273 0.676471 0.449100
1 0.690272 0.406142 0.706658 0.400952 0.722228 0.450108 0.705842 0.455298
7 0.704690 0.401560 0.756252 0.401565 0.756248 0.453127 0.704685 0.453123
7 0.738256 0.400893 0.789732 0.403881 0.786744 0.455357 0.735268 0.452369
0 0.750436 0.399567 0.839406 0.403612 0.837064 0.455121 0.748094 0.451076
1 0.818641 0.400988 0.834632 0.407288 0.815734 0.455262 0.799743 0.448962
1 0.811881 0.406943 0.827995 0.400964 0.845932 0.449307 0.829818 0.455286
1 0.122018 0.336800 0.139128 0.338432 0.134232 0.389762 0.117122 0.388130
1 0.150197 0.337435 0.167384 0.337567 0.166990 0.389127 0.149803 0.388996
1 0.184294 0.336887 0.200616 0.342273 0.184456 0.391238 0.168134 0.385852
1 0.180984 0.341475 0.197558 0.336926 0.211204 0.386650 0.194629 0.391199
1 0.212080 0.336959 0.228739 0.341190 0.216045 0.391166 0.199386 0.386935
1 0.210556 0.342100 0.226935 0.336889 0.242569 0.386025 0.226190 0.391236
1 0.240468 0.338139 0.257616 0.336979 0.261095 0.388424 0.243946 0.389584
1 0.276056 0.336891 0.292460 0.342022 0.277069 0.391234 0.260665 0.386103
1 0.271592 0.342615 0.287798 0.336891 0.304971 0.385510 0.288765 0.391234
1 0.308094 0.336907 0.324175 0.342976 0.305968 0.391218 0.289888 0.385149
1 0.304175 0.342197 0.320522 0.336887 0.336450 0.385928 0.320103 0.391238
0 0.297933 0.341457 0.386660 0.333738 0.391129 0.385106 0.302402 0.392825
1 0.368726 0.336887 0.385036 0.342308 0.368774 0.391238 0.352464 0.385817
1 0.363855 0.342556 0.380082 0.336889 0.397082 0.385569 0.380856 0.391236
1 0.396873 0.337501 0.414060 0.337499 0.414065 0.389062 0.396877 0.389063
1 0.428837 0.336994 0.445561 0.340960 0.433663 0.391131 0.416939 0.387165
1 0.427508 0.341713 0.444009 0.336907 0.458430 0.386412 0.441928 0.391218
1 0.462188 0.336888 0.478555 0.342136 0.462812 0.391237 0.446445 0.385989
1 0.457128 0.342933 0.473224 0.336905 0.491309 0.385192 0.475214 0.391220
1 0.491570 0.336974 0.508259 0.341084 0.495930 0.391151 0.479241 0.387041
1 0.490249 0.342097 0.506628 0.336889 0.522251 0.386028 0.505872 0.391236
1 0.521523 0.336910 0.538041 0.341661 0.523789 0.391215 0.507272 0.386464
1 0.518306 0.343383 0.534240 0.336940 0.553569 0.384742 0.537635 0.391185
1 0.552847 0.336949 0.569483 0.341267 0.556528 0.391176 0.539892 0.386858
1 0.549917 0.343080 0.565961 0.336914 0.584458 0.385045 0.568414 0.391211
1 0.586028 0.336887 0.602316 0.342377 0.585847 0.391238 0.569559 0.385748
1 0.582277 0.342214 0.598618 0.336887 0.614598 0.385911 0.598257 0.391238
1 0.617264 0.336887 0.633554 0.342368 0.617111 0.391238 0.600821 0.385757
1 0.612109 0.342699 0.628287 0.336894 0.645703 0.385426 0.629526 0.391231
1 0.647958 0.336888 0.664202 0.342504 0.647355 0.391237 0.631111 0.385621
1 0.646107 0.341290 0.662737 0.336946 0.675768 0.386835 0.659138 0.391179
1 0.678193 0.336887 0.694485 0.342363 0.678057 0.391238 0.661765 0.385762
1 0.674797 0.341972 0.691216 0.336893 0.706453 0.386153 0.690034 0.391232
1 0.710946 0.336932 0.726910 0.343301 0.707804 0.391193 0.691840 0.384824
1 0.705700 0.341667 0.722217 0.336910 0.736487 0.386458 0.719971 0.391215
0 0.704071 0.334368 0.792770 0.342405 0.788117 0.393757 0.699418 0.385720
7 0.753696 0.335530 0.805095 0.339633 0.800992 0.391032 0.749593 0.386929
1 0.803251 0.336902 0.819366 0.342878 0.801437 0.391223 0.785322 0.385247
1 0.799589 0.342122 0.815961 0.336889 0.831661 0.386003 0.815289 0.391236
1 0.830892 0.336911 0.847411 0.341657 0.833170 0.391214 0.816651 0.386468
1 0.828948 0.342366 0.845239 0.336887 0.861677 0.385759 0.845386 0.391238
0 0.830964 0.331181 0.917458 0.344412 0.909661 0.395382 0.823167 0.382150
3 0.014276 0.432403 0.047078 0.433268 0.043536 0.567597 0.010735 0.566732
3 0.950312 0.426103 0.997108 0.428828 0.988750 0.572335 0.941954 0.569609
6 0.952846 0.411222 0.984090 0.410658 0.984654 0.441903 0.953410 0.442467
6 0.017151 0.165662 0.060900 0.165588 0.060974 0.209338 0.017225 0.209412
6 0.011334 0.821690 0.059732 0.823637 0.058979 0.842372 0.010580 0.840425
