8 0.044224 0.043232 0.056663 0.044466 0.052651 0.084893 0.040212 0.083659
8 0.087732 0.043671 0.101793 0.043831 0.101331 0.084454 0.087269 0.084294
4 0.112608 0.043609 0.165732 0.043891 0.165517 0.084516 0.112393 0.084234
8 0.164609 0.043590 0.177105 0.043925 0.176016 0.084535 0.163520 0.084200
8 0.206133 0.044345 0.218590 0.043298 0.221992 0.083780 0.209535 0.084827
8 0.249405 0.044900 0.261767 0.043048 0.267783 0.083225 0.255421 0.085077
4 0.270718 0.043231 0.323832 0.044277 0.323032 0.084894 0.269918 0.083848
8 0.340918 0.043120 0.353317 0.044711 0.348144 0.085005 0.335746 0.083414
4 0.367874 0.041962 0.420872 0.045635 0.418063 0.086163 0.365065 0.082490
4 0.403642 0.043092 0.456750 0.044421 0.455733 0.085033 0.402625 0.083704
8 0.455084 0.043617 0.469144 0.043891 0.468354 0.084508 0.454294 0.084234
4 0.480595 0.040092 0.533379 0.046106 0.528780 0.086470 0.475996 0.080456
8 0.534435 0.043259 0.548454 0.044367 0.545252 0.084866 0.531234 0.083758
8 0.581222 0.044048 0.595273 0.043484 0.596903 0.084077 0.582852 0.084641
8 0.621744 0.044054 0.634231 0.043488 0.636069 0.084071 0.623582 0.084637
8 0.662724 0.043468 0.675209 0.044081 0.673214 0.084657 0.660729 0.084044
4 0.670112 0.044321 0.723171 0.041667 0.725200 0.082242 0.672141 0.084895
8 0.727637 0.043907 0.740133 0.043605 0.741113 0.084218 0.728617 0.084520
4 0.750679 0.041971 0.803678 0.045625 0.800884 0.086154 0.747884 0.082500
4 0.791109 0.043132 0.844219 0.044379 0.843266 0.084993 0.790156 0.083746
4 0.814990 0.043828 0.868087 0.042130 0.869385 0.082735 0.816288 0.084432
4 0.852549 0.046122 0.905329 0.040079 0.909951 0.080440 0.857171 0.086484
8 0.909178 0.045088 0.921500 0.042989 0.928322 0.083037 0.916000 0.085136
7 0.040254 0.100378 0.080872 0.099629 0.081621 0.140247 0.041003 0.140996
7 0.074793 0.100209 0.115416 0.099793 0.115832 0.140416 0.075209 0.140832
7 0.125603 0.096857 0.165643 0.103728 0.158772 0.143768 0.118732 0.136897
7 0.168331 0.100428 0.208947 0.099581 0.209794 0.140197 0.169178 0.141044
7 0.207646 0.101891 0.248109 0.098271 0.251729 0.138734 0.211266 0.142354
7 0.261673 0.099291 0.302272 0.100735 0.300827 0.141334 0.260228 0.139890
7 0.307349 0.102482 0.347518 0.096411 0.353589 0.136580 0.313420 0.142651
7 0.352430 0.102542 0.392770 0.097742 0.397570 0.138083 0.357230 0.142883
7 0.396717 0.101881 0.437182 0.098279 0.440783 0.138744 0.400318 0.142346
7 0.443671 0.100080 0.484295 0.099921 0.484454 0.140545 0.443830 0.140704
7 0.488332 0.100852 0.528835 0.097707 0.531980 0.138210 0.491477 0.141355
7 0.538462 0.102422 0.578828 0.097837 0.583413 0.138203 0.543047 0.142788
7 0.586601 0.097870 0.627130 0.100664 0.624336 0.141193 0.583807 0.138399
7 0.622870 0.100584 0.663479 0.099432 0.664630 0.140041 0.624021 0.141193
7 0.660243 0.102799 0.700326 0.096181 0.706944 0.136263 0.666862 0.142882
7 0.696123 0.102615 0.736448 0.097686 0.741377 0.138010 0.701052 0.142939
7 0.741641 0.100640 0.782172 0.097891 0.784922 0.138422 0.744390 0.141172
7 0.772705 0.100760 0.813303 0.099268 0.814795 0.139865 0.774197 0.141357
7 0.822024 0.098422 0.862516 0.101711 0.859226 0.142203 0.818734 0.138914
7 0.856321 0.098401 0.896911 0.100071 0.895242 0.140661 0.854651 0.138992
7 0.899226 0.099241 0.939822 0.100789 0.938274 0.141384 0.897678 0.139836
8 0.063834 0.156588 0.076319 0.155962 0.078353 0.196537 0.065869 0.197163
8 0.109317 0.157311 0.123089 0.154466 0.131308 0.194251 0.117536 0.197096
0 0.125793 0.156864 0.196051 0.154105 0.197645 0.194699 0.127387 0.197458
0 0.165124 0.156321 0.232291 0.154630 0.233313 0.195242 0.166147 0.196933
0 0.214468 0.154363 0.283111 0.158200 0.280844 0.198762 0.212201 0.194925
8 0.285898 0.156262 0.298398 0.156238 0.298477 0.196863 0.285977 0.196887
8 0.330144 0.155863 0.344181 0.156711 0.341731 0.197262 0.327694 0.196414
8 0.359067 0.156923 0.371512 0.155755 0.375308 0.196202 0.362863 0.197370
0 0.371986 0.153998 0.442235 0.156976 0.440514 0.197564 0.370265 0.194587
0 0.405221 0.154592 0.473948 0.156358 0.472904 0.196970 0.404177 0.195204
8 0.476769 0.155972 0.489255 0.156576 0.487293 0.197153 0.474808 0.196549
8 0.512677 0.155794 0.525132 0.156851 0.521698 0.197331 0.509243 0.196274
8 0.550914 0.155522 0.563260 0.157479 0.556898 0.197603 0.544552 0.195646
0 0.548700 0.154541 0.618927 0.158008 0.616925 0.198584 0.546698 0.195117
0 0.588233 0.150990 0.656346 0.160324 0.650830 0.200573 0.582717 0.191238
8 0.654554 0.156919 0.668566 0.155727 0.672009 0.196206 0.657997 0.197398
0 0.663915 0.156501 0.732663 0.156000 0.732960 0.196624 0.664212 0.197125
8 0.723069 0.157039 0.736908 0.154543 0.744118 0.194523 0.730279 0.197019
8 0.771399 0.156993 0.783833 0.155719 0.787976 0.196132 0.775542 0.197406
8 0.818498 0.156972 0.832502 0.155696 0.836190 0.196153 0.822185 0.197429
0 0.834411 0.149934 0.902165 0.161592 0.895277 0.201628 0.827522 0.189971
0 0.863357 0.159809 0.930022 0.151444 0.935080 0.191753 0.868415 0.200118
1 0.052784 0.213186 0.065228 0.211998 0.069091 0.252439 0.056647 0.253627
1 0.103473 0.212396 0.115971 0.212610 0.115277 0.253229 0.102779 0.253015
1 0.150191 0.212189 0.164237 0.212857 0.162309 0.253436 0.148263 0.252768
1 0.190945 0.212404 0.203444 0.212601 0.202805 0.253221 0.190306 0.253024
1 0.219589 0.213085 0.233612 0.212030 0.236661 0.252540 0.222638 0.253595
7 0.244209 0.212051 0.284824 0.212959 0.283916 0.253574 0.243301 0.252666
7 0.270522 0.210774 0.311101 0.212710 0.309165 0.253289 0.268586 0.251353
1 0.313806 0.212849 0.326290 0.212205 0.328381 0.252776 0.315898 0.253420
7 0.334220 0.214377 0.374686 0.210782 0.378280 0.251248 0.337814 0.254843
7 0.366547 0.213161 0.407151 0.211860 0.408453 0.252464 0.367849 0.253765
1 0.428394 0.211956 0.442401 0.213205 0.438793 0.253669 0.424786 0.252420
1 0.466427 0.212019 0.480448 0.213101 0.477323 0.253606 0.463302 0.252524
1 0.511038 0.212061 0.523497 0.213072 0.520212 0.253564 0.507753 0.252553
7 0.545566 0.212249 0.586188 0.212754 0.585684 0.253376 0.545062 0.252871
7 0.579276 0.212920 0.619893 0.212089 0.620724 0.252705 0.580107 0.253536
1 0.634297 0.212785 0.646785 0.212252 0.648516 0.252840 0.636027 0.253373
1 0.669944 0.212890 0.682424 0.212176 0.684744 0.252735 0.672264 0.253449
1 0.715144 0.212932 0.727620 0.212148 0.730168 0.252693 0.717693 0.253477
7 0.738374 0.209168 0.778332 0.216499 0.771001 0.256457 0.731043 0.249126
7 0.786816 0.210185 0.827315 0.213378 0.824122 0.253878 0.783622 0.250684
7 0.813472 0.213108 0.854080 0.211910 0.855278 0.252517 0.814670 0.253715
7 0.855620 0.209013 0.894239 0.214887 0.888130 0.255050 0.849511 0.249176
1 0.900408 0.211922 0.914406 0.213264 0.910529 0.253703 0.896531 0.252361
1 0.048103 0.267032 0.060107 0.270519 0.048772 0.309531 0.036768 0.306043
1 0.091098 0.268406 0.103574 0.269170 0.101090 0.309719 0.088613 0.308955
1 0.119678 0.269297 0.133706 0.268305 0.136572 0.308828 0.122544 0.309820
1 0.158132 0.268264 0.170580 0.269406 0.166868 0.309861 0.154420 0.308719
0 0.159664 0.268269 0.228407 0.269235 0.227836 0.309856 0.159093 0.308890
1 0.218640 0.269396 0.232512 0.267091 0.239173 0.307166 0.225300 0.309472
0 0.241448 0.265416 0.311567 0.270634 0.308552 0.311147 0.238433 0.305928
0 0.267089 0.270355 0.337330 0.267187 0.339161 0.307770 0.268920 0.310938
1 0.339374 0.268657 0.351873 0.268848 0.351251 0.309468 0.338752 0.309277
1 0.382699 0.268785 0.395199 0.268715 0.395426 0.309340 0.382926 0.309410
0 0.387009 0.268842 0.457301 0.267107 0.458303 0.307720 0.388012 0.309455
0 0.415186 0.270974 0.483797 0.266608 0.486377 0.307151 0.417766 0.311517
0 0.449079 0.266896 0.519358 0.269060 0.518108 0.309666 0.447829 0.307502
0 0.489860 0.263407 0.557949 0.272921 0.552327 0.313155 0.484239 0.303641
1 0.561459 0.268597 0.573955 0.268917 0.572916 0.309528 0.560420 0.309208
1 0.608152 0.268396 0.622193 0.269165 0.619973 0.309729 0.605932 0.308960
0 0.622721 0.265437 0.691276 0.270616 0.688216 0.311125 0.619661 0.305947
1 0.682614 0.268820 0.696676 0.268682 0.697074 0.309305 0.683012 0.309443
0 0.710617 0.263747 0.780382 0.272507 0.775321 0.312815 0.705556 0.304056
0 0.743087 0.265361 0.811630 0.270699 0.808475 0.311202 0.739933 0.305863
1 0.802201 0.268063 0.814571 0.269858 0.808737 0.310062 0.796366 0.308267
0 0.811276 0.266925 0.881491 0.270632 0.879349 0.311200 0.809134 0.307493
0 0.865557 0.268865 0.934307 0.268635 0.934443 0.309260 0.865693 0.309490
5 0.048708 0.324626 0.064313 0.325427 0.062229 0.365999 0.046625 0.365198
5 0.076537 0.325010 0.092162 0.324990 0.092213 0.365615 0.076588 0.365635
7 0.097752 0.322686 0.138251 0.325877 0.135061 0.366376 0.094561 0.363186
5 0.144329 0.323024 0.159599 0.326338 0.150983 0.366039 0.135714 0.362725
5 0.191088 0.324564 0.206685 0.325511 0.204224 0.366061 0.188628 0.365114
5 0.232225 0.325581 0.247814 0.324514 0.250587 0.365044 0.234999 0.366111
0 0.256024 0.325387 0.324770 0.324615 0.325226 0.365238 0.256480 0.366010
7 0.317624 0.324573 0.358239 0.325436 0.357376 0.366052 0.316761 0.365189
0 0.345697 0.321170 0.415731 0.327429 0.412115 0.367892 0.342082 0.361634
0 0.391402 0.322930 0.461666 0.325536 0.460160 0.366133 0.389896 0.363527
5 0.448561 0.324953 0.464185 0.325048 0.463939 0.365672 0.448315 0.365577
0 0.460586 0.328570 0.527415 0.321646 0.531602 0.362055 0.464772 0.368979
7 0.525458 0.323051 0.566011 0.325458 0.563605 0.366011 0.523051 0.363605
0 0.558481 0.323103 0.628758 0.325356 0.627456 0.365960 0.557180 0.363707
5 0.636782 0.322888 0.651873 0.326938 0.641343 0.366175 0.626252 0.362125
7 0.664528 0.321754 0.704809 0.327028 0.699535 0.367309 0.659254 0.362035
5 0.712877 0.324859 0.728499 0.325148 0.727748 0.365766 0.712126 0.365477
7 0.749485 0.327316 0.789872 0.322922 0.794265 0.363309 0.753878 0.367703
5 0.793195 0.325566 0.808785 0.324525 0.811493 0.365059 0.795902 0.366100
5 0.846116 0.324242 0.861639 0.326023 0.857009 0.366383 0.841486 0.364602
0 0.857641 0.327412 0.924541 0.321200 0.928297 0.361651 0.861397 0.367863
0 0.886897 0.321156 0.956758 0.329104 0.952166 0.369469 0.882304 0.361521
0 0.024650 0.381855 0.093389 0.380651 0.094100 0.421270 0.025361 0.422474
4 0.071328 0.381986 0.124433 0.380529 0.125547 0.421139 0.072442 0.422596
0 0.092789 0.379461 0.163072 0.381493 0.161898 0.422101 0.091615 0.420069
0 0.142623 0.380531 0.211358 0.381978 0.210502 0.422594 0.141767 0.421147
0 0.191486 0.377916 0.260037 0.383138 0.256952 0.423646 0.188400 0.418424
0 0.228457 0.380712 0.295635 0.381794 0.294981 0.422413 0.227802 0.421331
0 0.272782 0.381622 0.341494 0.379338 0.342843 0.419940 0.274131 0.422225
0 0.308675 0.387021 0.377875 0.374560 0.385075 0.414542 0.315875 0.427003
0 0.346101 0.381808 0.413236 0.379161 0.414837 0.419754 0.347701 0.422401
0 0.390882 0.380821 0.459627 0.381682 0.459118 0.422304 0.390373 0.421443
4 0.447607 0.377761 0.500218 0.385132 0.494581 0.425364 0.441970 0.417993
0 0.465471 0.384563 0.535487 0.378108 0.539216 0.418562 0.469201 0.425017
4 0.502639 0.387151 0.554627 0.376219 0.562986 0.415974 0.510998 0.426906
4 0.539920 0.381425 0.593012 0.379538 0.594455 0.420137 0.541363 0.422025
4 0.568405 0.381709 0.621523 0.380797 0.622220 0.421416 0.569102 0.422328
4 0.609319 0.381613 0.662396 0.379361 0.664119 0.419949 0.611041 0.422202
0 0.631955 0.378089 0.702100 0.382945 0.699295 0.423473 0.629150 0.418617
0 0.671129 0.379146 0.739827 0.381822 0.738246 0.422416 0.669548 0.419740
4 0.716667 0.381949 0.769774 0.380565 0.770833 0.421176 0.717726 0.422560
4 0.755471 0.383471 0.808421 0.379162 0.811716 0.419654 0.758766 0.423963
4 0.796923 0.381187 0.850048 0.381313 0.849952 0.421938 0.796827 0.421812
4 0.837662 0.381040 0.890786 0.381462 0.890463 0.422085 0.837339 0.421663
4 0.868945 0.379137 0.921891 0.383500 0.918555 0.423988 0.865609 0.419625
5 0.057093 0.436732 0.072613 0.438542 0.067907 0.478893 0.052387 0.477083
5 0.096491 0.437987 0.112090 0.437081 0.114446 0.477638 0.098847 0.478544
0 0.114644 0.435306 0.184814 0.439776 0.182231 0.480319 0.112061 0.475849
0 0.161469 0.435825 0.231759 0.437626 0.230718 0.478237 0.160429 0.476437
0 0.198019 0.439631 0.265076 0.435447 0.267606 0.475994 0.200549 0.480178
0 0.236734 0.432159 0.304823 0.441669 0.299204 0.481903 0.231115 0.472394
0 0.277576 0.437678 0.346300 0.435775 0.347424 0.476385 0.278700 0.478287
5 0.347308 0.436841 0.362860 0.438348 0.358942 0.478784 0.343390 0.477277
0 0.346288 0.441681 0.414562 0.433601 0.419337 0.473944 0.351063 0.482024
0 0.386993 0.437623 0.457282 0.435828 0.458320 0.476440 0.388030 0.478235
0 0.425267 0.435822 0.493933 0.439228 0.491920 0.479803 0.423255 0.476397
0 0.466048 0.436800 0.534784 0.438208 0.533952 0.478825 0.465216 0.477417
0 0.515064 0.437699 0.583787 0.435755 0.584936 0.476364 0.516213 0.478307
0 0.539879 0.438007 0.607018 0.435460 0.608558 0.476055 0.541419 0.478603
0 0.563813 0.439400 0.634025 0.435658 0.636187 0.476225 0.565975 0.479967
0 0.597561 0.429435 0.666126 0.445012 0.657127 0.484627 0.588561 0.469051
0 0.627499 0.434059 0.696033 0.439506 0.692814 0.480004 0.624280 0.474556
5 0.692874 0.437249 0.708490 0.437774 0.707126 0.478376 0.691510 0.477851
0 0.709044 0.442928 0.777004 0.432539 0.783144 0.472697 0.715183 0.483086
0 0.747285 0.436821 0.816022 0.438187 0.815215 0.478804 0.746478 0.477438
5 0.798145 0.438390 0.813531 0.435669 0.820605 0.475673 0.805219 0.478394
5 0.832603 0.438273 0.848167 0.436887 0.851772 0.477352 0.836208 0.478738
5 0.879895 0.437421 0.895519 0.437581 0.895105 0.478204 0.879481 0.478044
1 0.066427 0.493168 0.078845 0.494598 0.074198 0.534957 0.061780 0.533527
5 0.088818 0.493846 0.104442 0.493657 0.104932 0.534279 0.089308 0.534468
5 0.116742 0.494265 0.132338 0.493311 0.134821 0.533860 0.119225 0.534814
0 0.137921 0.489935 0.206388 0.496170 0.202704 0.536628 0.134237 0.530392
5 0.204591 0.494110 0.220201 0.493429 0.221972 0.534015 0.206362 0.534696
0 0.218317 0.494502 0.287050 0.493008 0.287933 0.533623 0.219200 0.535117
5 0.280242 0.493285 0.295834 0.494300 0.293196 0.534840 0.277604 0.533825
1 0.327006 0.493238 0.339447 0.494454 0.335494 0.534887 0.323053 0.533671
1 0.353313 0.493138 0.365719 0.494667 0.360749 0.534987 0.348343 0.533458
0 0.373560 0.491511 0.442247 0.494464 0.440502 0.535052 0.371815 0.532098
0 0.418039 0.497435 0.486247 0.488822 0.491336 0.529127 0.423128 0.537740
1 0.481572 0.493443 0.494054 0.494116 0.491865 0.534682 0.479383 0.534009
0 0.497248 0.493131 0.565987 0.494376 0.565252 0.534994 0.496513 0.533749
0 0.546289 0.488966 0.614308 0.498966 0.608398 0.539159 0.540380 0.529159
1 0.601290 0.494763 0.613504 0.492104 0.622147 0.531799 0.609933 0.534458
0 0.632162 0.490286 0.702260 0.495776 0.699088 0.536277 0.628990 0.530787
0 0.672971 0.493780 0.741702 0.492169 0.742654 0.532783 0.673923 0.534393
5 0.733569 0.493475 0.749183 0.494053 0.747681 0.534650 0.732067 0.534072
5 0.772468 0.493273 0.788058 0.494317 0.785344 0.534852 0.769754 0.533808
0 0.790576 0.493832 0.857763 0.493668 0.857862 0.534293 0.790674 0.534457
1 0.854857 0.493141 0.867265 0.494660 0.862330 0.534984 0.849923 0.533465
1 0.897084 0.493471 0.909569 0.494076 0.907604 0.534654 0.895119 0.534049
7 0.039380 0.549688 0.080000 0.550317 0.079370 0.590937 0.038750 0.590308
0 0.069577 0.550518 0.138279 0.547948 0.139798 0.588545 0.071096 0.591115
7 0.123633 0.548287 0.164213 0.550195 0.162305 0.590775 0.121725 0.588867
0 0.162674 0.547682 0.231354 0.550797 0.229513 0.591380 0.160834 0.588266
7 0.207378 0.550512 0.247926 0.548003 0.250434 0.588551 0.209887 0.591059
7 0.234640 0.549738 0.275262 0.550265 0.274735 0.590887 0.234113 0.590360
1 0.295605 0.549250 0.307935 0.551301 0.301270 0.591375 0.288940 0.589324
1 0.341388 0.549588 0.353853 0.550527 0.350800 0.591037 0.338335 0.590098
1 0.382033 0.549524 0.396055 0.550593 0.392967 0.591101 0.378945 0.590032
1 0.425757 0.549754 0.439810 0.550274 0.438306 0.590871 0.424253 0.590351
7 0.467479 0.549712 0.508100 0.550292 0.507521 0.590913 0.466900 0.590333
7 0.507977 0.548315 0.548560 0.550165 0.546710 0.590748 0.506127 0.588898
0 0.535194 0.544531 0.604825 0.554300 0.599181 0.594531 0.529550 0.584762
1 0.600932 0.550205 0.613426 0.549815 0.614693 0.590420 0.602199 0.590810
1 0.645449 0.549740 0.657937 0.550301 0.656113 0.590885 0.643626 0.590324
7 0.679437 0.546127 0.719498 0.552875 0.712750 0.592935 0.672690 0.586188
1 0.727466 0.550240 0.741521 0.549781 0.742846 0.590385 0.728791 0.590844
0 0.729455 0.544881 0.799188 0.553891 0.793982 0.594181 0.724250 0.585172
1 0.786669 0.549538 0.800693 0.550572 0.797706 0.591087 0.783682 0.590053
7 0.827462 0.547805 0.867820 0.552462 0.863163 0.592820 0.822805 0.588163
0 0.847604 0.546804 0.917744 0.551733 0.914896 0.592258 0.844756 0.587330
1 0.924215 0.548337 0.936400 0.551122 0.927348 0.590726 0.915162 0.587940
7 0.038331 0.604033 0.077279 0.607023 0.074169 0.647529 0.035221 0.644539
7 0.062431 0.608210 0.102727 0.603056 0.107882 0.643352 0.067585 0.648507
7 0.102447 0.609026 0.142536 0.602447 0.149115 0.642536 0.109026 0.649115
7 0.138471 0.606941 0.178997 0.604096 0.181841 0.644622 0.141316 0.647466
7 0.172763 0.606948 0.213364 0.605575 0.214737 0.646177 0.174136 0.647550
7 0.217385 0.604631 0.257869 0.608010 0.254490 0.648494 0.214006 0.645115
7 0.263795 0.608470 0.304030 0.602857 0.309643 0.643093 0.269407 0.648705
7 0.310445 0.606755 0.351058 0.605757 0.352055 0.646370 0.311442 0.647368
7 0.349019 0.604311 0.389439 0.608394 0.385356 0.648814 0.344936 0.644731
7 0.395157 0.606406 0.435781 0.606095 0.436093 0.646719 0.395469 0.647030
7 0.436429 0.604385 0.476865 0.608304 0.472946 0.648740 0.432510 0.644821
7 0.486292 0.605902 0.526911 0.606604 0.526208 0.647223 0.485589 0.646521
7 0.528423 0.604444 0.568994 0.606548 0.566889 0.647119 0.526319 0.645014
7 0.574684 0.606629 0.615246 0.604371 0.617504 0.644934 0.576941 0.647191
7 0.627843 0.606536 0.668464 0.605968 0.669032 0.646589 0.628411 0.647157
7 0.669755 0.602712 0.708354 0.608706 0.702120 0.648850 0.663521 0.642856
7 0.698341 0.606347 0.738965 0.606153 0.739159 0.646778 0.698535 0.646972
7 0.741114 0.605772 0.781728 0.606739 0.780761 0.647353 0.740147 0.646386
7 0.777318 0.605522 0.817916 0.607005 0.816432 0.647603 0.775834 0.646120
7 0.820696 0.605874 0.861314 0.606634 0.860554 0.647251 0.819936 0.646491
7 0.861057 0.606132 0.901681 0.606369 0.901443 0.646993 0.860819 0.646756
7 0.048196 0.657585 0.087728 0.666946 0.078367 0.706478 0.038835 0.697117
7 0.083981 0.662967 0.124533 0.660543 0.126957 0.701096 0.086404 0.703519
7 0.125847 0.660212 0.166351 0.663347 0.163215 0.703851 0.122712 0.700715
7 0.164562 0.662012 0.205175 0.663000 0.204188 0.703613 0.163575 0.702625
7 0.193027 0.665340 0.233097 0.658652 0.239786 0.698722 0.199715 0.705411
7 0.243172 0.664894 0.283543 0.660360 0.288078 0.700731 0.247707 0.705265
7 0.273785 0.662159 0.314404 0.662847 0.313715 0.703466 0.273096 0.702778
7 0.320849 0.661978 0.361460 0.663036 0.360401 0.703647 0.319790 0.702589
7 0.368224 0.660198 0.408552 0.665099 0.403651 0.705427 0.363323 0.700526
7 0.396116 0.665123 0.436439 0.660179 0.441384 0.700502 0.401061 0.705446
7 0.440121 0.663017 0.480733 0.661996 0.481754 0.702608 0.441142 0.703629
7 0.490106 0.660192 0.530433 0.665106 0.525519 0.705433 0.485192 0.700519
7 0.522882 0.664866 0.563259 0.660382 0.567743 0.700759 0.527366 0.705243
7 0.551453 0.662611 0.592077 0.662390 0.592297 0.703014 0.551673 0.703235
7 0.590283 0.662848 0.630902 0.662158 0.631592 0.702777 0.590973 0.703467
7 0.635040 0.661856 0.675644 0.663165 0.674335 0.703769 0.633731 0.702460
7 0.674561 0.663017 0.715108 0.660499 0.717626 0.701046 0.677079 0.703564
7 0.724687 0.662875 0.765250 0.660625 0.767500 0.701187 0.726938 0.703438
7 0.768359 0.664884 0.808554 0.658984 0.814453 0.699179 0.774259 0.705078
7 0.820589 0.662238 0.859648 0.662766 0.859099 0.703387 0.820040 0.702859
7 0.857781 0.662566 0.898372 0.660906 0.900032 0.701497 0.859441 0.703157
7 0.884286 0.664486 0.924576 0.659286 0.929777 0.699576 0.889486 0.704777
8 0.058630 0.718265 0.072650 0.719357 0.069495 0.759860 0.055475 0.758768
8 0.102550 0.719218 0.115022 0.718375 0.117762 0.758907 0.105291 0.759750
8 0.141711 0.719493 0.154146 0.718219 0.158289 0.758632 0.145854 0.759906
4 0.166716 0.719382 0.219826 0.718130 0.220784 0.758743 0.167674 0.759995
4 0.203588 0.718158 0.256700 0.719352 0.255787 0.759967 0.202675 0.758773
8 0.257140 0.718996 0.271194 0.718527 0.272548 0.759129 0.258493 0.759598
4 0.278680 0.715465 0.331549 0.720668 0.327570 0.761098 0.274701 0.755895
4 0.307130 0.722704 0.359504 0.713807 0.366308 0.753858 0.313933 0.762755
4 0.355279 0.717999 0.408382 0.719517 0.407221 0.760126 0.354118 0.758608
4 0.391545 0.722628 0.443942 0.713866 0.450643 0.753935 0.398245 0.762696
4 0.427513 0.720715 0.480500 0.716891 0.483424 0.757410 0.430437 0.761234
4 0.468401 0.719215 0.521518 0.718291 0.522224 0.758910 0.469107 0.759834
8 0.520758 0.718601 0.534817 0.718908 0.533930 0.759524 0.519871 0.759217
4 0.542565 0.718266 0.595681 0.719241 0.594935 0.759859 0.541819 0.758884
8 0.604547 0.719057 0.617034 0.718486 0.618890 0.759068 0.606403 0.759639
8 0.639833 0.718278 0.653856 0.719338 0.650792 0.759847 0.636769 0.758787
8 0.687897 0.718102 0.700288 0.719755 0.694915 0.760023 0.682525 0.758370
8 0.727425 0.719006 0.741479 0.718518 0.742888 0.759119 0.728834 0.759607
4 0.737659 0.716795 0.790730 0.719184 0.788904 0.759768 0.735832 0.757379
4 0.786737 0.715205 0.839548 0.720972 0.835138 0.761357 0.782327 0.755590
8 0.843371 0.719452 0.855812 0.718239 0.859754 0.758673 0.847313 0.759886
4 0.861865 0.718828 0.914962 0.717130 0.916260 0.757735 0.863163 0.759432
4 0.900446 0.718180 0.953559 0.719330 0.952679 0.759945 0.899566 0.758795
0 0.014014 0.775083 0.082763 0.774917 0.082861 0.815542 0.014112 0.815708
0 0.041741 0.780719 0.109618 0.769797 0.116072 0.809906 0.048195 0.820828
1 0.112024 0.775171 0.126083 0.774840 0.127038 0.815454 0.112980 0.815785
1 0.162043 0.775423 0.174520 0.774654 0.177019 0.815202 0.164543 0.815971
1 0.206519 0.774666 0.220563 0.775387 0.218481 0.815959 0.204437 0.815238
1 0.249345 0.775820 0.261768 0.774432 0.266280 0.814805 0.253857 0.816193
0 0.264817 0.772966 0.335084 0.775498 0.333621 0.816097 0.263354 0.813564
0 0.299295 0.775462 0.368001 0.773001 0.369455 0.813600 0.300749 0.816061
0 0.342894 0.772722 0.409920 0.777376 0.407106 0.817903 0.340080 0.813249
0 0.373173 0.778555 0.443145 0.771642 0.447139 0.812070 0.377167 0.818983
0 0.411626 0.769795 0.479756 0.779009 0.474312 0.819267 0.406182 0.810054
0 0.450859 0.775488 0.521127 0.772975 0.522579 0.813574 0.452311 0.816087
1 0.513486 0.776141 0.525849 0.774301 0.531827 0.814484 0.519463 0.816324
0 0.537759 0.773335 0.606425 0.776714 0.604429 0.817290 0.535762 0.813911
0 0.574695 0.769873 0.642598 0.780627 0.636243 0.820752 0.568339 0.809998
0 0.620129 0.775322 0.690438 0.774680 0.690809 0.815303 0.620499 0.815945
1 0.680553 0.775255 0.694607 0.774769 0.696009 0.815370 0.681955 0.815856
1 0.727012 0.774661 0.739489 0.775412 0.737051 0.815964 0.724573 0.815213
1 0.773950 0.774646 0.786426 0.775435 0.783862 0.815979 0.771387 0.815190
0 0.790059 0.771474 0.858578 0.777100 0.855254 0.817589 0.786734 0.811963
0 0.815477 0.776662 0.884149 0.773384 0.886086 0.813963 0.817414 0.817241
1 0.892561 0.774356 0.904953 0.775995 0.899627 0.816269 0.887235 0.814630
1 0.044352 0.831051 0.058409 0.831466 0.057210 0.872074 0.043154 0.871659
5 0.087854 0.831117 0.103477 0.831389 0.102771 0.872008 0.087148 0.871736
1 0.132222 0.831441 0.144717 0.831076 0.145903 0.871684 0.133408 0.872049
5 0.176812 0.831156 0.192436 0.831347 0.191938 0.871969 0.176314 0.871778
5 0.220826 0.831060 0.236447 0.831453 0.235424 0.872065 0.219803 0.871672
1 0.247765 0.831495 0.261820 0.831027 0.263172 0.871630 0.249117 0.872098
1 0.292437 0.831165 0.306499 0.831338 0.306000 0.871960 0.291939 0.871787
1 0.324947 0.831558 0.338997 0.830976 0.340678 0.871567 0.326628 0.872149
5 0.354992 0.830627 0.370553 0.832039 0.366883 0.872498 0.351322 0.871086
5 0.386175 0.829656 0.401679 0.831595 0.396637 0.871906 0.381133 0.869967
5 0.435922 0.831575 0.451534 0.830957 0.453141 0.871550 0.437528 0.872168
1 0.480696 0.832380 0.493062 0.830555 0.498992 0.870745 0.486626 0.872570
1 0.510963 0.831241 0.525025 0.831259 0.524975 0.871884 0.510912 0.871866
5 0.544416 0.830751 0.560003 0.831850 0.557146 0.872374 0.541560 0.871275
1 0.597429 0.831067 0.611487 0.831448 0.610383 0.872058 0.596326 0.871677
1 0.644074 0.830515 0.658020 0.832322 0.652801 0.872610 0.638855 0.870803
5 0.686564 0.830763 0.702153 0.831832 0.699373 0.872362 0.683785 0.871293
5 0.735861 0.831574 0.751369 0.829667 0.756327 0.869988 0.740819 0.871895
1 0.794510 0.831032 0.807001 0.831496 0.805490 0.872093 0.792999 0.871629
5 0.821181 0.831531 0.836796 0.830993 0.838194 0.871594 0.822579 0.872132
1 0.859655 0.831155 0.873716 0.831349 0.873157 0.871970 0.859096 0.871776
1 0.897592 0.830684 0.910016 0.832064 0.905533 0.872441 0.893109 0.871061
0 0.026438 0.889968 0.096465 0.883635 0.100124 0.924095 0.030097 0.930427
0 0.074526 0.887561 0.144819 0.885888 0.145786 0.926501 0.075493 0.928175
0 0.130526 0.884198 0.199083 0.889354 0.196036 0.929864 0.127480 0.924709
0 0.176832 0.885819 0.245497 0.889231 0.243481 0.929806 0.174815 0.926394
0 0.225320 0.886968 0.294062 0.888037 0.293430 0.928657 0.224688 0.927588
0 0.273432 0.888081 0.340566 0.885389 0.342193 0.925982 0.275059 0.928673
0 0.316468 0.883971 0.383258 0.891270 0.378845 0.931654 0.312055 0.924355
0 0.340780 0.885178 0.411023 0.888300 0.409220 0.928885 0.338977 0.925763
0 0.383528 0.885579 0.450676 0.887882 0.449284 0.928483 0.382136 0.926180
0 0.428658 0.885823 0.498947 0.887628 0.497904 0.928240 0.427615 0.926434
0 0.479625 0.887606 0.548375 0.887394 0.548500 0.928019 0.479750 0.928231
0 0.520899 0.885736 0.591184 0.887718 0.590038 0.928327 0.519754 0.926345
0 0.567046 0.889927 0.635512 0.883679 0.639204 0.924135 0.570738 0.930384
0 0.601044 0.891428 0.667801 0.883832 0.672394 0.924197 0.605637 0.931793
0 0.642794 0.882400 0.710954 0.891386 0.705644 0.931662 0.637484 0.922677
0 0.675834 0.888035 0.746099 0.885431 0.747603 0.926028 0.677339 0.928632
0 0.713129 0.885667 0.783410 0.887789 0.782183 0.928396 0.711903 0.926273
0 0.756951 0.885576 0.825663 0.887884 0.824299 0.928486 0.755587 0.926178
0 0.800964 0.884078 0.867934 0.889491 0.864661 0.929984 0.797691 0.924571
0 0.841421 0.885428 0.910122 0.888039 0.908579 0.928635 0.839878 0.926024
0 0.888131 0.885711 0.955287 0.887746 0.954057 0.928352 0.886900 0.926317
6 0.016961 0.451794 0.038831 0.451336 0.039289 0.473206 0.017419 0.473664
6 0.004735 0.768702 0.028173 0.768798 0.028077 0.792235 0.004640 0.792140
6 0.000000 0.650447 0.032366 0.649565 0.033248 0.683928 0.000000 0.684810
6 0.000000 0.218189 0.025561 0.222820 0.020930 0.250561 0.000000 0.245930
6 0.015281 0.531391 0.054300 0.529563 0.055032 0.545171 0.016012 0.546999
