1 0.478195 0.920290 0.492258 0.920335 0.492117 0.964085 0.478055 0.964040
1 0.505431 0.920087 0.519486 0.920563 0.518006 0.964288 0.503952 0.963812
0 0.460444 0.965740 0.483816 0.963987 0.484868 0.978010 0.461497 0.979763
0 0.489547 0.963312 0.512934 0.964843 0.512016 0.978876 0.488628 0.977344
0 0.512777 0.963620 0.536197 0.964515 0.535660 0.978567 0.512240 0.977672
1 0.467761 0.863673 0.481797 0.864535 0.479114 0.908202 0.465078 0.907340
7 0.480718 0.860362 0.524013 0.866655 0.517720 0.909950 0.474425 0.903657
0 0.487825 0.862267 0.562737 0.865910 0.560612 0.909608 0.485701 0.905965
1 0.439011 0.807829 0.453074 0.807796 0.453176 0.851546 0.439114 0.851579
5 0.465084 0.808013 0.480705 0.807625 0.481791 0.851362 0.466170 0.851750
1 0.494039 0.807302 0.508053 0.808476 0.504398 0.852073 0.490385 0.850899
0 0.482640 0.819789 0.552719 0.797836 0.565798 0.839586 0.495718 0.861539
1 0.540059 0.808584 0.553908 0.806143 0.561503 0.849229 0.547654 0.851670
1 0.412741 0.751486 0.426803 0.751641 0.426321 0.795389 0.412260 0.795234
0 0.409260 0.751761 0.484259 0.751365 0.484490 0.795114 0.409491 0.795510
0 0.435851 0.751711 0.510850 0.751414 0.511024 0.795164 0.436025 0.795461
0 0.463353 0.748142 0.539725 0.753529 0.536647 0.797170 0.460275 0.791784
1 0.519488 0.750953 0.533475 0.752407 0.528950 0.795922 0.514963 0.794468
7 0.527638 0.753826 0.571174 0.749513 0.575487 0.793049 0.531951 0.797362
7 0.555850 0.751970 0.599593 0.751163 0.600400 0.794905 0.556657 0.795712
0 0.395460 0.795072 0.418893 0.795556 0.418602 0.809615 0.395170 0.809132
0 0.415144 0.796966 0.438519 0.795259 0.439544 0.809284 0.416168 0.810991
0 0.440537 0.795462 0.463972 0.795165 0.464151 0.809226 0.440715 0.809523
0 0.465452 0.795610 0.488882 0.795019 0.489236 0.809077 0.465806 0.809668
0 0.490342 0.795808 0.513759 0.794829 0.514346 0.808880 0.490929 0.809858
0 0.514354 0.794556 0.537571 0.797764 0.535646 0.811694 0.512429 0.808486
0 0.529398 0.795820 0.552814 0.794818 0.553415 0.808867 0.529999 0.809870
0 0.553939 0.797526 0.577213 0.794760 0.578873 0.808724 0.555599 0.811490
1 0.384261 0.695924 0.398281 0.694833 0.401677 0.738451 0.387657 0.739542
8 0.414488 0.694961 0.428529 0.695730 0.426137 0.739414 0.412096 0.738645
1 0.436721 0.695794 0.450633 0.693738 0.457029 0.737018 0.443117 0.739074
1 0.465082 0.695495 0.479140 0.695144 0.480231 0.738880 0.466173 0.739231
1 0.490426 0.695377 0.504488 0.695249 0.504886 0.738998 0.490824 0.739126
8 0.515434 0.695956 0.529450 0.694814 0.533003 0.738419 0.518987 0.739561
7 0.531888 0.693314 0.575436 0.697513 0.571237 0.741061 0.527689 0.736862
1 0.569988 0.695420 0.584049 0.695210 0.584700 0.738955 0.570639 0.739165
1 0.598610 0.694829 0.612629 0.695931 0.609202 0.739546 0.595183 0.738444
0 0.369460 0.738777 0.392795 0.740973 0.391477 0.754973 0.368143 0.752777
0 0.398285 0.739323 0.421717 0.738806 0.422027 0.752865 0.398595 0.753382
0 0.424131 0.738800 0.447470 0.740946 0.446182 0.754950 0.422843 0.752804
0 0.455529 0.738601 0.478825 0.741171 0.477283 0.755149 0.453987 0.752579
0 0.470265 0.739142 0.493702 0.738983 0.493797 0.753045 0.470360 0.753204
0 0.497467 0.738940 0.520831 0.740791 0.519721 0.754810 0.496356 0.752959
0 0.526199 0.741480 0.549187 0.736914 0.551926 0.750707 0.528938 0.755273
0 0.544946 0.739714 0.568348 0.738432 0.569117 0.752474 0.545715 0.753755
0 0.560884 0.739152 0.584321 0.738973 0.584428 0.753035 0.560992 0.753214
0 0.576818 0.738653 0.600241 0.739481 0.599744 0.753535 0.576321 0.752706
0 0.598472 0.739006 0.621909 0.739119 0.621841 0.753182 0.598404 0.753068
0 0.343391 0.639677 0.416818 0.638454 0.417547 0.682198 0.344120 0.683421
5 0.400817 0.638500 0.417960 0.639739 0.414808 0.683375 0.397665 0.682136
1 0.424466 0.639851 0.438462 0.638482 0.442721 0.682024 0.428726 0.683393
1 0.451374 0.639398 0.465423 0.638770 0.467376 0.682477 0.453327 0.683105
1 0.480036 0.638731 0.494080 0.639451 0.491839 0.683144 0.477795 0.682424
7 0.488767 0.639414 0.532461 0.637204 0.534671 0.680899 0.490976 0.683108
0 0.497716 0.644689 0.571712 0.632459 0.578846 0.675624 0.504850 0.687853
5 0.556953 0.638799 0.574131 0.639348 0.572735 0.683076 0.555556 0.682527
5 0.583171 0.638688 0.598775 0.639495 0.596517 0.683187 0.580913 0.682380
8 0.608618 0.639320 0.622672 0.638831 0.624194 0.682555 0.610140 0.683044
0 0.318055 0.579422 0.392866 0.584751 0.389757 0.628390 0.314947 0.623061
1 0.371631 0.583478 0.385645 0.582301 0.389306 0.625897 0.375293 0.627074
0 0.368680 0.583594 0.445180 0.580504 0.446945 0.624218 0.370445 0.627308
0 0.399030 0.579478 0.473717 0.586330 0.469720 0.629897 0.395033 0.623045
5 0.449942 0.583161 0.467116 0.582497 0.468808 0.626214 0.451634 0.626878
0 0.447222 0.582216 0.523775 0.583414 0.523090 0.627159 0.446537 0.625961
8 0.506554 0.582298 0.520566 0.583482 0.516884 0.627077 0.502871 0.625893
1 0.529205 0.583932 0.543145 0.582076 0.548920 0.625443 0.534980 0.627299
1 0.556028 0.583469 0.570042 0.582306 0.573660 0.625906 0.559645 0.627069
7 0.571253 0.580568 0.614744 0.585315 0.609997 0.628807 0.566506 0.624060
1 0.609137 0.582890 0.623199 0.582737 0.623676 0.626485 0.609614 0.626638
8 0.635315 0.583315 0.649348 0.582402 0.652185 0.626060 0.638152 0.626973
1 0.320681 0.526448 0.334741 0.526684 0.334007 0.570427 0.319946 0.570191
7 0.329278 0.528935 0.372628 0.523028 0.378534 0.566378 0.335185 0.572284
0 0.342030 0.528257 0.416956 0.524912 0.418907 0.568618 0.343982 0.571963
7 0.386276 0.526229 0.430021 0.526901 0.429349 0.570646 0.385604 0.569974
5 0.423306 0.526614 0.440494 0.526511 0.440756 0.570261 0.423569 0.570364
7 0.439969 0.524345 0.483467 0.529032 0.478781 0.572530 0.435283 0.567843
1 0.477577 0.527035 0.491613 0.526172 0.494298 0.569840 0.480262 0.570703
0 0.476635 0.524408 0.550020 0.527185 0.548365 0.570904 0.474980 0.568127
1 0.527370 0.527435 0.541195 0.524865 0.549193 0.567877 0.535367 0.570448
7 0.544126 0.524682 0.587818 0.526939 0.585561 0.570631 0.541869 0.568374
0 0.554912 0.522971 0.629692 0.528721 0.626338 0.572342 0.551558 0.566592
7 0.598181 0.522659 0.641404 0.529431 0.634631 0.572654 0.591409 0.565881
0 0.602346 0.532500 0.677828 0.519680 0.685154 0.562812 0.609672 0.575632
1 0.663105 0.526377 0.677162 0.526764 0.675958 0.570498 0.661901 0.570111
5 0.291636 0.471266 0.308740 0.469572 0.313052 0.513109 0.295948 0.514803
1 0.319685 0.470816 0.333718 0.469901 0.336565 0.513559 0.322532 0.514474
1 0.346165 0.470553 0.360220 0.470095 0.361647 0.513822 0.347592 0.514280
1 0.373759 0.470212 0.387820 0.470418 0.387179 0.514163 0.373118 0.513957
1 0.399260 0.470564 0.413315 0.470086 0.414802 0.513811 0.400748 0.514289
0 0.396385 0.470376 0.469803 0.468698 0.470802 0.512437 0.397384 0.514114
0 0.425205 0.463658 0.499182 0.476001 0.491983 0.519154 0.418005 0.506812
1 0.481560 0.468712 0.495457 0.470867 0.488752 0.514100 0.474856 0.511945
7 0.488529 0.470931 0.532194 0.468216 0.534909 0.511882 0.491243 0.514596
0 0.501323 0.470728 0.576319 0.469900 0.576802 0.513647 0.501806 0.514475
1 0.555827 0.471053 0.569829 0.469758 0.573861 0.513322 0.559858 0.514617
1 0.583224 0.470184 0.597284 0.470448 0.596463 0.514191 0.582403 0.513927
5 0.608540 0.470040 0.625719 0.470609 0.624272 0.514335 0.607094 0.513766
5 0.635596 0.470437 0.651219 0.470193 0.651904 0.513938 0.636281 0.514182
0 0.633122 0.468542 0.708036 0.472133 0.705941 0.515833 0.631027 0.512242
1 0.691241 0.469912 0.705275 0.470801 0.702509 0.514463 0.688475 0.513574
1 0.281015 0.414139 0.295077 0.413988 0.295548 0.457736 0.281486 0.457887
1 0.309911 0.413496 0.323910 0.414825 0.319777 0.458379 0.305777 0.457050
1 0.332302 0.415195 0.346239 0.413320 0.352073 0.456680 0.338136 0.458555
0 0.329389 0.417621 0.404068 0.410691 0.408111 0.454254 0.333432 0.461184
5 0.382725 0.414785 0.399862 0.413469 0.403212 0.457090 0.386075 0.458406
1 0.411916 0.414259 0.425973 0.413882 0.427147 0.457616 0.413089 0.457993
8 0.437293 0.415054 0.451256 0.413382 0.456457 0.456821 0.442494 0.458493
0 0.432288 0.419322 0.507970 0.407744 0.514587 0.450990 0.438905 0.462569
8 0.492203 0.414058 0.506265 0.414067 0.506235 0.457817 0.492172 0.457808
5 0.512448 0.415132 0.527796 0.412205 0.535990 0.455181 0.520641 0.458107
1 0.541823 0.415126 0.555773 0.413349 0.561302 0.456749 0.547352 0.458526
1 0.569563 0.414615 0.583591 0.413620 0.586687 0.457260 0.572659 0.458255
7 0.582769 0.414106 0.626519 0.414019 0.626606 0.457769 0.582856 0.457856
0 0.592923 0.412042 0.669444 0.414544 0.668015 0.458270 0.591493 0.455769
1 0.650629 0.413476 0.664623 0.414862 0.660309 0.458399 0.646315 0.457013
1 0.674615 0.414472 0.688658 0.413716 0.691010 0.457403 0.676967 0.458159
1 0.699287 0.415293 0.713205 0.413282 0.719463 0.456582 0.705545 0.458593
0 0.263348 0.459952 0.286638 0.457324 0.288215 0.471298 0.264925 0.473926
0 0.283638 0.460001 0.306918 0.457282 0.308549 0.471249 0.285270 0.473968
0 0.314046 0.460138 0.337294 0.457164 0.339079 0.471112 0.315831 0.474086
0 0.341161 0.457770 0.364538 0.459454 0.363527 0.473480 0.340150 0.471796
0 0.362757 0.457400 0.386180 0.458233 0.385680 0.472287 0.362257 0.471454
0 0.389839 0.457438 0.413155 0.459823 0.411724 0.473812 0.388408 0.471427
0 0.405245 0.457739 0.428617 0.459488 0.427568 0.473511 0.404196 0.471762
0 0.426785 0.457454 0.450212 0.458178 0.449777 0.472234 0.426351 0.471510
0 0.451853 0.457057 0.475070 0.460262 0.473147 0.474193 0.449930 0.470988
0 0.476131 0.458588 0.499519 0.457067 0.500432 0.471100 0.477043 0.472621
0 0.499660 0.458414 0.523067 0.457229 0.523778 0.471274 0.500370 0.472458
0 0.523120 0.458371 0.546532 0.457270 0.547192 0.471317 0.523781 0.472418
0 0.540608 0.460139 0.563856 0.457162 0.565642 0.471111 0.542394 0.474088
0 0.565524 0.457984 0.588959 0.457642 0.589164 0.471703 0.565729 0.472045
0 0.582942 0.457601 0.606376 0.458026 0.606120 0.472087 0.582687 0.471661
0 0.611266 0.457293 0.634679 0.458347 0.634047 0.472395 0.610633 0.471341
0 0.627111 0.457751 0.650485 0.459474 0.649451 0.473499 0.626077 0.471776
0 0.656596 0.457265 0.680007 0.458375 0.679341 0.472422 0.655930 0.471312
0 0.681084 0.459711 0.704239 0.456083 0.706416 0.469976 0.683261 0.473604
0 0.701922 0.457246 0.725331 0.458396 0.724641 0.472442 0.701231 0.471291
8 0.254479 0.358156 0.268527 0.357515 0.270521 0.401219 0.256473 0.401860
0 0.251035 0.361690 0.322516 0.354175 0.327090 0.397685 0.255609 0.405200
5 0.308441 0.357598 0.324060 0.358045 0.322809 0.401777 0.307190 0.401330
1 0.336203 0.357503 0.350250 0.358171 0.348172 0.401872 0.334125 0.401204
1 0.359266 0.358422 0.373286 0.357334 0.376672 0.400953 0.362651 0.402041
1 0.387983 0.357258 0.401986 0.358554 0.397954 0.402117 0.383951 0.400821
5 0.410185 0.358783 0.425719 0.357097 0.430440 0.400592 0.414906 0.402278
0 0.406120 0.360304 0.482415 0.353911 0.486068 0.397509 0.409773 0.403901
1 0.468868 0.357169 0.482845 0.358724 0.478007 0.402206 0.464030 0.400651
0 0.462596 0.357649 0.537595 0.357977 0.537404 0.401726 0.462405 0.401398
1 0.519476 0.357205 0.533464 0.358652 0.528961 0.402170 0.514973 0.400723
5 0.541940 0.358245 0.559108 0.357429 0.561185 0.401130 0.544017 0.401946
5 0.572828 0.356008 0.589830 0.358526 0.583422 0.401804 0.566420 0.399287
7 0.583206 0.355916 0.626896 0.358206 0.624606 0.401896 0.580916 0.399606
1 0.623821 0.357693 0.637882 0.357939 0.637116 0.401682 0.623056 0.401436
0 0.617091 0.358610 0.692026 0.355490 0.693846 0.399203 0.618911 0.402322
7 0.661003 0.357748 0.704752 0.357878 0.704622 0.401627 0.660873 0.401497
1 0.699889 0.358760 0.713859 0.357152 0.718861 0.400615 0.704891 0.402223
0 0.696826 0.360062 0.771592 0.354137 0.775049 0.397750 0.700283 0.403676
0 0.237802 0.401081 0.261220 0.402056 0.260635 0.416106 0.237218 0.415132
0 0.260153 0.399453 0.283159 0.403931 0.280472 0.417734 0.257466 0.413257
0 0.288218 0.401266 0.311551 0.403485 0.310219 0.417484 0.286887 0.415265
0 0.314490 0.400895 0.337888 0.402253 0.337073 0.416292 0.313675 0.414934
0 0.332161 0.403565 0.355478 0.401194 0.356901 0.415185 0.333584 0.417556
0 0.356196 0.403976 0.379422 0.400839 0.381304 0.414774 0.358078 0.417911
0 0.379564 0.403358 0.402748 0.399919 0.404811 0.413830 0.381627 0.417268
0 0.408901 0.403203 0.432278 0.401521 0.433287 0.415547 0.409910 0.417229
0 0.430361 0.401327 0.453705 0.403417 0.452451 0.417423 0.429107 0.415333
0 0.448743 0.400788 0.471955 0.404035 0.470007 0.417962 0.446795 0.414715
0 0.464878 0.403775 0.488152 0.401011 0.489810 0.414975 0.466536 0.417739
0 0.481036 0.401932 0.504462 0.401200 0.504901 0.415256 0.481475 0.415988
0 0.503593 0.400836 0.526983 0.402317 0.526095 0.416351 0.502704 0.414870
0 0.523714 0.401121 0.547134 0.402014 0.546599 0.416066 0.523178 0.415173
0 0.545782 0.399808 0.568928 0.403492 0.566718 0.417380 0.543572 0.413695
0 0.566379 0.401218 0.589701 0.403538 0.588309 0.417532 0.564986 0.415212
0 0.592861 0.399570 0.615917 0.403784 0.613389 0.417617 0.590333 0.413404
0 0.619906 0.402289 0.643300 0.400862 0.644156 0.414898 0.620762 0.416326
0 0.649343 0.401017 0.672619 0.403767 0.670969 0.417733 0.647693 0.414983
0 0.667414 0.401198 0.690840 0.401934 0.690398 0.415990 0.666972 0.415253
0 0.682545 0.402028 0.705965 0.401108 0.706517 0.415159 0.683098 0.416080
0 0.702587 0.403331 0.725945 0.401404 0.727101 0.415419 0.703743 0.417346
0 0.725744 0.401231 0.749069 0.403524 0.747693 0.417519 0.724368 0.415226
5 0.227746 0.301715 0.244931 0.301416 0.245692 0.345160 0.228507 0.345459
0 0.223105 0.305196 0.297770 0.298124 0.301895 0.341679 0.227230 0.348751
5 0.281540 0.300922 0.298668 0.302355 0.295022 0.345953 0.277894 0.344520
0 0.276619 0.301465 0.353181 0.301661 0.353069 0.345410 0.276507 0.345214
0 0.303398 0.301092 0.379954 0.302036 0.379415 0.345783 0.302858 0.344839
5 0.358925 0.302087 0.376085 0.301109 0.378575 0.344788 0.361415 0.345766
5 0.384265 0.301934 0.401438 0.301228 0.403235 0.344941 0.386062 0.345647
1 0.417747 0.299823 0.431532 0.302604 0.422878 0.345490 0.409093 0.342708
1 0.438917 0.301610 0.452979 0.301516 0.453271 0.345265 0.439209 0.345359
0 0.435561 0.302208 0.508987 0.300924 0.509752 0.344667 0.436326 0.345951
7 0.478222 0.299937 0.521938 0.301660 0.520215 0.345376 0.476499 0.343653
7 0.501288 0.301890 0.544985 0.299726 0.547149 0.343422 0.503453 0.345587
8 0.542101 0.302163 0.556123 0.301090 0.559461 0.344712 0.545440 0.345785
0 0.538801 0.303497 0.615269 0.299682 0.617449 0.343378 0.540981 0.347193
0 0.569377 0.296252 0.645362 0.305640 0.639998 0.349060 0.564013 0.339672
0 0.594192 0.300822 0.669177 0.302311 0.668308 0.346053 0.593323 0.344564
5 0.646835 0.301903 0.664010 0.301253 0.665665 0.344972 0.648490 0.345622
7 0.660587 0.301919 0.704331 0.301212 0.705038 0.344956 0.661294 0.345663
0 0.669597 0.303577 0.744397 0.298102 0.747590 0.341736 0.672790 0.347210
0 0.698544 0.301380 0.773544 0.301745 0.773331 0.345495 0.698331 0.345130
8 0.752564 0.302363 0.766558 0.300976 0.770873 0.344512 0.756879 0.345899
8 0.202425 0.245845 0.216454 0.244882 0.219450 0.288530 0.205421 0.289493
8 0.229175 0.245484 0.243233 0.245153 0.244263 0.288891 0.230204 0.289222
5 0.257119 0.243638 0.272583 0.245876 0.266318 0.289175 0.250854 0.286937
1 0.280679 0.245794 0.294714 0.244916 0.297446 0.288581 0.283411 0.289459
5 0.306093 0.245671 0.321703 0.244995 0.323595 0.288704 0.307985 0.289380
0 0.305221 0.243641 0.380200 0.245434 0.379154 0.289171 0.304175 0.287379
7 0.344640 0.246089 0.388286 0.243077 0.391298 0.286724 0.347651 0.289735
7 0.370192 0.247136 0.413801 0.243630 0.417308 0.287239 0.373699 0.290745
5 0.414603 0.243608 0.431648 0.245818 0.426022 0.289205 0.408977 0.286995
5 0.437362 0.245663 0.452973 0.245001 0.454826 0.288712 0.439215 0.289374
1 0.469036 0.244636 0.483001 0.246295 0.477839 0.289739 0.463874 0.288080
1 0.496071 0.244549 0.509998 0.246499 0.503929 0.289826 0.490002 0.287876
1 0.513456 0.246539 0.527194 0.243534 0.536544 0.286273 0.522806 0.289279
1 0.545519 0.244821 0.559537 0.245944 0.556043 0.289554 0.542026 0.288431
1 0.568690 0.246237 0.582664 0.244663 0.587560 0.288138 0.573586 0.289712
8 0.599013 0.244922 0.613049 0.245786 0.610362 0.289453 0.596326 0.288589
0 0.596096 0.239886 0.670472 0.249540 0.664841 0.292926 0.590465 0.283272
1 0.650183 0.244826 0.664202 0.245935 0.660755 0.289549 0.646736 0.288440
0 0.644720 0.245579 0.719692 0.243500 0.720905 0.287233 0.645933 0.289312
0 0.672258 0.244669 0.747247 0.245962 0.746492 0.289706 0.671503 0.288413
1 0.731728 0.244599 0.745678 0.246377 0.740147 0.289776 0.726197 0.287998
1 0.754314 0.245436 0.768374 0.245195 0.769124 0.288939 0.755063 0.289180
7 0.763975 0.245435 0.807690 0.243663 0.809462 0.287377 0.765748 0.289150
3 0.000000 0.420886 0.039592 0.413819 0.064560 0.577552 0.018220 0.584618
3 0.935741 0.430610 0.991694 0.424837 1.000000 0.567828 0.950494 0.573601
6 0.960916 0.901584 0.984354 0.901541 0.984396 0.924979 0.960959 0.925021
6 0.975218 0.166973 1.000000 0.167405 1.000000 0.201777 0.974785 0.201345
6 0.023653 0.511952 0.076767 0.513052 0.076347 0.533360 0.023233 0.532260
6 0.956262 0.078094 0.996887 0.078156 0.996863 0.093781 0.956238 0.093719
