1 0.032846 0.036719 0.050576 0.042821 0.032779 0.094531 0.015049 0.088429
1 0.027517 0.042257 0.045434 0.036733 0.061546 0.088993 0.043628 0.094517
0 0.023702 0.073010 0.054940 0.073873 0.054423 0.092615 0.023185 0.091752
1 0.074774 0.036963 0.091211 0.041987 0.075226 0.094287 0.058789 0.089263
1 0.068297 0.043666 0.084171 0.037076 0.105140 0.087584 0.089266 0.094174
1 0.115111 0.036793 0.133239 0.041585 0.119264 0.094457 0.101136 0.089665
1 0.113516 0.041960 0.129961 0.036964 0.145859 0.089290 0.129414 0.094286
1 0.153978 0.037090 0.172458 0.040260 0.163210 0.094160 0.144730 0.090990
1 0.157403 0.040444 0.174270 0.037139 0.184785 0.090806 0.167918 0.094111
1 0.203581 0.036789 0.220850 0.044094 0.199544 0.094461 0.182275 0.087156
1 0.199258 0.040627 0.216079 0.037100 0.227305 0.090623 0.210483 0.094150
0 0.191955 0.073837 0.223195 0.073044 0.223670 0.091788 0.192430 0.092581
1 0.243132 0.036963 0.259499 0.042210 0.242805 0.094287 0.226438 0.089040
1 0.236899 0.043473 0.254398 0.036739 0.274039 0.087777 0.256540 0.094511
0 0.232635 0.075262 0.263685 0.071733 0.265802 0.090363 0.234752 0.093892
1 0.281966 0.036895 0.300265 0.040982 0.288347 0.094355 0.270047 0.090268
1 0.279628 0.043676 0.297053 0.036752 0.317247 0.087574 0.299822 0.094498
0 0.276161 0.074142 0.307380 0.072752 0.308214 0.091483 0.276995 0.092873
1 0.325759 0.037006 0.342416 0.041245 0.328929 0.094244 0.312272 0.090005
1 0.323293 0.041926 0.341316 0.036756 0.356394 0.089324 0.338371 0.094494
0 0.318186 0.073668 0.349373 0.071682 0.350564 0.090394 0.319377 0.092380
1 0.368213 0.036795 0.386344 0.041572 0.372412 0.094455 0.354281 0.089678
1 0.365268 0.042376 0.381582 0.036966 0.398794 0.088874 0.382480 0.094284
0 0.360528 0.074156 0.391746 0.072739 0.392597 0.091469 0.361379 0.092886
1 0.412687 0.036735 0.430210 0.043407 0.410750 0.094515 0.393228 0.087843
1 0.409326 0.041337 0.427526 0.036829 0.440674 0.089913 0.422474 0.094421
0 0.402574 0.073642 0.433765 0.071707 0.434926 0.090421 0.403735 0.092356
1 0.456749 0.036792 0.474007 0.044123 0.452626 0.094458 0.435368 0.087127
1 0.448171 0.043511 0.464100 0.037056 0.484641 0.087739 0.468713 0.094194
1 0.496195 0.036971 0.512709 0.041733 0.497555 0.094279 0.481041 0.089517
1 0.492140 0.041859 0.510184 0.036763 0.525048 0.089391 0.507004 0.094487
0 0.486623 0.071548 0.519357 0.073809 0.518065 0.092514 0.485330 0.090253
1 0.537389 0.036733 0.555304 0.042263 0.539174 0.094517 0.521258 0.088987
1 0.532754 0.043997 0.548509 0.037126 0.570371 0.087253 0.554616 0.094124
0 0.529319 0.074081 0.560543 0.072809 0.561306 0.091544 0.530082 0.092816
1 0.579144 0.036796 0.597276 0.041568 0.583356 0.094454 0.565224 0.089682
1 0.576199 0.042380 0.592512 0.036966 0.609738 0.088870 0.593426 0.094284
0 0.570201 0.073636 0.603011 0.073241 0.603237 0.091989 0.570427 0.092384
1 0.623579 0.036719 0.641285 0.042887 0.623296 0.094531 0.605590 0.088363
1 0.618536 0.041975 0.636544 0.036752 0.651777 0.089275 0.633769 0.094498
0 0.614211 0.073194 0.645457 0.073683 0.645164 0.092431 0.613918 0.091942
1 0.664962 0.036963 0.681337 0.042184 0.664726 0.094287 0.648350 0.089066
1 0.660551 0.042675 0.678330 0.036719 0.695699 0.088575 0.677920 0.094531
0 0.655510 0.074018 0.686647 0.071363 0.688240 0.090045 0.657103 0.092700
1 0.707721 0.036971 0.723989 0.042517 0.706341 0.094279 0.690073 0.088733
1 0.704342 0.041531 0.722485 0.036801 0.736283 0.089719 0.718140 0.094449
1 0.746124 0.036980 0.764516 0.040628 0.753876 0.094270 0.735484 0.090622
1 0.744685 0.042270 0.762599 0.036732 0.778752 0.088980 0.760839 0.094518
0 0.738685 0.075717 0.769627 0.071342 0.772252 0.089908 0.741310 0.094283
1 0.792271 0.036976 0.808505 0.042621 0.790541 0.094274 0.774308 0.088629
1 0.786787 0.042929 0.804479 0.036720 0.822588 0.088321 0.804896 0.094530
1 0.832633 0.036735 0.850562 0.042223 0.834554 0.094515 0.816626 0.089027
1 0.830781 0.041908 0.847242 0.036965 0.862969 0.089342 0.846508 0.094285
0 0.824664 0.074021 0.855893 0.072867 0.856586 0.091604 0.825357 0.092758
1 0.877721 0.036986 0.893896 0.042798 0.875404 0.094264 0.859229 0.088452
1 0.871400 0.042160 0.889349 0.036738 0.905162 0.089090 0.887213 0.094512
0 0.865378 0.075417 0.896394 0.071599 0.898685 0.090208 0.867669 0.094026
1 0.055125 0.110226 0.072398 0.117519 0.051125 0.167899 0.033852 0.160606
1 0.049300 0.115207 0.067371 0.110209 0.081950 0.162918 0.063879 0.167916
0 0.042061 0.147100 0.074870 0.146652 0.075127 0.165400 0.042317 0.165848
1 0.093805 0.110165 0.111689 0.115799 0.095258 0.167960 0.077374 0.162326
1 0.091507 0.115490 0.107924 0.110400 0.124118 0.162635 0.107701 0.167725
0 0.084282 0.147736 0.115369 0.144549 0.117281 0.163201 0.086194 0.166389
1 0.135175 0.110495 0.151936 0.114301 0.139825 0.167630 0.123064 0.163824
1 0.131136 0.117160 0.148544 0.110193 0.168864 0.160965 0.151456 0.167932
1 0.181358 0.110449 0.197426 0.116549 0.178017 0.167676 0.161949 0.161576
1 0.174356 0.115721 0.192265 0.110169 0.208457 0.162404 0.190548 0.167956
0 0.168451 0.149088 0.200985 0.144821 0.203424 0.163412 0.170890 0.167679
1 0.217960 0.110327 0.236251 0.114449 0.224228 0.167798 0.205936 0.163676
1 0.218729 0.114271 0.237068 0.110366 0.248458 0.163854 0.230119 0.167759
0 0.211337 0.146208 0.244122 0.147558 0.243350 0.166292 0.210566 0.164942
1 0.260366 0.110640 0.277290 0.113635 0.267759 0.167485 0.250835 0.164490
1 0.260451 0.115063 0.278566 0.110226 0.292674 0.163062 0.274559 0.167899
0 0.252905 0.148795 0.283934 0.145088 0.286158 0.163705 0.255129 0.167412
1 0.304297 0.110180 0.322266 0.115537 0.306640 0.167945 0.288672 0.162588
1 0.301409 0.116241 0.317582 0.110424 0.336091 0.161884 0.319918 0.167701
0 0.297250 0.145092 0.329855 0.148777 0.327750 0.167408 0.295145 0.163723
1 0.346405 0.110183 0.364388 0.115491 0.348907 0.167942 0.330924 0.162634
1 0.346508 0.113858 0.363380 0.110582 0.373805 0.164267 0.356932 0.167543
1 0.390178 0.110158 0.407843 0.116444 0.389509 0.167967 0.371844 0.161681
1 0.385300 0.116018 0.401547 0.110411 0.419388 0.162107 0.403141 0.167714
1 0.432541 0.110405 0.448843 0.115849 0.431522 0.167720 0.415219 0.162276
1 0.427843 0.116032 0.445650 0.110158 0.462782 0.162093 0.444975 0.167967
1 0.473138 0.110216 0.491229 0.115142 0.476862 0.167909 0.458771 0.162983
1 0.468336 0.117072 0.484221 0.110509 0.505102 0.161053 0.489216 0.167616
0 0.465642 0.146847 0.496892 0.146903 0.496858 0.165653 0.465608 0.165597
1 0.516836 0.110402 0.533295 0.115354 0.517539 0.167723 0.501080 0.162771
1 0.513662 0.115299 0.530138 0.110404 0.545713 0.162826 0.529237 0.167721
0 0.507289 0.147027 0.538485 0.145192 0.539586 0.163910 0.508390 0.165745
1 0.559872 0.110185 0.577322 0.117044 0.557315 0.167940 0.539865 0.161081
1 0.555636 0.115149 0.573725 0.110216 0.588114 0.162976 0.570025 0.167909
0 0.550290 0.145210 0.582922 0.148643 0.580960 0.167290 0.548328 0.163857
1 0.601810 0.110157 0.619494 0.116390 0.601315 0.167968 0.583631 0.161735
1 0.599268 0.114513 0.615972 0.110464 0.628857 0.163612 0.612153 0.167661
1 0.643827 0.110156 0.661547 0.116285 0.643673 0.167969 0.625953 0.161840
1 0.640135 0.114558 0.658396 0.110305 0.670802 0.163567 0.652541 0.167820
0 0.632335 0.146984 0.665101 0.145231 0.666102 0.163954 0.633337 0.165707
1 0.684193 0.110416 0.700753 0.115015 0.686120 0.167709 0.669559 0.163110
1 0.682488 0.114955 0.700636 0.110240 0.714387 0.163170 0.696239 0.167885
1 0.729777 0.110259 0.746939 0.117811 0.724910 0.167866 0.707749 0.160314
1 0.726144 0.114327 0.742898 0.110490 0.755106 0.163798 0.738352 0.167635
0 0.716485 0.149198 0.747178 0.143323 0.750703 0.161739 0.720010 0.167614
1 0.769590 0.110409 0.786112 0.115148 0.771035 0.167716 0.754513 0.162977
1 0.763392 0.116969 0.780869 0.110180 0.800671 0.161156 0.783193 0.167945
0 0.760218 0.147413 0.791362 0.144839 0.792907 0.163525 0.761763 0.166099
1 0.809016 0.110283 0.827243 0.114679 0.814421 0.167842 0.796194 0.163446
1 0.805618 0.116936 0.823108 0.110178 0.842819 0.161189 0.825329 0.167947
0 0.803466 0.146328 0.834697 0.147434 0.834034 0.166172 0.802803 0.165066
1 0.854560 0.110157 0.872323 0.116160 0.854815 0.167968 0.837052 0.161965
1 0.849609 0.115537 0.867578 0.110180 0.883203 0.162588 0.865235 0.167945
0 0.845303 0.146891 0.876553 0.146859 0.876572 0.165609 0.845322 0.165641
1 0.896540 0.110404 0.912855 0.115812 0.895647 0.167721 0.879333 0.162313
1 0.891762 0.116142 0.909531 0.110157 0.926988 0.161983 0.909219 0.167968
0 0.887134 0.147515 0.918358 0.146251 0.919116 0.164985 0.887892 0.166249
1 0.033839 0.183856 0.050040 0.189593 0.031786 0.241144 0.015585 0.235407
1 0.031025 0.187652 0.047808 0.183946 0.059600 0.237348 0.042817 0.241054
1 0.077010 0.183729 0.094077 0.191494 0.071427 0.241271 0.054361 0.233506
1 0.070089 0.189426 0.087910 0.183597 0.104911 0.235574 0.087090 0.241403
0 0.066780 0.216754 0.099066 0.222609 0.095720 0.241058 0.063434 0.235203
1 0.118808 0.183639 0.136176 0.190705 0.115567 0.241361 0.098199 0.234295
1 0.115207 0.187764 0.131961 0.183928 0.144168 0.237236 0.127414 0.241072
0 0.106038 0.222213 0.137072 0.218542 0.139274 0.237162 0.108240 0.240833
1 0.161052 0.183887 0.177119 0.189991 0.157698 0.241113 0.141631 0.235009
1 0.155806 0.188766 0.172272 0.183840 0.187944 0.236234 0.171478 0.241160
0 0.150544 0.218679 0.181746 0.220413 0.180706 0.239134 0.149504 0.237400
1 0.202737 0.183862 0.218909 0.189683 0.200388 0.241138 0.184216 0.235317
1 0.197856 0.188343 0.214449 0.183861 0.228707 0.236657 0.212114 0.241139
0 0.192289 0.220145 0.223537 0.220481 0.223336 0.239230 0.192088 0.238894
1 0.243301 0.183596 0.260966 0.189880 0.242637 0.241404 0.224971 0.235120
1 0.241603 0.187580 0.259975 0.183835 0.270897 0.237420 0.252525 0.241165
0 0.233337 0.218668 0.266103 0.220422 0.265100 0.239145 0.232335 0.237391
1 0.286118 0.183594 0.303816 0.189786 0.285757 0.241406 0.268059 0.235214
1 0.279466 0.190035 0.297077 0.183600 0.315847 0.234965 0.298236 0.241400
0 0.276893 0.219782 0.308125 0.220854 0.307482 0.239593 0.276250 0.238521
1 0.328038 0.183594 0.345793 0.189622 0.328212 0.241406 0.310457 0.235378
1 0.324439 0.188845 0.340881 0.183839 0.356811 0.236155 0.340369 0.241161
1 0.368244 0.183867 0.384856 0.188278 0.370819 0.241133 0.354207 0.236722
1 0.366841 0.188407 0.384985 0.183675 0.398784 0.236593 0.380640 0.241325
0 0.359322 0.221089 0.390425 0.218062 0.392241 0.236724 0.361138 0.239750
1 0.415615 0.184007 0.431355 0.190912 0.409385 0.240993 0.393645 0.234088
1 0.410428 0.187818 0.427167 0.183920 0.439572 0.237182 0.422833 0.241080
1 0.452685 0.183620 0.470662 0.188946 0.455128 0.241380 0.437150 0.236054
1 0.452963 0.187616 0.469756 0.183953 0.481412 0.237384 0.464619 0.241047
0 0.443459 0.222507 0.475998 0.218275 0.478416 0.236868 0.445877 0.241100
1 0.497293 0.183619 0.514762 0.190431 0.494894 0.241381 0.477425 0.234569
1 0.491550 0.189744 0.509262 0.183594 0.527200 0.235256 0.509488 0.241406
1 0.538535 0.183842 0.555024 0.188693 0.539590 0.241158 0.523101 0.236307
1 0.534091 0.189198 0.550422 0.183840 0.567471 0.235802 0.551141 0.241160
0 0.528110 0.221087 0.560782 0.218055 0.562515 0.236725 0.529843 0.239757
1 0.579055 0.183628 0.597068 0.188835 0.581882 0.241372 0.563870 0.236165
1 0.577447 0.188115 0.595675 0.183721 0.608491 0.236885 0.590263 0.241279
1 0.620031 0.183713 0.638246 0.188158 0.625282 0.241287 0.607066 0.236842
1 0.618597 0.188807 0.636619 0.183631 0.651715 0.236193 0.633694 0.241369
0 0.613362 0.220813 0.644511 0.218310 0.646013 0.236999 0.614864 0.239503
1 0.665343 0.183595 0.683138 0.189503 0.665907 0.241405 0.648112 0.235497
1 0.660285 0.189164 0.678192 0.183606 0.694403 0.235836 0.676495 0.241394
0 0.656450 0.219987 0.687693 0.220642 0.687300 0.239388 0.656057 0.238733
1 0.706928 0.183851 0.723476 0.188496 0.708697 0.241149 0.692149 0.236504
1 0.702892 0.188863 0.720896 0.183626 0.736170 0.236137 0.718166 0.241374
0 0.696590 0.222378 0.727586 0.218400 0.729972 0.236997 0.698977 0.240975
1 0.747961 0.183621 0.765945 0.188925 0.750477 0.241379 0.732492 0.236075
1 0.744944 0.189259 0.761255 0.183841 0.778494 0.235741 0.762182 0.241159
0 0.741194 0.218642 0.772392 0.220451 0.771306 0.239170 0.740108 0.237361
1 0.791834 0.183597 0.809478 0.189939 0.790979 0.241403 0.773334 0.235061
1 0.788959 0.188539 0.805494 0.183849 0.820416 0.236461 0.803881 0.241151
0 0.780965 0.220830 0.813761 0.219804 0.814348 0.238545 0.781551 0.239571
1 0.833875 0.183598 0.851714 0.189372 0.834875 0.241402 0.817036 0.235628
1 0.829619 0.188748 0.847659 0.183636 0.862568 0.236252 0.844528 0.241364
0 0.824281 0.220850 0.855425 0.218276 0.856969 0.236963 0.825825 0.239536
1 0.876146 0.183840 0.892476 0.189201 0.875416 0.241160 0.859087 0.235799
1 0.873208 0.188121 0.889864 0.183881 0.903355 0.236879 0.886698 0.241119
0 0.866712 0.220374 0.897918 0.218715 0.898913 0.237439 0.867707 0.239097
0 0.037775 0.240175 0.064322 0.241084 0.063787 0.256700 0.037240 0.255791
0 0.064330 0.240212 0.089316 0.241046 0.088795 0.256663 0.063809 0.255829
0 0.091286 0.238575 0.117497 0.242881 0.114964 0.258300 0.088753 0.253994
0 0.108716 0.238480 0.135128 0.241296 0.133472 0.256833 0.107059 0.254017
0 0.124804 0.240948 0.149796 0.240307 0.150196 0.255927 0.125204 0.256568
0 0.157789 0.240665 0.184352 0.240585 0.184398 0.256210 0.157836 0.256290
0 0.178926 0.238410 0.205074 0.243084 0.202324 0.258465 0.176176 0.253791
0 0.200098 0.240461 0.226658 0.240790 0.226465 0.256414 0.199904 0.256085
0 0.231209 0.240695 0.257771 0.240555 0.257854 0.256180 0.231291 0.256320
0 0.263681 0.241271 0.288649 0.240000 0.289444 0.255604 0.264476 0.256875
0 0.290181 0.241384 0.315137 0.239893 0.316069 0.255491 0.291113 0.256982
0 0.311107 0.240343 0.337664 0.240910 0.337330 0.256532 0.310774 0.255965
0 0.331055 0.242595 0.357347 0.238814 0.359570 0.254280 0.333278 0.258061
0 0.350331 0.240087 0.376871 0.241176 0.376231 0.256788 0.349691 0.255699
0 0.378657 0.238733 0.404922 0.242692 0.402593 0.258142 0.376328 0.254183
0 0.395945 0.238610 0.422168 0.242840 0.419680 0.258265 0.393457 0.254035
0 0.413841 0.245202 0.439054 0.236842 0.443971 0.251673 0.418759 0.260033
0 0.436831 0.238303 0.462935 0.243217 0.460044 0.258572 0.433940 0.253658
0 0.450190 0.240311 0.476745 0.240944 0.476373 0.256564 0.449818 0.255931
0 0.480579 0.238572 0.505440 0.241202 0.503796 0.256740 0.478935 0.254111
0 0.508302 0.238785 0.534585 0.242629 0.532323 0.258090 0.506040 0.254246
0 0.534633 0.240202 0.561182 0.241056 0.560679 0.256673 0.534131 0.255819
0 0.559255 0.242413 0.585594 0.238969 0.587620 0.254462 0.561281 0.257906
0 0.593611 0.240852 0.618607 0.240401 0.618889 0.256023 0.593893 0.256474
0 0.614964 0.241096 0.641414 0.238658 0.642848 0.254217 0.616398 0.256655
0 0.634192 0.242565 0.660491 0.238839 0.662683 0.254310 0.636384 0.258036
0 0.659051 0.241169 0.684028 0.240095 0.684699 0.255706 0.659722 0.256780
0 0.681496 0.240222 0.708046 0.241036 0.707567 0.256653 0.681017 0.255839
0 0.702398 0.241239 0.728822 0.238530 0.730415 0.254074 0.703991 0.256782
0 0.737563 0.240519 0.764125 0.240732 0.763999 0.256356 0.737438 0.256143
0 0.757166 0.238540 0.782020 0.241239 0.780334 0.256772 0.755480 0.254074
0 0.788652 0.243151 0.814778 0.238356 0.817598 0.253724 0.791472 0.258519
0 0.817207 0.240594 0.842207 0.240656 0.842168 0.256281 0.817168 0.256219
0 0.841683 0.240772 0.868183 0.238952 0.869254 0.254540 0.842754 0.256361
0 0.866896 0.242834 0.893121 0.238614 0.895604 0.254041 0.869379 0.258261
0 0.896509 0.243030 0.922674 0.238454 0.925366 0.253845 0.899201 0.258421
0 0.931629 0.238923 0.957955 0.242466 0.955871 0.257952 0.929545 0.254409
1 0.054254 0.257297 0.070435 0.263093 0.051996 0.314578 0.035815 0.308782
1 0.048425 0.262443 0.064818 0.257275 0.081262 0.309432 0.064870 0.314600
0 0.043807 0.293655 0.075057 0.293845 0.074943 0.312595 0.043693 0.312405
1 0.095474 0.257047 0.113003 0.263703 0.093588 0.314828 0.076060 0.308172
1 0.090412 0.262855 0.108235 0.257034 0.125213 0.309020 0.107390 0.314841
0 0.085604 0.294329 0.116833 0.293183 0.117521 0.311921 0.086292 0.313067
1 0.133818 0.257177 0.152075 0.261448 0.139619 0.314698 0.121362 0.310427
1 0.133751 0.262030 0.151839 0.257090 0.166249 0.309845 0.148161 0.314785
0 0.127891 0.294151 0.159131 0.293355 0.159609 0.312099 0.128369 0.312895
1 0.179336 0.257034 0.196980 0.263379 0.178477 0.314841 0.160832 0.308496
1 0.174967 0.262720 0.192836 0.257039 0.209408 0.309155 0.191539 0.314836
1 0.219894 0.257056 0.237868 0.262396 0.222293 0.314819 0.204320 0.309479
1 0.215368 0.263501 0.232968 0.257038 0.251820 0.308374 0.234219 0.314837
0 0.210936 0.296297 0.241549 0.290022 0.245314 0.308390 0.214701 0.314665
1 0.265888 0.257089 0.283205 0.264278 0.262237 0.314786 0.244920 0.307597
1 0.260448 0.261721 0.277058 0.257304 0.291115 0.310154 0.274505 0.314571
0 0.253606 0.292173 0.286379 0.293787 0.285457 0.312514 0.252684 0.310901
1 0.305858 0.257034 0.323511 0.263353 0.305080 0.314841 0.287427 0.308522
1 0.302419 0.261570 0.320642 0.257155 0.333518 0.310305 0.315296 0.314720
1 0.345814 0.257334 0.362508 0.261423 0.349499 0.314541 0.332805 0.310452
1 0.346110 0.261124 0.364454 0.257246 0.375765 0.310751 0.357421 0.314629
0 0.339304 0.293358 0.370544 0.294148 0.370071 0.312892 0.338831 0.312102
1 0.390417 0.257276 0.406850 0.262310 0.390833 0.314599 0.374400 0.309565
1 0.385182 0.263274 0.402863 0.257032 0.421068 0.308601 0.403387 0.314843
0 0.379556 0.295473 0.410627 0.292134 0.412631 0.310777 0.381560 0.314116
1 0.433001 0.257032 0.450698 0.263229 0.432624 0.314843 0.414927 0.308646
1 0.430885 0.260732 0.447758 0.257457 0.458177 0.311143 0.441305 0.314418
0 0.421736 0.295584 0.454355 0.292026 0.456389 0.310666 0.423770 0.314224
1 0.472920 0.257106 0.491048 0.261895 0.477080 0.314769 0.458952 0.309980
1 0.470042 0.262899 0.487851 0.257033 0.504958 0.308976 0.487149 0.314842
0 0.465228 0.294446 0.496448 0.293073 0.497272 0.311804 0.466052 0.313177
1 0.514557 0.257335 0.531252 0.261420 0.518255 0.314540 0.501560 0.310455
1 0.513409 0.261826 0.529989 0.257296 0.544404 0.310049 0.527824 0.314579
1 0.559118 0.257032 0.576908 0.262955 0.559632 0.314843 0.541842 0.308920
1 0.556190 0.261948 0.572734 0.257288 0.587560 0.309927 0.571016 0.314587
0 0.549308 0.294233 0.580460 0.291763 0.581942 0.310455 0.550790 0.312924
1 0.599060 0.257140 0.617256 0.261663 0.604065 0.314735 0.585869 0.310212
1 0.596746 0.263097 0.612926 0.257298 0.631379 0.308778 0.615199 0.314577
0 0.590330 0.295838 0.621320 0.291817 0.623733 0.310412 0.592742 0.314433
1 0.641457 0.257315 0.658103 0.261596 0.644480 0.314560 0.627834 0.310279
1 0.638985 0.262192 0.657023 0.257073 0.671953 0.309683 0.653915 0.314802
0 0.635360 0.290513 0.666179 0.295682 0.663078 0.314174 0.632258 0.309005
1 0.686140 0.257032 0.703833 0.263237 0.685735 0.314843 0.668042 0.308638
1 0.682210 0.262311 0.698643 0.257276 0.714665 0.309564 0.698232 0.314599
1 0.727843 0.257036 0.745472 0.263422 0.726845 0.314839 0.709216 0.308453
1 0.723172 0.262895 0.740982 0.257033 0.758078 0.308980 0.740268 0.314842
0 0.718698 0.293838 0.749947 0.293662 0.750052 0.312412 0.718803 0.312588
1 0.767944 0.257128 0.786119 0.261736 0.772681 0.314747 0.754506 0.310139
1 0.765034 0.263145 0.782760 0.257031 0.800591 0.308730 0.782865 0.314844
0 0.761264 0.293227 0.792496 0.294284 0.791861 0.313023 0.760629 0.311966
1 0.812633 0.257032 0.830341 0.263194 0.812367 0.314843 0.794659 0.308681
1 0.809319 0.261654 0.827518 0.257141 0.840681 0.310221 0.822482 0.314734
0 0.801103 0.296227 0.831992 0.291490 0.834834 0.310023 0.803945 0.314760
1 0.850784 0.257542 0.867730 0.260415 0.858591 0.314333 0.841645 0.311460
1 0.849768 0.263176 0.865921 0.257303 0.884607 0.308699 0.868454 0.314572
0 0.846064 0.291470 0.878530 0.296228 0.875811 0.314780 0.843345 0.310022
1 0.896789 0.257031 0.914543 0.263059 0.896961 0.314844 0.879207 0.308816
1 0.893673 0.261180 0.912003 0.257233 0.923515 0.310695 0.905185 0.314642
0 0.037465 0.314873 0.063849 0.311794 0.065660 0.327314 0.039276 0.330393
0 0.070316 0.314056 0.096879 0.314069 0.096871 0.329694 0.070309 0.329681
0 0.107109 0.311780 0.133229 0.316605 0.130391 0.331970 0.104271 0.327145
0 0.130263 0.312376 0.156761 0.314224 0.155674 0.329811 0.129176 0.327963
0 0.164889 0.311817 0.191025 0.316559 0.188236 0.331933 0.162100 0.327191
0 0.182803 0.314077 0.207803 0.314048 0.207822 0.329673 0.182822 0.329702
0 0.199336 0.314461 0.224231 0.312168 0.225664 0.327727 0.200769 0.330020
0 0.220140 0.310417 0.245980 0.316570 0.242360 0.331770 0.216520 0.325617
0 0.234022 0.316432 0.260199 0.311920 0.262853 0.327318 0.236676 0.331830
0 0.253200 0.313937 0.279761 0.314189 0.279613 0.329813 0.253052 0.329561
0 0.274937 0.310304 0.300713 0.316721 0.296938 0.331884 0.271162 0.325466
0 0.288652 0.314807 0.315174 0.313342 0.316036 0.328943 0.289514 0.330408
0 0.309158 0.318619 0.334382 0.310293 0.339280 0.325131 0.314056 0.333457
0 0.342496 0.312451 0.368847 0.315798 0.366879 0.331299 0.340528 0.327952
0 0.355876 0.314737 0.382405 0.313408 0.383187 0.329013 0.356658 0.330342
0 0.391728 0.310724 0.417726 0.316171 0.414522 0.331464 0.388524 0.326017
0 0.414682 0.312368 0.439612 0.314238 0.438443 0.329819 0.413513 0.327949
0 0.446994 0.313863 0.473554 0.314263 0.473318 0.329887 0.446759 0.329487
0 0.476151 0.314808 0.502673 0.313341 0.503536 0.328942 0.477014 0.330409
0 0.510518 0.316612 0.536636 0.311774 0.539482 0.327138 0.513364 0.331976
0 0.532561 0.314480 0.557547 0.313653 0.558064 0.329270 0.533078 0.330097
0 0.555661 0.310231 0.579756 0.316897 0.575589 0.331956 0.551494 0.325291
0 0.587858 0.312482 0.612640 0.315779 0.610579 0.331268 0.585798 0.327971
0 0.618116 0.314476 0.644576 0.312147 0.645946 0.327712 0.619486 0.330041
0 0.647571 0.312265 0.672484 0.314352 0.671179 0.329922 0.646266 0.327835
0 0.660992 0.313970 0.687554 0.314155 0.687445 0.329780 0.660884 0.329595
0 0.681381 0.313844 0.707940 0.314283 0.707681 0.329906 0.681123 0.329467
0 0.702606 0.314239 0.729102 0.312362 0.730206 0.327948 0.703710 0.329825
0 0.734048 0.316210 0.758712 0.312125 0.761265 0.327540 0.736601 0.331625
0 0.755498 0.314729 0.781912 0.311921 0.783564 0.327458 0.757151 0.330267
0 0.783621 0.312117 0.808505 0.314518 0.807004 0.330071 0.782120 0.327669
0 0.813474 0.314382 0.839949 0.312232 0.841214 0.327805 0.814739 0.329956
0 0.832909 0.313900 0.859470 0.314226 0.859278 0.329850 0.832718 0.329524
0 0.857987 0.313790 0.882981 0.314339 0.882638 0.329960 0.857644 0.329411
0 0.889667 0.312081 0.915903 0.316237 0.913458 0.331669 0.887222 0.327513
0 0.913574 0.316024 0.939626 0.310839 0.942676 0.326163 0.916624 0.331349
1 0.034579 0.330523 0.051911 0.337677 0.031046 0.388227 0.013714 0.381073
1 0.026434 0.337149 0.042402 0.330792 0.062629 0.381601 0.046660 0.387958
1 0.074744 0.330474 0.092367 0.336876 0.073694 0.388276 0.056071 0.381874
1 0.068542 0.336899 0.086157 0.330474 0.104895 0.381851 0.087280 0.388276
0 0.065361 0.367643 0.096598 0.366740 0.097139 0.385482 0.065902 0.386385
1 0.116822 0.330471 0.134634 0.336327 0.117553 0.388279 0.099741 0.382423
1 0.113543 0.335397 0.131652 0.330536 0.145832 0.383353 0.127723 0.388214
0 0.108688 0.365082 0.139819 0.367802 0.138187 0.386481 0.107056 0.383760
1 0.156971 0.330514 0.175021 0.335590 0.160217 0.388236 0.142167 0.383160
1 0.156093 0.335157 0.174272 0.330568 0.187657 0.383593 0.169478 0.388182
0 0.150332 0.366655 0.181563 0.367731 0.180918 0.386470 0.149687 0.385394
1 0.198065 0.330597 0.216294 0.334984 0.203498 0.388153 0.185268 0.383766
1 0.196292 0.336290 0.212553 0.330722 0.230270 0.382460 0.214010 0.388028
0 0.190134 0.369109 0.222536 0.363938 0.225491 0.382454 0.193089 0.387625
1 0.242191 0.330479 0.260084 0.336081 0.243747 0.388271 0.225853 0.382669
1 0.236954 0.337176 0.254470 0.330486 0.273983 0.381574 0.256468 0.388264
0 0.234678 0.366699 0.265913 0.367685 0.265322 0.386426 0.234087 0.385440
1 0.285862 0.330713 0.302273 0.335823 0.286013 0.388037 0.269602 0.382927
1 0.280897 0.336399 0.298685 0.330470 0.315978 0.382351 0.298190 0.388280
0 0.276689 0.366981 0.307936 0.367396 0.307686 0.386144 0.276439 0.385729
1 0.327531 0.330713 0.343894 0.335974 0.327156 0.388037 0.310793 0.382776
1 0.322768 0.336051 0.340672 0.330481 0.356919 0.382699 0.339016 0.388269
0 0.317885 0.365280 0.350616 0.367579 0.349303 0.386282 0.316571 0.383984
1 0.368089 0.330505 0.386107 0.335693 0.370973 0.388245 0.352955 0.383057
1 0.366808 0.335304 0.384945 0.330548 0.398817 0.383446 0.380680 0.388202
0 0.359241 0.368917 0.390311 0.365566 0.392322 0.384208 0.361252 0.387559
1 0.410762 0.330729 0.427322 0.335332 0.412676 0.388021 0.396116 0.383418
1 0.409294 0.335399 0.425834 0.330725 0.440706 0.383351 0.424166 0.388025
0 0.402506 0.367524 0.433679 0.365334 0.434994 0.384038 0.403821 0.386228
1 0.453982 0.330713 0.470365 0.335909 0.453831 0.388037 0.437448 0.382841
1 0.449766 0.336308 0.467585 0.330471 0.484609 0.382442 0.466790 0.388279
1 0.496130 0.330713 0.512520 0.335887 0.496058 0.388037 0.479667 0.382863
1 0.491418 0.336125 0.509297 0.330477 0.525770 0.382625 0.507891 0.388273
0 0.488005 0.365613 0.519213 0.367225 0.518245 0.385950 0.487037 0.384338
1 0.539304 0.330470 0.556989 0.336699 0.538821 0.388280 0.521136 0.382051
1 0.535632 0.335547 0.552127 0.330718 0.567493 0.383203 0.550998 0.388032
0 0.530234 0.365550 0.561435 0.367291 0.560391 0.386012 0.529190 0.384271
1 0.580675 0.330474 0.598529 0.336202 0.581825 0.388276 0.563971 0.382548
1 0.576322 0.336042 0.592663 0.330714 0.609615 0.382708 0.593275 0.388036
0 0.572359 0.365346 0.603374 0.369170 0.601079 0.387779 0.570064 0.383955
1 0.621272 0.330550 0.639414 0.335285 0.625603 0.388200 0.607461 0.383465
1 0.620200 0.334924 0.636876 0.330764 0.650113 0.383826 0.633436 0.387986
0 0.613822 0.367601 0.645061 0.366780 0.645553 0.385524 0.614314 0.386345
1 0.665852 0.330470 0.683540 0.336690 0.665398 0.388280 0.647710 0.382060
1 0.662079 0.335331 0.680208 0.330544 0.694171 0.383419 0.676042 0.388206
0 0.655777 0.367243 0.686984 0.365595 0.687973 0.384319 0.656766 0.385967
1 0.707848 0.330724 0.724092 0.336343 0.706214 0.388026 0.689971 0.382407
1 0.704403 0.335030 0.721049 0.330753 0.734660 0.383720 0.718013 0.387997
0 0.698228 0.367545 0.729470 0.366835 0.729897 0.385580 0.698655 0.386290
1 0.747791 0.330504 0.765806 0.335702 0.750646 0.388246 0.732631 0.383048
1 0.746363 0.335687 0.762816 0.330714 0.778637 0.383063 0.762184 0.388036
1 0.791690 0.330473 0.809529 0.336248 0.792685 0.388277 0.774846 0.382502
1 0.785715 0.336911 0.803326 0.330475 0.822098 0.381839 0.804487 0.388275
0 0.782666 0.367437 0.813912 0.366941 0.814209 0.385688 0.782963 0.386184
1 0.834613 0.330470 0.852299 0.336697 0.834137 0.388280 0.816451 0.382053
1 0.829671 0.335587 0.847722 0.330515 0.862516 0.383163 0.844465 0.388235
1 0.876921 0.330491 0.894404 0.337267 0.874641 0.388259 0.857158 0.381483
1 0.874623 0.334334 0.893025 0.330742 0.903502 0.384416 0.885100 0.388008
0 0.868062 0.363972 0.900476 0.369068 0.897563 0.387591 0.865149 0.382494
0 0.039466 0.385768 0.065782 0.389377 0.063659 0.404857 0.037343 0.401248
0 0.060662 0.389668 0.086900 0.385523 0.089338 0.400957 0.063100 0.405102
0 0.087304 0.387844 0.113857 0.387161 0.114259 0.402781 0.087705 0.403464
0 0.111287 0.385837 0.137623 0.389296 0.135588 0.404788 0.109252 0.401329
0 0.140482 0.389343 0.166807 0.385797 0.168893 0.401282 0.142568 0.404828
0 0.169473 0.385603 0.195936 0.387892 0.194590 0.403459 0.168126 0.401170
0 0.186675 0.385582 0.213135 0.387915 0.211762 0.403480 0.185303 0.401147
0 0.208313 0.386750 0.233267 0.388279 0.232312 0.403875 0.207358 0.402346
0 0.235520 0.388257 0.262041 0.386768 0.262917 0.402368 0.236396 0.403857
0 0.272779 0.384336 0.298442 0.391193 0.294408 0.406289 0.268746 0.399432
0 0.304843 0.387256 0.329838 0.387747 0.329532 0.403369 0.304537 0.402878
0 0.336274 0.385853 0.362615 0.389278 0.360601 0.404772 0.334260 0.401347
0 0.354333 0.388138 0.380865 0.386880 0.381605 0.402487 0.355072 0.403745
0 0.378512 0.386877 0.405044 0.388141 0.404301 0.403748 0.377768 0.402484
0 0.410899 0.387566 0.437461 0.387434 0.437539 0.403059 0.410976 0.403191
0 0.438435 0.387901 0.464897 0.385596 0.466253 0.401162 0.439791 0.403467
0 0.457097 0.388087 0.483527 0.385429 0.485090 0.400976 0.458661 0.403633
0 0.477738 0.388199 0.504264 0.386822 0.505075 0.402426 0.478548 0.403803
0 0.507989 0.387208 0.534545 0.387796 0.534199 0.403417 0.507643 0.402829
0 0.523325 0.387695 0.549884 0.387307 0.550113 0.402930 0.523553 0.403318
0 0.552590 0.384245 0.578627 0.389502 0.575535 0.404818 0.549498 0.399561
0 0.571373 0.387642 0.597874 0.385832 0.598939 0.401420 0.572438 0.403231
0 0.598381 0.391387 0.623952 0.384197 0.628181 0.399238 0.602610 0.406428
0 0.622754 0.390060 0.648572 0.383815 0.652246 0.399002 0.626428 0.405247
0 0.652577 0.389636 0.678564 0.384139 0.681798 0.399426 0.655811 0.404923
0 0.677957 0.383850 0.703794 0.390014 0.700168 0.405212 0.674331 0.399049
0 0.699786 0.387854 0.724776 0.387152 0.725214 0.402771 0.700224 0.403473
0 0.728051 0.387628 0.754612 0.387373 0.754762 0.402997 0.728201 0.403252
0 0.759954 0.385550 0.786200 0.389636 0.783796 0.405075 0.757550 0.400989
0 0.780626 0.384303 0.806267 0.391239 0.802187 0.406322 0.776546 0.399386
0 0.805724 0.387691 0.832218 0.385787 0.833338 0.401372 0.806844 0.403276
0 0.826450 0.387694 0.853010 0.387308 0.853237 0.402931 0.826677 0.403317
0 0.846479 0.388216 0.873004 0.386806 0.873833 0.402409 0.847308 0.403819
0 0.879488 0.389479 0.905778 0.385682 0.908012 0.401146 0.881722 0.404943
0 0.896248 0.387899 0.922710 0.385597 0.924065 0.401163 0.897602 0.403466
0 0.918631 0.389286 0.944970 0.385846 0.946994 0.401339 0.920655 0.404779
1 0.050550 0.404021 0.068758 0.408498 0.055700 0.461604 0.037492 0.457127
1 0.049911 0.408062 0.068239 0.404106 0.079776 0.457563 0.061448 0.461519
1 0.095009 0.403910 0.112642 0.410283 0.094054 0.461715 0.076420 0.455342
1 0.090002 0.409455 0.107916 0.403920 0.124060 0.456170 0.106146 0.461705
1 0.132254 0.404253 0.150717 0.407522 0.141183 0.461372 0.122721 0.458103
1 0.135779 0.407221 0.154309 0.404358 0.162658 0.458404 0.144128 0.461267
0 0.128171 0.440549 0.159420 0.440701 0.159329 0.459451 0.128080 0.459299
1 0.179870 0.403907 0.197568 0.410100 0.179505 0.461718 0.161807 0.455525
1 0.174766 0.409475 0.191109 0.404152 0.208046 0.456150 0.191704 0.461473
0 0.170727 0.439967 0.201948 0.441300 0.201148 0.460033 0.169927 0.458700
1 0.223381 0.404190 0.239484 0.410197 0.220369 0.461435 0.204266 0.455428
1 0.216759 0.409314 0.234719 0.403928 0.250428 0.456311 0.232469 0.461697
1 0.262160 0.404172 0.278745 0.408680 0.264403 0.461453 0.247817 0.456945
1 0.262095 0.407787 0.280494 0.404175 0.291030 0.457838 0.272631 0.461450
0 0.254194 0.440721 0.285396 0.438996 0.286431 0.457717 0.255229 0.459442
1 0.304033 0.403991 0.322184 0.408694 0.308467 0.461634 0.290316 0.456931
1 0.302382 0.408469 0.320598 0.404026 0.333556 0.457156 0.315340 0.461599
0 0.296745 0.440844 0.327992 0.440408 0.328255 0.459156 0.297008 0.459592
1 0.346844 0.403918 0.364745 0.409498 0.348468 0.461707 0.330568 0.456127
1 0.345110 0.408417 0.361771 0.404196 0.375203 0.457208 0.358542 0.461429
0 0.338525 0.440804 0.369718 0.438918 0.370850 0.457634 0.339657 0.459519
1 0.392492 0.404211 0.408518 0.410421 0.388758 0.461414 0.372732 0.455204
1 0.388733 0.407588 0.405610 0.404337 0.415955 0.458037 0.399078 0.461288
1 0.432230 0.403912 0.450085 0.409634 0.433395 0.461713 0.415540 0.455991
1 0.425885 0.410724 0.443361 0.403930 0.463177 0.454901 0.445702 0.461695
1 0.475050 0.404162 0.491290 0.409789 0.473387 0.461463 0.457147 0.455836
1 0.472793 0.407927 0.491156 0.404138 0.502207 0.457698 0.483844 0.461487
1 0.517279 0.403906 0.534997 0.410044 0.517096 0.461719 0.499378 0.455581
1 0.513861 0.408624 0.532033 0.404002 0.545514 0.457001 0.527342 0.461623
1 0.559456 0.403906 0.577176 0.410037 0.559294 0.461719 0.541574 0.455588
1 0.557074 0.408267 0.573777 0.404213 0.586676 0.457358 0.569973 0.461412
0 0.550536 0.438716 0.581533 0.442685 0.579151 0.461284 0.548155 0.457315
1 0.601529 0.404150 0.617932 0.409284 0.601596 0.461475 0.585193 0.456341
1 0.597946 0.408598 0.614555 0.404178 0.628617 0.457027 0.612007 0.461447
0 0.592688 0.439057 0.623897 0.440655 0.622937 0.459381 0.591728 0.457782
1 0.643171 0.403912 0.661026 0.409637 0.644329 0.461713 0.626474 0.455988
1 0.638954 0.409386 0.655325 0.404150 0.671983 0.456239 0.655613 0.461475
0 0.634556 0.438331 0.667221 0.441441 0.665444 0.460106 0.632779 0.456997
1 0.685953 0.404161 0.702200 0.409768 0.684359 0.461464 0.668112 0.455857
1 0.682166 0.408696 0.698747 0.404171 0.713146 0.456929 0.696565 0.461454
0 0.674950 0.441395 0.706054 0.438380 0.707863 0.457043 0.676758 0.460057
1 0.726508 0.403918 0.744413 0.409484 0.728179 0.461707 0.710274 0.456141
1 0.724255 0.408988 0.742317 0.403956 0.756995 0.456637 0.738933 0.461669
0 0.716493 0.443113 0.748714 0.436913 0.752257 0.455325 0.720036 0.461525
1 0.770025 0.403910 0.787655 0.410294 0.769038 0.461715 0.751407 0.455331
1 0.767123 0.408535 0.785320 0.404015 0.798502 0.457090 0.780305 0.461610
1 0.814130 0.404196 0.830207 0.410274 0.810870 0.461429 0.794793 0.455351
1 0.807495 0.410116 0.823626 0.404183 0.842505 0.455509 0.826374 0.461442
0 0.803173 0.440545 0.834423 0.440705 0.834327 0.459455 0.803077 0.459295
1 0.852312 0.404004 0.870488 0.408607 0.857063 0.461621 0.838887 0.457018
1 0.849793 0.409158 0.867802 0.403940 0.883020 0.456467 0.865010 0.461685
0 0.844625 0.441099 0.875778 0.438646 0.877250 0.457338 0.846097 0.459791
1 0.891698 0.404242 0.910153 0.407556 0.900490 0.461383 0.882035 0.458069
1 0.892973 0.408781 0.909529 0.404165 0.924215 0.456844 0.907658 0.461460
0 0.887309 0.440952 0.918552 0.440302 0.918941 0.459048 0.887698 0.459698
1 0.032342 0.477591 0.048821 0.482475 0.033283 0.534909 0.016804 0.530025
1 0.027636 0.483097 0.043919 0.477594 0.061427 0.529403 0.045144 0.534906
1 0.075143 0.477603 0.091365 0.483282 0.073294 0.534897 0.057072 0.529218
1 0.070233 0.482506 0.088270 0.477385 0.103205 0.529994 0.085168 0.535115
1 0.118487 0.477617 0.134634 0.483509 0.115888 0.534883 0.099741 0.528991
1 0.113856 0.482064 0.132027 0.477439 0.145519 0.530436 0.127348 0.535061
0 0.106045 0.515947 0.137082 0.512306 0.139267 0.530928 0.108230 0.534569
1 0.159172 0.477593 0.175462 0.483076 0.158015 0.534907 0.141726 0.529424
1 0.152824 0.483850 0.170412 0.477352 0.189364 0.528650 0.171776 0.535148
1 0.201119 0.477590 0.217454 0.482936 0.200443 0.534910 0.184108 0.529564
1 0.196106 0.483598 0.213783 0.477345 0.232019 0.528902 0.214342 0.535155
0 0.189975 0.514525 0.222697 0.512090 0.224088 0.530788 0.191366 0.533223
1 0.245848 0.477420 0.263096 0.484772 0.241652 0.535080 0.224404 0.527728
1 0.238715 0.482994 0.255031 0.477591 0.272223 0.529506 0.255906 0.534909
1 0.284156 0.477399 0.302233 0.482375 0.287719 0.535101 0.269642 0.530125
1 0.282473 0.482445 0.298961 0.477592 0.314402 0.530055 0.297914 0.534908
0 0.274801 0.514420 0.307605 0.513709 0.308012 0.532455 0.275207 0.533166
1 0.326170 0.477612 0.342764 0.482089 0.328517 0.534888 0.311923 0.530411
1 0.322687 0.482986 0.340570 0.477353 0.357001 0.529514 0.339117 0.535147
0 0.318895 0.513824 0.350142 0.514303 0.349855 0.533051 0.318608 0.532572
1 0.368119 0.477622 0.384749 0.481961 0.370944 0.534878 0.354313 0.530539
1 0.366878 0.482132 0.385029 0.477429 0.398747 0.530368 0.380596 0.535071
0 0.361548 0.512331 0.392738 0.514267 0.391577 0.532981 0.360387 0.531045
1 0.410606 0.477609 0.427191 0.482122 0.412831 0.534891 0.396247 0.530378
1 0.407419 0.483305 0.425196 0.477344 0.442581 0.529195 0.424804 0.535156
0 0.403246 0.513863 0.434494 0.514263 0.434254 0.533012 0.403006 0.532612
1 0.452394 0.477383 0.470424 0.482528 0.455419 0.535117 0.437389 0.529972
1 0.450890 0.481861 0.469119 0.477471 0.481922 0.530639 0.463693 0.535029
1 0.496727 0.477588 0.513151 0.482657 0.497023 0.534912 0.480599 0.529843
1 0.491602 0.482865 0.509525 0.477359 0.525586 0.529635 0.507662 0.535141
1 0.537325 0.477360 0.555253 0.482851 0.539238 0.535140 0.521310 0.529649
1 0.535254 0.482157 0.551828 0.477607 0.566308 0.530343 0.549734 0.534893
1 0.578777 0.477638 0.595449 0.481814 0.582161 0.534862 0.565488 0.530686
1 0.577980 0.482316 0.594507 0.477598 0.609520 0.530184 0.592993 0.534902
0 0.572500 0.512042 0.603465 0.516254 0.600938 0.534833 0.569973 0.530621
1 0.621063 0.477388 0.639108 0.482482 0.624249 0.535112 0.606205 0.530018
1 0.617005 0.484067 0.632958 0.477672 0.653307 0.528433 0.637354 0.534828
0 0.612268 0.514482 0.645069 0.513649 0.645545 0.532393 0.612743 0.533226
1 0.665071 0.477593 0.681564 0.482428 0.666179 0.534907 0.649686 0.530072
1 0.661989 0.481759 0.680247 0.477490 0.692698 0.530741 0.674441 0.535010
0 0.657298 0.510752 0.688090 0.516085 0.684890 0.534560 0.654098 0.529227
1 0.705798 0.477370 0.723778 0.482689 0.708264 0.535130 0.690284 0.529811
1 0.702699 0.483638 0.718802 0.477627 0.737926 0.528862 0.721823 0.534873
0 0.698282 0.514326 0.729528 0.513801 0.729843 0.532549 0.698597 0.533074
1 0.748323 0.477392 0.766382 0.482434 0.751677 0.535108 0.733618 0.530066
1 0.744921 0.482725 0.762889 0.477367 0.778516 0.529775 0.760548 0.535133
1 0.792321 0.477344 0.810030 0.483507 0.792054 0.535156 0.774345 0.528993
1 0.788323 0.481904 0.806540 0.477464 0.819489 0.530596 0.801273 0.535036
0 0.780882 0.514738 0.813667 0.513403 0.814430 0.532137 0.781645 0.533472
1 0.832720 0.477357 0.850632 0.482899 0.834467 0.535143 0.816555 0.529601
1 0.829482 0.483162 0.847308 0.477347 0.864268 0.529338 0.846442 0.535153
0 0.825407 0.513416 0.856629 0.514726 0.855843 0.533459 0.824621 0.532149
1 0.874573 0.477657 0.891288 0.481660 0.878552 0.534843 0.861837 0.530840
1 0.871165 0.483259 0.887395 0.477601 0.905397 0.529241 0.889168 0.534899
0 0.865515 0.514258 0.898325 0.513868 0.898548 0.532617 0.865738 0.533007
1 0.053498 0.550804 0.070977 0.557589 0.051190 0.608571 0.033710 0.601786
1 0.047778 0.556357 0.065683 0.550793 0.081910 0.603018 0.064004 0.608582
0 0.043132 0.587836 0.074305 0.585648 0.075618 0.604352 0.044445 0.606540
1 0.095207 0.550781 0.112966 0.556798 0.095418 0.608594 0.077659 0.602577
1 0.091787 0.555630 0.109920 0.550858 0.123838 0.603745 0.105705 0.608517
0 0.086310 0.586905 0.117537 0.588109 0.116815 0.606845 0.085588 0.605641
1 0.137570 0.550781 0.155291 0.556905 0.137430 0.608594 0.119709 0.602470
1 0.134325 0.554914 0.152659 0.550987 0.164113 0.604461 0.145779 0.608388
0 0.127891 0.587902 0.159131 0.587104 0.159609 0.605848 0.128369 0.606646
1 0.180979 0.551054 0.197127 0.556941 0.178396 0.608321 0.162248 0.602434
1 0.175798 0.555648 0.192356 0.551041 0.207015 0.603727 0.190456 0.608334
1 0.220320 0.550792 0.238213 0.556396 0.221867 0.608583 0.203974 0.602979
1 0.215434 0.557197 0.233054 0.550786 0.251753 0.602178 0.234133 0.608589
0 0.212796 0.587024 0.244031 0.587985 0.243454 0.606726 0.212219 0.605765
1 0.260693 0.550897 0.278903 0.555366 0.265870 0.608478 0.247660 0.604009
1 0.260283 0.555801 0.278364 0.550837 0.292842 0.603574 0.274761 0.608538
1 0.304420 0.551044 0.320995 0.555594 0.306517 0.608331 0.289943 0.603781
1 0.303097 0.555386 0.321300 0.550894 0.334403 0.603989 0.316200 0.608481
1 0.346180 0.550819 0.364204 0.555986 0.349133 0.608556 0.331109 0.603389
1 0.347676 0.554003 0.366226 0.551269 0.374199 0.605372 0.355649 0.608106
1 0.390238 0.550784 0.407890 0.557106 0.389449 0.608591 0.371797 0.602269
1 0.385564 0.556727 0.403346 0.550782 0.420686 0.602648 0.402904 0.608593
0 0.382128 0.585391 0.413259 0.588118 0.411622 0.606797 0.380491 0.604069
1 0.432321 0.550785 0.450158 0.556564 0.433304 0.608590 0.415467 0.602811
1 0.427585 0.556855 0.445324 0.550781 0.463040 0.602520 0.445301 0.608594
0 0.423322 0.587696 0.454569 0.587306 0.454803 0.606054 0.423556 0.606444
1 0.475494 0.550809 0.492945 0.557667 0.472944 0.608566 0.455493 0.601708
1 0.469864 0.556504 0.486157 0.551031 0.503573 0.602871 0.487280 0.608344
0 0.466724 0.583908 0.498618 0.591617 0.494213 0.609842 0.462319 0.602133
1 0.516500 0.551033 0.533016 0.555792 0.517875 0.608342 0.501359 0.603583
1 0.512486 0.555898 0.530537 0.550827 0.545327 0.603477 0.527276 0.608548
1 0.559677 0.550802 0.577173 0.557543 0.557511 0.608573 0.540015 0.601832
1 0.554006 0.557277 0.570039 0.551084 0.589744 0.602098 0.573711 0.608291
1 0.599190 0.550825 0.617235 0.555921 0.602372 0.608550 0.584328 0.603454
1 0.597828 0.555258 0.616069 0.550916 0.628734 0.604117 0.610494 0.608459
1 0.641969 0.550836 0.660046 0.555813 0.645531 0.608539 0.627454 0.603562
1 0.636853 0.557573 0.654338 0.550803 0.674084 0.601802 0.656599 0.608572
0 0.632713 0.588374 0.663798 0.585163 0.665724 0.603813 0.634640 0.607025
1 0.684373 0.550792 0.702268 0.556390 0.685940 0.608583 0.668045 0.602985
1 0.679414 0.557265 0.697010 0.550788 0.715899 0.602110 0.698303 0.608587
0 0.676865 0.587013 0.708100 0.587996 0.707510 0.606737 0.676275 0.605754
1 0.727917 0.550782 0.745697 0.556735 0.728333 0.608593 0.710553 0.602640
1 0.725789 0.554879 0.744133 0.550995 0.755461 0.604496 0.737117 0.608380
1 0.768685 0.550794 0.786592 0.556353 0.770377 0.608581 0.752470 0.603022
1 0.765148 0.556224 0.783096 0.550801 0.798915 0.603151 0.780966 0.608574
0 0.760432 0.587618 0.791632 0.585850 0.792693 0.604570 0.761493 0.606338
1 0.812564 0.550781 0.830287 0.556901 0.812436 0.608594 0.794713 0.602474
1 0.806244 0.557693 0.823685 0.550811 0.843756 0.601682 0.826315 0.608564
1 0.856474 0.550837 0.873801 0.558002 0.852901 0.608538 0.835574 0.601373
1 0.849889 0.556528 0.867739 0.550787 0.884486 0.602847 0.866636 0.608588
1 0.898498 0.550827 0.915865 0.557894 0.895252 0.608548 0.877885 0.601481
1 0.891983 0.556031 0.909993 0.550815 0.925205 0.603344 0.907195 0.608560
1 0.030957 0.624239 0.048907 0.629656 0.033106 0.682011 0.015155 0.676594
1 0.027484 0.630372 0.045195 0.624219 0.063141 0.675878 0.045430 0.682031
1 0.074131 0.624476 0.090676 0.629129 0.075869 0.681774 0.059324 0.677121
1 0.071501 0.629343 0.087982 0.624467 0.103499 0.676907 0.087018 0.681783
0 0.064680 0.659150 0.097428 0.661199 0.096258 0.679912 0.063509 0.677864
1 0.114825 0.624262 0.132867 0.629364 0.117988 0.681988 0.099945 0.676886
1 0.110893 0.630517 0.128555 0.624221 0.146919 0.675733 0.129258 0.682029
0 0.108491 0.658851 0.139436 0.663207 0.136822 0.681774 0.105877 0.677418
1 0.159046 0.624464 0.175501 0.629429 0.159704 0.681786 0.143249 0.676821
1 0.154266 0.629922 0.170565 0.624467 0.187922 0.676328 0.171623 0.681783
0 0.149535 0.660978 0.180743 0.659360 0.181715 0.678084 0.150507 0.679703
1 0.201512 0.624219 0.219259 0.630269 0.201613 0.682031 0.183866 0.675981
1 0.194815 0.630886 0.212345 0.624234 0.231748 0.675364 0.214218 0.682016
0 0.192783 0.658954 0.223759 0.663086 0.221279 0.681671 0.190304 0.677539
1 0.245187 0.624549 0.261136 0.630956 0.240750 0.681701 0.224802 0.675294
1 0.238357 0.630734 0.254383 0.624523 0.274143 0.675516 0.258117 0.681727
0 0.232522 0.663015 0.263515 0.659014 0.265915 0.677610 0.234922 0.681611
1 0.287803 0.624340 0.304909 0.632020 0.282509 0.681910 0.265404 0.674230
1 0.281094 0.630000 0.298932 0.624223 0.315781 0.676250 0.297943 0.682027
0 0.274881 0.662634 0.305958 0.659345 0.307931 0.677991 0.276855 0.681280
1 0.327803 0.624221 0.345606 0.630104 0.328447 0.682029 0.310644 0.676146
1 0.323148 0.629528 0.341139 0.624248 0.356539 0.676722 0.338548 0.682002
0 0.319146 0.660308 0.350370 0.661583 0.349604 0.680317 0.318380 0.679042
1 0.368235 0.624538 0.384962 0.628489 0.372390 0.681712 0.355663 0.677761
1 0.363808 0.630686 0.381410 0.624225 0.400254 0.675564 0.382653 0.682025
0 0.361278 0.659281 0.392340 0.662707 0.390284 0.681344 0.359223 0.677918
1 0.408728 0.624374 0.426998 0.628587 0.414710 0.681876 0.396439 0.677663
1 0.409141 0.628749 0.425797 0.624506 0.439296 0.677501 0.422641 0.681744
0 0.402478 0.658710 0.435156 0.661679 0.433459 0.680353 0.400781 0.677383
1 0.452880 0.624275 0.470962 0.629236 0.456495 0.681975 0.438413 0.677014
1 0.451316 0.628757 0.467969 0.624505 0.481497 0.677493 0.464844 0.681745
0 0.443329 0.663322 0.474243 0.658754 0.476984 0.677303 0.446069 0.681871
1 0.494977 0.624240 0.512935 0.629632 0.497210 0.682010 0.479252 0.676618
1 0.491661 0.629999 0.507935 0.624470 0.525527 0.676251 0.509253 0.681780
0 0.487795 0.659342 0.518870 0.662638 0.516893 0.681283 0.485817 0.677987
1 0.536618 0.624511 0.553286 0.628704 0.539945 0.681739 0.523276 0.677546
1 0.534131 0.629496 0.552132 0.624250 0.567432 0.676754 0.549431 0.682000
0 0.529527 0.661211 0.560772 0.660667 0.561098 0.679414 0.529853 0.679958
1 0.580702 0.624468 0.597194 0.629306 0.581798 0.681782 0.565306 0.676944
1 0.574921 0.631515 0.590669 0.624629 0.612579 0.674735 0.596831 0.681621
0 0.570621 0.660417 0.603417 0.661468 0.602816 0.680208 0.570021 0.679157
1 0.623144 0.624464 0.639593 0.629449 0.623731 0.681786 0.607282 0.676801
1 0.618280 0.630239 0.636037 0.624219 0.653595 0.676011 0.635838 0.682031
1 0.665821 0.624219 0.683516 0.630420 0.665429 0.682031 0.647734 0.675830
1 0.660742 0.630030 0.678570 0.624222 0.695508 0.676220 0.677680 0.682028
0 0.656561 0.659320 0.687632 0.662663 0.685626 0.681305 0.654555 0.677962
1 0.707598 0.624463 0.724033 0.629494 0.708027 0.681787 0.691592 0.676756
1 0.703053 0.629673 0.719431 0.624463 0.736010 0.676577 0.719631 0.681787
0 0.699315 0.658829 0.730446 0.661555 0.728810 0.680234 0.697679 0.677507
1 0.750045 0.624474 0.766286 0.630098 0.748393 0.681776 0.732151 0.676152
1 0.746163 0.629278 0.764232 0.624271 0.778837 0.676972 0.760768 0.681979
1 0.791631 0.624463 0.807987 0.629745 0.791181 0.681787 0.774826 0.676505
1 0.786974 0.629697 0.804911 0.624236 0.820839 0.676553 0.802902 0.682014
1 0.832613 0.624235 0.850546 0.629711 0.834574 0.682015 0.816642 0.676539
1 0.832246 0.627751 0.850728 0.624593 0.859941 0.678499 0.841459 0.681657
0 0.824463 0.661116 0.855656 0.659231 0.856787 0.677947 0.825594 0.679831
1 0.874789 0.624236 0.892723 0.629704 0.876774 0.682014 0.858839 0.676546
1 0.874447 0.628469 0.891180 0.624541 0.903678 0.677781 0.886945 0.681709
0 0.865286 0.663251 0.897794 0.658797 0.900339 0.677374 0.867831 0.681828
0 0.040221 0.677851 0.066190 0.683436 0.062904 0.698712 0.036935 0.693127
0 0.062184 0.681814 0.088723 0.680700 0.089378 0.696311 0.062839 0.697425
0 0.097461 0.679549 0.123957 0.681427 0.122852 0.697013 0.096356 0.695135
0 0.118264 0.681362 0.144768 0.679610 0.145799 0.695201 0.119294 0.696953
0 0.152674 0.677902 0.178667 0.683370 0.175451 0.698660 0.149458 0.693193
0 0.167033 0.682998 0.191807 0.679643 0.193904 0.695127 0.169130 0.698482
0 0.196248 0.681576 0.221155 0.679420 0.222502 0.694986 0.197595 0.697143
0 0.215040 0.681562 0.241516 0.679426 0.242773 0.695001 0.216296 0.697136
0 0.233914 0.683135 0.259992 0.678087 0.262961 0.693427 0.236883 0.698476
0 0.269371 0.679498 0.295859 0.681484 0.294691 0.697065 0.268203 0.695079
0 0.298801 0.680662 0.325337 0.681853 0.324636 0.697463 0.298101 0.696272
0 0.313660 0.681978 0.340184 0.680545 0.341027 0.696147 0.314503 0.697580
0 0.329194 0.683226 0.355241 0.678015 0.358306 0.693337 0.332259 0.698547
0 0.351861 0.679653 0.378215 0.682970 0.376264 0.698472 0.349910 0.695155
0 0.373266 0.681532 0.398260 0.680972 0.398609 0.696593 0.373615 0.697153
0 0.399330 0.681739 0.425778 0.679266 0.427232 0.694823 0.400785 0.697296
0 0.421787 0.682964 0.448143 0.679658 0.450088 0.695161 0.423732 0.698467
0 0.459081 0.677732 0.484990 0.683590 0.481544 0.698831 0.455635 0.692972
0 0.482825 0.681230 0.507825 0.681270 0.507800 0.696895 0.482800 0.696855
0 0.504399 0.683452 0.530626 0.679245 0.533101 0.694673 0.506874 0.698880
0 0.528629 0.679669 0.555142 0.681298 0.554184 0.696893 0.527671 0.695265
0 0.549435 0.681521 0.575917 0.679463 0.577128 0.695042 0.550645 0.697099
0 0.567257 0.681133 0.593818 0.681368 0.593680 0.696992 0.567119 0.696757
0 0.584267 0.682115 0.609066 0.678948 0.611045 0.694447 0.586247 0.697614
0 0.610179 0.679241 0.636621 0.681768 0.635134 0.697322 0.608692 0.694795
0 0.639180 0.681054 0.665740 0.681448 0.665508 0.697071 0.638948 0.696677
0 0.664998 0.679061 0.691401 0.681971 0.689689 0.697502 0.663287 0.694592
0 0.691661 0.687974 0.715450 0.676157 0.722401 0.690151 0.698612 0.701968
0 0.722891 0.683381 0.748881 0.677893 0.752109 0.693181 0.726119 0.698669
0 0.749718 0.681720 0.774701 0.680791 0.775282 0.696405 0.750299 0.697334
0 0.770994 0.679412 0.797468 0.681577 0.796194 0.697150 0.769720 0.694985
0 0.800394 0.680616 0.826925 0.681902 0.826169 0.697509 0.799637 0.696223
0 0.818545 0.683244 0.844830 0.679419 0.847080 0.694881 0.820795 0.698706
0 0.845360 0.681170 0.871922 0.681330 0.871828 0.696955 0.845266 0.696795
0 0.880072 0.680631 0.906605 0.681887 0.905866 0.697494 0.879333 0.696238
0 0.910496 0.682005 0.935452 0.680523 0.936379 0.696120 0.911423 0.697602
1 0.054483 0.697932 0.070617 0.703857 0.051767 0.755193 0.035633 0.749268
1 0.049816 0.701870 0.068128 0.697843 0.079872 0.751255 0.061559 0.755282
1 0.097057 0.697953 0.113110 0.704095 0.093568 0.755172 0.077515 0.749030
1 0.093348 0.701817 0.110105 0.697992 0.122277 0.751308 0.105520 0.755133
1 0.135137 0.697944 0.151793 0.702184 0.138300 0.755181 0.121644 0.750941
1 0.135577 0.701794 0.152339 0.697996 0.164423 0.751331 0.147661 0.755129
0 0.126143 0.736756 0.157058 0.732195 0.159795 0.750744 0.128879 0.755305
1 0.179677 0.697910 0.195929 0.703503 0.178136 0.755215 0.161883 0.749622
1 0.174233 0.703908 0.191911 0.697658 0.210142 0.749217 0.192464 0.755467
0 0.168192 0.736317 0.199008 0.731130 0.202121 0.749620 0.171304 0.754807
1 0.219873 0.697726 0.237988 0.702564 0.223877 0.755399 0.205762 0.750561
1 0.217022 0.702878 0.235041 0.697693 0.250165 0.750247 0.232146 0.755432
0 0.210874 0.736039 0.243526 0.732802 0.245376 0.751461 0.212724 0.754698
1 0.262338 0.697916 0.278896 0.702527 0.264224 0.755209 0.247667 0.750598
1 0.259314 0.702805 0.277356 0.697699 0.292248 0.750320 0.274207 0.755426
1 0.307965 0.697951 0.324024 0.704077 0.304535 0.755174 0.288476 0.749048
1 0.302623 0.702066 0.320881 0.697803 0.333315 0.751059 0.315056 0.755322
1 0.348463 0.697668 0.366023 0.704241 0.346850 0.755457 0.329290 0.748884
1 0.343671 0.702818 0.361708 0.697698 0.376642 0.750307 0.358604 0.755427
1 0.388751 0.697921 0.405333 0.702445 0.390936 0.755204 0.374355 0.750680
1 0.387113 0.701994 0.405392 0.697817 0.417574 0.751131 0.399295 0.755308
1 0.432735 0.697900 0.449145 0.703009 0.432890 0.755225 0.416480 0.750116
1 0.427968 0.703170 0.444328 0.697901 0.461094 0.749955 0.444735 0.755224
1 0.474844 0.697657 0.492613 0.703642 0.475156 0.755468 0.457387 0.749483
1 0.471697 0.702358 0.489873 0.697754 0.503303 0.750767 0.485127 0.755371
1 0.516904 0.697901 0.533351 0.702893 0.517471 0.755224 0.501024 0.750232
1 0.510605 0.704504 0.526514 0.698000 0.547208 0.748621 0.531299 0.755125
0 0.507908 0.734218 0.539156 0.734533 0.538967 0.753282 0.507719 0.752967
1 0.555660 0.698142 0.572586 0.701126 0.563090 0.754983 0.546164 0.751999
1 0.552740 0.704231 0.570303 0.697667 0.589448 0.748894 0.571884 0.755458
0 0.550110 0.734195 0.581357 0.734556 0.581140 0.753305 0.549893 0.752944
1 0.603106 0.697995 0.619031 0.704461 0.598457 0.755130 0.582532 0.748664
1 0.599970 0.701604 0.616782 0.698029 0.628155 0.751521 0.611343 0.755096
0 0.592724 0.732752 0.623927 0.734463 0.622901 0.753185 0.591698 0.751474
1 0.641645 0.697687 0.659642 0.702949 0.644292 0.755438 0.626296 0.750176
1 0.640321 0.702441 0.658472 0.697742 0.672179 0.750684 0.654028 0.755383
1 0.685764 0.697663 0.703368 0.704115 0.684549 0.755462 0.666944 0.749010
1 0.681012 0.703228 0.697353 0.697902 0.714301 0.749897 0.697959 0.755223
0 0.676744 0.732150 0.707852 0.735122 0.706069 0.753787 0.674960 0.750815
1 0.728250 0.697670 0.745787 0.704305 0.726437 0.755455 0.708900 0.748820
1 0.724405 0.702125 0.742648 0.697793 0.755283 0.751000 0.737040 0.755332
1 0.766936 0.697773 0.785147 0.702237 0.772127 0.755352 0.753916 0.750888
1 0.766793 0.701999 0.785071 0.697817 0.797269 0.751126 0.778992 0.755308
0 0.761145 0.734038 0.792388 0.734717 0.791980 0.753462 0.760737 0.752783
1 0.812249 0.697657 0.830037 0.703584 0.812751 0.755468 0.794963 0.749541
1 0.807164 0.703223 0.825072 0.697669 0.841273 0.749902 0.823365 0.755456
0 0.804116 0.731131 0.834933 0.736316 0.831822 0.754806 0.801005 0.749622
1 0.852926 0.697917 0.869490 0.702507 0.854886 0.755208 0.838323 0.750618
1 0.851070 0.702567 0.869185 0.697725 0.883305 0.750558 0.865190 0.755400
0 0.844806 0.734494 0.876006 0.732724 0.877069 0.751443 0.845869 0.753214
1 0.896920 0.697668 0.914475 0.704253 0.895268 0.755457 0.877712 0.748872
1 0.891696 0.703693 0.909447 0.697656 0.927054 0.749432 0.909303 0.755469
0 0.886861 0.734753 0.918028 0.732484 0.919389 0.751185 0.888222 0.753453
1 0.030534 0.771428 0.047288 0.775262 0.035091 0.828572 0.018337 0.824738
1 0.028916 0.775965 0.045473 0.771353 0.060147 0.824035 0.043590 0.828647
0 0.022766 0.808255 0.053924 0.805863 0.055359 0.824558 0.024201 0.826950
1 0.074142 0.771350 0.090686 0.776011 0.075858 0.828650 0.059314 0.823989
1 0.070052 0.776682 0.086388 0.771340 0.103386 0.823318 0.087049 0.828660
1 0.116681 0.771098 0.134521 0.776867 0.117694 0.828902 0.099854 0.823133
1 0.113435 0.776095 0.131522 0.771152 0.145940 0.823905 0.127853 0.828848
1 0.159531 0.771353 0.175751 0.777040 0.157656 0.828647 0.141437 0.822960
1 0.154047 0.776655 0.171958 0.771107 0.188140 0.823345 0.170230 0.828893
0 0.149262 0.808388 0.180400 0.805742 0.181988 0.824425 0.150850 0.827070
1 0.197373 0.771295 0.215702 0.775243 0.204190 0.828705 0.185860 0.824757
1 0.199415 0.775080 0.217787 0.771335 0.228710 0.824920 0.210338 0.828665
0 0.191233 0.806040 0.223983 0.808058 0.222830 0.826773 0.190079 0.824754
1 0.241705 0.771121 0.259691 0.776421 0.244232 0.828879 0.226247 0.823579
1 0.238509 0.776894 0.254777 0.771346 0.272429 0.823106 0.256161 0.828654
0 0.234492 0.807620 0.265740 0.808006 0.265508 0.826755 0.234260 0.826369
1 0.285921 0.771094 0.303661 0.777164 0.285954 0.828906 0.268214 0.822836
1 0.282437 0.775926 0.300574 0.771173 0.314438 0.824074 0.296301 0.828827
1 0.331814 0.771576 0.347411 0.778797 0.324436 0.828424 0.308839 0.821203
1 0.322949 0.776545 0.340895 0.771113 0.356739 0.823455 0.338793 0.828887
0 0.319209 0.806003 0.350232 0.809758 0.347979 0.828372 0.316955 0.824617
1 0.368431 0.771155 0.386526 0.776069 0.372194 0.828845 0.354099 0.823931
1 0.368040 0.775438 0.384747 0.771403 0.397585 0.824562 0.380878 0.828597
0 0.361107 0.807536 0.392352 0.808092 0.392018 0.826839 0.360773 0.826283
1 0.413850 0.771369 0.429986 0.777289 0.411150 0.828631 0.395014 0.822711
1 0.407036 0.777353 0.424711 0.771095 0.442964 0.822647 0.425289 0.828905
0 0.401206 0.808466 0.433993 0.807174 0.434731 0.825909 0.401944 0.827201
1 0.452695 0.771407 0.469411 0.775408 0.456680 0.828593 0.439964 0.824592
1 0.449862 0.776297 0.467886 0.771132 0.482951 0.823703 0.464926 0.828868
0 0.445036 0.808289 0.476272 0.807344 0.476839 0.826086 0.445603 0.827031
1 0.498202 0.771124 0.515641 0.778013 0.495548 0.828876 0.478109 0.821987
1 0.491869 0.777305 0.508000 0.771371 0.526881 0.822695 0.510750 0.828629
0 0.487187 0.808355 0.518418 0.807281 0.519063 0.826020 0.487832 0.827094
1 0.534878 0.771295 0.553207 0.775245 0.541685 0.828705 0.523356 0.824755
1 0.534024 0.777330 0.550146 0.771373 0.569101 0.822670 0.552979 0.828627
1 0.581299 0.771094 0.599025 0.777205 0.581201 0.828906 0.563475 0.822795
1 0.576333 0.776361 0.594337 0.771126 0.609605 0.823639 0.591600 0.828874
0 0.571548 0.808380 0.602778 0.807257 0.603452 0.825995 0.572222 0.827118
1 0.627229 0.771343 0.644014 0.779698 0.619646 0.828657 0.602861 0.820302
1 0.618512 0.776665 0.634854 0.771339 0.651800 0.823335 0.635459 0.828661
0 0.614811 0.805883 0.645973 0.808232 0.644564 0.826929 0.613402 0.824580
1 0.665473 0.771338 0.681897 0.776404 0.665777 0.828662 0.649353 0.823596
1 0.660553 0.777048 0.678332 0.771094 0.695697 0.822952 0.677918 0.828906
0 0.654650 0.807879 0.687462 0.807747 0.687538 0.826496 0.654725 0.826628
1 0.705230 0.771394 0.721918 0.775507 0.708833 0.828606 0.692144 0.824493
1 0.699999 0.779434 0.716892 0.771297 0.740626 0.820566 0.723733 0.828703
0 0.698779 0.807266 0.730009 0.808371 0.729346 0.827109 0.698116 0.826004
1 0.751129 0.771360 0.767310 0.777155 0.748871 0.828640 0.732690 0.822845
1 0.744725 0.776616 0.762648 0.771109 0.778712 0.823384 0.760790 0.828891
1 0.788678 0.771223 0.806910 0.775603 0.794134 0.828777 0.775903 0.824397
1 0.788637 0.775959 0.806765 0.771169 0.820738 0.824041 0.802610 0.828831
0 0.782157 0.805597 0.814837 0.808541 0.813155 0.827215 0.780475 0.824272
1 0.834086 0.771095 0.851883 0.776999 0.834664 0.828905 0.816867 0.823001
1 0.829274 0.776491 0.847238 0.771116 0.862913 0.823509 0.844950 0.828884
1 0.876327 0.771095 0.894113 0.777031 0.876798 0.828905 0.859012 0.822969
1 0.872810 0.776095 0.890897 0.771152 0.905315 0.823905 0.887228 0.828848
0 0.867631 0.807110 0.898849 0.808534 0.897994 0.827265 0.866776 0.825841
0 0.037393 0.828311 0.063953 0.827941 0.064170 0.843564 0.037610 0.843934
0 0.068243 0.828221 0.093184 0.826503 0.094257 0.842091 0.069316 0.843809
0 0.091093 0.827379 0.117612 0.828897 0.116719 0.844496 0.090200 0.842978
0 0.116173 0.826480 0.142677 0.828242 0.141640 0.843833 0.115136 0.842070
0 0.137189 0.828680 0.163729 0.827584 0.164374 0.843195 0.137834 0.844291
0 0.172531 0.826323 0.199011 0.828413 0.197782 0.843989 0.171302 0.841900
0 0.192793 0.826450 0.217726 0.828280 0.216582 0.843863 0.191649 0.842033
0 0.207562 0.828567 0.234110 0.827692 0.234625 0.843308 0.208077 0.844183
0 0.235943 0.828116 0.262505 0.828134 0.262495 0.843759 0.235932 0.843741
0 0.268188 0.830303 0.294160 0.824732 0.297437 0.840009 0.271465 0.845581
0 0.291571 0.828503 0.318037 0.826242 0.319367 0.841810 0.292901 0.844071
0 0.326162 0.828850 0.352686 0.827423 0.353525 0.843025 0.327001 0.844452
0 0.351230 0.828721 0.377766 0.827545 0.378458 0.843154 0.351921 0.844330
0 0.377247 0.826282 0.403721 0.828458 0.402440 0.844031 0.375967 0.841854
0 0.406474 0.825844 0.432854 0.828951 0.431026 0.844469 0.404646 0.841361
0 0.431097 0.828391 0.457654 0.827862 0.457966 0.843484 0.431408 0.844013
0 0.454438 0.832837 0.479575 0.824252 0.484625 0.839038 0.459488 0.847623
0 0.487022 0.830057 0.513084 0.824925 0.516103 0.840255 0.490041 0.845388
0 0.518145 0.828479 0.544615 0.826263 0.545918 0.841834 0.519448 0.844049
0 0.546686 0.832556 0.571978 0.824441 0.576752 0.839319 0.551459 0.847434
0 0.574864 0.829952 0.601193 0.826436 0.603261 0.841923 0.576932 0.845439
0 0.594482 0.826215 0.620943 0.828532 0.619580 0.844098 0.593119 0.841780
0 0.629019 0.825802 0.655123 0.830719 0.652231 0.846073 0.626127 0.841156
0 0.657462 0.830329 0.682109 0.826142 0.684726 0.841546 0.660079 0.845733
0 0.691756 0.830708 0.717863 0.825810 0.720744 0.841167 0.694637 0.846065
0 0.721653 0.830160 0.747927 0.826259 0.750222 0.841715 0.723948 0.845616
0 0.741738 0.829977 0.767828 0.824989 0.770762 0.840336 0.744672 0.845324
0 0.757643 0.832471 0.782981 0.824499 0.787670 0.839404 0.762332 0.847376
0 0.784042 0.830442 0.810235 0.826025 0.812833 0.841433 0.786640 0.845850
0 0.812909 0.827468 0.839438 0.828802 0.838653 0.844407 0.812124 0.843073
0 0.841596 0.828382 0.866514 0.826357 0.867779 0.841930 0.842861 0.843956
0 0.873207 0.828532 0.899757 0.827726 0.900231 0.843343 0.873681 0.844149
0 0.900098 0.827961 0.926658 0.828290 0.926465 0.843914 0.899904 0.843585
0 0.915324 0.828661 0.941866 0.827602 0.942488 0.843214 0.915947 0.844273
1 0.052368 0.844785 0.068895 0.849503 0.053882 0.902090 0.037355 0.897372
1 0.048103 0.849872 0.066084 0.844558 0.081584 0.897003 0.063603 0.902317
1 0.089666 0.844944 0.108173 0.847953 0.099396 0.901931 0.080889 0.898922
1 0.091728 0.849714 0.108192 0.844778 0.123897 0.897161 0.107433 0.902097
0 0.083848 0.881457 0.116603 0.879513 0.117714 0.898230 0.084959 0.900174
1 0.136864 0.844538 0.154730 0.850227 0.138136 0.902337 0.120270 0.896648
1 0.132381 0.849941 0.150340 0.844553 0.166056 0.896934 0.148097 0.902322
0 0.126579 0.881221 0.159392 0.881279 0.159358 0.900029 0.126546 0.899971
1 0.176179 0.844660 0.194410 0.849041 0.181634 0.902215 0.163403 0.897834
1 0.173388 0.850834 0.191048 0.844533 0.209424 0.896041 0.191764 0.902342
0 0.168085 0.883472 0.198812 0.877779 0.202228 0.896216 0.171500 0.901908
1 0.219736 0.844563 0.237739 0.849805 0.222451 0.902312 0.204449 0.897070
1 0.216868 0.850436 0.234665 0.844533 0.251882 0.896439 0.234085 0.902342
1 0.260621 0.844654 0.278842 0.849077 0.265942 0.902221 0.247721 0.897798
1 0.258650 0.850155 0.276539 0.844541 0.292913 0.896720 0.275023 0.902334
1 0.305852 0.844534 0.323506 0.850849 0.305086 0.902341 0.287431 0.896026
1 0.299932 0.850849 0.317586 0.844534 0.336006 0.896026 0.318351 0.902341
0 0.297121 0.880852 0.328360 0.881654 0.327879 0.900398 0.296640 0.899596
1 0.346025 0.844577 0.364076 0.849648 0.349288 0.902298 0.331236 0.897227
1 0.344739 0.849275 0.361334 0.844799 0.375573 0.897600 0.358979 0.902076
0 0.339118 0.881158 0.370368 0.881342 0.370257 0.900092 0.339007 0.899908
1 0.389974 0.844782 0.406484 0.849562 0.391276 0.902093 0.374766 0.897313
1 0.385308 0.850675 0.403023 0.844531 0.420942 0.896200 0.403227 0.902344
0 0.381196 0.881341 0.412445 0.881159 0.412554 0.899909 0.381305 0.900091
1 0.428653 0.844975 0.445543 0.848160 0.435409 0.901900 0.418519 0.898715
1 0.426039 0.851895 0.443312 0.844601 0.464586 0.894980 0.447313 0.902274
1 0.472663 0.844573 0.490701 0.849691 0.475774 0.902302 0.457736 0.897184
1 0.471684 0.849035 0.488347 0.844821 0.501753 0.897840 0.485090 0.902054
1 0.513471 0.844771 0.531842 0.848522 0.520904 0.902104 0.502533 0.898353
1 0.512308 0.849772 0.530321 0.844566 0.545505 0.897103 0.527492 0.902309
0 0.507100 0.881774 0.538246 0.879226 0.539775 0.897913 0.508629 0.900462
1 0.557535 0.844551 0.575482 0.849978 0.559653 0.902324 0.541705 0.896897
1 0.554250 0.849946 0.572208 0.844553 0.587937 0.896929 0.569980 0.902322
1 0.597225 0.844997 0.614135 0.848076 0.604337 0.901878 0.587428 0.898799
1 0.596593 0.850714 0.612733 0.844806 0.631532 0.896161 0.615392 0.902069
0 0.592137 0.881335 0.623386 0.881165 0.623488 0.899915 0.592239 0.900085
1 0.642888 0.844788 0.659432 0.849446 0.644612 0.902087 0.628068 0.897429
1 0.637240 0.851661 0.654601 0.844578 0.675260 0.895214 0.657899 0.902297
1 0.685436 0.844776 0.701782 0.850089 0.684877 0.902099 0.668531 0.896786
1 0.680784 0.850857 0.696876 0.844818 0.716091 0.896018 0.699999 0.902057
0 0.676884 0.880735 0.708116 0.881776 0.707491 0.900515 0.676259 0.899474
1 0.726129 0.844801 0.742730 0.849255 0.728558 0.902074 0.711958 0.897620
1 0.722996 0.850529 0.740761 0.844532 0.758254 0.896346 0.740489 0.902343
0 0.718433 0.881800 0.749664 0.880712 0.750317 0.899450 0.719086 0.900538
1 0.771384 0.844795 0.787577 0.850558 0.769241 0.902080 0.753048 0.896317
1 0.763452 0.851612 0.779278 0.844908 0.800611 0.895263 0.784785 0.901967
1 0.812169 0.844533 0.829974 0.850411 0.812831 0.902342 0.795026 0.896464
1 0.809248 0.848996 0.825922 0.844826 0.839189 0.897879 0.822515 0.902049
0 0.801509 0.882110 0.834166 0.878916 0.835991 0.897577 0.803334 0.900771
1 0.852474 0.844616 0.870624 0.849321 0.856901 0.902259 0.838751 0.897554
1 0.848110 0.851375 0.864021 0.844875 0.884703 0.895500 0.868792 0.902000
0 0.845629 0.879548 0.878253 0.883060 0.876246 0.901702 0.843622 0.898190
1 0.896990 0.844545 0.914530 0.851174 0.895197 0.902330 0.877658 0.895701
1 0.893681 0.849163 0.911877 0.844640 0.925069 0.897712 0.906873 0.902235
6 0.019606 0.911825 0.045988 0.914918 0.042894 0.941300 0.016512 0.938207
6 0.970456 0.762411 1.000000 0.764206 0.998294 0.793839 0.968661 0.792044
6 0.000000 0.232234 0.016203 0.233423 0.015015 0.255266 0.000000 0.254077
6 0.971925 0.117060 1.000000 0.117316 1.000000 0.132940 0.971826 0.132684
