1 0.038027 0.038352 0.064195 0.048659 0.033848 0.125710 0.007680 0.115404
1 0.019670 0.049097 0.045677 0.038389 0.077205 0.114966 0.051198 0.125673
1 0.076827 0.038305 0.103563 0.047034 0.077860 0.125757 0.051124 0.117028
1 0.062476 0.047925 0.088908 0.038312 0.117211 0.116138 0.090780 0.125750
0 0.063470 0.091766 0.109750 0.099216 0.105280 0.126984 0.059000 0.119534
1 0.121404 0.038342 0.147623 0.048519 0.117659 0.125720 0.091439 0.115544
1 0.104273 0.048560 0.128921 0.038659 0.159790 0.115502 0.135142 0.125404
0 0.103337 0.093726 0.151667 0.096962 0.149788 0.125024 0.101458 0.121788
1 0.167116 0.038547 0.192644 0.050352 0.157884 0.125516 0.132356 0.113711
1 0.145303 0.049932 0.170994 0.038486 0.204697 0.114130 0.179006 0.125576
1 0.207701 0.038467 0.233447 0.049789 0.200111 0.125595 0.174366 0.114274
1 0.188748 0.048477 0.213426 0.038649 0.244064 0.115586 0.219387 0.125413
0 0.187664 0.093016 0.236003 0.096104 0.234211 0.124171 0.185872 0.121084
1 0.247808 0.038336 0.274064 0.048417 0.244380 0.125727 0.218124 0.115645
1 0.235232 0.045065 0.262576 0.038484 0.281955 0.118997 0.254611 0.125579
1 0.296163 0.038882 0.320972 0.052131 0.281962 0.125180 0.257153 0.111931
1 0.274528 0.047661 0.301051 0.038305 0.328597 0.116402 0.302074 0.125757
0 0.272211 0.094767 0.319073 0.095866 0.318414 0.123983 0.271552 0.122884
1 0.328192 0.038361 0.355258 0.046007 0.332745 0.125701 0.305680 0.118055
1 0.317126 0.047341 0.343759 0.038302 0.370374 0.116721 0.343741 0.125760
0 0.311991 0.097036 0.360183 0.092169 0.363009 0.120152 0.314817 0.125018
1 0.373651 0.038313 0.400069 0.047961 0.371662 0.125749 0.345243 0.116101
1 0.358982 0.047910 0.383859 0.038597 0.412893 0.116153 0.388016 0.125466
0 0.356525 0.094864 0.403391 0.095766 0.402850 0.123886 0.355984 0.122984
1 0.419974 0.038519 0.445574 0.050167 0.411276 0.125544 0.385676 0.113895
1 0.399247 0.049194 0.425218 0.038399 0.457003 0.114868 0.431032 0.125664
1 0.460798 0.038465 0.486551 0.049769 0.453265 0.125598 0.427512 0.114293
1 0.441639 0.048352 0.467919 0.038332 0.497423 0.115710 0.471144 0.125731
0 0.439126 0.095203 0.487563 0.095422 0.487436 0.123547 0.438999 0.123328
1 0.496979 0.038360 0.524038 0.046028 0.501459 0.125703 0.474400 0.118035
1 0.484262 0.047997 0.510668 0.038315 0.539175 0.116066 0.512769 0.125748
0 0.479617 0.097823 0.527638 0.091482 0.531320 0.119364 0.483300 0.125706
1 0.544738 0.038675 0.569335 0.048702 0.538074 0.125388 0.513477 0.115360
1 0.526002 0.048363 0.552277 0.038333 0.581811 0.115700 0.555535 0.125730
1 0.587126 0.038389 0.613135 0.049091 0.581624 0.125674 0.555615 0.114972
1 0.568741 0.048554 0.594947 0.038345 0.625009 0.115508 0.598803 0.125718
1 0.629188 0.038381 0.655228 0.049008 0.623937 0.125681 0.597897 0.115054
1 0.613520 0.046537 0.640419 0.038323 0.664605 0.117525 0.637706 0.125739
1 0.668914 0.038312 0.695343 0.047930 0.667024 0.125750 0.640594 0.116132
1 0.652450 0.049125 0.678446 0.038392 0.710050 0.114937 0.684054 0.125670
0 0.651700 0.095086 0.698572 0.095540 0.698300 0.123664 0.651428 0.123210
1 0.715572 0.038639 0.740878 0.050912 0.704740 0.125424 0.679434 0.113150
1 0.693267 0.050717 0.717111 0.039010 0.753608 0.113346 0.729764 0.125053
1 0.753989 0.038311 0.780436 0.047880 0.752261 0.125752 0.725814 0.116183
1 0.738903 0.047416 0.765511 0.038302 0.792347 0.116646 0.765739 0.125760
0 0.733741 0.097315 0.781878 0.091922 0.785009 0.119873 0.736872 0.125265
1 0.793848 0.038327 0.820767 0.046475 0.796777 0.125736 0.769858 0.117588
1 0.779199 0.048963 0.805256 0.038377 0.836426 0.115100 0.810369 0.125686
0 0.778947 0.093244 0.825749 0.095863 0.824178 0.123944 0.777376 0.121325
1 0.838031 0.038305 0.864550 0.047672 0.836969 0.125757 0.810450 0.116390
1 0.819957 0.049535 0.845799 0.038436 0.878480 0.114527 0.852638 0.125626
1 0.882219 0.038376 0.908282 0.048947 0.877156 0.125687 0.851093 0.115116
1 0.863706 0.049173 0.888132 0.038737 0.920669 0.114889 0.896243 0.125326
0 0.860276 0.097377 0.908399 0.091868 0.911599 0.119810 0.863476 0.125320
1 0.056565 0.135178 0.083130 0.144415 0.055935 0.222634 0.029370 0.213398
1 0.037466 0.147572 0.062857 0.135477 0.098472 0.210240 0.073080 0.222336
1 0.099213 0.135184 0.125679 0.144699 0.097662 0.222628 0.071196 0.213113
1 0.084304 0.144533 0.109266 0.135454 0.137571 0.213279 0.112609 0.222358
0 0.079309 0.194408 0.127553 0.190080 0.130066 0.218092 0.081822 0.222420
1 0.147465 0.135847 0.172112 0.149394 0.132222 0.221966 0.107575 0.208418
1 0.123063 0.147150 0.148620 0.135410 0.183187 0.210663 0.157630 0.222403
1 0.185704 0.135273 0.211678 0.146058 0.179921 0.222540 0.153947 0.211754
1 0.166490 0.145352 0.192725 0.135215 0.222573 0.212461 0.196338 0.222598
1 0.225901 0.135210 0.252164 0.145272 0.222537 0.222603 0.196273 0.212541
1 0.210897 0.144200 0.237535 0.135177 0.264103 0.213612 0.237465 0.222635
1 0.265693 0.135183 0.292468 0.143792 0.267119 0.222630 0.240344 0.214020
1 0.254452 0.143494 0.279758 0.135422 0.304923 0.214318 0.279617 0.222390
0 0.247821 0.194055 0.294414 0.188926 0.297492 0.216882 0.250898 0.222011
1 0.311868 0.135248 0.337940 0.145796 0.306882 0.222564 0.280810 0.212016
1 0.297927 0.142107 0.323654 0.135498 0.344261 0.215705 0.318534 0.222315
0 0.292384 0.190625 0.340716 0.193811 0.338866 0.221875 0.290534 0.218689
1 0.354234 0.135314 0.380068 0.146433 0.347328 0.222499 0.321495 0.211380
1 0.335796 0.144895 0.362194 0.135191 0.390767 0.212918 0.364369 0.222622
0 0.333364 0.190496 0.381767 0.192337 0.380698 0.220441 0.332296 0.218601
1 0.393932 0.135188 0.420357 0.144816 0.392006 0.222625 0.365580 0.212996
1 0.375932 0.146660 0.401679 0.135342 0.435006 0.211152 0.409258 0.222471
0 0.375042 0.192115 0.423480 0.192260 0.423395 0.220385 0.374958 0.220240
1 0.436285 0.135192 0.462674 0.144921 0.434027 0.222621 0.407638 0.212892
1 0.419636 0.146002 0.445631 0.135267 0.477239 0.211810 0.451244 0.222545
1 0.480308 0.135278 0.506265 0.146107 0.474379 0.222535 0.448423 0.211706
1 0.464014 0.143621 0.490845 0.135189 0.515673 0.214192 0.488842 0.222624
0 0.457595 0.195839 0.505523 0.188832 0.509592 0.216661 0.461664 0.223668
1 0.526491 0.135616 0.551577 0.148332 0.514134 0.222197 0.489048 0.209480
1 0.507161 0.143491 0.534034 0.135194 0.558464 0.214321 0.531591 0.222618
1 0.563196 0.135447 0.588199 0.144415 0.560241 0.222365 0.535238 0.213398
1 0.546515 0.145728 0.572612 0.135242 0.603485 0.212085 0.577388 0.222570
1 0.605433 0.135184 0.631906 0.144681 0.603942 0.222629 0.577469 0.213132
1 0.590288 0.143834 0.617049 0.135182 0.642525 0.213978 0.615764 0.222631
1 0.649764 0.135331 0.675542 0.146579 0.642423 0.222481 0.616645 0.211233
1 0.632387 0.144810 0.657255 0.135474 0.686363 0.213002 0.661495 0.222339
0 0.629336 0.192790 0.676196 0.191594 0.676914 0.219710 0.630054 0.220906
1 0.687543 0.135183 0.714323 0.143777 0.689019 0.222629 0.662239 0.214035
1 0.674696 0.144404 0.701265 0.135178 0.728429 0.213409 0.701860 0.222634
0 0.670044 0.194175 0.718326 0.190291 0.720581 0.218325 0.672299 0.222209
1 0.733661 0.135244 0.759753 0.145743 0.728839 0.222569 0.702747 0.212069
1 0.716714 0.144536 0.743238 0.135180 0.770786 0.213276 0.744262 0.222632
0 0.712418 0.192957 0.759194 0.189915 0.761020 0.217980 0.714243 0.221023
1 0.770531 0.135229 0.797570 0.142968 0.774782 0.222584 0.747743 0.214844
1 0.758812 0.144920 0.783641 0.135483 0.813063 0.212892 0.788234 0.222330
0 0.754833 0.191940 0.803268 0.192437 0.802979 0.220560 0.754544 0.220063
1 0.821342 0.135800 0.845349 0.147168 0.809908 0.222013 0.785901 0.210645
1 0.797768 0.146695 0.823502 0.135346 0.856919 0.211117 0.831186 0.222466
0 0.801495 0.187256 0.847536 0.196057 0.842255 0.223682 0.796214 0.214881
1 0.857987 0.135188 0.884414 0.144812 0.856075 0.222625 0.829648 0.213000
1 0.842150 0.144811 0.868577 0.135188 0.896913 0.213002 0.870485 0.222625
1 0.900871 0.135208 0.927141 0.145253 0.897566 0.222604 0.871296 0.212560
1 0.880927 0.147856 0.906206 0.135526 0.942510 0.209957 0.917232 0.222286
0 0.883123 0.191682 0.929987 0.192700 0.929377 0.220818 0.882513 0.219800
1 0.038496 0.232127 0.064552 0.242714 0.033379 0.319435 0.007323 0.308848
1 0.018705 0.243008 0.044652 0.232155 0.076607 0.308554 0.050660 0.319407
0 0.018365 0.289725 0.065222 0.288411 0.066010 0.316525 0.019153 0.317839
1 0.084283 0.232488 0.109375 0.245193 0.071967 0.319074 0.046875 0.306370
1 0.060821 0.243782 0.086473 0.232250 0.120429 0.307780 0.094777 0.319313
0 0.057534 0.295134 0.104621 0.283776 0.111216 0.311116 0.064129 0.322474
1 0.123017 0.232136 0.149038 0.242810 0.117608 0.319427 0.091587 0.308752
1 0.105849 0.241354 0.132392 0.232054 0.159776 0.310208 0.133233 0.319508
1 0.164765 0.232158 0.190701 0.243036 0.158673 0.319404 0.132736 0.308526
1 0.147714 0.241609 0.174169 0.232060 0.202286 0.309953 0.175831 0.319502
0 0.145294 0.289093 0.192169 0.289032 0.192206 0.317157 0.145331 0.317218
1 0.201872 0.232100 0.228895 0.239896 0.205940 0.319463 0.178917 0.311667
1 0.188463 0.242145 0.214727 0.232084 0.244349 0.309418 0.218085 0.319478
1 0.250064 0.232233 0.275764 0.243658 0.242124 0.319330 0.216424 0.307905
1 0.232305 0.240837 0.259023 0.232054 0.284883 0.310726 0.258164 0.319508
0 0.229782 0.286871 0.278134 0.289741 0.276468 0.317817 0.228116 0.314946
1 0.289115 0.232052 0.315735 0.241129 0.289010 0.319510 0.262390 0.310434
1 0.274256 0.241016 0.300914 0.232052 0.327307 0.310547 0.300648 0.319510
0 0.268585 0.292586 0.316547 0.285815 0.320478 0.313664 0.272516 0.320435
1 0.331660 0.232054 0.358205 0.241348 0.330840 0.319508 0.304295 0.310215
1 0.310908 0.246044 0.335649 0.232669 0.375030 0.305519 0.350288 0.318893
0 0.314244 0.286741 0.362579 0.289881 0.360756 0.317947 0.312421 0.314807
1 0.378436 0.232339 0.403859 0.244368 0.368439 0.319224 0.343016 0.307194
1 0.357301 0.242072 0.383591 0.232080 0.413012 0.309490 0.386722 0.319482
0 0.356120 0.289282 0.402993 0.288844 0.403255 0.316968 0.356382 0.317406
1 0.412191 0.232133 0.439321 0.239545 0.417497 0.319430 0.390366 0.312018
1 0.401268 0.241271 0.427839 0.232053 0.454982 0.310291 0.428411 0.319509
0 0.396833 0.289136 0.445270 0.288990 0.445355 0.317114 0.396918 0.317260
1 0.456105 0.232062 0.482922 0.240541 0.457957 0.319501 0.431140 0.311022
1 0.441539 0.242185 0.467789 0.232087 0.497523 0.309377 0.471274 0.319476
0 0.441384 0.285913 0.489575 0.290793 0.486741 0.318775 0.438550 0.313895
1 0.504428 0.232277 0.530006 0.243972 0.495572 0.319286 0.469994 0.307591
1 0.486853 0.239810 0.513902 0.232107 0.536585 0.311752 0.509535 0.319456
0 0.480809 0.289851 0.529221 0.288289 0.530128 0.316399 0.481716 0.317961
1 0.544503 0.232162 0.570426 0.243069 0.538310 0.319401 0.512386 0.308493
1 0.526219 0.241934 0.552559 0.232073 0.581593 0.309629 0.555253 0.319490
0 0.523307 0.290765 0.571629 0.287427 0.573568 0.315485 0.525246 0.318823
1 0.584787 0.232068 0.611161 0.241836 0.582401 0.319494 0.556026 0.309726
1 0.568169 0.242129 0.594439 0.232083 0.624018 0.309433 0.597748 0.319479
1 0.627038 0.232070 0.653398 0.241876 0.624524 0.319492 0.598164 0.309686
1 0.610777 0.241785 0.637169 0.232066 0.665786 0.309777 0.639393 0.319496
0 0.609460 0.286885 0.657815 0.289726 0.656165 0.317803 0.607810 0.314961
1 0.673609 0.232665 0.697637 0.243990 0.662328 0.318898 0.638301 0.307573
1 0.651154 0.243333 0.676978 0.232192 0.709784 0.308229 0.683960 0.319371
0 0.652318 0.287093 0.699131 0.289507 0.697682 0.317595 0.650869 0.315180
1 0.713039 0.232103 0.739205 0.242417 0.708836 0.319460 0.682670 0.309146
1 0.695249 0.242021 0.720000 0.232378 0.750063 0.309541 0.725313 0.319184
0 0.691931 0.291025 0.740217 0.287189 0.742444 0.315225 0.694158 0.319061
1 0.752175 0.232053 0.778841 0.240994 0.752512 0.319510 0.725847 0.310568
1 0.738484 0.241494 0.764978 0.232057 0.792766 0.310068 0.766272 0.319506
1 0.793939 0.232056 0.820690 0.240739 0.795123 0.319506 0.768372 0.310823
1 0.777691 0.243357 0.803506 0.232195 0.836372 0.308206 0.810557 0.319368
0 0.776545 0.289093 0.824982 0.289032 0.825018 0.317157 0.776580 0.317218
1 0.835771 0.232307 0.861235 0.239867 0.837667 0.319255 0.812202 0.311695
1 0.819864 0.244095 0.845394 0.232295 0.880136 0.307468 0.854606 0.319267
1 0.878072 0.232060 0.904870 0.240595 0.879741 0.319502 0.852942 0.310968
1 0.863570 0.242056 0.889866 0.232079 0.919242 0.309506 0.892946 0.319483
1 0.051337 0.329123 0.078704 0.335611 0.059600 0.416190 0.032234 0.409702
1 0.040038 0.339009 0.066306 0.328959 0.095899 0.406303 0.069631 0.416354
1 0.096866 0.328934 0.123656 0.337496 0.098447 0.416378 0.071657 0.407817
1 0.084169 0.338078 0.110764 0.328928 0.137706 0.407235 0.111111 0.416385
0 0.079729 0.385867 0.128166 0.386008 0.128084 0.414133 0.079647 0.413992
1 0.141625 0.328963 0.167865 0.339085 0.138063 0.416349 0.111822 0.406228
1 0.124666 0.339456 0.150771 0.328991 0.181584 0.405857 0.155479 0.416322
0 0.121723 0.387684 0.170039 0.384261 0.172027 0.412316 0.123711 0.415739
1 0.179588 0.329046 0.206814 0.336103 0.186037 0.416266 0.158811 0.409210
1 0.168679 0.337387 0.195505 0.328938 0.220383 0.407925 0.193558 0.416374
0 0.163777 0.386441 0.212204 0.385440 0.212786 0.413559 0.164358 0.414560
1 0.225702 0.328952 0.252011 0.338895 0.222736 0.416360 0.196427 0.406418
1 0.209072 0.339428 0.235188 0.328988 0.265928 0.405884 0.239812 0.416324
0 0.206825 0.384210 0.255225 0.386125 0.254113 0.414228 0.205713 0.412313
1 0.267549 0.328942 0.293934 0.338679 0.265264 0.416370 0.238878 0.406633
1 0.251120 0.338890 0.277431 0.328952 0.306692 0.406423 0.280381 0.416360
0 0.248151 0.389623 0.294493 0.382572 0.298724 0.410377 0.252382 0.417428
1 0.304401 0.329211 0.331888 0.335168 0.314349 0.416101 0.286862 0.410145
1 0.294680 0.338114 0.319701 0.329194 0.347507 0.407199 0.322487 0.416118
0 0.289935 0.388070 0.338043 0.382434 0.341315 0.410368 0.293207 0.416004
1 0.356075 0.329161 0.381631 0.340905 0.347050 0.416152 0.321494 0.404408
1 0.335355 0.339006 0.361624 0.328959 0.391208 0.406306 0.364939 0.416354
0 0.332111 0.388095 0.380214 0.382412 0.383514 0.410343 0.335411 0.416026
1 0.394701 0.328962 0.420953 0.339054 0.391236 0.416351 0.364984 0.406258
1 0.375806 0.340526 0.401508 0.329107 0.435132 0.404786 0.409429 0.416206
0 0.376902 0.385387 0.423763 0.386496 0.423098 0.414613 0.376237 0.413504
1 0.442941 0.329626 0.467537 0.343267 0.427371 0.415687 0.402776 0.402046
1 0.420246 0.339228 0.446434 0.328973 0.476629 0.406085 0.450441 0.416339
0 0.416418 0.388253 0.464485 0.382274 0.467957 0.410184 0.419890 0.416163
1 0.482041 0.329349 0.506501 0.339707 0.474209 0.415964 0.449749 0.405606
1 0.460223 0.341225 0.485653 0.329211 0.521027 0.404088 0.495597 0.416102
0 0.459174 0.386290 0.507606 0.385588 0.508014 0.413710 0.459581 0.414412
1 0.518516 0.328939 0.545350 0.337363 0.520547 0.416374 0.493713 0.407950
1 0.506174 0.338287 0.531136 0.329204 0.559451 0.407026 0.534489 0.416108
0 0.500882 0.386399 0.549258 0.383950 0.550680 0.412039 0.502305 0.414488
1 0.562545 0.328927 0.589166 0.337999 0.562455 0.416385 0.535834 0.407314
1 0.548189 0.337824 0.573306 0.329182 0.600249 0.407489 0.575131 0.416131
0 0.542114 0.388455 0.590133 0.382101 0.593823 0.409982 0.545804 0.416337
1 0.609293 0.329260 0.634607 0.341516 0.598520 0.416052 0.573206 0.403796
1 0.591466 0.337292 0.618323 0.328942 0.642909 0.408021 0.616052 0.416371
1 0.650769 0.329424 0.675043 0.340209 0.641419 0.415888 0.617145 0.405103
1 0.630636 0.339697 0.656653 0.329012 0.688114 0.405616 0.662097 0.416301
0 0.627827 0.387987 0.676099 0.383984 0.678423 0.412013 0.630151 0.416016
1 0.689628 0.328948 0.715968 0.338808 0.686935 0.416365 0.660595 0.406504
1 0.673420 0.339187 0.699623 0.328970 0.729705 0.406126 0.703502 0.416342
0 0.672696 0.383871 0.719498 0.386485 0.717929 0.414566 0.671127 0.411953
1 0.733640 0.328993 0.759737 0.339479 0.728860 0.416320 0.702763 0.405834
1 0.713732 0.340857 0.739306 0.329154 0.773768 0.404455 0.748194 0.416159
1 0.775882 0.329046 0.801773 0.340031 0.769431 0.416266 0.743539 0.405282
1 0.757771 0.338878 0.782528 0.329252 0.812541 0.406434 0.787785 0.416061
1 0.821501 0.329571 0.845466 0.341027 0.809749 0.415742 0.785784 0.404285
1 0.804366 0.335945 0.831637 0.329068 0.851884 0.409368 0.824613 0.416244
1 0.860741 0.329085 0.886509 0.340356 0.853322 0.416228 0.827554 0.404957
1 0.840424 0.340736 0.866045 0.329136 0.900201 0.404576 0.874580 0.416177
0 0.838653 0.386668 0.887069 0.385220 0.887910 0.413332 0.839494 0.414780
1 0.903118 0.329101 0.928836 0.340484 0.895320 0.416211 0.869601 0.404828
1 0.884138 0.339372 0.910274 0.328984 0.940862 0.405940 0.914726 0.416329
0 0.881270 0.385902 0.929708 0.385973 0.929667 0.414098 0.881230 0.414027
0 0.034265 0.409567 0.074889 0.409184 0.075110 0.432620 0.034486 0.433004
0 0.067041 0.411155 0.107517 0.407681 0.109522 0.431032 0.069045 0.434507
0 0.086917 0.407531 0.127173 0.412995 0.124021 0.436219 0.083765 0.430755
0 0.107053 0.408912 0.146033 0.411450 0.144510 0.434838 0.105530 0.432300
0 0.128085 0.409442 0.167147 0.409308 0.167227 0.432746 0.128165 0.432879
0 0.156646 0.408739 0.195687 0.410024 0.194916 0.433449 0.155875 0.432164
0 0.188139 0.407201 0.228515 0.411693 0.225924 0.434987 0.185548 0.430495
0 0.207635 0.412951 0.246102 0.406157 0.250178 0.429237 0.211711 0.436031
0 0.239349 0.408910 0.278400 0.409846 0.277839 0.433277 0.238787 0.432341
0 0.259906 0.407423 0.298761 0.411452 0.296344 0.434764 0.257489 0.430736
0 0.274986 0.413460 0.315117 0.407138 0.318764 0.430290 0.278633 0.436612
0 0.306171 0.409513 0.346795 0.409238 0.346954 0.432675 0.306330 0.432949
0 0.341058 0.407555 0.379941 0.411303 0.377692 0.434633 0.338809 0.430884
0 0.364027 0.411641 0.402981 0.408737 0.404723 0.432109 0.365769 0.435013
0 0.395157 0.409638 0.434216 0.409114 0.434530 0.432550 0.395471 0.433073
0 0.421129 0.406107 0.459577 0.413012 0.455433 0.436081 0.416986 0.429175
0 0.437388 0.411793 0.476320 0.408598 0.478237 0.431957 0.439305 0.435152
0 0.454503 0.409688 0.493560 0.409065 0.493935 0.432499 0.454877 0.433123
0 0.471645 0.411255 0.510536 0.407598 0.512730 0.430932 0.473839 0.434590
0 0.492869 0.409089 0.531871 0.411260 0.530569 0.434661 0.491566 0.432490
0 0.521848 0.409421 0.562473 0.409329 0.562527 0.432766 0.521902 0.432859
0 0.553700 0.407366 0.592541 0.411517 0.590050 0.434822 0.551209 0.430671
0 0.567807 0.409142 0.608380 0.411201 0.607193 0.434608 0.566620 0.432549
0 0.601889 0.408827 0.642499 0.409932 0.641861 0.433360 0.601251 0.432256
0 0.623741 0.407669 0.664215 0.411168 0.662196 0.434518 0.621722 0.431019
0 0.651674 0.405961 0.689679 0.414986 0.684264 0.437789 0.646258 0.428764
0 0.668771 0.409339 0.709396 0.409411 0.709354 0.432848 0.668729 0.432777
0 0.698000 0.405762 0.736299 0.413446 0.731688 0.436426 0.693389 0.428741
0 0.720298 0.409400 0.760923 0.409350 0.760952 0.432787 0.720327 0.432838
0 0.741599 0.411199 0.780607 0.409146 0.781839 0.432551 0.742830 0.434604
0 0.776145 0.407423 0.814787 0.413143 0.811355 0.436327 0.772713 0.430607
0 0.788967 0.409536 0.828028 0.409215 0.828221 0.432651 0.789160 0.432973
0 0.809032 0.409967 0.848077 0.408794 0.848781 0.432220 0.809736 0.433394
0 0.830478 0.408881 0.871020 0.411479 0.869522 0.434869 0.828980 0.432271
0 0.845265 0.411664 0.884216 0.408715 0.885985 0.432086 0.847034 0.435035
0 0.877357 0.413391 0.917506 0.407195 0.921081 0.430359 0.880931 0.436555
0 0.896712 0.411116 0.935627 0.407723 0.937663 0.431072 0.898748 0.434465
0 0.919951 0.405678 0.958212 0.413554 0.953486 0.436510 0.915226 0.428634
1 0.040900 0.426085 0.066332 0.438093 0.030975 0.512978 0.005543 0.500970
1 0.018727 0.436739 0.044681 0.425904 0.076585 0.502324 0.050631 0.513159
0 0.020426 0.477543 0.067918 0.487069 0.062387 0.514644 0.014895 0.505119
1 0.083109 0.426184 0.108315 0.438661 0.071578 0.512879 0.046372 0.500402
1 0.063404 0.435307 0.089877 0.425809 0.117846 0.503755 0.091373 0.513254
0 0.060097 0.480856 0.108475 0.483241 0.107091 0.511331 0.058712 0.508947
1 0.120444 0.425812 0.146880 0.435410 0.118619 0.513251 0.092182 0.503653
1 0.105502 0.435379 0.131949 0.425811 0.160123 0.503683 0.133676 0.513252
0 0.099520 0.486364 0.147250 0.478110 0.152042 0.505824 0.104313 0.514077
1 0.165069 0.425878 0.191123 0.436471 0.159931 0.513185 0.133877 0.502591
1 0.143360 0.439676 0.166937 0.427442 0.205078 0.500949 0.181500 0.513183
0 0.143198 0.484541 0.189819 0.479673 0.192740 0.507646 0.146118 0.512514
1 0.207846 0.425980 0.233554 0.437387 0.199967 0.513082 0.174259 0.501676
1 0.188378 0.436286 0.212945 0.426185 0.244435 0.502777 0.219867 0.512877
0 0.185344 0.484630 0.231948 0.479596 0.234968 0.507558 0.188364 0.512592
1 0.247489 0.425824 0.273818 0.435714 0.244699 0.513238 0.218370 0.503349
1 0.227488 0.439607 0.252307 0.426377 0.291262 0.499456 0.266443 0.512685
0 0.228612 0.481224 0.277022 0.482855 0.276075 0.510964 0.227665 0.509333
1 0.289321 0.425803 0.315898 0.435005 0.288804 0.513260 0.262227 0.504058
1 0.272831 0.435900 0.299093 0.425835 0.328731 0.503162 0.302469 0.513228
0 0.271852 0.482850 0.318727 0.482775 0.318773 0.510900 0.271898 0.510975
1 0.335794 0.426128 0.361126 0.438348 0.325143 0.512935 0.299812 0.500714
1 0.315000 0.436907 0.339340 0.426271 0.372500 0.502155 0.348160 0.512791
0 0.312370 0.485344 0.358811 0.478979 0.362630 0.506844 0.316189 0.513208
1 0.376033 0.425933 0.401886 0.437006 0.369280 0.513130 0.343427 0.502056
1 0.357663 0.436173 0.383826 0.425853 0.414212 0.502890 0.388049 0.513209
1 0.418714 0.425974 0.444440 0.437340 0.410973 0.513089 0.385247 0.501722
1 0.399798 0.436218 0.425945 0.425857 0.456452 0.502845 0.430305 0.513206
0 0.397656 0.480765 0.446025 0.483337 0.444532 0.511422 0.396163 0.508851
1 0.458528 0.425808 0.485008 0.435287 0.457097 0.513254 0.430617 0.503775
1 0.442162 0.435426 0.468593 0.425812 0.496900 0.503636 0.470470 0.513250
0 0.441616 0.479347 0.489734 0.484901 0.486509 0.512841 0.438391 0.507286
1 0.500714 0.425808 0.527194 0.435286 0.499286 0.513254 0.472806 0.503776
1 0.482070 0.437388 0.507778 0.425980 0.541367 0.501675 0.515659 0.513082
0 0.480678 0.484675 0.528844 0.479546 0.531822 0.507513 0.483656 0.512642
1 0.547445 0.426221 0.572572 0.438857 0.535368 0.512841 0.510241 0.500206
1 0.524347 0.438040 0.549800 0.426076 0.585028 0.501022 0.559575 0.512986
1 0.588856 0.426032 0.614420 0.437758 0.579894 0.513030 0.554330 0.501304
1 0.568046 0.436651 0.594033 0.425895 0.625704 0.502411 0.599717 0.513168
1 0.626502 0.426047 0.651806 0.434125 0.626623 0.513015 0.601319 0.504938
1 0.612406 0.434867 0.639030 0.425802 0.665719 0.504196 0.639095 0.513260
1 0.669521 0.425809 0.695989 0.435322 0.667979 0.513254 0.641511 0.503741
1 0.652742 0.435716 0.679070 0.425825 0.708196 0.503346 0.681867 0.513238
0 0.650087 0.482664 0.698524 0.482962 0.698350 0.511086 0.649914 0.510788
1 0.709961 0.425803 0.736632 0.434728 0.710352 0.513260 0.683681 0.504335
1 0.694652 0.435946 0.720898 0.425838 0.750660 0.503117 0.724415 0.513225
0 0.693028 0.480675 0.741386 0.483433 0.739785 0.511513 0.691426 0.508754
1 0.753913 0.425809 0.780377 0.435332 0.752337 0.513253 0.725873 0.503730
1 0.737326 0.435546 0.763715 0.425817 0.792362 0.503517 0.765973 0.513246
0 0.733957 0.483558 0.782372 0.482081 0.783230 0.510192 0.734815 0.511669
1 0.797276 0.425846 0.823474 0.436078 0.793349 0.513216 0.767151 0.502985
1 0.782777 0.433440 0.808295 0.426066 0.831285 0.505623 0.805767 0.512997
0 0.778386 0.481205 0.825146 0.484489 0.823176 0.512545 0.776416 0.509261
1 0.841955 0.426030 0.867526 0.437740 0.833045 0.513033 0.807474 0.501322
1 0.820119 0.437604 0.845743 0.426010 0.879881 0.501458 0.854257 0.513053
0 0.818282 0.486954 0.864489 0.479072 0.869218 0.506796 0.823011 0.514678
1 0.881854 0.425902 0.907815 0.436721 0.875959 0.513161 0.849998 0.502342
1 0.870028 0.431833 0.897570 0.426135 0.914347 0.507230 0.886805 0.512928
1 0.062621 0.523144 0.087650 0.535972 0.049879 0.609669 0.024850 0.596841
1 0.039008 0.533642 0.064952 0.522781 0.096929 0.599171 0.070986 0.610031
0 0.038996 0.579800 0.085870 0.579576 0.086004 0.607700 0.039130 0.607924
1 0.103026 0.523165 0.127322 0.533901 0.093849 0.609648 0.069553 0.598911
1 0.082322 0.532679 0.108619 0.522704 0.137990 0.600133 0.111694 0.610108
0 0.080455 0.577660 0.128827 0.580191 0.127357 0.608277 0.078986 0.605747
1 0.139712 0.522677 0.166370 0.531642 0.139975 0.610135 0.113317 0.601171
1 0.124377 0.532789 0.150635 0.522711 0.180310 0.600023 0.154053 0.610102
0 0.123951 0.578084 0.170797 0.579746 0.169799 0.607854 0.122953 0.606191
1 0.187155 0.522893 0.212757 0.534538 0.178470 0.609919 0.152868 0.598275
1 0.165260 0.533919 0.191099 0.522812 0.223803 0.598893 0.197964 0.610000
1 0.223629 0.522699 0.250531 0.530904 0.226371 0.610114 0.199469 0.601909
1 0.208650 0.533871 0.232958 0.523160 0.266350 0.598942 0.242042 0.609652
0 0.206180 0.579809 0.254617 0.579566 0.254758 0.607691 0.206321 0.607934
1 0.269136 0.523008 0.293870 0.532692 0.263677 0.609805 0.238943 0.600120
1 0.251341 0.532459 0.277717 0.522693 0.306471 0.600353 0.280096 0.610119
1 0.311523 0.522975 0.336385 0.532328 0.307227 0.609837 0.282365 0.600485
1 0.294576 0.532245 0.321026 0.522685 0.349174 0.600567 0.322724 0.610127
0 0.292689 0.578102 0.339536 0.579727 0.338561 0.607835 0.291714 0.606211
1 0.348146 0.522757 0.375274 0.530180 0.353416 0.610056 0.326289 0.602633
1 0.337085 0.531990 0.363624 0.522679 0.391040 0.600822 0.364501 0.610133
0 0.335174 0.576483 0.383353 0.581480 0.380451 0.609455 0.332272 0.604458
1 0.395661 0.522964 0.420574 0.532181 0.391839 0.609848 0.366926 0.600631
1 0.379179 0.532064 0.405692 0.522681 0.433321 0.600748 0.406808 0.610132
1 0.436706 0.522705 0.463000 0.532687 0.433607 0.610108 0.407313 0.600125
1 0.419870 0.533298 0.445942 0.522748 0.477005 0.599514 0.450933 0.610064
0 0.419243 0.577755 0.465950 0.581721 0.463570 0.609745 0.416863 0.605779
1 0.478587 0.522680 0.505121 0.532005 0.477663 0.610133 0.451129 0.600808
1 0.461986 0.533360 0.488035 0.522754 0.519264 0.599453 0.493215 0.610059
0 0.459553 0.579385 0.507987 0.579993 0.507634 0.608115 0.459200 0.607507
1 0.522782 0.522798 0.548667 0.533797 0.516280 0.610014 0.490395 0.599015
1 0.503057 0.533654 0.528996 0.522783 0.561005 0.599159 0.535066 0.610030
0 0.501028 0.579870 0.549428 0.577965 0.550534 0.606068 0.502134 0.607973
1 0.559090 0.522756 0.586217 0.530184 0.564347 0.610056 0.537221 0.602629
1 0.544872 0.534318 0.569012 0.523235 0.603565 0.598495 0.579425 0.609578
1 0.609197 0.522910 0.634753 0.534653 0.600178 0.609902 0.574622 0.598160
1 0.585753 0.536008 0.610767 0.523151 0.648622 0.596805 0.623608 0.609661
0 0.587979 0.578919 0.634828 0.580472 0.633896 0.608581 0.587047 0.607028
1 0.647123 0.522689 0.673534 0.532358 0.645065 0.610123 0.618654 0.600455
1 0.630867 0.533247 0.656957 0.522744 0.687883 0.599565 0.661793 0.610068
0 0.628866 0.577702 0.677241 0.580147 0.675822 0.608236 0.627446 0.605791
1 0.689207 0.522687 0.715640 0.532293 0.687356 0.610126 0.660922 0.600520
1 0.674363 0.531559 0.701049 0.522678 0.727199 0.601253 0.700513 0.610134
0 0.670139 0.581479 0.718449 0.577970 0.720486 0.606021 0.672176 0.609530
1 0.730223 0.522678 0.756905 0.531573 0.730714 0.610135 0.704033 0.601240
1 0.715618 0.533249 0.740153 0.523071 0.771882 0.599564 0.747347 0.609741
1 0.776643 0.522859 0.802339 0.534294 0.768670 0.609953 0.742974 0.598518
1 0.754063 0.535658 0.779220 0.523082 0.816249 0.597155 0.791092 0.609731
1 0.815821 0.522678 0.842411 0.531841 0.815429 0.610135 0.788839 0.600971
1 0.797777 0.534188 0.823513 0.522845 0.856911 0.598625 0.831174 0.609967
1 0.862114 0.522889 0.887726 0.534509 0.853511 0.609923 0.827899 0.598303
1 0.838832 0.535264 0.864147 0.523010 0.900230 0.597548 0.874915 0.609803
0 0.838913 0.579948 0.887348 0.579429 0.887649 0.607552 0.839215 0.608071
1 0.902384 0.522792 0.928291 0.533741 0.896053 0.610021 0.870147 0.599072
1 0.883942 0.533615 0.908344 0.523121 0.941058 0.599198 0.916656 0.609691
0 0.883357 0.577619 0.931608 0.581865 0.929143 0.609881 0.880892 0.605635
1 0.036485 0.619572 0.062829 0.629422 0.033828 0.706990 0.007484 0.697141
1 0.018111 0.631043 0.043855 0.619718 0.077201 0.695520 0.051457 0.706845
0 0.018433 0.677105 0.065296 0.676028 0.065942 0.704145 0.019079 0.705222
1 0.076368 0.619563 0.103194 0.628011 0.078320 0.706999 0.051493 0.698551
1 0.065591 0.626894 0.092767 0.619650 0.114097 0.699668 0.086921 0.706913
0 0.060679 0.677003 0.107546 0.676127 0.108071 0.704247 0.061204 0.705123
1 0.121209 0.619584 0.147473 0.629644 0.117853 0.706978 0.091589 0.696919
1 0.102818 0.631461 0.128400 0.619775 0.162807 0.695102 0.137225 0.706787
1 0.158742 0.619960 0.184642 0.625857 0.166258 0.706603 0.140358 0.700706
1 0.146514 0.630427 0.170939 0.619987 0.203486 0.696136 0.179061 0.706575
1 0.203637 0.619553 0.230323 0.628433 0.204176 0.707009 0.177490 0.698129
1 0.188534 0.629905 0.213148 0.619919 0.244279 0.696658 0.219664 0.706643
0 0.185718 0.676948 0.234149 0.676181 0.234595 0.704302 0.186163 0.705069
1 0.247702 0.619560 0.274157 0.629107 0.246048 0.707002 0.219593 0.697456
1 0.230971 0.630033 0.257094 0.619612 0.287779 0.696529 0.261656 0.706951
0 0.230108 0.675885 0.276963 0.677252 0.276142 0.705365 0.229287 0.703998
1 0.287657 0.619575 0.314565 0.627759 0.290468 0.706988 0.263560 0.698804
1 0.272825 0.630321 0.298841 0.619637 0.330300 0.696241 0.304284 0.706926
1 0.331680 0.619814 0.356737 0.628628 0.329258 0.706749 0.304200 0.697934
1 0.316455 0.628507 0.343117 0.619552 0.369482 0.698056 0.342820 0.707010
1 0.374184 0.619579 0.400483 0.629548 0.371129 0.706984 0.344830 0.697014
1 0.357384 0.630161 0.383460 0.619622 0.414491 0.696401 0.388415 0.706940
0 0.353041 0.679106 0.401054 0.672704 0.404771 0.700582 0.356759 0.706984
1 0.412383 0.619621 0.439481 0.627153 0.417305 0.706941 0.390207 0.699410
1 0.401295 0.628750 0.427874 0.619553 0.454955 0.697812 0.428376 0.707010
0 0.398360 0.676693 0.445234 0.676433 0.445390 0.704557 0.398516 0.704817
1 0.458019 0.619563 0.484439 0.629207 0.456043 0.706999 0.429624 0.697355
1 0.443553 0.628696 0.470150 0.619552 0.497072 0.697867 0.470475 0.707010
1 0.503792 0.619963 0.528281 0.630251 0.496208 0.706600 0.471719 0.696312
1 0.482707 0.631272 0.508363 0.619748 0.542293 0.695291 0.516637 0.706814
0 0.480834 0.677304 0.529249 0.675834 0.530103 0.703946 0.481688 0.705416
1 0.549533 0.621095 0.574019 0.634932 0.533279 0.707030 0.508793 0.693193
1 0.527611 0.628648 0.552662 0.619815 0.580201 0.697914 0.555150 0.706748
0 0.521581 0.680409 0.569455 0.673043 0.573732 0.700841 0.525858 0.708207
1 0.585115 0.619579 0.611415 0.629544 0.582073 0.706984 0.555772 0.697019
1 0.566694 0.630910 0.592489 0.619701 0.625493 0.695653 0.599698 0.706862
0 0.567899 0.674259 0.616104 0.679001 0.613351 0.706991 0.565146 0.702249
1 0.627259 0.619558 0.653742 0.629025 0.625866 0.707005 0.599383 0.697537
1 0.608754 0.631026 0.634505 0.619716 0.667808 0.695536 0.642058 0.706847
0 0.609493 0.676368 0.656366 0.676758 0.656132 0.704882 0.609259 0.704492
1 0.673339 0.619883 0.698658 0.632130 0.662598 0.706679 0.637279 0.694432
1 0.652446 0.630379 0.678441 0.619642 0.710054 0.696184 0.684059 0.706920
0 0.651581 0.676531 0.698456 0.676594 0.698419 0.704719 0.651544 0.704656
1 0.713246 0.619858 0.738073 0.629302 0.708629 0.706704 0.683802 0.697260
1 0.696462 0.628864 0.723001 0.619554 0.750413 0.697698 0.723874 0.707008
0 0.691843 0.678637 0.738543 0.674593 0.740969 0.702613 0.694269 0.706657
1 0.752047 0.619553 0.778738 0.628416 0.752641 0.707009 0.725949 0.698146
1 0.736793 0.630403 0.762779 0.619645 0.794457 0.696159 0.768471 0.706918
1 0.798422 0.619726 0.824142 0.631103 0.790641 0.706837 0.764920 0.695459
1 0.777585 0.630953 0.803363 0.619706 0.836478 0.695610 0.810699 0.706856
0 0.777128 0.674850 0.825529 0.676734 0.824435 0.704838 0.776034 0.702953
1 0.839860 0.619861 0.864675 0.629335 0.835140 0.706701 0.810325 0.697228
1 0.821798 0.629217 0.848215 0.619564 0.876639 0.697345 0.850223 0.706999
1 0.880150 0.619555 0.906684 0.628880 0.879225 0.707008 0.852691 0.697682
1 0.865104 0.628949 0.891614 0.619556 0.919271 0.697614 0.892761 0.707007
0 0.864822 0.673270 0.911188 0.680161 0.907053 0.707980 0.860687 0.701089
0 0.034076 0.702025 0.072940 0.698094 0.075299 0.721413 0.036435 0.725343
0 0.065945 0.699483 0.104993 0.700525 0.104368 0.723954 0.065319 0.722912
0 0.093408 0.697850 0.133567 0.703981 0.130030 0.727150 0.089870 0.721019
0 0.125984 0.701804 0.164995 0.699790 0.166203 0.723196 0.127193 0.725210
0 0.155098 0.699341 0.194138 0.700673 0.193339 0.724097 0.154299 0.722765
0 0.186825 0.698367 0.225563 0.703390 0.222550 0.726633 0.183812 0.721610
0 0.199322 0.701994 0.238312 0.699613 0.239740 0.723006 0.200751 0.725387
0 0.232962 0.699754 0.272022 0.700248 0.271725 0.723684 0.232666 0.723189
0 0.252006 0.698167 0.290885 0.701943 0.288619 0.725271 0.249740 0.721494
0 0.268195 0.698217 0.306890 0.703567 0.303680 0.726783 0.264985 0.721433
0 0.280884 0.700634 0.319926 0.699378 0.320679 0.722804 0.281637 0.724059
0 0.311063 0.699793 0.350124 0.700209 0.349874 0.723645 0.310814 0.723229
0 0.343373 0.700678 0.383976 0.699335 0.384752 0.722759 0.344149 0.724103
0 0.372888 0.705640 0.412476 0.696521 0.417737 0.719360 0.378149 0.728479
0 0.409789 0.699336 0.448828 0.700678 0.448024 0.724101 0.408984 0.722760
0 0.437013 0.701634 0.476039 0.699951 0.477049 0.723366 0.438023 0.725049
0 0.463030 0.698051 0.501884 0.702074 0.499470 0.725387 0.460616 0.721364
0 0.487767 0.699548 0.528382 0.700458 0.527858 0.723889 0.487243 0.722980
0 0.518199 0.701754 0.557214 0.699837 0.558364 0.723246 0.519348 0.725163
0 0.543610 0.701693 0.582533 0.698391 0.584515 0.721744 0.545592 0.725047
0 0.571414 0.701619 0.612005 0.699963 0.612961 0.723381 0.572370 0.725037
0 0.604655 0.703986 0.643235 0.697866 0.646907 0.721014 0.608327 0.727134
0 0.629143 0.701741 0.668159 0.699849 0.669295 0.723259 0.630278 0.725151
0 0.648055 0.700690 0.688657 0.699323 0.689445 0.722747 0.648843 0.724114
0 0.663502 0.705436 0.701579 0.696717 0.706810 0.719564 0.668733 0.728283
0 0.697546 0.699729 0.736550 0.701868 0.735266 0.725271 0.696263 0.723132
0 0.734983 0.695169 0.773692 0.707498 0.766579 0.729831 0.727870 0.717502
0 0.749939 0.704057 0.788499 0.697808 0.792248 0.720943 0.753689 0.727192
0 0.775345 0.698300 0.814251 0.701794 0.812155 0.725138 0.773249 0.721643
0 0.805499 0.696614 0.845493 0.703750 0.841376 0.726823 0.801382 0.719687
0 0.823262 0.703569 0.861731 0.696787 0.865800 0.719869 0.827331 0.726650
0 0.848349 0.696642 0.888001 0.705482 0.882901 0.728358 0.843249 0.719518
0 0.862243 0.700439 0.901296 0.699566 0.901820 0.722998 0.862767 0.723871
0 0.886240 0.699491 0.926852 0.700517 0.926260 0.723947 0.885648 0.722921
0 0.905810 0.707935 0.942654 0.694959 0.950440 0.717065 0.913596 0.730041
1 0.054877 0.716431 0.081628 0.725114 0.056061 0.803881 0.029310 0.795198
1 0.040365 0.726892 0.066494 0.716485 0.097135 0.793421 0.071006 0.803827
0 0.039504 0.771516 0.087781 0.775452 0.085496 0.803484 0.037219 0.799548
1 0.101043 0.716505 0.127088 0.727120 0.095832 0.803808 0.069787 0.793193
1 0.084033 0.725683 0.110592 0.716429 0.137842 0.794629 0.111283 0.803884
0 0.081234 0.773464 0.128109 0.773411 0.128141 0.801536 0.081266 0.801589
1 0.143439 0.716518 0.169433 0.727257 0.137811 0.803795 0.111817 0.793055
1 0.125977 0.725271 0.152676 0.716428 0.178711 0.795042 0.152012 0.803884
0 0.123830 0.771644 0.170561 0.775318 0.168357 0.803356 0.121626 0.799682
1 0.185184 0.716541 0.211094 0.727482 0.178878 0.803771 0.152968 0.792830
1 0.166815 0.726333 0.193146 0.716449 0.222248 0.793980 0.195916 0.803863
0 0.164147 0.773294 0.212583 0.773582 0.212416 0.801706 0.163979 0.801418
1 0.221923 0.716488 0.248992 0.724121 0.226515 0.803825 0.199446 0.796191
1 0.210665 0.725629 0.237242 0.716428 0.264335 0.794683 0.237758 0.803885
1 0.267609 0.716444 0.293981 0.726217 0.265203 0.803869 0.238831 0.794095
1 0.251209 0.726634 0.275876 0.716778 0.306603 0.793679 0.281937 0.803535
0 0.248861 0.772732 0.297277 0.774155 0.296452 0.802268 0.248035 0.800845
1 0.308474 0.716427 0.335130 0.725399 0.308713 0.803885 0.282057 0.794913
1 0.293519 0.726867 0.319658 0.716483 0.350231 0.793446 0.324092 0.803829
0 0.293130 0.770038 0.341264 0.775451 0.338120 0.803400 0.289986 0.797987
1 0.356081 0.716996 0.380197 0.728132 0.345481 0.803316 0.321365 0.792181
1 0.335676 0.726242 0.362039 0.716445 0.390887 0.794071 0.364523 0.803868
0 0.334763 0.772810 0.381621 0.774075 0.380862 0.802190 0.334004 0.800925
1 0.396243 0.716498 0.422315 0.727046 0.391257 0.803814 0.365185 0.793266
1 0.377802 0.726292 0.404148 0.716447 0.433135 0.794021 0.406790 0.803865
0 0.377465 0.770170 0.424057 0.775312 0.420972 0.803268 0.374380 0.798125
1 0.434582 0.716431 0.461329 0.725125 0.435731 0.803882 0.408983 0.795188
1 0.420098 0.726204 0.446474 0.716443 0.475215 0.794108 0.448838 0.803869
0 0.418440 0.773968 0.465303 0.772914 0.465935 0.801032 0.419072 0.802086
1 0.476476 0.716681 0.501926 0.724287 0.478212 0.803632 0.452762 0.796025
1 0.462302 0.726839 0.488450 0.716481 0.518948 0.793473 0.492800 0.803831
1 0.522866 0.716502 0.548924 0.727086 0.517759 0.803811 0.491701 0.793226
1 0.504533 0.726802 0.530695 0.716478 0.561092 0.793511 0.534930 0.803834
1 0.564676 0.716527 0.590634 0.727352 0.558762 0.803785 0.532803 0.792961
1 0.546610 0.726896 0.572737 0.716486 0.603390 0.793416 0.577263 0.803827
0 0.543248 0.775841 0.589890 0.771174 0.592690 0.799159 0.546048 0.803826
1 0.605577 0.716436 0.632018 0.726020 0.603798 0.803876 0.577357 0.794292
1 0.589024 0.726704 0.615222 0.716471 0.645351 0.793609 0.619153 0.803841
0 0.585477 0.775835 0.633690 0.771171 0.636398 0.799165 0.588185 0.803829
1 0.649958 0.716598 0.675686 0.727961 0.642229 0.803714 0.616502 0.792352
1 0.630731 0.726453 0.657019 0.716456 0.686456 0.793859 0.660168 0.803857
0 0.629993 0.772940 0.676858 0.773942 0.676257 0.802060 0.629392 0.801058
1 0.689539 0.716690 0.714587 0.725531 0.687024 0.803622 0.661976 0.794781
1 0.671658 0.728251 0.697274 0.716638 0.731467 0.792062 0.705851 0.803674
0 0.672836 0.770012 0.720964 0.775480 0.717789 0.803425 0.669661 0.797957
1 0.731483 0.716428 0.758065 0.725614 0.731017 0.803885 0.704435 0.794699
1 0.718298 0.724598 0.745217 0.716452 0.769202 0.795715 0.742283 0.803861
0 0.712888 0.772789 0.761308 0.774096 0.760549 0.802211 0.712129 0.800904
1 0.770278 0.716492 0.797362 0.724075 0.775034 0.803821 0.747951 0.796238
1 0.758902 0.725786 0.785426 0.716430 0.812973 0.794527 0.786449 0.803882
0 0.756062 0.773755 0.802933 0.773122 0.803313 0.801245 0.756442 0.801878
1 0.815879 0.716439 0.842289 0.726112 0.813808 0.803873 0.787399 0.794200
1 0.800000 0.726031 0.826438 0.716437 0.854688 0.794281 0.828250 0.803876
0 0.796741 0.775090 0.843504 0.771852 0.845447 0.799910 0.798684 0.803148
1 0.861018 0.716609 0.886714 0.728044 0.853044 0.803703 0.827349 0.792268
1 0.842014 0.726170 0.868403 0.716442 0.897048 0.794142 0.870659 0.803871
1 0.902019 0.716474 0.928204 0.726738 0.897981 0.803839 0.871796 0.793574
1 0.884243 0.726137 0.910644 0.716440 0.939195 0.794176 0.912794 0.803872
0 0.884382 0.768289 0.931928 0.777542 0.926555 0.805149 0.879010 0.795896
1 0.037959 0.813349 0.064144 0.823615 0.033916 0.900714 0.007731 0.890447
1 0.019918 0.824206 0.044332 0.813741 0.076957 0.889857 0.052543 0.900321
0 0.017534 0.869733 0.065957 0.870901 0.065279 0.899017 0.016855 0.897849
1 0.082379 0.813510 0.108004 0.825102 0.073871 0.900553 0.048246 0.888961
1 0.063759 0.822528 0.090328 0.813303 0.117491 0.891534 0.090922 0.900759
0 0.059199 0.872108 0.107509 0.868591 0.109551 0.896642 0.061241 0.900159
1 0.124544 0.813507 0.150175 0.825086 0.116081 0.900555 0.090450 0.888976
1 0.105910 0.822557 0.132469 0.813304 0.159715 0.891506 0.133156 0.900759
1 0.164580 0.813352 0.190751 0.823653 0.160420 0.900711 0.134249 0.890410
1 0.153083 0.819191 0.180661 0.813670 0.196917 0.894872 0.169339 0.900392
1 0.209626 0.813678 0.234845 0.826128 0.198187 0.900385 0.172967 0.887935
1 0.189861 0.823206 0.214634 0.813622 0.244514 0.890856 0.219741 0.900440
0 0.185964 0.870266 0.234402 0.870359 0.234348 0.898484 0.185911 0.898391
1 0.247493 0.813325 0.273821 0.823217 0.244694 0.900738 0.218366 0.890846
1 0.232489 0.822544 0.259052 0.813303 0.286261 0.891518 0.259698 0.900759
0 0.228069 0.870409 0.276507 0.870217 0.276618 0.898341 0.228181 0.898533
1 0.289385 0.813561 0.314464 0.822313 0.287177 0.900501 0.262098 0.891749
1 0.273336 0.823303 0.298075 0.813631 0.328227 0.890760 0.303487 0.900431
0 0.272563 0.868443 0.319386 0.870651 0.318062 0.898744 0.271239 0.896537
1 0.333869 0.813680 0.358450 0.823746 0.327069 0.900382 0.302487 0.890316
1 0.321244 0.819825 0.347084 0.813675 0.366256 0.894238 0.340416 0.900387
0 0.310715 0.873977 0.358640 0.866946 0.362722 0.894773 0.314798 0.901804
1 0.373723 0.813303 0.400295 0.822522 0.373152 0.900759 0.346580 0.891541
1 0.357630 0.823701 0.383783 0.813355 0.414245 0.890362 0.388092 0.900707
1 0.422588 0.813860 0.447439 0.827030 0.408662 0.900202 0.383811 0.887033
1 0.399833 0.823688 0.425991 0.813354 0.456417 0.890375 0.430259 0.900708
0 0.396635 0.872175 0.443368 0.868535 0.445553 0.896575 0.398819 0.900215
1 0.458355 0.813306 0.484872 0.822680 0.457270 0.900757 0.430753 0.891383
1 0.441436 0.824193 0.467407 0.813399 0.499189 0.889870 0.473218 0.900664
1 0.500290 0.813303 0.526860 0.822524 0.499710 0.900759 0.473140 0.891539
1 0.485830 0.822377 0.512451 0.813302 0.539170 0.891686 0.512549 0.900760
0 0.483088 0.868685 0.529845 0.872011 0.527849 0.900065 0.481092 0.896739
1 0.541142 0.813303 0.567827 0.822186 0.541670 0.900760 0.514985 0.891876
1 0.524472 0.825421 0.549972 0.813557 0.584903 0.888642 0.559403 0.900505
1 0.581211 0.813367 0.608295 0.820947 0.585977 0.900695 0.558892 0.893116
1 0.571478 0.821433 0.598411 0.813329 0.622272 0.892630 0.595339 0.900733
0 0.566453 0.868193 0.614814 0.870914 0.613234 0.898994 0.564873 0.896274
1 0.628765 0.813404 0.654717 0.824245 0.622797 0.900658 0.596846 0.889818
1 0.609114 0.825167 0.634714 0.813519 0.669011 0.888896 0.643411 0.900544
1 0.669169 0.813319 0.695542 0.823091 0.666769 0.900744 0.640396 0.890972
1 0.651121 0.825338 0.676654 0.813544 0.711379 0.888725 0.685846 0.900518
1 0.705507 0.813550 0.732949 0.819712 0.714805 0.900512 0.687364 0.894351
1 0.695085 0.823739 0.721224 0.813358 0.751790 0.890323 0.725651 0.900704
1 0.753275 0.813302 0.779875 0.822438 0.752975 0.900760 0.726375 0.891624
1 0.738878 0.822436 0.765479 0.813302 0.792372 0.891627 0.765771 0.900760
0 0.733825 0.872037 0.780447 0.867177 0.783363 0.895150 0.736741 0.900010
1 0.799929 0.813637 0.825240 0.825899 0.789133 0.900426 0.763822 0.888163
1 0.777971 0.824355 0.803881 0.813416 0.836092 0.889707 0.810181 0.900647
0 0.777686 0.871072 0.824537 0.869568 0.825439 0.897678 0.778588 0.899182
1 0.841542 0.813735 0.865971 0.824164 0.833458 0.900327 0.809029 0.889898
1 0.821563 0.823811 0.847676 0.813364 0.878437 0.890251 0.852324 0.900699
1 0.879880 0.813313 0.906303 0.822949 0.877932 0.900749 0.851509 0.891114
1 0.863389 0.824125 0.889385 0.813392 0.920986 0.889938 0.894990 0.900670
0 0.863759 0.865525 0.911455 0.873968 0.906553 0.901662 0.858857 0.893220
6 0.953129 0.389053 1.000000 0.389072 1.000000 0.407822 0.953121 0.407803
6 0.956113 0.517365 0.999822 0.515488 1.000000 0.559197 0.957990 0.561075
6 0.000000 0.467541 0.029334 0.462444 0.034431 0.505896 0.000000 0.510993
6 0.957076 0.338270 0.991418 0.336764 0.992924 0.371105 0.958582 0.372611
6 0.000000 0.039072 0.028116 0.039053 0.028134 0.071866 0.000000 0.071884
