1 0.435549 0.930829 0.450182 0.936307 0.433201 0.981671 0.418568 0.976193
1 0.429389 0.937761 0.443489 0.931029 0.464361 0.974739 0.450261 0.981471
1 0.466046 0.930953 0.480307 0.937337 0.460517 0.981547 0.446255 0.975163
1 0.458892 0.937938 0.472923 0.931064 0.494233 0.974562 0.480202 0.981436
1 0.495873 0.930969 0.510099 0.937431 0.490065 0.981531 0.475839 0.975069
1 0.488690 0.937117 0.503033 0.930919 0.522247 0.975383 0.507904 0.981581
1 0.525408 0.931049 0.539469 0.937864 0.518342 0.981451 0.504281 0.974636
1 0.516944 0.937709 0.531064 0.931019 0.551806 0.974791 0.537686 0.981481
1 0.554926 0.931026 0.569032 0.937746 0.548199 0.981474 0.534093 0.974754
1 0.544672 0.938111 0.558323 0.930509 0.581890 0.972826 0.568239 0.980429
0 0.413917 0.979925 0.438912 0.979452 0.439208 0.995075 0.414213 0.995548
0 0.433835 0.981800 0.459831 0.976345 0.463040 0.991637 0.437044 0.997092
0 0.465778 0.977579 0.490627 0.980328 0.488909 0.995858 0.464061 0.993110
0 0.489045 0.980458 0.515438 0.977454 0.517205 0.992979 0.490812 0.995983
0 0.506833 0.977991 0.533330 0.979861 0.532229 0.995447 0.505733 0.993577
0 0.533767 0.979976 0.558680 0.977891 0.559983 0.993461 0.535070 0.995547
1 0.437772 0.863843 0.451869 0.870582 0.430978 0.914282 0.416881 0.907543
1 0.430505 0.868949 0.445197 0.863631 0.461683 0.909176 0.446990 0.914494
1 0.467652 0.863993 0.481478 0.871273 0.458910 0.914132 0.445085 0.906852
1 0.459098 0.869847 0.473472 0.863720 0.492465 0.908278 0.478091 0.914405
1 0.496977 0.863820 0.511119 0.870464 0.490523 0.914305 0.476381 0.907661
1 0.490149 0.869356 0.504700 0.863662 0.522351 0.908769 0.507800 0.914463
1 0.525852 0.863927 0.539790 0.870989 0.517898 0.914198 0.503960 0.907136
1 0.516895 0.870568 0.530998 0.863840 0.551855 0.907557 0.537752 0.914285
1 0.553461 0.863756 0.567743 0.870092 0.548102 0.914369 0.533819 0.908033
1 0.546422 0.870001 0.560738 0.863742 0.580141 0.908124 0.565824 0.914383
0 0.413113 0.910759 0.439603 0.912721 0.438449 0.928303 0.411959 0.926342
0 0.438292 0.913208 0.464698 0.910322 0.466395 0.925855 0.439990 0.928740
0 0.467531 0.911944 0.494069 0.913070 0.493407 0.928681 0.466868 0.927555
0 0.492386 0.912173 0.518940 0.912832 0.518552 0.928452 0.491998 0.927793
0 0.514771 0.910623 0.541238 0.912871 0.539916 0.928440 0.513449 0.926192
0 0.537214 0.913008 0.563757 0.912003 0.564349 0.927617 0.537805 0.928622
1 0.419409 0.796672 0.435028 0.797096 0.433716 0.845515 0.418097 0.845092
7 0.431089 0.797037 0.479526 0.796714 0.479848 0.845151 0.431412 0.845473
1 0.479277 0.796453 0.493915 0.801919 0.476973 0.847297 0.462335 0.841831
1 0.473370 0.803170 0.487553 0.796613 0.507880 0.840580 0.493697 0.847137
0 0.471263 0.798734 0.554048 0.796595 0.555299 0.845016 0.472514 0.847155
8 0.533955 0.797015 0.549577 0.796743 0.550420 0.845173 0.534798 0.845445
1 0.569513 0.796726 0.583476 0.803738 0.561737 0.847024 0.547774 0.840012
1 0.560419 0.803598 0.574437 0.796696 0.595831 0.840152 0.581813 0.847054
1 0.409407 0.729436 0.423567 0.736041 0.403093 0.779939 0.388933 0.773334
1 0.401299 0.736166 0.415411 0.729460 0.436201 0.773209 0.422089 0.779915
1 0.438699 0.728976 0.452305 0.736658 0.428489 0.778837 0.414883 0.771154
1 0.427969 0.736825 0.441824 0.729601 0.464218 0.772550 0.450364 0.779774
7 0.447144 0.729462 0.495538 0.731519 0.493481 0.779913 0.445087 0.777856
1 0.494049 0.728989 0.509584 0.730665 0.504388 0.778823 0.488854 0.777147
1 0.525322 0.729474 0.539405 0.736241 0.518428 0.779901 0.504345 0.773134
1 0.517024 0.736073 0.531172 0.729442 0.551726 0.773302 0.537578 0.779933
0 0.517816 0.727465 0.598941 0.731985 0.596246 0.780348 0.515122 0.775827
1 0.576474 0.729985 0.592089 0.729421 0.593838 0.777827 0.578224 0.778391
1 0.393782 0.662249 0.407943 0.668854 0.387468 0.712751 0.373307 0.706146
1 0.385157 0.668733 0.399364 0.662227 0.419530 0.706267 0.405324 0.712773
1 0.423296 0.662228 0.437502 0.668735 0.417329 0.712772 0.403123 0.706265
1 0.415340 0.668999 0.429445 0.662276 0.450285 0.706001 0.436180 0.712724
1 0.451470 0.662152 0.465858 0.668246 0.446967 0.712848 0.432579 0.706754
1 0.445166 0.668869 0.459321 0.662252 0.479834 0.706131 0.465679 0.712748
1 0.481271 0.662248 0.495434 0.668846 0.474979 0.712752 0.460816 0.706154
1 0.472974 0.669169 0.487013 0.662310 0.508276 0.705831 0.494237 0.712690
1 0.511162 0.662274 0.525272 0.668986 0.504463 0.712726 0.490353 0.706014
1 0.502768 0.669067 0.516847 0.662289 0.537857 0.705933 0.523778 0.712711
7 0.523376 0.658755 0.569520 0.667001 0.560999 0.714683 0.514855 0.706437
1 0.567423 0.662183 0.581730 0.668462 0.562265 0.712817 0.547957 0.706538
1 0.561747 0.668023 0.576215 0.662124 0.594503 0.706977 0.580035 0.712876
1 0.598814 0.662415 0.612665 0.669646 0.590249 0.712585 0.576398 0.705354
1 0.588976 0.669567 0.602858 0.662397 0.625087 0.705433 0.611204 0.712603
1 0.379708 0.595060 0.393872 0.601658 0.373417 0.645565 0.359253 0.638967
1 0.371367 0.601300 0.385665 0.595000 0.405196 0.639325 0.390897 0.645625
1 0.408110 0.595002 0.422402 0.601316 0.402828 0.645623 0.388536 0.639309
1 0.401131 0.601232 0.415454 0.594989 0.434807 0.639393 0.420483 0.645636
1 0.435977 0.594915 0.450516 0.600639 0.432773 0.645710 0.418234 0.639986
1 0.429290 0.601918 0.443353 0.595110 0.464460 0.638707 0.450397 0.645515
1 0.465699 0.594918 0.480230 0.600661 0.462426 0.645707 0.447895 0.639964
1 0.459134 0.601065 0.473520 0.594966 0.492428 0.639560 0.478043 0.645659
1 0.495406 0.594919 0.509933 0.600673 0.492094 0.645706 0.477567 0.639952
1 0.488582 0.601275 0.502890 0.594996 0.522355 0.639350 0.508048 0.645629
1 0.525762 0.595163 0.539725 0.602176 0.517988 0.645462 0.504025 0.638449
1 0.517183 0.601550 0.531388 0.595041 0.551567 0.639075 0.537362 0.645584
5 0.547670 0.595624 0.566411 0.595026 0.567955 0.643439 0.549214 0.644036
7 0.562980 0.593430 0.611258 0.597355 0.607333 0.645633 0.559055 0.641708
5 0.602795 0.597733 0.621342 0.594980 0.628455 0.642892 0.609908 0.645645
0 0.356718 0.643047 0.381677 0.644478 0.380782 0.660078 0.355823 0.658647
0 0.379166 0.643933 0.405661 0.642044 0.406772 0.657630 0.380277 0.659518
0 0.396098 0.644378 0.420949 0.641652 0.422652 0.657184 0.397801 0.659910
0 0.421372 0.643896 0.447872 0.642078 0.448941 0.657667 0.422441 0.659484
0 0.452820 0.644293 0.479361 0.643219 0.479992 0.658832 0.453452 0.659906
0 0.478018 0.643935 0.504578 0.643567 0.504794 0.659190 0.478234 0.659558
0 0.508222 0.643092 0.534751 0.644427 0.533966 0.660033 0.507437 0.658698
0 0.539549 0.642976 0.566065 0.644551 0.565138 0.660149 0.538623 0.658574
0 0.570210 0.643927 0.596770 0.643574 0.596977 0.659198 0.570417 0.659551
0 0.587927 0.643065 0.614454 0.644456 0.613635 0.660060 0.587109 0.658669
1 0.364242 0.527803 0.378564 0.534051 0.359195 0.578447 0.344874 0.572199
1 0.357784 0.534385 0.371980 0.527857 0.392216 0.571865 0.378020 0.578393
1 0.392090 0.527777 0.406479 0.533867 0.387598 0.578473 0.373209 0.572383
1 0.385857 0.534432 0.400036 0.527866 0.420393 0.571818 0.406214 0.578384
1 0.423719 0.527906 0.437814 0.534651 0.416906 0.578344 0.402811 0.571599
1 0.413878 0.535291 0.427721 0.528045 0.450185 0.570959 0.436342 0.578205
1 0.450290 0.527604 0.465870 0.528785 0.462210 0.577084 0.446630 0.575903
1 0.480090 0.527826 0.494356 0.534200 0.474597 0.578424 0.460331 0.572050
1 0.473083 0.533977 0.487432 0.527792 0.506605 0.572273 0.492256 0.578458
1 0.509710 0.527748 0.524181 0.533641 0.505915 0.578502 0.491444 0.572609
1 0.502454 0.534258 0.516698 0.527836 0.536608 0.571992 0.522364 0.578414
1 0.537861 0.527822 0.552137 0.534172 0.532451 0.578428 0.518175 0.572078
1 0.531166 0.533743 0.545600 0.527761 0.564147 0.572507 0.549712 0.578489
1 0.567399 0.527806 0.581712 0.534072 0.562289 0.578444 0.547975 0.572178
1 0.560185 0.534333 0.574401 0.527848 0.594503 0.571917 0.580287 0.578402
0 0.558705 0.530113 0.643046 0.527719 0.644420 0.576137 0.560079 0.578531
1 0.621357 0.528298 0.636979 0.527963 0.638018 0.576389 0.622396 0.576724
0 0.324423 0.465036 0.406851 0.457064 0.411514 0.505277 0.329086 0.513248
0 0.356270 0.460903 0.437520 0.460972 0.437480 0.509409 0.356230 0.509341
0 0.386647 0.460567 0.467863 0.462890 0.466478 0.511308 0.385262 0.508985
1 0.453757 0.460769 0.467757 0.467709 0.446243 0.511106 0.432243 0.504166
1 0.445247 0.467231 0.459430 0.460676 0.479753 0.504644 0.465570 0.511199
0 0.446880 0.454165 0.530045 0.468405 0.521870 0.516147 0.438705 0.501908
1 0.506339 0.460909 0.521964 0.460966 0.521786 0.509403 0.506161 0.509346
1 0.539183 0.460698 0.553321 0.467352 0.532692 0.511177 0.518554 0.504523
1 0.531072 0.467336 0.545215 0.460695 0.565803 0.504539 0.551660 0.511180
1 0.569088 0.460727 0.583167 0.467502 0.562162 0.511148 0.548083 0.504373
1 0.558963 0.468338 0.572712 0.460915 0.595724 0.503537 0.581975 0.510960
1 0.597485 0.460662 0.611699 0.467153 0.591577 0.511213 0.577364 0.504722
1 0.590493 0.466597 0.604912 0.460578 0.623570 0.505278 0.609150 0.511297
0 0.588140 0.460636 0.672487 0.462818 0.671235 0.511239 0.586888 0.509057
0 0.342916 0.507245 0.369097 0.511729 0.366459 0.527130 0.340278 0.522646
0 0.372123 0.508968 0.398673 0.509790 0.398189 0.525407 0.371640 0.524585
0 0.401191 0.510003 0.426160 0.508766 0.426934 0.524372 0.401965 0.525609
0 0.426401 0.511140 0.451170 0.507754 0.453287 0.523235 0.428517 0.526621
0 0.444401 0.507580 0.470882 0.509655 0.469662 0.525232 0.443180 0.523158
0 0.471499 0.510053 0.498027 0.508717 0.498814 0.524322 0.472285 0.525658
0 0.501626 0.509268 0.528188 0.509482 0.528062 0.525107 0.501500 0.524893
0 0.529041 0.509739 0.553941 0.507511 0.555334 0.523073 0.530434 0.525302
0 0.545368 0.509286 0.570368 0.509464 0.570257 0.525089 0.545257 0.524911
0 0.560311 0.507186 0.586713 0.510096 0.585002 0.525627 0.558599 0.522717
0 0.591884 0.509883 0.616864 0.508880 0.617491 0.524492 0.592511 0.525495
0 0.621161 0.509874 0.646037 0.507391 0.647589 0.522939 0.622713 0.525421
1 0.350312 0.393681 0.365785 0.395850 0.359063 0.443819 0.343590 0.441650
0 0.340562 0.393859 0.423374 0.393641 0.423501 0.442079 0.340689 0.442296
1 0.408100 0.393439 0.422395 0.399748 0.402838 0.444061 0.388543 0.437752
1 0.401227 0.399585 0.415582 0.393415 0.434711 0.437915 0.420356 0.444085
1 0.437938 0.393676 0.451772 0.400941 0.429249 0.443824 0.415416 0.436559
1 0.429228 0.399694 0.443542 0.393431 0.462960 0.437806 0.448645 0.444069
1 0.467907 0.393594 0.481882 0.400583 0.460218 0.443906 0.446243 0.436917
1 0.458867 0.399737 0.473166 0.393437 0.492695 0.437763 0.478396 0.444063
1 0.497210 0.393539 0.511290 0.400313 0.490290 0.443961 0.476210 0.437187
1 0.488590 0.400427 0.502626 0.393562 0.523910 0.437073 0.509874 0.443938
1 0.523134 0.393384 0.537572 0.399358 0.519053 0.444116 0.504615 0.438142
1 0.517002 0.400155 0.531143 0.393508 0.551748 0.437345 0.537607 0.443992
1 0.549497 0.393918 0.565119 0.393592 0.566128 0.442019 0.550506 0.442345
1 0.580021 0.393219 0.595599 0.394426 0.591854 0.442719 0.576276 0.441511
7 0.594516 0.390403 0.642409 0.397641 0.635172 0.445534 0.587278 0.438297
1 0.642904 0.393594 0.656880 0.400581 0.635221 0.443906 0.621245 0.436919
1 0.633644 0.399938 0.647868 0.393470 0.667918 0.437562 0.653695 0.444030
1 0.334650 0.326250 0.348948 0.332552 0.329412 0.376875 0.315115 0.370573
1 0.328073 0.332153 0.342517 0.326195 0.360989 0.370972 0.346545 0.376930
5 0.359899 0.326366 0.378644 0.326770 0.377601 0.375196 0.358856 0.374793
5 0.389113 0.325998 0.407823 0.327232 0.404637 0.375564 0.385927 0.374331
0 0.388401 0.321804 0.469049 0.331680 0.463161 0.379758 0.382514 0.369883
1 0.451910 0.326258 0.466190 0.332600 0.446527 0.376867 0.432247 0.370525
1 0.444745 0.333332 0.458745 0.326393 0.480255 0.369793 0.466255 0.376732
1 0.481896 0.326396 0.495891 0.333343 0.474354 0.376729 0.460359 0.369782
1 0.473184 0.333031 0.487301 0.326333 0.508066 0.370094 0.493949 0.376792
8 0.504391 0.327243 0.519969 0.326029 0.523734 0.374320 0.508156 0.375534
8 0.535045 0.326141 0.550643 0.327069 0.547767 0.375421 0.532170 0.374494
0 0.536613 0.318260 0.617506 0.335988 0.607137 0.383303 0.526244 0.365575
1 0.594047 0.326469 0.609670 0.326660 0.609078 0.375094 0.593455 0.374903
1 0.626633 0.326316 0.640784 0.332943 0.620242 0.376809 0.606091 0.370182
1 0.618187 0.332599 0.632467 0.326257 0.652126 0.370526 0.637845 0.376868
1 0.654828 0.326236 0.669159 0.332462 0.649860 0.376889 0.635529 0.370663
1 0.648389 0.332151 0.662834 0.326194 0.681299 0.370974 0.666854 0.376931
1 0.322130 0.259153 0.336231 0.265882 0.315370 0.309597 0.301269 0.302868
1 0.313790 0.265862 0.327900 0.259149 0.348710 0.302888 0.334600 0.309601
1 0.351949 0.259171 0.366016 0.265974 0.344926 0.309579 0.330859 0.302776
1 0.343389 0.265946 0.357466 0.259165 0.378486 0.302804 0.364409 0.309585
1 0.378757 0.259102 0.392964 0.265605 0.372806 0.309648 0.358598 0.303145
1 0.372802 0.264800 0.387306 0.258988 0.405323 0.303950 0.390819 0.309762
1 0.407893 0.258980 0.422423 0.264727 0.404607 0.309770 0.390077 0.304023
1 0.401250 0.265190 0.415612 0.259037 0.434688 0.303560 0.420326 0.309713
1 0.435648 0.259010 0.450082 0.264992 0.431540 0.309740 0.417105 0.303758
1 0.429024 0.266238 0.442988 0.259226 0.464726 0.302512 0.450762 0.309524
1 0.466173 0.259092 0.480402 0.265548 0.460390 0.309658 0.446161 0.303202
1 0.458695 0.265517 0.472935 0.259087 0.492868 0.303233 0.478627 0.309663
5 0.492486 0.259293 0.511129 0.261297 0.505951 0.309457 0.487309 0.307453
1 0.523281 0.258966 0.537863 0.264577 0.520469 0.309784 0.505887 0.304173
1 0.516801 0.265970 0.530869 0.259170 0.551949 0.302780 0.537881 0.309580
1 0.547745 0.259901 0.563340 0.258941 0.566318 0.307286 0.550722 0.308247
1 0.581802 0.259093 0.596030 0.265550 0.576011 0.309657 0.561783 0.303200
1 0.573189 0.266607 0.587005 0.259311 0.609624 0.302143 0.595807 0.309439
5 0.605755 0.259572 0.624501 0.259188 0.625495 0.307615 0.606749 0.308000
1 0.642222 0.259124 0.656382 0.265730 0.635903 0.309626 0.621743 0.303020
1 0.632800 0.266368 0.646711 0.259255 0.668763 0.302382 0.654851 0.309495
1 0.671391 0.258639 0.685034 0.266256 0.661421 0.308548 0.647779 0.300931
1 0.661982 0.266096 0.676001 0.259196 0.697393 0.302654 0.683374 0.309554
0 0.298914 0.307097 0.323872 0.308555 0.322961 0.324153 0.298003 0.322695
0 0.314018 0.307888 0.340580 0.307737 0.340669 0.323362 0.314107 0.323513
0 0.333278 0.307071 0.359797 0.308579 0.358910 0.324179 0.332390 0.322671
0 0.361202 0.307405 0.386188 0.308228 0.385673 0.323845 0.360687 0.323022
0 0.379647 0.304031 0.405409 0.310502 0.401603 0.325656 0.375841 0.319185
0 0.408247 0.307116 0.434772 0.308531 0.433940 0.324134 0.407415 0.322719
0 0.439949 0.305689 0.466367 0.308458 0.464738 0.323998 0.438320 0.321229
0 0.470219 0.307975 0.496779 0.307652 0.496969 0.323275 0.470408 0.323598
0 0.488282 0.308543 0.514683 0.305615 0.516405 0.321145 0.490004 0.324072
0 0.516354 0.305971 0.541259 0.308151 0.539896 0.323717 0.514991 0.321536
0 0.536103 0.307538 0.562660 0.308090 0.562335 0.323712 0.535778 0.323160
0 0.564928 0.308360 0.591365 0.305777 0.592884 0.321328 0.566448 0.323911
0 0.584070 0.308323 0.609050 0.307315 0.609680 0.322927 0.584700 0.323935
0 0.609588 0.307481 0.634579 0.308149 0.634162 0.323769 0.609171 0.323101
0 0.629368 0.308384 0.655906 0.307255 0.656570 0.322866 0.630031 0.323995
0 0.653119 0.307822 0.678119 0.307803 0.678131 0.323428 0.653131 0.323447
1 0.307871 0.191940 0.322024 0.198559 0.301504 0.242435 0.287351 0.235816
1 0.298251 0.199356 0.312093 0.192108 0.334562 0.235019 0.320720 0.242267
1 0.336435 0.191999 0.350472 0.198864 0.329190 0.242376 0.315153 0.235511
1 0.327649 0.198868 0.341684 0.192000 0.362976 0.235507 0.348941 0.242375
1 0.364379 0.191879 0.378667 0.198205 0.359058 0.242496 0.344771 0.236170
1 0.357453 0.198757 0.371531 0.191977 0.392547 0.235618 0.378469 0.242398
1 0.392168 0.191846 0.406538 0.197981 0.387520 0.242529 0.373149 0.236394
1 0.386948 0.197543 0.401477 0.191793 0.419302 0.236832 0.404773 0.242582
1 0.421787 0.191840 0.436173 0.197936 0.417276 0.242535 0.402889 0.236439
1 0.415010 0.199004 0.428992 0.192028 0.450615 0.235371 0.436633 0.242347
5 0.446473 0.192347 0.465221 0.192035 0.466027 0.240466 0.447279 0.240778
1 0.482079 0.192049 0.496023 0.199098 0.474171 0.242326 0.460227 0.235277
1 0.471136 0.199155 0.484744 0.191475 0.508551 0.233658 0.494944 0.241338
1 0.507608 0.191746 0.522366 0.196879 0.506455 0.242629 0.491697 0.237496
1 0.501433 0.199298 0.515298 0.192094 0.537630 0.235077 0.523764 0.242281
1 0.539652 0.192012 0.553663 0.198928 0.532223 0.242363 0.518212 0.235447
1 0.531206 0.198462 0.545396 0.191922 0.565669 0.235913 0.551479 0.242453
0 0.531457 0.191843 0.612704 0.192533 0.612293 0.240969 0.531046 0.240279
1 0.599247 0.192046 0.613197 0.199084 0.591378 0.242329 0.577428 0.235291
1 0.591494 0.197033 0.606200 0.191753 0.622568 0.237342 0.607862 0.242622
1 0.625241 0.191804 0.639734 0.197642 0.621634 0.242571 0.607141 0.236733
1 0.616816 0.199546 0.630582 0.192154 0.653497 0.234829 0.639731 0.242221
1 0.656878 0.192018 0.670878 0.198956 0.649372 0.242357 0.635372 0.235419
1 0.648093 0.198742 0.662177 0.191975 0.683157 0.235633 0.669073 0.242400
1 0.683203 0.191887 0.697472 0.198254 0.677734 0.242488 0.663465 0.236121
1 0.676002 0.198222 0.690283 0.191882 0.709936 0.236153 0.695655 0.242493
1 0.292424 0.124775 0.306531 0.131495 0.285701 0.175225 0.271594 0.168505
1 0.284161 0.130730 0.298555 0.124650 0.317401 0.169270 0.303008 0.175350
1 0.322094 0.124889 0.335990 0.132033 0.313844 0.175111 0.299948 0.167967
1 0.315267 0.130198 0.329851 0.124591 0.347233 0.169802 0.332649 0.175409
0 0.314058 0.125007 0.395308 0.124993 0.395317 0.173431 0.314067 0.173444
1 0.380539 0.124865 0.394477 0.131927 0.372586 0.175135 0.358648 0.168073
1 0.371110 0.131219 0.385321 0.124725 0.405453 0.168781 0.391241 0.175275
5 0.401055 0.125539 0.419778 0.124531 0.422382 0.172898 0.403660 0.173907
7 0.417812 0.124452 0.466173 0.127187 0.463438 0.175548 0.415077 0.172813
1 0.467238 0.124751 0.481393 0.131366 0.460887 0.175249 0.446732 0.168634
1 0.457709 0.132127 0.471250 0.124332 0.495416 0.166310 0.481875 0.174106
7 0.474544 0.127085 0.522915 0.124544 0.525456 0.172915 0.477085 0.175456
1 0.524043 0.124724 0.538257 0.131212 0.518145 0.175276 0.503930 0.168788
1 0.515413 0.132194 0.529246 0.124927 0.551774 0.167806 0.537942 0.175073
7 0.538472 0.121868 0.584540 0.130528 0.575591 0.178132 0.529523 0.169472
1 0.583131 0.124786 0.597216 0.131552 0.576244 0.175214 0.562159 0.168448
1 0.573327 0.132091 0.587200 0.124902 0.609486 0.167909 0.595613 0.175098
1 0.612770 0.124780 0.626868 0.131518 0.605980 0.175220 0.591882 0.168482
1 0.602744 0.132368 0.616506 0.124969 0.639443 0.167632 0.625681 0.175031
1 0.642432 0.124776 0.656537 0.131500 0.635693 0.175224 0.621588 0.168500
1 0.633849 0.131730 0.647864 0.124823 0.669276 0.168270 0.655261 0.175177
1 0.670542 0.124891 0.684435 0.132041 0.662270 0.175109 0.648377 0.167959
1 0.660675 0.132246 0.674486 0.124939 0.697138 0.167754 0.683326 0.175061
7 0.682138 0.121564 0.729999 0.129013 0.722550 0.176874 0.674689 0.169425
0 0.269336 0.171789 0.294273 0.173563 0.293164 0.189148 0.268227 0.187375
0 0.296928 0.173347 0.323490 0.173528 0.323384 0.189153 0.296822 0.188972
0 0.327158 0.171723 0.353652 0.173630 0.352530 0.189215 0.326036 0.187308
0 0.343928 0.173142 0.370484 0.173736 0.370134 0.189358 0.343579 0.188764
0 0.360172 0.171437 0.386616 0.173946 0.385140 0.189501 0.358696 0.186992
0 0.383173 0.172855 0.409709 0.174035 0.409015 0.189645 0.382479 0.188465
0 0.401588 0.173394 0.428151 0.173481 0.428099 0.189106 0.401537 0.189019
0 0.428755 0.171672 0.455241 0.173685 0.454057 0.189265 0.427571 0.187252
0 0.445262 0.173524 0.471824 0.173351 0.471926 0.188976 0.445364 0.189149
0 0.475548 0.171791 0.502052 0.173556 0.501014 0.189146 0.474510 0.187382
0 0.504429 0.173895 0.530976 0.172989 0.531508 0.188605 0.504961 0.189511
0 0.521239 0.173856 0.547698 0.171517 0.549074 0.187081 0.522615 0.189420
0 0.544015 0.173004 0.570563 0.173880 0.570048 0.189496 0.543500 0.188620
0 0.562021 0.173481 0.586969 0.171864 0.587979 0.187456 0.563031 0.189073
0 0.585484 0.173484 0.611997 0.171857 0.612954 0.187453 0.586441 0.189080
0 0.612590 0.173287 0.639151 0.173589 0.638973 0.189213 0.612412 0.188911
0 0.637666 0.171232 0.664065 0.174176 0.662334 0.189705 0.635935 0.186761
0 0.661263 0.172909 0.687804 0.173979 0.687174 0.189591 0.660634 0.188521
0 0.677259 0.171578 0.703729 0.173788 0.702429 0.189359 0.675958 0.187149
0 0.697096 0.173094 0.722087 0.173787 0.721654 0.189406 0.696663 0.188713
6 0.947701 0.269520 0.982042 0.268013 0.983549 0.302355 0.949208 0.303862
6 0.012428 0.125073 0.031177 0.124928 0.031322 0.143677 0.012573 0.143822
6 0.012801 0.326366 0.033009 0.328426 0.030949 0.348634 0.010741 0.346574
6 0.000000 0.697023 0.027977 0.695216 0.029784 0.726414 0.000000 0.728221
6 0.953445 0.034342 0.995600 0.035983 0.994993 0.051596 0.952837 0.049955
