1 0.071437 0.071243 0.092338 0.081849 0.059813 0.145944 0.038912 0.135338
1 0.057420 0.080033 0.079298 0.071626 0.105080 0.138717 0.083202 0.147124
0 0.049326 0.122521 0.092695 0.116760 0.095987 0.141542 0.052618 0.147303
1 0.124968 0.073427 0.143913 0.087227 0.101594 0.145323 0.082650 0.131523
1 0.105527 0.080304 0.127309 0.071650 0.153848 0.138446 0.132066 0.147100
0 0.099544 0.120334 0.141702 0.118746 0.142643 0.143728 0.100486 0.145316
1 0.168319 0.071244 0.189217 0.081854 0.156681 0.145943 0.135783 0.135334
1 0.148404 0.086019 0.167885 0.072989 0.207846 0.132731 0.188365 0.145761
0 0.150836 0.116947 0.192425 0.124033 0.188226 0.148678 0.146638 0.141592
1 0.213567 0.071417 0.236556 0.081242 0.208308 0.147333 0.185319 0.137508
1 0.199575 0.081353 0.220671 0.071141 0.251987 0.135835 0.230891 0.146047
0 0.195266 0.121107 0.238907 0.118018 0.240672 0.142956 0.197031 0.146044
1 0.265488 0.071428 0.286072 0.082636 0.251699 0.145760 0.231116 0.134551
1 0.249800 0.080521 0.271504 0.071673 0.298637 0.138229 0.276934 0.147077
0 0.244918 0.121003 0.287084 0.119635 0.287894 0.144622 0.245729 0.145990
1 0.314898 0.071366 0.336302 0.084284 0.299165 0.145821 0.277761 0.132904
1 0.296496 0.081309 0.317609 0.071132 0.348817 0.135879 0.327704 0.146055
1 0.362457 0.071445 0.383012 0.082706 0.348481 0.145742 0.327925 0.134482
1 0.345105 0.081145 0.366282 0.071101 0.397082 0.136043 0.375906 0.146086
1 0.411130 0.071491 0.431613 0.082881 0.396683 0.145697 0.376199 0.134306
1 0.393602 0.081847 0.414503 0.071243 0.447023 0.135340 0.426122 0.145945
0 0.391318 0.118028 0.434813 0.122743 0.432119 0.147597 0.388624 0.142882
1 0.460662 0.071465 0.481908 0.084641 0.444025 0.145723 0.422780 0.132546
1 0.441800 0.082089 0.462605 0.071297 0.495700 0.135099 0.474895 0.145891
0 0.439476 0.119640 0.481641 0.120998 0.480837 0.145985 0.438671 0.144627
1 0.503722 0.071439 0.526629 0.081453 0.497841 0.147311 0.474934 0.137297
1 0.490471 0.081534 0.513347 0.071449 0.542341 0.137216 0.519466 0.147301
1 0.559299 0.071698 0.580188 0.085433 0.540701 0.145489 0.519812 0.131755
1 0.538970 0.081792 0.559893 0.071231 0.592280 0.135396 0.571357 0.145957
0 0.535406 0.120476 0.577552 0.118611 0.578657 0.143587 0.536511 0.145451
1 0.606538 0.071672 0.626746 0.083544 0.590337 0.145516 0.570129 0.133643
1 0.587072 0.081792 0.609847 0.071481 0.639490 0.136958 0.616716 0.147269
0 0.587335 0.115527 0.628653 0.124051 0.623602 0.148535 0.582285 0.140012
1 0.648858 0.071676 0.670550 0.080553 0.643329 0.147074 0.621638 0.138197
1 0.637479 0.081042 0.658991 0.071738 0.687521 0.137708 0.666009 0.147012
1 0.697862 0.071722 0.719418 0.080923 0.691201 0.147028 0.669645 0.137827
1 0.684339 0.081736 0.705285 0.071219 0.737536 0.135452 0.716590 0.145969
0 0.680637 0.120628 0.722770 0.118467 0.724050 0.143434 0.681918 0.145595
1 0.750181 0.071345 0.770903 0.082296 0.737319 0.145843 0.716597 0.134891
1 0.732786 0.081756 0.754028 0.071852 0.784402 0.136994 0.763160 0.146898
0 0.729960 0.119864 0.772138 0.120767 0.771603 0.145761 0.729425 0.144858
1 0.797855 0.071221 0.818796 0.081746 0.786520 0.145966 0.765579 0.135442
1 0.780641 0.082315 0.801355 0.071350 0.834984 0.134872 0.814270 0.145838
1 0.846965 0.071471 0.867480 0.082804 0.832723 0.145717 0.812208 0.134383
1 0.827432 0.083241 0.847767 0.071587 0.883506 0.133947 0.863171 0.145601
0 0.827252 0.118434 0.869381 0.120663 0.868060 0.145628 0.825932 0.143399
0 0.069453 0.140017 0.103529 0.144534 0.100860 0.164671 0.066783 0.160153
0 0.084604 0.141809 0.118971 0.142570 0.118521 0.162878 0.084154 0.162117
0 0.110526 0.140248 0.144420 0.145973 0.141037 0.166002 0.107142 0.160277
0 0.133877 0.143863 0.168207 0.142101 0.169248 0.162387 0.134918 0.164149
0 0.153117 0.142201 0.187492 0.142174 0.187508 0.162487 0.153133 0.162513
0 0.173166 0.142640 0.205966 0.141743 0.206521 0.162048 0.173721 0.162945
0 0.208350 0.140230 0.242485 0.144287 0.240087 0.164458 0.205953 0.160400
0 0.235332 0.140481 0.269310 0.145692 0.266230 0.165769 0.232253 0.160558
0 0.248372 0.144561 0.282607 0.141459 0.284440 0.161689 0.250205 0.164791
0 0.281945 0.139871 0.315687 0.146441 0.311805 0.166379 0.278063 0.159809
0 0.297017 0.141950 0.331389 0.142427 0.331108 0.162737 0.296736 0.162261
0 0.324988 0.142209 0.359363 0.142166 0.359387 0.162479 0.325012 0.162521
0 0.354358 0.144253 0.386928 0.140272 0.389392 0.160434 0.356822 0.164416
0 0.375351 0.138615 0.408387 0.148114 0.402774 0.167635 0.369738 0.158136
0 0.387479 0.148312 0.419995 0.137162 0.426584 0.156376 0.394067 0.167526
0 0.415020 0.140480 0.448998 0.145692 0.445917 0.165770 0.411940 0.160558
0 0.445264 0.146404 0.479018 0.139900 0.482861 0.159846 0.449107 0.166350
0 0.474413 0.145761 0.508371 0.140423 0.511525 0.160489 0.477567 0.165827
0 0.493296 0.143779 0.527634 0.142181 0.528579 0.162471 0.494241 0.164069
0 0.522955 0.143833 0.557288 0.142130 0.558295 0.162417 0.523962 0.164120
0 0.542710 0.142133 0.577043 0.143829 0.576040 0.164117 0.541707 0.162421
0 0.560993 0.142094 0.595368 0.142281 0.595257 0.162593 0.560882 0.162406
0 0.577527 0.144056 0.611836 0.141920 0.613098 0.162194 0.578789 0.164330
0 0.608859 0.143898 0.643185 0.142068 0.644266 0.162352 0.609940 0.164182
0 0.630968 0.142681 0.665329 0.141702 0.665907 0.162006 0.631546 0.162986
0 0.663583 0.143828 0.697916 0.142134 0.698917 0.162422 0.664584 0.164116
0 0.689946 0.140571 0.723953 0.145583 0.720992 0.165679 0.686984 0.160667
0 0.714661 0.142018 0.748982 0.143952 0.747839 0.164232 0.713518 0.162298
0 0.740474 0.145915 0.774123 0.138889 0.778276 0.158772 0.744627 0.165799
0 0.765467 0.142460 0.799838 0.141918 0.800158 0.162228 0.765787 0.162770
0 0.792173 0.138968 0.825441 0.147624 0.820327 0.167282 0.787059 0.158626
0 0.821465 0.140245 0.855359 0.145977 0.851972 0.166005 0.818078 0.160273
0 0.853834 0.140008 0.887909 0.144544 0.885228 0.164679 0.851154 0.160143
0 0.878304 0.141904 0.911111 0.142474 0.910759 0.162783 0.877951 0.162214
0 0.897495 0.141985 0.931812 0.143987 0.930630 0.164265 0.896313 0.162263
1 0.097419 0.159229 0.117544 0.171242 0.080706 0.232958 0.060581 0.220946
1 0.078039 0.169312 0.099260 0.159362 0.129773 0.224438 0.108552 0.234388
0 0.073069 0.210085 0.116595 0.205668 0.119119 0.230540 0.075593 0.234957
1 0.139942 0.159213 0.161524 0.168352 0.133496 0.234537 0.111914 0.225398
1 0.125936 0.169049 0.146955 0.158680 0.178752 0.223139 0.157733 0.233508
1 0.192023 0.158787 0.212845 0.169545 0.179852 0.233401 0.159030 0.222642
1 0.174394 0.169812 0.195110 0.158849 0.228731 0.222375 0.208015 0.233339
1 0.240628 0.158954 0.261170 0.170240 0.226559 0.233233 0.206018 0.221947
1 0.221612 0.170691 0.243820 0.159211 0.276826 0.223059 0.254618 0.234539
1 0.289788 0.159098 0.310105 0.170782 0.274275 0.233089 0.253957 0.221405
1 0.269954 0.170791 0.292121 0.159230 0.325358 0.222959 0.303192 0.234520
0 0.269023 0.207363 0.311201 0.208268 0.310664 0.233262 0.268487 0.232357
1 0.335611 0.158645 0.356698 0.168875 0.325326 0.233542 0.304239 0.223312
1 0.318697 0.171307 0.340646 0.159339 0.375053 0.222443 0.353104 0.234411
0 0.316818 0.209999 0.358791 0.205753 0.361307 0.230626 0.319334 0.234872
1 0.381919 0.159141 0.403734 0.167710 0.377456 0.234609 0.355641 0.226040
1 0.365520 0.173610 0.384962 0.160520 0.425105 0.220140 0.405663 0.233230
0 0.364904 0.210012 0.406701 0.204282 0.410096 0.229051 0.368299 0.234780
1 0.436932 0.159334 0.456909 0.171592 0.419318 0.232853 0.399341 0.220595
1 0.415412 0.170220 0.435962 0.158949 0.470525 0.221968 0.449976 0.233239
0 0.413984 0.208611 0.456059 0.205519 0.457891 0.230452 0.415816 0.233543
1 0.480942 0.158648 0.502024 0.168888 0.470621 0.233540 0.449539 0.223300
1 0.463791 0.171145 0.483957 0.159201 0.520584 0.221043 0.500418 0.232987
0 0.464719 0.205655 0.506671 0.210110 0.504031 0.234970 0.462079 0.230515
1 0.533438 0.160217 0.553276 0.172698 0.514999 0.233533 0.495162 0.221052
1 0.512286 0.170703 0.534160 0.158598 0.568964 0.221484 0.547090 0.233590
0 0.511149 0.207462 0.553331 0.208167 0.552913 0.233163 0.510732 0.232458
1 0.577371 0.159370 0.598573 0.169359 0.567941 0.234380 0.546739 0.224391
1 0.561790 0.170343 0.584142 0.159145 0.616335 0.223407 0.593983 0.234605
1 0.628015 0.158933 0.648590 0.170156 0.614173 0.233255 0.593597 0.222031
1 0.610739 0.169075 0.633599 0.158954 0.662698 0.224675 0.639838 0.234796
0 0.607566 0.208239 0.649745 0.207392 0.650247 0.232386 0.608068 0.233233
1 0.676193 0.158754 0.697074 0.169398 0.664432 0.233433 0.643551 0.222790
1 0.657421 0.170411 0.677893 0.158998 0.712891 0.221777 0.692420 0.233189
0 0.654357 0.211780 0.695866 0.204247 0.700331 0.228845 0.658821 0.236378
1 0.726760 0.159152 0.746997 0.170975 0.710740 0.233035 0.690503 0.221212
1 0.710268 0.167760 0.732065 0.159146 0.758482 0.225990 0.736685 0.234604
0 0.706470 0.205478 0.748538 0.208656 0.746655 0.233585 0.704587 0.230407
1 0.773677 0.158855 0.794381 0.169839 0.760698 0.233332 0.739994 0.222349
1 0.754557 0.170552 0.776823 0.159184 0.809506 0.223198 0.787240 0.234566
0 0.752692 0.210136 0.794638 0.205632 0.797308 0.230489 0.755362 0.234993
1 0.819738 0.159049 0.842324 0.169766 0.811512 0.234701 0.788926 0.223984
1 0.801360 0.172550 0.822422 0.159083 0.861140 0.219638 0.840078 0.233105
0 0.801771 0.207467 0.843953 0.208161 0.843541 0.233158 0.801360 0.232464
1 0.869057 0.159155 0.891387 0.170396 0.859068 0.234595 0.836738 0.223354
1 0.851469 0.170943 0.871720 0.159143 0.907906 0.221245 0.887655 0.233044
1 0.073810 0.246691 0.093991 0.258609 0.057440 0.320497 0.037259 0.308578
1 0.052653 0.257999 0.073087 0.246522 0.108285 0.309188 0.087850 0.320666
1 0.116610 0.246722 0.138167 0.255922 0.109952 0.322028 0.088396 0.312828
1 0.100891 0.259107 0.120861 0.246839 0.158484 0.308080 0.138514 0.320349
0 0.100772 0.293312 0.142886 0.295794 0.141416 0.320750 0.099301 0.318269
1 0.171442 0.247847 0.191106 0.260600 0.151996 0.320903 0.132332 0.308150
1 0.152531 0.255859 0.174110 0.246714 0.202157 0.312891 0.180577 0.322036
0 0.148762 0.294761 0.192498 0.295872 0.191863 0.320864 0.148127 0.319753
1 0.215539 0.246179 0.236560 0.256544 0.204774 0.321008 0.183753 0.310643
1 0.201463 0.255436 0.223197 0.246664 0.250099 0.313314 0.228365 0.322086
0 0.197027 0.295060 0.239211 0.295567 0.238911 0.320565 0.196726 0.320058
1 0.263577 0.246809 0.284914 0.256507 0.255173 0.321941 0.233836 0.312243
1 0.246716 0.258517 0.266935 0.246664 0.303284 0.308670 0.283065 0.320523
0 0.244809 0.295423 0.286960 0.293662 0.288003 0.318640 0.245853 0.320401
1 0.314370 0.246367 0.335054 0.257388 0.301255 0.320821 0.280571 0.309799
1 0.294879 0.258830 0.314967 0.246755 0.351996 0.308357 0.331908 0.320432
0 0.291580 0.297358 0.334988 0.291899 0.338107 0.316704 0.294699 0.322163
1 0.358437 0.246638 0.380262 0.255182 0.354063 0.322112 0.332238 0.313568
1 0.343553 0.258560 0.363755 0.246676 0.400197 0.308628 0.379995 0.320511
0 0.343285 0.291704 0.386638 0.297585 0.383278 0.322358 0.339925 0.316478
1 0.410618 0.246395 0.431257 0.257502 0.397194 0.320793 0.376556 0.309686
1 0.393391 0.257059 0.414208 0.246290 0.447234 0.310128 0.426417 0.320897
0 0.390755 0.295096 0.432940 0.295530 0.432683 0.320529 0.390497 0.320095
1 0.459868 0.246550 0.480259 0.258107 0.444819 0.320637 0.424429 0.309081
1 0.440371 0.257764 0.460903 0.246460 0.495566 0.309424 0.475035 0.320727
1 0.506152 0.246177 0.527176 0.256536 0.495410 0.321010 0.474386 0.310652
1 0.487240 0.260330 0.507021 0.247759 0.545572 0.308420 0.525792 0.320991
0 0.485937 0.296012 0.529590 0.293105 0.531251 0.318050 0.487598 0.320957
1 0.559403 0.246724 0.580253 0.260518 0.540597 0.320463 0.519747 0.306670
1 0.537250 0.257760 0.557783 0.246459 0.592438 0.309428 0.571904 0.320728
1 0.604908 0.246496 0.625383 0.257902 0.590405 0.320692 0.569930 0.309286
1 0.584266 0.260148 0.604125 0.247701 0.642296 0.308602 0.622437 0.321049
1 0.655071 0.246693 0.675248 0.258618 0.638679 0.320494 0.618502 0.308570
1 0.633915 0.258860 0.653990 0.246764 0.691085 0.308327 0.671010 0.320423
1 0.699636 0.246140 0.720733 0.256349 0.689427 0.321047 0.668329 0.310839
1 0.683765 0.257317 0.704478 0.246350 0.738110 0.309871 0.717397 0.320838
0 0.683346 0.293321 0.725334 0.297422 0.722904 0.322304 0.680916 0.318203
1 0.745479 0.246659 0.767230 0.255389 0.740458 0.322091 0.718707 0.313361
1 0.732130 0.256603 0.753128 0.246191 0.785057 0.310585 0.764059 0.320996
0 0.729365 0.295895 0.773100 0.294739 0.773760 0.319730 0.730025 0.320886
1 0.802470 0.248000 0.821936 0.261054 0.781905 0.320750 0.762439 0.307696
1 0.777504 0.261787 0.796645 0.248262 0.838121 0.306963 0.818980 0.320488
0 0.780007 0.293618 0.822052 0.297092 0.819993 0.322007 0.777948 0.318533
1 0.849014 0.246736 0.869128 0.258767 0.832236 0.320451 0.812122 0.308421
1 0.829068 0.256541 0.850090 0.246178 0.881869 0.310646 0.860847 0.321009
0 0.828556 0.291657 0.870314 0.297660 0.866757 0.322406 0.824998 0.316403
0 0.071456 0.313602 0.104961 0.321287 0.100419 0.341086 0.066914 0.333400
0 0.103852 0.316829 0.138148 0.319155 0.136773 0.339421 0.102477 0.337095
0 0.137839 0.315495 0.172036 0.318985 0.169974 0.339193 0.135776 0.335702
0 0.157313 0.320543 0.191332 0.315606 0.194249 0.335707 0.160231 0.340644
0 0.184035 0.312214 0.215848 0.325237 0.208152 0.344036 0.176340 0.331013
0 0.210485 0.318777 0.244823 0.317183 0.245765 0.337473 0.211427 0.339067
0 0.241729 0.318789 0.276066 0.317171 0.277021 0.337461 0.242684 0.339079
0 0.258790 0.318982 0.291542 0.316993 0.292773 0.337268 0.260021 0.339257
0 0.276332 0.315036 0.310144 0.321235 0.306480 0.341214 0.272669 0.335015
0 0.300839 0.311732 0.332959 0.323976 0.325724 0.342956 0.293603 0.330712
0 0.314319 0.316765 0.348684 0.317616 0.348181 0.337923 0.313816 0.337071
0 0.334112 0.317647 0.368475 0.316735 0.369013 0.337041 0.334650 0.337952
0 0.368406 0.317793 0.402760 0.316594 0.403469 0.336894 0.369115 0.338093
0 0.387698 0.313760 0.420833 0.322910 0.415427 0.342490 0.382292 0.333340
0 0.409992 0.315126 0.444100 0.319407 0.441570 0.339561 0.407463 0.335281
0 0.424391 0.319078 0.458697 0.316900 0.459984 0.337172 0.425678 0.339350
0 0.457435 0.317855 0.491785 0.316535 0.492565 0.336833 0.458215 0.338153
0 0.482416 0.321689 0.515752 0.313300 0.520709 0.332998 0.487373 0.341387
0 0.515905 0.312193 0.548449 0.323264 0.541907 0.342494 0.509364 0.331424
0 0.528615 0.317183 0.562953 0.318777 0.562010 0.339067 0.527672 0.337473
0 0.554279 0.317914 0.588624 0.316479 0.589471 0.336774 0.555126 0.338208
0 0.582626 0.319041 0.616812 0.315446 0.618937 0.335647 0.584750 0.339242
0 0.599454 0.320658 0.633441 0.315509 0.636484 0.335592 0.602497 0.340741
0 0.624627 0.319461 0.658722 0.315080 0.661310 0.335227 0.627216 0.339608
0 0.651068 0.322813 0.684249 0.313830 0.689557 0.333437 0.656376 0.342420
0 0.668117 0.320878 0.702040 0.315326 0.705321 0.335372 0.671397 0.340924
0 0.700666 0.316918 0.734974 0.319059 0.733709 0.339332 0.699401 0.337191
0 0.728755 0.316972 0.763070 0.319001 0.761870 0.339278 0.727555 0.337249
0 0.755550 0.312366 0.788237 0.323006 0.781950 0.342321 0.749263 0.331681
0 0.779419 0.317657 0.813781 0.316726 0.814331 0.337031 0.779969 0.337962
0 0.805167 0.316416 0.839507 0.317980 0.838583 0.338271 0.804243 0.336708
0 0.822883 0.318924 0.855642 0.317047 0.856804 0.337326 0.824046 0.339203
0 0.839964 0.320950 0.873866 0.315267 0.877224 0.335300 0.843322 0.340983
0 0.871467 0.319543 0.905542 0.315010 0.908220 0.335145 0.874146 0.339678
1 0.098175 0.335393 0.117779 0.348238 0.078387 0.408357 0.058783 0.395512
1 0.077903 0.344421 0.098775 0.333759 0.131472 0.397766 0.110600 0.408428
1 0.144097 0.333874 0.164770 0.344917 0.130903 0.408314 0.110230 0.397270
1 0.126007 0.344760 0.146743 0.333836 0.180243 0.397427 0.159507 0.408351
0 0.123438 0.382812 0.165625 0.382813 0.165625 0.407813 0.123437 0.407812
1 0.190518 0.333676 0.211545 0.344030 0.179794 0.408511 0.158767 0.398158
1 0.174273 0.344146 0.195254 0.333700 0.227289 0.398041 0.206308 0.408487
0 0.170212 0.386328 0.213441 0.379595 0.217288 0.404297 0.174059 0.411030
1 0.242661 0.335179 0.262550 0.347578 0.224526 0.408571 0.204637 0.396172
1 0.222868 0.345200 0.245278 0.334120 0.277132 0.398550 0.254722 0.409630
0 0.221382 0.382870 0.261974 0.381214 0.262993 0.406193 0.222401 0.407849
1 0.286842 0.334290 0.308223 0.343890 0.278783 0.409460 0.257402 0.399860
1 0.273387 0.343567 0.294890 0.334242 0.323488 0.400183 0.301985 0.409508
0 0.270624 0.381129 0.312671 0.384580 0.310626 0.409496 0.268579 0.406045
1 0.336938 0.333724 0.357874 0.344261 0.325562 0.408463 0.304626 0.397927
1 0.318372 0.345396 0.338849 0.333995 0.373815 0.396791 0.353338 0.408193
0 0.318854 0.380646 0.360947 0.383473 0.359271 0.408417 0.317178 0.405590
1 0.386115 0.333988 0.406603 0.345370 0.371698 0.408200 0.351210 0.396818
1 0.366564 0.346168 0.388238 0.333708 0.424061 0.396020 0.402387 0.408480
1 0.432186 0.333605 0.453354 0.343666 0.422502 0.408582 0.401334 0.398522
1 0.415162 0.345903 0.437282 0.334253 0.470775 0.397847 0.448656 0.409497
0 0.413524 0.382988 0.455669 0.381100 0.456788 0.406075 0.414643 0.407963
1 0.479054 0.334217 0.500624 0.343385 0.472509 0.409533 0.450939 0.400365
1 0.464041 0.345862 0.484325 0.334121 0.520334 0.396325 0.500050 0.408067
1 0.529346 0.333643 0.550437 0.343865 0.519091 0.408544 0.498000 0.398323
1 0.513296 0.344617 0.535942 0.334026 0.566391 0.399133 0.543745 0.409724
1 0.580316 0.334078 0.600664 0.345709 0.564997 0.408109 0.544648 0.396479
1 0.560857 0.346337 0.582794 0.334346 0.617268 0.397413 0.595331 0.409404
1 0.628835 0.334095 0.649158 0.345771 0.613352 0.408092 0.593030 0.396417
1 0.608830 0.345578 0.629232 0.334043 0.664608 0.396609 0.644205 0.408145
1 0.677013 0.333893 0.697655 0.344994 0.663612 0.408295 0.642970 0.397194
1 0.658940 0.344637 0.679726 0.333808 0.712935 0.397551 0.692149 0.408380
0 0.655725 0.382963 0.697872 0.381123 0.698963 0.406099 0.656815 0.407939
1 0.723314 0.333674 0.744346 0.344018 0.712623 0.408514 0.691592 0.398169
1 0.707640 0.344372 0.728532 0.333748 0.761110 0.397816 0.740218 0.408439
1 0.769234 0.334181 0.790911 0.343094 0.763579 0.409569 0.741902 0.400656
1 0.754540 0.346004 0.774765 0.334160 0.811085 0.396184 0.790860 0.408027
1 0.823534 0.334131 0.843803 0.345898 0.807716 0.408057 0.787447 0.396289
1 0.799942 0.349583 0.818951 0.335873 0.860996 0.394167 0.841987 0.407877
0 0.801771 0.381221 0.845400 0.384473 0.843542 0.409404 0.799913 0.406152
1 0.868926 0.334138 0.891295 0.345301 0.859199 0.409612 0.836830 0.398449
1 0.851039 0.345555 0.871450 0.334036 0.906774 0.396633 0.886362 0.408151
0 0.852264 0.379608 0.893911 0.386337 0.889924 0.411017 0.848276 0.404288
0 0.069023 0.404238 0.103387 0.405144 0.102852 0.425449 0.068488 0.424544
0 0.096439 0.410105 0.129715 0.401482 0.134811 0.421145 0.101535 0.429768
0 0.120033 0.405177 0.154394 0.404206 0.154967 0.424511 0.120606 0.425481
0 0.139697 0.404465 0.174011 0.406509 0.172803 0.426785 0.138489 0.424741
0 0.166588 0.408290 0.200538 0.402898 0.203724 0.422960 0.169775 0.428352
0 0.186281 0.402988 0.220477 0.406492 0.218406 0.426699 0.184211 0.423195
0 0.207810 0.406930 0.242066 0.404077 0.243752 0.424320 0.209496 0.427173
0 0.234449 0.404569 0.267260 0.404806 0.267114 0.425118 0.234302 0.424881
0 0.253719 0.404525 0.288040 0.406444 0.286906 0.426725 0.252585 0.424806
0 0.268691 0.407049 0.302928 0.403970 0.304747 0.424201 0.270510 0.427280
0 0.294232 0.402803 0.328385 0.406704 0.326080 0.426885 0.291927 0.422984
0 0.323137 0.406794 0.357270 0.402724 0.359675 0.422893 0.325542 0.426964
0 0.355780 0.406310 0.390115 0.404652 0.391095 0.424940 0.356760 0.426598
0 0.388281 0.408769 0.422081 0.402508 0.425781 0.422481 0.391981 0.428742
0 0.414152 0.404537 0.448526 0.404839 0.448348 0.425151 0.413974 0.424849
0 0.445122 0.406549 0.479307 0.402939 0.481440 0.423139 0.447255 0.426749
0 0.480082 0.402920 0.514263 0.406570 0.512106 0.426768 0.477925 0.423117
0 0.505908 0.409008 0.539322 0.400935 0.544092 0.420679 0.510678 0.428752
0 0.536922 0.406518 0.571235 0.404456 0.572453 0.424732 0.538140 0.426794
0 0.566455 0.406825 0.600727 0.404173 0.602295 0.424425 0.568023 0.427077
0 0.583893 0.406332 0.618226 0.404630 0.619232 0.424918 0.584899 0.426620
0 0.603354 0.404309 0.637721 0.405071 0.637271 0.425379 0.602904 0.424616
0 0.627557 0.406499 0.661872 0.404474 0.663068 0.424751 0.628753 0.426776
0 0.652733 0.405382 0.687081 0.404009 0.687892 0.424305 0.653544 0.425678
0 0.678849 0.404333 0.713146 0.406651 0.711776 0.426917 0.677479 0.424599
0 0.702072 0.404652 0.736407 0.406309 0.735428 0.426598 0.701093 0.424941
0 0.722778 0.401503 0.754876 0.408315 0.750659 0.428185 0.718561 0.421373
0 0.756084 0.400840 0.789443 0.409135 0.784541 0.428847 0.751182 0.420552
0 0.778791 0.404418 0.813099 0.406559 0.811834 0.426832 0.777526 0.424691
0 0.808695 0.406660 0.841425 0.404329 0.842868 0.424590 0.810138 0.426921
0 0.837425 0.404816 0.871799 0.404560 0.871950 0.424872 0.837576 0.425128
0 0.870147 0.404972 0.904518 0.404406 0.904853 0.424715 0.870482 0.425282
0 0.895700 0.402929 0.929883 0.406560 0.927737 0.426759 0.893554 0.423127
1 0.071906 0.421459 0.092439 0.432761 0.057782 0.495728 0.037249 0.484427
1 0.052446 0.433226 0.072787 0.421583 0.108492 0.483962 0.088151 0.495605
1 0.120655 0.421520 0.141092 0.432993 0.105908 0.495668 0.085471 0.484195
1 0.102657 0.431394 0.123737 0.421149 0.155155 0.485793 0.134075 0.496039
1 0.167286 0.421206 0.188255 0.431675 0.156152 0.495981 0.135182 0.485513
1 0.152999 0.431134 0.174477 0.421752 0.203251 0.487616 0.181773 0.496998
0 0.150842 0.466941 0.192428 0.474041 0.188221 0.498684 0.146635 0.491584
1 0.215362 0.421683 0.237629 0.433050 0.204950 0.497067 0.182684 0.485700
1 0.198183 0.433249 0.220037 0.421108 0.254942 0.483939 0.233088 0.496079
0 0.197013 0.468044 0.240658 0.471079 0.238924 0.496018 0.195279 0.492984
1 0.264080 0.421618 0.286495 0.432687 0.254670 0.497132 0.232255 0.486063
1 0.246203 0.433628 0.268228 0.421800 0.302234 0.485122 0.280209 0.496950
0 0.245356 0.470239 0.287543 0.470386 0.287457 0.495386 0.245269 0.495239
1 0.316146 0.422690 0.336019 0.435115 0.297917 0.496060 0.278044 0.483635
1 0.296115 0.432473 0.316765 0.421387 0.350760 0.484715 0.330110 0.495800
0 0.293754 0.470305 0.335942 0.470320 0.335933 0.495320 0.293746 0.495305
1 0.360652 0.421680 0.382926 0.433033 0.350285 0.497070 0.328012 0.485717
1 0.343570 0.433541 0.363780 0.421671 0.400180 0.483647 0.379970 0.495517
1 0.406916 0.421695 0.428550 0.430712 0.400896 0.497055 0.379263 0.488038
1 0.394712 0.431564 0.416027 0.421819 0.445913 0.487186 0.424598 0.496931
0 0.390549 0.471045 0.431066 0.468084 0.432888 0.493017 0.392371 0.495979
1 0.462203 0.421844 0.482881 0.435894 0.442485 0.495344 0.421807 0.481293
1 0.441921 0.431966 0.462775 0.421269 0.495579 0.485221 0.474725 0.495918
1 0.508070 0.421503 0.528533 0.432929 0.493493 0.495684 0.473029 0.484258
1 0.490188 0.432139 0.510972 0.421308 0.544187 0.485048 0.523403 0.495879
1 0.557061 0.421361 0.578474 0.434265 0.541376 0.495826 0.519964 0.482923
1 0.535201 0.435920 0.554726 0.422954 0.594486 0.482830 0.574961 0.495796
0 0.536031 0.470156 0.578217 0.470470 0.578031 0.495469 0.535845 0.495155
1 0.602414 0.421534 0.625039 0.432170 0.594461 0.497216 0.571836 0.486580
1 0.585436 0.433909 0.605490 0.421779 0.642689 0.483279 0.622635 0.495409
1 0.655714 0.422820 0.675414 0.435518 0.636474 0.495930 0.616774 0.483232
1 0.636869 0.431592 0.658174 0.421823 0.688131 0.487158 0.666826 0.496927
0 0.631209 0.471095 0.674852 0.468029 0.676603 0.492968 0.632961 0.496033
1 0.701178 0.421252 0.722063 0.431888 0.689447 0.495936 0.668562 0.485300
1 0.683888 0.432190 0.704653 0.421320 0.737987 0.484998 0.717222 0.495868
0 0.679662 0.474911 0.720637 0.464870 0.726588 0.489151 0.685613 0.499193
1 0.750415 0.421535 0.770830 0.433048 0.735522 0.495653 0.715108 0.484140
1 0.734065 0.431300 0.755480 0.421776 0.784685 0.487450 0.763270 0.496974
1 0.800664 0.421756 0.820750 0.433834 0.783711 0.495431 0.763625 0.483353
1 0.779495 0.433555 0.799698 0.421675 0.836130 0.483633 0.815927 0.495512
0 0.777361 0.472615 0.819131 0.466695 0.822639 0.491448 0.780869 0.497367
1 0.848999 0.422701 0.868858 0.435147 0.830688 0.496049 0.810829 0.483603
1 0.826291 0.436325 0.845638 0.423095 0.886209 0.482425 0.866862 0.495655
0 0.825948 0.470632 0.868080 0.468464 0.869364 0.493431 0.827233 0.495599
1 0.095491 0.508844 0.116213 0.519794 0.082634 0.583343 0.061912 0.572393
1 0.078036 0.519315 0.099256 0.509362 0.129776 0.574435 0.108557 0.584388
0 0.074625 0.560011 0.116596 0.555742 0.119125 0.580614 0.077154 0.584883
1 0.139838 0.509204 0.161445 0.518284 0.133599 0.584546 0.111992 0.575466
1 0.125869 0.519114 0.146862 0.508693 0.178819 0.573073 0.157826 0.583494
0 0.123851 0.557139 0.166017 0.558499 0.165211 0.583486 0.123046 0.582126
1 0.192157 0.508948 0.212709 0.520215 0.178155 0.583240 0.157604 0.571972
1 0.171743 0.522676 0.191590 0.510210 0.229820 0.571074 0.209972 0.583540
0 0.172050 0.557522 0.214233 0.558106 0.213888 0.583103 0.171704 0.582519
1 0.240569 0.508805 0.261360 0.519624 0.228181 0.583383 0.207390 0.572563
1 0.221768 0.520958 0.242012 0.509147 0.278232 0.571229 0.257988 0.583040
1 0.288450 0.508717 0.309400 0.519225 0.277175 0.583471 0.256225 0.572963
1 0.270263 0.520046 0.290884 0.508906 0.325049 0.572141 0.304429 0.583282
1 0.335760 0.509195 0.358001 0.520612 0.325177 0.584555 0.302936 0.573138
1 0.316612 0.524226 0.335780 0.510740 0.377138 0.569524 0.357970 0.583010
1 0.387754 0.509165 0.407973 0.521018 0.371621 0.583023 0.351402 0.571169
1 0.367096 0.520091 0.387698 0.508917 0.421967 0.572096 0.401364 0.583271
0 0.365634 0.557798 0.407821 0.557827 0.407804 0.582827 0.365616 0.582798
1 0.434091 0.508901 0.454719 0.520028 0.420596 0.583287 0.399968 0.572159
1 0.416629 0.519764 0.437364 0.508837 0.470871 0.572424 0.450136 0.583350
0 0.413620 0.558591 0.455779 0.557050 0.456692 0.582034 0.414533 0.583575
1 0.479261 0.509236 0.500780 0.518522 0.472302 0.584514 0.450782 0.575228
1 0.465521 0.519303 0.486440 0.508733 0.518854 0.572884 0.497935 0.583454
0 0.462715 0.556212 0.506342 0.559484 0.504473 0.584413 0.460845 0.581141
1 0.531614 0.509024 0.552045 0.520510 0.516823 0.583163 0.496393 0.571678
1 0.513576 0.519690 0.534340 0.508820 0.567674 0.572498 0.546910 0.583367
0 0.511279 0.557254 0.553451 0.558380 0.552784 0.583371 0.510612 0.582245
1 0.579850 0.508985 0.600343 0.520359 0.565462 0.583203 0.544970 0.571829
1 0.562114 0.518816 0.583224 0.508634 0.614449 0.573372 0.593338 0.583554
0 0.557616 0.561583 0.600770 0.554383 0.604884 0.579042 0.561730 0.586242
1 0.630414 0.509015 0.651581 0.522317 0.613336 0.583173 0.592169 0.569870
1 0.608641 0.520786 0.628957 0.509099 0.664796 0.571402 0.644480 0.583088
0 0.607600 0.558178 0.649781 0.557450 0.650213 0.582447 0.608031 0.583175
1 0.675583 0.509310 0.697589 0.521174 0.663479 0.584440 0.641474 0.572576
1 0.657480 0.520348 0.677977 0.508982 0.712832 0.571840 0.692335 0.583206
0 0.656171 0.558613 0.698245 0.555517 0.700079 0.580450 0.658005 0.583545
1 0.727150 0.509239 0.747261 0.521275 0.710350 0.582949 0.690239 0.570913
1 0.707399 0.519278 0.730179 0.508979 0.759789 0.574472 0.737009 0.584771
0 0.705007 0.557289 0.747181 0.558344 0.746556 0.583336 0.704382 0.582281
1 0.773089 0.508757 0.793964 0.519414 0.761286 0.583430 0.740411 0.572774
1 0.754100 0.520625 0.774483 0.509055 0.809963 0.571563 0.789580 0.583132
1 0.823289 0.508993 0.844489 0.522242 0.806399 0.583194 0.785198 0.569945
1 0.802628 0.520526 0.823052 0.509029 0.858310 0.571662 0.837886 0.583159
0 0.804069 0.554496 0.845927 0.559762 0.842806 0.584566 0.800948 0.579300
1 0.872672 0.510260 0.892451 0.522834 0.853891 0.583490 0.834112 0.570916
1 0.854650 0.518556 0.876156 0.509240 0.904725 0.575194 0.883219 0.584510
0 0.850423 0.557124 0.892588 0.558515 0.891764 0.583501 0.849599 0.582110
0 0.068696 0.579779 0.103071 0.579596 0.103179 0.599908 0.068804 0.600091
0 0.101106 0.576142 0.134631 0.583735 0.130144 0.603546 0.096619 0.595952
0 0.118273 0.581323 0.152607 0.579639 0.153602 0.599927 0.119268 0.601611
0 0.154154 0.576224 0.187722 0.583628 0.183346 0.603464 0.149778 0.596059
0 0.185555 0.577713 0.219437 0.583517 0.216007 0.603537 0.182126 0.597733
0 0.207771 0.583885 0.241532 0.577416 0.245354 0.597365 0.211593 0.603834
0 0.222828 0.583316 0.256771 0.577878 0.259984 0.597934 0.226042 0.603372
0 0.243490 0.577570 0.277315 0.583693 0.273697 0.603680 0.239872 0.597557
0 0.264061 0.581929 0.298317 0.579079 0.300002 0.599321 0.265745 0.602171
0 0.287080 0.580434 0.321424 0.578960 0.322295 0.599254 0.287951 0.600728
0 0.304068 0.583343 0.338002 0.577855 0.341245 0.597907 0.307311 0.603395
0 0.324376 0.581607 0.358679 0.579373 0.359999 0.599643 0.325696 0.601877
0 0.350797 0.579282 0.383519 0.581711 0.382016 0.601968 0.349293 0.599539
0 0.374978 0.583829 0.408758 0.577460 0.412522 0.597421 0.378742 0.603790
0 0.395644 0.578005 0.429843 0.581473 0.427794 0.601682 0.393594 0.598214
0 0.416379 0.576524 0.450091 0.583243 0.446121 0.603163 0.412409 0.596445
0 0.435881 0.579779 0.468693 0.579596 0.468806 0.599908 0.435994 0.600091
0 0.459370 0.581937 0.493625 0.579071 0.495318 0.599313 0.461063 0.602179
0 0.491135 0.573323 0.522222 0.587995 0.513552 0.606364 0.482466 0.591693
0 0.501654 0.579534 0.536028 0.579842 0.535846 0.600154 0.501472 0.599845
0 0.529177 0.583070 0.563188 0.578082 0.566136 0.598180 0.532124 0.603168
0 0.552831 0.583855 0.586308 0.576051 0.590919 0.595833 0.557442 0.603637
0 0.587689 0.576269 0.620830 0.585398 0.615436 0.604981 0.582295 0.595852
0 0.613102 0.575881 0.645971 0.585946 0.640023 0.605369 0.607154 0.595304
0 0.635216 0.581739 0.667935 0.579257 0.669471 0.599511 0.636753 0.601993
0 0.661257 0.579166 0.695616 0.580219 0.694993 0.600522 0.660634 0.599469
0 0.695422 0.579505 0.729795 0.579871 0.729578 0.600183 0.695205 0.599816
0 0.723435 0.583776 0.757233 0.577502 0.760940 0.597474 0.727142 0.603748
0 0.757678 0.579918 0.792050 0.579459 0.792322 0.599769 0.757950 0.600229
0 0.773143 0.581781 0.807279 0.577735 0.809670 0.597907 0.775533 0.601952
0 0.790543 0.583216 0.824265 0.576545 0.828207 0.596472 0.794485 0.603142
0 0.814050 0.579709 0.848425 0.579666 0.848450 0.599978 0.814075 0.600022
0 0.833083 0.579243 0.867446 0.580139 0.866917 0.600444 0.832554 0.599549
0 0.856842 0.577488 0.890634 0.583794 0.886908 0.603762 0.853116 0.597456
0 0.877717 0.580412 0.912062 0.578981 0.912908 0.599276 0.878563 0.600706
1 0.071612 0.596271 0.092463 0.606975 0.059638 0.670916 0.038787 0.660213
1 0.052603 0.608053 0.073016 0.596536 0.108334 0.659135 0.087922 0.670652
1 0.122204 0.596681 0.142399 0.608576 0.105921 0.670506 0.085726 0.658612
1 0.101424 0.607641 0.122005 0.596429 0.156389 0.659546 0.135807 0.670758
0 0.102298 0.642067 0.143931 0.648886 0.139890 0.673558 0.098257 0.666739
1 0.164938 0.596654 0.186706 0.605342 0.160062 0.672096 0.138294 0.663408
1 0.149873 0.608048 0.172141 0.596683 0.204814 0.660702 0.182547 0.672067
0 0.148567 0.645097 0.190752 0.645529 0.190496 0.670528 0.148310 0.670096
1 0.217187 0.596453 0.237729 0.607737 0.203126 0.670734 0.182583 0.659450
1 0.200897 0.605921 0.222454 0.596722 0.250665 0.662829 0.229109 0.672028
0 0.196588 0.645810 0.238764 0.644822 0.239349 0.669815 0.197173 0.670803
1 0.265350 0.596269 0.286204 0.606966 0.253400 0.670919 0.232546 0.660222
1 0.248362 0.606802 0.269587 0.596860 0.300075 0.661948 0.278851 0.671890
0 0.244660 0.645704 0.286784 0.643395 0.288153 0.668358 0.246028 0.670667
1 0.313983 0.596439 0.334550 0.607679 0.300079 0.670749 0.279513 0.659508
1 0.293571 0.610233 0.313393 0.597728 0.351742 0.658517 0.331919 0.671022
0 0.293122 0.645658 0.335251 0.643439 0.336566 0.668404 0.294437 0.670623
1 0.363014 0.596555 0.383398 0.608122 0.347924 0.670633 0.327540 0.659065
1 0.344792 0.606445 0.365851 0.596159 0.397396 0.660742 0.376336 0.671028
0 0.342339 0.645061 0.384523 0.645566 0.384224 0.670564 0.342039 0.670059
1 0.411538 0.596318 0.433023 0.609100 0.396274 0.670870 0.374789 0.658088
1 0.391456 0.608794 0.413074 0.596239 0.449169 0.658394 0.427551 0.670948
0 0.391215 0.643586 0.433359 0.645502 0.432223 0.670477 0.390079 0.668560
1 0.459129 0.596274 0.479975 0.606987 0.447121 0.670914 0.426275 0.660201
1 0.440404 0.607728 0.460950 0.596451 0.495533 0.659459 0.474987 0.670736
0 0.439258 0.644976 0.483003 0.645652 0.482617 0.670649 0.438872 0.669973
1 0.509815 0.597671 0.529716 0.610052 0.491747 0.671079 0.471847 0.658698
1 0.488815 0.607756 0.509350 0.596458 0.543997 0.659431 0.523463 0.670729
1 0.554622 0.596182 0.575637 0.606559 0.543815 0.671005 0.522800 0.660629
1 0.537053 0.608846 0.557133 0.596760 0.594197 0.658341 0.574117 0.670428
0 0.536208 0.644851 0.579948 0.645780 0.579417 0.670774 0.535677 0.669845
1 0.602233 0.596766 0.623673 0.606233 0.594642 0.671984 0.573202 0.662517
1 0.587013 0.606413 0.608085 0.596153 0.639550 0.660774 0.618478 0.671035
0 0.583944 0.647632 0.625892 0.643136 0.628556 0.667993 0.586608 0.672489
1 0.653746 0.596170 0.675487 0.608512 0.640004 0.671018 0.618263 0.658675
1 0.632782 0.611016 0.652264 0.597987 0.692218 0.657734 0.672736 0.670763
0 0.633629 0.643247 0.675735 0.645864 0.674184 0.670816 0.632078 0.668199
1 0.701497 0.596441 0.722059 0.607689 0.687566 0.670746 0.667003 0.659498
1 0.685697 0.606237 0.707136 0.596767 0.736178 0.662513 0.714739 0.671983
0 0.681265 0.645287 0.725015 0.645338 0.724985 0.670338 0.681235 0.670287
1 0.748722 0.596652 0.771059 0.607880 0.738778 0.672098 0.716441 0.660870
1 0.733929 0.606086 0.756977 0.596401 0.784821 0.662664 0.761773 0.672349
0 0.728969 0.645833 0.771079 0.643276 0.772594 0.668230 0.730484 0.670787
1 0.798555 0.596334 0.819295 0.607250 0.785820 0.670854 0.765080 0.659938
1 0.779580 0.608459 0.799824 0.596648 0.836045 0.658728 0.815801 0.670540
0 0.777547 0.645563 0.819685 0.643529 0.820891 0.668500 0.778752 0.670534
1 0.846716 0.596424 0.867306 0.607620 0.832971 0.670764 0.812381 0.659568
1 0.828963 0.607436 0.849628 0.596378 0.883537 0.659752 0.862872 0.670809
0 0.826841 0.644855 0.869018 0.645776 0.868472 0.670770 0.826294 0.669849
1 0.098561 0.684249 0.119375 0.698096 0.079564 0.757938 0.058750 0.744091
1 0.077839 0.694158 0.100666 0.683964 0.129974 0.749592 0.107147 0.759786
0 0.074266 0.733362 0.116373 0.730749 0.117921 0.755701 0.075815 0.758314
1 0.141009 0.684238 0.162521 0.693542 0.133991 0.759512 0.112479 0.750208
1 0.126337 0.693662 0.147507 0.683605 0.178350 0.748525 0.157180 0.758583
0 0.125487 0.730885 0.167488 0.734850 0.165138 0.759740 0.123137 0.755775
1 0.190499 0.684100 0.212957 0.695085 0.181376 0.759650 0.158918 0.748665
1 0.174769 0.694430 0.195638 0.683761 0.228356 0.747757 0.207487 0.758426
1 0.241166 0.683655 0.262934 0.695951 0.227584 0.758532 0.205816 0.746236
1 0.222888 0.694755 0.243626 0.683835 0.277112 0.747433 0.256374 0.758352
0 0.219770 0.734598 0.261665 0.729638 0.264605 0.754465 0.222710 0.759425
1 0.289057 0.683813 0.309834 0.694661 0.276568 0.758374 0.255791 0.747527
1 0.272980 0.693933 0.294345 0.684297 0.323895 0.749817 0.302530 0.759453
1 0.337203 0.683898 0.357834 0.695018 0.323735 0.758289 0.303103 0.747170
1 0.319745 0.694773 0.340476 0.683839 0.374005 0.747414 0.353274 0.758348
1 0.384636 0.684259 0.406742 0.695934 0.373177 0.759491 0.351070 0.747816
1 0.369821 0.693964 0.391174 0.684302 0.420804 0.749786 0.399451 0.759448
0 0.365484 0.734519 0.407540 0.731184 0.409516 0.756106 0.367460 0.759441
1 0.431144 0.684016 0.453818 0.694546 0.423543 0.759734 0.400869 0.749204
1 0.413477 0.698230 0.433085 0.685390 0.472460 0.745520 0.452852 0.758360
0 0.415886 0.731201 0.457945 0.734501 0.455989 0.759424 0.413930 0.756124
1 0.482649 0.683787 0.503471 0.694546 0.470476 0.758400 0.449654 0.747641
1 0.465519 0.694331 0.486732 0.684365 0.517294 0.749419 0.496080 0.759385
1 0.531311 0.683824 0.552068 0.694709 0.518689 0.758363 0.497932 0.747478
1 0.511925 0.696023 0.533995 0.684278 0.567762 0.747727 0.545693 0.759472
1 0.577826 0.683649 0.598906 0.693894 0.567487 0.758538 0.546407 0.748293
1 0.560570 0.695386 0.581051 0.683992 0.615993 0.746802 0.595511 0.758196
0 0.558670 0.733306 0.600783 0.730801 0.602267 0.755757 0.560154 0.758262
1 0.628293 0.683843 0.649019 0.694787 0.615457 0.758345 0.594731 0.747401
1 0.607724 0.696455 0.629273 0.683780 0.665713 0.745733 0.644164 0.758407
1 0.679127 0.684336 0.699101 0.696598 0.661498 0.757852 0.641524 0.745590
1 0.658730 0.694853 0.679429 0.683858 0.713145 0.747335 0.692446 0.758329
0 0.658595 0.730488 0.700507 0.735300 0.697655 0.760137 0.655743 0.755325
1 0.723537 0.684235 0.745693 0.695816 0.712400 0.759515 0.690244 0.747934
1 0.707602 0.693648 0.728777 0.683602 0.759586 0.748539 0.738411 0.758585
1 0.773915 0.684047 0.794311 0.695595 0.758897 0.758140 0.738502 0.746592
1 0.756003 0.694875 0.778545 0.684066 0.809622 0.748875 0.787080 0.759684
0 0.752909 0.733198 0.796653 0.732431 0.797091 0.757427 0.753347 0.758194
1 0.824282 0.684299 0.844308 0.696475 0.806968 0.757889 0.786942 0.745713
1 0.805733 0.693988 0.827077 0.684306 0.856767 0.749762 0.835423 0.759444
0 0.801334 0.733207 0.843514 0.732423 0.843979 0.757418 0.801798 0.758202
1 0.874319 0.685493 0.893794 0.698533 0.853806 0.758257 0.834331 0.745217
1 0.851491 0.696327 0.873432 0.684343 0.907884 0.747423 0.885943 0.759407
0 0.849679 0.734812 0.890118 0.730928 0.892508 0.755813 0.852069 0.759697
1 0.072165 0.771510 0.092618 0.782954 0.057523 0.845678 0.037069 0.834234
1 0.053982 0.782058 0.076652 0.771518 0.106955 0.836692 0.084286 0.847232
0 0.051760 0.819985 0.093942 0.820643 0.093553 0.845640 0.051370 0.844982
1 0.122371 0.771718 0.142512 0.783705 0.105754 0.845469 0.085613 0.833483
1 0.099343 0.785638 0.120139 0.771762 0.160032 0.831550 0.139236 0.845426
0 0.100020 0.820279 0.142207 0.820346 0.142168 0.845346 0.099980 0.845279
1 0.165380 0.771502 0.188093 0.781949 0.158058 0.847248 0.135345 0.836801
1 0.150855 0.781627 0.171844 0.771196 0.203832 0.835560 0.182844 0.845991
0 0.147860 0.820601 0.191559 0.818490 0.192765 0.843461 0.149066 0.845572
1 0.213264 0.771703 0.234874 0.780777 0.207048 0.847047 0.185439 0.837973
1 0.199419 0.781938 0.222136 0.771501 0.252143 0.836812 0.229426 0.847249
0 0.196661 0.822169 0.238693 0.818548 0.240839 0.843456 0.198807 0.847077
1 0.265720 0.771472 0.286234 0.782809 0.251467 0.845716 0.230954 0.834379
1 0.244545 0.784777 0.265730 0.771503 0.303892 0.832411 0.282707 0.845684
1 0.314054 0.771313 0.334831 0.782158 0.301571 0.845875 0.280794 0.835029
1 0.296330 0.782250 0.317070 0.771334 0.350545 0.834938 0.329805 0.845854
0 0.293628 0.821982 0.335689 0.818718 0.337622 0.843643 0.295561 0.846907
1 0.362923 0.771387 0.383573 0.782473 0.349577 0.845800 0.328927 0.834715
1 0.343706 0.782541 0.364328 0.771404 0.398482 0.834646 0.377859 0.845783
0 0.341496 0.820780 0.383612 0.818325 0.385067 0.843283 0.342951 0.845737
1 0.412047 0.771426 0.433356 0.784501 0.395765 0.845762 0.374457 0.832687
1 0.394974 0.781325 0.416380 0.771780 0.445651 0.837425 0.424245 0.846970
0 0.390156 0.820359 0.432312 0.818722 0.433282 0.843703 0.391126 0.845340
1 0.461460 0.771724 0.481592 0.783725 0.444790 0.845463 0.424658 0.833463
1 0.442992 0.781002 0.464519 0.771733 0.492945 0.837748 0.471419 0.847017
0 0.438925 0.820556 0.482672 0.820070 0.482950 0.845069 0.439203 0.845555
1 0.509641 0.771667 0.529856 0.783528 0.493484 0.845520 0.473269 0.833660
1 0.492049 0.781146 0.513522 0.771753 0.542326 0.837604 0.520853 0.846997
0 0.487385 0.821967 0.529448 0.818731 0.531365 0.843658 0.489302 0.846894
1 0.555952 0.771265 0.576812 0.781949 0.544048 0.845922 0.523188 0.835238
1 0.538417 0.782354 0.559115 0.771359 0.592833 0.834834 0.572135 0.845829
1 0.602568 0.771114 0.623718 0.781215 0.592744 0.846073 0.571595 0.835973
1 0.585445 0.783021 0.605871 0.771527 0.641118 0.834167 0.620692 0.845660
0 0.585020 0.818501 0.627156 0.820592 0.625917 0.845561 0.583782 0.843471
1 0.653001 0.771294 0.673812 0.782075 0.640749 0.845894 0.619938 0.835113
1 0.633703 0.783217 0.654048 0.771580 0.689734 0.833970 0.669390 0.845607
0 0.632502 0.820853 0.674675 0.819780 0.675311 0.844772 0.633137 0.845845
1 0.701612 0.771322 0.722372 0.782200 0.689013 0.845865 0.668253 0.834987
1 0.684338 0.781737 0.705282 0.771219 0.737537 0.835450 0.716593 0.845968
0 0.682135 0.820706 0.722694 0.818397 0.724115 0.843357 0.683556 0.845665
1 0.748222 0.771589 0.770705 0.782520 0.739278 0.847161 0.716795 0.836230
1 0.730967 0.783658 0.751127 0.771705 0.787783 0.833529 0.767623 0.845483
0 0.731429 0.818037 0.773506 0.821091 0.771696 0.846026 0.729619 0.842971
1 0.796413 0.771127 0.817537 0.781280 0.786400 0.846061 0.765276 0.835907
1 0.779373 0.783245 0.801558 0.771721 0.834690 0.835505 0.812504 0.847029
0 0.778713 0.818588 0.820857 0.820500 0.819724 0.845474 0.777580 0.843563
1 0.846809 0.771441 0.867371 0.782689 0.832879 0.845746 0.812316 0.834499
1 0.829059 0.781550 0.850077 0.771180 0.881879 0.835637 0.860860 0.846007
