1 0.416920 0.912271 0.439924 0.907781 0.453392 0.976792 0.430389 0.981281
1 0.463901 0.910312 0.487277 0.908621 0.492349 0.978750 0.468973 0.980441
1 0.509915 0.908962 0.533336 0.909837 0.530710 0.980101 0.507289 0.979225
1 0.548233 0.910014 0.571640 0.908826 0.575205 0.979048 0.551797 0.980236
0 0.395138 0.975296 0.434196 0.974706 0.434550 0.998141 0.395492 0.998731
0 0.419905 0.977258 0.458723 0.972889 0.461345 0.996179 0.422527 1.000000
0 0.442078 0.977413 0.481011 0.974228 0.482922 0.997587 0.443989 1.000000
0 0.468609 0.976769 0.509087 0.973316 0.511079 0.996669 0.470601 1.000000
0 0.498574 0.974317 0.539089 0.977309 0.537363 1.000000 0.496848 0.997691
0 0.520217 0.976671 0.560711 0.973405 0.562595 0.996767 0.522101 1.000000
0 0.550928 0.978554 0.589626 0.973227 0.592822 0.996446 0.554124 1.000000
7 0.355588 0.827433 0.424063 0.821286 0.430349 0.891317 0.361875 0.897464
1 0.423658 0.823365 0.447095 0.823512 0.446655 0.893823 0.423218 0.893676
1 0.465460 0.823493 0.488897 0.823383 0.489228 0.893694 0.465791 0.893805
5 0.508196 0.823019 0.534744 0.823894 0.532429 0.894168 0.505881 0.893294
5 0.546213 0.824360 0.572721 0.822659 0.577224 0.892827 0.550716 0.894528
0 0.538899 0.832478 0.659730 0.816561 0.668913 0.886272 0.548082 0.902189
5 0.335387 0.738373 0.361900 0.736757 0.366176 0.806940 0.339663 0.808555
7 0.360202 0.736743 0.430444 0.739890 0.427298 0.810132 0.357056 0.806985
5 0.416415 0.740543 0.442524 0.735657 0.455460 0.804769 0.429351 0.809656
8 0.463708 0.738198 0.487110 0.736908 0.490979 0.807114 0.467577 0.808404
5 0.506886 0.737266 0.533444 0.737745 0.532177 0.808046 0.505619 0.807567
0 0.503238 0.737313 0.620425 0.737688 0.620200 0.808000 0.503013 0.807625
1 0.586791 0.740569 0.609935 0.736873 0.621022 0.806306 0.597878 0.810002
7 0.614762 0.735422 0.683378 0.739715 0.678988 0.809890 0.610372 0.805598
5 0.300312 0.650843 0.326619 0.654523 0.316875 0.724157 0.290569 0.720477
1 0.337031 0.653410 0.360392 0.651509 0.366094 0.721590 0.342733 0.723491
1 0.378922 0.652426 0.402307 0.650857 0.407016 0.721011 0.383631 0.722581
0 0.375652 0.651251 0.495945 0.653448 0.494660 0.723749 0.374368 0.721552
0 0.413310 0.656762 0.536443 0.648099 0.541377 0.718238 0.418244 0.726901
1 0.509659 0.651225 0.533085 0.651932 0.530966 0.722212 0.507540 0.721506
1 0.549392 0.652056 0.572811 0.651124 0.575608 0.721381 0.552189 0.722313
5 0.595773 0.649919 0.623612 0.653922 0.613602 0.723519 0.585763 0.719515
0 0.582807 0.661874 0.700150 0.643646 0.710943 0.713126 0.593600 0.731354
0 0.628077 0.651645 0.749952 0.651480 0.750048 0.721792 0.628173 0.721958
0 0.269580 0.716686 0.308554 0.719305 0.306983 0.742689 0.268008 0.740070
0 0.297637 0.713982 0.336109 0.720747 0.332051 0.743830 0.293578 0.737066
0 0.309054 0.721148 0.347392 0.713661 0.351884 0.736664 0.313546 0.744151
0 0.334857 0.717170 0.375450 0.718786 0.374518 0.742205 0.333925 0.740589
0 0.356862 0.714938 0.395401 0.721314 0.391575 0.744437 0.353037 0.738061
0 0.379557 0.717408 0.418617 0.716969 0.418880 0.740405 0.379820 0.740844
0 0.406154 0.717350 0.445215 0.717026 0.445409 0.740463 0.406348 0.740786
0 0.428671 0.715216 0.467521 0.719286 0.465079 0.742596 0.426229 0.738526
0 0.452885 0.717597 0.491939 0.716783 0.492428 0.740215 0.453374 0.741030
0 0.472199 0.715516 0.511111 0.718949 0.509051 0.742296 0.470139 0.738863
0 0.501443 0.718841 0.540372 0.715615 0.542307 0.738972 0.503378 0.742198
0 0.521899 0.717146 0.562524 0.717229 0.562476 0.740667 0.521851 0.740583
0 0.537586 0.717040 0.578210 0.717335 0.578039 0.740772 0.537415 0.740477
0 0.552746 0.719384 0.591577 0.715131 0.594129 0.738429 0.555298 0.742682
0 0.576649 0.717044 0.615711 0.717331 0.615538 0.740768 0.576477 0.740481
0 0.594731 0.715438 0.633435 0.720714 0.630269 0.743937 0.591565 0.738661
0 0.615839 0.716838 0.654895 0.717541 0.654474 0.740974 0.615417 0.740272
0 0.642833 0.715085 0.681653 0.719436 0.679042 0.742728 0.640222 0.738376
0 0.655740 0.718865 0.694762 0.717097 0.695823 0.740510 0.656801 0.742278
0 0.679642 0.721356 0.719748 0.714881 0.723483 0.738019 0.683377 0.744494
1 0.255444 0.565382 0.278876 0.565884 0.277369 0.636181 0.253937 0.635678
7 0.275527 0.563653 0.345722 0.567714 0.341661 0.637909 0.271466 0.633848
7 0.317972 0.563425 0.388138 0.567972 0.383590 0.638138 0.313425 0.633590
5 0.381731 0.565174 0.408277 0.566121 0.405769 0.636389 0.379223 0.635441
0 0.374337 0.569633 0.491261 0.561775 0.495975 0.631930 0.379052 0.639787
1 0.471012 0.565049 0.494186 0.568553 0.483676 0.638076 0.460501 0.634572
1 0.504483 0.567697 0.527812 0.565442 0.534579 0.635428 0.511250 0.637683
5 0.551824 0.565307 0.578268 0.567821 0.571613 0.637818 0.545170 0.635304
8 0.588861 0.567696 0.612190 0.565442 0.618951 0.635429 0.595622 0.637683
0 0.582582 0.573002 0.703782 0.560200 0.711168 0.630123 0.589968 0.642925
0 0.636703 0.555592 0.754814 0.578507 0.741422 0.647533 0.623311 0.624618
5 0.716788 0.566094 0.743335 0.565196 0.745712 0.635469 0.719165 0.636366
0 0.170294 0.471792 0.287896 0.488263 0.278144 0.557896 0.160541 0.541425
7 0.227445 0.483957 0.297293 0.475883 0.305367 0.545730 0.235520 0.553805
1 0.297041 0.479633 0.320478 0.479743 0.320146 0.550055 0.296709 0.549944
7 0.312342 0.485069 0.382119 0.476405 0.390783 0.546181 0.321006 0.554845
1 0.386176 0.479195 0.409393 0.482405 0.399761 0.552055 0.376545 0.548845
0 0.371634 0.484606 0.493129 0.474988 0.498678 0.545081 0.377183 0.554700
1 0.467548 0.479104 0.490951 0.480374 0.487140 0.550583 0.463737 0.549313
5 0.504538 0.480383 0.531068 0.479077 0.534524 0.549305 0.507994 0.550610
1 0.549606 0.479821 0.573042 0.479558 0.573832 0.549866 0.550396 0.550129
1 0.591892 0.480065 0.615318 0.479343 0.617483 0.549622 0.594057 0.550344
1 0.634093 0.480060 0.657520 0.479347 0.659657 0.549627 0.636230 0.550340
5 0.671496 0.482082 0.699475 0.479220 0.706629 0.549168 0.678650 0.552030
1 0.720597 0.479350 0.744024 0.480057 0.741903 0.550338 0.718476 0.549630
0 0.720423 0.471732 0.836426 0.488354 0.826452 0.557956 0.710449 0.541333
0 0.183769 0.547213 0.224334 0.545009 0.225606 0.568412 0.185041 0.570616
0 0.204629 0.545411 0.243691 0.545214 0.243809 0.568651 0.204747 0.568848
0 0.231445 0.544602 0.270388 0.547657 0.268555 0.571023 0.229612 0.567968
0 0.257700 0.545501 0.296761 0.545125 0.296987 0.568561 0.257926 0.568938
0 0.277627 0.547773 0.316400 0.543026 0.319248 0.566290 0.280475 0.571037
0 0.307197 0.547187 0.346200 0.545036 0.347491 0.568438 0.308487 0.570589
0 0.329008 0.548973 0.367678 0.543450 0.370992 0.566652 0.332322 0.572175
0 0.353259 0.545092 0.392319 0.545535 0.392053 0.568971 0.352993 0.568528
0 0.383337 0.543370 0.422193 0.547379 0.419788 0.570692 0.380932 0.566684
0 0.411879 0.548834 0.450585 0.543567 0.453746 0.566791 0.415040 0.572058
0 0.427857 0.545771 0.466909 0.544860 0.467455 0.568292 0.428403 0.569202
0 0.460588 0.543278 0.499203 0.549179 0.495662 0.572347 0.457047 0.566446
0 0.484489 0.545125 0.523549 0.545501 0.523324 0.568937 0.484263 0.568562
0 0.502703 0.547703 0.543064 0.543074 0.545734 0.566359 0.505374 0.570988
0 0.523755 0.543587 0.564225 0.547127 0.562183 0.570476 0.521712 0.566935
0 0.547931 0.548682 0.588247 0.543683 0.591131 0.566943 0.550815 0.571942
0 0.570333 0.545279 0.609395 0.545346 0.609355 0.568783 0.570293 0.568717
0 0.601363 0.545665 0.641982 0.544964 0.642387 0.568398 0.601768 0.569099
0 0.616936 0.547319 0.657373 0.543414 0.659626 0.566743 0.619189 0.570648
0 0.645857 0.543143 0.684424 0.549341 0.680706 0.572482 0.642138 0.566284
0 0.662465 0.547577 0.701419 0.544675 0.703160 0.568048 0.664206 0.570950
0 0.682591 0.551504 0.719963 0.540136 0.726784 0.562559 0.689412 0.573927
0 0.714861 0.547530 0.755389 0.544714 0.757014 0.568095 0.716486 0.570911
0 0.737653 0.545062 0.776712 0.545565 0.776410 0.569001 0.737351 0.568497
0 0.758225 0.544625 0.798826 0.546014 0.798025 0.569438 0.757424 0.568049
1 0.172021 0.393454 0.195450 0.394070 0.193604 0.464358 0.170175 0.463743
7 0.185465 0.399539 0.255149 0.390153 0.264535 0.459836 0.194851 0.469222
1 0.258384 0.393690 0.281743 0.395608 0.275991 0.465685 0.252632 0.463767
1 0.297385 0.393584 0.320820 0.393923 0.319803 0.464228 0.296367 0.463889
5 0.339302 0.393121 0.365830 0.394469 0.362261 0.464691 0.335733 0.463343
1 0.376409 0.396535 0.399612 0.393230 0.409529 0.462840 0.386326 0.466145
1 0.429015 0.393282 0.452243 0.396410 0.442860 0.466093 0.419632 0.462965
1 0.467699 0.393345 0.491120 0.394202 0.488551 0.464467 0.465130 0.463611
7 0.480501 0.398108 0.550329 0.389876 0.558562 0.459704 0.488733 0.467937
7 0.531912 0.390492 0.601696 0.399099 0.593088 0.468883 0.523304 0.460276
0 0.543997 0.393331 0.664306 0.394171 0.663816 0.464482 0.543506 0.463642
5 0.632738 0.393780 0.660863 0.393720 0.661012 0.464032 0.632887 0.464092
1 0.673258 0.396169 0.696530 0.393390 0.704867 0.463206 0.681595 0.465985
1 0.718661 0.393780 0.742098 0.393720 0.742277 0.464033 0.718840 0.464092
1 0.758971 0.395570 0.782334 0.393713 0.787904 0.463805 0.764541 0.465662
1 0.808602 0.393301 0.831839 0.396365 0.822648 0.466074 0.799411 0.463010
8 0.134691 0.307170 0.157826 0.310926 0.146559 0.380330 0.123424 0.376574
1 0.165350 0.310659 0.188541 0.307268 0.198712 0.376841 0.175521 0.380232
7 0.189098 0.307777 0.259411 0.307848 0.259339 0.378161 0.189027 0.378089
0 0.208393 0.305608 0.327060 0.310067 0.324419 0.380330 0.205753 0.375870
8 0.295297 0.308378 0.318711 0.307318 0.321891 0.377559 0.298477 0.378619
7 0.317891 0.305684 0.388066 0.310079 0.383671 0.380254 0.313496 0.375859
0 0.329365 0.316992 0.447013 0.300848 0.456572 0.370508 0.338925 0.386652
0 0.379799 0.299553 0.500451 0.316778 0.490513 0.386385 0.369862 0.369160
0 0.415520 0.310176 0.537355 0.307035 0.539167 0.377324 0.417333 0.380465
0 0.463853 0.300997 0.584909 0.315101 0.576772 0.384941 0.455716 0.370837
1 0.547840 0.308608 0.571232 0.307153 0.575597 0.377330 0.552205 0.378785
0 0.548367 0.299786 0.669090 0.316504 0.659445 0.386152 0.538722 0.369434
1 0.633746 0.308029 0.657180 0.307608 0.658442 0.377909 0.635008 0.378330
0 0.628252 0.307065 0.750088 0.310145 0.748311 0.380435 0.626475 0.377355
7 0.692160 0.311277 0.762161 0.304660 0.768777 0.374661 0.698777 0.381277
0 0.710817 0.308024 0.834254 0.307601 0.834495 0.377913 0.711058 0.378336
7 0.785412 0.304264 0.855111 0.313537 0.845838 0.383236 0.776139 0.373963
7 0.827992 0.303967 0.897596 0.313930 0.887633 0.383533 0.818029 0.373570
1 0.094797 0.220153 0.117652 0.225344 0.102078 0.293910 0.079223 0.288719
5 0.124464 0.222741 0.150978 0.221137 0.155224 0.291321 0.128710 0.292925
1 0.172380 0.221252 0.195778 0.222617 0.191682 0.292810 0.168284 0.291445
7 0.185231 0.227973 0.254839 0.218044 0.264769 0.287652 0.195161 0.297581
1 0.256404 0.221349 0.279814 0.222484 0.276408 0.292714 0.252998 0.291579
1 0.298508 0.221372 0.321921 0.222453 0.318679 0.292690 0.295267 0.291610
0 0.292922 0.216612 0.415730 0.229059 0.408640 0.299013 0.285832 0.286566
1 0.388586 0.220233 0.411541 0.224963 0.397351 0.293829 0.374396 0.289099
1 0.423068 0.222280 0.446493 0.221508 0.448807 0.291783 0.425382 0.292554
0 0.412184 0.228759 0.534896 0.215404 0.542504 0.285303 0.419791 0.298659
1 0.508511 0.221650 0.531944 0.222114 0.530552 0.292413 0.507119 0.291949
1 0.552197 0.221217 0.575590 0.222667 0.571240 0.292845 0.547847 0.291395
1 0.590087 0.223752 0.613443 0.221804 0.619288 0.291873 0.595932 0.293821
5 0.630629 0.223610 0.658699 0.221841 0.663121 0.292015 0.635051 0.293784
1 0.676590 0.221866 0.700027 0.221884 0.699973 0.292197 0.676535 0.292178
1 0.720957 0.221432 0.744375 0.222376 0.741543 0.292631 0.718125 0.291687
8 0.766313 0.221302 0.789488 0.224798 0.779000 0.294323 0.755825 0.290827
1 0.808644 0.221418 0.831877 0.224508 0.822606 0.294207 0.799373 0.291117
1 0.845306 0.221877 0.868744 0.221873 0.868756 0.292185 0.845319 0.292190
5 0.885215 0.222156 0.911772 0.221609 0.913222 0.291906 0.886665 0.292454
1 0.039901 0.138246 0.063192 0.135631 0.071037 0.205504 0.047745 0.208119
1 0.088030 0.135308 0.111427 0.136689 0.107282 0.206880 0.083885 0.205498
0 0.081763 0.132177 0.203283 0.141465 0.197925 0.211573 0.076404 0.202285
1 0.168396 0.136635 0.191798 0.135346 0.195666 0.205552 0.172264 0.206841
5 0.210329 0.136173 0.236887 0.135712 0.238109 0.206014 0.211550 0.206475
8 0.254531 0.136264 0.277960 0.135636 0.279844 0.205923 0.256415 0.206551
5 0.298826 0.135805 0.325311 0.137840 0.319924 0.207945 0.293439 0.205910
1 0.339815 0.135696 0.363247 0.136195 0.361748 0.206492 0.338315 0.205992
1 0.377501 0.138199 0.400800 0.135654 0.408436 0.205551 0.385137 0.208096
1 0.423486 0.135921 0.446924 0.135954 0.446826 0.206266 0.423389 0.206234
0 0.417718 0.135814 0.539580 0.137631 0.538532 0.207936 0.416670 0.206119
7 0.486662 0.135275 0.556913 0.138225 0.553963 0.208475 0.483712 0.205525
1 0.550544 0.135761 0.573979 0.136123 0.572893 0.206427 0.549459 0.206065
5 0.586986 0.138318 0.613400 0.135513 0.620826 0.205432 0.594412 0.208237
5 0.635056 0.135419 0.661596 0.136516 0.658694 0.206768 0.632154 0.205672
1 0.680432 0.135836 0.703782 0.137866 0.697693 0.207914 0.674343 0.205884
7 0.695164 0.137674 0.765451 0.135789 0.767336 0.206076 0.697049 0.207961
5 0.762564 0.135901 0.789066 0.137697 0.784311 0.207849 0.757809 0.206053
5 0.801075 0.136443 0.827620 0.135478 0.830175 0.205744 0.803630 0.206709
7 0.824037 0.135391 0.894297 0.138099 0.891588 0.208359 0.821328 0.205651
1 0.887551 0.135921 0.910988 0.135954 0.910887 0.206267 0.887449 0.206233
5 0.928376 0.135844 0.954938 0.136033 0.954436 0.206344 0.927874 0.206154
