0 0.021470 0.022661 0.072063 0.032615 0.066030 0.063277 0.015437 0.053323
0 0.049874 0.028342 0.102997 0.027909 0.103251 0.059158 0.050128 0.059591
0 0.101992 0.021622 0.153676 0.033913 0.146445 0.064316 0.094762 0.052024
0 0.146729 0.029770 0.198190 0.026542 0.200146 0.057730 0.148685 0.060958
0 0.200056 0.019958 0.248943 0.036351 0.239007 0.065980 0.190120 0.049586
0 0.244319 0.024966 0.297038 0.031524 0.293181 0.062534 0.240462 0.055976
0 0.278603 0.026215 0.330017 0.030125 0.327647 0.061285 0.276233 0.057375
0 0.321735 0.023124 0.374113 0.032003 0.368890 0.062813 0.316512 0.053935
0 0.360956 0.028093 0.414081 0.028157 0.414044 0.059407 0.360919 0.059343
0 0.412511 0.022848 0.464428 0.034112 0.457802 0.064652 0.405885 0.053388
0 0.450645 0.025921 0.503577 0.030443 0.500917 0.061579 0.447985 0.057057
0 0.500998 0.024652 0.553832 0.030207 0.550564 0.061285 0.497731 0.055731
0 0.545138 0.029878 0.598151 0.026438 0.600175 0.057622 0.547161 0.061062
0 0.593187 0.024575 0.647575 0.030284 0.644313 0.061363 0.589925 0.055654
0 0.634361 0.038443 0.683610 0.018524 0.695327 0.047494 0.646077 0.067413
0 0.676709 0.027878 0.729832 0.028373 0.729541 0.059622 0.676418 0.059127
0 0.714110 0.028045 0.767234 0.028205 0.767140 0.059455 0.714016 0.059295
0 0.760766 0.029817 0.812222 0.026497 0.814234 0.057683 0.762778 0.061003
0 0.811099 0.025885 0.862576 0.028854 0.860776 0.060052 0.809299 0.057083
0 0.855871 0.028808 0.910542 0.027452 0.911316 0.058692 0.856646 0.060048
0 0.904782 0.027961 0.959468 0.028289 0.959281 0.059539 0.904594 0.059211
0 0.015039 0.079943 0.067923 0.074886 0.070898 0.105994 0.018014 0.111051
0 0.052907 0.078513 0.107589 0.077740 0.108031 0.108987 0.053349 0.109760
0 0.102237 0.074923 0.153366 0.081590 0.149326 0.112577 0.098196 0.105910
0 0.148836 0.077448 0.203506 0.078812 0.202727 0.110052 0.148056 0.108688
0 0.186597 0.075964 0.237968 0.080402 0.235278 0.111536 0.183907 0.107098
0 0.233616 0.074850 0.288063 0.079975 0.285134 0.111087 0.230687 0.105963
0 0.274718 0.080092 0.327703 0.076240 0.329969 0.107408 0.276984 0.111260
0 0.323113 0.073217 0.375206 0.083640 0.369074 0.114283 0.316982 0.103860
0 0.352890 0.079998 0.405888 0.076327 0.408047 0.107502 0.355049 0.111173
0 0.385788 0.083479 0.437938 0.073345 0.443899 0.104021 0.391750 0.114155
0 0.424527 0.078176 0.477627 0.076526 0.478598 0.107761 0.425498 0.109411
0 0.469741 0.079914 0.522630 0.074912 0.525572 0.106023 0.472683 0.111025
0 0.519421 0.071374 0.570963 0.084245 0.563392 0.114564 0.511850 0.101693
0 0.562971 0.076224 0.614387 0.080115 0.612029 0.111276 0.560613 0.107385
0 0.606069 0.078428 0.657628 0.077824 0.657994 0.109072 0.606435 0.109676
0 0.655229 0.076457 0.708324 0.078248 0.707271 0.109480 0.654176 0.107689
0 0.688571 0.074554 0.741382 0.080319 0.737991 0.111384 0.685180 0.105619
0 0.715008 0.084132 0.766599 0.071458 0.774055 0.101805 0.722464 0.114480
0 0.762842 0.074484 0.815637 0.080398 0.812158 0.111454 0.759363 0.105540
0 0.791849 0.080208 0.844817 0.076134 0.847214 0.107292 0.794245 0.111366
0 0.844307 0.074894 0.898583 0.081591 0.894756 0.112606 0.840480 0.105909
0 0.887239 0.086486 0.938088 0.071103 0.947136 0.101014 0.896287 0.116397
0 0.926496 0.078931 0.981094 0.075808 0.982879 0.107006 0.928281 0.110130
0 0.017685 0.126131 0.070653 0.130211 0.068253 0.161369 0.015285 0.157289
0 0.055379 0.124901 0.106503 0.131616 0.102433 0.162599 0.051310 0.155884
0 0.087552 0.128035 0.142239 0.128215 0.142136 0.159465 0.087449 0.159285
0 0.124505 0.132321 0.177020 0.124288 0.181745 0.155179 0.129230 0.163212
0 0.164092 0.122925 0.216392 0.132247 0.210908 0.163013 0.158608 0.153690
0 0.199816 0.133577 0.251931 0.123267 0.257996 0.153923 0.205881 0.164233
0 0.238485 0.129926 0.291372 0.124902 0.294327 0.156012 0.241440 0.161036
0 0.282862 0.128038 0.337549 0.128212 0.337450 0.159462 0.282763 0.159288
0 0.319876 0.128891 0.372980 0.127372 0.373874 0.158609 0.320770 0.160128
0 0.362227 0.133632 0.412735 0.123257 0.419023 0.153868 0.368515 0.164243
0 0.397623 0.124929 0.452085 0.129887 0.449252 0.161009 0.394790 0.156050
0 0.429077 0.128465 0.483719 0.126249 0.484986 0.157473 0.430343 0.159689
0 0.470762 0.127406 0.522304 0.128856 0.521426 0.160094 0.469883 0.158644
0 0.513490 0.124431 0.566051 0.132151 0.561510 0.163069 0.508949 0.155349
0 0.553206 0.127984 0.607893 0.128266 0.607732 0.159516 0.553045 0.159234
0 0.591668 0.132241 0.642627 0.124375 0.647394 0.155259 0.596435 0.163125
0 0.644741 0.124327 0.698851 0.132253 0.694321 0.163173 0.640211 0.155247
0 0.678614 0.126143 0.731584 0.130198 0.729198 0.161357 0.676228 0.157302
0 0.713764 0.130064 0.765187 0.126270 0.767486 0.157436 0.716063 0.161230
0 0.747430 0.124984 0.800154 0.131502 0.796320 0.162516 0.743596 0.155998
0 0.780583 0.128538 0.833655 0.126180 0.835042 0.157399 0.781970 0.159757
0 0.828106 0.135550 0.879413 0.121770 0.887519 0.151950 0.836212 0.165730
0 0.868483 0.133820 0.920510 0.123076 0.926830 0.153680 0.874803 0.164424
0 0.913518 0.128308 0.966609 0.126400 0.967732 0.157630 0.914641 0.159538
0 0.013966 0.182549 0.066167 0.172682 0.071971 0.203388 0.019771 0.213255
0 0.054051 0.180140 0.108467 0.174702 0.111574 0.205798 0.057158 0.211235
0 0.092107 0.180552 0.144869 0.174349 0.148518 0.205385 0.095756 0.211588
0 0.144209 0.174244 0.198519 0.180659 0.194853 0.211693 0.140543 0.205278
0 0.175351 0.176292 0.229911 0.180031 0.227774 0.211208 0.173214 0.207469
0 0.216647 0.187752 0.266804 0.170244 0.277103 0.199748 0.226946 0.217256
0 0.261671 0.176193 0.313181 0.178527 0.311766 0.209745 0.260257 0.207411
0 0.291881 0.178658 0.344995 0.177598 0.345619 0.208842 0.292505 0.209902
0 0.327872 0.178563 0.380990 0.177691 0.381503 0.208937 0.328385 0.209809
0 0.360771 0.179915 0.415345 0.176400 0.417354 0.207585 0.362780 0.211100
0 0.391426 0.178759 0.446042 0.175969 0.447637 0.207178 0.393020 0.209969
0 0.444427 0.175940 0.495794 0.180429 0.493073 0.211560 0.441706 0.207071
0 0.482154 0.180102 0.535008 0.174745 0.538159 0.205836 0.485304 0.211192
0 0.532019 0.176104 0.585085 0.178619 0.583606 0.209834 0.530540 0.207319
0 0.574811 0.173182 0.627211 0.181932 0.622064 0.212755 0.569664 0.204006
0 0.611474 0.176074 0.664433 0.180273 0.661963 0.211426 0.609004 0.207227
0 0.653103 0.178161 0.704666 0.178089 0.704709 0.209339 0.653147 0.209411
0 0.693381 0.182141 0.747521 0.174422 0.751932 0.205359 0.697791 0.213078
0 0.746701 0.173050 0.798716 0.183853 0.792361 0.214450 0.740346 0.203647
0 0.779107 0.179851 0.830438 0.174976 0.833393 0.206086 0.782062 0.210961
0 0.825716 0.175821 0.878630 0.180553 0.875847 0.211679 0.822933 0.206947
0 0.863172 0.176253 0.916251 0.178461 0.914953 0.209684 0.861874 0.207476
0 0.911197 0.176477 0.964216 0.179836 0.962240 0.211023 0.909221 0.207664
0 0.020124 0.223182 0.072523 0.231932 0.067376 0.262755 0.014977 0.254005
0 0.068038 0.224853 0.120915 0.229981 0.117899 0.261085 0.065022 0.255957
0 0.112727 0.226525 0.165752 0.229784 0.163835 0.260975 0.110810 0.257716
0 0.157099 0.224926 0.208420 0.229908 0.205401 0.261012 0.154080 0.256029
0 0.196000 0.221357 0.247532 0.234267 0.239938 0.264580 0.188405 0.251670
0 0.235642 0.230120 0.288623 0.226215 0.290920 0.257380 0.237939 0.261285
0 0.278910 0.225794 0.330248 0.230592 0.327340 0.261706 0.276002 0.256908
0 0.324077 0.224874 0.376771 0.231629 0.372798 0.262626 0.320104 0.255871
0 0.359531 0.221761 0.412904 0.233678 0.406094 0.264177 0.352721 0.252260
0 0.409408 0.219977 0.458311 0.236323 0.448404 0.265961 0.399501 0.249615
0 0.445669 0.221690 0.496924 0.235660 0.488706 0.265810 0.437451 0.251840
0 0.491482 0.224598 0.544095 0.231953 0.539768 0.262902 0.487155 0.255547
0 0.528357 0.226472 0.582941 0.229837 0.581018 0.261028 0.526434 0.257663
0 0.567094 0.228887 0.618568 0.225854 0.620406 0.257050 0.568932 0.260083
0 0.609732 0.226334 0.662731 0.229990 0.660581 0.261166 0.607582 0.257510
0 0.667557 0.219855 0.715626 0.238512 0.704318 0.267645 0.656249 0.248988
0 0.710366 0.222716 0.762581 0.232507 0.756821 0.263222 0.704607 0.253431
0 0.745223 0.222958 0.797193 0.233971 0.790715 0.264542 0.738744 0.253529
0 0.773458 0.228090 0.826583 0.228160 0.826542 0.259410 0.773417 0.259340
0 0.807085 0.232140 0.859420 0.223012 0.864790 0.253797 0.812455 0.262926
0 0.847645 0.224804 0.898740 0.231729 0.894543 0.262696 0.843448 0.255771
0 0.891173 0.226447 0.944267 0.228259 0.943202 0.259490 0.890108 0.257679
0 0.020140 0.273163 0.072532 0.281956 0.067360 0.312775 0.014968 0.303982
0 0.053483 0.270046 0.105168 0.287920 0.094954 0.317454 0.043270 0.299580
0 0.085844 0.278937 0.138876 0.275805 0.140719 0.307000 0.087686 0.310133
0 0.137919 0.274299 0.192243 0.280597 0.188643 0.311639 0.134320 0.305341
0 0.186576 0.275931 0.239510 0.280432 0.236862 0.311569 0.183928 0.307068
0 0.227552 0.274534 0.278564 0.282049 0.274010 0.312966 0.222998 0.305451
0 0.262155 0.273371 0.314622 0.281704 0.309720 0.312567 0.257253 0.304234
0 0.290928 0.277621 0.344043 0.278634 0.343447 0.309879 0.290332 0.308866
0 0.340820 0.277798 0.393941 0.278454 0.393555 0.309702 0.340434 0.309046
0 0.371859 0.280407 0.424652 0.274476 0.428141 0.305530 0.375348 0.311462
0 0.421194 0.272717 0.475005 0.282471 0.469431 0.313220 0.415620 0.303466
0 0.449639 0.278755 0.502749 0.277504 0.503486 0.308745 0.450376 0.309996
0 0.493298 0.278920 0.546400 0.277344 0.547327 0.308580 0.494225 0.310156
0 0.541814 0.280278 0.594773 0.276070 0.597248 0.307222 0.544290 0.311430
0 0.578859 0.276193 0.630368 0.278527 0.628954 0.309745 0.577444 0.307411
0 0.627270 0.276198 0.680345 0.278519 0.678980 0.309739 0.625905 0.307418
0 0.679030 0.271138 0.730430 0.284564 0.722532 0.314800 0.671132 0.301373
0 0.715027 0.274566 0.766049 0.282012 0.761536 0.312934 0.710514 0.305488
0 0.761500 0.275979 0.816011 0.280372 0.813500 0.311521 0.758989 0.307128
0 0.805025 0.271708 0.856292 0.285634 0.848100 0.315792 0.796833 0.301866
0 0.841429 0.274987 0.892762 0.279839 0.889821 0.310951 0.838488 0.306098
0 0.879284 0.278832 0.932390 0.277429 0.933216 0.308668 0.880110 0.310071
0 0.922353 0.276102 0.976884 0.280237 0.974522 0.311398 0.919991 0.307263
0 0.020026 0.323175 0.072099 0.333694 0.065912 0.364325 0.013838 0.353806
0 0.049510 0.328183 0.101045 0.326521 0.102053 0.357754 0.050517 0.359417
0 0.079138 0.333911 0.130822 0.321624 0.138050 0.352026 0.086365 0.364314
0 0.127375 0.328695 0.180434 0.326032 0.182000 0.357243 0.128941 0.359905
0 0.159258 0.328326 0.212381 0.327925 0.212617 0.359174 0.159494 0.359575
0 0.190167 0.330529 0.244652 0.325837 0.247333 0.356971 0.192848 0.361663
0 0.233747 0.334169 0.285322 0.321430 0.292815 0.351769 0.241240 0.364507
0 0.274320 0.331856 0.325163 0.323268 0.330367 0.354082 0.279525 0.362669
0 0.319895 0.330370 0.372839 0.325986 0.375418 0.357130 0.322474 0.361514
0 0.365511 0.328927 0.416980 0.325817 0.418864 0.357011 0.367395 0.360120
0 0.401504 0.328869 0.454544 0.325868 0.456309 0.357068 0.403269 0.360069
0 0.443663 0.332525 0.495872 0.322702 0.501650 0.353413 0.449441 0.363236
0 0.490598 0.328170 0.543723 0.328080 0.543777 0.359330 0.490652 0.359420
0 0.526031 0.329829 0.578935 0.324989 0.581782 0.356109 0.528878 0.360949
0 0.566964 0.331550 0.618103 0.324957 0.622099 0.355950 0.570960 0.362543
0 0.615537 0.330570 0.668295 0.324334 0.671963 0.355367 0.619205 0.361604
0 0.663581 0.332288 0.716105 0.324316 0.720794 0.355212 0.668270 0.363184
0 0.697600 0.326172 0.750672 0.328547 0.749275 0.359766 0.696203 0.357391
0 0.741936 0.323257 0.794363 0.331841 0.789314 0.362681 0.736887 0.354096
0 0.779228 0.337811 0.830975 0.320119 0.841084 0.349689 0.789338 0.367381
0 0.816647 0.329847 0.869548 0.324972 0.872415 0.356091 0.819515 0.360965
0 0.854252 0.332310 0.908346 0.324279 0.912936 0.355190 0.858841 0.363221
0 0.901248 0.328672 0.954362 0.327585 0.955002 0.358828 0.901888 0.359915
0 0.014851 0.384386 0.064731 0.371321 0.072649 0.401552 0.022769 0.414616
0 0.059321 0.380494 0.112095 0.374400 0.115679 0.405444 0.062905 0.411537
0 0.108673 0.374494 0.162835 0.382056 0.158514 0.413006 0.104352 0.405444
0 0.157807 0.372966 0.210124 0.382197 0.204693 0.412972 0.152376 0.403740
0 0.188351 0.378660 0.242977 0.376063 0.244461 0.407278 0.189835 0.409874
0 0.229057 0.381885 0.281471 0.373221 0.286568 0.404053 0.234154 0.412716
0 0.262154 0.383838 0.312586 0.373097 0.319096 0.403662 0.268664 0.414403
0 0.304715 0.378078 0.357840 0.378172 0.357785 0.409422 0.304660 0.409328
0 0.340263 0.380322 0.394781 0.376025 0.397237 0.407178 0.342719 0.411475
0 0.387014 0.383706 0.438783 0.371779 0.445799 0.402231 0.394030 0.414159
0 0.439993 0.378472 0.493071 0.376243 0.494382 0.407466 0.441304 0.409694
0 0.483831 0.379855 0.536730 0.374965 0.539607 0.406083 0.486707 0.410972
0 0.525428 0.376178 0.579970 0.380155 0.577697 0.411322 0.523155 0.407345
0 0.566789 0.373300 0.618919 0.383535 0.612898 0.414200 0.560769 0.403965
0 0.613141 0.375926 0.666074 0.380437 0.663421 0.411574 0.610488 0.407063
0 0.660050 0.371369 0.711590 0.384251 0.704012 0.414568 0.652473 0.401687
0 0.691531 0.378518 0.744605 0.376199 0.745969 0.407420 0.692895 0.409738
0 0.737265 0.370001 0.787870 0.386168 0.778360 0.415936 0.727755 0.399769
0 0.770031 0.381800 0.822684 0.374728 0.826844 0.405700 0.774191 0.412772
0 0.810115 0.375787 0.863023 0.380591 0.860197 0.411713 0.807290 0.406909
0 0.857057 0.378705 0.910115 0.376022 0.911693 0.407232 0.858635 0.409915
0 0.899036 0.376340 0.953686 0.378369 0.952527 0.409597 0.897877 0.407569
0 0.019838 0.424310 0.072359 0.432295 0.067662 0.463190 0.015141 0.455205
0 0.061883 0.431852 0.114306 0.423248 0.119367 0.454085 0.066944 0.462690
0 0.114567 0.426121 0.167533 0.430223 0.165120 0.461379 0.112154 0.457277
0 0.160353 0.432401 0.211265 0.424243 0.216210 0.455099 0.165297 0.463257
0 0.203098 0.430431 0.255886 0.424455 0.259402 0.455506 0.206614 0.461483
0 0.258547 0.421327 0.309557 0.436167 0.300828 0.466173 0.249818 0.451333
0 0.292930 0.426180 0.344438 0.428541 0.343008 0.459758 0.291499 0.457397
0 0.327622 0.433760 0.379369 0.421738 0.386440 0.452178 0.334694 0.464199
0 0.374660 0.428701 0.426209 0.427557 0.426903 0.458799 0.375353 0.459943
0 0.407416 0.428819 0.460523 0.427441 0.461334 0.458681 0.408227 0.460059
0 0.435745 0.433800 0.489367 0.423059 0.495505 0.453700 0.441883 0.464441
0 0.478941 0.428689 0.531999 0.426037 0.533559 0.457248 0.480501 0.459900
0 0.508792 0.431764 0.561241 0.423321 0.566208 0.454173 0.513759 0.462617
0 0.557429 0.423418 0.608011 0.433426 0.601946 0.464082 0.551364 0.454074
0 0.586759 0.428678 0.639819 0.426047 0.641366 0.457259 0.588306 0.459890
0 0.636534 0.426372 0.689622 0.428337 0.688466 0.459565 0.635378 0.457601
0 0.666255 0.426290 0.720901 0.428422 0.719683 0.459648 0.665037 0.457516
0 0.717584 0.424411 0.770361 0.430481 0.766791 0.461526 0.714014 0.455457
0 0.762806 0.421136 0.812568 0.434643 0.804382 0.464802 0.754620 0.451294
0 0.796660 0.431530 0.847804 0.424973 0.851778 0.455970 0.800634 0.462527
0 0.842438 0.421657 0.895758 0.433812 0.888812 0.464280 0.835492 0.452126
0 0.883535 0.426175 0.936608 0.428543 0.935215 0.459762 0.882142 0.457394
0 0.927903 0.423104 0.979943 0.433785 0.973660 0.464396 0.921620 0.453715
0 0.017817 0.476320 0.070901 0.478391 0.069683 0.509617 0.016599 0.507547
0 0.061736 0.476059 0.114797 0.478666 0.113264 0.509878 0.060203 0.507272
0 0.101361 0.478462 0.152919 0.477791 0.153326 0.509038 0.101768 0.509709
0 0.147327 0.476197 0.200305 0.480139 0.197986 0.511303 0.145007 0.507361
0 0.199244 0.474759 0.250326 0.481782 0.246069 0.512741 0.194987 0.505718
0 0.228217 0.477970 0.281341 0.478281 0.281158 0.509530 0.228034 0.509219
0 0.277992 0.478963 0.329456 0.475784 0.331383 0.506975 0.279919 0.510153
0 0.311374 0.477426 0.362918 0.478836 0.362063 0.510074 0.310520 0.508664
0 0.345169 0.483463 0.397324 0.473358 0.403268 0.504037 0.351113 0.514142
0 0.380625 0.478458 0.433705 0.476257 0.435000 0.507480 0.381920 0.509681
0 0.427995 0.479841 0.482578 0.476469 0.484505 0.507659 0.429922 0.511031
0 0.466087 0.474325 0.518842 0.480580 0.515163 0.511613 0.462408 0.505358
0 0.507209 0.478418 0.560292 0.476294 0.561541 0.507519 0.508458 0.509643
0 0.561305 0.471679 0.612553 0.485676 0.604320 0.515821 0.553072 0.501824
0 0.601248 0.478673 0.654362 0.477584 0.655002 0.508827 0.601888 0.509916
0 0.639247 0.471729 0.692604 0.483719 0.685753 0.514208 0.632396 0.502219
0 0.685866 0.473043 0.738213 0.482102 0.732884 0.512894 0.680537 0.503836
0 0.716297 0.475883 0.769223 0.480485 0.766515 0.511617 0.713590 0.507015
0 0.748290 0.478379 0.801412 0.477873 0.801710 0.509121 0.748588 0.509627
0 0.788028 0.476504 0.839563 0.478200 0.838534 0.509434 0.787000 0.507737
0 0.820619 0.476408 0.873629 0.479910 0.871568 0.511092 0.818559 0.507590
0 0.869401 0.476256 0.924044 0.478457 0.922786 0.509682 0.868143 0.507480
0 0.909021 0.481975 0.961629 0.474580 0.965979 0.505525 0.913371 0.512920
0 0.019567 0.524648 0.072195 0.531894 0.067933 0.562852 0.015305 0.555606
0 0.065252 0.523294 0.119279 0.531771 0.114435 0.562643 0.060409 0.554167
0 0.108285 0.526222 0.159700 0.530117 0.157340 0.561278 0.105925 0.557383
0 0.152593 0.528285 0.205686 0.526422 0.206782 0.557652 0.153689 0.559516
0 0.198015 0.524246 0.250515 0.532372 0.245735 0.563254 0.193235 0.555128
0 0.224901 0.530489 0.276105 0.524416 0.279786 0.555448 0.228583 0.561522
0 0.260621 0.532008 0.314796 0.524535 0.319066 0.555492 0.264892 0.562965
0 0.311914 0.524682 0.364754 0.530173 0.361524 0.561256 0.308683 0.555764
0 0.352447 0.528558 0.405518 0.526162 0.406928 0.557380 0.353857 0.559776
0 0.401558 0.528133 0.454683 0.528117 0.454692 0.559367 0.401567 0.559383
0 0.432495 0.528678 0.485608 0.527578 0.486255 0.558822 0.433142 0.559922
0 0.476196 0.528765 0.529306 0.527494 0.530054 0.558735 0.476944 0.560006
0 0.518582 0.536110 0.569621 0.521368 0.578293 0.551390 0.527254 0.566132
0 0.552868 0.533790 0.604906 0.523100 0.611195 0.553710 0.559156 0.564400
0 0.599877 0.531539 0.654165 0.524940 0.657936 0.555961 0.603648 0.562560
0 0.651037 0.520069 0.703362 0.535969 0.694276 0.565869 0.641951 0.549969
0 0.684002 0.530212 0.735403 0.526136 0.737873 0.557288 0.686472 0.561364
0 0.722213 0.527565 0.775326 0.528692 0.774662 0.559935 0.721549 0.558808
0 0.772346 0.527351 0.825448 0.528913 0.824529 0.560149 0.771427 0.558587
0 0.805660 0.529953 0.858542 0.524877 0.861528 0.555984 0.808646 0.561060
0 0.847845 0.522740 0.900070 0.532476 0.894343 0.563197 0.842118 0.553461
0 0.890898 0.527670 0.944015 0.528585 0.943477 0.559830 0.890360 0.558915
0 0.018042 0.574848 0.070918 0.579986 0.067896 0.611089 0.015020 0.605952
0 0.056968 0.575818 0.109881 0.580556 0.107094 0.611682 0.054181 0.606944
0 0.095501 0.577808 0.148623 0.578444 0.148249 0.609692 0.095127 0.609056
0 0.132131 0.582020 0.184503 0.573110 0.189744 0.603918 0.137372 0.612827
0 0.172395 0.576041 0.226916 0.580304 0.224480 0.611459 0.169959 0.607196
0 0.210331 0.572756 0.262563 0.582457 0.256856 0.613182 0.204625 0.603481
0 0.243783 0.578069 0.296908 0.578181 0.296842 0.609431 0.243717 0.609319
0 0.290262 0.573393 0.342737 0.581677 0.337863 0.612545 0.285388 0.604260
0 0.324756 0.580015 0.377752 0.576311 0.379931 0.607485 0.326936 0.611189
0 0.358523 0.575829 0.411438 0.580544 0.408665 0.611671 0.355749 0.606956
0 0.406405 0.577872 0.457965 0.578380 0.457657 0.609628 0.406097 0.609120
0 0.449702 0.580063 0.501125 0.576271 0.503423 0.607437 0.452000 0.611229
0 0.484016 0.583532 0.537447 0.571874 0.544109 0.602405 0.490678 0.614064
0 0.519855 0.583616 0.571660 0.571848 0.578583 0.602321 0.526778 0.614090
0 0.557998 0.577814 0.611119 0.578438 0.610752 0.609686 0.557631 0.609062
0 0.596835 0.578193 0.649960 0.578057 0.650040 0.609307 0.596915 0.609443
0 0.643376 0.580213 0.694777 0.576135 0.697249 0.607287 0.645848 0.611365
0 0.675321 0.577576 0.729997 0.578680 0.729367 0.609924 0.674690 0.608820
0 0.721203 0.580130 0.774052 0.574720 0.777234 0.605807 0.724386 0.611218
0 0.761552 0.575964 0.814492 0.580395 0.811886 0.611536 0.758946 0.607105
0 0.804118 0.583977 0.855775 0.571574 0.863070 0.601961 0.811413 0.614363
0 0.841962 0.583500 0.892517 0.573360 0.898663 0.604000 0.848108 0.614140
0 0.890015 0.574580 0.941042 0.581995 0.936547 0.612920 0.885521 0.605505
0 0.016994 0.628450 0.068552 0.627803 0.068944 0.659050 0.017386 0.659697
0 0.055708 0.628304 0.108799 0.626403 0.109917 0.657633 0.056826 0.659534
0 0.099279 0.624936 0.150603 0.629897 0.147596 0.661002 0.096272 0.656041
0 0.142846 0.624850 0.195533 0.631657 0.191529 0.662650 0.138842 0.655843
0 0.171304 0.637910 0.221368 0.620140 0.231821 0.649590 0.181757 0.667360
0 0.209781 0.626210 0.264328 0.630120 0.262094 0.661290 0.207547 0.657380
0 0.249718 0.623294 0.302159 0.631797 0.297157 0.662644 0.244716 0.654141
0 0.293509 0.630011 0.346505 0.626315 0.348679 0.657489 0.295683 0.661185
0 0.339859 0.628684 0.391354 0.626045 0.392953 0.657254 0.341459 0.659893
0 0.371218 0.631799 0.422077 0.623314 0.427220 0.654138 0.376360 0.662623
0 0.421786 0.628927 0.474820 0.625814 0.476651 0.657010 0.423618 0.660123
0 0.459805 0.626227 0.512789 0.630106 0.510507 0.661273 0.457524 0.657394
0 0.504825 0.625877 0.557867 0.628860 0.556112 0.660060 0.503071 0.657078
0 0.554997 0.626453 0.606446 0.629865 0.604378 0.661047 0.552929 0.657635
0 0.588727 0.630265 0.643254 0.626077 0.645648 0.657235 0.591121 0.661423
0 0.620329 0.628097 0.675016 0.628153 0.674984 0.659403 0.620297 0.659347
0 0.656867 0.626340 0.709953 0.628370 0.708758 0.659598 0.655672 0.657567
0 0.696418 0.630453 0.749348 0.625912 0.752020 0.657047 0.699089 0.661588
0 0.750392 0.624417 0.803171 0.630475 0.799608 0.661521 0.746829 0.655463
0 0.790135 0.628209 0.843232 0.626495 0.844240 0.657729 0.791143 0.659442
0 0.823926 0.626541 0.877027 0.628161 0.876074 0.659397 0.822973 0.657776
0 0.859834 0.626187 0.912811 0.630150 0.910479 0.661313 0.857502 0.657350
0 0.890755 0.627906 0.943878 0.628345 0.943620 0.659594 0.890497 0.659155
0 0.015550 0.680541 0.068314 0.674359 0.071950 0.705396 0.019186 0.711579
0 0.048395 0.680466 0.101176 0.674424 0.104730 0.705471 0.051949 0.711513
0 0.082300 0.678249 0.135395 0.676456 0.136450 0.707689 0.083355 0.709481
0 0.124565 0.684326 0.176399 0.672684 0.183247 0.703174 0.131413 0.714816
0 0.162124 0.683926 0.212522 0.673030 0.219126 0.703574 0.168728 0.714470
0 0.203767 0.676300 0.256850 0.678412 0.255608 0.709637 0.202525 0.707525
0 0.253257 0.677903 0.306380 0.678348 0.306118 0.709597 0.252995 0.709152
0 0.295586 0.677682 0.347141 0.678572 0.346602 0.709818 0.295047 0.708928
0 0.337348 0.681497 0.390073 0.674989 0.393902 0.706003 0.341177 0.712511
0 0.378791 0.675892 0.431718 0.680475 0.429022 0.711608 0.376095 0.707025
0 0.425564 0.674972 0.478285 0.681516 0.474436 0.712528 0.421715 0.705984
0 0.460683 0.669815 0.512817 0.686332 0.503379 0.716122 0.451245 0.699606
0 0.506119 0.678960 0.557583 0.675787 0.559506 0.706978 0.508042 0.710151
0 0.548119 0.673347 0.598669 0.683516 0.592506 0.714153 0.541956 0.703984
0 0.589003 0.682448 0.641238 0.672763 0.646935 0.703490 0.594700 0.713174
0 0.631358 0.677948 0.682920 0.678303 0.682704 0.709552 0.631143 0.709197
0 0.660281 0.681955 0.712673 0.673164 0.717844 0.703983 0.665452 0.712774
0 0.704199 0.678205 0.757297 0.676499 0.758301 0.707732 0.705203 0.709439
0 0.734239 0.680680 0.786972 0.674238 0.790761 0.705258 0.738028 0.711699
0 0.776156 0.680347 0.829104 0.676007 0.831656 0.707153 0.778709 0.711493
0 0.809232 0.678378 0.863917 0.677873 0.864206 0.709122 0.809520 0.709627
0 0.853090 0.678187 0.907777 0.678063 0.907848 0.709313 0.853161 0.709437
0 0.890373 0.686445 0.941243 0.671131 0.950252 0.701055 0.899382 0.716369
0 0.015167 0.728174 0.069830 0.726527 0.070771 0.757763 0.016108 0.759410
0 0.055905 0.723376 0.106468 0.733480 0.100345 0.764124 0.049782 0.754020
0 0.080476 0.735456 0.131826 0.721838 0.139837 0.752044 0.088487 0.765662
0 0.125874 0.730167 0.178715 0.724687 0.181939 0.755770 0.129097 0.761250
0 0.159536 0.727855 0.212658 0.728397 0.212339 0.759645 0.159217 0.759103
0 0.191892 0.728639 0.245007 0.727617 0.245608 0.758861 0.192493 0.759883
0 0.220040 0.735752 0.270864 0.720289 0.279960 0.750186 0.229136 0.765649
0 0.263444 0.728414 0.314963 0.726300 0.316244 0.757524 0.264725 0.759638
0 0.304674 0.723020 0.355068 0.733938 0.348451 0.764480 0.298057 0.753562
0 0.333927 0.730433 0.386861 0.725930 0.389510 0.757067 0.336576 0.761570
0 0.366971 0.731648 0.419660 0.724858 0.423654 0.755852 0.370965 0.762642
0 0.419024 0.726455 0.472040 0.729859 0.470038 0.761045 0.417022 0.757641
0 0.446852 0.735566 0.498151 0.721758 0.506273 0.751934 0.454974 0.765742
0 0.492374 0.727812 0.545495 0.728440 0.545126 0.759688 0.492005 0.759060
0 0.523406 0.728862 0.578011 0.725872 0.579719 0.757076 0.525114 0.760065
0 0.556961 0.725829 0.609876 0.730545 0.607102 0.761671 0.554187 0.756955
0 0.605173 0.726092 0.659702 0.730248 0.657327 0.761408 0.602798 0.757252
0 0.655230 0.726481 0.706763 0.728224 0.705707 0.759456 0.654174 0.757713
0 0.704690 0.728120 0.757815 0.728130 0.757810 0.759380 0.704685 0.759370
0 0.738362 0.730193 0.791198 0.724664 0.794451 0.755744 0.741614 0.761274
0 0.770201 0.728321 0.824888 0.727930 0.825111 0.759179 0.770425 0.759570
0 0.822345 0.726170 0.875320 0.730169 0.872967 0.761330 0.819993 0.757331
0 0.851247 0.730160 0.904223 0.726178 0.906565 0.757340 0.853590 0.761322
0 0.893110 0.728487 0.946187 0.726229 0.947515 0.757451 0.894438 0.759708
0 0.920265 0.735967 0.972980 0.721410 0.981298 0.751533 0.928583 0.766090
0 0.017306 0.777932 0.068867 0.778319 0.068632 0.809568 0.017071 0.809181
0 0.057874 0.778024 0.109436 0.778226 0.109314 0.809476 0.057752 0.809274
0 0.104376 0.778667 0.157490 0.777590 0.158124 0.808833 0.105010 0.809910
0 0.152353 0.780254 0.203607 0.774620 0.207022 0.805683 0.155768 0.811317
0 0.194199 0.774426 0.245405 0.780477 0.241738 0.811511 0.190532 0.805461
0 0.223335 0.790776 0.273167 0.768249 0.286040 0.796724 0.236208 0.819251
0 0.269450 0.769979 0.319368 0.788157 0.308675 0.817521 0.258757 0.799343
0 0.303910 0.782274 0.356202 0.772903 0.361715 0.803663 0.309423 0.813034
0 0.353109 0.772857 0.406975 0.782300 0.401579 0.813081 0.347713 0.803637
0 0.392656 0.777355 0.445758 0.778909 0.444844 0.810145 0.391742 0.808591
0 0.423645 0.777778 0.476765 0.778475 0.476355 0.809722 0.423235 0.809025
0 0.461393 0.776191 0.514371 0.780146 0.512044 0.811309 0.459067 0.807354
0 0.494998 0.773333 0.547452 0.781749 0.542502 0.812604 0.490048 0.804189
0 0.527217 0.774763 0.581458 0.781742 0.577470 0.812737 0.523230 0.805758
0 0.573326 0.778311 0.624887 0.777940 0.625112 0.809189 0.573551 0.809560
0 0.620924 0.776030 0.672307 0.780329 0.669701 0.811470 0.618318 0.807171
0 0.666515 0.774799 0.719381 0.780041 0.716298 0.811138 0.663432 0.805897
0 0.705186 0.774972 0.759483 0.781502 0.755751 0.812528 0.701455 0.805998
0 0.750200 0.777791 0.803320 0.778462 0.802925 0.809709 0.749805 0.809038
0 0.782808 0.778132 0.835933 0.778118 0.835942 0.809368 0.782817 0.809382
0 0.831695 0.777392 0.884799 0.778870 0.883930 0.810108 0.830826 0.808630
0 0.881837 0.776003 0.934783 0.780351 0.932226 0.811497 0.879279 0.807149
0 0.911746 0.788853 0.962366 0.768158 0.974192 0.797085 0.923571 0.817779
0 0.017866 0.825873 0.070790 0.830495 0.068071 0.861627 0.015148 0.857005
0 0.058571 0.821453 0.108532 0.834205 0.100804 0.864484 0.050843 0.851732
0 0.086584 0.824866 0.139275 0.831639 0.135291 0.862634 0.082600 0.855861
0 0.122077 0.821235 0.171903 0.834505 0.163860 0.864702 0.114035 0.851432
0 0.162074 0.828873 0.215178 0.827389 0.216051 0.858627 0.162947 0.860111
0 0.207283 0.829824 0.260188 0.824993 0.263030 0.856113 0.210125 0.860945
0 0.249335 0.831976 0.301721 0.823146 0.306915 0.853961 0.254529 0.862791
0 0.289900 0.821205 0.341342 0.834472 0.333538 0.864732 0.282096 0.851465
0 0.324059 0.825892 0.378555 0.830467 0.375941 0.861608 0.321445 0.857033
0 0.369652 0.830105 0.422506 0.824742 0.425661 0.855832 0.372807 0.861196
0 0.417882 0.824804 0.470556 0.831711 0.466493 0.862696 0.413819 0.855789
0 0.460914 0.828166 0.515602 0.828084 0.515648 0.859334 0.460961 0.859416
0 0.494911 0.834224 0.546784 0.822762 0.553527 0.853276 0.501653 0.864738
0 0.535756 0.823173 0.588153 0.831943 0.582994 0.862764 0.530597 0.853994
0 0.574340 0.828524 0.627414 0.826194 0.628785 0.857414 0.575711 0.859744
0 0.607394 0.828860 0.660499 0.827402 0.661356 0.858640 0.608251 0.860098
0 0.650898 0.824446 0.705045 0.832112 0.700665 0.863054 0.646517 0.855388
0 0.692146 0.830564 0.746477 0.824327 0.750041 0.855373 0.695710 0.861610
0 0.748016 0.819622 0.797591 0.838716 0.786359 0.867878 0.736784 0.848784
0 0.776525 0.832213 0.827254 0.822979 0.832850 0.853724 0.782121 0.862958
0 0.830539 0.824604 0.883154 0.831946 0.878836 0.862896 0.826221 0.855554
0 0.876836 0.827655 0.931516 0.828600 0.930976 0.859845 0.876297 0.858900
0 0.918029 0.825994 0.971083 0.828735 0.969471 0.859943 0.916417 0.857203
0 0.020021 0.873305 0.072466 0.881783 0.067479 0.912632 0.015034 0.904155
0 0.062198 0.881850 0.114837 0.874685 0.119052 0.905650 0.066413 0.912815
0 0.098493 0.878031 0.151617 0.878219 0.151507 0.909469 0.098383 0.909281
0 0.146374 0.878254 0.201032 0.876450 0.202063 0.907683 0.147405 0.909487
0 0.188353 0.880213 0.241186 0.874647 0.244460 0.905725 0.191627 0.911291
0 0.224878 0.881536 0.279167 0.874942 0.282934 0.905964 0.228646 0.912558
0 0.264947 0.882009 0.317323 0.873119 0.322553 0.903928 0.270177 0.912819
0 0.319222 0.870169 0.369313 0.887866 0.358903 0.917331 0.308812 0.899634
0 0.343806 0.878031 0.396930 0.878219 0.396819 0.909469 0.343695 0.909281
0 0.385033 0.874851 0.437720 0.881657 0.433717 0.912649 0.381030 0.905843
0 0.410351 0.884031 0.461985 0.871534 0.469336 0.901907 0.417702 0.914404
0 0.454096 0.872739 0.506321 0.882478 0.500592 0.913199 0.448367 0.903459
0 0.480495 0.880314 0.533307 0.874558 0.536693 0.905624 0.483881 0.911380
0 0.529182 0.882348 0.581689 0.874266 0.586443 0.905152 0.533936 0.913234
0 0.562700 0.877790 0.615821 0.878463 0.615425 0.909710 0.562304 0.909037
0 0.593743 0.878768 0.646794 0.875963 0.648444 0.907170 0.595393 0.909974
0 0.626470 0.878934 0.679503 0.875807 0.681342 0.907003 0.628309 0.910130
0 0.663313 0.874975 0.714644 0.879853 0.711687 0.910963 0.660356 0.906085
0 0.707690 0.872993 0.759678 0.883926 0.753247 0.914507 0.701259 0.903574
0 0.735437 0.880545 0.788352 0.875829 0.791126 0.906955 0.738211 0.911671
0 0.772936 0.874645 0.824196 0.880226 0.820814 0.911292 0.769554 0.905712
0 0.807808 0.880284 0.859056 0.874595 0.862504 0.905654 0.811256 0.911343
0 0.838377 0.882030 0.890746 0.873102 0.895998 0.903907 0.843629 0.912836
0 0.893181 0.872713 0.945395 0.882510 0.939632 0.913224 0.887418 0.903427
0 0.926817 0.876531 0.978277 0.879781 0.976308 0.910969 0.924848 0.907719
0 0.016711 0.930420 0.068079 0.925948 0.070789 0.957080 0.019421 0.961552
0 0.061994 0.928238 0.115089 0.926467 0.116131 0.957700 0.063036 0.959471
0 0.107641 0.928429 0.162325 0.927823 0.162672 0.959071 0.107987 0.959677
0 0.152926 0.933620 0.205026 0.923233 0.211136 0.953880 0.159037 0.964267
0 0.198099 0.932064 0.252259 0.924487 0.256589 0.955436 0.202429 0.963013
0 0.232426 0.932054 0.285013 0.924513 0.289449 0.955446 0.236862 0.962987
0 0.272805 0.928507 0.327444 0.926208 0.328758 0.957430 0.274119 0.959730
0 0.309336 0.928193 0.364024 0.928057 0.364101 0.959307 0.309414 0.959443
0 0.356841 0.926407 0.408369 0.928301 0.407221 0.959530 0.355694 0.957636
0 0.385911 0.935577 0.437206 0.921750 0.445339 0.951923 0.394044 0.965750
0 0.440868 0.922753 0.491124 0.934289 0.484132 0.964747 0.433876 0.953211
0 0.471285 0.924686 0.524127 0.930168 0.520902 0.961251 0.468061 0.955770
0 0.504685 0.930376 0.557485 0.924503 0.560940 0.955561 0.508140 0.961435
0 0.548413 0.930329 0.599651 0.924555 0.603150 0.955609 0.551912 0.961382
0 0.600200 0.921864 0.652013 0.933595 0.645113 0.964074 0.593299 0.952343
0 0.640317 0.933941 0.692299 0.922981 0.698746 0.953559 0.646763 0.964519
0 0.687069 0.930398 0.740008 0.925961 0.742618 0.957102 0.689679 0.961539
0 0.742274 0.922915 0.792615 0.934075 0.785851 0.964585 0.735510 0.953425
0 0.773017 0.928842 0.824560 0.927420 0.825421 0.958658 0.773878 0.960080
0 0.820266 0.928201 0.871829 0.928049 0.871921 0.959299 0.820359 0.959451
0 0.865718 0.927963 0.920405 0.928288 0.920219 0.959537 0.865532 0.959212
0 0.918950 0.921712 0.972298 0.933741 0.965425 0.964225 0.912077 0.952197
