1 0.041450 0.044013 0.061756 0.043506 0.063238 0.102862 0.042932 0.103369
1 0.078702 0.043102 0.098963 0.044548 0.094736 0.103773 0.074475 0.102327
1 0.106523 0.043665 0.125273 0.043837 0.124727 0.103210 0.105977 0.103038
1 0.138300 0.043296 0.157024 0.044287 0.153888 0.103579 0.135164 0.102588
1 0.170467 0.043471 0.189208 0.044059 0.187345 0.103404 0.168605 0.102816
1 0.202731 0.043888 0.223042 0.043618 0.223831 0.102987 0.203521 0.103257
1 0.236003 0.043728 0.256315 0.043772 0.256185 0.103147 0.235872 0.103103
1 0.267259 0.043093 0.285948 0.044599 0.281179 0.103782 0.262490 0.102276
1 0.292129 0.044051 0.312433 0.043473 0.314121 0.102824 0.293817 0.103402
1 0.325734 0.043509 0.346040 0.044009 0.344579 0.103366 0.324273 0.102866
1 0.352347 0.044288 0.371071 0.043295 0.374215 0.102587 0.355491 0.103580
1 0.384853 0.042149 0.405077 0.044049 0.399522 0.103164 0.379298 0.101263
1 0.416787 0.043880 0.435535 0.043626 0.436338 0.102995 0.417590 0.103249
1 0.449001 0.043358 0.467732 0.044202 0.465061 0.103517 0.446330 0.102673
1 0.480758 0.044183 0.499490 0.043373 0.502055 0.102692 0.483322 0.103502
1 0.512002 0.043925 0.532312 0.043583 0.533310 0.102950 0.513001 0.103292
1 0.542662 0.043592 0.562972 0.043916 0.562026 0.103283 0.541716 0.102959
1 0.572525 0.043535 0.592833 0.043979 0.591537 0.103340 0.571229 0.102896
1 0.604205 0.043907 0.622952 0.043601 0.623920 0.102968 0.605173 0.103274
1 0.631863 0.043547 0.652172 0.043965 0.650949 0.103328 0.630641 0.102910
1 0.667792 0.043566 0.686538 0.043946 0.685333 0.103309 0.666587 0.102929
1 0.698139 0.043846 0.716888 0.043657 0.717486 0.103029 0.698737 0.103218
1 0.729333 0.044133 0.748069 0.043411 0.750354 0.102742 0.731618 0.103464
1 0.759456 0.043469 0.779760 0.044056 0.778044 0.103406 0.757740 0.102819
1 0.794292 0.043111 0.814555 0.044535 0.810395 0.103764 0.790132 0.102340
1 0.825401 0.043200 0.844111 0.044427 0.840224 0.103675 0.821514 0.102448
1 0.853578 0.043599 0.873888 0.043908 0.872985 0.103276 0.852674 0.102967
1 0.885947 0.043747 0.906260 0.043753 0.906240 0.103128 0.885928 0.103122
1 0.922030 0.043261 0.940749 0.044336 0.937345 0.103614 0.918626 0.102539
7 0.027329 0.112188 0.086250 0.119516 0.078921 0.178437 0.020000 0.171109
7 0.062788 0.113811 0.122126 0.115913 0.120024 0.175251 0.060686 0.173149
7 0.098132 0.115972 0.157466 0.113757 0.159680 0.173091 0.100347 0.175305
7 0.137998 0.115135 0.197365 0.116123 0.196377 0.175490 0.137010 0.174502
7 0.175060 0.115565 0.234435 0.115685 0.234315 0.175060 0.174940 0.174940
7 0.212998 0.113699 0.272239 0.117685 0.268252 0.176926 0.209011 0.172940
7 0.250884 0.113366 0.310072 0.118071 0.305366 0.177259 0.246178 0.172554
7 0.283509 0.113436 0.342814 0.116321 0.339929 0.175626 0.280624 0.172741
7 0.317415 0.113869 0.376756 0.115852 0.374773 0.175194 0.315431 0.173210
7 0.353352 0.113869 0.412693 0.115852 0.410711 0.175193 0.351369 0.173211
7 0.391231 0.113519 0.450544 0.116231 0.447832 0.175544 0.388519 0.172832
7 0.428655 0.113588 0.487975 0.116155 0.485407 0.175475 0.426088 0.172907
7 0.469887 0.111902 0.528723 0.119887 0.520738 0.178723 0.461902 0.170738
7 0.504870 0.113977 0.564148 0.117370 0.560755 0.176648 0.501477 0.173255
7 0.536491 0.115081 0.595856 0.116179 0.594759 0.175544 0.535394 0.174446
7 0.574547 0.111752 0.633561 0.118297 0.627015 0.177311 0.568002 0.170765
7 0.608167 0.113750 0.667500 0.115980 0.665270 0.175313 0.605937 0.173083
7 0.646999 0.114029 0.706283 0.117312 0.703001 0.176596 0.643717 0.173313
7 0.680281 0.113529 0.739596 0.116219 0.736906 0.175533 0.677592 0.172844
7 0.714604 0.115093 0.773970 0.116167 0.772896 0.175532 0.713530 0.174458
7 0.755435 0.112045 0.814517 0.117935 0.808627 0.177017 0.749545 0.171127
7 0.788093 0.115044 0.847456 0.116218 0.846282 0.175581 0.786919 0.174407
7 0.822128 0.113914 0.881399 0.117441 0.877872 0.176711 0.818601 0.173184
7 0.854634 0.115679 0.914009 0.115571 0.914116 0.174946 0.854741 0.175054
7 0.893055 0.116336 0.952414 0.114930 0.953820 0.174289 0.894461 0.175695
0 0.032242 0.153339 0.081995 0.148370 0.084945 0.177911 0.035193 0.182880
0 0.057045 0.152201 0.108532 0.149405 0.110142 0.179049 0.058655 0.181845
0 0.087180 0.146844 0.136489 0.155128 0.131570 0.184406 0.082261 0.176122
0 0.116764 0.146185 0.166118 0.154198 0.161361 0.183502 0.112007 0.175489
0 0.148223 0.154174 0.196221 0.147658 0.200214 0.177076 0.152217 0.183592
0 0.174039 0.149812 0.224000 0.151773 0.222836 0.181438 0.172875 0.179477
0 0.199580 0.154014 0.248988 0.146338 0.253545 0.175674 0.204137 0.183349
0 0.224212 0.149510 0.275710 0.152089 0.274225 0.181740 0.222727 0.179161
0 0.253729 0.149808 0.303690 0.151777 0.302521 0.181442 0.252560 0.179473
0 0.284796 0.149313 0.334777 0.150698 0.333954 0.180374 0.283973 0.178989
0 0.303207 0.149374 0.354690 0.152234 0.353043 0.181876 0.301560 0.179016
0 0.342154 0.146637 0.389789 0.155417 0.384408 0.184613 0.336773 0.175833
0 0.368444 0.152006 0.418290 0.148085 0.420618 0.177681 0.370772 0.181603
0 0.392700 0.149951 0.442672 0.151628 0.441675 0.181299 0.391703 0.179622
0 0.422152 0.148297 0.473598 0.151770 0.471598 0.181390 0.420152 0.177917
0 0.440305 0.152103 0.491703 0.147992 0.494070 0.177585 0.442672 0.181696
0 0.460665 0.153784 0.511712 0.146513 0.515898 0.175904 0.464851 0.183175
0 0.498823 0.149350 0.550369 0.150660 0.549615 0.180338 0.498069 0.179028
0 0.527273 0.149679 0.575659 0.151915 0.574289 0.181571 0.525903 0.179335
0 0.548660 0.149256 0.596997 0.152368 0.595090 0.181994 0.546753 0.178882
0 0.576803 0.149614 0.625235 0.150390 0.624759 0.180074 0.576328 0.179297
0 0.598135 0.151999 0.647982 0.148092 0.650302 0.177688 0.600455 0.181596
0 0.622100 0.149628 0.672094 0.150376 0.671650 0.180060 0.621656 0.179312
0 0.644928 0.152096 0.693193 0.148010 0.695697 0.177592 0.647432 0.181677
0 0.665052 0.151825 0.716573 0.149762 0.717761 0.179425 0.666240 0.181488
0 0.685327 0.151897 0.736842 0.149693 0.738111 0.179353 0.686595 0.181557
0 0.710337 0.146293 0.761313 0.154044 0.756851 0.183394 0.705874 0.175643
0 0.728772 0.147757 0.780129 0.152361 0.777478 0.181930 0.726121 0.177326
0 0.764954 0.151975 0.814898 0.149621 0.816296 0.179275 0.766352 0.181629
0 0.796635 0.150412 0.846628 0.149592 0.847115 0.179275 0.797122 0.180096
0 0.824345 0.151982 0.875853 0.149612 0.877217 0.179268 0.825709 0.181638
0 0.857439 0.152216 0.908819 0.147888 0.911311 0.177471 0.859931 0.181799
0 0.877388 0.152099 0.927321 0.149503 0.928862 0.179151 0.878929 0.181747
0 0.898666 0.149610 0.950222 0.150393 0.949772 0.180077 0.898215 0.179294
1 0.036745 0.259905 0.055469 0.258926 0.058568 0.318220 0.039843 0.319199
1 0.067244 0.259102 0.087548 0.259672 0.085881 0.319023 0.065577 0.318453
1 0.098356 0.259989 0.118636 0.258853 0.121957 0.318136 0.101676 0.319272
1 0.134866 0.259212 0.155176 0.259547 0.154196 0.318913 0.133887 0.318578
1 0.166746 0.259518 0.185494 0.259238 0.186379 0.318607 0.167631 0.318887
1 0.193591 0.259430 0.213903 0.259321 0.214221 0.318695 0.193909 0.318804
1 0.225991 0.259577 0.246299 0.259184 0.247447 0.318548 0.227138 0.318941
1 0.260351 0.259582 0.280660 0.259180 0.281836 0.318543 0.261527 0.318945
1 0.295021 0.259764 0.315320 0.259025 0.317479 0.318361 0.297180 0.319100
1 0.327610 0.259816 0.346342 0.258992 0.348952 0.318309 0.330220 0.319133
1 0.354175 0.260168 0.374436 0.258731 0.378638 0.317957 0.358376 0.319394
1 0.388951 0.259696 0.409254 0.259082 0.411049 0.318429 0.390746 0.319043
1 0.413668 0.260434 0.433755 0.257414 0.442582 0.316129 0.422495 0.319149
1 0.449431 0.259576 0.469739 0.259185 0.470882 0.318549 0.450573 0.318940
1 0.477367 0.259906 0.496092 0.258926 0.499195 0.318219 0.480471 0.319199
1 0.504309 0.260376 0.522977 0.258631 0.528504 0.317749 0.509835 0.319494
1 0.539356 0.259276 0.559668 0.259477 0.559081 0.318849 0.538770 0.318648
1 0.571547 0.260090 0.591818 0.258783 0.595640 0.318035 0.575370 0.319342
1 0.606040 0.260306 0.624719 0.258670 0.629897 0.317819 0.611219 0.319455
1 0.637353 0.260016 0.657632 0.258835 0.661084 0.318109 0.640806 0.319290
1 0.671260 0.259593 0.691568 0.259170 0.692803 0.318532 0.672495 0.318955
1 0.699243 0.260210 0.717935 0.258726 0.722632 0.317915 0.703940 0.319399
1 0.725875 0.260243 0.746128 0.258683 0.750687 0.317882 0.730435 0.319442
1 0.757295 0.259817 0.776027 0.258991 0.778642 0.318308 0.759911 0.319134
1 0.787056 0.259519 0.805804 0.259238 0.806694 0.318606 0.787946 0.318887
1 0.819941 0.259795 0.840238 0.259001 0.842559 0.318330 0.822262 0.319124
1 0.854222 0.259526 0.872970 0.259231 0.873903 0.318599 0.855155 0.318894
1 0.882586 0.260048 0.902861 0.258812 0.906476 0.318077 0.886201 0.319313
1 0.911833 0.259872 0.930560 0.258950 0.933480 0.318253 0.914752 0.319175
0 0.034778 0.291547 0.085969 0.297729 0.082409 0.327203 0.031219 0.321021
0 0.052484 0.295704 0.103995 0.293389 0.105328 0.323046 0.053818 0.325361
0 0.076202 0.295938 0.127587 0.291665 0.130048 0.321250 0.078663 0.325523
0 0.113480 0.291902 0.163184 0.297337 0.159957 0.326848 0.110253 0.321413
0 0.138580 0.291770 0.188252 0.297487 0.184857 0.326980 0.135185 0.321263
0 0.158874 0.297024 0.210207 0.292171 0.213001 0.321726 0.161668 0.326579
0 0.194704 0.295608 0.244659 0.293482 0.245921 0.323142 0.195966 0.325268
0 0.230801 0.294534 0.280777 0.292980 0.281699 0.322653 0.231723 0.324207
0 0.258288 0.292977 0.308263 0.294537 0.307337 0.324210 0.257362 0.322650
0 0.279456 0.294160 0.331012 0.293344 0.331482 0.323027 0.279926 0.323844
0 0.314515 0.293013 0.364493 0.294500 0.363610 0.324174 0.313632 0.322688
0 0.337885 0.291657 0.387528 0.297617 0.383990 0.327093 0.334347 0.321133
0 0.370078 0.294165 0.421634 0.293339 0.422109 0.323023 0.370554 0.323849
0 0.409921 0.293649 0.459889 0.295433 0.458829 0.325101 0.408861 0.323317
0 0.446520 0.295857 0.496351 0.291744 0.498792 0.321331 0.448962 0.325444
0 0.488391 0.290237 0.537848 0.297585 0.533484 0.326951 0.484027 0.319602
0 0.523132 0.295756 0.572978 0.291835 0.575306 0.321431 0.525460 0.325352
0 0.552579 0.297037 0.602341 0.292167 0.605233 0.321713 0.555471 0.326583
0 0.593343 0.294458 0.643323 0.293054 0.644157 0.322730 0.594177 0.324134
0 0.624228 0.297532 0.673891 0.291731 0.677334 0.321218 0.627672 0.327019
0 0.660335 0.291929 0.710045 0.297305 0.706853 0.326821 0.657143 0.321445
0 0.686876 0.295600 0.735268 0.293490 0.736561 0.323150 0.688170 0.325260
0 0.706715 0.292969 0.758254 0.294544 0.757347 0.324218 0.705809 0.322643
0 0.741875 0.295837 0.793276 0.291756 0.795625 0.321351 0.744224 0.325431
0 0.768458 0.294253 0.818448 0.293253 0.819042 0.322935 0.769052 0.323934
0 0.794570 0.293229 0.844500 0.295875 0.842930 0.325521 0.793000 0.322875
0 0.829397 0.290442 0.880239 0.299036 0.875290 0.328308 0.824449 0.319714
0 0.847325 0.293039 0.895742 0.294474 0.894862 0.324149 0.846446 0.322713
0 0.879161 0.297078 0.930485 0.292122 0.933339 0.321672 0.882015 0.326628
0 0.905199 0.291762 0.955033 0.295836 0.952614 0.325425 0.902780 0.321351
7 0.039577 0.401102 0.098898 0.403640 0.096360 0.462960 0.037040 0.460423
7 0.085905 0.403157 0.145280 0.403093 0.145345 0.462468 0.085970 0.462532
7 0.130538 0.403854 0.189896 0.402413 0.191337 0.461771 0.131979 0.463212
7 0.179167 0.403655 0.238532 0.402604 0.239583 0.461970 0.180218 0.463021
7 0.229650 0.403162 0.289025 0.403088 0.289100 0.462463 0.229725 0.462537
7 0.278261 0.402989 0.337636 0.403261 0.337364 0.462636 0.277989 0.462364
7 0.322261 0.402744 0.381631 0.403511 0.380864 0.462881 0.321494 0.462114
7 0.365395 0.403356 0.424769 0.402895 0.425230 0.462269 0.365856 0.462730
7 0.413921 0.404933 0.473192 0.401421 0.476704 0.460692 0.417433 0.464204
7 0.459251 0.403250 0.518625 0.403001 0.518874 0.462375 0.459500 0.462624
7 0.503026 0.403251 0.562374 0.401464 0.564161 0.460812 0.504813 0.462599
7 0.552612 0.403647 0.611978 0.402612 0.613013 0.461978 0.553647 0.463013
7 0.601176 0.403517 0.660546 0.402739 0.661324 0.462108 0.601954 0.462886
7 0.651014 0.403684 0.710379 0.402577 0.711486 0.461941 0.652121 0.463048
7 0.696088 0.400865 0.755385 0.403900 0.752350 0.463197 0.693053 0.460162
7 0.738637 0.403557 0.798006 0.402699 0.798863 0.462068 0.739494 0.462926
7 0.786984 0.403700 0.846300 0.401047 0.848953 0.460362 0.789638 0.463016
7 0.837739 0.402888 0.897112 0.403364 0.896636 0.462737 0.837263 0.462261
7 0.886846 0.400845 0.946030 0.405596 0.941279 0.464780 0.882095 0.460029
7 0.040233 0.477092 0.099470 0.473046 0.103517 0.532283 0.044280 0.536329
7 0.091062 0.474570 0.150430 0.475437 0.149563 0.534805 0.090195 0.533938
7 0.141739 0.475502 0.201060 0.472989 0.203574 0.532310 0.144252 0.534824
7 0.195573 0.474741 0.254946 0.475261 0.254427 0.534634 0.195054 0.534114
7 0.245945 0.474380 0.305307 0.475633 0.304055 0.534995 0.244693 0.533742
7 0.290590 0.475058 0.349942 0.473403 0.351597 0.532755 0.292245 0.534410
7 0.345780 0.471651 0.404911 0.477030 0.399532 0.536161 0.340401 0.530782
7 0.389971 0.475669 0.449331 0.474346 0.450654 0.533706 0.391294 0.535029
7 0.441733 0.475462 0.501100 0.474545 0.502017 0.533913 0.442650 0.534830
7 0.493632 0.476782 0.552906 0.473319 0.556368 0.532593 0.497094 0.536056
7 0.541904 0.475323 0.601240 0.473154 0.603408 0.532490 0.544073 0.534658
7 0.597210 0.474668 0.656582 0.475335 0.655915 0.534707 0.596543 0.534040
7 0.648175 0.476944 0.707431 0.473175 0.711200 0.532431 0.651944 0.536200
7 0.698396 0.475065 0.757747 0.473396 0.759417 0.532747 0.700065 0.534417
7 0.750441 0.473045 0.809767 0.475441 0.807372 0.534767 0.748045 0.532372
7 0.802244 0.472825 0.861550 0.475681 0.858694 0.534988 0.799387 0.532131
7 0.850353 0.474651 0.909724 0.475353 0.909022 0.534724 0.849651 0.534022
7 0.899384 0.475629 0.958746 0.474384 0.959991 0.533746 0.900629 0.534991
0 0.035352 0.505649 0.086322 0.513442 0.081836 0.542788 0.030865 0.534996
0 0.059768 0.507500 0.111188 0.511332 0.108982 0.540937 0.057562 0.537105
0 0.091641 0.507480 0.141333 0.513015 0.138047 0.542520 0.088354 0.536985
0 0.109026 0.511538 0.160415 0.507312 0.162849 0.536899 0.111460 0.541126
0 0.134882 0.507035 0.186036 0.513513 0.182306 0.542965 0.131152 0.536487
0 0.166534 0.505840 0.215983 0.513237 0.211591 0.542598 0.162142 0.535201
0 0.198283 0.513531 0.247859 0.507034 0.251717 0.536469 0.202141 0.542966
0 0.228995 0.511390 0.278936 0.508957 0.280380 0.538610 0.230439 0.541043
0 0.256951 0.509035 0.306899 0.511308 0.305549 0.540965 0.255601 0.538692
0 0.291960 0.511283 0.343387 0.507545 0.345540 0.537154 0.294113 0.540893
0 0.331457 0.504152 0.378568 0.515411 0.371668 0.544285 0.324557 0.533027
0 0.363690 0.506166 0.414568 0.514540 0.409747 0.543834 0.358869 0.535460
0 0.389081 0.509343 0.440644 0.509407 0.440606 0.539095 0.389044 0.539030
0 0.423595 0.508724 0.471944 0.511643 0.470155 0.541276 0.421806 0.538357
0 0.440975 0.508783 0.492524 0.509975 0.491837 0.539655 0.440289 0.538462
0 0.476536 0.509419 0.526536 0.509331 0.526589 0.539019 0.476589 0.539106
0 0.502511 0.511244 0.552464 0.509096 0.553739 0.538756 0.503786 0.540904
0 0.528140 0.509350 0.578140 0.509400 0.578110 0.539088 0.528110 0.539037
0 0.550126 0.509159 0.601686 0.509592 0.601437 0.539278 0.549876 0.538845
0 0.571568 0.512982 0.619510 0.506072 0.623745 0.535456 0.575803 0.542365
0 0.606341 0.508819 0.654702 0.511541 0.653034 0.541181 0.604673 0.538459
0 0.622806 0.511275 0.672757 0.509067 0.674069 0.538725 0.624118 0.540933
0 0.657356 0.511691 0.707152 0.507180 0.709831 0.536746 0.660035 0.541258
0 0.683385 0.509203 0.734912 0.511130 0.733802 0.540797 0.682276 0.538870
0 0.723762 0.508841 0.773751 0.509916 0.773113 0.539596 0.723124 0.538522
0 0.757071 0.511483 0.807002 0.508870 0.808554 0.538517 0.758623 0.541130
0 0.782301 0.512672 0.833630 0.507775 0.836449 0.537328 0.785120 0.542225
0 0.819540 0.515281 0.870178 0.505564 0.875773 0.534719 0.825134 0.544436
0 0.851782 0.507759 0.903239 0.511052 0.901343 0.540679 0.849886 0.537385
0 0.890164 0.505718 0.937987 0.513409 0.933273 0.542720 0.885450 0.535029
7 0.023964 0.616716 0.083284 0.619277 0.080723 0.678597 0.021403 0.676036
7 0.046521 0.619108 0.105892 0.618396 0.106604 0.677767 0.047233 0.678479
7 0.075700 0.618066 0.135059 0.619450 0.133675 0.678809 0.074316 0.677425
7 0.095254 0.618833 0.154604 0.617129 0.156309 0.676479 0.096958 0.678184
7 0.121509 0.619121 0.180879 0.618384 0.181616 0.677754 0.122246 0.678491
7 0.145425 0.618638 0.204800 0.618862 0.204575 0.678237 0.145200 0.678013
7 0.165301 0.619117 0.224633 0.616864 0.226886 0.676196 0.167554 0.678449
7 0.190180 0.619201 0.249549 0.618305 0.250445 0.677674 0.191076 0.678570
7 0.215646 0.618729 0.275021 0.618771 0.274979 0.678146 0.215604 0.678104
7 0.242750 0.618198 0.302114 0.619312 0.301000 0.678677 0.241636 0.677563
7 0.261902 0.619416 0.321209 0.616589 0.324036 0.675897 0.264728 0.678723
7 0.286830 0.619436 0.346189 0.618080 0.347545 0.677439 0.288186 0.678795
7 0.311567 0.618134 0.370929 0.619379 0.369683 0.678741 0.310321 0.677496
7 0.330538 0.619541 0.389834 0.616476 0.392899 0.675771 0.333604 0.678837
7 0.357039 0.619544 0.416393 0.617977 0.417961 0.677331 0.358607 0.678898
7 0.379325 0.620948 0.438427 0.615262 0.444113 0.674364 0.385011 0.680050
7 0.403089 0.618809 0.462441 0.617152 0.464098 0.676503 0.404747 0.678161
7 0.428450 0.616902 0.487785 0.619075 0.485612 0.678410 0.426277 0.676237
7 0.456341 0.618659 0.515716 0.618841 0.515534 0.678216 0.456159 0.678034
7 0.478008 0.618867 0.537383 0.618633 0.537617 0.678008 0.478242 0.678242
7 0.502937 0.620610 0.562203 0.617000 0.565813 0.676265 0.506547 0.679875
7 0.526600 0.617172 0.585953 0.618787 0.584338 0.678140 0.524985 0.676525
7 0.549351 0.619414 0.608711 0.618101 0.610024 0.677461 0.550664 0.678774
7 0.574090 0.616689 0.633311 0.620965 0.629035 0.680186 0.569814 0.675910
7 0.596865 0.620526 0.656036 0.615615 0.660948 0.674786 0.601776 0.679698
7 0.626664 0.618649 0.686039 0.618852 0.685836 0.678226 0.626461 0.678023
7 0.650024 0.617185 0.709378 0.618774 0.707789 0.678128 0.648435 0.676539
7 0.674535 0.620927 0.733761 0.616722 0.737965 0.675948 0.678739 0.680153
7 0.698406 0.618782 0.757781 0.618718 0.757844 0.678093 0.698469 0.678157
7 0.727324 0.616502 0.786623 0.619512 0.783613 0.678811 0.724314 0.675801
7 0.752882 0.619030 0.812220 0.616944 0.814306 0.676283 0.754967 0.678368
7 0.780703 0.619359 0.840016 0.616641 0.842734 0.675954 0.783421 0.678672
7 0.806583 0.618421 0.865954 0.619083 0.865292 0.678454 0.805921 0.677792
7 0.828248 0.618628 0.887622 0.618873 0.887377 0.678247 0.828003 0.678002
7 0.853565 0.618316 0.912934 0.619190 0.912060 0.678559 0.852691 0.677685
7 0.877465 0.621153 0.936659 0.616527 0.941285 0.675722 0.882091 0.680348
7 0.907281 0.619291 0.966646 0.618219 0.967719 0.677584 0.908354 0.678656
0 0.010737 0.690965 0.110735 0.690286 0.111138 0.749660 0.011140 0.750339
0 0.060362 0.694629 0.161622 0.686798 0.166201 0.745996 0.064940 0.753827
0 0.108717 0.694018 0.209952 0.685861 0.214720 0.745045 0.113486 0.753201
0 0.160552 0.694241 0.261867 0.687153 0.266011 0.746384 0.164696 0.753472
0 0.213704 0.694186 0.315026 0.687204 0.319108 0.746439 0.217786 0.753421
0 0.261918 0.694577 0.361620 0.686851 0.366207 0.746048 0.266505 0.753774
0 0.311802 0.694102 0.413023 0.685785 0.417886 0.744960 0.316664 0.753278
0 0.357698 0.696363 0.460051 0.683769 0.467302 0.742699 0.364949 0.755294
0 0.407303 0.694369 0.505467 0.687046 0.509885 0.746256 0.411720 0.753579
0 0.458429 0.688814 0.559970 0.690886 0.558759 0.750248 0.457218 0.748177
0 0.506092 0.693005 0.607465 0.686794 0.611095 0.746058 0.509723 0.752269
0 0.560866 0.690745 0.660866 0.690505 0.661009 0.749880 0.561009 0.750120
0 0.605966 0.694800 0.705500 0.685164 0.711222 0.744263 0.611687 0.753898
0 0.655846 0.697597 0.754943 0.684189 0.762904 0.743028 0.663807 0.756436
0 0.710681 0.692475 0.812178 0.688813 0.814319 0.748150 0.712822 0.751812
0 0.759238 0.693014 0.862174 0.686782 0.865762 0.746049 0.762826 0.752280
0 0.805756 0.697811 0.904799 0.684008 0.912994 0.742814 0.813951 0.756617
0 0.859135 0.692387 0.957511 0.688900 0.959615 0.748238 0.861239 0.751725
8 0.057229 0.762966 0.075959 0.762098 0.078708 0.821409 0.059978 0.822277
8 0.094631 0.763365 0.114883 0.761809 0.119432 0.821010 0.099179 0.822566
8 0.133849 0.763299 0.154110 0.761852 0.158338 0.821076 0.138077 0.822523
8 0.176407 0.763476 0.196646 0.761741 0.201718 0.820899 0.181479 0.822634
8 0.218395 0.762913 0.238692 0.762131 0.240980 0.821462 0.220683 0.822244
8 0.257306 0.763290 0.277568 0.761858 0.281756 0.821085 0.261494 0.822517
8 0.296691 0.763489 0.316928 0.761733 0.322059 0.820886 0.301822 0.822642
8 0.333876 0.762675 0.354186 0.762333 0.355187 0.821700 0.334877 0.822042
8 0.369614 0.763372 0.389866 0.761805 0.394449 0.821003 0.374197 0.822570
8 0.408700 0.762930 0.428904 0.760827 0.435050 0.819883 0.414846 0.821986
8 0.453969 0.762737 0.472713 0.762281 0.474156 0.821638 0.455412 0.822094
8 0.493208 0.762869 0.513421 0.760860 0.519292 0.819944 0.499079 0.821953
8 0.529573 0.763391 0.548257 0.761818 0.553239 0.820984 0.534555 0.822557
8 0.563966 0.763024 0.584154 0.760778 0.590721 0.819788 0.570533 0.822035
8 0.607143 0.763360 0.627396 0.761812 0.631920 0.821015 0.611666 0.822563
8 0.648178 0.763102 0.668353 0.760739 0.675259 0.819711 0.655084 0.822074
8 0.685455 0.763280 0.705718 0.761864 0.709857 0.821095 0.689594 0.822511
8 0.727654 0.762836 0.747872 0.760878 0.753596 0.819977 0.733378 0.821934
8 0.766494 0.763046 0.786781 0.762029 0.789756 0.821329 0.769469 0.822346
8 0.807574 0.763179 0.827848 0.761933 0.831489 0.821196 0.811214 0.822442
8 0.846839 0.763424 0.867084 0.761773 0.871911 0.820951 0.851666 0.822602
8 0.887450 0.763058 0.906171 0.762031 0.909425 0.821317 0.890704 0.822344
8 0.921224 0.763352 0.941478 0.761818 0.945964 0.821023 0.925709 0.822557
1 0.046870 0.834656 0.067175 0.834115 0.068755 0.893469 0.048450 0.894010
1 0.084361 0.834380 0.104673 0.834370 0.104702 0.893745 0.084389 0.893755
1 0.123985 0.833735 0.144247 0.835162 0.140078 0.894390 0.119815 0.892963
1 0.153549 0.834233 0.173859 0.834523 0.173014 0.893892 0.152703 0.893602
1 0.187998 0.833968 0.208292 0.834837 0.205752 0.894157 0.185458 0.893288
1 0.222214 0.833791 0.242486 0.835078 0.238723 0.894334 0.218452 0.893047
1 0.255145 0.834222 0.275455 0.834535 0.274542 0.893903 0.254232 0.893590
1 0.286952 0.834568 0.307261 0.834192 0.308361 0.893557 0.288052 0.893933
1 0.322005 0.833893 0.340725 0.834952 0.337370 0.894232 0.318650 0.893173
1 0.352126 0.833731 0.372388 0.835168 0.368186 0.894394 0.347925 0.892957
1 0.386153 0.834078 0.404892 0.834705 0.402910 0.894047 0.384170 0.893420
1 0.417106 0.834403 0.437419 0.834347 0.437581 0.893722 0.417269 0.893778
1 0.452338 0.834121 0.472644 0.834649 0.471100 0.894004 0.450794 0.893476
1 0.486128 0.834060 0.506430 0.834721 0.504497 0.894065 0.484195 0.893404
1 0.523931 0.833969 0.544225 0.834835 0.541694 0.894156 0.521400 0.893290
1 0.559210 0.834716 0.579512 0.834065 0.581415 0.893409 0.561113 0.894060
1 0.596885 0.834116 0.617190 0.834655 0.615615 0.894009 0.595310 0.893470
1 0.630343 0.832732 0.650555 0.834750 0.644657 0.893831 0.624445 0.891813
1 0.665948 0.834020 0.686247 0.834771 0.684052 0.894105 0.663753 0.893354
1 0.699115 0.834152 0.719422 0.834613 0.718073 0.893973 0.697766 0.893512
1 0.737623 0.834104 0.756364 0.834673 0.754565 0.894021 0.735823 0.893452
1 0.770519 0.834055 0.790820 0.834727 0.788856 0.894070 0.768555 0.893398
1 0.806922 0.833917 0.827211 0.834903 0.824328 0.894208 0.804039 0.893222
1 0.840919 0.833600 0.861153 0.835378 0.855956 0.894525 0.835722 0.892747
1 0.875379 0.833780 0.895649 0.835094 0.891809 0.894345 0.871539 0.893031
1 0.911256 0.834276 0.930005 0.834477 0.929369 0.893849 0.910620 0.893648
0 0.032537 0.870695 0.082392 0.866891 0.084651 0.896492 0.034796 0.900297
0 0.062785 0.868280 0.112776 0.869225 0.112215 0.898907 0.062224 0.897962
0 0.086188 0.868323 0.137744 0.869181 0.137249 0.898865 0.085694 0.898006
0 0.123521 0.868614 0.171958 0.868886 0.171791 0.898573 0.123355 0.898302
0 0.147023 0.868503 0.197021 0.868998 0.196727 0.898684 0.146729 0.898189
0 0.169528 0.868256 0.221025 0.870844 0.219535 0.900494 0.168037 0.897906
0 0.188888 0.869048 0.238884 0.868454 0.239237 0.898139 0.189241 0.898734
0 0.213464 0.872150 0.263205 0.867066 0.266223 0.896600 0.216483 0.901684
0 0.235674 0.872382 0.285185 0.865408 0.289326 0.894806 0.239815 0.901779
0 0.266605 0.865127 0.316026 0.872717 0.311520 0.902060 0.262099 0.894471
0 0.301842 0.867093 0.351728 0.870475 0.349720 0.900094 0.299835 0.896713
0 0.329897 0.867977 0.379797 0.871145 0.377915 0.900773 0.328016 0.897605
0 0.358162 0.866704 0.407817 0.872563 0.404338 0.902046 0.354683 0.896187
0 0.392791 0.865595 0.442358 0.872162 0.438459 0.901593 0.388892 0.895025
0 0.411454 0.865616 0.462604 0.872121 0.458859 0.901572 0.407708 0.895066
0 0.438589 0.872899 0.487957 0.864976 0.492661 0.894289 0.443293 0.902211
0 0.481644 0.866731 0.529732 0.872546 0.526168 0.902019 0.478081 0.896204
0 0.519019 0.868307 0.569011 0.869198 0.568481 0.898881 0.518489 0.897990
0 0.546227 0.866914 0.597506 0.872312 0.594398 0.901836 0.543119 0.896438
0 0.583471 0.865526 0.633017 0.872243 0.629029 0.901661 0.579483 0.894945
0 0.614149 0.868158 0.664071 0.870951 0.662413 0.900592 0.612491 0.897799
0 0.647334 0.867981 0.698873 0.869533 0.697979 0.899207 0.646440 0.897655
0 0.689581 0.866576 0.737626 0.872726 0.733857 0.902174 0.685811 0.896024
0 0.721621 0.870652 0.771482 0.866930 0.773692 0.896535 0.723830 0.900257
0 0.757457 0.870858 0.807287 0.866743 0.809731 0.896330 0.759900 0.900445
0 0.787406 0.868915 0.838967 0.868586 0.839157 0.898273 0.787595 0.898602
0 0.831033 0.865473 0.880296 0.874027 0.875217 0.903277 0.825954 0.894723
0 0.861924 0.870548 0.911883 0.868538 0.913076 0.898202 0.863117 0.900212
0 0.881226 0.871027 0.932704 0.868084 0.934399 0.897723 0.882921 0.900666
0 0.914331 0.868320 0.962761 0.869184 0.962231 0.898867 0.913802 0.898003
6 0.940827 0.877636 0.987691 0.878618 0.987298 0.897364 0.940434 0.896382
6 0.947890 0.686640 1.000000 0.683704 1.000000 0.705547 0.949064 0.708484
6 0.956067 0.532997 0.990441 0.532630 0.990808 0.567003 0.956434 0.567370
