0 0.024376 0.045508 0.108603 0.040517 0.111561 0.090429 0.027334 0.095421
0 0.075237 0.042137 0.157985 0.045402 0.156013 0.095363 0.073265 0.092098
0 0.122171 0.043240 0.209665 0.044264 0.209079 0.094260 0.121585 0.093236
0 0.166833 0.045853 0.254234 0.041704 0.256605 0.091647 0.169203 0.095796
0 0.218330 0.044486 0.304255 0.043021 0.305108 0.093014 0.219183 0.094479
0 0.265695 0.043632 0.350070 0.043868 0.349930 0.093868 0.265555 0.093632
0 0.309759 0.043102 0.395686 0.044404 0.394929 0.094398 0.309001 0.093096
0 0.351192 0.045883 0.438591 0.041675 0.440996 0.091617 0.353597 0.095825
0 0.399425 0.043947 0.482215 0.042004 0.483388 0.091990 0.400598 0.093933
0 0.448076 0.044370 0.532442 0.043135 0.533174 0.093130 0.448808 0.094365
0 0.496938 0.043641 0.584437 0.043860 0.584312 0.093859 0.496813 0.093640
0 0.546680 0.045443 0.629425 0.042097 0.631445 0.092057 0.548700 0.095403
0 0.591001 0.043126 0.675367 0.044380 0.674624 0.094374 0.590258 0.093120
0 0.632113 0.044234 0.719577 0.041724 0.721012 0.091703 0.633548 0.094214
0 0.680674 0.045462 0.766472 0.040557 0.769326 0.090476 0.683528 0.095380
0 0.724531 0.049149 0.806688 0.038747 0.812969 0.088351 0.730812 0.098753
0 0.771205 0.044114 0.853986 0.041842 0.855358 0.091823 0.772577 0.094095
0 0.813454 0.045527 0.899244 0.040496 0.902171 0.090410 0.816381 0.095441
0 0.860578 0.044367 0.944944 0.043138 0.945672 0.093133 0.861306 0.094362
0 0.037471 0.071925 0.079658 0.071825 0.079717 0.096825 0.037530 0.096925
0 0.063897 0.072168 0.107644 0.071584 0.107978 0.096582 0.064231 0.097166
0 0.098551 0.069694 0.140642 0.072551 0.138949 0.097493 0.096858 0.094637
0 0.118260 0.071960 0.160413 0.070248 0.161427 0.095228 0.119274 0.096939
0 0.155128 0.071160 0.197290 0.072604 0.196435 0.097590 0.154272 0.096146
0 0.185376 0.072095 0.227517 0.070120 0.228687 0.095093 0.186546 0.097067
0 0.207781 0.071930 0.251531 0.071820 0.251594 0.096820 0.207844 0.096930
0 0.229446 0.073864 0.273024 0.069984 0.275241 0.094886 0.231663 0.098766
0 0.251102 0.074260 0.293036 0.069640 0.295773 0.094490 0.253839 0.099110
0 0.282997 0.071557 0.326743 0.072196 0.326378 0.097193 0.282632 0.096554
0 0.307256 0.072123 0.350958 0.070091 0.352119 0.095064 0.308417 0.097096
0 0.340013 0.068640 0.380316 0.073746 0.377174 0.098548 0.336871 0.093442
0 0.364031 0.072522 0.404560 0.069725 0.406281 0.094665 0.365753 0.097463
0 0.390616 0.072536 0.432709 0.069708 0.434384 0.094652 0.392291 0.097479
0 0.407422 0.076007 0.448876 0.068177 0.453516 0.092743 0.412061 0.100573
0 0.441101 0.071104 0.483260 0.072663 0.482336 0.097646 0.440177 0.096087
0 0.475148 0.071619 0.518895 0.072133 0.518602 0.097131 0.474855 0.096617
0 0.502392 0.072474 0.546058 0.069761 0.547608 0.094713 0.503942 0.097426
0 0.524931 0.072655 0.567008 0.069598 0.568819 0.094533 0.526742 0.097589
0 0.551164 0.074123 0.593125 0.069761 0.595711 0.094627 0.553750 0.098989
0 0.582707 0.072054 0.624893 0.071697 0.625105 0.096696 0.582919 0.097053
0 0.612231 0.073926 0.655797 0.069928 0.658082 0.094824 0.614515 0.098822
0 0.645382 0.071758 0.687569 0.071992 0.687430 0.096992 0.645243 0.096758
0 0.674629 0.072498 0.715236 0.071263 0.715996 0.096252 0.675389 0.097487
0 0.694520 0.068588 0.736138 0.075500 0.732042 0.100162 0.690425 0.093250
0 0.722839 0.072164 0.764974 0.070055 0.766223 0.095024 0.724089 0.097132
0 0.749690 0.073933 0.791687 0.069930 0.794060 0.094817 0.752063 0.098820
0 0.776053 0.075765 0.818902 0.066937 0.823947 0.091422 0.781098 0.100251
0 0.800084 0.071734 0.842271 0.072016 0.842103 0.097016 0.799917 0.096734
0 0.826500 0.071986 0.870249 0.071765 0.870375 0.096764 0.826626 0.096985
0 0.868000 0.068538 0.909599 0.075561 0.905437 0.100212 0.863838 0.093189
0 0.885887 0.071961 0.928074 0.071789 0.928176 0.096789 0.885989 0.096961
0 0.908105 0.070160 0.951714 0.073670 0.949708 0.098590 0.906099 0.095080
7 0.038313 0.160362 0.088076 0.155500 0.092937 0.205263 0.043174 0.210125
7 0.087947 0.157374 0.137939 0.158259 0.137053 0.208251 0.087061 0.207366
7 0.135420 0.158402 0.185348 0.155732 0.188018 0.205661 0.138089 0.208330
7 0.181151 0.157943 0.231119 0.156151 0.232911 0.206119 0.182943 0.207911
7 0.232689 0.159621 0.282567 0.156126 0.286061 0.206004 0.236183 0.209499
7 0.279111 0.158402 0.329098 0.157236 0.330264 0.207223 0.280277 0.208389
7 0.326348 0.159726 0.376212 0.156036 0.379902 0.205899 0.330038 0.209589
7 0.373263 0.158025 0.423225 0.156076 0.425174 0.206038 0.375212 0.207987
7 0.423428 0.159490 0.473322 0.156240 0.476572 0.206135 0.426678 0.209385
7 0.474444 0.158381 0.524431 0.157257 0.525556 0.207244 0.475569 0.208368
7 0.524318 0.158514 0.574299 0.157131 0.575682 0.207111 0.525701 0.208494
7 0.571633 0.158057 0.621631 0.157571 0.622117 0.207568 0.572119 0.208054
7 0.616933 0.159772 0.666790 0.155996 0.670567 0.205853 0.620710 0.209629
7 0.666640 0.158434 0.716566 0.155703 0.719297 0.205628 0.669372 0.208360
7 0.713798 0.158080 0.763795 0.157548 0.764327 0.207545 0.714330 0.208077
7 0.757582 0.158085 0.807540 0.156020 0.809605 0.205977 0.759648 0.208043
7 0.807548 0.159784 0.857404 0.155986 0.861202 0.205841 0.811346 0.209639
7 0.858009 0.157617 0.908008 0.158009 0.907616 0.208008 0.857617 0.207616
7 0.908649 0.158560 0.958627 0.157087 0.960101 0.207065 0.910123 0.208538
5 0.042280 0.215315 0.061018 0.215965 0.059283 0.265935 0.040544 0.265285
5 0.076686 0.215304 0.095424 0.215978 0.093626 0.265946 0.074888 0.265272
5 0.113054 0.215164 0.131778 0.216156 0.129133 0.266086 0.110410 0.265094
5 0.156582 0.213808 0.175161 0.216337 0.168418 0.265880 0.149839 0.263351
5 0.191064 0.213970 0.209702 0.216016 0.204248 0.265717 0.185610 0.263672
5 0.228593 0.215191 0.247320 0.216120 0.244844 0.266059 0.226117 0.265130
5 0.264850 0.215092 0.283564 0.216255 0.280462 0.266158 0.261749 0.264995
5 0.300408 0.214972 0.319102 0.216429 0.315217 0.266278 0.296523 0.264821
5 0.336248 0.215242 0.354980 0.216054 0.352815 0.266008 0.334082 0.265196
5 0.378858 0.213897 0.397472 0.216154 0.391455 0.265790 0.372841 0.263534
5 0.417825 0.215138 0.436545 0.216191 0.433738 0.266112 0.415017 0.265059
5 0.453460 0.214993 0.472157 0.216397 0.468415 0.266257 0.449718 0.264853
5 0.493876 0.214052 0.512537 0.215871 0.507687 0.265635 0.489025 0.263816
5 0.531289 0.215610 0.550039 0.215640 0.549961 0.265640 0.531211 0.265610
5 0.570644 0.215503 0.589393 0.215751 0.588731 0.265747 0.569982 0.265499
5 0.608584 0.215097 0.627299 0.216248 0.624229 0.266153 0.605514 0.265002
5 0.644397 0.215135 0.663117 0.216195 0.660290 0.266115 0.641570 0.265055
5 0.680234 0.215427 0.698980 0.215835 0.697891 0.265823 0.679145 0.265415
5 0.717448 0.215015 0.736150 0.216364 0.732552 0.266235 0.713850 0.264886
5 0.757056 0.215086 0.775769 0.216263 0.772631 0.266164 0.753918 0.264987
5 0.791326 0.215118 0.810044 0.216218 0.807111 0.266132 0.788394 0.265032
5 0.831370 0.215057 0.850078 0.216303 0.846755 0.266193 0.828047 0.264947
5 0.870689 0.214981 0.889385 0.216415 0.885561 0.266269 0.866865 0.264835
5 0.904818 0.215054 0.923526 0.216308 0.920182 0.266196 0.901474 0.264942
0 0.040144 0.240258 0.081952 0.245904 0.078606 0.270679 0.036798 0.265033
0 0.070424 0.243557 0.114172 0.243944 0.113951 0.268943 0.070203 0.268556
0 0.092610 0.241978 0.133071 0.245623 0.130828 0.270522 0.090367 0.266877
0 0.109845 0.242989 0.152005 0.244528 0.151092 0.269511 0.108933 0.267972
0 0.140089 0.243885 0.180674 0.242077 0.181786 0.267053 0.141201 0.268860
0 0.162435 0.244521 0.204513 0.241481 0.206315 0.266416 0.164237 0.269456
0 0.194405 0.241925 0.236539 0.244044 0.235283 0.269013 0.193149 0.266893
0 0.224198 0.240591 0.267672 0.245505 0.264864 0.270346 0.221391 0.265433
0 0.246477 0.244447 0.288642 0.243066 0.289460 0.268053 0.247295 0.269434
0 0.270321 0.243736 0.312509 0.243764 0.312491 0.268764 0.270304 0.268736
0 0.301854 0.243253 0.345593 0.244253 0.345021 0.269247 0.301282 0.268247
0 0.329863 0.243459 0.372046 0.244043 0.371700 0.269041 0.329516 0.268457
0 0.358787 0.245641 0.400658 0.240484 0.403713 0.265297 0.361842 0.270453
0 0.391660 0.243940 0.435368 0.242022 0.436465 0.266998 0.392757 0.268916
0 0.425723 0.241425 0.469209 0.246226 0.466465 0.271075 0.422979 0.266274
0 0.450763 0.241762 0.492879 0.244217 0.491424 0.269175 0.449308 0.266720
0 0.477620 0.246233 0.519534 0.241430 0.522380 0.266267 0.480466 0.271070
0 0.511087 0.241517 0.553170 0.244482 0.551413 0.269420 0.509330 0.266456
0 0.545995 0.241558 0.587939 0.246086 0.585255 0.270942 0.543311 0.266414
0 0.582761 0.243838 0.624948 0.243662 0.625052 0.268662 0.582865 0.268838
0 0.621938 0.243644 0.664125 0.243856 0.663999 0.268856 0.621812 0.268644
0 0.660342 0.244075 0.704037 0.241894 0.705283 0.266863 0.661588 0.269044
0 0.685494 0.244500 0.726092 0.243016 0.727006 0.268000 0.686408 0.269484
0 0.721391 0.243857 0.765106 0.242101 0.766109 0.267081 0.722394 0.268837
0 0.761297 0.243163 0.803467 0.244347 0.802766 0.269337 0.760595 0.268153
0 0.781051 0.245576 0.823088 0.242013 0.825199 0.266924 0.783162 0.270487
0 0.815068 0.245569 0.856956 0.240546 0.859932 0.265369 0.818044 0.270391
0 0.841671 0.243920 0.885380 0.242040 0.886454 0.267017 0.842745 0.268897
0 0.863472 0.244024 0.905608 0.241944 0.906841 0.266914 0.864704 0.268993
0 0.888925 0.243993 0.932673 0.243508 0.932950 0.268507 0.889202 0.268992
8 0.049952 0.329988 0.067130 0.329415 0.068798 0.379387 0.051620 0.379960
8 0.076865 0.329341 0.094036 0.330080 0.091885 0.380034 0.074714 0.379295
8 0.104193 0.329863 0.121377 0.329522 0.122369 0.379512 0.105185 0.379853
8 0.135517 0.329836 0.152702 0.329546 0.153545 0.379539 0.136360 0.379829
8 0.167723 0.329510 0.184906 0.329876 0.183840 0.379865 0.166656 0.379499
8 0.196937 0.329666 0.214124 0.329709 0.214001 0.379709 0.196814 0.379666
8 0.223250 0.329747 0.238875 0.329630 0.239250 0.379628 0.223625 0.379745
8 0.247657 0.329432 0.264836 0.329967 0.263281 0.379943 0.246101 0.379408
8 0.271996 0.329646 0.289183 0.329729 0.288942 0.379729 0.271755 0.379646
8 0.302732 0.330122 0.319901 0.329309 0.322268 0.379253 0.305099 0.380066
8 0.335580 0.329802 0.351204 0.329578 0.351920 0.379573 0.336296 0.379797
8 0.364602 0.329525 0.380223 0.329861 0.379148 0.379850 0.363527 0.379514
8 0.393452 0.329792 0.410638 0.329587 0.411235 0.379583 0.394049 0.379788
8 0.426706 0.329389 0.443882 0.330020 0.442044 0.379986 0.424868 0.379355
8 0.454682 0.330547 0.470236 0.329056 0.475005 0.378828 0.459451 0.380319
8 0.484848 0.329330 0.500454 0.330107 0.497965 0.380045 0.482359 0.379268
8 0.513422 0.329917 0.530604 0.329475 0.531890 0.379458 0.514709 0.379900
8 0.545686 0.329320 0.562855 0.330108 0.560564 0.380055 0.543395 0.379267
8 0.574302 0.329938 0.591483 0.329456 0.592885 0.379437 0.575704 0.379919
8 0.599709 0.330048 0.615319 0.329373 0.617479 0.379327 0.601869 0.380002
8 0.628907 0.329432 0.646086 0.329967 0.644530 0.379943 0.627351 0.379408
8 0.657980 0.329630 0.675167 0.329746 0.674832 0.379745 0.657645 0.379629
8 0.682432 0.330117 0.699601 0.329312 0.701943 0.379258 0.684774 0.380063
8 0.713712 0.330070 0.729321 0.329357 0.731600 0.379305 0.715991 0.380018
8 0.743040 0.329943 0.760221 0.329453 0.761647 0.379432 0.744467 0.379922
8 0.768317 0.330465 0.785448 0.329074 0.789495 0.378910 0.772364 0.380301
8 0.797655 0.329457 0.813272 0.329942 0.811720 0.379918 0.796103 0.379433
8 0.823766 0.329577 0.840952 0.329802 0.840296 0.379798 0.823110 0.379573
8 0.851020 0.329881 0.868203 0.329506 0.869293 0.379494 0.852109 0.379869
8 0.880809 0.330142 0.897975 0.329294 0.900441 0.379233 0.883275 0.380081
8 0.912367 0.329992 0.927982 0.329417 0.929820 0.379383 0.914206 0.379958
0 0.037335 0.358096 0.079518 0.357531 0.079853 0.382529 0.037669 0.383094
0 0.060194 0.358329 0.100739 0.355782 0.102306 0.380733 0.061761 0.383280
0 0.082682 0.358044 0.126429 0.357583 0.126693 0.382581 0.082946 0.383042
0 0.112871 0.357206 0.155041 0.358429 0.154316 0.383419 0.112147 0.382196
0 0.144922 0.358496 0.187088 0.357142 0.187890 0.382129 0.145725 0.383483
0 0.169026 0.352401 0.211638 0.362312 0.205974 0.386662 0.163362 0.376751
0 0.186233 0.356152 0.228283 0.359554 0.226267 0.384473 0.184217 0.381071
0 0.215480 0.358061 0.257664 0.357566 0.257958 0.382564 0.215773 0.383059
0 0.238268 0.355506 0.280185 0.360279 0.277357 0.385119 0.235440 0.380346
0 0.269552 0.354680 0.311458 0.359549 0.308573 0.384382 0.266667 0.379513
0 0.305132 0.354140 0.346885 0.360180 0.343306 0.384922 0.301553 0.378883
0 0.325366 0.357215 0.367536 0.358420 0.366822 0.383410 0.324651 0.382205
0 0.345719 0.355997 0.387741 0.359726 0.385531 0.384628 0.343509 0.380899
0 0.370153 0.359556 0.412203 0.356150 0.414222 0.381069 0.372172 0.384475
0 0.406841 0.355743 0.448812 0.360010 0.446284 0.384882 0.404313 0.380615
0 0.428823 0.355921 0.470951 0.358177 0.469614 0.383141 0.427487 0.380886
0 0.466677 0.354358 0.508496 0.359922 0.505198 0.384704 0.463379 0.379140
0 0.503016 0.357999 0.545202 0.357627 0.545422 0.382626 0.503236 0.382998
0 0.521302 0.358053 0.563441 0.356038 0.564635 0.381010 0.522496 0.383024
0 0.558440 0.356028 0.600579 0.358064 0.599372 0.383034 0.557234 0.380999
0 0.585837 0.358657 0.627904 0.355477 0.629788 0.380406 0.587721 0.383586
0 0.624307 0.358331 0.667982 0.355774 0.669443 0.380731 0.625768 0.383288
0 0.662192 0.358348 0.704366 0.357285 0.704996 0.382277 0.662821 0.383340
0 0.681193 0.357909 0.723380 0.357716 0.723494 0.382716 0.681307 0.382909
0 0.711004 0.357705 0.751628 0.357920 0.751496 0.382920 0.710872 0.382705
0 0.732125 0.358271 0.774242 0.355833 0.775687 0.380791 0.733570 0.383230
0 0.761851 0.354536 0.803719 0.359716 0.800649 0.384527 0.758781 0.379347
0 0.779599 0.358632 0.821670 0.355499 0.823526 0.380430 0.781455 0.383563
0 0.805628 0.361611 0.845334 0.353017 0.850622 0.377452 0.810916 0.386045
0 0.839685 0.356036 0.881824 0.358055 0.880628 0.383027 0.838488 0.381007
0 0.866638 0.354407 0.908471 0.359865 0.905237 0.384655 0.863404 0.379197
0 0.884228 0.359531 0.926282 0.356173 0.928272 0.381094 0.886218 0.384452
5 0.038914 0.444119 0.057650 0.443416 0.059524 0.493381 0.040787 0.494084
5 0.067999 0.444045 0.086741 0.443478 0.088251 0.493455 0.069509 0.494022
5 0.099857 0.444117 0.118594 0.443418 0.120456 0.493383 0.101719 0.494082
5 0.131116 0.444454 0.149821 0.443165 0.153259 0.493046 0.134554 0.494335
5 0.164302 0.443662 0.183051 0.443841 0.182573 0.493838 0.163824 0.493659
5 0.191957 0.444153 0.210691 0.443388 0.212730 0.493347 0.193996 0.494112
5 0.219916 0.444224 0.238644 0.443333 0.241022 0.493276 0.222293 0.494167
5 0.249313 0.444351 0.268030 0.443237 0.270999 0.493149 0.252282 0.494263
5 0.279456 0.444153 0.298191 0.443388 0.300231 0.493347 0.281497 0.494112
5 0.311976 0.444279 0.330700 0.443290 0.333337 0.493221 0.314613 0.494210
5 0.347872 0.443969 0.366617 0.443543 0.367753 0.493531 0.349008 0.493957
5 0.379353 0.444197 0.398084 0.443353 0.400334 0.493303 0.381603 0.494147
5 0.410317 0.443992 0.429061 0.443524 0.430308 0.493508 0.411564 0.493976
5 0.437489 0.444061 0.456230 0.443464 0.457823 0.493439 0.439083 0.494036
5 0.466742 0.444598 0.485429 0.443069 0.489508 0.492902 0.470821 0.494431
5 0.498226 0.444082 0.516874 0.442128 0.522087 0.491855 0.503439 0.493810
5 0.535547 0.443900 0.554295 0.443606 0.555078 0.493600 0.536330 0.493894
5 0.568170 0.444304 0.586891 0.443272 0.589643 0.493196 0.570921 0.494228
5 0.598336 0.443788 0.617086 0.443712 0.617289 0.493712 0.598539 0.493788
5 0.629154 0.444640 0.647836 0.443042 0.652096 0.492860 0.633414 0.494458
5 0.659357 0.444064 0.678098 0.443462 0.679705 0.493436 0.660965 0.494038
5 0.688762 0.443865 0.707511 0.443639 0.708113 0.493635 0.689364 0.493861
5 0.718376 0.444565 0.737068 0.443090 0.740999 0.492935 0.722307 0.494410
5 0.750502 0.443567 0.769248 0.443943 0.768248 0.493933 0.749502 0.493557
5 0.778602 0.443576 0.797349 0.443933 0.796398 0.493924 0.777651 0.493567
5 0.807263 0.444290 0.825986 0.443282 0.828675 0.493210 0.809952 0.494218
5 0.836753 0.444043 0.855495 0.443480 0.856997 0.493457 0.838255 0.494020
5 0.869736 0.443974 0.888481 0.443540 0.889639 0.493526 0.870894 0.493960
5 0.904387 0.443865 0.923136 0.443639 0.923738 0.493635 0.904989 0.493861
0 0.016265 0.499306 0.100515 0.503893 0.097798 0.553819 0.013547 0.549232
0 0.055526 0.502093 0.142987 0.499492 0.144474 0.549470 0.057013 0.552071
0 0.104237 0.496396 0.189503 0.507120 0.183263 0.556729 0.097997 0.546005
0 0.145648 0.497772 0.231366 0.503919 0.227789 0.553791 0.142072 0.547644
0 0.182312 0.501661 0.268232 0.499911 0.269250 0.549901 0.183331 0.551651
0 0.221110 0.502145 0.307005 0.499442 0.308578 0.549417 0.222683 0.552121
0 0.262489 0.502195 0.348381 0.499394 0.350011 0.549367 0.264119 0.552169
0 0.306357 0.501379 0.392294 0.501746 0.392080 0.551746 0.306144 0.551379
0 0.348501 0.499408 0.432830 0.502181 0.431187 0.552154 0.346857 0.549381
0 0.392667 0.499584 0.475382 0.503600 0.472958 0.553541 0.390243 0.549525
0 0.427736 0.502243 0.513663 0.500889 0.514451 0.550882 0.428524 0.552236
0 0.472698 0.502098 0.558596 0.499487 0.560115 0.549464 0.474217 0.552075
0 0.512743 0.499849 0.600175 0.503315 0.598194 0.553276 0.510763 0.549810
0 0.562995 0.496591 0.645355 0.505245 0.640130 0.554971 0.557770 0.546317
0 0.601612 0.501480 0.685986 0.501645 0.685888 0.551645 0.601514 0.551480
0 0.642940 0.498402 0.725610 0.503247 0.722685 0.553161 0.640015 0.548316
0 0.684310 0.502268 0.768634 0.499325 0.770377 0.549295 0.686054 0.552237
0 0.728207 0.499378 0.812535 0.502213 0.810855 0.552184 0.726528 0.549350
0 0.773082 0.502162 0.855885 0.500968 0.856606 0.550963 0.773802 0.552157
0 0.817616 0.499660 0.900339 0.503519 0.898009 0.553465 0.815286 0.549606
0 0.858268 0.498378 0.943959 0.504891 0.940169 0.554747 0.854479 0.548234
7 0.031966 0.558679 0.081946 0.560091 0.080534 0.610071 0.030554 0.608659
7 0.062577 0.557764 0.112549 0.559452 0.110860 0.609424 0.060889 0.607735
7 0.100554 0.558833 0.150542 0.559929 0.149446 0.609917 0.099458 0.608821
7 0.135101 0.555862 0.184763 0.561664 0.178961 0.611326 0.129299 0.605524
7 0.164136 0.557767 0.214108 0.559449 0.212426 0.609421 0.162454 0.607739
7 0.197098 0.557708 0.246979 0.561161 0.243527 0.611042 0.193646 0.607589
7 0.229505 0.559559 0.279504 0.559193 0.279870 0.609191 0.229871 0.609557
7 0.265609 0.559417 0.315583 0.557797 0.317203 0.607770 0.267230 0.609391
7 0.299005 0.557314 0.348936 0.559942 0.346308 0.609873 0.296377 0.607245
7 0.329864 0.557672 0.379828 0.559551 0.377949 0.609516 0.327984 0.607636
7 0.367389 0.557648 0.417352 0.559577 0.415423 0.609539 0.365461 0.607611
7 0.398573 0.559240 0.448572 0.559510 0.448302 0.609510 0.398303 0.609240
7 0.431417 0.557680 0.481382 0.559542 0.479521 0.609507 0.429555 0.607646
7 0.469040 0.557651 0.518912 0.561227 0.515335 0.611099 0.465463 0.607523
7 0.503773 0.558744 0.553756 0.560023 0.552477 0.610006 0.502494 0.608727
7 0.542644 0.557507 0.592493 0.561394 0.588606 0.611243 0.538757 0.607356
7 0.571930 0.559320 0.621930 0.559430 0.621820 0.609430 0.571820 0.609320
7 0.608596 0.560179 0.658571 0.558596 0.660154 0.608571 0.610179 0.610154
7 0.644430 0.557318 0.694245 0.561617 0.689945 0.611432 0.640130 0.607133
7 0.674266 0.557082 0.724168 0.560203 0.721047 0.610106 0.671144 0.606984
7 0.706741 0.558893 0.756732 0.559866 0.755759 0.609857 0.705768 0.608884
7 0.743187 0.559951 0.793174 0.558812 0.794313 0.608799 0.744326 0.609938
7 0.781743 0.557476 0.831586 0.561431 0.827632 0.611274 0.777789 0.607319
7 0.813738 0.559704 0.863734 0.559051 0.864387 0.609046 0.814391 0.609699
7 0.847986 0.559835 0.897977 0.558923 0.898889 0.608915 0.848898 0.609827
7 0.883815 0.557049 0.933576 0.561940 0.928685 0.611701 0.878924 0.606810
7 0.917522 0.556176 0.967262 0.561272 0.962166 0.611012 0.912426 0.605916
0 0.037839 0.586944 0.080012 0.588064 0.079348 0.613056 0.037176 0.611936
0 0.061770 0.589847 0.105104 0.583829 0.108543 0.608591 0.065209 0.614609
0 0.094261 0.583642 0.137536 0.590067 0.133864 0.614796 0.090589 0.608371
0 0.113841 0.587882 0.156022 0.587122 0.156472 0.612118 0.114291 0.612878
0 0.134146 0.587895 0.176326 0.587110 0.176791 0.612105 0.134611 0.612890
0 0.161395 0.583811 0.203143 0.589887 0.199542 0.614626 0.157795 0.608550
0 0.192373 0.587193 0.234556 0.587810 0.234190 0.612807 0.192007 0.612190
0 0.230005 0.586978 0.272180 0.588029 0.271557 0.613022 0.229383 0.611971
0 0.264540 0.586728 0.306698 0.588290 0.305773 0.613272 0.263614 0.611710
0 0.296276 0.587831 0.339971 0.585638 0.341224 0.610607 0.297529 0.612799
0 0.326179 0.591433 0.366116 0.583990 0.370696 0.608567 0.330759 0.616010
0 0.365035 0.589395 0.406905 0.584231 0.409965 0.609042 0.368095 0.614207
0 0.395786 0.586733 0.437945 0.588283 0.437026 0.613267 0.394867 0.611717
0 0.432719 0.588266 0.473232 0.585241 0.475093 0.610172 0.434581 0.613197
0 0.455519 0.588044 0.497626 0.585441 0.499169 0.610393 0.457061 0.612997
0 0.482198 0.587862 0.525890 0.585609 0.527177 0.610576 0.483485 0.612828
0 0.513262 0.585514 0.555378 0.587966 0.553925 0.612924 0.511809 0.610472
0 0.551538 0.587543 0.595288 0.587457 0.595337 0.612457 0.551587 0.612543
0 0.570849 0.585855 0.613000 0.587604 0.611964 0.612583 0.569812 0.610833
0 0.600347 0.586933 0.642519 0.588077 0.641841 0.613067 0.599669 0.611923
0 0.621170 0.587993 0.663283 0.585489 0.664767 0.610445 0.622654 0.612949
0 0.659922 0.585491 0.701906 0.589629 0.699453 0.614509 0.657469 0.610371
0 0.691283 0.585670 0.733416 0.587799 0.732155 0.612767 0.690021 0.610639
0 0.716632 0.587708 0.758774 0.585756 0.759931 0.610730 0.717788 0.612681
0 0.742946 0.585519 0.785063 0.587960 0.783617 0.612918 0.741500 0.610478
0 0.762030 0.589906 0.803959 0.585247 0.806720 0.610094 0.764791 0.614753
0 0.801787 0.587129 0.843968 0.587875 0.843526 0.612871 0.801345 0.612125
0 0.824732 0.589471 0.866744 0.585633 0.869018 0.610529 0.827006 0.614367
0 0.852759 0.588139 0.894927 0.586872 0.895679 0.611861 0.853510 0.613128
0 0.874451 0.589979 0.914793 0.585195 0.917737 0.610021 0.877394 0.614805
0 0.896429 0.591595 0.936312 0.583862 0.941071 0.608405 0.901188 0.616138
5 0.041660 0.673642 0.060405 0.673244 0.061465 0.723233 0.042720 0.723631
5 0.071220 0.673693 0.089964 0.673199 0.091280 0.723182 0.072536 0.723676
5 0.107699 0.673480 0.126449 0.673395 0.126676 0.723395 0.107926 0.723480
5 0.142003 0.674164 0.160706 0.672836 0.164247 0.722711 0.145544 0.724039
5 0.177733 0.674260 0.196424 0.672772 0.200392 0.722615 0.181701 0.724103
5 0.209343 0.673450 0.228093 0.673425 0.228157 0.723425 0.209407 0.723450
5 0.241648 0.673646 0.260394 0.673240 0.261477 0.723229 0.242731 0.723635
5 0.275844 0.673719 0.294586 0.673177 0.296031 0.723156 0.277289 0.723698
5 0.310657 0.673862 0.329389 0.673059 0.331531 0.723013 0.312798 0.723816
5 0.341599 0.673666 0.360344 0.673223 0.361526 0.723209 0.342781 0.723652
5 0.376315 0.673532 0.395064 0.673346 0.395560 0.723343 0.376811 0.723529
5 0.409064 0.673556 0.427813 0.673323 0.428436 0.723319 0.409687 0.723552
5 0.440147 0.673946 0.458873 0.672993 0.461415 0.722929 0.442689 0.723882
5 0.473082 0.673574 0.491830 0.673306 0.492543 0.723301 0.473795 0.723569
5 0.509606 0.673081 0.528341 0.673834 0.526332 0.723794 0.507597 0.723041
5 0.540006 0.673679 0.558750 0.673212 0.559994 0.723196 0.541250 0.723663
5 0.571371 0.673632 0.590117 0.673253 0.591129 0.723243 0.572383 0.723622
5 0.607732 0.673468 0.626482 0.673408 0.626643 0.723407 0.607893 0.723467
5 0.640379 0.673531 0.659129 0.673346 0.659621 0.723344 0.640871 0.723529
5 0.670547 0.673351 0.689296 0.673526 0.688828 0.723524 0.670079 0.723349
5 0.700618 0.673214 0.719363 0.673676 0.718132 0.723661 0.699387 0.723199
5 0.731066 0.673507 0.749815 0.673369 0.750184 0.723368 0.731435 0.723506
5 0.766343 0.673180 0.785086 0.673716 0.783657 0.723695 0.764914 0.723159
5 0.794603 0.674048 0.813319 0.672918 0.816334 0.722827 0.797618 0.723957
5 0.833205 0.673028 0.851935 0.673901 0.849608 0.723847 0.830878 0.722974
5 0.862592 0.673403 0.881341 0.673472 0.881158 0.723472 0.862409 0.723403
5 0.898742 0.673326 0.917490 0.673553 0.916883 0.723549 0.898135 0.723322
5 0.931809 0.672742 0.950493 0.674308 0.946316 0.724133 0.927632 0.722567
8 0.042286 0.730740 0.059436 0.731868 0.056152 0.781760 0.039002 0.780632
8 0.080205 0.731078 0.097389 0.731433 0.096357 0.781422 0.079174 0.781067
8 0.117766 0.730823 0.134928 0.731749 0.132234 0.781677 0.115072 0.780751
8 0.153473 0.730925 0.169082 0.731626 0.166839 0.781575 0.151230 0.780874
8 0.191264 0.730806 0.208424 0.731773 0.205611 0.781694 0.188451 0.780727
8 0.226797 0.731171 0.243983 0.731331 0.243516 0.781329 0.226329 0.781169
8 0.265412 0.731583 0.281024 0.730957 0.283026 0.780917 0.267413 0.781543
8 0.304994 0.730902 0.322165 0.731644 0.320006 0.781598 0.302835 0.780856
8 0.344529 0.730996 0.361709 0.731528 0.360158 0.781504 0.342979 0.780972
8 0.384933 0.730829 0.402096 0.731742 0.399442 0.781671 0.382279 0.780758
8 0.425078 0.731223 0.442266 0.731277 0.442109 0.781277 0.424922 0.781223
8 0.460186 0.731831 0.477340 0.730765 0.480439 0.780669 0.463285 0.781735
8 0.498681 0.730921 0.515854 0.731621 0.513819 0.781579 0.496646 0.780879
8 0.538220 0.730783 0.555377 0.731805 0.552405 0.781717 0.535248 0.780695
8 0.574115 0.730795 0.591274 0.731788 0.588385 0.781705 0.571226 0.780712
8 0.612561 0.731229 0.629749 0.731271 0.629626 0.781271 0.612439 0.781229
8 0.653501 0.730917 0.669109 0.731635 0.666812 0.781583 0.651203 0.780865
8 0.690649 0.730988 0.707828 0.731538 0.706226 0.781512 0.689047 0.780962
8 0.731681 0.730903 0.747288 0.731655 0.744881 0.781597 0.729274 0.780845
8 0.767944 0.731003 0.785124 0.731520 0.783619 0.781497 0.766439 0.780980
8 0.811732 0.730763 0.828886 0.731835 0.825768 0.781737 0.808614 0.780665
8 0.848730 0.731151 0.865916 0.731352 0.865333 0.781349 0.848146 0.781148
8 0.887406 0.731283 0.904593 0.731218 0.904782 0.781217 0.887594 0.781282
8 0.931441 0.730937 0.948616 0.731601 0.946684 0.781563 0.929509 0.780899
5 0.050265 0.788695 0.068999 0.789473 0.066922 0.839430 0.048189 0.838652
5 0.095636 0.788676 0.114368 0.789498 0.112176 0.839449 0.093444 0.838627
5 0.138140 0.788832 0.156883 0.789309 0.155610 0.839293 0.136867 0.838816
5 0.180550 0.789336 0.199293 0.788809 0.200700 0.838789 0.181957 0.839316
5 0.228785 0.788338 0.247463 0.789978 0.243090 0.839787 0.224412 0.838147
5 0.271009 0.788328 0.289685 0.789995 0.285241 0.839797 0.266565 0.838130
5 0.315765 0.788736 0.334503 0.789423 0.332672 0.839389 0.313935 0.838702
5 0.359839 0.787402 0.378475 0.789465 0.372974 0.839161 0.354337 0.837098
5 0.403869 0.788796 0.422611 0.789351 0.421131 0.839329 0.402389 0.838774
5 0.447402 0.788610 0.466127 0.789582 0.463535 0.839515 0.444811 0.838543
5 0.493026 0.788289 0.511693 0.790059 0.506974 0.839836 0.488307 0.838066
5 0.536280 0.787433 0.554926 0.789408 0.549657 0.839130 0.531012 0.837154
5 0.578701 0.788362 0.597385 0.789941 0.593174 0.839763 0.574490 0.838184
5 0.625397 0.788917 0.644145 0.789214 0.643353 0.839208 0.624605 0.838911
5 0.671634 0.789154 0.690384 0.788973 0.690866 0.838971 0.672116 0.839152
5 0.717443 0.788968 0.736192 0.789160 0.735682 0.839157 0.716933 0.838965
5 0.761710 0.788786 0.780451 0.789362 0.778915 0.839339 0.760174 0.838763
5 0.806663 0.787414 0.825304 0.789441 0.819899 0.839148 0.801259 0.837121
5 0.852019 0.788633 0.870747 0.789553 0.868293 0.839492 0.849566 0.838572
5 0.895182 0.789112 0.913932 0.789014 0.914193 0.839013 0.895443 0.839111
0 0.039546 0.816434 0.080142 0.817958 0.079204 0.842941 0.038608 0.841417
0 0.068660 0.817347 0.112409 0.817029 0.112590 0.842028 0.068841 0.842346
0 0.095254 0.819673 0.136975 0.813416 0.140683 0.838140 0.098962 0.844396
0 0.125108 0.811918 0.167346 0.823322 0.160829 0.847457 0.118592 0.836053
0 0.152963 0.819006 0.196568 0.815451 0.198600 0.840369 0.154994 0.843924
0 0.186278 0.816610 0.230012 0.817774 0.229347 0.842765 0.185613 0.841601
0 0.215257 0.819370 0.257231 0.815131 0.259743 0.840005 0.217769 0.844244
0 0.252638 0.817267 0.294791 0.815566 0.295799 0.840546 0.253646 0.842246
0 0.289430 0.815426 0.331463 0.819041 0.329320 0.843949 0.287287 0.840334
0 0.324277 0.814007 0.366170 0.818980 0.363223 0.843806 0.321330 0.838833
0 0.340547 0.817985 0.382622 0.814895 0.384453 0.839828 0.342378 0.842918
0 0.364783 0.814944 0.406715 0.819582 0.403967 0.844431 0.362035 0.839793
0 0.391097 0.815214 0.434658 0.819269 0.432341 0.844161 0.388779 0.840106
0 0.418078 0.819272 0.459903 0.813755 0.463172 0.838540 0.421347 0.844058
0 0.444173 0.816499 0.486338 0.817889 0.485514 0.842876 0.443350 0.841486
0 0.470226 0.817334 0.512413 0.817042 0.512586 0.842041 0.470400 0.842333
0 0.492948 0.815204 0.535064 0.817651 0.533615 0.842609 0.491498 0.840162
0 0.511036 0.817017 0.554784 0.817359 0.554589 0.842358 0.510841 0.842016
0 0.539721 0.815318 0.583415 0.817526 0.582154 0.842494 0.538460 0.840287
0 0.557558 0.820953 0.599132 0.813786 0.603379 0.838422 0.561805 0.845589
0 0.595023 0.821046 0.636567 0.813710 0.640915 0.838329 0.599370 0.845665
0 0.633536 0.814941 0.675467 0.819586 0.672714 0.844434 0.630783 0.839789
0 0.657792 0.817928 0.701440 0.814943 0.703146 0.839884 0.659498 0.842870
0 0.683837 0.817362 0.725982 0.815475 0.727100 0.840450 0.684955 0.842337
0 0.710139 0.814025 0.753611 0.818946 0.750799 0.843788 0.707326 0.838866
0 0.736738 0.819484 0.778510 0.813575 0.782012 0.838329 0.740240 0.844237
0 0.753984 0.819467 0.797335 0.813573 0.800703 0.838345 0.757352 0.844240
0 0.774791 0.819034 0.816824 0.815432 0.818959 0.840341 0.776926 0.843943
0 0.813602 0.813515 0.855067 0.821288 0.850461 0.845860 0.808996 0.838087
0 0.829623 0.817301 0.873372 0.817074 0.873502 0.842074 0.829753 0.842301
0 0.855856 0.819426 0.897820 0.815082 0.900394 0.839949 0.858430 0.844293
0 0.877722 0.819447 0.919681 0.815064 0.922278 0.839928 0.880319 0.844311
0 0.896783 0.817344 0.938969 0.817032 0.939154 0.842031 0.896968 0.842343
0 0.014943 0.903533 0.099285 0.901174 0.100682 0.951155 0.016340 0.953513
0 0.046461 0.903838 0.130824 0.902419 0.131664 0.952412 0.047301 0.953831
0 0.072825 0.904958 0.160174 0.899816 0.163112 0.949729 0.075764 0.954872
0 0.105965 0.905054 0.191818 0.901245 0.194035 0.951196 0.108182 0.955005
0 0.140419 0.904871 0.224723 0.901420 0.226768 0.951379 0.142464 0.954830
0 0.169907 0.903822 0.254271 0.902435 0.255093 0.952428 0.170729 0.953815
0 0.202752 0.906725 0.286834 0.899699 0.290998 0.949525 0.206916 0.956551
0 0.235387 0.903315 0.321303 0.901385 0.322426 0.951372 0.236510 0.953302
0 0.267187 0.903739 0.353080 0.900975 0.354688 0.950949 0.268795 0.953713
0 0.294896 0.903855 0.380821 0.902403 0.381666 0.952395 0.295741 0.953847
0 0.325983 0.903368 0.411896 0.901334 0.413080 0.951320 0.327166 0.953354
0 0.357349 0.903143 0.441709 0.901553 0.442651 0.951544 0.358291 0.953134
0 0.388106 0.901349 0.472457 0.903353 0.471269 0.953339 0.386918 0.951335
0 0.418051 0.899710 0.503821 0.905075 0.500699 0.954977 0.414929 0.949612
0 0.451259 0.903634 0.534065 0.902619 0.534678 0.952616 0.451872 0.953631
0 0.481474 0.899448 0.568775 0.905353 0.565401 0.955239 0.478100 0.949334
0 0.509390 0.903100 0.595327 0.903150 0.595298 0.953150 0.509360 0.953100
0 0.537504 0.903118 0.625004 0.903132 0.624996 0.953132 0.537496 0.953118
0 0.563972 0.905430 0.649696 0.899381 0.653216 0.949257 0.567491 0.955306
0 0.597242 0.901215 0.684657 0.905084 0.682445 0.955035 0.595031 0.951166
0 0.633173 0.901259 0.719027 0.905039 0.716827 0.954991 0.630973 0.951211
0 0.659119 0.908254 0.744482 0.898330 0.750256 0.947996 0.664893 0.957920
0 0.693537 0.903488 0.777909 0.902764 0.778338 0.952762 0.693966 0.953486
0 0.725010 0.903108 0.809385 0.903142 0.809365 0.953142 0.724990 0.953108
0 0.754886 0.901512 0.840762 0.904774 0.838864 0.954738 0.752988 0.951476
0 0.786785 0.905113 0.872550 0.899674 0.875715 0.949574 0.789950 0.955013
0 0.819102 0.902552 0.901906 0.903703 0.901211 0.953698 0.818406 0.952547
0 0.845307 0.903722 0.929638 0.900992 0.931256 0.950966 0.846925 0.953696
0 0.871395 0.907022 0.956996 0.899423 0.961417 0.949228 0.875816 0.956827
0 0.036745 0.933531 0.078520 0.927650 0.082005 0.952406 0.040230 0.958287
0 0.072932 0.931364 0.115082 0.929595 0.116130 0.954574 0.073980 0.956342
0 0.092078 0.932892 0.134144 0.929681 0.136047 0.954608 0.093981 0.957819
0 0.129343 0.931850 0.171514 0.930660 0.172219 0.955650 0.130048 0.956840
0 0.149979 0.935579 0.189472 0.926055 0.195333 0.950358 0.155840 0.959882
0 0.176457 0.931437 0.220205 0.931064 0.220418 0.956063 0.176670 0.956436
0 0.211319 0.929532 0.251791 0.933063 0.249618 0.957968 0.209147 0.954437
0 0.246755 0.926382 0.287608 0.936909 0.281370 0.961118 0.240517 0.950591
0 0.276448 0.932902 0.318512 0.929671 0.320427 0.954598 0.278363 0.957829
0 0.307710 0.926397 0.348995 0.935076 0.343852 0.959541 0.302567 0.950862
0 0.327752 0.927522 0.371069 0.933662 0.367560 0.958415 0.324243 0.952275
0 0.345035 0.933240 0.387044 0.929365 0.389340 0.954260 0.347331 0.958135
0 0.380827 0.933552 0.422778 0.929088 0.425423 0.953948 0.383472 0.958412
0 0.416316 0.928058 0.457968 0.934760 0.453996 0.959442 0.412345 0.952740
0 0.446649 0.934941 0.488246 0.927909 0.492414 0.952559 0.450816 0.959591
0 0.483813 0.931470 0.525954 0.929495 0.527125 0.954467 0.484983 0.956443
0 0.510897 0.931318 0.553085 0.931182 0.553165 0.956182 0.510978 0.956318
0 0.529590 0.933832 0.571284 0.927398 0.575097 0.952105 0.533403 0.958540
0 0.570231 0.931389 0.612418 0.931112 0.612581 0.956111 0.570395 0.956388
0 0.596645 0.934793 0.636707 0.928053 0.640855 0.952707 0.600793 0.959447
0 0.629619 0.931365 0.671806 0.931135 0.671943 0.956135 0.629756 0.956365
0 0.662850 0.929513 0.704887 0.933076 0.702775 0.957987 0.660738 0.954424
0 0.685361 0.933113 0.727239 0.928009 0.730264 0.952825 0.688386 0.957929
0 0.718961 0.930889 0.762705 0.931615 0.762289 0.956611 0.718545 0.955885
0 0.746421 0.927628 0.789770 0.933539 0.786392 0.958310 0.743043 0.952399
0 0.774979 0.931286 0.817166 0.931214 0.817209 0.956214 0.775021 0.956286
0 0.807808 0.931257 0.849996 0.931243 0.850004 0.956243 0.807817 0.956257
0 0.845612 0.929583 0.887661 0.932999 0.885638 0.957917 0.843589 0.954501
0 0.877468 0.927804 0.919025 0.935070 0.914719 0.959696 0.873162 0.952430
0 0.905356 0.929403 0.947488 0.931567 0.946206 0.956534 0.904074 0.954370
6 0.966175 0.494783 0.994280 0.495863 0.993200 0.523967 0.965095 0.522887
6 0.000000 0.677554 0.037981 0.680294 0.036927 0.695884 0.000000 0.693143
6 0.000000 0.371415 0.037960 0.372344 0.037031 0.416085 0.000000 0.415156
