1 0.052957 0.056142 0.070491 0.062786 0.043918 0.132920 0.026384 0.126277
1 0.040298 0.066339 0.063060 0.056000 0.094077 0.124286 0.071315 0.134625
0 0.027472 0.104217 0.089537 0.111583 0.086590 0.136408 0.024526 0.129042
1 0.111224 0.055827 0.134545 0.064833 0.107526 0.134798 0.084205 0.125792
1 0.099847 0.064992 0.130950 0.054540 0.154840 0.125633 0.123737 0.136085
0 0.098150 0.108293 0.138763 0.107339 0.139350 0.132332 0.098737 0.133286
1 0.166493 0.055901 0.190747 0.061960 0.172570 0.134724 0.148315 0.128665
1 0.165385 0.063660 0.189112 0.055784 0.212740 0.126965 0.189013 0.134841
0 0.160628 0.103969 0.202019 0.112128 0.197184 0.136656 0.155793 0.128497
1 0.231130 0.055784 0.254871 0.063618 0.231370 0.134841 0.207629 0.127007
1 0.227976 0.062488 0.252076 0.055839 0.272024 0.128137 0.247924 0.134786
1 0.290302 0.055799 0.314231 0.063040 0.292510 0.134826 0.268582 0.127585
1 0.285497 0.065059 0.308737 0.055845 0.336378 0.125566 0.313138 0.134780
1 0.350234 0.054586 0.377212 0.062534 0.356016 0.134477 0.329038 0.126528
1 0.349376 0.062285 0.373536 0.055860 0.392811 0.128340 0.368651 0.134765
0 0.342766 0.105760 0.384741 0.109991 0.382234 0.134865 0.340259 0.130634
1 0.416552 0.055862 0.439724 0.065246 0.411573 0.134763 0.388401 0.125379
1 0.409346 0.062991 0.428363 0.055854 0.454716 0.126071 0.435699 0.133209
1 0.479792 0.056179 0.502158 0.067350 0.468645 0.134446 0.446280 0.123275
1 0.469789 0.064380 0.487073 0.057111 0.516149 0.126245 0.498865 0.133514
0 0.478595 0.107262 0.491035 0.108483 0.488592 0.133363 0.476152 0.132142
1 0.530341 0.056182 0.554939 0.060650 0.541534 0.134443 0.516936 0.129975
1 0.527777 0.066359 0.550531 0.056003 0.581598 0.124266 0.558844 0.134622
1 0.595267 0.055817 0.619286 0.062751 0.598483 0.134808 0.574464 0.127874
1 0.588665 0.066405 0.611401 0.056010 0.642585 0.124220 0.619849 0.134615
0 0.599233 0.108227 0.611708 0.107447 0.613267 0.132398 0.600792 0.133178
1 0.655683 0.054436 0.686388 0.066006 0.659942 0.136189 0.629237 0.124619
1 0.652461 0.063982 0.676079 0.055787 0.700664 0.126643 0.677046 0.134838
1 0.717347 0.055809 0.741329 0.062868 0.720153 0.134816 0.696171 0.127757
1 0.712485 0.064706 0.735852 0.055818 0.762515 0.125919 0.739148 0.134807
1 0.782231 0.055866 0.805390 0.065281 0.777144 0.134759 0.753985 0.125344
1 0.773211 0.064249 0.796738 0.055795 0.822102 0.126376 0.798575 0.134830
0 0.766662 0.107964 0.808809 0.106123 0.809900 0.131099 0.767753 0.132940
1 0.845781 0.057117 0.863057 0.064405 0.833906 0.133508 0.816631 0.126220
1 0.832325 0.066688 0.850361 0.057344 0.884862 0.123937 0.866826 0.133281
1 0.080502 0.152785 0.103512 0.162561 0.074185 0.231590 0.051176 0.221814
1 0.071870 0.161573 0.095240 0.152693 0.121880 0.222802 0.098510 0.231682
0 0.065424 0.206517 0.107460 0.202948 0.109576 0.227858 0.067540 0.231427
1 0.138989 0.152659 0.162720 0.160520 0.139136 0.231716 0.115405 0.223855
1 0.132234 0.162050 0.155432 0.152731 0.183391 0.222325 0.160193 0.231644
1 0.201585 0.152627 0.220832 0.159122 0.196852 0.230185 0.177606 0.223691
1 0.191939 0.162439 0.214994 0.152771 0.243998 0.221936 0.220943 0.231604
1 0.257838 0.152727 0.281977 0.159228 0.262475 0.231648 0.238335 0.225147
1 0.251423 0.162582 0.282248 0.151336 0.307952 0.221793 0.277127 0.233039
0 0.246582 0.205234 0.291881 0.204148 0.292481 0.229141 0.247181 0.230227
1 0.318525 0.152743 0.342706 0.159090 0.323662 0.231632 0.299482 0.225285
1 0.318639 0.159375 0.337808 0.152658 0.362611 0.223437 0.343442 0.230155
0 0.309326 0.204770 0.351514 0.204605 0.351611 0.229605 0.309424 0.229770
1 0.378952 0.152848 0.403328 0.158400 0.386673 0.231527 0.362297 0.225975
1 0.374349 0.162796 0.397270 0.152815 0.427213 0.221579 0.404292 0.231560
0 0.370000 0.205250 0.413736 0.204133 0.414375 0.229125 0.370639 0.230242
1 0.441906 0.152673 0.465827 0.159938 0.444032 0.231702 0.420111 0.224437
1 0.435641 0.160927 0.465230 0.150873 0.489359 0.221886 0.459770 0.231939
0 0.422294 0.202906 0.484761 0.204919 0.483956 0.229906 0.421489 0.227893
1 0.509028 0.152992 0.531521 0.163904 0.498785 0.231383 0.476292 0.220471
1 0.497804 0.162097 0.520985 0.152735 0.549071 0.222278 0.525890 0.231640
1 0.566079 0.152662 0.589703 0.160839 0.565171 0.231713 0.541547 0.223536
1 0.557083 0.162867 0.579978 0.152825 0.610104 0.221508 0.587210 0.231550
0 0.553013 0.205491 0.593519 0.202394 0.595425 0.227322 0.554918 0.230418
1 0.626430 0.152664 0.650014 0.160958 0.625132 0.231711 0.601548 0.223417
1 0.618398 0.163238 0.641150 0.152879 0.672227 0.221137 0.649475 0.231496
1 0.687268 0.152660 0.711031 0.160426 0.687732 0.231715 0.663969 0.223949
1 0.680677 0.162046 0.703876 0.152730 0.731823 0.222329 0.708624 0.231645
0 0.688528 0.205437 0.700954 0.204085 0.703660 0.228938 0.691233 0.230290
1 0.752549 0.152873 0.775315 0.163203 0.744326 0.231502 0.721560 0.221172
1 0.741792 0.161258 0.765272 0.152675 0.791021 0.223117 0.767540 0.231700
0 0.736555 0.201367 0.781334 0.208303 0.777507 0.233008 0.732729 0.226072
1 0.806214 0.152731 0.830364 0.159194 0.810974 0.231644 0.786824 0.225181
1 0.804205 0.160139 0.828061 0.152666 0.850483 0.224236 0.826626 0.231709
0 0.795243 0.205530 0.838877 0.202349 0.840695 0.227283 0.797060 0.230464
1 0.870650 0.152660 0.894299 0.160769 0.869975 0.231715 0.846326 0.223606
1 0.863344 0.160067 0.890100 0.151398 0.913218 0.222746 0.886463 0.231415
0 0.052717 0.226116 0.089758 0.231965 0.086346 0.253572 0.049305 0.247723
0 0.076085 0.230368 0.105742 0.229030 0.106728 0.250882 0.077071 0.252220
0 0.106744 0.229047 0.136403 0.230349 0.135443 0.252203 0.105784 0.250901
0 0.119552 0.230328 0.156949 0.227545 0.158573 0.249359 0.121176 0.252143
0 0.164214 0.229613 0.175151 0.229764 0.174848 0.251637 0.163912 0.251486
0 0.177324 0.227694 0.214743 0.230166 0.213301 0.251993 0.175882 0.249521
0 0.188980 0.231471 0.229455 0.227985 0.231332 0.249779 0.190857 0.253265
0 0.225666 0.227604 0.261342 0.231930 0.258709 0.253646 0.223033 0.249320
0 0.250565 0.226003 0.285977 0.232130 0.282247 0.253685 0.246836 0.247558
0 0.266083 0.228096 0.306675 0.229734 0.305792 0.251592 0.265200 0.249953
0 0.294673 0.230033 0.330543 0.227821 0.331889 0.249654 0.296020 0.251867
0 0.321986 0.229499 0.359484 0.229877 0.359264 0.251751 0.321766 0.251373
0 0.352277 0.225834 0.387621 0.232340 0.383661 0.253853 0.348317 0.247348
0 0.366781 0.231934 0.402456 0.227601 0.405094 0.249316 0.369419 0.253649
0 0.374930 0.235361 0.428519 0.224454 0.432882 0.245889 0.379293 0.256796
0 0.402166 0.227932 0.439613 0.229911 0.438459 0.251755 0.401012 0.249777
0 0.416502 0.231940 0.453550 0.226136 0.456936 0.247748 0.419887 0.253551
0 0.433242 0.227887 0.487891 0.229941 0.487070 0.251800 0.432421 0.249747
0 0.470727 0.227446 0.500259 0.230481 0.498023 0.252241 0.468491 0.249207
0 0.484579 0.227369 0.521947 0.230521 0.520108 0.252318 0.482741 0.249167
0 0.503094 0.230436 0.540475 0.227447 0.542218 0.249252 0.504838 0.252241
0 0.536862 0.221792 0.569363 0.240499 0.558451 0.259458 0.525950 0.240751
0 0.562266 0.230012 0.591947 0.229368 0.592421 0.251238 0.562741 0.251882
0 0.578045 0.232233 0.613424 0.225919 0.617267 0.247454 0.581889 0.253768
0 0.613355 0.227759 0.642763 0.231822 0.639770 0.253491 0.610362 0.249428
0 0.624563 0.233446 0.678759 0.226126 0.681687 0.247804 0.627491 0.255124
0 0.655616 0.234149 0.691830 0.224413 0.697509 0.245538 0.661295 0.255274
0 0.690484 0.229923 0.726418 0.229454 0.726703 0.251327 0.690769 0.251796
0 0.732241 0.227629 0.742242 0.232058 0.733384 0.252059 0.723383 0.247630
0 0.746693 0.230005 0.784188 0.229373 0.784557 0.251245 0.747062 0.251877
0 0.764952 0.226252 0.805202 0.231762 0.802235 0.253435 0.761985 0.247925
0 0.771910 0.229599 0.826598 0.229776 0.826527 0.251651 0.771840 0.251474
0 0.817913 0.229354 0.828827 0.230068 0.827400 0.251896 0.816486 0.251182
0 0.813956 0.231461 0.868412 0.226444 0.870419 0.248226 0.815963 0.253244
0 0.855675 0.226322 0.892785 0.231718 0.889638 0.253365 0.852528 0.247970
0 0.885886 0.230478 0.923261 0.227408 0.925051 0.249210 0.887677 0.252279
0 0.901614 0.229559 0.956301 0.229816 0.956198 0.251691 0.901511 0.251434
1 0.047288 0.248233 0.073712 0.257866 0.048025 0.328330 0.021601 0.318697
1 0.041838 0.258733 0.065105 0.249589 0.092537 0.319392 0.069270 0.328536
0 0.027766 0.296657 0.089688 0.305136 0.086297 0.329905 0.024374 0.321426
1 0.109353 0.249541 0.132914 0.257901 0.107835 0.328584 0.084274 0.320224
1 0.104218 0.257005 0.128078 0.249541 0.150469 0.321120 0.126610 0.328584
0 0.093654 0.305211 0.138423 0.298214 0.142283 0.322914 0.097514 0.329911
1 0.167813 0.247733 0.197344 0.257955 0.172812 0.328829 0.143281 0.318607
1 0.167020 0.256528 0.184556 0.249891 0.211105 0.320035 0.193569 0.326672
1 0.231532 0.249548 0.255028 0.258089 0.229405 0.328577 0.205910 0.320036
1 0.225951 0.257108 0.249777 0.249538 0.272487 0.321017 0.248660 0.328587
1 0.296051 0.249723 0.318882 0.259909 0.288324 0.328402 0.265493 0.318216
1 0.283901 0.259513 0.306881 0.249670 0.336412 0.318612 0.313431 0.328455
0 0.284785 0.299289 0.319021 0.302375 0.316777 0.327274 0.282541 0.324188
1 0.353048 0.249540 0.376621 0.257867 0.351639 0.328585 0.328067 0.320258
1 0.346351 0.258236 0.369796 0.249555 0.395837 0.319889 0.372392 0.328570
0 0.340178 0.301598 0.383898 0.299981 0.384822 0.324964 0.341102 0.326581
1 0.416030 0.249583 0.439324 0.258659 0.412095 0.328542 0.388801 0.319466
1 0.404129 0.259862 0.434791 0.248179 0.461496 0.318263 0.430834 0.329946
1 0.479551 0.249797 0.502200 0.260380 0.470449 0.328328 0.447800 0.317745
1 0.469793 0.257621 0.493450 0.249535 0.517707 0.320504 0.494050 0.328590
0 0.452663 0.302006 0.515115 0.299576 0.516087 0.324557 0.453635 0.326987
1 0.537945 0.249585 0.561230 0.258685 0.533930 0.328540 0.510645 0.319440
1 0.531054 0.256809 0.554977 0.249549 0.576758 0.321316 0.552836 0.328576
1 0.598544 0.249569 0.621906 0.258469 0.595206 0.328556 0.571844 0.319656
1 0.587145 0.259354 0.612995 0.248274 0.642543 0.317208 0.616693 0.328289
0 0.590982 0.299279 0.625019 0.304092 0.621518 0.328846 0.587481 0.324033
1 0.658076 0.249548 0.681576 0.258078 0.655986 0.328577 0.632487 0.320047
1 0.646337 0.261914 0.671448 0.249248 0.705226 0.316211 0.680115 0.328877
0 0.643661 0.303289 0.688847 0.299905 0.690714 0.324836 0.645528 0.328220
1 0.717742 0.248232 0.744132 0.257958 0.718195 0.328331 0.691806 0.318604
1 0.709273 0.259421 0.740112 0.248214 0.765727 0.318704 0.734888 0.329911
1 0.779732 0.249534 0.803440 0.257466 0.779643 0.328591 0.755935 0.320659
1 0.774701 0.257454 0.798414 0.249534 0.822174 0.320671 0.798461 0.328591
0 0.766466 0.303764 0.808262 0.298031 0.811659 0.322799 0.769863 0.328532
1 0.841007 0.249551 0.864481 0.258151 0.838680 0.328574 0.815206 0.319974
1 0.832810 0.259101 0.855944 0.249623 0.884378 0.319024 0.861244 0.328502
0 0.043014 0.324687 0.097569 0.328491 0.096048 0.350313 0.041493 0.346509
0 0.081388 0.326310 0.122010 0.326816 0.121737 0.348690 0.081115 0.348184
0 0.107497 0.322878 0.144498 0.328976 0.140941 0.350559 0.103940 0.344462
0 0.129806 0.326345 0.170429 0.326781 0.170194 0.348655 0.129571 0.348219
0 0.159255 0.328433 0.199716 0.324781 0.201682 0.346567 0.161222 0.350219
0 0.185879 0.326659 0.221816 0.326466 0.221934 0.348341 0.185997 0.348534
0 0.218710 0.326632 0.256209 0.326493 0.256290 0.348368 0.218791 0.348507
0 0.244850 0.327715 0.255363 0.324697 0.261400 0.345722 0.250887 0.348741
0 0.241774 0.330229 0.295993 0.323083 0.298851 0.344771 0.244632 0.351917
0 0.286766 0.324738 0.316376 0.326881 0.314797 0.348699 0.285187 0.346556
0 0.315791 0.326294 0.351725 0.326834 0.351396 0.348706 0.315463 0.348166
0 0.348169 0.322715 0.384755 0.330943 0.379956 0.352285 0.343370 0.344057
0 0.368145 0.323085 0.404911 0.330468 0.400605 0.351915 0.363839 0.344532
0 0.395552 0.326446 0.406487 0.326684 0.406010 0.348554 0.395075 0.348316
0 0.406344 0.321720 0.441191 0.330506 0.435843 0.351717 0.400996 0.342931
0 0.427979 0.328334 0.465320 0.324884 0.467333 0.346666 0.429992 0.350116
0 0.458618 0.327478 0.469438 0.325881 0.472632 0.347522 0.461812 0.349119
0 0.491964 0.326677 0.502899 0.326452 0.503349 0.348323 0.492413 0.348548
0 0.509804 0.324786 0.545554 0.328454 0.543321 0.350214 0.507571 0.346546
0 0.547203 0.321566 0.581399 0.332619 0.574672 0.353434 0.540476 0.342381
0 0.562974 0.325819 0.598880 0.327326 0.597963 0.349181 0.562057 0.347674
0 0.568180 0.327331 0.622782 0.324266 0.624008 0.346107 0.569406 0.349172
0 0.609457 0.326429 0.645394 0.326697 0.645230 0.348571 0.609294 0.348303
0 0.641652 0.327327 0.652505 0.325968 0.655223 0.347673 0.644370 0.349032
0 0.655787 0.326617 0.693250 0.324966 0.694213 0.346820 0.656750 0.348471
0 0.685516 0.326604 0.726108 0.324976 0.726984 0.346834 0.686392 0.348461
0 0.719568 0.327281 0.730229 0.324835 0.735119 0.346157 0.724459 0.348602
0 0.737873 0.325947 0.775352 0.327190 0.774627 0.349053 0.737148 0.347810
0 0.766878 0.327180 0.777758 0.326060 0.779997 0.347820 0.769117 0.348940
0 0.771782 0.326717 0.807718 0.326409 0.807906 0.348283 0.771969 0.348591
0 0.795640 0.324715 0.836088 0.328505 0.834047 0.350285 0.793599 0.346495
0 0.831645 0.321300 0.867307 0.332897 0.860542 0.353700 0.824880 0.342103
0 0.853785 0.324257 0.908386 0.327340 0.907152 0.349181 0.852552 0.346097
0 0.884794 0.324289 0.914084 0.329128 0.910519 0.350711 0.881228 0.345872
1 0.081987 0.346598 0.104818 0.356783 0.074263 0.425277 0.051432 0.415092
1 0.071810 0.356253 0.090216 0.347661 0.121940 0.415622 0.103534 0.424214
0 0.065771 0.398194 0.107956 0.398683 0.107666 0.423681 0.065481 0.423192
1 0.136253 0.345158 0.163054 0.353687 0.140309 0.425155 0.113509 0.416626
1 0.135567 0.352744 0.159776 0.346504 0.178495 0.419131 0.154287 0.425371
0 0.124876 0.404152 0.165704 0.393529 0.171999 0.417723 0.131171 0.428346
1 0.199810 0.346409 0.223565 0.354201 0.200190 0.425466 0.176435 0.417674
1 0.194762 0.354520 0.218410 0.346410 0.242738 0.417355 0.219090 0.425465
0 0.189451 0.397827 0.230057 0.399059 0.229299 0.424048 0.188693 0.422816
1 0.261456 0.346430 0.284900 0.355111 0.258857 0.425445 0.235412 0.416764
1 0.253116 0.355190 0.279371 0.345107 0.306259 0.415122 0.280004 0.425205
0 0.248718 0.396740 0.292330 0.400214 0.290344 0.425135 0.246733 0.421661
1 0.326121 0.346730 0.348640 0.357588 0.316066 0.425145 0.293547 0.414287
1 0.313496 0.356471 0.336445 0.346555 0.366192 0.415404 0.343242 0.425320
1 0.380847 0.345023 0.411276 0.357299 0.383215 0.426852 0.352786 0.414576
1 0.374394 0.357226 0.397055 0.346667 0.428731 0.414649 0.406070 0.425208
0 0.369611 0.400592 0.411418 0.394946 0.414764 0.419721 0.372957 0.425367
1 0.444576 0.345138 0.470492 0.356062 0.441362 0.425174 0.415445 0.414250
1 0.435166 0.355173 0.461428 0.345107 0.488271 0.415139 0.462009 0.425205
1 0.506691 0.346460 0.529977 0.355558 0.502684 0.425415 0.479398 0.416317
1 0.493388 0.358599 0.518581 0.346095 0.551925 0.413276 0.526732 0.425780
0 0.496845 0.393480 0.537643 0.404218 0.531280 0.428395 0.490482 0.417657
1 0.569420 0.346592 0.592268 0.356738 0.561830 0.425283 0.538982 0.415137
1 0.557358 0.357083 0.580075 0.346644 0.611392 0.414792 0.588675 0.425231
0 0.568982 0.397980 0.581443 0.398974 0.579455 0.423895 0.566995 0.422901
1 0.625100 0.345112 0.651599 0.354538 0.626462 0.425200 0.599964 0.415774
1 0.623016 0.353298 0.647059 0.346448 0.667609 0.418577 0.643566 0.425427
1 0.689877 0.346535 0.712887 0.356311 0.683560 0.425340 0.660551 0.415564
1 0.682347 0.353935 0.701263 0.346534 0.728591 0.416377 0.709675 0.423779
0 0.676079 0.398478 0.716672 0.396854 0.717671 0.421834 0.677078 0.423458
1 0.750534 0.346465 0.773799 0.355617 0.746341 0.425410 0.723076 0.416258
1 0.738732 0.356973 0.764280 0.345212 0.795643 0.413340 0.770095 0.425101
0 0.748154 0.399363 0.760340 0.396578 0.765909 0.420950 0.753723 0.423734
1 0.810811 0.346332 0.830208 0.352363 0.807939 0.423981 0.788542 0.417949
1 0.804678 0.354178 0.823516 0.346580 0.851572 0.416134 0.832734 0.423733
1 0.872922 0.346555 0.895873 0.356466 0.866141 0.425320 0.843189 0.415409
1 0.863421 0.355854 0.886599 0.346486 0.914704 0.416021 0.891526 0.425389
0 0.848640 0.397943 0.911132 0.398935 0.910735 0.423932 0.848243 0.422940
1 0.047471 0.441418 0.076595 0.452747 0.049404 0.522645 0.020280 0.511315
1 0.036924 0.455253 0.066888 0.441882 0.097451 0.510372 0.067487 0.523743
0 0.037741 0.493730 0.079804 0.496969 0.077884 0.521895 0.035821 0.518656
1 0.102958 0.441916 0.133341 0.449228 0.115792 0.522146 0.085409 0.514834
1 0.102912 0.451738 0.126443 0.443294 0.151775 0.513887 0.128244 0.522331
1 0.172830 0.443422 0.195805 0.453279 0.166233 0.522203 0.143258 0.512346
1 0.168681 0.448486 0.193197 0.443591 0.207881 0.517139 0.183365 0.522034
1 0.229014 0.441468 0.258478 0.451881 0.233486 0.522595 0.204022 0.512181
1 0.222775 0.451952 0.249073 0.441981 0.275662 0.512110 0.249364 0.522081
0 0.217978 0.495936 0.260076 0.493179 0.261709 0.518126 0.219612 0.520883
1 0.292907 0.443313 0.316307 0.452113 0.289906 0.522312 0.266506 0.513512
1 0.288335 0.450432 0.307371 0.443344 0.333540 0.513631 0.314504 0.520718
1 0.351404 0.443295 0.375302 0.450635 0.353283 0.522330 0.329385 0.514990
1 0.348100 0.451304 0.366856 0.443506 0.395650 0.512758 0.376894 0.520557
0 0.329248 0.498956 0.391340 0.491832 0.394190 0.516669 0.332097 0.523793
1 0.417363 0.443321 0.436447 0.450277 0.410762 0.520742 0.391678 0.513786
1 0.406147 0.452938 0.429248 0.443382 0.457916 0.512687 0.434814 0.522243
0 0.401993 0.493332 0.447123 0.497393 0.444882 0.522293 0.399752 0.518232
1 0.472217 0.441502 0.501818 0.451516 0.477783 0.522561 0.448182 0.512546
1 0.469581 0.451534 0.493182 0.443288 0.517919 0.514091 0.494318 0.522337
0 0.460696 0.497379 0.505828 0.493345 0.508054 0.518246 0.462922 0.522280
1 0.533125 0.441504 0.562734 0.451497 0.538750 0.522559 0.509141 0.512566
1 0.525844 0.455002 0.547830 0.443102 0.583531 0.509060 0.561545 0.520960
1 0.592792 0.442085 0.624015 0.452172 0.600958 0.523540 0.569735 0.513453
1 0.590088 0.450042 0.621787 0.441566 0.641162 0.514020 0.609463 0.522497
0 0.584975 0.493571 0.627117 0.495519 0.625963 0.520492 0.583820 0.518544
1 0.654874 0.441513 0.684514 0.451414 0.660751 0.522550 0.631111 0.512649
1 0.648422 0.454282 0.671012 0.443573 0.703141 0.511343 0.680551 0.522052
1 0.720435 0.443320 0.743793 0.452229 0.717065 0.522305 0.693707 0.513396
1 0.713484 0.451416 0.737126 0.443286 0.761516 0.514209 0.737874 0.522339
0 0.707415 0.491617 0.750741 0.497687 0.747273 0.522445 0.703946 0.516375
1 0.783489 0.443467 0.806336 0.453617 0.775886 0.522158 0.753039 0.512008
1 0.774460 0.450865 0.793358 0.443419 0.820853 0.513197 0.801954 0.520644
0 0.781221 0.495751 0.793694 0.494928 0.795341 0.519874 0.782868 0.520697
1 0.839045 0.443316 0.863059 0.450267 0.842205 0.522309 0.818191 0.515358
1 0.838556 0.449463 0.856332 0.443497 0.880194 0.514600 0.862418 0.520565
0 0.041699 0.524279 0.095840 0.516564 0.098926 0.538221 0.044785 0.545936
0 0.055867 0.527399 0.108483 0.512492 0.114446 0.533538 0.061830 0.548446
0 0.093659 0.523840 0.130555 0.517137 0.134466 0.538660 0.097570 0.545363
0 0.121032 0.518072 0.158243 0.522722 0.155530 0.544428 0.118320 0.539778
0 0.138901 0.522118 0.176236 0.518604 0.178286 0.540382 0.140951 0.543896
0 0.171473 0.521095 0.212068 0.519546 0.212902 0.541405 0.172307 0.542954
0 0.213305 0.519654 0.224135 0.521187 0.221070 0.542846 0.210240 0.541313
0 0.234311 0.520345 0.245249 0.520281 0.245376 0.542155 0.234439 0.542219
0 0.239144 0.520175 0.276643 0.520451 0.276481 0.542325 0.238982 0.542049
0 0.257024 0.518202 0.297559 0.520909 0.296101 0.542736 0.255566 0.540028
0 0.278957 0.518426 0.333511 0.522253 0.331980 0.544074 0.277427 0.540247
0 0.309105 0.517123 0.349177 0.523799 0.345583 0.545377 0.305510 0.538701
0 0.319184 0.516881 0.373604 0.522289 0.371441 0.544056 0.317021 0.538649
0 0.341815 0.522589 0.379055 0.518187 0.381623 0.539911 0.344382 0.544313
0 0.377377 0.518242 0.414784 0.520875 0.413248 0.542696 0.375841 0.540063
0 0.402044 0.515185 0.436132 0.526565 0.429206 0.547315 0.395118 0.535935
0 0.434484 0.516926 0.463214 0.524405 0.457703 0.545574 0.428973 0.538095
0 0.472054 0.520225 0.482990 0.520403 0.482633 0.542275 0.471697 0.542097
0 0.482350 0.523025 0.511325 0.516562 0.516088 0.537912 0.487112 0.544376
0 0.505850 0.521091 0.546445 0.519550 0.547275 0.541409 0.506680 0.542950
0 0.555732 0.518251 0.565714 0.522724 0.556768 0.542686 0.546786 0.538213
0 0.569192 0.519588 0.606663 0.521054 0.605808 0.542912 0.568337 0.541446
0 0.600318 0.519742 0.640927 0.520892 0.640307 0.542758 0.599698 0.541608
0 0.616812 0.520984 0.654288 0.519655 0.655063 0.541516 0.617587 0.542845
0 0.652071 0.518432 0.687797 0.522322 0.685429 0.544068 0.649703 0.540178
0 0.671153 0.518204 0.708554 0.520916 0.706972 0.542734 0.669571 0.540022
0 0.700097 0.520183 0.729783 0.520443 0.729591 0.542317 0.699905 0.542057
0 0.728449 0.519775 0.765934 0.520860 0.765301 0.542725 0.727816 0.541640
0 0.740326 0.526786 0.775454 0.513660 0.783111 0.534152 0.747983 0.547277
0 0.774190 0.518120 0.809837 0.522682 0.807060 0.544380 0.771413 0.539818
0 0.786795 0.522275 0.841345 0.518405 0.842893 0.540225 0.788343 0.544095
0 0.817084 0.520506 0.857708 0.520120 0.857916 0.541994 0.817292 0.542380
0 0.848327 0.513385 0.883181 0.527221 0.875111 0.547552 0.840256 0.533717
0 0.870070 0.520775 0.910685 0.519855 0.911180 0.541725 0.870565 0.542645
0 0.892804 0.518740 0.922448 0.520355 0.921258 0.542198 0.891614 0.540583
1 0.077912 0.540059 0.097438 0.545656 0.076776 0.617753 0.057249 0.612157
1 0.074570 0.547337 0.092051 0.540554 0.119180 0.610476 0.101699 0.617258
0 0.066140 0.590546 0.109855 0.592286 0.108860 0.617267 0.065145 0.615526
1 0.139496 0.538859 0.165722 0.549019 0.138629 0.618954 0.112403 0.608794
1 0.134014 0.546694 0.161063 0.538988 0.181611 0.611119 0.154562 0.618824
0 0.141968 0.592300 0.154466 0.592079 0.154907 0.617075 0.142409 0.617296
1 0.201697 0.540195 0.225053 0.549112 0.198303 0.619180 0.174947 0.610263
1 0.193709 0.549102 0.217069 0.540195 0.243791 0.610273 0.220431 0.619180
1 0.261862 0.538893 0.287752 0.549880 0.258451 0.618920 0.232561 0.607932
1 0.255687 0.547697 0.279525 0.540164 0.302125 0.611678 0.278287 0.619211
0 0.246640 0.595902 0.288230 0.588827 0.292423 0.613473 0.250832 0.620548
1 0.326381 0.540615 0.343778 0.547608 0.315806 0.617197 0.298409 0.610204
1 0.317145 0.547888 0.340921 0.540160 0.364105 0.611487 0.340329 0.619215
0 0.325139 0.591768 0.337607 0.592672 0.335798 0.617607 0.323331 0.616703
1 0.383409 0.540183 0.406836 0.548910 0.380654 0.619192 0.357227 0.610465
1 0.376420 0.549186 0.399750 0.540201 0.426705 0.610189 0.403375 0.619174
1 0.445831 0.540263 0.468913 0.549865 0.440107 0.619112 0.417024 0.609510
1 0.434092 0.551416 0.456580 0.540494 0.489345 0.607959 0.466857 0.618881
0 0.431384 0.589875 0.476589 0.592997 0.474866 0.617938 0.429661 0.614816
1 0.507278 0.540399 0.525002 0.546516 0.500535 0.617413 0.482811 0.611296
1 0.498361 0.549623 0.515367 0.541727 0.546952 0.609752 0.529945 0.617648
0 0.492443 0.591767 0.534622 0.592613 0.534120 0.617608 0.491941 0.616762
1 0.564118 0.540166 0.587976 0.547635 0.565569 0.619209 0.541711 0.611740
1 0.559272 0.549153 0.582613 0.540198 0.609478 0.610222 0.586137 0.619177
0 0.553473 0.591618 0.595645 0.592766 0.594965 0.617757 0.552793 0.616609
1 0.627245 0.540186 0.650653 0.548965 0.624317 0.619189 0.600909 0.610410
1 0.619939 0.549378 0.643199 0.540216 0.670686 0.609997 0.647426 0.619159
1 0.688024 0.540163 0.711634 0.548382 0.686976 0.619212 0.663366 0.610993
1 0.678932 0.548910 0.705199 0.538857 0.732006 0.608903 0.705738 0.618955
0 0.675107 0.589967 0.718758 0.592902 0.717081 0.617845 0.673430 0.614911
1 0.744416 0.538884 0.775424 0.549615 0.750896 0.620491 0.719888 0.609760
1 0.743708 0.547326 0.767664 0.540179 0.789105 0.612049 0.765148 0.619196
1 0.811855 0.540237 0.835029 0.549615 0.806895 0.619138 0.783721 0.609760
1 0.804545 0.548029 0.823350 0.540350 0.851705 0.609783 0.832900 0.617463
0 0.795438 0.591963 0.840748 0.592413 0.840500 0.617412 0.795189 0.616962
1 0.870404 0.540159 0.894103 0.548120 0.870221 0.619216 0.846522 0.611255
1 0.865421 0.547440 0.889342 0.540173 0.911141 0.611935 0.887221 0.619202
0 0.856382 0.591951 0.901692 0.592425 0.901431 0.617424 0.856121 0.616950
0 0.051938 0.615410 0.089259 0.619069 0.087125 0.640840 0.049804 0.637181
0 0.086490 0.615546 0.122385 0.617292 0.121323 0.639141 0.085427 0.637396
0 0.118447 0.617611 0.148123 0.616773 0.148740 0.638639 0.119064 0.639477
0 0.142146 0.617958 0.179523 0.614926 0.181292 0.636729 0.143915 0.639762
0 0.182305 0.615057 0.211647 0.619573 0.208320 0.641193 0.178978 0.636677
0 0.196527 0.613543 0.233542 0.619553 0.230036 0.641145 0.193021 0.635135
0 0.241329 0.616564 0.252172 0.618001 0.249296 0.639686 0.238453 0.638249
0 0.247138 0.616749 0.284627 0.617632 0.284112 0.639501 0.246623 0.638618
0 0.276551 0.612450 0.311459 0.620989 0.306262 0.642237 0.271353 0.633699
0 0.304291 0.613381 0.344422 0.619698 0.341021 0.641306 0.300890 0.634990
0 0.324266 0.619619 0.353595 0.615020 0.356984 0.636631 0.327655 0.641230
0 0.357185 0.613989 0.392765 0.619041 0.389690 0.640699 0.354110 0.635647
0 0.383395 0.615464 0.420846 0.617376 0.419730 0.639223 0.382279 0.637311
0 0.426369 0.617732 0.437261 0.616734 0.439256 0.638518 0.428364 0.639516
0 0.440158 0.617249 0.477621 0.615585 0.478592 0.637439 0.441129 0.639102
0 0.471631 0.620951 0.506861 0.613854 0.511181 0.635299 0.475951 0.642396
0 0.512480 0.617197 0.523418 0.617178 0.523457 0.639053 0.512520 0.639072
0 0.517989 0.615136 0.555399 0.617729 0.553886 0.639552 0.516476 0.636958
0 0.537764 0.615114 0.567331 0.617787 0.565361 0.639573 0.535794 0.636901
0 0.566656 0.617374 0.604107 0.615467 0.605219 0.637314 0.567768 0.639221
0 0.585491 0.619522 0.621146 0.615025 0.623884 0.636728 0.588229 0.641225
0 0.605561 0.623319 0.644558 0.611933 0.650689 0.632931 0.611692 0.644317
0 0.638699 0.619443 0.675944 0.615080 0.678489 0.636807 0.641244 0.641170
0 0.680158 0.610601 0.714528 0.625599 0.705779 0.645649 0.671409 0.630651
0 0.696482 0.617891 0.733956 0.616499 0.734768 0.638359 0.697294 0.639751
0 0.732784 0.612467 0.767702 0.620966 0.762529 0.642220 0.727611 0.633722
0 0.753113 0.619734 0.782409 0.614929 0.785949 0.636516 0.756653 0.641321
0 0.772292 0.611855 0.808468 0.621729 0.802708 0.642832 0.766532 0.632958
0 0.796602 0.617782 0.807485 0.616700 0.809648 0.638468 0.798765 0.639550
0 0.816301 0.615321 0.853736 0.617529 0.852449 0.639366 0.815014 0.637158
0 0.839264 0.614874 0.876632 0.618016 0.874799 0.639814 0.837431 0.636672
0 0.852767 0.624825 0.905499 0.610332 0.911296 0.631425 0.858564 0.645918
0 0.885226 0.615263 0.914636 0.619317 0.911649 0.640987 0.882239 0.636933
0 0.912001 0.613833 0.947532 0.619227 0.944249 0.640854 0.908718 0.635460
1 0.050162 0.636969 0.069513 0.643144 0.046713 0.714594 0.027362 0.708419
1 0.041770 0.645651 0.065244 0.637051 0.091043 0.707474 0.067569 0.716074
0 0.035250 0.689522 0.077367 0.687082 0.078812 0.712041 0.036696 0.714480
1 0.114293 0.637243 0.133069 0.644992 0.104457 0.714320 0.085681 0.706571
1 0.102409 0.646543 0.125564 0.637117 0.153841 0.706582 0.130686 0.716008
0 0.096084 0.686975 0.141319 0.689631 0.139853 0.714588 0.094619 0.711932
1 0.174373 0.637243 0.197152 0.647543 0.166252 0.715882 0.143473 0.705582
1 0.167015 0.643242 0.191260 0.637146 0.209548 0.709883 0.185302 0.715979
0 0.163069 0.687391 0.197268 0.690862 0.194744 0.715734 0.160545 0.712263
1 0.229565 0.637070 0.253597 0.643957 0.232935 0.716055 0.208903 0.709168
1 0.224339 0.646496 0.247511 0.637112 0.275661 0.706629 0.252489 0.716013
0 0.219503 0.687090 0.261621 0.689514 0.260185 0.714472 0.218067 0.712049
1 0.293834 0.637068 0.317201 0.645955 0.290541 0.716057 0.267174 0.707170
1 0.285471 0.645689 0.308932 0.637053 0.334841 0.707436 0.311381 0.716072
1 0.355023 0.637080 0.378333 0.646115 0.351227 0.716045 0.327917 0.707010
1 0.349635 0.643884 0.373690 0.637076 0.394115 0.709241 0.370060 0.716049
0 0.338753 0.689640 0.384051 0.688493 0.384684 0.713485 0.339386 0.714632
1 0.416214 0.637143 0.439279 0.646787 0.410348 0.715982 0.387283 0.706338
1 0.409299 0.644854 0.428120 0.637215 0.456326 0.706709 0.437505 0.714348
0 0.401571 0.689047 0.443759 0.689078 0.443741 0.714078 0.401554 0.714047
1 0.474735 0.637035 0.498504 0.644781 0.475265 0.716090 0.451496 0.708344
1 0.468129 0.645814 0.491546 0.637060 0.517808 0.707311 0.494391 0.716065
0 0.461884 0.691017 0.503740 0.685742 0.506866 0.710546 0.465010 0.715820
1 0.537644 0.637071 0.560997 0.645993 0.534231 0.716054 0.510878 0.707132
1 0.532054 0.644155 0.556025 0.637057 0.577321 0.708970 0.553350 0.716068
1 0.599454 0.637118 0.622604 0.646554 0.594296 0.716007 0.571146 0.706571
1 0.586764 0.646781 0.617659 0.635728 0.642924 0.706344 0.612029 0.717397
0 0.582933 0.688846 0.628244 0.689280 0.628004 0.714279 0.582694 0.713845
1 0.657176 0.635731 0.683475 0.645702 0.656886 0.715831 0.630588 0.705860
1 0.654648 0.643701 0.673832 0.637026 0.698477 0.707861 0.679293 0.714536
0 0.661087 0.688989 0.673586 0.689138 0.673288 0.714136 0.660789 0.713987
1 0.719113 0.637036 0.742756 0.645159 0.718387 0.716089 0.694744 0.707966
1 0.710784 0.647429 0.733607 0.637226 0.764216 0.705696 0.741393 0.715899
0 0.705260 0.687295 0.750529 0.689292 0.749427 0.714268 0.704159 0.712271
1 0.780314 0.637059 0.803735 0.645805 0.777498 0.716066 0.754078 0.707320
1 0.775972 0.643512 0.800139 0.637112 0.819340 0.709613 0.795173 0.716013
0 0.780968 0.689389 0.793320 0.687470 0.797157 0.712174 0.784805 0.714092
1 0.844731 0.637248 0.867499 0.647574 0.836519 0.715877 0.813751 0.705551
1 0.837212 0.643872 0.856345 0.637049 0.881538 0.707691 0.862405 0.714514
0 0.830473 0.686734 0.872384 0.691555 0.869527 0.716391 0.827616 0.711570
0 0.062426 0.715048 0.073230 0.713344 0.076637 0.734952 0.065833 0.736656
0 0.080936 0.716402 0.121306 0.711860 0.123752 0.733598 0.083382 0.738140
0 0.100387 0.713424 0.137865 0.714714 0.137113 0.736576 0.099635 0.735286
0 0.140060 0.711989 0.169422 0.716376 0.166190 0.738011 0.136828 0.733624
0 0.152735 0.716378 0.189967 0.711903 0.192578 0.733622 0.155346 0.738097
0 0.179754 0.713950 0.217253 0.714176 0.217121 0.736050 0.179622 0.735824
0 0.207299 0.718096 0.243705 0.709104 0.248951 0.730341 0.212545 0.739333
0 0.249223 0.713704 0.260134 0.714476 0.258589 0.736296 0.247679 0.735524
0 0.269795 0.711942 0.299141 0.716435 0.295830 0.738058 0.266484 0.733565
0 0.282065 0.712212 0.336624 0.715965 0.335122 0.737788 0.280564 0.734035
0 0.311363 0.710648 0.365786 0.716021 0.363637 0.737790 0.309214 0.732417
0 0.344236 0.712136 0.398875 0.714446 0.397951 0.736301 0.343313 0.733992
0 0.367101 0.717579 0.404001 0.710896 0.407899 0.732421 0.370999 0.739104
0 0.395040 0.718111 0.431754 0.710472 0.436210 0.731889 0.399496 0.739528
0 0.430564 0.711901 0.467957 0.714723 0.466311 0.736536 0.428918 0.733714
0 0.447680 0.714392 0.477288 0.712229 0.478883 0.734045 0.449274 0.736209
0 0.478190 0.713952 0.515689 0.714173 0.515560 0.736048 0.478061 0.735827
0 0.511402 0.713524 0.522272 0.714736 0.519848 0.736476 0.508978 0.735264
0 0.522703 0.714772 0.563223 0.711848 0.564797 0.733666 0.524277 0.736590
0 0.533689 0.715964 0.588248 0.712212 0.589748 0.734036 0.535190 0.737788
0 0.556928 0.710172 0.611244 0.716539 0.608697 0.738265 0.554381 0.731898
0 0.591180 0.710271 0.628141 0.716606 0.624445 0.738167 0.587484 0.731831
0 0.610018 0.710166 0.646938 0.716735 0.643107 0.738271 0.606187 0.731703
0 0.629417 0.716107 0.666707 0.712141 0.669021 0.733893 0.631731 0.737859
0 0.643453 0.720529 0.678585 0.707415 0.686235 0.727909 0.651103 0.741023
0 0.669783 0.714202 0.705675 0.712388 0.706779 0.734235 0.670887 0.736049
0 0.691002 0.713440 0.728481 0.714697 0.727748 0.736560 0.690269 0.735303
0 0.727711 0.710374 0.764377 0.718238 0.759789 0.739626 0.723123 0.731762
0 0.748258 0.715825 0.784032 0.712399 0.786117 0.734175 0.750343 0.737601
0 0.776731 0.711795 0.814107 0.714840 0.812331 0.736643 0.774955 0.733598
0 0.790175 0.715968 0.830466 0.710774 0.833263 0.732469 0.792971 0.737663
0 0.817908 0.712365 0.847536 0.714241 0.846154 0.736072 0.816526 0.734196
0 0.822146 0.711730 0.876627 0.716477 0.874729 0.738270 0.820248 0.733523
0 0.864765 0.713738 0.875681 0.714430 0.874297 0.736262 0.863382 0.735570
0 0.879954 0.713637 0.915881 0.714495 0.915359 0.736363 0.879431 0.735505
1 0.077918 0.733910 0.101676 0.741691 0.078332 0.812965 0.054574 0.805184
1 0.070138 0.742155 0.096594 0.732609 0.122049 0.803157 0.095594 0.812703
0 0.057107 0.783977 0.119481 0.787948 0.117893 0.812898 0.055519 0.808927
1 0.138766 0.732034 0.167467 0.744397 0.137797 0.813278 0.109096 0.800916
1 0.129229 0.744139 0.159931 0.732561 0.186396 0.802736 0.155694 0.814314
0 0.126094 0.785983 0.168250 0.784349 0.169218 0.809330 0.127062 0.810964
1 0.199740 0.733809 0.219273 0.739381 0.198698 0.811504 0.179165 0.805931
1 0.194697 0.742069 0.218328 0.733911 0.242803 0.804806 0.219172 0.812964
0 0.189314 0.783616 0.229816 0.786772 0.227874 0.811697 0.187371 0.808540
1 0.264202 0.734214 0.281816 0.740641 0.256111 0.811098 0.238496 0.804672
1 0.254232 0.742556 0.277695 0.733928 0.303581 0.804319 0.280117 0.812947
0 0.248949 0.784331 0.291103 0.786001 0.290114 0.810981 0.247959 0.809312
1 0.326912 0.734133 0.345664 0.741940 0.316838 0.811179 0.298086 0.803372
1 0.315323 0.741611 0.341975 0.732629 0.365927 0.803701 0.339275 0.812684
0 0.302724 0.780575 0.364226 0.791699 0.359776 0.816300 0.298274 0.805176
1 0.386086 0.734017 0.405031 0.741344 0.377977 0.811295 0.359032 0.803968
1 0.379433 0.740724 0.398572 0.733921 0.423692 0.804588 0.404553 0.811392
0 0.368592 0.786229 0.413901 0.785648 0.414221 0.810646 0.368912 0.811227
1 0.443722 0.733909 0.467445 0.741798 0.443778 0.812966 0.420055 0.805077
1 0.437313 0.742343 0.460851 0.733919 0.486125 0.804532 0.462587 0.812956
1 0.503207 0.733915 0.527060 0.741400 0.504605 0.812960 0.480752 0.805475
1 0.498161 0.742414 0.521674 0.733921 0.547152 0.804461 0.523639 0.812954
1 0.569228 0.733973 0.588257 0.741078 0.562022 0.811340 0.542993 0.804234
1 0.558734 0.744249 0.576969 0.735299 0.610016 0.802626 0.591781 0.811576
0 0.555977 0.786752 0.590213 0.783662 0.592460 0.808561 0.558224 0.811651
1 0.629828 0.734215 0.647442 0.740641 0.621735 0.811098 0.604120 0.804671
1 0.623194 0.740956 0.640715 0.734277 0.667431 0.804357 0.649910 0.811036
0 0.629678 0.785942 0.642178 0.785933 0.642197 0.810933 0.629697 0.810942
1 0.688248 0.733939 0.711641 0.742756 0.685190 0.812936 0.661796 0.804119
1 0.677601 0.743892 0.703386 0.732660 0.733337 0.801421 0.707552 0.812652
1 0.748193 0.733910 0.771959 0.741669 0.748682 0.812965 0.724916 0.805206
1 0.741867 0.743083 0.765144 0.733962 0.792508 0.803792 0.769231 0.812913
0 0.741083 0.783609 0.775309 0.786812 0.772979 0.811703 0.738754 0.808501
1 0.804632 0.732803 0.831814 0.740025 0.812555 0.812510 0.785373 0.805288
1 0.806091 0.740109 0.830339 0.734023 0.848597 0.806766 0.824349 0.812852
0 0.802035 0.784374 0.836257 0.787612 0.833903 0.812501 0.799680 0.809263
1 0.875530 0.734157 0.894245 0.742052 0.865095 0.811155 0.846380 0.803260
1 0.865106 0.742501 0.882391 0.735235 0.911457 0.804374 0.894172 0.811640
0 0.855560 0.788307 0.900463 0.782232 0.903815 0.807006 0.858912 0.813081
0 0.040407 0.816724 0.093635 0.804172 0.098655 0.825463 0.045428 0.838015
0 0.079071 0.811387 0.119624 0.808964 0.120929 0.830800 0.080376 0.833224
0 0.121181 0.811809 0.132011 0.810281 0.135069 0.831941 0.124239 0.833469
0 0.151198 0.812001 0.161743 0.809097 0.167552 0.830186 0.157007 0.833091
0 0.178450 0.810781 0.189383 0.811103 0.188738 0.832969 0.177805 0.832647
0 0.191047 0.810244 0.228521 0.811646 0.227703 0.833506 0.190229 0.832104
0 0.214003 0.811086 0.268690 0.810789 0.268809 0.832664 0.214122 0.832961
0 0.252336 0.808827 0.292871 0.811534 0.291414 0.833360 0.250879 0.830654
0 0.273544 0.810765 0.309480 0.811111 0.309269 0.832985 0.273333 0.832639
0 0.303760 0.810643 0.314679 0.811268 0.313428 0.833107 0.302508 0.832482
0 0.306210 0.811013 0.346834 0.810862 0.346915 0.832737 0.306291 0.832888
0 0.330853 0.807352 0.367889 0.813231 0.364460 0.834835 0.327423 0.828957
0 0.361560 0.809072 0.402125 0.811272 0.400940 0.833115 0.360375 0.830915
0 0.405813 0.812848 0.416022 0.808922 0.423874 0.829339 0.413665 0.833265
0 0.423113 0.807264 0.460118 0.813338 0.456575 0.834924 0.419570 0.828850
0 0.443887 0.808715 0.481271 0.811665 0.479550 0.833472 0.442166 0.830522
0 0.479176 0.807498 0.514355 0.814839 0.509887 0.836252 0.474707 0.828911
0 0.512124 0.807327 0.549151 0.813262 0.545689 0.834861 0.508662 0.828926
0 0.531508 0.809324 0.568862 0.812636 0.566929 0.834426 0.529576 0.831114
0 0.573955 0.810693 0.584881 0.811205 0.583857 0.833057 0.572932 0.832545
0 0.591990 0.811039 0.602925 0.810840 0.603323 0.832711 0.592387 0.832910
0 0.624253 0.811846 0.635075 0.810260 0.638247 0.831904 0.627425 0.833490
0 0.652720 0.809025 0.663162 0.812278 0.656655 0.833163 0.646213 0.829909
0 0.670594 0.810469 0.708082 0.811413 0.707531 0.833281 0.670043 0.832337
0 0.691114 0.808852 0.731511 0.813146 0.729199 0.834898 0.688801 0.830604
0 0.725436 0.808672 0.754963 0.811759 0.752689 0.833515 0.723162 0.830429
0 0.730928 0.810999 0.785590 0.809324 0.786260 0.831189 0.731598 0.832864
0 0.774295 0.811465 0.811707 0.808899 0.813205 0.830722 0.775793 0.833289
0 0.800216 0.810576 0.837709 0.811303 0.837284 0.833174 0.799791 0.832447
0 0.814489 0.810179 0.855085 0.811711 0.854261 0.833571 0.813665 0.832039
0 0.847552 0.807800 0.887884 0.812671 0.885261 0.834388 0.844929 0.829517
0 0.869370 0.809157 0.906815 0.811188 0.905630 0.833031 0.868185 0.831000
0 0.899723 0.814794 0.934919 0.807532 0.939340 0.828956 0.904144 0.836218
1 0.050634 0.830896 0.073688 0.840566 0.044679 0.909729 0.021625 0.900059
1 0.047825 0.835849 0.067469 0.830681 0.086550 0.903214 0.066906 0.908381
0 0.026520 0.882919 0.089020 0.882706 0.089105 0.907706 0.026605 0.907919
1 0.109792 0.830786 0.133425 0.838942 0.108958 0.909839 0.085325 0.901683
1 0.101226 0.841348 0.123985 0.831001 0.155024 0.899277 0.132265 0.909624
0 0.112584 0.882771 0.125083 0.882855 0.124916 0.907854 0.112417 0.907770
1 0.168550 0.830796 0.192456 0.838110 0.170513 0.909829 0.146607 0.902515
1 0.165391 0.838086 0.189305 0.830797 0.211172 0.902539 0.187258 0.909828
0 0.158244 0.880830 0.203374 0.884896 0.201131 0.909795 0.156001 0.905729
1 0.226686 0.829083 0.256526 0.838364 0.234252 0.909980 0.204412 0.900699
1 0.227874 0.837836 0.245393 0.831153 0.272126 0.901226 0.254607 0.907910
0 0.236596 0.880938 0.248769 0.883777 0.243091 0.908124 0.230918 0.905285
1 0.290816 0.830788 0.314649 0.838339 0.291996 0.909837 0.268164 0.902286
1 0.284357 0.839574 0.310609 0.829483 0.337518 0.899489 0.311266 0.909580
0 0.293497 0.883385 0.305953 0.882329 0.308065 0.907240 0.295610 0.908296
1 0.356507 0.830828 0.375577 0.837825 0.349743 0.908235 0.330673 0.901238
1 0.342111 0.841409 0.372652 0.829410 0.400076 0.899216 0.369536 0.911215
0 0.339952 0.883245 0.382072 0.880858 0.383486 0.905818 0.341366 0.908205
1 0.414905 0.830817 0.438278 0.839691 0.411657 0.909808 0.388285 0.900934
1 0.407681 0.839175 0.431233 0.830792 0.456382 0.901450 0.432829 0.909833
1 0.476232 0.830732 0.495536 0.837051 0.472206 0.908330 0.452901 0.902011
1 0.468415 0.839335 0.491913 0.830798 0.517522 0.901290 0.494025 0.909827
0 0.465301 0.885159 0.499168 0.879273 0.503449 0.903904 0.469582 0.909789
1 0.537279 0.830935 0.555192 0.836475 0.533034 0.908127 0.515121 0.902587
1 0.530997 0.839769 0.548158 0.832214 0.578378 0.900856 0.561217 0.908411
0 0.536795 0.883674 0.549201 0.882140 0.552267 0.906951 0.539862 0.908485
1 0.601884 0.831114 0.620480 0.839287 0.590304 0.907948 0.571708 0.899776
1 0.590536 0.839142 0.614100 0.830791 0.639152 0.901483 0.615588 0.909834
0 0.584245 0.884496 0.626304 0.881205 0.628255 0.906129 0.586196 0.909420
1 0.660290 0.830862 0.683465 0.840239 0.655335 0.909763 0.632160 0.900386
1 0.655834 0.836186 0.680299 0.831043 0.695729 0.904439 0.671264 0.909582
0 0.645175 0.884512 0.687231 0.881190 0.689200 0.906113 0.647144 0.909435
1 0.721059 0.830905 0.744085 0.840641 0.714879 0.909720 0.691852 0.899984
1 0.712378 0.839794 0.735713 0.830824 0.762622 0.900831 0.739287 0.909801
0 0.706759 0.881210 0.748914 0.882872 0.747929 0.907853 0.705774 0.906190
1 0.785362 0.831220 0.803813 0.839714 0.772451 0.907842 0.754000 0.899348
1 0.771211 0.840159 0.797237 0.829499 0.825664 0.898903 0.799638 0.909563
0 0.767158 0.883457 0.807687 0.880665 0.809405 0.905606 0.768876 0.908397
1 0.844069 0.830833 0.863127 0.837860 0.837181 0.908229 0.818123 0.901202
1 0.834166 0.839236 0.857698 0.830794 0.883022 0.901389 0.859490 0.909831
0 0.830029 0.881088 0.872068 0.884625 0.869971 0.909537 0.827932 0.906000
6 0.014859 0.513746 0.067847 0.517556 0.066391 0.537816 0.013403 0.534006
6 0.000000 0.670227 0.031335 0.670398 0.031164 0.711023 0.000000 0.710852
6 0.010456 0.833481 0.052546 0.830617 0.053607 0.846206 0.011517 0.849070
6 0.944461 0.664943 0.977244 0.666336 0.975851 0.699119 0.943068 0.697726
