1 0.051166 0.057446 0.071959 0.064239 0.053522 0.120679 0.032728 0.113886
1 0.048095 0.062553 0.066050 0.057152 0.083155 0.114009 0.065200 0.119411
0 0.040497 0.097115 0.077994 0.096637 0.078253 0.116948 0.040756 0.117426
1 0.096824 0.057424 0.117362 0.064953 0.096926 0.120701 0.076388 0.113172
1 0.090395 0.064077 0.109676 0.057687 0.128355 0.114048 0.109074 0.120438
0 0.085302 0.098818 0.119601 0.096539 0.120948 0.116807 0.086649 0.119086
1 0.139028 0.057696 0.158411 0.063769 0.140660 0.120429 0.121276 0.114356
1 0.135487 0.062625 0.150300 0.057651 0.169200 0.113938 0.154388 0.118911
0 0.129805 0.096678 0.164178 0.097073 0.163945 0.117384 0.129572 0.116989
1 0.185594 0.057440 0.201760 0.063277 0.181594 0.119123 0.165428 0.113285
1 0.176080 0.065566 0.194829 0.057753 0.217670 0.112559 0.198921 0.120372
0 0.174148 0.096540 0.208447 0.098817 0.207102 0.119085 0.172803 0.116808
1 0.225845 0.057722 0.245356 0.063371 0.228843 0.120403 0.209332 0.114754
1 0.220269 0.064541 0.239391 0.057689 0.259419 0.113584 0.240297 0.120436
0 0.217068 0.097070 0.249879 0.096681 0.250119 0.116993 0.217309 0.117381
1 0.273663 0.057200 0.291189 0.063864 0.270087 0.119362 0.252561 0.112699
1 0.268263 0.062151 0.283213 0.057605 0.300487 0.114412 0.285537 0.118957
0 0.261169 0.096493 0.295535 0.097262 0.295081 0.117570 0.260715 0.116800
1 0.319068 0.058656 0.333488 0.064674 0.310619 0.119469 0.296200 0.113451
1 0.310331 0.063011 0.326581 0.057414 0.345919 0.113551 0.329669 0.119149
0 0.317901 0.096575 0.327254 0.097224 0.325849 0.117487 0.316496 0.116839
1 0.362332 0.057726 0.376990 0.063139 0.356418 0.118837 0.341760 0.113423
1 0.351536 0.064527 0.370663 0.057689 0.390652 0.113598 0.371525 0.120436
0 0.348587 0.096224 0.382836 0.099162 0.381100 0.119401 0.346851 0.116463
1 0.402919 0.057686 0.422181 0.064135 0.403331 0.120439 0.384069 0.113990
1 0.396106 0.063895 0.415449 0.057692 0.433581 0.114230 0.414239 0.120433
0 0.390581 0.099204 0.424823 0.096187 0.426606 0.116421 0.392364 0.119438
1 0.445308 0.057725 0.464831 0.063332 0.448442 0.120400 0.428919 0.114793
1 0.442973 0.060768 0.464557 0.057210 0.474215 0.115794 0.452631 0.119352
0 0.435637 0.097378 0.468434 0.096381 0.469051 0.116685 0.436253 0.117681
1 0.491550 0.057630 0.506416 0.062440 0.488138 0.118932 0.473272 0.114122
1 0.483718 0.064660 0.498142 0.058653 0.520969 0.113465 0.506545 0.119472
0 0.479415 0.097351 0.513777 0.096406 0.514335 0.116711 0.479973 0.117656
1 0.533860 0.057153 0.551830 0.062502 0.534890 0.119410 0.516920 0.114060
1 0.526483 0.064569 0.545595 0.057690 0.565704 0.113556 0.546592 0.120435
1 0.579681 0.057463 0.595782 0.063478 0.575006 0.119099 0.558905 0.113085
1 0.569735 0.065302 0.590143 0.057428 0.611515 0.112823 0.591107 0.120697
1 0.623428 0.057236 0.640834 0.064207 0.618759 0.119326 0.601353 0.112355
1 0.616599 0.062723 0.634501 0.057149 0.652151 0.113840 0.634249 0.119414
1 0.668834 0.057314 0.686036 0.064773 0.662416 0.119248 0.645214 0.111789
1 0.657100 0.064748 0.677713 0.057426 0.697587 0.113377 0.676974 0.120699
0 0.654178 0.098573 0.688505 0.096767 0.689572 0.117052 0.655245 0.118858
1 0.713170 0.057135 0.731453 0.065986 0.705580 0.119428 0.687297 0.110577
1 0.699683 0.065345 0.718219 0.057037 0.742505 0.111218 0.723969 0.119526
0 0.688768 0.100871 0.738373 0.094602 0.740920 0.114754 0.691314 0.121023
1 0.755028 0.057207 0.772529 0.063935 0.751222 0.119356 0.733721 0.112627
1 0.748167 0.062991 0.767795 0.057761 0.783083 0.115134 0.763455 0.120364
0 0.742621 0.096174 0.776967 0.097593 0.776129 0.117888 0.741783 0.116469
1 0.800566 0.057368 0.817650 0.065094 0.793184 0.119194 0.776100 0.111468
1 0.788321 0.065447 0.808675 0.057432 0.830429 0.112678 0.810075 0.120693
1 0.838709 0.057169 0.856783 0.062160 0.840978 0.119393 0.822905 0.114402
1 0.833899 0.063679 0.853312 0.057701 0.870788 0.114446 0.851375 0.120424
0 0.830411 0.096520 0.864708 0.098838 0.863339 0.119105 0.829042 0.116787
1 0.887166 0.057710 0.901853 0.063044 0.881584 0.118852 0.866897 0.113518
1 0.877856 0.063634 0.895460 0.057181 0.915894 0.112929 0.898290 0.119382
0 0.054664 0.127107 0.083545 0.120235 0.087524 0.136956 0.058642 0.143827
0 0.074330 0.120009 0.104706 0.127347 0.100670 0.144054 0.070294 0.136716
0 0.096644 0.125491 0.126067 0.121537 0.128356 0.138572 0.098933 0.142525
0 0.127215 0.123233 0.155267 0.125249 0.154035 0.142392 0.125983 0.140376
0 0.154366 0.127871 0.181289 0.119738 0.186259 0.136191 0.159336 0.144325
0 0.171099 0.122985 0.200678 0.125515 0.199214 0.142640 0.169634 0.140110
0 0.194319 0.123304 0.223948 0.125168 0.222869 0.142321 0.193240 0.140457
0 0.210379 0.125744 0.252459 0.122737 0.253684 0.139881 0.211604 0.142888
0 0.249175 0.121746 0.271980 0.127155 0.268013 0.143879 0.245208 0.138470
0 0.267674 0.123111 0.309802 0.125351 0.308889 0.142514 0.266761 0.140274
0 0.310610 0.124580 0.318209 0.122765 0.322202 0.139482 0.314603 0.141297
0 0.340101 0.121392 0.363123 0.125788 0.359899 0.142670 0.336877 0.138275
0 0.351325 0.123862 0.381001 0.123020 0.381488 0.140201 0.351812 0.141042
0 0.380203 0.121511 0.409619 0.125522 0.407297 0.142552 0.377881 0.138541
0 0.391805 0.129303 0.419997 0.120000 0.425383 0.136322 0.397190 0.145625
0 0.419867 0.124080 0.443271 0.122820 0.444195 0.139982 0.420792 0.141243
0 0.434133 0.124058 0.476302 0.122825 0.476805 0.140005 0.434635 0.141238
0 0.460264 0.122909 0.488260 0.125608 0.486611 0.142716 0.458615 0.140017
0 0.494012 0.122707 0.521963 0.125837 0.520050 0.142918 0.492100 0.139788
0 0.523618 0.122664 0.554704 0.125864 0.552944 0.142961 0.521859 0.139761
0 0.546060 0.123040 0.575650 0.125454 0.574252 0.142585 0.544663 0.140171
0 0.580656 0.125093 0.604032 0.123390 0.605281 0.140532 0.581906 0.142235
0 0.600677 0.121413 0.628480 0.125658 0.625886 0.142649 0.598083 0.138404
0 0.632143 0.121824 0.661399 0.126863 0.658482 0.143801 0.629226 0.138762
0 0.657748 0.127518 0.688050 0.119878 0.692252 0.136544 0.661950 0.144184
0 0.694344 0.121411 0.723729 0.125639 0.721281 0.142651 0.691896 0.138424
0 0.721550 0.121210 0.744486 0.126032 0.740950 0.142852 0.718014 0.138030
0 0.727571 0.119941 0.769132 0.127189 0.766179 0.144121 0.724618 0.136873
0 0.760499 0.124199 0.788584 0.122700 0.789501 0.139863 0.761416 0.141363
0 0.789506 0.122980 0.797243 0.124059 0.794869 0.141082 0.787132 0.140003
0 0.799376 0.127321 0.828478 0.121456 0.831874 0.138304 0.802772 0.144169
0 0.816747 0.124205 0.844831 0.122695 0.845753 0.139858 0.817669 0.141367
0 0.849861 0.123919 0.857626 0.123060 0.859514 0.140144 0.851749 0.141002
0 0.852280 0.118117 0.892935 0.129382 0.888345 0.145946 0.847690 0.134680
0 0.879304 0.124100 0.907398 0.122794 0.908196 0.139963 0.880102 0.141269
0 0.910380 0.125206 0.938438 0.123272 0.939620 0.140419 0.911562 0.142353
1 0.077075 0.144780 0.094362 0.152043 0.071362 0.206783 0.054076 0.199520
1 0.066778 0.152655 0.087242 0.144925 0.108222 0.200470 0.087758 0.208200
0 0.064072 0.184359 0.098447 0.184392 0.098428 0.204704 0.064053 0.204671
1 0.117092 0.144968 0.137986 0.151444 0.120408 0.208157 0.099514 0.201681
1 0.112118 0.151221 0.129693 0.144688 0.150382 0.200341 0.132807 0.206875
0 0.106609 0.183738 0.144087 0.185024 0.143391 0.205324 0.105913 0.204039
1 0.161984 0.144650 0.179815 0.150448 0.161453 0.206913 0.143623 0.201114
1 0.156112 0.150937 0.175602 0.145216 0.192325 0.202188 0.172835 0.207909
0 0.163308 0.184758 0.172656 0.184050 0.174192 0.204304 0.164844 0.205013
1 0.208151 0.144992 0.224183 0.151185 0.202787 0.206571 0.186754 0.200377
1 0.198106 0.152273 0.217146 0.145197 0.237832 0.200852 0.218792 0.207928
0 0.195851 0.182416 0.229985 0.186476 0.227587 0.206646 0.193452 0.202587
1 0.254346 0.144707 0.272469 0.153881 0.245654 0.206855 0.227531 0.197682
1 0.241581 0.153177 0.260288 0.145264 0.283419 0.199948 0.264712 0.207861
1 0.296816 0.145236 0.311454 0.150702 0.290684 0.206326 0.276046 0.200860
1 0.287072 0.151400 0.307981 0.144972 0.325428 0.201725 0.304519 0.208153
0 0.285441 0.185100 0.313530 0.183676 0.314559 0.203963 0.286470 0.205386
1 0.334222 0.143666 0.357945 0.151552 0.339216 0.207896 0.315492 0.200010
1 0.331097 0.150745 0.347273 0.144936 0.367341 0.200817 0.351165 0.206626
0 0.326859 0.183889 0.361220 0.184870 0.360641 0.205174 0.326280 0.204193
1 0.380746 0.144653 0.398715 0.150009 0.381754 0.206910 0.363785 0.201554
1 0.373211 0.152497 0.393734 0.144924 0.414289 0.200628 0.393766 0.208201
1 0.424612 0.145188 0.443911 0.151525 0.425388 0.207937 0.406089 0.201600
1 0.418105 0.150844 0.442342 0.144717 0.456895 0.202281 0.432658 0.208408
0 0.413709 0.184998 0.448062 0.183765 0.448791 0.204064 0.414438 0.205298
1 0.468397 0.145188 0.487689 0.151546 0.469103 0.207937 0.449811 0.201579
1 0.460262 0.153239 0.478946 0.145270 0.502238 0.199886 0.483554 0.207855
1 0.512371 0.145186 0.531617 0.151682 0.512629 0.207939 0.493383 0.201443
1 0.506178 0.152311 0.520553 0.146188 0.543822 0.200814 0.529447 0.206937
0 0.512359 0.184854 0.521693 0.183984 0.523579 0.204209 0.514244 0.205079
1 0.554522 0.145200 0.573930 0.151192 0.556416 0.207925 0.537007 0.201933
1 0.549825 0.151062 0.567454 0.144676 0.587675 0.200501 0.570046 0.206887
0 0.544279 0.184235 0.581733 0.186103 0.580721 0.206390 0.543267 0.204522
1 0.598542 0.145193 0.617898 0.151352 0.599896 0.207932 0.580539 0.201773
1 0.593564 0.150971 0.613044 0.145214 0.629873 0.202154 0.610394 0.207911
0 0.589026 0.186615 0.621715 0.183774 0.623474 0.204010 0.590785 0.206851
1 0.643805 0.145186 0.663013 0.151795 0.643695 0.207939 0.624487 0.201330
1 0.634048 0.152444 0.657428 0.143591 0.678452 0.199119 0.655072 0.207971
0 0.624838 0.184783 0.674831 0.183969 0.675162 0.204279 0.625169 0.205093
1 0.690870 0.144832 0.708033 0.152380 0.684130 0.206731 0.666967 0.199183
1 0.682387 0.150638 0.697045 0.145226 0.717613 0.200924 0.702955 0.206337
0 0.674761 0.186344 0.708924 0.182531 0.711177 0.202719 0.677014 0.206531
1 0.731548 0.144943 0.751804 0.153201 0.729389 0.208182 0.709133 0.199924
1 0.724634 0.151496 0.740563 0.145040 0.762866 0.200067 0.746937 0.206523
1 0.773044 0.144946 0.793837 0.151741 0.775394 0.208179 0.754601 0.201384
1 0.768686 0.151261 0.784693 0.145003 0.806314 0.200301 0.790307 0.206560
1 0.821630 0.145218 0.836301 0.150595 0.815870 0.206344 0.801199 0.200967
1 0.809292 0.151509 0.833032 0.143672 0.851646 0.200053 0.827906 0.207891
0 0.807116 0.186440 0.841399 0.183927 0.842884 0.204185 0.808601 0.206698
1 0.862638 0.145186 0.881828 0.151845 0.862362 0.207939 0.843172 0.201280
1 0.855537 0.151483 0.873022 0.144712 0.894463 0.200080 0.876978 0.206851
0 0.852666 0.186362 0.880535 0.182574 0.883271 0.202701 0.855402 0.206489
0 0.057660 0.211192 0.085780 0.210686 0.086090 0.227870 0.057970 0.228377
0 0.077807 0.216507 0.106159 0.207704 0.111256 0.224118 0.082903 0.232921
0 0.110866 0.207074 0.139330 0.215509 0.134446 0.231988 0.105983 0.223553
0 0.138948 0.210991 0.146759 0.210886 0.146990 0.228072 0.139178 0.228177
0 0.146684 0.211259 0.174801 0.210621 0.175191 0.227804 0.147074 0.228442
0 0.182601 0.208943 0.210091 0.214882 0.206462 0.231682 0.178971 0.225743
0 0.207982 0.210328 0.235960 0.213200 0.234205 0.230297 0.206227 0.227425
0 0.222963 0.213451 0.250679 0.208674 0.253599 0.225611 0.225883 0.230389
0 0.247149 0.210504 0.275261 0.211379 0.274726 0.228558 0.246614 0.227683
0 0.265040 0.208849 0.307011 0.213114 0.305273 0.230214 0.263302 0.225948
0 0.300835 0.210482 0.328845 0.213026 0.327290 0.230143 0.299280 0.227599
0 0.317560 0.206075 0.358486 0.216314 0.354315 0.232988 0.313389 0.222748
0 0.349698 0.213167 0.379075 0.208888 0.381552 0.225896 0.352175 0.230175
0 0.371289 0.213327 0.413358 0.210159 0.414648 0.227298 0.372580 0.230466
0 0.393589 0.214550 0.435414 0.209035 0.437661 0.226075 0.395836 0.231590
0 0.433994 0.208853 0.464651 0.214911 0.461319 0.231772 0.430662 0.225714
0 0.462430 0.213299 0.490388 0.210240 0.492257 0.227326 0.464299 0.230385
0 0.482537 0.213386 0.505759 0.210210 0.508088 0.227239 0.484866 0.230415
0 0.493399 0.213433 0.524280 0.208645 0.526913 0.225630 0.496032 0.230417
0 0.522146 0.210300 0.564314 0.211583 0.563791 0.228763 0.521623 0.227479
0 0.553807 0.210204 0.595883 0.213279 0.594630 0.230421 0.552555 0.227346
0 0.585510 0.211553 0.608916 0.210345 0.609803 0.227509 0.586396 0.228718
0 0.610201 0.208679 0.637553 0.215231 0.633549 0.231946 0.606197 0.225394
0 0.633066 0.210492 0.664303 0.211390 0.663809 0.228570 0.632572 0.227673
0 0.650826 0.212826 0.674166 0.210684 0.675736 0.227799 0.652397 0.229941
0 0.680470 0.213234 0.710011 0.210288 0.711717 0.227391 0.682176 0.230337
0 0.712004 0.212588 0.740078 0.210881 0.741121 0.228037 0.713047 0.229744
0 0.748712 0.210818 0.756521 0.211066 0.755975 0.228245 0.748166 0.227997
0 0.761134 0.210607 0.790814 0.211272 0.790429 0.228456 0.760749 0.227790
0 0.781411 0.210652 0.812655 0.211226 0.812339 0.228411 0.781095 0.227836
0 0.808782 0.209233 0.838003 0.214474 0.834968 0.231392 0.805747 0.226151
0 0.839861 0.215253 0.868798 0.208619 0.872639 0.225372 0.843702 0.232006
0 0.858881 0.213049 0.900987 0.210422 0.902057 0.227576 0.859951 0.230203
0 0.893853 0.210689 0.936037 0.211187 0.935835 0.228373 0.893650 0.227876
1 0.049263 0.232056 0.069035 0.236712 0.055424 0.294506 0.035653 0.289850
1 0.046353 0.238713 0.065754 0.232699 0.083335 0.289412 0.063933 0.295426
0 0.041870 0.272432 0.076227 0.271328 0.076880 0.291630 0.042523 0.292734
1 0.098459 0.232726 0.117321 0.240263 0.095291 0.295399 0.076429 0.287862
1 0.088893 0.239201 0.112845 0.232038 0.129857 0.288924 0.105905 0.296087
0 0.089283 0.271396 0.117287 0.274004 0.115404 0.294229 0.087400 0.291621
1 0.135549 0.232053 0.157023 0.236224 0.145701 0.294510 0.124227 0.290338
1 0.135864 0.237381 0.150747 0.232625 0.168824 0.289181 0.153940 0.293938
0 0.127855 0.275965 0.161364 0.268297 0.165895 0.288097 0.132386 0.295766
1 0.184091 0.232690 0.203203 0.239568 0.183097 0.295435 0.163984 0.288557
1 0.182134 0.236354 0.197297 0.232586 0.211616 0.290208 0.196453 0.293977
1 0.228357 0.232702 0.247354 0.239894 0.226330 0.295423 0.207334 0.288231
1 0.222843 0.238003 0.239096 0.232413 0.258407 0.288560 0.242154 0.294150
0 0.215510 0.273574 0.249726 0.270270 0.251678 0.290489 0.217462 0.293792
1 0.270289 0.232464 0.291168 0.238988 0.273461 0.295661 0.252582 0.289137
1 0.266805 0.237752 0.288074 0.232641 0.301945 0.290373 0.280676 0.295484
0 0.271605 0.272430 0.280927 0.271435 0.283083 0.291633 0.273761 0.292628
1 0.315960 0.232444 0.336207 0.240726 0.313727 0.295681 0.293481 0.287399
1 0.308766 0.239039 0.329628 0.232460 0.347484 0.289086 0.326622 0.295665
1 0.359631 0.232703 0.378622 0.239910 0.357556 0.295422 0.338565 0.288215
1 0.350947 0.239668 0.371589 0.232428 0.391241 0.288457 0.370598 0.295697
0 0.347014 0.271622 0.384511 0.272130 0.384236 0.292441 0.346739 0.291933
1 0.406586 0.232342 0.423727 0.239941 0.399664 0.294221 0.382523 0.286622
1 0.396217 0.238938 0.413717 0.232207 0.435033 0.287624 0.417533 0.294355
0 0.384727 0.270221 0.434480 0.275192 0.432460 0.295404 0.382708 0.290433
1 0.442269 0.232079 0.466299 0.238976 0.449919 0.296046 0.425889 0.289149
1 0.437273 0.239848 0.460691 0.231096 0.481477 0.286714 0.458059 0.295466
0 0.435070 0.271467 0.472492 0.273888 0.471180 0.294158 0.433758 0.291737
1 0.487542 0.231152 0.511217 0.239182 0.492146 0.295411 0.468470 0.287381
1 0.482599 0.239211 0.500004 0.232237 0.522088 0.287352 0.504683 0.294326
1 0.535791 0.232453 0.551919 0.238394 0.531396 0.294109 0.515268 0.288168
1 0.524605 0.239284 0.548242 0.231141 0.567582 0.287278 0.543946 0.295421
1 0.580300 0.232289 0.597563 0.239608 0.574388 0.294273 0.557125 0.286955
1 0.571251 0.238310 0.588964 0.232161 0.608437 0.288252 0.590724 0.294401
1 0.621623 0.232425 0.642209 0.239824 0.622127 0.295700 0.601541 0.288301
1 0.613904 0.239165 0.631325 0.232231 0.653283 0.287397 0.635862 0.294331
0 0.614452 0.271206 0.642415 0.274224 0.640235 0.294419 0.612272 0.291401
1 0.662136 0.232803 0.681850 0.237695 0.667552 0.295322 0.647837 0.290430
1 0.659064 0.238953 0.675007 0.232533 0.697186 0.287610 0.681243 0.294030
1 0.711324 0.232210 0.728815 0.238964 0.707426 0.294353 0.689935 0.287598
1 0.705764 0.237150 0.720713 0.232605 0.737986 0.289412 0.723037 0.293958
1 0.750074 0.231150 0.773741 0.239203 0.754614 0.295413 0.730946 0.287359
1 0.744696 0.240336 0.765092 0.232429 0.786554 0.287789 0.766158 0.295696
1 0.796790 0.232149 0.814685 0.237746 0.796960 0.294414 0.779065 0.288817
1 0.790128 0.239282 0.809340 0.232686 0.828622 0.288843 0.809410 0.295439
0 0.785376 0.273673 0.819693 0.271674 0.820874 0.291952 0.786557 0.293951
1 0.844131 0.233665 0.858538 0.239713 0.835557 0.294460 0.821149 0.288412
1 0.836898 0.236752 0.851958 0.232585 0.867789 0.289811 0.852730 0.293977
1 0.884275 0.232382 0.900675 0.237524 0.882912 0.294180 0.866512 0.289038
1 0.880591 0.236785 0.895641 0.232586 0.911597 0.289777 0.896546 0.293976
1 0.076530 0.319686 0.094111 0.326205 0.073470 0.381876 0.055889 0.375358
1 0.070090 0.325498 0.084790 0.320203 0.104910 0.376065 0.090210 0.381360
0 0.074896 0.360326 0.084133 0.358723 0.087604 0.378737 0.078367 0.380339
1 0.114869 0.319558 0.134644 0.324202 0.121068 0.382004 0.101294 0.377360
1 0.112431 0.325980 0.130087 0.319670 0.150069 0.375582 0.132413 0.381892
0 0.107404 0.360100 0.141749 0.358668 0.142596 0.378963 0.108251 0.380395
1 0.164765 0.320268 0.183459 0.328213 0.160235 0.382857 0.141541 0.374912
1 0.158608 0.324580 0.175139 0.319875 0.191392 0.376983 0.174861 0.381687
0 0.151425 0.359600 0.184235 0.359152 0.184512 0.379462 0.151703 0.379911
1 0.208754 0.320185 0.223489 0.325381 0.203746 0.381377 0.189011 0.376182
1 0.198304 0.326646 0.215732 0.319729 0.237634 0.374917 0.220206 0.381833
0 0.207676 0.359439 0.217050 0.359313 0.217324 0.379623 0.207950 0.379750
1 0.250032 0.320196 0.269074 0.327267 0.248406 0.382929 0.229363 0.375858
1 0.240379 0.328113 0.257267 0.319969 0.283059 0.373449 0.266170 0.381594
0 0.231827 0.358838 0.281756 0.361504 0.280673 0.381787 0.230744 0.379121
1 0.291300 0.320282 0.310973 0.325336 0.296200 0.382843 0.276527 0.377789
1 0.285459 0.327394 0.304456 0.320202 0.325478 0.375731 0.306482 0.382923
0 0.275884 0.355981 0.325393 0.362969 0.322554 0.383082 0.273045 0.376094
1 0.336941 0.319880 0.353534 0.324360 0.338059 0.381683 0.321466 0.377203
1 0.329236 0.328039 0.347996 0.320250 0.370764 0.375086 0.352004 0.382875
1 0.378104 0.318724 0.401982 0.326128 0.384396 0.382839 0.360518 0.375435
1 0.371124 0.327109 0.394636 0.318613 0.414814 0.374454 0.391302 0.382950
0 0.384598 0.358729 0.393838 0.360314 0.390402 0.380334 0.381162 0.378748
1 0.428209 0.321125 0.442675 0.327032 0.420228 0.382000 0.405763 0.376093
1 0.421725 0.324446 0.436731 0.320093 0.453275 0.377116 0.438269 0.381470
1 0.466710 0.320211 0.486178 0.326010 0.469227 0.382914 0.449760 0.377115
1 0.465049 0.324196 0.483255 0.319713 0.497451 0.377366 0.479245 0.381849
1 0.510721 0.320236 0.530282 0.325711 0.514279 0.382889 0.494718 0.377414
1 0.505728 0.326802 0.524932 0.320186 0.544272 0.376323 0.525068 0.382939
0 0.494666 0.357362 0.544498 0.361456 0.542834 0.381701 0.493002 0.377606
1 0.556134 0.320186 0.575377 0.326690 0.556366 0.382939 0.537123 0.376435
1 0.549954 0.327291 0.564336 0.321183 0.587546 0.375834 0.573164 0.381942
0 0.543532 0.361297 0.577705 0.357573 0.579905 0.377766 0.545733 0.381490
1 0.599765 0.319650 0.617687 0.325161 0.600235 0.381913 0.582313 0.376402
1 0.591739 0.328037 0.610500 0.320250 0.633261 0.375088 0.614500 0.382875
0 0.589806 0.358993 0.624098 0.361368 0.622694 0.381632 0.588402 0.379257
1 0.644018 0.320203 0.663006 0.327417 0.641920 0.382922 0.622931 0.375708
1 0.634310 0.327944 0.651263 0.319934 0.676628 0.373618 0.659675 0.381628
0 0.630980 0.359890 0.668466 0.358868 0.669020 0.379173 0.631534 0.380195
1 0.689071 0.320173 0.703833 0.325296 0.684366 0.381389 0.669605 0.376267
1 0.682732 0.324876 0.700741 0.319657 0.717268 0.376686 0.699259 0.381905
0 0.670116 0.355963 0.719354 0.364660 0.715821 0.384662 0.666583 0.375965
1 0.733746 0.320185 0.748483 0.325377 0.728754 0.381378 0.714017 0.376186
1 0.726543 0.325108 0.742918 0.319886 0.760957 0.376455 0.744582 0.381676
0 0.720989 0.359090 0.755295 0.361263 0.754011 0.381535 0.719705 0.379362
1 0.777053 0.320253 0.795800 0.328071 0.772947 0.382872 0.754200 0.375054
1 0.768419 0.326326 0.789353 0.319979 0.806581 0.376799 0.785647 0.383146
1 0.818375 0.320188 0.837507 0.327011 0.817563 0.382937 0.798430 0.376114
1 0.812388 0.326013 0.830033 0.319672 0.850112 0.375549 0.832467 0.381890
1 0.863737 0.319900 0.880042 0.325336 0.861263 0.381663 0.844958 0.376227
1 0.855889 0.325616 0.873666 0.319654 0.892548 0.375946 0.874771 0.381909
0 0.851561 0.359377 0.885936 0.359373 0.885939 0.379686 0.851564 0.379689
1 0.049870 0.407592 0.071065 0.413003 0.056380 0.470533 0.035185 0.465122
1 0.046481 0.414203 0.065719 0.407686 0.084769 0.463922 0.065531 0.470439
0 0.034683 0.445305 0.084453 0.450101 0.082504 0.470320 0.032735 0.465524
1 0.097441 0.407715 0.116360 0.415109 0.094746 0.470410 0.075827 0.463016
1 0.087401 0.414729 0.110866 0.406104 0.131349 0.461834 0.107884 0.470459
1 0.140054 0.407376 0.156531 0.412267 0.139633 0.469187 0.123157 0.464295
1 0.135576 0.412841 0.151879 0.407400 0.170674 0.463722 0.154371 0.469162
0 0.122459 0.444791 0.172113 0.450662 0.169728 0.470834 0.120074 0.464963
1 0.182799 0.407696 0.202178 0.413782 0.184389 0.470429 0.165009 0.464343
1 0.172938 0.416727 0.195565 0.406096 0.220812 0.459836 0.198185 0.470466
1 0.229141 0.407636 0.243993 0.412490 0.225546 0.468927 0.210695 0.464072
1 0.218038 0.415720 0.236427 0.407091 0.261649 0.460843 0.243261 0.469471
0 0.215824 0.446516 0.253317 0.447238 0.252926 0.467546 0.215433 0.466825
1 0.271953 0.407686 0.291155 0.414308 0.271797 0.470439 0.252595 0.463817
1 0.263555 0.415240 0.283987 0.407427 0.305195 0.462885 0.284763 0.470698
0 0.261039 0.446706 0.295412 0.447045 0.295211 0.467357 0.260838 0.467017
1 0.313347 0.407185 0.331477 0.411965 0.316341 0.469378 0.298210 0.464598
1 0.310404 0.412685 0.328318 0.407149 0.345846 0.463878 0.327932 0.469413
0 0.297132 0.444622 0.346921 0.449214 0.345056 0.469440 0.295267 0.464849
1 0.359632 0.407703 0.378623 0.414911 0.357555 0.470422 0.338564 0.463214
1 0.354457 0.412482 0.369311 0.407635 0.387731 0.464080 0.372877 0.468928
0 0.361374 0.446397 0.370685 0.447492 0.368313 0.467665 0.359002 0.466571
1 0.401793 0.406097 0.425216 0.414838 0.404457 0.470465 0.381034 0.461725
1 0.397975 0.412633 0.412784 0.407652 0.431713 0.463929 0.416903 0.468910
0 0.391712 0.448509 0.426045 0.446828 0.427038 0.467116 0.392705 0.468797
1 0.448749 0.407262 0.466082 0.414413 0.443438 0.469300 0.426106 0.462150
1 0.440280 0.413385 0.456411 0.407452 0.476907 0.463177 0.460776 0.469110
0 0.426322 0.450669 0.475975 0.444785 0.478365 0.464956 0.428713 0.470840
1 0.492172 0.407724 0.511044 0.415239 0.489078 0.470401 0.470206 0.462886
1 0.485709 0.412749 0.502041 0.407394 0.520541 0.463813 0.504209 0.469169
1 0.534368 0.407686 0.553588 0.414256 0.534382 0.470439 0.515162 0.463869
1 0.527698 0.413165 0.545459 0.407155 0.564489 0.463398 0.546728 0.469407
0 0.523891 0.446144 0.558234 0.447625 0.557359 0.467919 0.523016 0.466437
1 0.580148 0.407751 0.598903 0.415551 0.576102 0.470374 0.557347 0.462574
1 0.574835 0.411713 0.591469 0.407386 0.606415 0.464850 0.589781 0.469176
0 0.579722 0.446859 0.589097 0.446891 0.589028 0.467203 0.579653 0.467172
1 0.619801 0.407175 0.637900 0.412075 0.622386 0.469387 0.604288 0.464488
1 0.615428 0.412998 0.633243 0.407151 0.651759 0.463565 0.633944 0.469412
0 0.602821 0.447657 0.652797 0.446103 0.653429 0.466406 0.603453 0.467960
1 0.664814 0.407375 0.681328 0.412138 0.664874 0.469188 0.648359 0.464424
1 0.656053 0.415567 0.672959 0.407459 0.698635 0.460995 0.681729 0.469103
1 0.710582 0.407399 0.726893 0.412819 0.708168 0.469164 0.691857 0.463744
1 0.704238 0.412625 0.719050 0.407651 0.737950 0.463938 0.723137 0.468911
0 0.698356 0.447014 0.732730 0.446737 0.732894 0.467048 0.698520 0.467326
1 0.752511 0.407155 0.770498 0.412447 0.753739 0.469408 0.735752 0.464115
1 0.749593 0.411858 0.766187 0.407380 0.781657 0.464705 0.765063 0.469182
1 0.798868 0.407213 0.816349 0.413992 0.794882 0.469350 0.777401 0.462571
1 0.790007 0.413784 0.809386 0.407696 0.827181 0.464341 0.807802 0.470429
0 0.784021 0.451235 0.817418 0.443093 0.822229 0.462828 0.788832 0.470969
1 0.842891 0.407768 0.861585 0.415714 0.838359 0.470357 0.819665 0.462411
1 0.833806 0.413747 0.853197 0.407697 0.870881 0.464378 0.851490 0.470428
1 0.888122 0.407375 0.905192 0.415132 0.880628 0.469188 0.863558 0.461431
1 0.877592 0.413721 0.896991 0.407699 0.914595 0.464404 0.895196 0.470426
1 0.074585 0.494651 0.092539 0.500059 0.075415 0.556911 0.057461 0.551503
1 0.064881 0.502847 0.088099 0.493575 0.110119 0.548716 0.086901 0.557987
1 0.119004 0.495187 0.138169 0.501917 0.118496 0.557938 0.099331 0.551208
1 0.112309 0.501074 0.129934 0.494677 0.150191 0.550489 0.132566 0.556886
0 0.107442 0.535029 0.141793 0.533735 0.142558 0.554033 0.108207 0.555327
1 0.156997 0.494824 0.181357 0.500447 0.168003 0.558301 0.143643 0.552678
1 0.152731 0.504089 0.172634 0.495013 0.197269 0.549036 0.177366 0.558112
0 0.151968 0.533718 0.186317 0.535047 0.185532 0.555344 0.151183 0.554016
1 0.205486 0.493579 0.228751 0.502731 0.207014 0.557984 0.183749 0.548831
1 0.199441 0.501044 0.215520 0.494972 0.236497 0.550518 0.220418 0.556590
0 0.208125 0.534237 0.217495 0.534523 0.216875 0.554826 0.207505 0.554540
1 0.250254 0.495187 0.269419 0.501917 0.249746 0.557938 0.230581 0.551208
1 0.243188 0.501833 0.262382 0.495186 0.281812 0.551292 0.262618 0.557939
0 0.239291 0.533614 0.273520 0.536785 0.271646 0.557011 0.237418 0.553840
1 0.294257 0.495212 0.313190 0.502571 0.291680 0.557913 0.272748 0.550554
1 0.285296 0.502530 0.304243 0.495210 0.325642 0.550595 0.306694 0.557915
0 0.283562 0.533983 0.317853 0.536378 0.316438 0.556642 0.282147 0.554247
1 0.340484 0.495019 0.356455 0.501370 0.334516 0.556543 0.318545 0.550192
1 0.329086 0.502496 0.348046 0.495208 0.369351 0.550629 0.350392 0.557917
0 0.327239 0.534090 0.361545 0.536263 0.360261 0.556535 0.325955 0.554362
1 0.380945 0.495189 0.400062 0.502055 0.379993 0.557936 0.360876 0.551070
1 0.374221 0.502004 0.393356 0.495188 0.413279 0.551121 0.394144 0.557937
0 0.370101 0.534741 0.404469 0.534013 0.404899 0.554321 0.370531 0.555049
1 0.426612 0.494741 0.444004 0.501744 0.421826 0.556822 0.404433 0.549818
1 0.420267 0.500125 0.436637 0.494887 0.454733 0.551437 0.438363 0.556676
0 0.428362 0.533725 0.437600 0.535322 0.434138 0.555338 0.424900 0.553740
1 0.466321 0.493612 0.489828 0.502122 0.469617 0.557951 0.446110 0.549441
1 0.459128 0.501653 0.482814 0.493655 0.501810 0.549909 0.478124 0.557908
0 0.457693 0.534580 0.492066 0.534172 0.492307 0.554483 0.457934 0.554891
1 0.512336 0.495186 0.531589 0.501661 0.512664 0.557939 0.493411 0.551464
1 0.504296 0.501105 0.528182 0.493727 0.545704 0.550458 0.521818 0.557835
1 0.554728 0.494961 0.575594 0.501527 0.557772 0.558164 0.536906 0.551598
1 0.551135 0.500597 0.570731 0.495248 0.586365 0.552528 0.566769 0.557877
1 0.598109 0.495205 0.617548 0.501096 0.600329 0.557920 0.580889 0.552029
1 0.594722 0.500217 0.609507 0.495163 0.628715 0.551345 0.613930 0.556400
1 0.640495 0.493734 0.664398 0.501058 0.647005 0.557828 0.623102 0.550505
1 0.637308 0.500656 0.658457 0.495066 0.673630 0.552469 0.652481 0.558059
0 0.631149 0.538545 0.663334 0.532156 0.667288 0.552080 0.635104 0.558469
1 0.686926 0.495191 0.706262 0.501413 0.688074 0.557934 0.668738 0.551712
1 0.679287 0.501112 0.703171 0.493726 0.720713 0.550451 0.696829 0.557837
0 0.675077 0.534235 0.712575 0.534516 0.712423 0.554827 0.674925 0.554547
1 0.729223 0.495211 0.748688 0.501017 0.731714 0.557914 0.712249 0.552108
1 0.726222 0.500052 0.744178 0.494652 0.761278 0.551511 0.743322 0.556911
0 0.720529 0.534017 0.754897 0.534738 0.754471 0.555046 0.720103 0.554325
1 0.772080 0.493702 0.795906 0.501275 0.777920 0.557860 0.754094 0.550287
1 0.766814 0.502308 0.785842 0.495198 0.806624 0.550817 0.787596 0.557927
1 0.823614 0.496252 0.837904 0.502572 0.813886 0.556873 0.799596 0.550553
1 0.810824 0.502097 0.829926 0.495190 0.850114 0.551028 0.831011 0.557935
0 0.809969 0.532174 0.843760 0.538484 0.840031 0.558451 0.806240 0.552141
1 0.863829 0.494677 0.881451 0.501081 0.861171 0.556885 0.843549 0.550481
1 0.855935 0.501642 0.875194 0.495186 0.894065 0.551483 0.874806 0.557939
0 0.853763 0.532123 0.887533 0.538547 0.883737 0.558502 0.849967 0.552078
1 0.051347 0.582702 0.070765 0.588662 0.053341 0.645423 0.033923 0.639463
1 0.046723 0.587966 0.064548 0.582150 0.082965 0.638596 0.065140 0.644412
1 0.100191 0.582763 0.114783 0.588348 0.093559 0.643800 0.078967 0.638215
1 0.091647 0.588174 0.111220 0.582740 0.127103 0.639951 0.107530 0.645385
1 0.138556 0.582175 0.156654 0.587077 0.141131 0.644387 0.123033 0.639485
1 0.132378 0.589858 0.151387 0.582700 0.172310 0.638267 0.153300 0.645425
0 0.132849 0.621824 0.160974 0.621926 0.160901 0.642238 0.132776 0.642137
1 0.184392 0.582686 0.203608 0.589271 0.184358 0.645439 0.165142 0.638854
1 0.175987 0.589635 0.196642 0.582429 0.216200 0.638490 0.195546 0.645696
1 0.228247 0.582686 0.247441 0.589336 0.228003 0.645439 0.208809 0.638789
1 0.219919 0.589824 0.238940 0.582699 0.259769 0.638301 0.240747 0.645426
0 0.216398 0.621344 0.253802 0.624020 0.252352 0.644281 0.214948 0.641605
1 0.274611 0.582705 0.289307 0.588013 0.269139 0.643857 0.254443 0.638550
1 0.265350 0.589112 0.284619 0.582687 0.303400 0.639013 0.284131 0.645438
0 0.261570 0.619795 0.295672 0.624117 0.293118 0.644268 0.259016 0.639946
1 0.313387 0.582183 0.331511 0.586986 0.316301 0.644380 0.298176 0.639576
1 0.307480 0.589437 0.328205 0.582436 0.347207 0.638688 0.326483 0.645689
0 0.316428 0.622261 0.325775 0.621548 0.327322 0.641801 0.317975 0.642515
1 0.357901 0.582693 0.377260 0.588842 0.359287 0.645432 0.339927 0.639283
1 0.351503 0.589553 0.370621 0.582689 0.390684 0.638572 0.371567 0.645436
0 0.360732 0.621972 0.370105 0.621782 0.370518 0.642090 0.361145 0.642281
1 0.401457 0.582698 0.420854 0.588728 0.403230 0.645427 0.383833 0.639397
1 0.396125 0.588881 0.415472 0.582692 0.433562 0.639244 0.414216 0.645433
0 0.388828 0.624030 0.426094 0.619847 0.428359 0.640033 0.391093 0.644215
1 0.448134 0.582651 0.462946 0.587623 0.444054 0.643912 0.429241 0.638940
1 0.441800 0.588070 0.461404 0.582751 0.476950 0.640055 0.457346 0.645374
0 0.439615 0.621150 0.467702 0.622628 0.466635 0.642912 0.438548 0.641435
1 0.491655 0.581086 0.514374 0.591519 0.489595 0.645477 0.466876 0.635043
1 0.484084 0.588346 0.500228 0.582447 0.520603 0.638217 0.504460 0.644115
0 0.480481 0.619589 0.514524 0.624358 0.511706 0.644474 0.477663 0.639705
1 0.536818 0.582680 0.551564 0.587847 0.531932 0.643882 0.517186 0.638716
1 0.527665 0.589253 0.546887 0.582686 0.566085 0.638872 0.546863 0.645439
0 0.525687 0.619568 0.559433 0.626117 0.555563 0.646057 0.521817 0.639508
1 0.577786 0.582152 0.595584 0.588052 0.576901 0.644411 0.559104 0.638511
1 0.570208 0.589589 0.589313 0.582690 0.609479 0.638536 0.590374 0.645435
0 0.566980 0.618664 0.603866 0.625418 0.600208 0.645398 0.563321 0.638644
1 0.623306 0.582616 0.638215 0.587293 0.620444 0.643946 0.605535 0.639270
1 0.616715 0.588127 0.636302 0.582745 0.652035 0.639998 0.632448 0.645380
1 0.663503 0.582714 0.682985 0.588462 0.666185 0.645411 0.646702 0.639663
1 0.657396 0.590508 0.676168 0.582747 0.698854 0.637617 0.680082 0.645378
0 0.654519 0.622166 0.688889 0.621587 0.689231 0.641897 0.654861 0.642475
1 0.703945 0.582188 0.728145 0.588462 0.713243 0.645937 0.689043 0.639663
1 0.704554 0.587900 0.724208 0.582773 0.739196 0.640225 0.719542 0.645352
1 0.752933 0.582686 0.772192 0.589144 0.753317 0.645439 0.734058 0.638981
1 0.745124 0.590310 0.763969 0.582730 0.786126 0.637815 0.767281 0.645395
0 0.743012 0.621432 0.775728 0.623940 0.774176 0.644193 0.741459 0.641685
1 0.793022 0.582055 0.812792 0.586717 0.799165 0.644507 0.779395 0.639845
1 0.790278 0.589167 0.809529 0.582686 0.828472 0.638958 0.809221 0.645439
0 0.783867 0.625252 0.817880 0.620275 0.820821 0.640373 0.786808 0.645350
1 0.837508 0.582511 0.858537 0.588537 0.842179 0.645614 0.821151 0.639588
1 0.835196 0.587568 0.851583 0.582384 0.869492 0.638994 0.853104 0.644178
1 0.882637 0.582439 0.903383 0.589377 0.884550 0.645686 0.863805 0.638748
1 0.877670 0.588185 0.895424 0.582156 0.914517 0.638377 0.896763 0.644407
0 0.874118 0.619733 0.908203 0.624188 0.905570 0.644329 0.871485 0.639874
0 0.058431 0.646483 0.086257 0.650574 0.083757 0.667579 0.055931 0.663488
0 0.083542 0.648304 0.106903 0.650189 0.105521 0.667321 0.082159 0.665436
0 0.112401 0.650180 0.141896 0.646806 0.143849 0.663883 0.114354 0.667256
0 0.139578 0.646415 0.170545 0.650616 0.168234 0.667647 0.137268 0.663447
0 0.162066 0.651006 0.191347 0.646105 0.194184 0.663057 0.164903 0.667957
0 0.195746 0.647765 0.223838 0.649130 0.223004 0.666297 0.194912 0.664932
0 0.218368 0.644701 0.248562 0.652755 0.244132 0.669362 0.213938 0.661307
0 0.238628 0.652437 0.280105 0.644727 0.283247 0.661625 0.241770 0.669335
0 0.268075 0.647772 0.299184 0.650743 0.297550 0.667853 0.266441 0.664882
0 0.288083 0.648282 0.317709 0.650191 0.316604 0.667343 0.286978 0.665434
0 0.317395 0.648088 0.347075 0.648792 0.346667 0.665975 0.316988 0.665271
0 0.334256 0.648635 0.362379 0.648242 0.362619 0.665428 0.334496 0.665821
0 0.352860 0.649118 0.395026 0.647765 0.395577 0.664944 0.353411 0.666297
0 0.377624 0.644858 0.419152 0.652285 0.416126 0.669205 0.374598 0.661777
0 0.398351 0.648596 0.429600 0.648279 0.429774 0.665466 0.398525 0.665783
0 0.420738 0.647777 0.448831 0.649118 0.448012 0.666285 0.419919 0.664945
0 0.438330 0.650519 0.480319 0.646436 0.481983 0.663543 0.439993 0.667626
0 0.475745 0.648137 0.483529 0.648801 0.482068 0.665926 0.474283 0.665262
0 0.499227 0.648043 0.527248 0.650458 0.525773 0.667582 0.497752 0.665167
0 0.523440 0.648434 0.553127 0.648441 0.553123 0.665629 0.523435 0.665621
0 0.554159 0.650205 0.583783 0.648269 0.584904 0.665420 0.555280 0.667356
0 0.577741 0.649100 0.605836 0.647794 0.606634 0.664963 0.578539 0.666269
0 0.594806 0.653587 0.636150 0.645194 0.639569 0.662038 0.598225 0.670431
0 0.619553 0.650608 0.647548 0.647909 0.649197 0.665017 0.621202 0.667716
0 0.651255 0.652816 0.678206 0.644776 0.683120 0.661246 0.656169 0.669287
0 0.669872 0.651804 0.699147 0.646872 0.702003 0.663821 0.672728 0.668753
0 0.692290 0.648190 0.734475 0.648686 0.734272 0.665872 0.692088 0.665376
0 0.743078 0.648776 0.750866 0.648154 0.752234 0.665287 0.744447 0.665909
0 0.771503 0.646253 0.794460 0.650975 0.790997 0.667810 0.768040 0.663088
0 0.802235 0.646313 0.831588 0.650756 0.829015 0.667750 0.799662 0.663307
0 0.819733 0.652004 0.847361 0.646738 0.850579 0.663621 0.822952 0.668887
0 0.835804 0.651945 0.877655 0.646630 0.879821 0.663680 0.837970 0.668995
0 0.871325 0.644936 0.912883 0.652196 0.909925 0.669127 0.868367 0.661867
0 0.891518 0.650496 0.921101 0.648002 0.922544 0.665129 0.892962 0.667623
0 0.915378 0.650833 0.938613 0.647753 0.940872 0.664792 0.917637 0.667872
1 0.074791 0.670191 0.093887 0.677115 0.073647 0.732934 0.054551 0.726010
1 0.068595 0.675468 0.086419 0.669650 0.104843 0.726094 0.087018 0.731912
1 0.118210 0.670190 0.137539 0.676433 0.119290 0.732935 0.099961 0.726692
1 0.112476 0.677274 0.126863 0.671179 0.150024 0.725851 0.135637 0.731946
1 0.162168 0.670189 0.181291 0.677039 0.161269 0.732936 0.142146 0.726086
1 0.153951 0.677149 0.171199 0.669795 0.194486 0.724413 0.177239 0.731767
1 0.206733 0.670211 0.225672 0.677555 0.204204 0.732914 0.185266 0.725570
1 0.198024 0.676123 0.221904 0.668724 0.239476 0.725440 0.215596 0.732838
0 0.194889 0.710128 0.229232 0.708641 0.230111 0.728934 0.195768 0.730422
1 0.249515 0.669650 0.267340 0.675466 0.248922 0.731912 0.231097 0.726096
1 0.245045 0.675276 0.261369 0.669896 0.279955 0.726287 0.263631 0.731667
0 0.239448 0.708749 0.273800 0.710015 0.273052 0.730314 0.238700 0.729047
1 0.295700 0.670305 0.314274 0.678528 0.290237 0.732820 0.271664 0.724597
1 0.287100 0.676124 0.306531 0.670204 0.323837 0.727001 0.304407 0.732921
0 0.283483 0.709099 0.317790 0.711254 0.316517 0.731526 0.282210 0.729371
1 0.337865 0.670207 0.356831 0.677479 0.335573 0.732918 0.316607 0.725646
1 0.330773 0.676437 0.351670 0.669968 0.369227 0.726688 0.348330 0.733157
0 0.327947 0.711638 0.355926 0.708779 0.357991 0.728987 0.330011 0.731846
1 0.384257 0.670231 0.398905 0.675668 0.378243 0.731332 0.363595 0.725894
1 0.373360 0.677255 0.390569 0.669812 0.414140 0.724307 0.396931 0.731751
1 0.424700 0.669650 0.442633 0.675124 0.425300 0.731912 0.407367 0.726439
1 0.419710 0.674706 0.437770 0.669666 0.453728 0.726857 0.435668 0.731896
0 0.417318 0.709197 0.445440 0.709554 0.445182 0.729865 0.417060 0.729508
1 0.467983 0.670083 0.483092 0.674067 0.467954 0.731480 0.452846 0.727496
1 0.465614 0.673916 0.480762 0.670084 0.495323 0.727646 0.480175 0.731478
0 0.470678 0.709214 0.480047 0.709549 0.479322 0.729848 0.469953 0.729514
1 0.513983 0.670167 0.528759 0.675247 0.509455 0.731396 0.494679 0.726316
1 0.505905 0.676665 0.525157 0.670186 0.544095 0.726460 0.524843 0.732939
1 0.553992 0.670267 0.573635 0.675442 0.558508 0.732858 0.538865 0.727683
1 0.549585 0.675656 0.567348 0.669655 0.586353 0.725906 0.568589 0.731908
0 0.544835 0.711012 0.579168 0.709325 0.580165 0.729613 0.545832 0.731300
1 0.601214 0.669672 0.618860 0.676011 0.598786 0.731890 0.581140 0.725551
1 0.590217 0.677520 0.613567 0.668587 0.634783 0.724042 0.611433 0.732975
1 0.640370 0.668747 0.664302 0.675977 0.647130 0.732815 0.623198 0.725585
1 0.636926 0.677709 0.651171 0.671287 0.675574 0.725416 0.661329 0.731838
0 0.624882 0.709670 0.674879 0.709082 0.675118 0.729393 0.625121 0.729981
1 0.690154 0.670276 0.704725 0.675918 0.683283 0.731287 0.668713 0.725644
1 0.681143 0.676009 0.698790 0.669672 0.718857 0.725553 0.701210 0.731890
0 0.674220 0.713452 0.708022 0.707199 0.711717 0.727173 0.677916 0.733426
1 0.734979 0.669977 0.751852 0.678154 0.725958 0.731585 0.709085 0.723408
1 0.725926 0.675249 0.740701 0.670167 0.760012 0.726314 0.745236 0.731396
1 0.777138 0.670259 0.795864 0.678128 0.772862 0.732866 0.754136 0.724997
1 0.766818 0.677304 0.785847 0.670198 0.806619 0.725821 0.787591 0.732927
0 0.763376 0.711420 0.797661 0.708945 0.799124 0.729205 0.764839 0.731680
1 0.819429 0.670091 0.834448 0.674400 0.818071 0.731472 0.803052 0.727162
1 0.811721 0.676536 0.829187 0.669717 0.850779 0.725027 0.833313 0.731845
0 0.808582 0.708954 0.842869 0.711410 0.841418 0.731671 0.807131 0.729215
1 0.860381 0.670257 0.880000 0.675519 0.864619 0.732868 0.845000 0.727606
1 0.857053 0.675342 0.874918 0.669649 0.892947 0.726220 0.875082 0.731914
1 0.051377 0.757701 0.070789 0.763680 0.053311 0.820424 0.033898 0.814445
1 0.044747 0.763751 0.068581 0.756205 0.086503 0.812811 0.062669 0.820357
1 0.098885 0.757214 0.116363 0.764002 0.094865 0.819349 0.077387 0.812560
1 0.087372 0.765913 0.105684 0.757122 0.131378 0.810650 0.113066 0.819440
1 0.139334 0.757451 0.160151 0.764169 0.141916 0.820674 0.121099 0.813956
1 0.132375 0.763787 0.156468 0.757116 0.172312 0.814338 0.148219 0.821009
1 0.185951 0.756108 0.208490 0.766925 0.182799 0.820454 0.160260 0.809637
1 0.176359 0.764669 0.195436 0.757693 0.215828 0.813456 0.196751 0.820432
0 0.169891 0.800289 0.207046 0.795211 0.209796 0.815336 0.172642 0.820414
1 0.224008 0.757693 0.245344 0.762521 0.232242 0.820432 0.210906 0.815604
1 0.220223 0.764766 0.237428 0.757313 0.261027 0.811797 0.243822 0.819249
0 0.217487 0.796384 0.251848 0.797375 0.251263 0.817679 0.216902 0.816688
1 0.273300 0.757454 0.289426 0.763399 0.268888 0.819109 0.252761 0.813163
1 0.262020 0.765498 0.280496 0.757058 0.305168 0.811064 0.286692 0.819505
1 0.315045 0.757154 0.333027 0.762466 0.316205 0.819408 0.298223 0.814096
1 0.309096 0.764115 0.328364 0.757687 0.347154 0.814010 0.327886 0.820438
1 0.359037 0.757152 0.376835 0.763052 0.358150 0.819411 0.340353 0.813510
1 0.352702 0.764484 0.367183 0.758614 0.389486 0.813641 0.375005 0.819511
0 0.347800 0.798822 0.382099 0.796536 0.383450 0.816803 0.349151 0.819089
1 0.402873 0.757150 0.420798 0.762651 0.403377 0.819413 0.385452 0.813911
1 0.396233 0.763324 0.413942 0.757162 0.433454 0.813239 0.415746 0.819401
1 0.448691 0.757484 0.464740 0.763634 0.443497 0.819078 0.427447 0.812929
1 0.435494 0.765831 0.458510 0.756070 0.481693 0.810731 0.458678 0.820493
0 0.428840 0.794556 0.478433 0.800922 0.475847 0.821069 0.426254 0.814703
1 0.487120 0.757042 0.511080 0.764179 0.494130 0.821083 0.470170 0.813946
1 0.482535 0.764729 0.501591 0.757695 0.522152 0.813396 0.503097 0.820430
0 0.477439 0.800702 0.511321 0.794902 0.514749 0.814923 0.480866 0.820723
1 0.536859 0.757075 0.555290 0.765614 0.530328 0.819488 0.511898 0.810948
1 0.527914 0.764063 0.547200 0.757687 0.565836 0.814062 0.546550 0.820438
0 0.521427 0.799326 0.555478 0.794616 0.558261 0.814737 0.524210 0.819447
1 0.576512 0.757727 0.596044 0.763305 0.579738 0.820398 0.560206 0.814820
1 0.576107 0.761233 0.591302 0.757590 0.605143 0.815330 0.589948 0.818972
0 0.570452 0.796490 0.598474 0.798897 0.596735 0.819135 0.568714 0.816728
1 0.620822 0.756071 0.643944 0.765577 0.621366 0.820492 0.598244 0.810985
1 0.615475 0.764017 0.634777 0.757688 0.653275 0.814108 0.633973 0.820437
1 0.667160 0.757670 0.681927 0.762776 0.662528 0.818892 0.647760 0.813787
1 0.660644 0.761718 0.680414 0.757055 0.694044 0.814844 0.674274 0.819507
0 0.653275 0.796602 0.690771 0.797150 0.690475 0.817460 0.652979 0.816913
1 0.707643 0.757700 0.727052 0.763690 0.709544 0.820425 0.690135 0.814435
1 0.703083 0.763610 0.724088 0.757502 0.740667 0.814515 0.719662 0.820623
0 0.701661 0.796739 0.729785 0.797012 0.729589 0.817323 0.701465 0.817051
1 0.755030 0.757207 0.772531 0.763937 0.751220 0.819356 0.733719 0.812626
1 0.746618 0.764098 0.765893 0.757687 0.784632 0.814027 0.765357 0.820438
1 0.797986 0.757168 0.815653 0.763449 0.795764 0.819394 0.778097 0.813113
1 0.788802 0.764716 0.807862 0.757694 0.828386 0.813409 0.809326 0.820431
0 0.783798 0.798803 0.821230 0.796547 0.822452 0.816822 0.785020 0.819078
1 0.842175 0.757672 0.856940 0.762784 0.837512 0.818891 0.822747 0.813778
1 0.834294 0.763397 0.853797 0.757719 0.870393 0.814728 0.850891 0.820406
1 0.884430 0.757697 0.903467 0.764782 0.882758 0.820428 0.863721 0.813343
1 0.879683 0.762326 0.897707 0.757160 0.914067 0.814236 0.896043 0.819403
1 0.078520 0.844848 0.095647 0.852480 0.071480 0.906714 0.054353 0.899082
1 0.068621 0.851501 0.087928 0.845189 0.106379 0.901624 0.087072 0.907936
1 0.118335 0.845086 0.133498 0.848858 0.119165 0.906477 0.104002 0.902705
1 0.108826 0.853064 0.127276 0.844567 0.152111 0.898499 0.133661 0.906995
0 0.111085 0.884174 0.139207 0.884578 0.138915 0.904888 0.110793 0.904485
1 0.162460 0.844649 0.180347 0.850272 0.162540 0.906914 0.144653 0.901291
1 0.157295 0.850703 0.171933 0.845237 0.192705 0.900860 0.178067 0.906326
0 0.144073 0.883614 0.194050 0.885146 0.193427 0.905449 0.143450 0.903916
1 0.205749 0.845190 0.225071 0.851457 0.206751 0.907935 0.187429 0.901668
1 0.197862 0.853783 0.213261 0.846148 0.239638 0.899342 0.224239 0.906977
0 0.194636 0.886401 0.228924 0.883963 0.230364 0.904224 0.196076 0.906662
1 0.248419 0.845196 0.267799 0.851279 0.250019 0.907929 0.230638 0.901846
1 0.246346 0.849677 0.261287 0.845107 0.278654 0.901885 0.263713 0.906456
0 0.239686 0.882306 0.273791 0.886603 0.271252 0.906757 0.237146 0.902459
1 0.297733 0.844905 0.314743 0.852792 0.289767 0.906658 0.272757 0.898771
1 0.288299 0.850828 0.307823 0.845225 0.324201 0.902297 0.304677 0.907900
1 0.341371 0.844890 0.358410 0.852716 0.333629 0.906672 0.316590 0.898846
1 0.331085 0.851528 0.350383 0.845188 0.368915 0.901597 0.349617 0.907937
0 0.324308 0.886554 0.361707 0.883813 0.363192 0.904071 0.325793 0.906812
1 0.381258 0.844934 0.401589 0.853006 0.379680 0.908191 0.359348 0.900119
1 0.374266 0.851969 0.393413 0.845188 0.413234 0.901156 0.394087 0.907937
1 0.422771 0.845003 0.443779 0.851100 0.427229 0.908122 0.406221 0.902025
1 0.417155 0.851564 0.434611 0.844720 0.456283 0.899999 0.438827 0.906842
0 0.427129 0.884132 0.436490 0.884649 0.435371 0.904930 0.426010 0.904414
1 0.468595 0.845186 0.487846 0.851666 0.468905 0.907939 0.449654 0.901459
1 0.461956 0.851819 0.481155 0.845186 0.500544 0.901306 0.481345 0.907939
0 0.457800 0.884397 0.492175 0.884353 0.492200 0.904666 0.457825 0.904709
1 0.512512 0.844934 0.532842 0.853009 0.510925 0.908191 0.490595 0.900116
1 0.505761 0.852033 0.520226 0.846125 0.542677 0.901092 0.528212 0.907000
0 0.514791 0.884070 0.524142 0.884731 0.522709 0.904993 0.513358 0.904331
1 0.549676 0.844876 0.574086 0.850276 0.561261 0.908249 0.536852 0.902849
1 0.547691 0.851407 0.571468 0.843684 0.589809 0.900156 0.566032 0.907878
0 0.545112 0.884722 0.579480 0.884032 0.579888 0.904340 0.545520 0.905031
1 0.596837 0.843725 0.620720 0.851118 0.603163 0.907837 0.579280 0.900445
1 0.591735 0.853040 0.610494 0.845250 0.633265 0.900085 0.614506 0.907875
1 0.641949 0.844941 0.662708 0.851838 0.643989 0.908184 0.623229 0.901287
1 0.635456 0.852058 0.656138 0.844931 0.675481 0.901067 0.654800 0.908194
0 0.633445 0.884154 0.667760 0.886194 0.666555 0.906471 0.632240 0.904431
1 0.687901 0.845208 0.706859 0.852502 0.685537 0.907917 0.666579 0.900623
1 0.684158 0.849486 0.699153 0.845095 0.715842 0.902076 0.700847 0.906468
0 0.687459 0.885282 0.696707 0.883743 0.700041 0.903780 0.690793 0.905319
1 0.734956 0.845098 0.750773 0.851822 0.727544 0.906465 0.711727 0.899740
1 0.727588 0.849214 0.742658 0.845085 0.758349 0.902348 0.743280 0.906478
0 0.723472 0.884327 0.751597 0.884423 0.751528 0.904736 0.723403 0.904639
1 0.778637 0.844616 0.796964 0.853375 0.771363 0.906946 0.753036 0.898188
1 0.764863 0.852865 0.788073 0.843575 0.810137 0.898698 0.786927 0.907988
0 0.776330 0.884486 0.785703 0.884270 0.786170 0.904577 0.776797 0.904793
1 0.821762 0.846100 0.836266 0.851913 0.814175 0.907025 0.799672 0.901212
1 0.813756 0.850029 0.831718 0.844652 0.848744 0.901534 0.830782 0.906910
0 0.805969 0.884912 0.843454 0.883846 0.844031 0.904150 0.806546 0.905217
1 0.857203 0.844669 0.881377 0.851045 0.866234 0.908456 0.842061 0.902080
1 0.857467 0.850056 0.872299 0.845143 0.890970 0.901506 0.876138 0.906419
0 0.864151 0.884017 0.873493 0.884805 0.871787 0.905045 0.862445 0.904258
6 0.000457 0.054240 0.044198 0.055144 0.043293 0.098885 0.000000 0.097981
6 0.000000 0.484219 0.034531 0.484532 0.034218 0.525156 0.000000 0.524843
6 0.950581 0.915059 0.992753 0.916206 0.991606 0.958378 0.949434 0.957231
6 0.937546 0.439016 0.975046 0.439109 0.974954 0.476609 0.937454 0.476516
