7 0.031420 0.048269 0.090794 0.048607 0.090455 0.107981 0.031081 0.107643
7 0.090185 0.048673 0.121432 0.048209 0.122315 0.107577 0.091068 0.108041
7 0.120208 0.048542 0.179583 0.048333 0.179792 0.107708 0.120417 0.107917
7 0.160230 0.046106 0.219519 0.049292 0.216333 0.108582 0.157043 0.105395
7 0.198100 0.050468 0.257344 0.046537 0.261275 0.105782 0.202031 0.109713
7 0.241851 0.048778 0.301222 0.048101 0.301899 0.107472 0.242528 0.108149
7 0.281466 0.046692 0.340808 0.048653 0.338847 0.107996 0.279504 0.106034
7 0.324035 0.047852 0.383398 0.049035 0.382215 0.108398 0.322852 0.107215
7 0.381867 0.048121 0.413110 0.048767 0.411883 0.108129 0.380640 0.107483
7 0.410921 0.048454 0.470296 0.048421 0.470329 0.107796 0.410954 0.107829
7 0.467506 0.048272 0.498754 0.048606 0.498119 0.107978 0.466871 0.107644
7 0.493717 0.050241 0.552884 0.045279 0.557846 0.104446 0.498679 0.109408
7 0.540470 0.048593 0.599844 0.048283 0.600155 0.107657 0.540781 0.107967
7 0.586735 0.046157 0.646030 0.049235 0.642952 0.108530 0.583657 0.105452
7 0.627274 0.046235 0.686577 0.049149 0.683664 0.108452 0.624360 0.105539
7 0.668719 0.048468 0.728094 0.048407 0.728156 0.107782 0.668781 0.107843
7 0.715009 0.050234 0.760192 0.046811 0.764678 0.106016 0.719495 0.109439
7 0.755839 0.048854 0.815209 0.048027 0.816036 0.107396 0.756666 0.108223
7 0.794681 0.049139 0.853986 0.046244 0.856881 0.105548 0.797577 0.108444
7 0.839794 0.047724 0.899151 0.049169 0.897706 0.108526 0.838349 0.107081
7 0.884014 0.048802 0.943385 0.048077 0.944111 0.107448 0.884740 0.108173
0 0.056130 0.082876 0.071754 0.082750 0.071995 0.112436 0.056371 0.112563
0 0.064470 0.079651 0.118766 0.086187 0.115217 0.115662 0.060922 0.109125
0 0.104381 0.082978 0.120002 0.082653 0.120619 0.112334 0.104998 0.112659
0 0.126147 0.083039 0.141765 0.082598 0.142603 0.112274 0.126985 0.112715
0 0.134931 0.080762 0.184754 0.084968 0.182256 0.114551 0.132434 0.110344
0 0.176944 0.077870 0.227016 0.090175 0.219931 0.119005 0.169859 0.106700
0 0.207691 0.083019 0.257689 0.082607 0.257934 0.112294 0.207936 0.112705
0 0.234588 0.081111 0.289166 0.084574 0.287287 0.114201 0.232709 0.110739
0 0.255603 0.084742 0.305551 0.082476 0.306897 0.112133 0.256949 0.114399
0 0.313025 0.082195 0.328592 0.083540 0.326037 0.113117 0.310470 0.111773
0 0.334239 0.082885 0.349864 0.082742 0.350136 0.112428 0.334511 0.112571
0 0.335918 0.085035 0.385837 0.082200 0.387520 0.111840 0.337600 0.114675
0 0.356949 0.082476 0.406897 0.084742 0.405551 0.114399 0.355603 0.112133
0 0.375289 0.082292 0.429966 0.083338 0.429399 0.113020 0.374721 0.111974
0 0.393291 0.086152 0.447750 0.081160 0.450459 0.110723 0.396000 0.115715
0 0.418418 0.086615 0.458635 0.080871 0.462832 0.110260 0.422615 0.116004
0 0.452840 0.084776 0.502692 0.080936 0.504972 0.110536 0.455120 0.114376
0 0.498785 0.082736 0.514288 0.084682 0.510590 0.114139 0.495087 0.112193
0 0.485256 0.084624 0.558606 0.081036 0.560056 0.110688 0.486707 0.114276
0 0.521633 0.084877 0.576170 0.080829 0.578367 0.110435 0.523830 0.114483
0 0.570402 0.082766 0.586026 0.082860 0.585848 0.112547 0.570224 0.112453
0 0.578446 0.082042 0.651867 0.083590 0.651241 0.113271 0.577820 0.111723
0 0.614782 0.081248 0.666119 0.086069 0.663343 0.115627 0.612006 0.110806
0 0.649269 0.084900 0.699203 0.082327 0.700731 0.111975 0.650797 0.114548
0 0.658146 0.082795 0.731565 0.084399 0.730917 0.114080 0.657497 0.112476
0 0.696331 0.079066 0.736142 0.087154 0.730232 0.116247 0.690420 0.108159
0 0.715423 0.083157 0.765419 0.082470 0.765827 0.112155 0.715831 0.112842
0 0.734874 0.082759 0.786409 0.084444 0.785439 0.114116 0.733904 0.112431
0 0.758351 0.080674 0.831549 0.086611 0.829149 0.116201 0.755951 0.110264
0 0.788724 0.088768 0.837462 0.077606 0.844089 0.106545 0.795351 0.117706
0 0.821924 0.082745 0.862549 0.082880 0.862451 0.112567 0.821826 0.112433
0 0.861595 0.082623 0.877057 0.084874 0.872780 0.114252 0.857318 0.112001
0 0.866640 0.080680 0.920996 0.086688 0.917735 0.116195 0.863379 0.110187
0 0.923676 0.082690 0.939299 0.082939 0.938824 0.112623 0.923201 0.112373
7 0.039061 0.193772 0.098415 0.192186 0.100001 0.251540 0.040647 0.253126
7 0.076893 0.193423 0.136264 0.194080 0.135607 0.253452 0.076236 0.252795
7 0.109084 0.195728 0.168335 0.191896 0.172166 0.251147 0.112915 0.254979
7 0.147219 0.191884 0.206553 0.194094 0.204343 0.253428 0.145009 0.251218
7 0.185451 0.194188 0.240087 0.191806 0.242674 0.251124 0.188038 0.253507
7 0.218029 0.196224 0.277213 0.191467 0.281971 0.250651 0.222787 0.255408
7 0.257544 0.194020 0.316917 0.193482 0.317456 0.252855 0.258083 0.253393
7 0.296553 0.194076 0.355924 0.193428 0.356572 0.252799 0.297201 0.253447
7 0.332249 0.194325 0.391613 0.193186 0.392751 0.252550 0.333387 0.253689
7 0.372285 0.191824 0.431614 0.194160 0.429278 0.253489 0.369949 0.251153
7 0.404289 0.194197 0.463615 0.191789 0.466023 0.251115 0.406697 0.253523
7 0.440086 0.194256 0.494764 0.193254 0.495852 0.252619 0.441173 0.253621
7 0.480445 0.193187 0.525743 0.194332 0.524243 0.253688 0.478945 0.252543
7 0.510928 0.193759 0.570303 0.193741 0.570322 0.253116 0.510947 0.253134
7 0.548967 0.193230 0.608333 0.194279 0.607283 0.253645 0.547917 0.252596
7 0.601978 0.193150 0.633203 0.194397 0.630834 0.253725 0.599609 0.252478
7 0.625588 0.193173 0.684952 0.194338 0.683787 0.253702 0.624423 0.252537
7 0.658956 0.195705 0.713514 0.191936 0.717606 0.251170 0.663049 0.254939
7 0.693596 0.193934 0.752941 0.192034 0.754841 0.251379 0.695496 0.253279
7 0.733424 0.191638 0.792737 0.194362 0.790013 0.253674 0.730701 0.250951
7 0.770165 0.193898 0.829540 0.193603 0.829835 0.252977 0.770460 0.253272
7 0.818456 0.194341 0.849685 0.193198 0.851856 0.252534 0.820627 0.253677
7 0.843292 0.194215 0.902660 0.193292 0.903583 0.252660 0.844215 0.253583
7 0.879839 0.193600 0.939213 0.193901 0.938911 0.253275 0.879537 0.252974
0 0.008442 0.265274 0.117794 0.267551 0.116558 0.326913 0.007206 0.324637
0 0.020225 0.267408 0.168661 0.266967 0.168838 0.326342 0.020401 0.326783
0 0.089688 0.263432 0.172135 0.271205 0.166562 0.330318 0.084115 0.322545
0 0.088201 0.260488 0.236009 0.274138 0.230549 0.333262 0.082741 0.319612
0 0.138058 0.265007 0.239524 0.269424 0.236942 0.328743 0.135476 0.324326
0 0.142470 0.263874 0.290820 0.268973 0.288780 0.328313 0.140430 0.323214
0 0.194146 0.265259 0.295634 0.269160 0.293354 0.328491 0.191866 0.324590
0 0.218209 0.267352 0.319754 0.265471 0.320853 0.324836 0.219308 0.326716
0 0.289252 0.265205 0.320393 0.267815 0.315435 0.326982 0.284294 0.324373
0 0.282272 0.262073 0.391288 0.270934 0.386478 0.330114 0.277462 0.321253
0 0.316014 0.266542 0.416006 0.267838 0.415236 0.327208 0.315244 0.325912
0 0.319006 0.263935 0.467360 0.268911 0.465369 0.328253 0.317015 0.323276
0 0.374127 0.260763 0.473441 0.272456 0.466498 0.331424 0.367184 0.319731
0 0.397242 0.266521 0.506609 0.267859 0.505883 0.327229 0.396516 0.325891
0 0.423782 0.266561 0.533150 0.267818 0.532468 0.327189 0.423100 0.325932
0 0.455596 0.263647 0.558569 0.269253 0.555341 0.328541 0.452369 0.322934
0 0.462785 0.266484 0.611216 0.267893 0.610652 0.327266 0.462222 0.325857
0 0.513866 0.267552 0.623239 0.266825 0.623634 0.326198 0.514261 0.326925
0 0.549178 0.263981 0.649057 0.268903 0.646135 0.328206 0.546256 0.323284
0 0.588789 0.261903 0.671068 0.271292 0.664336 0.330284 0.582057 0.320895
0 0.639331 0.266658 0.670562 0.267753 0.668481 0.327092 0.637250 0.325997
0 0.613240 0.265400 0.761634 0.268993 0.760197 0.328350 0.611803 0.324757
0 0.674005 0.265391 0.756737 0.269042 0.754120 0.328359 0.671388 0.324708
0 0.691956 0.267586 0.793516 0.266791 0.793981 0.326164 0.692422 0.326959
0 0.719413 0.265266 0.824076 0.267561 0.822774 0.326922 0.718112 0.324627
0 0.753064 0.267290 0.853064 0.267085 0.853186 0.326460 0.753186 0.326665
0 0.789177 0.265195 0.871954 0.267644 0.870198 0.326993 0.787421 0.324544
0 0.808358 0.265422 0.917715 0.267400 0.916642 0.326765 0.807285 0.324788
0 0.839281 0.265415 0.948598 0.268992 0.946656 0.328335 0.837340 0.324758
0 0.907876 0.266758 0.939114 0.267641 0.937436 0.326992 0.906199 0.326109
1 0.058073 0.339858 0.078309 0.341614 0.073177 0.400767 0.052941 0.399011
1 0.095519 0.340123 0.114236 0.341230 0.110731 0.400502 0.092014 0.399395
1 0.133006 0.340071 0.148575 0.341392 0.143556 0.400554 0.127987 0.399233
1 0.170030 0.340701 0.185654 0.340552 0.186220 0.399924 0.170596 0.400073
1 0.211398 0.339028 0.231623 0.340917 0.226102 0.400034 0.205877 0.398146
1 0.251708 0.339868 0.268794 0.341732 0.262355 0.400757 0.245269 0.398893
1 0.291080 0.339029 0.311305 0.340914 0.305795 0.400033 0.285570 0.398148
1 0.328313 0.340219 0.343911 0.341133 0.340437 0.400406 0.324839 0.399492
1 0.361163 0.340299 0.381464 0.340984 0.379462 0.400326 0.359161 0.399641
1 0.403627 0.338945 0.425404 0.341006 0.419811 0.400117 0.398033 0.398056
1 0.447325 0.340328 0.462936 0.340972 0.460488 0.400297 0.444876 0.399653
1 0.484595 0.339934 0.503277 0.341532 0.498217 0.400691 0.479536 0.399093
1 0.522233 0.340259 0.542530 0.341034 0.540267 0.400366 0.519970 0.399591
1 0.562977 0.340454 0.584849 0.340804 0.583898 0.400171 0.562026 0.399821
1 0.605125 0.340029 0.620683 0.341476 0.615187 0.400596 0.599629 0.399149
1 0.639334 0.340060 0.659609 0.341302 0.655978 0.400565 0.635704 0.399323
1 0.678800 0.339952 0.699056 0.341463 0.694638 0.400673 0.674382 0.399162
1 0.717721 0.340448 0.738030 0.340812 0.736967 0.400177 0.716657 0.399813
1 0.754840 0.340249 0.779828 0.341030 0.777972 0.400376 0.752984 0.399595
1 0.793578 0.340689 0.815452 0.340562 0.815797 0.399936 0.793923 0.400063
1 0.835732 0.340680 0.851357 0.340572 0.851768 0.399945 0.836143 0.400053
1 0.872552 0.338977 0.892762 0.341008 0.886823 0.400086 0.866613 0.398054
1 0.909906 0.340208 0.930199 0.341099 0.927594 0.400417 0.907301 0.399526
0 0.038450 0.376865 0.088404 0.374725 0.089675 0.404385 0.039721 0.406525
0 0.065786 0.374607 0.139219 0.375394 0.138901 0.405080 0.065468 0.404293
0 0.119307 0.372685 0.168891 0.379124 0.165068 0.408565 0.115484 0.402126
0 0.146261 0.373194 0.195975 0.378539 0.192801 0.408056 0.143088 0.402711
0 0.169860 0.377309 0.219657 0.372812 0.222328 0.402379 0.172530 0.406876
0 0.226204 0.375194 0.241825 0.374815 0.242546 0.404493 0.226925 0.404873
0 0.261909 0.375326 0.277522 0.374698 0.278716 0.404361 0.263103 0.404990
0 0.266609 0.378953 0.339637 0.371213 0.342766 0.400735 0.269738 0.408475
0 0.309513 0.373420 0.364106 0.376631 0.362362 0.406268 0.307769 0.403056
0 0.327831 0.371476 0.400736 0.380301 0.397169 0.409774 0.324264 0.400949
0 0.370803 0.371722 0.425068 0.378508 0.421384 0.407966 0.367119 0.401180
0 0.387212 0.378765 0.460414 0.372893 0.462788 0.402485 0.389586 0.408357
0 0.438271 0.374554 0.488209 0.377046 0.486729 0.406696 0.436791 0.404204
0 0.464851 0.374527 0.514786 0.377074 0.513274 0.406723 0.463339 0.404176
0 0.477415 0.380309 0.531161 0.370202 0.536647 0.399378 0.482902 0.409485
0 0.534215 0.375085 0.549839 0.374917 0.550160 0.404602 0.534536 0.404771
0 0.555172 0.372689 0.606334 0.379104 0.602640 0.408561 0.551479 0.402146
0 0.588690 0.376724 0.629177 0.373377 0.631623 0.402963 0.591136 0.406311
0 0.638706 0.375193 0.654326 0.374815 0.655044 0.404494 0.639424 0.404872
0 0.638388 0.378851 0.692750 0.372889 0.695987 0.402399 0.641625 0.408361
0 0.676354 0.377240 0.716880 0.374396 0.718958 0.404010 0.678433 0.406854
0 0.688534 0.380545 0.742457 0.371432 0.747404 0.400705 0.693481 0.409818
0 0.703410 0.374314 0.776834 0.375691 0.776278 0.405373 0.702853 0.403997
0 0.738488 0.371212 0.811517 0.378954 0.808387 0.408476 0.735358 0.400734
0 0.772976 0.376871 0.813439 0.373247 0.816087 0.402817 0.775624 0.406440
0 0.805707 0.377007 0.846146 0.373128 0.848981 0.402680 0.808541 0.406559
0 0.836120 0.374545 0.876666 0.377075 0.874817 0.406705 0.834271 0.404175
0 0.848084 0.378975 0.921253 0.372696 0.923791 0.402275 0.850622 0.408554
0 0.884164 0.375372 0.935721 0.374631 0.936148 0.404315 0.884591 0.405057
7 0.024841 0.487891 0.083984 0.482653 0.089222 0.541797 0.030078 0.547034
7 0.073301 0.486600 0.104437 0.483929 0.109512 0.543087 0.078376 0.545758
7 0.095243 0.486747 0.149843 0.483660 0.153195 0.542941 0.098594 0.546027
7 0.127929 0.487807 0.187193 0.484179 0.190821 0.543443 0.131557 0.547071
7 0.162309 0.486162 0.221651 0.484184 0.223629 0.543526 0.164287 0.545504
7 0.202920 0.486127 0.257606 0.485749 0.258017 0.545123 0.203331 0.545501
7 0.237432 0.486031 0.296782 0.484307 0.298506 0.543657 0.239156 0.545381
7 0.269580 0.486751 0.328874 0.483643 0.331982 0.542936 0.272689 0.546045
7 0.307388 0.488067 0.366621 0.483951 0.370737 0.543183 0.311504 0.547299
7 0.340293 0.487961 0.399539 0.484043 0.403457 0.543289 0.344211 0.547207
7 0.376416 0.487875 0.435562 0.482666 0.440771 0.541812 0.381625 0.547021
7 0.411865 0.488311 0.471064 0.483740 0.475635 0.542939 0.416436 0.547510
7 0.459043 0.486727 0.490159 0.483840 0.495645 0.542961 0.464528 0.545848
7 0.494976 0.486236 0.526160 0.484202 0.530024 0.543452 0.498840 0.545485
7 0.515152 0.486466 0.574472 0.483902 0.577035 0.543222 0.517716 0.545785
7 0.552810 0.489832 0.611730 0.482497 0.619065 0.541418 0.560145 0.548753
7 0.591859 0.487798 0.646428 0.484205 0.650329 0.543452 0.595759 0.547045
7 0.628992 0.488382 0.688180 0.483679 0.692883 0.542868 0.633695 0.547571
7 0.662081 0.488061 0.721314 0.483956 0.725419 0.543189 0.666186 0.547294
7 0.698054 0.488161 0.757151 0.482429 0.762884 0.541526 0.703786 0.547259
7 0.747895 0.486363 0.779063 0.484104 0.783355 0.543324 0.752187 0.545583
7 0.777833 0.486007 0.823115 0.484346 0.825292 0.543681 0.780010 0.545342
7 0.807093 0.488410 0.866278 0.483656 0.871032 0.542840 0.811847 0.547594
7 0.836859 0.490541 0.895397 0.480609 0.905329 0.539147 0.846791 0.549079
7 0.871751 0.487849 0.930901 0.482688 0.936062 0.541838 0.876912 0.546999
7 0.036550 0.558775 0.095913 0.559987 0.094700 0.619350 0.035337 0.618138
7 0.087865 0.558799 0.119093 0.559994 0.116822 0.619326 0.085595 0.618131
7 0.112820 0.557605 0.172083 0.561258 0.168430 0.620520 0.109167 0.616867
7 0.143951 0.557643 0.203295 0.559576 0.201361 0.618920 0.142018 0.616986
7 0.177994 0.559506 0.237369 0.559244 0.237631 0.618619 0.178256 0.618881
7 0.214529 0.557476 0.273774 0.561404 0.269846 0.620649 0.210601 0.616721
7 0.253401 0.557782 0.307989 0.561076 0.304412 0.620343 0.249824 0.617049
7 0.286059 0.559254 0.345433 0.559496 0.345191 0.618871 0.285817 0.618629
7 0.323633 0.557716 0.382909 0.561133 0.379492 0.620409 0.320216 0.616992
7 0.353869 0.557144 0.413169 0.560119 0.410194 0.619419 0.350894 0.616444
7 0.384483 0.557730 0.443832 0.559483 0.442079 0.618832 0.382730 0.617079
7 0.420420 0.559268 0.479795 0.559483 0.479580 0.618857 0.420205 0.618642
7 0.461380 0.559043 0.506687 0.559714 0.505808 0.619082 0.460500 0.618411
7 0.505163 0.559129 0.536409 0.559628 0.535462 0.618996 0.504216 0.618497
7 0.528353 0.559148 0.587727 0.559603 0.587272 0.618977 0.527898 0.618522
7 0.566456 0.559948 0.611754 0.558820 0.613232 0.618177 0.567934 0.619305
7 0.595983 0.557464 0.650525 0.561443 0.646205 0.620661 0.591662 0.616682
7 0.631637 0.556236 0.690639 0.562887 0.683988 0.621889 0.624986 0.615238
7 0.664225 0.557745 0.723505 0.561100 0.720150 0.620380 0.660870 0.617025
7 0.700325 0.557528 0.759660 0.559700 0.757488 0.619035 0.698153 0.616863
7 0.739582 0.557429 0.798821 0.561457 0.794793 0.620696 0.735554 0.616668
7 0.770494 0.557662 0.829838 0.559556 0.827944 0.618901 0.768599 0.617006
7 0.805342 0.558735 0.864703 0.560029 0.863408 0.619390 0.804047 0.618096
7 0.842046 0.559517 0.901420 0.559234 0.901704 0.618608 0.842330 0.618891
7 0.883946 0.555655 0.942783 0.563634 0.934804 0.622470 0.875967 0.614491
0 0.013533 0.635103 0.111866 0.630584 0.114592 0.689897 0.016259 0.694416
0 0.076548 0.633245 0.107786 0.632401 0.109390 0.691755 0.078151 0.692599
0 0.069019 0.632357 0.170577 0.633270 0.170044 0.692643 0.068485 0.691730
0 0.094504 0.630758 0.197597 0.633323 0.196121 0.692679 0.093028 0.690115
0 0.113965 0.636823 0.218234 0.627476 0.223535 0.686614 0.119266 0.695961
0 0.149439 0.634779 0.232161 0.630910 0.234936 0.690221 0.152214 0.694090
0 0.199471 0.633230 0.230640 0.630986 0.234904 0.690207 0.203735 0.692452
0 0.187117 0.636423 0.288433 0.629346 0.292570 0.688577 0.191255 0.695654
0 0.215254 0.638215 0.319413 0.627710 0.325371 0.686785 0.221212 0.697290
0 0.246645 0.636171 0.349559 0.629576 0.353355 0.688829 0.250441 0.695424
0 0.274816 0.633154 0.384189 0.632473 0.384559 0.691846 0.275186 0.692527
0 0.315137 0.634668 0.397869 0.631015 0.400488 0.690332 0.317756 0.693985
0 0.370048 0.633067 0.401237 0.631112 0.404952 0.690370 0.373763 0.692326
0 0.359230 0.635116 0.459046 0.629056 0.462645 0.688321 0.362829 0.694382
0 0.397829 0.634853 0.480545 0.630842 0.483421 0.690147 0.400705 0.694158
0 0.405912 0.638399 0.514745 0.627521 0.520650 0.686601 0.411818 0.697479
0 0.438315 0.633369 0.541406 0.630714 0.542935 0.690069 0.439844 0.692724
0 0.459338 0.633590 0.568669 0.630496 0.570349 0.689847 0.461018 0.692942
0 0.466810 0.638218 0.614864 0.627560 0.619128 0.686782 0.471073 0.697440
0 0.518478 0.636256 0.621381 0.629497 0.625272 0.688744 0.522369 0.695503
0 0.546602 0.636203 0.647946 0.629549 0.651836 0.688797 0.550491 0.695451
0 0.577484 0.636884 0.677167 0.628929 0.681891 0.688116 0.582208 0.696071
0 0.638285 0.633235 0.669524 0.632411 0.671090 0.691765 0.639851 0.692589
0 0.632831 0.632781 0.735956 0.632844 0.735919 0.692219 0.632794 0.692156
0 0.662237 0.634676 0.763732 0.630988 0.765888 0.690324 0.664393 0.694012
0 0.688737 0.636251 0.788510 0.629509 0.792513 0.688749 0.692740 0.695491
0 0.688599 0.637708 0.836614 0.626523 0.841089 0.685729 0.693073 0.696914
0 0.737333 0.637997 0.846239 0.627882 0.851730 0.687003 0.742824 0.697118
0 0.762489 0.635133 0.871693 0.629022 0.875011 0.688304 0.765807 0.694416
0 0.829368 0.633593 0.860486 0.630720 0.865944 0.689844 0.834827 0.692717
0 0.821653 0.636101 0.923010 0.629644 0.926785 0.688899 0.825428 0.695356
0 0.882281 0.633232 0.913450 0.630985 0.917719 0.690206 0.886550 0.692453
0 0.905948 0.633409 0.937176 0.632257 0.939365 0.691591 0.908136 0.692743
1 0.047701 0.706691 0.063306 0.705887 0.066361 0.765184 0.050757 0.765988
1 0.076102 0.706804 0.101080 0.705749 0.103585 0.765071 0.078608 0.766126
1 0.113747 0.706648 0.134046 0.705893 0.136253 0.765227 0.115954 0.765982
1 0.148303 0.706286 0.163928 0.706215 0.164197 0.765589 0.148572 0.765660
1 0.177669 0.706604 0.193280 0.705949 0.195769 0.765271 0.180158 0.765926
1 0.210220 0.707538 0.225709 0.705480 0.233530 0.764337 0.218041 0.766395
1 0.245441 0.706206 0.265754 0.706294 0.265496 0.765669 0.245184 0.765581
1 0.281123 0.706792 0.298282 0.705806 0.301689 0.765083 0.284530 0.766069
1 0.317733 0.706083 0.336480 0.706427 0.335392 0.765792 0.316645 0.765448
1 0.348403 0.706542 0.368708 0.705981 0.370347 0.765333 0.350042 0.765894
1 0.379272 0.707163 0.404215 0.705473 0.408228 0.764712 0.383285 0.766402
1 0.417071 0.706573 0.437374 0.705955 0.439179 0.765302 0.418876 0.765920
1 0.455052 0.706137 0.473801 0.706367 0.473073 0.765738 0.454324 0.765508
1 0.487380 0.707144 0.506063 0.705567 0.511058 0.764731 0.492374 0.766308
1 0.519207 0.705758 0.544186 0.706792 0.541730 0.766117 0.516752 0.765083
1 0.556125 0.706552 0.574866 0.705976 0.576688 0.765323 0.557947 0.765899
1 0.591741 0.706395 0.610489 0.706112 0.611384 0.765480 0.592636 0.765763
1 0.623320 0.706573 0.643623 0.705955 0.645430 0.765302 0.625127 0.765920
1 0.653011 0.706877 0.673291 0.705719 0.676676 0.764998 0.656397 0.766156
1 0.691910 0.706346 0.712222 0.706156 0.712777 0.765529 0.692466 0.765719
1 0.727934 0.706909 0.748211 0.705697 0.751753 0.764966 0.731477 0.766178
1 0.768232 0.706391 0.783854 0.706118 0.784893 0.765484 0.769271 0.765757
1 0.799682 0.706679 0.821542 0.705863 0.823756 0.765196 0.801896 0.766012
1 0.835003 0.706042 0.855311 0.706471 0.854059 0.765833 0.833751 0.765404
1 0.865010 0.706468 0.885318 0.706045 0.886553 0.765407 0.866245 0.765830
1 0.899707 0.706640 0.920006 0.705900 0.922168 0.765235 0.901869 0.765975
0 0.039895 0.740087 0.089823 0.742769 0.088230 0.772413 0.038302 0.769731
0 0.094417 0.740293 0.110027 0.740987 0.108708 0.770645 0.093098 0.769951
0 0.098788 0.740049 0.148775 0.741209 0.148087 0.770888 0.098100 0.769729
0 0.110158 0.738819 0.183505 0.742467 0.182030 0.772118 0.108683 0.768470
0 0.165356 0.741000 0.205975 0.740255 0.206519 0.769938 0.165900 0.770682
0 0.184239 0.742291 0.234132 0.739022 0.236073 0.768646 0.186180 0.771915
0 0.200897 0.744455 0.255263 0.738533 0.258478 0.768045 0.204112 0.773967
0 0.228782 0.740547 0.269369 0.742293 0.268093 0.771953 0.227506 0.770207
0 0.255366 0.737376 0.304905 0.744148 0.300884 0.773562 0.251345 0.766790
0 0.275785 0.743035 0.316146 0.738408 0.319527 0.767903 0.279166 0.772529
0 0.308799 0.743977 0.358549 0.738984 0.361514 0.768523 0.311763 0.773516
0 0.349239 0.738803 0.403665 0.744152 0.400761 0.773697 0.346335 0.768348
0 0.405232 0.740351 0.420847 0.740919 0.419768 0.770587 0.404153 0.770019
0 0.440182 0.740867 0.455800 0.740396 0.456693 0.770071 0.441075 0.770541
0 0.441064 0.738686 0.514294 0.744211 0.512061 0.773814 0.438831 0.768289
0 0.485116 0.740225 0.535058 0.742622 0.533634 0.772275 0.483692 0.769878
0 0.519588 0.742701 0.569523 0.740151 0.571037 0.769799 0.521102 0.772349
0 0.555209 0.740587 0.603618 0.742242 0.602604 0.771913 0.554194 0.770258
0 0.586744 0.740008 0.641358 0.742845 0.639818 0.772492 0.585204 0.769655
0 0.603519 0.738778 0.676762 0.744113 0.674606 0.773722 0.601363 0.768387
0 0.620086 0.744195 0.693318 0.738701 0.695539 0.768305 0.622307 0.773799
0 0.663899 0.742347 0.713785 0.738971 0.715789 0.768591 0.665903 0.771966
0 0.697166 0.740131 0.748718 0.741124 0.748147 0.770806 0.696594 0.769813
0 0.728513 0.739990 0.778497 0.741270 0.777737 0.770948 0.727753 0.769667
0 0.747543 0.738419 0.797337 0.742953 0.794645 0.772518 0.744851 0.767984
0 0.773955 0.738914 0.814242 0.744145 0.810420 0.773586 0.770133 0.768355
0 0.788953 0.737223 0.838167 0.746056 0.832922 0.775277 0.783708 0.766444
0 0.830431 0.740439 0.871008 0.742408 0.869569 0.772061 0.828992 0.770092
0 0.844575 0.740098 0.894504 0.742756 0.892925 0.772402 0.842996 0.769744
0 0.871600 0.741098 0.921591 0.740157 0.922150 0.769840 0.872159 0.770780
0 0.899772 0.740942 0.940393 0.740312 0.940853 0.769996 0.900232 0.770625
7 0.028593 0.851211 0.073900 0.851921 0.072970 0.911289 0.027663 0.910579
7 0.055011 0.849717 0.114346 0.851886 0.112177 0.911221 0.052842 0.909052
7 0.089500 0.851132 0.148868 0.852000 0.148000 0.911368 0.088632 0.910500
7 0.125793 0.849286 0.185089 0.852356 0.182019 0.911651 0.122724 0.908582
7 0.170657 0.850997 0.201885 0.852170 0.199656 0.911503 0.168428 0.910330
7 0.191115 0.848343 0.250095 0.855177 0.243260 0.914157 0.184280 0.907323
7 0.222898 0.847759 0.281928 0.854148 0.275540 0.913178 0.216509 0.906790
7 0.253393 0.849768 0.312732 0.851830 0.310670 0.911170 0.251330 0.909107
7 0.288322 0.849260 0.347615 0.852384 0.344491 0.911677 0.285198 0.908553
7 0.326819 0.849849 0.386089 0.853382 0.382556 0.912651 0.323286 0.909118
7 0.363415 0.848082 0.417802 0.853807 0.411585 0.912856 0.357198 0.907130
7 0.392800 0.849450 0.452113 0.852175 0.449387 0.911488 0.390075 0.908762
7 0.438069 0.849798 0.483336 0.851824 0.480681 0.911140 0.435414 0.909113
7 0.465921 0.849742 0.525258 0.851859 0.523141 0.911196 0.463804 0.909079
7 0.508206 0.849257 0.562678 0.854101 0.557419 0.913243 0.502947 0.908399
7 0.552423 0.849627 0.583573 0.852125 0.578827 0.911310 0.547677 0.908812
7 0.569003 0.849782 0.628343 0.851815 0.626310 0.911155 0.566970 0.909122
7 0.602203 0.849424 0.661513 0.852203 0.658734 0.911513 0.599424 0.908734
7 0.639682 0.850956 0.699044 0.852182 0.697818 0.911544 0.638456 0.910318
7 0.690599 0.851576 0.721849 0.851549 0.721901 0.910924 0.690651 0.910951
7 0.726561 0.851563 0.757811 0.851562 0.757814 0.910937 0.726564 0.910938
7 0.749491 0.847735 0.808515 0.854178 0.802072 0.913203 0.743047 0.906759
7 0.784438 0.849961 0.843789 0.851625 0.842125 0.910977 0.782773 0.909312
7 0.823491 0.851513 0.878178 0.851612 0.878072 0.910987 0.823384 0.910888
7 0.857844 0.849991 0.917197 0.851594 0.915594 0.910947 0.856241 0.909344
7 0.897442 0.848343 0.951887 0.853482 0.946308 0.912594 0.891863 0.907456
6 0.957919 0.299894 0.987606 0.300107 0.987393 0.329793 0.957707 0.329581
6 0.000000 0.760866 0.029759 0.761009 0.029616 0.793822 0.000000 0.793678
6 0.000000 0.708504 0.055970 0.707128 0.056514 0.730559 0.000000 0.731935
6 0.961963 0.719317 0.982246 0.718213 0.983349 0.738496 0.963067 0.739599
