1 0.044286 0.044952 0.068807 0.055165 0.036964 0.131611 0.012443 0.121397
1 0.021546 0.059899 0.051847 0.043666 0.090954 0.116663 0.060653 0.132896
0 0.022773 0.101994 0.071151 0.099603 0.072540 0.127694 0.024161 0.130085
1 0.093841 0.045194 0.120980 0.057228 0.087409 0.132931 0.060270 0.120897
1 0.073222 0.058745 0.097879 0.045216 0.137715 0.117818 0.113058 0.131347
0 0.089031 0.102480 0.102997 0.100837 0.106282 0.128770 0.092316 0.130413
1 0.145324 0.044897 0.170612 0.057208 0.134363 0.131666 0.109076 0.119355
1 0.127460 0.056576 0.146873 0.046494 0.185040 0.119987 0.165627 0.130069
0 0.123237 0.105042 0.169635 0.098370 0.173638 0.126208 0.127240 0.132880
1 0.195458 0.044820 0.220926 0.056752 0.185792 0.131742 0.160324 0.119810
1 0.174849 0.057847 0.199878 0.045019 0.237651 0.118715 0.212622 0.131544
0 0.175168 0.101287 0.222039 0.101840 0.221707 0.129963 0.174836 0.129410
1 0.247924 0.046653 0.269066 0.056769 0.233326 0.131472 0.212184 0.121356
1 0.227485 0.054679 0.253737 0.044587 0.283453 0.121884 0.257201 0.131976
0 0.222099 0.101159 0.273655 0.101969 0.273213 0.130091 0.221657 0.129281
1 0.298015 0.046104 0.322487 0.059965 0.281673 0.132021 0.257201 0.118160
1 0.277847 0.054697 0.302535 0.044896 0.333091 0.121865 0.308402 0.131666
0 0.271185 0.103903 0.322391 0.097854 0.325690 0.125785 0.274484 0.131834
1 0.340932 0.044798 0.366168 0.053090 0.340318 0.131764 0.315082 0.123473
1 0.329110 0.055934 0.349011 0.046852 0.383390 0.122191 0.363489 0.131273
1 0.393528 0.044708 0.419303 0.055964 0.386159 0.131855 0.360385 0.120599
1 0.376238 0.056537 0.405208 0.044818 0.436262 0.121588 0.407292 0.133307
0 0.373689 0.101138 0.422119 0.101992 0.421623 0.130112 0.373193 0.129258
1 0.447985 0.046873 0.467859 0.056011 0.433265 0.131252 0.413391 0.122114
1 0.427567 0.054610 0.453844 0.044582 0.483370 0.121952 0.457093 0.131980
0 0.422817 0.103439 0.469409 0.098294 0.472496 0.126249 0.425904 0.131394
1 0.489882 0.044806 0.519110 0.055865 0.489805 0.133319 0.460577 0.122260
1 0.474598 0.057310 0.499845 0.044915 0.536339 0.119253 0.511093 0.131647
0 0.473366 0.101687 0.521802 0.101438 0.521947 0.129563 0.473510 0.129812
1 0.545278 0.044800 0.570795 0.056627 0.535972 0.131762 0.510455 0.119935
1 0.523199 0.060429 0.547473 0.046223 0.589301 0.117696 0.565027 0.131902
0 0.521158 0.102183 0.572647 0.099420 0.574154 0.127504 0.522666 0.130268
1 0.596190 0.046709 0.616278 0.055368 0.583497 0.131416 0.563409 0.122757
1 0.572808 0.058818 0.598966 0.044778 0.638130 0.117744 0.611972 0.131784
0 0.571647 0.101990 0.623202 0.101139 0.623666 0.129260 0.572110 0.130111
1 0.647053 0.046180 0.670651 0.058374 0.632634 0.131945 0.609036 0.119751
1 0.627558 0.055799 0.647240 0.046253 0.683379 0.120764 0.663697 0.130310
0 0.612955 0.099693 0.683234 0.101883 0.682357 0.129995 0.612079 0.127804
1 0.698247 0.046710 0.719312 0.056986 0.683003 0.131415 0.661938 0.121139
1 0.670278 0.060505 0.700293 0.043749 0.740659 0.116057 0.710645 0.132813
0 0.677343 0.098244 0.723700 0.105191 0.719532 0.133006 0.673175 0.126059
1 0.741169 0.045096 0.768801 0.055952 0.738518 0.133029 0.710887 0.122173
1 0.726127 0.057086 0.745360 0.046665 0.784811 0.119477 0.765578 0.129898
0 0.724273 0.102070 0.771080 0.099534 0.772602 0.127617 0.725795 0.130154
1 0.797415 0.045213 0.822078 0.058731 0.782273 0.131350 0.757610 0.117831
1 0.773139 0.058836 0.797758 0.045237 0.837798 0.117727 0.813179 0.131325
0 0.777552 0.097993 0.823823 0.105494 0.819323 0.133257 0.773052 0.125756
1 0.849436 0.046230 0.873699 0.060455 0.831814 0.131895 0.807551 0.117670
1 0.823306 0.056613 0.856630 0.043159 0.887632 0.119950 0.854308 0.133403
0 0.825679 0.099707 0.872503 0.101886 0.871196 0.129981 0.824372 0.127801
1 0.894169 0.046248 0.915965 0.054864 0.885519 0.131877 0.863723 0.123261
1 0.879681 0.055474 0.899735 0.046734 0.932819 0.122651 0.912765 0.131391
0 0.889912 0.101942 0.903956 0.101220 0.905400 0.129308 0.891356 0.130030
1 0.069999 0.155795 0.095378 0.167916 0.059689 0.242643 0.034310 0.230522
1 0.047942 0.169992 0.072468 0.156228 0.112996 0.228446 0.088469 0.242210
0 0.050818 0.209030 0.098709 0.216287 0.094495 0.244095 0.046604 0.236838
1 0.122161 0.155981 0.147141 0.168904 0.109089 0.242457 0.084109 0.229533
1 0.099942 0.169103 0.126703 0.156249 0.162558 0.230897 0.135797 0.243751
1 0.172574 0.156045 0.197429 0.169207 0.158676 0.242392 0.133821 0.229231
1 0.149385 0.169591 0.172872 0.157185 0.211552 0.230409 0.188065 0.242815
1 0.219397 0.157209 0.241147 0.165942 0.210291 0.242791 0.188541 0.234058
1 0.201238 0.167025 0.225418 0.156029 0.259699 0.231413 0.235519 0.242409
0 0.214987 0.212837 0.229035 0.212192 0.230325 0.240288 0.216277 0.240933
1 0.269705 0.156007 0.293933 0.166897 0.259982 0.242430 0.235755 0.231541
1 0.251398 0.166881 0.275632 0.156004 0.309540 0.231557 0.285306 0.242433
0 0.238340 0.210558 0.308543 0.214486 0.306972 0.242567 0.236769 0.238639
1 0.316499 0.156022 0.344241 0.166594 0.314751 0.243978 0.287009 0.233406
1 0.298094 0.168592 0.330972 0.154083 0.364406 0.229846 0.331528 0.244355
0 0.298593 0.212235 0.347028 0.212766 0.346719 0.240890 0.298285 0.240359
1 0.367937 0.155551 0.394053 0.165991 0.363313 0.242887 0.337197 0.232447
1 0.348241 0.167616 0.381538 0.154094 0.412696 0.230822 0.379399 0.244343
0 0.354949 0.210374 0.393914 0.213134 0.391926 0.241189 0.352961 0.238428
1 0.426784 0.158653 0.445748 0.169558 0.404466 0.241347 0.385502 0.230442
1 0.401237 0.166696 0.427089 0.155620 0.459701 0.231741 0.433848 0.242817
0 0.396874 0.214845 0.444935 0.208812 0.448438 0.236718 0.400378 0.242751
1 0.470742 0.155558 0.500481 0.172799 0.458945 0.244442 0.429207 0.227201
1 0.450934 0.166970 0.476682 0.155654 0.510003 0.231467 0.484255 0.242784
0 0.451066 0.208725 0.498850 0.216655 0.494246 0.244400 0.446462 0.236470
1 0.517613 0.155535 0.543805 0.165781 0.513637 0.242903 0.487445 0.232657
1 0.501542 0.167638 0.520911 0.157472 0.559396 0.230799 0.540026 0.240965
1 0.569920 0.155701 0.595534 0.167317 0.561330 0.242736 0.535716 0.231120
1 0.546229 0.169808 0.578563 0.154122 0.614708 0.228630 0.582375 0.244316
1 0.618494 0.155642 0.644277 0.166878 0.611194 0.242795 0.585411 0.231559
1 0.599596 0.169048 0.624517 0.156011 0.662904 0.229389 0.637983 0.242426
0 0.596775 0.214251 0.648223 0.210811 0.650100 0.238874 0.598652 0.242314
1 0.673886 0.157308 0.697177 0.170078 0.657364 0.242692 0.634073 0.229922
1 0.652881 0.166462 0.672657 0.157111 0.708056 0.231976 0.688281 0.241327
0 0.669064 0.210679 0.682895 0.213221 0.677811 0.240883 0.663980 0.238341
1 0.720231 0.154624 0.750458 0.170995 0.711019 0.243813 0.680792 0.227443
1 0.698374 0.170661 0.721428 0.157466 0.762564 0.229339 0.739510 0.242534
0 0.700819 0.209268 0.748992 0.214324 0.746056 0.242295 0.697883 0.237239
1 0.770329 0.157433 0.790737 0.165308 0.760921 0.242567 0.740513 0.234692
1 0.752525 0.165583 0.778789 0.155522 0.808413 0.232855 0.782149 0.242916
0 0.739281 0.210221 0.809442 0.214840 0.807594 0.242904 0.737433 0.238285
1 0.820400 0.155751 0.845884 0.167649 0.810850 0.242686 0.785366 0.230788
1 0.799863 0.167985 0.825214 0.155807 0.861075 0.230452 0.835723 0.242631
0 0.787282 0.213057 0.857586 0.211946 0.858030 0.240068 0.787727 0.241179
1 0.866060 0.155737 0.891271 0.164102 0.865190 0.242701 0.839979 0.234335
1 0.851430 0.167664 0.878766 0.156084 0.911070 0.232336 0.883734 0.243916
0 0.043037 0.244628 0.075519 0.239983 0.078838 0.263184 0.046356 0.267830
0 0.061743 0.247902 0.118762 0.238357 0.122632 0.261473 0.065613 0.271018
0 0.098710 0.240404 0.142307 0.244052 0.140353 0.267408 0.096755 0.263760
0 0.132052 0.247778 0.171323 0.237378 0.177323 0.260035 0.138052 0.270434
0 0.151339 0.245884 0.189767 0.238872 0.193974 0.261929 0.155546 0.268941
0 0.179888 0.241846 0.220508 0.242532 0.220112 0.265966 0.179492 0.265280
0 0.204501 0.242505 0.243558 0.241873 0.243937 0.265308 0.204879 0.265939
0 0.222063 0.241880 0.261121 0.242498 0.260749 0.265933 0.221692 0.265314
0 0.244618 0.244008 0.277367 0.241974 0.278820 0.265367 0.246070 0.267401
0 0.284390 0.242179 0.296890 0.242196 0.296860 0.265633 0.284360 0.265617
0 0.305330 0.240088 0.344151 0.244432 0.341545 0.267724 0.302724 0.263381
0 0.333359 0.240523 0.365988 0.243983 0.363516 0.267290 0.330887 0.263829
0 0.360204 0.244289 0.399180 0.241700 0.400734 0.265086 0.361757 0.267675
0 0.368098 0.251814 0.423011 0.233736 0.430340 0.255998 0.375427 0.274077
0 0.401826 0.238454 0.441274 0.248162 0.435674 0.270921 0.396226 0.261213
0 0.421376 0.248138 0.464026 0.238389 0.469249 0.261237 0.426599 0.270986
0 0.443148 0.238627 0.483070 0.246154 0.478727 0.269186 0.438805 0.261658
0 0.460869 0.238808 0.500510 0.247698 0.495381 0.270567 0.455740 0.261677
0 0.495638 0.241557 0.528320 0.244473 0.526237 0.267818 0.493555 0.264902
0 0.539236 0.241416 0.551608 0.243199 0.548264 0.266397 0.535892 0.264614
0 0.549455 0.247812 0.589050 0.238720 0.594295 0.261563 0.554700 0.270655
0 0.577757 0.248284 0.609133 0.238680 0.615993 0.261091 0.584617 0.270695
0 0.600887 0.238839 0.639302 0.245924 0.635051 0.268973 0.596636 0.261888
0 0.644624 0.242582 0.657102 0.241835 0.658501 0.265231 0.646023 0.265977
0 0.663501 0.243961 0.702514 0.242006 0.703687 0.265414 0.664673 0.267369
0 0.696616 0.242330 0.709112 0.242051 0.709634 0.265483 0.697138 0.265761
0 0.703018 0.242367 0.742079 0.242009 0.742294 0.265445 0.703234 0.265804
0 0.728364 0.241415 0.767297 0.244600 0.765386 0.267960 0.726453 0.264775
0 0.757298 0.243873 0.796319 0.242089 0.797390 0.265502 0.758368 0.267286
0 0.790858 0.242176 0.803221 0.244018 0.799767 0.267199 0.787404 0.265357
0 0.802710 0.242939 0.843307 0.241452 0.844165 0.264874 0.803568 0.266361
0 0.820610 0.240553 0.859528 0.243909 0.857515 0.267260 0.818597 0.263904
0 0.844710 0.240464 0.883422 0.245684 0.880290 0.268911 0.841578 0.263691
0 0.871444 0.238566 0.909740 0.246269 0.905118 0.269246 0.866823 0.261544
0 0.887354 0.245837 0.919716 0.240422 0.923584 0.263538 0.891221 0.268953
0 0.905503 0.241657 0.946040 0.244332 0.944497 0.267718 0.903960 0.265043
1 0.042257 0.265354 0.073504 0.279680 0.038993 0.354958 0.007746 0.340633
1 0.027373 0.277834 0.047001 0.268175 0.083564 0.342479 0.063937 0.352137
0 0.025810 0.321387 0.072614 0.323969 0.071065 0.352051 0.024261 0.349469
1 0.099171 0.268191 0.118780 0.277886 0.082079 0.352121 0.062470 0.342427
1 0.078921 0.276019 0.105363 0.266436 0.133579 0.344293 0.107137 0.353876
1 0.149685 0.268299 0.169174 0.278234 0.131565 0.352013 0.112076 0.342079
1 0.127638 0.277087 0.153695 0.266502 0.184862 0.343226 0.158805 0.353811
0 0.121979 0.323248 0.173540 0.323628 0.173333 0.351752 0.121772 0.351372
1 0.191974 0.267003 0.219402 0.278363 0.187713 0.354872 0.160285 0.343512
1 0.174279 0.280322 0.199061 0.267022 0.238221 0.339991 0.213439 0.353290
1 0.243330 0.266566 0.269155 0.277705 0.236357 0.353746 0.210532 0.342607
1 0.225991 0.278587 0.251475 0.266689 0.286509 0.341726 0.261025 0.353624
0 0.211776 0.325403 0.281981 0.321515 0.283536 0.349597 0.213332 0.353485
1 0.293233 0.266505 0.319277 0.277122 0.288017 0.353807 0.261973 0.343191
1 0.273294 0.280541 0.297984 0.267072 0.337643 0.339771 0.312953 0.353240
0 0.274270 0.321312 0.322630 0.324045 0.321043 0.352126 0.272682 0.349392
1 0.347423 0.266959 0.372324 0.280033 0.333827 0.353354 0.308926 0.340279
1 0.325850 0.278723 0.351281 0.266710 0.386650 0.341590 0.361219 0.353602
0 0.314844 0.320030 0.384812 0.326983 0.382031 0.354970 0.312063 0.348017
1 0.393204 0.266557 0.419062 0.277621 0.386483 0.353756 0.360626 0.342692
1 0.377617 0.278134 0.398939 0.268403 0.433321 0.343741 0.411999 0.353472
0 0.390072 0.323728 0.404124 0.323169 0.405240 0.351272 0.391189 0.351831
1 0.447669 0.268163 0.471089 0.280695 0.432019 0.353712 0.408598 0.341180
1 0.426487 0.278119 0.452154 0.266619 0.486013 0.342194 0.460346 0.353693
0 0.424833 0.323719 0.471705 0.323158 0.472042 0.351281 0.425170 0.351842
1 0.495103 0.266745 0.520453 0.278926 0.484585 0.353568 0.459235 0.341386
1 0.476037 0.277814 0.501821 0.266580 0.534900 0.342498 0.509117 0.353733
1 0.546825 0.268017 0.570487 0.280086 0.532863 0.353858 0.509200 0.341789
1 0.526017 0.278165 0.550120 0.267002 0.584921 0.342148 0.560817 0.353310
0 0.527793 0.325129 0.566718 0.321846 0.569082 0.349871 0.530157 0.353154
1 0.599370 0.268232 0.618933 0.278020 0.581880 0.352080 0.562317 0.342292
1 0.573125 0.282390 0.597361 0.268121 0.639375 0.339485 0.615139 0.353754
1 0.647903 0.268734 0.667796 0.277834 0.633347 0.353141 0.613454 0.344041
1 0.628009 0.277091 0.652511 0.266833 0.684491 0.343222 0.659989 0.353479
0 0.614668 0.319592 0.684703 0.325831 0.682207 0.353845 0.612172 0.347606
1 0.695498 0.266794 0.720736 0.279206 0.684189 0.353518 0.658951 0.341106
1 0.677351 0.277337 0.703315 0.266526 0.735149 0.342975 0.709185 0.353787
1 0.746720 0.267101 0.770627 0.278680 0.734530 0.353211 0.710623 0.341633
1 0.724665 0.279914 0.749615 0.266933 0.787835 0.340399 0.762885 0.353379
0 0.725456 0.321556 0.772172 0.325414 0.769857 0.353444 0.723141 0.349586
1 0.795157 0.266751 0.820492 0.278964 0.784530 0.353561 0.759196 0.341348
1 0.777468 0.277235 0.803470 0.266516 0.835032 0.343078 0.809030 0.353797
0 0.774271 0.320033 0.825550 0.325435 0.822604 0.353405 0.771325 0.348003
1 0.847284 0.266937 0.872227 0.279932 0.833966 0.353375 0.809023 0.340381
1 0.828068 0.277243 0.847897 0.268005 0.882869 0.343070 0.863041 0.352308
1 0.897896 0.267175 0.922406 0.280969 0.881791 0.353138 0.857281 0.339344
1 0.876456 0.277766 0.900709 0.266933 0.934482 0.342546 0.910229 0.353379
1 0.066211 0.377369 0.092718 0.386769 0.065039 0.464819 0.038532 0.455418
1 0.050880 0.388896 0.076608 0.377535 0.110058 0.453292 0.084329 0.464652
1 0.118315 0.376343 0.149216 0.391403 0.112935 0.465845 0.082034 0.450785
1 0.101200 0.390329 0.122073 0.379669 0.159738 0.453421 0.138865 0.464081
0 0.097722 0.432141 0.149200 0.435092 0.147591 0.463171 0.096113 0.460220
1 0.167987 0.377723 0.192628 0.387643 0.161700 0.464464 0.137060 0.454544
1 0.147664 0.392169 0.175468 0.377902 0.213273 0.451581 0.185470 0.465848
1 0.216539 0.377628 0.245542 0.389262 0.214711 0.466122 0.185708 0.454488
1 0.199984 0.389743 0.225382 0.377662 0.260954 0.452445 0.235556 0.464526
0 0.200996 0.430986 0.247558 0.436389 0.244317 0.464326 0.197754 0.458924
1 0.266057 0.375959 0.298886 0.390580 0.265193 0.466229 0.232364 0.451607
1 0.249422 0.390716 0.276289 0.378087 0.311516 0.453034 0.284648 0.465663
0 0.239665 0.430536 0.309701 0.436762 0.307210 0.464777 0.237174 0.458550
1 0.316676 0.377403 0.342905 0.387556 0.313011 0.464784 0.286783 0.454632
1 0.298255 0.392380 0.325966 0.377935 0.364245 0.451370 0.336534 0.465815
0 0.300760 0.432399 0.347572 0.434827 0.346115 0.462914 0.299303 0.460486
1 0.372408 0.378024 0.397073 0.391539 0.357279 0.464164 0.332614 0.450648
1 0.349649 0.390867 0.374593 0.377874 0.412851 0.451320 0.387907 0.464313
0 0.348953 0.432742 0.397360 0.434464 0.396360 0.462571 0.347953 0.460849
1 0.417918 0.377473 0.443847 0.388367 0.411770 0.464715 0.385840 0.453820
1 0.402830 0.387207 0.429183 0.377384 0.458108 0.454980 0.431754 0.464804
0 0.400499 0.432372 0.448762 0.436480 0.446376 0.464503 0.398113 0.460395
1 0.474283 0.379152 0.493866 0.388898 0.456967 0.463036 0.437384 0.453289
1 0.448345 0.391424 0.473059 0.377997 0.512592 0.450764 0.487879 0.464190
1 0.515786 0.377375 0.542216 0.386991 0.513901 0.464813 0.487471 0.455196
1 0.499526 0.390996 0.524417 0.377902 0.562974 0.451191 0.538083 0.464286
1 0.575871 0.379498 0.596034 0.391446 0.553817 0.462690 0.533653 0.450741
1 0.546194 0.393148 0.576289 0.376537 0.616306 0.449039 0.586211 0.465650
0 0.546625 0.436457 0.598026 0.432381 0.600250 0.460418 0.548849 0.464494
1 0.620857 0.379369 0.641165 0.387498 0.610393 0.464381 0.590085 0.456252
1 0.598327 0.391444 0.623031 0.378002 0.662611 0.450744 0.637906 0.464186
0 0.600693 0.432098 0.648903 0.436784 0.646182 0.464777 0.597972 0.460091
1 0.672356 0.377886 0.697278 0.390922 0.658894 0.464302 0.633972 0.451265
1 0.649862 0.391919 0.668648 0.380712 0.711075 0.451831 0.692289 0.463038
1 0.720060 0.377924 0.744197 0.389012 0.709628 0.464264 0.685490 0.453176
1 0.705887 0.387366 0.726238 0.379343 0.756613 0.456384 0.736262 0.464407
0 0.696701 0.437920 0.744657 0.431110 0.748611 0.458955 0.700655 0.465765
1 0.770358 0.377714 0.795636 0.390044 0.759329 0.464474 0.734052 0.452143
1 0.752655 0.387350 0.778958 0.377391 0.808282 0.454837 0.781980 0.464797
0 0.737270 0.434965 0.807573 0.433789 0.808043 0.461910 0.737740 0.463086
1 0.814946 0.377889 0.842868 0.387972 0.814742 0.465861 0.786819 0.455778
1 0.801316 0.390222 0.822228 0.379639 0.859622 0.453528 0.838710 0.464111
0 0.801100 0.430765 0.849181 0.436630 0.845775 0.464548 0.797694 0.458683
1 0.870165 0.377936 0.894275 0.389083 0.859523 0.464251 0.835412 0.453104
1 0.848405 0.391371 0.876550 0.377793 0.912533 0.452379 0.884387 0.465957
0 0.848336 0.435182 0.895108 0.432068 0.896976 0.460130 0.850205 0.463245
1 0.049789 0.490055 0.073934 0.504479 0.031461 0.575570 0.007316 0.561146
1 0.023326 0.502382 0.048031 0.488939 0.087611 0.561681 0.062906 0.575123
0 0.025355 0.543573 0.072094 0.547134 0.069958 0.575177 0.023218 0.571616
1 0.090837 0.486905 0.123481 0.501933 0.088851 0.577157 0.056206 0.562129
1 0.074834 0.501613 0.099857 0.488772 0.137666 0.562450 0.112643 0.575290
0 0.092311 0.544895 0.106345 0.545786 0.104564 0.573855 0.090530 0.572964
1 0.143887 0.490110 0.164549 0.497292 0.137363 0.575515 0.116701 0.568333
1 0.126545 0.499940 0.152232 0.488487 0.185955 0.564122 0.160268 0.575575
1 0.193369 0.488444 0.219184 0.499606 0.186319 0.575618 0.160503 0.564456
1 0.177695 0.498913 0.203770 0.488373 0.234805 0.565150 0.208730 0.575690
1 0.247521 0.488849 0.272393 0.501981 0.233729 0.575213 0.208857 0.562082
1 0.229044 0.499111 0.249134 0.490457 0.281894 0.566514 0.261803 0.575168
1 0.295562 0.488678 0.320782 0.501127 0.284126 0.575385 0.258906 0.562936
1 0.277356 0.499208 0.303322 0.488400 0.335144 0.564855 0.309178 0.575662
0 0.292653 0.543689 0.306579 0.545648 0.302659 0.573499 0.288734 0.571539
1 0.345661 0.488593 0.371073 0.500644 0.335589 0.575469 0.310177 0.563418
1 0.325825 0.500217 0.349861 0.488910 0.385112 0.563845 0.361076 0.575152
0 0.324250 0.545865 0.371051 0.543242 0.372625 0.571322 0.325824 0.573946
1 0.397161 0.490488 0.417211 0.499237 0.384089 0.575137 0.364039 0.566388
1 0.372776 0.503771 0.397224 0.489868 0.438161 0.561854 0.413713 0.575757
1 0.449614 0.490017 0.473817 0.504343 0.431636 0.575608 0.407433 0.561282
1 0.429391 0.499456 0.449368 0.490543 0.483109 0.566169 0.463132 0.575082
1 0.494141 0.490131 0.514761 0.497435 0.487109 0.575494 0.466489 0.568190
1 0.480937 0.497708 0.501474 0.490173 0.530000 0.567917 0.509464 0.575452
0 0.475289 0.544842 0.522155 0.545789 0.521586 0.573908 0.474720 0.572961
1 0.546340 0.488924 0.570348 0.500291 0.534910 0.575138 0.510902 0.563771
1 0.527502 0.500791 0.548548 0.490475 0.584998 0.564834 0.563952 0.575150
0 0.512656 0.544929 0.582964 0.545697 0.582657 0.573821 0.512349 0.573053
1 0.595017 0.488609 0.620391 0.500741 0.584671 0.575453 0.559296 0.563322
1 0.570170 0.503900 0.601904 0.487035 0.640768 0.560162 0.609033 0.577027
0 0.575775 0.542995 0.622406 0.547776 0.619537 0.575755 0.572907 0.570974
1 0.647653 0.488871 0.672484 0.502077 0.633597 0.575192 0.608766 0.561985
1 0.624353 0.502118 0.649167 0.488880 0.688147 0.561944 0.663333 0.575183
0 0.626672 0.538878 0.676797 0.550968 0.670203 0.578309 0.620078 0.566219
1 0.698200 0.490028 0.717853 0.499634 0.681488 0.574035 0.661835 0.564429
1 0.674510 0.503754 0.694446 0.491430 0.737990 0.561871 0.718054 0.574195
0 0.677748 0.545851 0.716796 0.544784 0.717564 0.572899 0.678517 0.573966
1 0.742792 0.488402 0.768753 0.499221 0.736895 0.575661 0.710935 0.564841
1 0.727470 0.500317 0.746886 0.490241 0.785030 0.563745 0.765614 0.573821
0 0.740429 0.545845 0.754456 0.544850 0.756446 0.572905 0.742419 0.573900
1 0.797655 0.490567 0.817601 0.499550 0.783595 0.575058 0.763649 0.566075
1 0.776133 0.500326 0.801671 0.488543 0.836367 0.563736 0.810829 0.575520
0 0.792228 0.544931 0.806267 0.545741 0.804647 0.573819 0.790608 0.573009
1 0.845487 0.488573 0.870947 0.500523 0.835763 0.575489 0.810303 0.563540
1 0.823101 0.504293 0.847326 0.490004 0.889399 0.561332 0.865174 0.575621
0 0.840555 0.545771 0.854591 0.544907 0.856320 0.572979 0.842284 0.573843
1 0.892830 0.488404 0.918781 0.499246 0.886858 0.575658 0.860906 0.564816
1 0.879283 0.497919 0.904157 0.488598 0.933217 0.566144 0.908343 0.575465
0 0.893124 0.543539 0.906981 0.545935 0.902188 0.573649 0.888331 0.571252
0 0.034241 0.571369 0.091330 0.580486 0.087634 0.603631 0.030545 0.594514
0 0.069276 0.573056 0.108132 0.577068 0.105724 0.600382 0.066868 0.596369
0 0.094545 0.575968 0.106927 0.574253 0.110142 0.597469 0.097760 0.599184
0 0.112966 0.574257 0.151999 0.575761 0.151097 0.599181 0.112063 0.597677
0 0.137452 0.577353 0.177961 0.574277 0.179735 0.597647 0.139227 0.600723
0 0.156221 0.575051 0.196846 0.574949 0.196904 0.598387 0.156279 0.598488
0 0.175263 0.574573 0.214316 0.575433 0.213800 0.598865 0.174747 0.598004
0 0.201653 0.574850 0.240715 0.575151 0.240534 0.598588 0.201473 0.598287
0 0.224867 0.576896 0.268459 0.573188 0.270446 0.596541 0.226853 0.600249
0 0.255076 0.573241 0.293970 0.576860 0.291799 0.600196 0.252905 0.596578
0 0.262774 0.574347 0.320571 0.575659 0.320039 0.599091 0.262241 0.597778
0 0.285601 0.575651 0.329332 0.574359 0.330024 0.597786 0.286293 0.599078
0 0.311574 0.574741 0.352144 0.576853 0.350926 0.600259 0.310356 0.598147
0 0.333683 0.571549 0.391061 0.578627 0.388192 0.601888 0.330814 0.594811
0 0.363626 0.577425 0.403979 0.572732 0.406686 0.596013 0.366333 0.600705
0 0.392032 0.571863 0.430185 0.580246 0.425155 0.603137 0.387003 0.594754
0 0.403027 0.570088 0.459604 0.581976 0.454785 0.604912 0.398208 0.593024
0 0.446936 0.574588 0.459405 0.575470 0.457751 0.598849 0.445283 0.597967
0 0.459315 0.577425 0.471514 0.574701 0.476623 0.597575 0.464423 0.600299
0 0.472674 0.572699 0.511443 0.577477 0.508576 0.600738 0.469807 0.595961
0 0.487461 0.575067 0.528086 0.574933 0.528164 0.598370 0.487539 0.598504
0 0.512909 0.574272 0.545573 0.577397 0.543341 0.600728 0.510677 0.597603
0 0.541460 0.571711 0.579899 0.578663 0.575727 0.601727 0.537289 0.594774
0 0.584269 0.577465 0.596455 0.574685 0.601669 0.597535 0.589482 0.600315
0 0.590281 0.577213 0.630679 0.572918 0.633156 0.596224 0.592759 0.600519
0 0.612605 0.574826 0.651666 0.575175 0.651457 0.598611 0.612396 0.598263
0 0.646548 0.576732 0.679190 0.573390 0.681577 0.596706 0.648935 0.600048
0 0.662948 0.572949 0.706495 0.577160 0.704239 0.600488 0.660692 0.596278
0 0.692024 0.576741 0.730939 0.573347 0.732976 0.596696 0.694061 0.600090
0 0.698122 0.578973 0.755596 0.572726 0.758128 0.596027 0.700654 0.602274
0 0.728997 0.577017 0.767984 0.574591 0.769440 0.597983 0.730453 0.600409
0 0.761148 0.574504 0.793855 0.577134 0.791977 0.600496 0.759270 0.597866
0 0.785507 0.576916 0.818112 0.573232 0.820743 0.596522 0.788138 0.600205
0 0.824998 0.575001 0.837498 0.574999 0.837502 0.598436 0.825002 0.598439
0 0.824673 0.578976 0.863006 0.571462 0.867515 0.594461 0.829182 0.601976
0 0.833081 0.574359 0.890879 0.575646 0.890357 0.599078 0.832559 0.597791
0 0.869914 0.573025 0.908548 0.578794 0.905086 0.601975 0.866452 0.596206
0 0.890277 0.575675 0.934006 0.574336 0.934723 0.597762 0.890994 0.599102
0 0.902969 0.578431 0.960546 0.573226 0.962656 0.596569 0.905079 0.601774
1 0.074588 0.601120 0.098534 0.615872 0.055100 0.686380 0.031154 0.671628
1 0.052527 0.609650 0.077120 0.599614 0.108411 0.676287 0.083817 0.686324
1 0.121809 0.599927 0.145691 0.611554 0.109441 0.686011 0.085559 0.674384
1 0.099479 0.612922 0.124348 0.599788 0.163021 0.673016 0.138152 0.686150
0 0.100976 0.659863 0.139443 0.653066 0.144336 0.680762 0.105870 0.687559
1 0.176442 0.601531 0.195495 0.612278 0.154808 0.684407 0.135755 0.673659
1 0.152428 0.611796 0.173448 0.601430 0.210072 0.675704 0.189052 0.686070
0 0.152099 0.652451 0.198550 0.658741 0.194776 0.686612 0.148325 0.680321
1 0.221729 0.600814 0.245419 0.612830 0.207958 0.686686 0.184269 0.674670
1 0.202750 0.611002 0.222254 0.601098 0.259750 0.674935 0.240246 0.684840
1 0.269125 0.599972 0.295963 0.612663 0.260562 0.687528 0.233724 0.674837
1 0.249592 0.612803 0.274511 0.599762 0.312908 0.673135 0.287989 0.686175
0 0.250230 0.654687 0.296997 0.657878 0.295082 0.685938 0.248316 0.682747
1 0.316231 0.599262 0.342562 0.609146 0.313457 0.686676 0.287126 0.676791
1 0.301229 0.611511 0.325128 0.599918 0.361271 0.674427 0.337372 0.686020
0 0.300171 0.653991 0.346949 0.657004 0.345141 0.685071 0.298363 0.682058
1 0.370613 0.599525 0.396039 0.611548 0.360637 0.686412 0.335211 0.674389
1 0.348266 0.613005 0.374638 0.599370 0.412671 0.672932 0.386300 0.686567
1 0.418707 0.599411 0.444435 0.610773 0.410980 0.686527 0.385252 0.675165
1 0.399398 0.613007 0.424233 0.599806 0.463102 0.672930 0.438267 0.686131
0 0.398692 0.655820 0.447122 0.656684 0.446620 0.684805 0.398191 0.683941
1 0.468282 0.599320 0.494314 0.609966 0.462968 0.686617 0.436936 0.675971
1 0.449992 0.612388 0.475081 0.599677 0.512508 0.673550 0.487419 0.686260
0 0.451080 0.652665 0.499168 0.658475 0.495795 0.686397 0.447707 0.680587
1 0.521690 0.599245 0.548869 0.614668 0.507998 0.686692 0.480819 0.671269
1 0.499831 0.610989 0.531714 0.598139 0.562669 0.674949 0.530786 0.687798
0 0.489516 0.652707 0.559604 0.658320 0.557359 0.686355 0.487271 0.680742
1 0.570593 0.599523 0.596024 0.611534 0.560657 0.686415 0.535226 0.674403
1 0.547982 0.613314 0.574221 0.599428 0.612956 0.672623 0.586716 0.686509
1 0.618283 0.599375 0.644120 0.610486 0.611405 0.686562 0.585567 0.675452
1 0.604672 0.608244 0.631316 0.599240 0.657828 0.677694 0.631184 0.686698
1 0.670523 0.599350 0.696941 0.612893 0.659165 0.686587 0.632746 0.673045
1 0.650825 0.611559 0.676246 0.599527 0.711675 0.674378 0.686254 0.686411
0 0.649833 0.656531 0.696705 0.655971 0.697042 0.684094 0.650170 0.684654
1 0.721620 0.600797 0.745340 0.612752 0.708068 0.686703 0.684348 0.674748
1 0.696761 0.615236 0.723681 0.599365 0.765739 0.670702 0.738819 0.686573
0 0.699438 0.656450 0.746273 0.654511 0.747437 0.682612 0.700602 0.684551
1 0.769319 0.599648 0.797534 0.613083 0.761931 0.687852 0.733716 0.674417
1 0.750877 0.611509 0.776318 0.599519 0.811623 0.674428 0.786182 0.686419
1 0.817716 0.599290 0.843884 0.609597 0.813534 0.686648 0.787366 0.676340
1 0.802860 0.609709 0.828987 0.599298 0.859640 0.676229 0.833513 0.686639
0 0.798141 0.656773 0.846567 0.655733 0.847171 0.683852 0.798745 0.684892
1 0.868005 0.599354 0.893913 0.610300 0.861682 0.686583 0.835775 0.675637
1 0.851039 0.611693 0.874867 0.599956 0.911461 0.674244 0.887633 0.685982
0 0.040302 0.686517 0.080910 0.685367 0.081573 0.708796 0.040965 0.709945
0 0.080937 0.686591 0.093379 0.685392 0.095626 0.708722 0.083183 0.709920
0 0.093555 0.686215 0.126363 0.685663 0.126757 0.709098 0.093949 0.709649
0 0.121446 0.688345 0.161803 0.683685 0.164492 0.706967 0.124135 0.711628
0 0.147963 0.687652 0.191674 0.685806 0.192662 0.709223 0.148951 0.711069
0 0.167556 0.685274 0.211286 0.686612 0.210569 0.710039 0.166839 0.708700
0 0.198234 0.686228 0.231041 0.685651 0.231454 0.709084 0.198646 0.709662
0 0.218751 0.685936 0.276563 0.685939 0.276562 0.709377 0.218749 0.709373
0 0.251175 0.686692 0.294899 0.685197 0.295700 0.708621 0.251976 0.710116
0 0.291071 0.685711 0.303562 0.686181 0.302679 0.709602 0.290188 0.709131
0 0.295657 0.684044 0.339234 0.687924 0.337156 0.711269 0.293578 0.707389
0 0.322808 0.689479 0.361509 0.684175 0.364692 0.707396 0.325991 0.712700
0 0.349339 0.688047 0.393011 0.685433 0.394411 0.708828 0.350739 0.711442
0 0.371753 0.687666 0.412237 0.684290 0.414185 0.707647 0.373700 0.711022
0 0.393259 0.687686 0.436967 0.685774 0.437991 0.709189 0.394283 0.711101
0 0.425849 0.685613 0.458583 0.687880 0.456964 0.711262 0.424230 0.708995
0 0.446227 0.687921 0.486783 0.685556 0.488148 0.708954 0.447592 0.711319
0 0.481500 0.682382 0.519426 0.691738 0.513812 0.714493 0.475887 0.705137
0 0.485629 0.689884 0.543109 0.683689 0.545621 0.706991 0.488141 0.713186
0 0.517035 0.692206 0.555979 0.680639 0.562652 0.703107 0.523709 0.714673
0 0.550785 0.685500 0.589768 0.687985 0.588278 0.711375 0.549294 0.708890
0 0.563719 0.688336 0.607220 0.683673 0.609718 0.706977 0.566218 0.711640
0 0.591637 0.684051 0.631880 0.689606 0.628676 0.712824 0.588432 0.707269
0 0.610929 0.685949 0.643742 0.685926 0.643758 0.709364 0.610946 0.709386
0 0.642366 0.685692 0.675174 0.686186 0.674822 0.709620 0.642013 0.709127
0 0.672370 0.684035 0.711235 0.687959 0.708880 0.711278 0.670015 0.707354
0 0.699379 0.686801 0.711783 0.685254 0.714683 0.708512 0.702279 0.710058
0 0.713361 0.685339 0.753888 0.688155 0.752264 0.711536 0.711737 0.708720
0 0.743054 0.685331 0.783580 0.688163 0.781946 0.711544 0.741420 0.708712
0 0.770266 0.688287 0.810775 0.685218 0.812546 0.708588 0.772037 0.711657
0 0.799431 0.691641 0.838994 0.682410 0.844319 0.705234 0.804756 0.714465
0 0.836661 0.685580 0.849138 0.686339 0.847714 0.709733 0.835237 0.708974
0 0.847538 0.683648 0.905008 0.689928 0.902462 0.713227 0.844992 0.706947
0 0.873400 0.688207 0.912354 0.685296 0.914100 0.708668 0.875146 0.711579
0 0.895021 0.689816 0.933388 0.682477 0.937791 0.705497 0.899424 0.712836
0 0.918142 0.684125 0.958408 0.689520 0.955295 0.712750 0.915030 0.707355
1 0.043077 0.710246 0.069159 0.720770 0.038173 0.797567 0.012091 0.787043
1 0.025822 0.722499 0.051243 0.710465 0.086678 0.785313 0.061257 0.797348
0 0.025258 0.766767 0.072125 0.767613 0.071617 0.795733 0.024750 0.794887
1 0.099858 0.712087 0.119306 0.722102 0.081392 0.795726 0.061944 0.785711
1 0.079260 0.720817 0.099406 0.712292 0.131677 0.788558 0.111532 0.797083
0 0.071399 0.770730 0.119130 0.762492 0.123914 0.790207 0.076182 0.798445
1 0.145898 0.710338 0.172199 0.724108 0.133790 0.797474 0.107489 0.783705
1 0.123146 0.722839 0.154648 0.709082 0.187791 0.784973 0.156289 0.798731
0 0.124742 0.767626 0.171609 0.766754 0.172133 0.794874 0.125266 0.795746
1 0.195237 0.710511 0.220550 0.722771 0.184450 0.797301 0.159138 0.785041
1 0.174996 0.723354 0.203487 0.710518 0.237504 0.786021 0.209013 0.798857
0 0.169921 0.770815 0.220788 0.762377 0.225391 0.790122 0.174524 0.798561
1 0.243038 0.710294 0.268937 0.721260 0.236649 0.797518 0.210750 0.786553
1 0.227773 0.722425 0.248904 0.712287 0.284727 0.786950 0.263596 0.797088
1 0.299692 0.712228 0.318990 0.722528 0.279995 0.795585 0.260697 0.785284
1 0.275787 0.722533 0.301194 0.710470 0.336713 0.785279 0.311306 0.797342
0 0.263142 0.764897 0.333389 0.767942 0.332170 0.796041 0.261924 0.792995
1 0.350020 0.712306 0.369236 0.722759 0.329667 0.795506 0.310451 0.785054
1 0.326200 0.721747 0.350366 0.710723 0.384738 0.786065 0.360571 0.797090
0 0.323400 0.767252 0.371838 0.767123 0.371912 0.795248 0.323475 0.795377
1 0.395352 0.710525 0.420631 0.722852 0.384336 0.797287 0.359056 0.784960
1 0.380944 0.720138 0.401307 0.712147 0.431556 0.789237 0.411193 0.797228
1 0.447122 0.710663 0.472114 0.723563 0.434128 0.797150 0.409136 0.784249
1 0.428053 0.722180 0.449272 0.712224 0.484447 0.787195 0.463228 0.797151
1 0.496997 0.710644 0.522026 0.723473 0.484253 0.797169 0.459224 0.784340
1 0.474459 0.723074 0.499650 0.710566 0.536478 0.784739 0.511288 0.797246
1 0.543354 0.708906 0.575109 0.725733 0.536334 0.798907 0.504579 0.782080
1 0.524237 0.722086 0.557624 0.708790 0.588263 0.785726 0.554876 0.799022
0 0.525221 0.765588 0.573548 0.768851 0.571654 0.796912 0.523327 0.793649
1 0.596497 0.712057 0.617967 0.721458 0.584753 0.797318 0.563283 0.787917
1 0.580970 0.719560 0.601513 0.712044 0.629967 0.789815 0.609424 0.797331
1 0.645443 0.709334 0.675591 0.725848 0.635807 0.798478 0.605659 0.781965
1 0.626195 0.721421 0.652033 0.710312 0.684742 0.786392 0.658904 0.797500
0 0.640514 0.767670 0.654547 0.766763 0.656361 0.794830 0.642328 0.795737
1 0.695600 0.712250 0.715807 0.720629 0.684087 0.797125 0.663880 0.788746
1 0.675797 0.721784 0.701497 0.710358 0.735140 0.786029 0.709441 0.797455
0 0.690994 0.767009 0.705052 0.767376 0.704318 0.795491 0.690261 0.795124
1 0.743313 0.710561 0.767878 0.720666 0.736374 0.797252 0.711809 0.787147
1 0.723233 0.724842 0.749218 0.710485 0.789267 0.782970 0.763282 0.797327
0 0.723395 0.767261 0.771832 0.767114 0.771917 0.795239 0.723480 0.795386
1 0.789488 0.710192 0.816345 0.718541 0.791762 0.797621 0.764905 0.789272
1 0.777646 0.720830 0.803706 0.710251 0.834854 0.786983 0.808794 0.797561
0 0.772606 0.765142 0.824105 0.767706 0.822706 0.795796 0.771208 0.793232
1 0.847226 0.710678 0.872187 0.723639 0.834024 0.797134 0.809063 0.784173
1 0.829029 0.721625 0.848908 0.712495 0.883471 0.787750 0.863592 0.796880
0 0.823955 0.765031 0.875328 0.769447 0.872920 0.797469 0.821547 0.793053
1 0.892212 0.710495 0.920817 0.723076 0.887476 0.798880 0.858871 0.786299
1 0.877626 0.720187 0.903920 0.710205 0.933312 0.787626 0.907018 0.797608
0 0.035844 0.804398 0.077769 0.791892 0.084468 0.814352 0.042544 0.826858
0 0.058509 0.794706 0.097312 0.799200 0.094616 0.822482 0.055813 0.817987
0 0.098284 0.798748 0.110638 0.796839 0.114216 0.820002 0.101862 0.821911
0 0.117580 0.795043 0.158030 0.798808 0.155858 0.822145 0.115408 0.818379
0 0.144832 0.799295 0.183614 0.794623 0.186418 0.817892 0.147636 0.822564
0 0.156034 0.800505 0.213576 0.794917 0.215841 0.818245 0.158299 0.823833
0 0.200462 0.794804 0.239064 0.800785 0.235476 0.823946 0.196874 0.817965
0 0.222867 0.798499 0.255638 0.796843 0.256821 0.820251 0.224050 0.821907
0 0.236868 0.798780 0.275868 0.796570 0.277194 0.819970 0.238194 0.822180
0 0.254196 0.800710 0.311524 0.793237 0.314554 0.816478 0.257226 0.823951
0 0.279620 0.799237 0.337245 0.794589 0.339130 0.817950 0.281505 0.822599
0 0.329342 0.797066 0.341837 0.796695 0.342533 0.820122 0.330038 0.820493
0 0.329460 0.803840 0.386041 0.791972 0.390853 0.814910 0.334271 0.826778
0 0.378122 0.793425 0.417726 0.802477 0.412503 0.825325 0.372899 0.816273
0 0.394602 0.798986 0.435143 0.796375 0.436648 0.819764 0.396107 0.822375
0 0.428524 0.796210 0.469126 0.797553 0.468351 0.820978 0.427749 0.819634
0 0.463135 0.796657 0.502145 0.798687 0.500927 0.822093 0.461918 0.820063
0 0.483574 0.793310 0.526680 0.800784 0.522676 0.823877 0.479570 0.816403
0 0.499632 0.799336 0.543119 0.794554 0.545681 0.817852 0.502193 0.822633
0 0.522527 0.796632 0.561534 0.798713 0.560286 0.822118 0.521278 0.820037
0 0.546261 0.798567 0.579025 0.796780 0.580302 0.820183 0.547538 0.821970
0 0.561041 0.796704 0.600102 0.797047 0.599897 0.820483 0.560836 0.820141
0 0.583949 0.794934 0.622594 0.800629 0.619176 0.823816 0.580531 0.818121
0 0.609341 0.793157 0.652033 0.802723 0.646909 0.825593 0.604217 0.816027
0 0.631342 0.796723 0.670403 0.797027 0.670221 0.820464 0.631159 0.820160
0 0.649353 0.800586 0.689585 0.794953 0.692835 0.818164 0.652602 0.823797
0 0.673300 0.797221 0.731108 0.796531 0.731388 0.819967 0.673579 0.820657
0 0.717571 0.795122 0.756467 0.798728 0.754304 0.822065 0.715408 0.818460
0 0.733687 0.798939 0.774234 0.796419 0.775688 0.819811 0.735141 0.822331
0 0.759484 0.796696 0.798545 0.797055 0.798329 0.820492 0.759268 0.820132
0 0.780459 0.795133 0.823897 0.800347 0.821104 0.823617 0.777666 0.818403
0 0.813843 0.797189 0.846650 0.796566 0.847095 0.819999 0.814288 0.820622
0 0.835169 0.799103 0.875695 0.796266 0.877331 0.819647 0.836805 0.822484
0 0.857123 0.800954 0.889059 0.793422 0.894440 0.816233 0.862503 0.823766
0 0.882320 0.799323 0.921096 0.794599 0.923930 0.817865 0.885154 0.822588
0 0.916257 0.795114 0.948864 0.798784 0.946243 0.822074 0.913636 0.818404
1 0.075092 0.822933 0.099133 0.837528 0.056158 0.908317 0.032117 0.893722
1 0.047987 0.835566 0.072535 0.821840 0.112950 0.894121 0.088402 0.907847
0 0.046741 0.878373 0.098301 0.877878 0.098571 0.906002 0.047011 0.906497
1 0.122613 0.822728 0.142398 0.832058 0.107075 0.906960 0.087290 0.897629
1 0.097706 0.837571 0.121729 0.822945 0.164794 0.893679 0.140771 0.908305
1 0.169866 0.821321 0.195494 0.832905 0.161384 0.908367 0.135756 0.896782
1 0.151167 0.832384 0.176995 0.821253 0.209771 0.897303 0.183942 0.908435
0 0.149080 0.876292 0.197470 0.878423 0.196233 0.906521 0.147842 0.904389
1 0.220065 0.821341 0.245640 0.833043 0.211185 0.908347 0.185610 0.896645
1 0.201406 0.832882 0.227043 0.821318 0.261094 0.896805 0.235457 0.908370
0 0.197727 0.880199 0.244277 0.874684 0.247585 0.902614 0.201036 0.908128
1 0.270446 0.821475 0.295699 0.833857 0.259241 0.908212 0.233989 0.895831
1 0.249945 0.834725 0.276707 0.821874 0.312555 0.896525 0.285793 0.909376
0 0.253659 0.877412 0.292694 0.878857 0.291654 0.906963 0.252618 0.905518
1 0.317885 0.821221 0.343822 0.832095 0.311803 0.908467 0.285865 0.897593
1 0.299475 0.834427 0.326037 0.821167 0.363025 0.895261 0.336463 0.908520
0 0.296813 0.880615 0.344839 0.874312 0.348499 0.902197 0.300473 0.908501
1 0.365671 0.821115 0.392293 0.830187 0.365579 0.908573 0.338957 0.899500
1 0.349949 0.834651 0.373659 0.822677 0.410989 0.896599 0.387278 0.908573
0 0.353119 0.878134 0.392181 0.878116 0.392194 0.906241 0.353131 0.906259
1 0.421889 0.821566 0.446950 0.834332 0.409361 0.908122 0.384300 0.895356
1 0.401473 0.834063 0.420558 0.823373 0.461027 0.895624 0.441942 0.906314
0 0.398880 0.876082 0.450273 0.880260 0.447995 0.908293 0.396602 0.904115
1 0.472550 0.821666 0.497413 0.834814 0.458700 0.908021 0.433837 0.894873
1 0.449672 0.833798 0.474949 0.821464 0.511265 0.895889 0.485989 0.908223
0 0.450543 0.876058 0.498795 0.880300 0.496332 0.908317 0.448080 0.904075
1 0.527759 0.824339 0.547596 0.836821 0.503491 0.906911 0.483654 0.894429
1 0.500843 0.833759 0.524597 0.821872 0.561657 0.895928 0.537903 0.907816
0 0.502464 0.880384 0.541284 0.876040 0.544411 0.903991 0.505591 0.908335
1 0.572407 0.821644 0.597313 0.834709 0.558843 0.908044 0.533937 0.894979
1 0.551358 0.832212 0.577252 0.821233 0.609579 0.897475 0.583686 0.908454
0 0.548393 0.878821 0.595178 0.875920 0.596919 0.903991 0.550134 0.906893
1 0.623682 0.821327 0.650422 0.837498 0.607568 0.908361 0.580828 0.892189
1 0.601259 0.834024 0.622152 0.823404 0.659678 0.897226 0.638785 0.907846
0 0.598328 0.878316 0.646764 0.877935 0.646985 0.906059 0.598549 0.906440
1 0.672263 0.823316 0.692291 0.832113 0.658987 0.907934 0.638959 0.899137
1 0.647954 0.837277 0.672104 0.822863 0.714546 0.893973 0.690396 0.908387
0 0.668024 0.876382 0.681897 0.878686 0.677288 0.906431 0.663416 0.904127
1 0.721647 0.821779 0.745573 0.833316 0.709603 0.907909 0.685677 0.896372
1 0.700928 0.833335 0.726388 0.821386 0.761572 0.896352 0.736112 0.908302
0 0.700595 0.876051 0.747276 0.880315 0.744717 0.908324 0.698037 0.904060
1 0.774823 0.823017 0.794279 0.833015 0.756427 0.906671 0.736971 0.896672
1 0.751253 0.833363 0.775161 0.821788 0.811247 0.896325 0.787339 0.907900
0 0.737705 0.877622 0.808011 0.878631 0.807607 0.906753 0.737302 0.905744
1 0.815763 0.820021 0.847234 0.833848 0.813925 0.909666 0.782453 0.895840
1 0.797781 0.836577 0.822232 0.822679 0.863156 0.894673 0.838705 0.908571
0 0.796289 0.878475 0.847803 0.876239 0.849023 0.904337 0.797509 0.906574
1 0.870192 0.821600 0.894493 0.832325 0.861058 0.908087 0.836757 0.897363
1 0.854143 0.831845 0.874260 0.823251 0.906794 0.899405 0.886678 0.907999
0 0.044122 0.903967 0.083505 0.913937 0.077753 0.936658 0.038370 0.926688
0 0.065361 0.911607 0.122871 0.905703 0.125264 0.929018 0.067754 0.934922
0 0.097920 0.909541 0.138502 0.907672 0.139580 0.931084 0.098998 0.932953
0 0.114322 0.907192 0.172121 0.908438 0.171616 0.931871 0.113817 0.930624
0 0.147639 0.907405 0.186627 0.909827 0.185173 0.933220 0.146186 0.930798
0 0.166992 0.908145 0.206049 0.907483 0.206446 0.930917 0.167389 0.931579
0 0.196009 0.905644 0.234812 0.910137 0.232116 0.933419 0.193313 0.928926
0 0.212816 0.907281 0.253427 0.908352 0.252809 0.931782 0.212198 0.930710
0 0.231769 0.907770 0.270796 0.909439 0.269794 0.932855 0.230767 0.931186
0 0.252660 0.912181 0.290849 0.903968 0.295777 0.926881 0.257588 0.935095
0 0.289746 0.905480 0.328253 0.912041 0.324317 0.935145 0.285809 0.928584
0 0.311783 0.909935 0.352323 0.907302 0.353842 0.930690 0.313302 0.933323
0 0.332812 0.911864 0.372951 0.905603 0.376563 0.928761 0.336424 0.935022
0 0.355456 0.906245 0.395789 0.911111 0.392981 0.934380 0.352649 0.929514
0 0.382637 0.911551 0.422634 0.904436 0.426738 0.927511 0.386741 0.934626
0 0.431130 0.908340 0.443591 0.907358 0.445433 0.930723 0.432972 0.931705
0 0.463380 0.908719 0.475775 0.907102 0.478807 0.930343 0.466412 0.931960
0 0.484638 0.907452 0.517443 0.908178 0.516924 0.931610 0.484120 0.930884
0 0.497551 0.904357 0.540699 0.911591 0.536824 0.934706 0.493676 0.927471
0 0.522155 0.906017 0.565751 0.909691 0.563782 0.933046 0.520187 0.929372
0 0.556351 0.907645 0.595412 0.907981 0.595211 0.931417 0.556150 0.931082
0 0.582094 0.911700 0.622280 0.905741 0.625718 0.928925 0.585533 0.934884
0 0.602517 0.911425 0.642775 0.905974 0.645920 0.929200 0.605662 0.934651
0 0.639828 0.905554 0.678608 0.910240 0.675797 0.933508 0.637017 0.928822
0 0.669653 0.903039 0.700612 0.913910 0.692847 0.936024 0.661888 0.925152
0 0.679286 0.908510 0.718324 0.907130 0.719152 0.930553 0.680114 0.931933
0 0.714001 0.910129 0.752948 0.907128 0.754749 0.930496 0.715802 0.933497
0 0.744941 0.909993 0.783775 0.905769 0.786309 0.929069 0.747475 0.933293
0 0.765131 0.909494 0.805717 0.907715 0.806744 0.931131 0.766158 0.932910
0 0.802898 0.907936 0.815396 0.907693 0.815852 0.931126 0.803354 0.931369
0 0.807547 0.914183 0.844826 0.902513 0.851828 0.924880 0.814549 0.936550
0 0.838465 0.909478 0.871232 0.907742 0.872472 0.931147 0.839705 0.932883
0 0.843328 0.915211 0.899397 0.901121 0.905109 0.923851 0.849040 0.937942
0 0.880539 0.907228 0.921069 0.910015 0.919461 0.933397 0.878931 0.930610
0 0.899305 0.910219 0.931796 0.905636 0.935070 0.928844 0.902579 0.933426
0 0.909264 0.909658 0.952864 0.906047 0.954799 0.929404 0.911198 0.933016
6 0.000000 0.332887 0.020238 0.332738 0.020387 0.356175 0.000000 0.356324
6 0.954864 0.668576 0.978299 0.668926 0.977949 0.692361 0.954514 0.692011
