1 0.055900 0.057572 0.072608 0.066081 0.045663 0.118990 0.028955 0.110481
1 0.043130 0.068138 0.060510 0.057623 0.091245 0.108424 0.073865 0.118939
1 0.113557 0.059233 0.128240 0.068166 0.097381 0.118892 0.082697 0.109959
1 0.099415 0.066371 0.117542 0.057205 0.144335 0.110191 0.126208 0.119357
0 0.097041 0.096599 0.131412 0.097154 0.131084 0.117464 0.096713 0.116908
1 0.165372 0.057341 0.183231 0.067019 0.154941 0.119221 0.137082 0.109543
1 0.152824 0.066893 0.170735 0.057313 0.198739 0.109670 0.180827 0.119250
0 0.151601 0.096810 0.185976 0.096940 0.185899 0.117253 0.151524 0.117122
1 0.220315 0.057385 0.238093 0.067211 0.209372 0.119177 0.191594 0.109352
1 0.204583 0.071331 0.220868 0.059191 0.256355 0.106794 0.240069 0.118934
0 0.198959 0.096456 0.248901 0.098880 0.247916 0.119169 0.197974 0.116745
1 0.269729 0.056070 0.292710 0.065913 0.269334 0.120492 0.246353 0.110650
1 0.262267 0.066820 0.280208 0.057297 0.308046 0.109742 0.290104 0.119265
1 0.333934 0.058912 0.347233 0.067114 0.316066 0.117651 0.302767 0.109449
1 0.320275 0.066079 0.334224 0.059039 0.360975 0.112046 0.347026 0.119086
0 0.315895 0.096432 0.350258 0.097325 0.349730 0.117630 0.315367 0.116738
1 0.383463 0.057484 0.400324 0.065686 0.374349 0.119079 0.357489 0.110876
1 0.374838 0.064462 0.390607 0.057625 0.414225 0.112101 0.398455 0.118937
0 0.373258 0.097129 0.401378 0.096624 0.401742 0.116934 0.373622 0.117438
1 0.440020 0.057665 0.456580 0.066460 0.428730 0.118898 0.412170 0.110103
1 0.429301 0.065026 0.446411 0.057356 0.470699 0.111536 0.453589 0.119206
0 0.424050 0.096600 0.461488 0.098746 0.460325 0.119025 0.422887 0.116879
1 0.495197 0.057510 0.512760 0.067716 0.482928 0.119052 0.465365 0.108847
1 0.482704 0.065484 0.499642 0.057442 0.525108 0.111078 0.508170 0.119120
0 0.491747 0.097090 0.501113 0.096679 0.502003 0.116972 0.492637 0.117383
1 0.545861 0.056200 0.567938 0.067931 0.540076 0.120363 0.517999 0.108632
1 0.535634 0.066896 0.553544 0.057314 0.581554 0.109667 0.563644 0.119249
1 0.600508 0.057034 0.619050 0.065329 0.594804 0.119528 0.576263 0.111234
1 0.594565 0.065351 0.608762 0.058825 0.633560 0.112774 0.619363 0.119300
1 0.653120 0.057695 0.672170 0.064744 0.651568 0.120430 0.632517 0.113381
1 0.646785 0.065875 0.665113 0.057116 0.690715 0.110688 0.672387 0.119446
0 0.656427 0.096795 0.665801 0.096958 0.665448 0.117268 0.656074 0.117104
1 0.710291 0.057074 0.728723 0.065610 0.703771 0.119488 0.685340 0.110952
1 0.702616 0.066222 0.718037 0.058632 0.744259 0.111903 0.728838 0.119493
0 0.698171 0.097340 0.732534 0.096417 0.733079 0.116722 0.698716 0.117645
1 0.768955 0.057576 0.786410 0.067964 0.756045 0.118987 0.738590 0.108599
1 0.752636 0.069367 0.774401 0.057067 0.803614 0.108758 0.781849 0.121058
0 0.745506 0.096412 0.795497 0.097341 0.795119 0.117650 0.745128 0.116721
1 0.822920 0.057681 0.839454 0.066523 0.811455 0.118881 0.794921 0.110039
1 0.808641 0.067758 0.828053 0.057675 0.855422 0.110367 0.836009 0.120450
0 0.808488 0.096592 0.842794 0.098761 0.841512 0.119033 0.807206 0.116864
1 0.876689 0.058744 0.890989 0.065041 0.867061 0.119381 0.852761 0.113084
1 0.865507 0.065902 0.883824 0.057121 0.909493 0.110660 0.891176 0.119442
0 0.874380 0.097185 0.883737 0.096604 0.884995 0.116878 0.875638 0.117458
1 0.082715 0.135400 0.096896 0.141959 0.071973 0.195850 0.057791 0.189291
1 0.070181 0.143275 0.088168 0.133836 0.115756 0.186413 0.097769 0.195851
0 0.081350 0.173392 0.090725 0.173484 0.090525 0.193796 0.081150 0.193703
1 0.137329 0.133917 0.155162 0.143643 0.126734 0.195770 0.108901 0.186045
1 0.124807 0.143340 0.142766 0.133850 0.170506 0.186347 0.152546 0.195837
1 0.191692 0.133748 0.209861 0.142832 0.183308 0.195939 0.165139 0.186855
1 0.181005 0.142591 0.199270 0.133705 0.225245 0.187097 0.206980 0.195983
0 0.178250 0.173229 0.212622 0.173647 0.212375 0.193958 0.178003 0.193540
1 0.245749 0.133916 0.262865 0.141570 0.238626 0.195772 0.221510 0.188117
1 0.236918 0.141765 0.253962 0.133950 0.278707 0.187923 0.261663 0.195737
0 0.231225 0.175728 0.265473 0.172784 0.267213 0.193022 0.232964 0.195966
1 0.303319 0.134310 0.320508 0.145134 0.288868 0.195377 0.271680 0.184553
1 0.288972 0.142843 0.311795 0.132640 0.336028 0.186844 0.313205 0.197048
1 0.357911 0.134116 0.375402 0.144444 0.345214 0.195571 0.327723 0.185244
1 0.343693 0.143197 0.361712 0.133820 0.389120 0.186491 0.371101 0.195867
0 0.340248 0.174167 0.377720 0.172724 0.378502 0.193021 0.341030 0.194464
1 0.410594 0.133888 0.428481 0.143514 0.400344 0.195799 0.382457 0.186173
1 0.402884 0.141506 0.417216 0.135282 0.440866 0.189744 0.426534 0.195968
0 0.407812 0.173836 0.417158 0.173101 0.418750 0.193351 0.409404 0.194086
1 0.466650 0.135251 0.481992 0.142999 0.455225 0.195999 0.439883 0.188251
1 0.452346 0.143980 0.470036 0.133997 0.499216 0.185707 0.481526 0.195690
0 0.449999 0.175678 0.484255 0.172829 0.485939 0.193072 0.451682 0.195921
1 0.519869 0.133755 0.538022 0.142869 0.511381 0.195932 0.493228 0.186818
1 0.508687 0.142259 0.527085 0.133650 0.552250 0.187428 0.533853 0.196037
0 0.518568 0.173524 0.527941 0.173355 0.528307 0.193664 0.518934 0.193833
1 0.574460 0.133857 0.592408 0.143369 0.564602 0.195831 0.546655 0.186319
1 0.562143 0.143516 0.580029 0.133889 0.608169 0.186172 0.590283 0.195799
0 0.560842 0.173601 0.595216 0.173275 0.595408 0.193587 0.561034 0.193912
1 0.630029 0.134349 0.645541 0.141751 0.619971 0.195338 0.604459 0.187936
1 0.618063 0.143039 0.636147 0.133788 0.663187 0.186649 0.645103 0.195899
0 0.628748 0.173173 0.638106 0.173740 0.636877 0.194015 0.627519 0.193448
1 0.683670 0.133831 0.701668 0.143247 0.674143 0.195857 0.656145 0.186440
1 0.673009 0.142012 0.691503 0.133613 0.716054 0.187675 0.697559 0.196074
1 0.738596 0.134270 0.757930 0.144503 0.730154 0.196980 0.710820 0.186747
1 0.727711 0.141999 0.746211 0.133612 0.770727 0.187689 0.752227 0.196076
1 0.796521 0.135272 0.810010 0.143158 0.780042 0.194416 0.766553 0.186529
1 0.781135 0.144500 0.800470 0.134269 0.828240 0.186750 0.808905 0.196981
0 0.779270 0.174180 0.813614 0.172714 0.814480 0.193008 0.780136 0.194474
1 0.847219 0.133601 0.869081 0.145727 0.840281 0.197649 0.818419 0.185523
1 0.836748 0.143512 0.856502 0.134117 0.882002 0.187738 0.862248 0.197133
0 0.054026 0.197960 0.084596 0.191476 0.088162 0.208290 0.057592 0.214774
0 0.080227 0.193660 0.109862 0.195433 0.108835 0.212590 0.079201 0.210817
0 0.098423 0.193785 0.140611 0.193715 0.140639 0.210902 0.098452 0.210973
0 0.129187 0.197455 0.159936 0.191883 0.163001 0.208795 0.132252 0.214367
0 0.165195 0.194497 0.193281 0.193026 0.194180 0.210190 0.166094 0.211661
0 0.190224 0.194444 0.218316 0.193077 0.219151 0.210244 0.191059 0.211611
0 0.207108 0.191515 0.234835 0.196228 0.231955 0.213173 0.204227 0.208459
0 0.222168 0.192117 0.251663 0.195495 0.249707 0.212571 0.220212 0.209192
0 0.235387 0.195561 0.265006 0.193541 0.266175 0.210689 0.236557 0.212709
0 0.265253 0.194464 0.296471 0.193054 0.297247 0.210224 0.266029 0.211634
0 0.294901 0.190394 0.322061 0.197696 0.317599 0.214294 0.290439 0.206992
0 0.323941 0.193275 0.331671 0.194406 0.329184 0.211412 0.321454 0.210282
0 0.328956 0.193234 0.358524 0.195898 0.356981 0.213016 0.327414 0.210352
0 0.345988 0.191621 0.375340 0.196073 0.372762 0.213066 0.343410 0.208615
0 0.375933 0.195724 0.405529 0.193391 0.406880 0.210526 0.377284 0.212859
0 0.411802 0.193187 0.441360 0.195950 0.439761 0.213063 0.410202 0.210300
0 0.449140 0.188814 0.475712 0.202052 0.468048 0.217436 0.441475 0.204198
0 0.469613 0.193189 0.499172 0.195948 0.497574 0.213061 0.468015 0.210302
0 0.490571 0.196170 0.520088 0.192991 0.521929 0.210080 0.492412 0.213259
0 0.510645 0.194277 0.540314 0.193234 0.540918 0.210411 0.511249 0.211454
0 0.537217 0.194287 0.568449 0.193223 0.569033 0.210401 0.537801 0.211464
0 0.563607 0.195748 0.605726 0.193342 0.606706 0.210502 0.564587 0.212908
0 0.591547 0.191981 0.622335 0.197336 0.619390 0.214269 0.588602 0.208914
0 0.621323 0.195564 0.650941 0.193538 0.652114 0.210686 0.622496 0.212712
0 0.640105 0.195500 0.669732 0.193598 0.670832 0.210750 0.641206 0.212652
0 0.675037 0.193683 0.706287 0.193817 0.706213 0.211005 0.674963 0.210870
0 0.709314 0.196187 0.738828 0.192977 0.740686 0.210063 0.711172 0.213273
0 0.744152 0.193115 0.767401 0.196086 0.765223 0.213135 0.741974 0.210164
0 0.765484 0.194012 0.796729 0.193490 0.797016 0.210675 0.765771 0.211197
0 0.791295 0.193412 0.822462 0.195697 0.821205 0.212838 0.790038 0.210553
0 0.822725 0.195901 0.852292 0.193231 0.853838 0.210349 0.824271 0.213019
0 0.845720 0.192054 0.873623 0.195582 0.871467 0.212633 0.843564 0.209106
0 0.877691 0.196319 0.906971 0.191417 0.909809 0.208369 0.880529 0.213270
0 0.901836 0.192143 0.931337 0.195465 0.929414 0.212545 0.899913 0.209222
1 0.057423 0.210830 0.073920 0.219741 0.045702 0.271982 0.029205 0.263072
1 0.045206 0.219360 0.061854 0.210734 0.089169 0.263452 0.072521 0.272079
1 0.111401 0.210932 0.126883 0.218396 0.101099 0.271880 0.085617 0.264416
1 0.101282 0.218738 0.115391 0.212024 0.140905 0.265637 0.126796 0.272351
1 0.165584 0.211843 0.179918 0.218061 0.156291 0.272532 0.141957 0.266314
1 0.154348 0.219595 0.170903 0.210792 0.198777 0.263218 0.182222 0.272020
0 0.152064 0.249976 0.186401 0.251609 0.185436 0.271899 0.151099 0.270266
1 0.219661 0.210290 0.237875 0.219283 0.211589 0.272522 0.193375 0.263530
1 0.210817 0.219278 0.224740 0.212187 0.251683 0.265097 0.237760 0.272188
0 0.216705 0.250685 0.226003 0.249483 0.228607 0.269628 0.219309 0.270830
1 0.275711 0.211756 0.291132 0.219346 0.264914 0.272619 0.249493 0.265029
1 0.263537 0.219436 0.281688 0.210319 0.308338 0.263377 0.290187 0.272494
0 0.260358 0.251833 0.294671 0.249766 0.295892 0.270042 0.261579 0.272109
1 0.329206 0.210313 0.347370 0.219405 0.320794 0.272500 0.302630 0.263408
1 0.320202 0.218367 0.339072 0.210849 0.361048 0.266008 0.342178 0.273526
0 0.315855 0.249638 0.348659 0.250367 0.348208 0.270675 0.315403 0.269945
1 0.383437 0.210254 0.401732 0.219079 0.375938 0.272558 0.357643 0.263734
1 0.374983 0.219185 0.388939 0.212158 0.415642 0.265190 0.401686 0.272217
0 0.370020 0.250513 0.404380 0.249496 0.404980 0.269800 0.370620 0.270816
1 0.438290 0.210275 0.456538 0.219196 0.430460 0.272538 0.412212 0.263616
1 0.431006 0.217025 0.446967 0.210649 0.468994 0.265787 0.453033 0.272163
0 0.424264 0.252144 0.458536 0.249479 0.460111 0.269731 0.425839 0.272396
1 0.493468 0.210461 0.511335 0.220122 0.483095 0.272351 0.465227 0.262690
1 0.482161 0.219972 0.501958 0.210667 0.527214 0.264403 0.507417 0.273708
0 0.479888 0.249669 0.514256 0.250335 0.513862 0.270644 0.479494 0.269977
1 0.547953 0.210312 0.566118 0.219402 0.539547 0.272500 0.521382 0.263410
1 0.535838 0.219804 0.553838 0.210392 0.581350 0.263009 0.563349 0.272420
0 0.534820 0.249283 0.569164 0.250735 0.568305 0.271030 0.533961 0.269577
1 0.600023 0.210364 0.617421 0.217353 0.595290 0.272449 0.577891 0.265460
1 0.593610 0.219294 0.607528 0.212193 0.634515 0.265081 0.620597 0.272182
1 0.657176 0.210292 0.675385 0.219293 0.649074 0.272520 0.630865 0.263519
1 0.646720 0.219101 0.665314 0.210923 0.689218 0.265274 0.670624 0.273452
1 0.712090 0.210323 0.730234 0.219456 0.703535 0.272490 0.685391 0.263356
1 0.701210 0.220714 0.716118 0.212160 0.745665 0.263661 0.730757 0.272215
1 0.764548 0.209319 0.786647 0.221006 0.758890 0.273494 0.736790 0.261806
1 0.755737 0.218654 0.774201 0.210187 0.798950 0.264158 0.780486 0.272625
0 0.751352 0.250398 0.788844 0.249606 0.789273 0.269914 0.751781 0.270706
1 0.823995 0.212442 0.837654 0.220030 0.808817 0.271933 0.795159 0.264345
1 0.808869 0.221385 0.825016 0.211856 0.855194 0.262990 0.839046 0.272519
1 0.875838 0.210390 0.893842 0.219796 0.866349 0.272422 0.848346 0.263017
1 0.868520 0.216684 0.883047 0.210928 0.904917 0.266129 0.890391 0.271884
0 0.864659 0.245028 0.900569 0.255833 0.894716 0.275284 0.858806 0.264479
0 0.058322 0.268394 0.087740 0.272387 0.085428 0.289419 0.056010 0.285425
0 0.091337 0.268247 0.119125 0.272583 0.116476 0.289565 0.088687 0.285229
0 0.120862 0.270083 0.128659 0.270576 0.127576 0.287729 0.119779 0.287237
0 0.121411 0.266674 0.162917 0.274229 0.159839 0.291138 0.118333 0.283584
0 0.142147 0.272704 0.171669 0.269579 0.173478 0.286671 0.143956 0.289796
0 0.165228 0.268150 0.188196 0.272819 0.184772 0.289662 0.161804 0.284993
0 0.177962 0.266536 0.206487 0.274761 0.201725 0.291276 0.173200 0.283051
0 0.195228 0.272420 0.218526 0.269869 0.220397 0.286955 0.197099 0.289506
0 0.224611 0.274757 0.247093 0.268132 0.251951 0.284618 0.229470 0.291243
0 0.239180 0.270113 0.268865 0.270514 0.268632 0.287700 0.238948 0.287299
0 0.260520 0.271037 0.288609 0.269611 0.289480 0.286776 0.261391 0.288202
0 0.293181 0.268408 0.315856 0.274339 0.311507 0.290967 0.288832 0.285036
0 0.304539 0.270575 0.334221 0.270053 0.334524 0.287237 0.304841 0.287760
0 0.321554 0.263446 0.361050 0.278275 0.355008 0.294366 0.315513 0.279537
0 0.339024 0.270379 0.368711 0.270246 0.368789 0.287433 0.339101 0.287567
0 0.353992 0.275847 0.394845 0.265322 0.399133 0.281966 0.358280 0.292491
0 0.383761 0.272191 0.411804 0.270047 0.413114 0.287184 0.385071 0.289328
0 0.409408 0.266549 0.436283 0.274839 0.431217 0.291263 0.404342 0.282973
0 0.420730 0.268424 0.451734 0.272336 0.449583 0.289388 0.418579 0.285477
0 0.444590 0.272563 0.475708 0.269697 0.477285 0.286812 0.446167 0.289678
0 0.470266 0.270393 0.499953 0.270232 0.500046 0.287419 0.470359 0.287580
0 0.500820 0.274333 0.528282 0.268260 0.531993 0.285042 0.504531 0.291115
0 0.516936 0.274283 0.558666 0.268090 0.561189 0.285092 0.519459 0.291285
0 0.548647 0.270034 0.572078 0.270596 0.571666 0.287778 0.548235 0.287217
0 0.574301 0.272359 0.602318 0.269895 0.603824 0.287016 0.575807 0.289480
0 0.597544 0.270085 0.625593 0.272149 0.624331 0.289290 0.596282 0.287226
0 0.631162 0.270458 0.659285 0.270168 0.659463 0.287354 0.631340 0.287645
0 0.665931 0.268662 0.695421 0.272077 0.693444 0.289151 0.663954 0.285735
0 0.696448 0.276394 0.724519 0.266730 0.730114 0.282981 0.702044 0.292645
0 0.732411 0.272647 0.760181 0.268195 0.762902 0.285166 0.735131 0.289618
0 0.756922 0.270025 0.786529 0.272209 0.785265 0.289350 0.755658 0.287166
0 0.788526 0.274406 0.810789 0.267080 0.816161 0.283407 0.793898 0.290732
0 0.820405 0.270187 0.843842 0.270439 0.843657 0.287625 0.820221 0.287374
0 0.832731 0.274179 0.861528 0.266962 0.865706 0.283633 0.836910 0.290851
0 0.854260 0.275955 0.880956 0.267105 0.886365 0.283420 0.859669 0.292270
0 0.874408 0.272148 0.902457 0.270086 0.903717 0.287227 0.875668 0.289289
0 0.893279 0.272819 0.920997 0.268055 0.923909 0.284994 0.896190 0.289758
1 0.081955 0.286827 0.100228 0.295699 0.074295 0.349111 0.056022 0.340239
1 0.068252 0.299238 0.086499 0.287173 0.119248 0.336699 0.101001 0.348765
0 0.081406 0.326180 0.090743 0.327028 0.088906 0.347257 0.079570 0.346409
1 0.140054 0.288704 0.154984 0.297218 0.125571 0.348796 0.110641 0.340282
1 0.125962 0.296483 0.145781 0.287224 0.170913 0.341017 0.151094 0.350276
1 0.191039 0.287137 0.207962 0.295210 0.182398 0.348800 0.165475 0.340727
1 0.182517 0.294633 0.199657 0.287030 0.223733 0.341305 0.206593 0.348908
1 0.244948 0.287232 0.264736 0.296557 0.239427 0.350268 0.219639 0.340943
1 0.235366 0.296045 0.253499 0.286890 0.280259 0.339893 0.262126 0.349048
0 0.233307 0.326550 0.267644 0.328160 0.266693 0.348450 0.232356 0.346840
1 0.297012 0.287387 0.316030 0.294521 0.295176 0.350113 0.276157 0.342979
1 0.288703 0.296643 0.306588 0.287014 0.334735 0.339294 0.316849 0.348923
0 0.287972 0.325804 0.322312 0.327342 0.321403 0.347634 0.287063 0.346096
1 0.360019 0.288788 0.375693 0.299079 0.343106 0.348712 0.327432 0.338421
1 0.343429 0.297474 0.360962 0.287216 0.390946 0.338464 0.373413 0.348722
1 0.412043 0.287380 0.428560 0.296255 0.400457 0.348558 0.383940 0.339683
1 0.399738 0.295733 0.417997 0.286833 0.444012 0.340205 0.425753 0.349105
0 0.396161 0.325913 0.433547 0.328836 0.431964 0.349087 0.394578 0.346164
1 0.465423 0.286914 0.483505 0.296170 0.456452 0.349023 0.438370 0.339768
1 0.449600 0.299985 0.470908 0.286909 0.501963 0.337515 0.480655 0.350591
1 0.519508 0.286941 0.537536 0.296299 0.510180 0.348997 0.492152 0.339638
1 0.508801 0.295275 0.527242 0.286758 0.552136 0.340663 0.533695 0.349179
0 0.519555 0.326228 0.528902 0.326958 0.527320 0.347209 0.517973 0.346479
1 0.575010 0.286808 0.593916 0.297811 0.564053 0.349129 0.545146 0.338127
1 0.563584 0.296300 0.580083 0.287392 0.608291 0.339638 0.591792 0.348546
1 0.625687 0.285764 0.648516 0.295955 0.624313 0.350173 0.601484 0.339982
1 0.618291 0.296109 0.631842 0.288332 0.661397 0.339828 0.647845 0.347606
1 0.683868 0.286872 0.702040 0.295949 0.675507 0.349066 0.657335 0.339989
1 0.674253 0.294806 0.693169 0.287403 0.714809 0.342694 0.695894 0.350097
0 0.669669 0.328521 0.703966 0.326212 0.705331 0.346479 0.671034 0.348788
1 0.740914 0.287014 0.759434 0.298655 0.727836 0.348924 0.709316 0.337282
1 0.729557 0.295174 0.743709 0.288550 0.768880 0.342326 0.754729 0.348950
0 0.728462 0.325952 0.756438 0.328843 0.754350 0.349048 0.726374 0.346157
1 0.793534 0.286912 0.811620 0.296159 0.784591 0.349025 0.766505 0.339779
1 0.783723 0.294727 0.802667 0.287398 0.824090 0.342773 0.805145 0.350102
0 0.778140 0.326535 0.815640 0.326590 0.815610 0.346902 0.778110 0.346848
1 0.849579 0.288559 0.864684 0.296758 0.836359 0.348941 0.821253 0.340742
1 0.835637 0.297833 0.854882 0.287433 0.883113 0.339667 0.863868 0.350067
0 0.834745 0.324828 0.868933 0.328407 0.866818 0.348609 0.832630 0.345030
1 0.059521 0.365214 0.075363 0.375243 0.043604 0.425411 0.027762 0.415382
1 0.039917 0.376984 0.061006 0.363557 0.092895 0.413641 0.071807 0.427068
0 0.052993 0.403598 0.062329 0.402737 0.064194 0.422964 0.054859 0.423825
1 0.112469 0.363945 0.129737 0.374642 0.098469 0.425117 0.081201 0.414420
1 0.099701 0.372332 0.117945 0.363402 0.144049 0.416730 0.125805 0.425661
1 0.164355 0.363683 0.181310 0.371689 0.155957 0.425379 0.139002 0.417373
1 0.152969 0.372988 0.170945 0.363530 0.198594 0.416074 0.180618 0.425533
0 0.151407 0.403393 0.185778 0.402860 0.186093 0.423170 0.151722 0.423703
1 0.222455 0.365384 0.236302 0.372622 0.208795 0.425241 0.194948 0.418003
1 0.210587 0.371923 0.224675 0.365166 0.250351 0.418702 0.236262 0.425459
1 0.277134 0.365382 0.290983 0.372617 0.263491 0.425243 0.249642 0.418008
1 0.262379 0.372952 0.280370 0.363522 0.307934 0.416111 0.289943 0.425541
1 0.327299 0.363306 0.345780 0.371736 0.321139 0.425756 0.302658 0.417327
1 0.319737 0.371224 0.338705 0.363956 0.359950 0.419401 0.340982 0.426669
0 0.315795 0.402446 0.350039 0.405444 0.348267 0.425679 0.314023 0.422681
1 0.386866 0.364962 0.403788 0.376197 0.370947 0.425663 0.354024 0.414428
1 0.374550 0.370657 0.391885 0.363511 0.414513 0.418405 0.397178 0.425551
0 0.361848 0.404908 0.411724 0.401392 0.413152 0.421654 0.363276 0.425170
1 0.436878 0.363935 0.451614 0.369131 0.431872 0.425127 0.417136 0.419932
1 0.428057 0.371697 0.445009 0.363685 0.470381 0.417366 0.453429 0.425378
0 0.437573 0.403091 0.446948 0.403159 0.446802 0.423471 0.437427 0.423403
1 0.496071 0.364918 0.513056 0.376059 0.480491 0.425707 0.463506 0.414566
1 0.481214 0.373711 0.498885 0.363696 0.528161 0.415351 0.510490 0.425367
0 0.492632 0.402932 0.501998 0.403338 0.501118 0.423631 0.491752 0.423225
1 0.545297 0.362404 0.567577 0.373745 0.540640 0.426659 0.518361 0.415317
1 0.537199 0.372334 0.555442 0.363402 0.581551 0.416729 0.563308 0.425661
1 0.600484 0.363527 0.617777 0.370774 0.594829 0.425535 0.577536 0.418288
1 0.593698 0.372341 0.607643 0.365293 0.634427 0.418284 0.620482 0.425332
0 0.587716 0.402736 0.625208 0.403519 0.624784 0.423827 0.587292 0.423044
1 0.657500 0.363461 0.675614 0.372652 0.648750 0.425601 0.630636 0.416411
1 0.647795 0.372878 0.661552 0.365470 0.689705 0.417747 0.675948 0.425155
1 0.713424 0.365075 0.728588 0.373165 0.700638 0.425550 0.685474 0.417460
1 0.699711 0.374000 0.717259 0.363769 0.747164 0.415063 0.729616 0.425294
0 0.697832 0.405009 0.732138 0.402844 0.733418 0.423116 0.699112 0.425281
1 0.766665 0.363950 0.786017 0.374148 0.758335 0.426675 0.738983 0.416477
1 0.755919 0.372545 0.769516 0.364848 0.798768 0.416517 0.785171 0.424215
0 0.756425 0.402888 0.784545 0.403365 0.784200 0.423675 0.756080 0.423197
1 0.820175 0.364846 0.834683 0.370648 0.812638 0.425779 0.798130 0.419977
1 0.811985 0.372063 0.826025 0.365208 0.852078 0.418562 0.838037 0.425417
0 0.807724 0.403276 0.842098 0.402975 0.842276 0.423287 0.807902 0.423587
1 0.876648 0.363384 0.895528 0.374433 0.865539 0.425678 0.846659 0.414630
1 0.863848 0.373051 0.881798 0.363543 0.909590 0.416012 0.891640 0.425520
0 0.860829 0.404808 0.895048 0.401534 0.896983 0.421754 0.862764 0.425029
1 0.083056 0.440241 0.100757 0.450205 0.071632 0.501946 0.053931 0.491982
1 0.069802 0.450821 0.087238 0.440400 0.117698 0.491367 0.100262 0.501787
0 0.069108 0.479104 0.103463 0.480283 0.102767 0.500583 0.068412 0.499405
1 0.134852 0.440028 0.152323 0.446833 0.130773 0.502159 0.113302 0.495354
1 0.126301 0.449203 0.142887 0.440460 0.170574 0.492984 0.153988 0.501728
0 0.136596 0.479140 0.145882 0.480428 0.143092 0.500548 0.133806 0.499260
1 0.192146 0.441660 0.206316 0.448246 0.181291 0.502090 0.167122 0.495504
1 0.179154 0.451226 0.198281 0.440610 0.227096 0.492524 0.207969 0.503140
0 0.170594 0.479021 0.220576 0.480361 0.220031 0.500666 0.170049 0.499327
1 0.248092 0.440526 0.264576 0.449461 0.236283 0.501661 0.219799 0.492727
1 0.233651 0.451076 0.250975 0.440471 0.281974 0.491111 0.264650 0.501716
0 0.231118 0.481423 0.265327 0.478050 0.267320 0.498265 0.233110 0.501637
1 0.301205 0.440017 0.319333 0.449182 0.292545 0.502170 0.274417 0.493006
1 0.288432 0.450064 0.306193 0.440208 0.335005 0.492123 0.317245 0.501980
0 0.298220 0.480211 0.307547 0.479267 0.309593 0.499476 0.300266 0.500420
1 0.353522 0.440618 0.372093 0.448847 0.348041 0.503132 0.329470 0.494903
1 0.348034 0.447885 0.362323 0.441565 0.386341 0.495865 0.372052 0.502185
0 0.352551 0.480430 0.361837 0.479138 0.364636 0.499257 0.355351 0.500549
1 0.412982 0.441411 0.430068 0.452397 0.397955 0.502339 0.380870 0.491353
1 0.396544 0.450239 0.418855 0.438960 0.445644 0.491948 0.423333 0.503228
1 0.467556 0.441899 0.481454 0.449040 0.454319 0.501851 0.440421 0.494710
1 0.455921 0.448467 0.470015 0.441723 0.495642 0.495283 0.481547 0.502027
0 0.451643 0.479553 0.486017 0.479823 0.485857 0.500135 0.451483 0.499864
1 0.521267 0.440477 0.537827 0.449269 0.509983 0.501711 0.493423 0.492918
1 0.510527 0.449227 0.524360 0.441960 0.551973 0.494523 0.538140 0.501790
1 0.572527 0.440379 0.592245 0.449851 0.566536 0.503371 0.546818 0.493899
1 0.566969 0.446363 0.581498 0.440614 0.603343 0.495825 0.588814 0.501573
0 0.560587 0.480305 0.594941 0.479083 0.595663 0.499383 0.561309 0.500604
1 0.626724 0.438980 0.648940 0.450443 0.621714 0.503208 0.599497 0.491744
1 0.618570 0.448776 0.636862 0.439943 0.662680 0.493412 0.644388 0.502244
1 0.688472 0.441924 0.701591 0.450411 0.669340 0.500264 0.656221 0.491777
1 0.669850 0.452145 0.691631 0.439874 0.720775 0.491605 0.698994 0.503876
0 0.680671 0.480434 0.689955 0.479136 0.692767 0.499253 0.683482 0.500551
1 0.740310 0.440532 0.756785 0.449483 0.728440 0.501655 0.711965 0.492704
1 0.728953 0.449528 0.742679 0.442062 0.771047 0.494222 0.757321 0.501688
0 0.725834 0.477351 0.759861 0.482229 0.756979 0.502336 0.722952 0.497458
1 0.792939 0.439957 0.811199 0.448857 0.785186 0.502230 0.766926 0.493331
1 0.781233 0.450252 0.798914 0.440253 0.828142 0.491935 0.810461 0.501935
0 0.779764 0.479559 0.814138 0.479816 0.813986 0.500128 0.779612 0.499871
1 0.847715 0.440325 0.864525 0.448631 0.838222 0.501862 0.821412 0.493556
1 0.837277 0.448819 0.855551 0.439951 0.881473 0.493369 0.863199 0.502237
0 0.834460 0.479544 0.868834 0.479831 0.868665 0.500143 0.834291 0.499856
0 0.058355 0.499951 0.086429 0.501643 0.085395 0.518799 0.057321 0.517107
0 0.091199 0.499321 0.098791 0.501163 0.094739 0.517866 0.087146 0.516024
0 0.112936 0.498086 0.143933 0.502053 0.141752 0.519101 0.110754 0.515135
0 0.130979 0.500513 0.162212 0.499496 0.162771 0.516675 0.131538 0.517691
0 0.165012 0.501940 0.194613 0.499673 0.195925 0.516810 0.166324 0.519077
0 0.192522 0.499474 0.220627 0.500538 0.219978 0.517713 0.191873 0.516650
0 0.206148 0.500178 0.235834 0.499823 0.236039 0.517009 0.206354 0.517364
0 0.225900 0.503998 0.254960 0.497927 0.258475 0.514752 0.229415 0.520823
0 0.254686 0.501966 0.278012 0.499679 0.279689 0.516784 0.256363 0.519071
0 0.268305 0.501645 0.299509 0.499943 0.300445 0.517105 0.269241 0.518807
0 0.291523 0.501770 0.314881 0.499850 0.316290 0.516980 0.292931 0.518900
0 0.319420 0.497843 0.361171 0.503897 0.358705 0.520907 0.316954 0.514853
0 0.347990 0.503385 0.377260 0.498420 0.380135 0.515365 0.350865 0.520330
0 0.372356 0.498172 0.414202 0.503529 0.412019 0.520578 0.370173 0.515221
0 0.393015 0.502199 0.422574 0.499438 0.424172 0.516551 0.394613 0.519312
0 0.421256 0.505793 0.462343 0.496218 0.466244 0.512957 0.425157 0.522532
0 0.449569 0.496311 0.491054 0.503975 0.487931 0.520877 0.446446 0.513212
0 0.475936 0.496621 0.517539 0.503617 0.514689 0.520566 0.473086 0.513571
0 0.502275 0.499712 0.530314 0.501903 0.528975 0.519038 0.500936 0.516847
0 0.516081 0.499257 0.545730 0.500765 0.544857 0.517931 0.515208 0.516422
0 0.532077 0.504000 0.559546 0.497963 0.563236 0.514750 0.535766 0.520787
0 0.550943 0.505800 0.592026 0.496212 0.595932 0.512950 0.554849 0.522538
0 0.574456 0.502260 0.616543 0.499344 0.617731 0.516490 0.575645 0.519406
0 0.596202 0.502139 0.627339 0.499486 0.628798 0.516611 0.597661 0.519264
0 0.630511 0.502289 0.661622 0.499350 0.663239 0.516461 0.632128 0.519400
0 0.648708 0.499260 0.676656 0.502411 0.674730 0.519490 0.646782 0.516339
0 0.675422 0.498277 0.717296 0.503414 0.715203 0.520473 0.673329 0.515336
0 0.712611 0.499648 0.720383 0.500441 0.718639 0.517540 0.710867 0.516747
0 0.729159 0.502156 0.752243 0.498103 0.755216 0.515031 0.732132 0.519085
0 0.744016 0.499555 0.773690 0.500452 0.773171 0.517632 0.743497 0.516735
0 0.777673 0.498001 0.808367 0.503868 0.805140 0.520749 0.774446 0.514882
0 0.804996 0.498263 0.836040 0.501851 0.834066 0.518924 0.803023 0.515337
0 0.824348 0.503967 0.853420 0.497952 0.856902 0.514783 0.827830 0.520798
0 0.854048 0.501928 0.882084 0.499689 0.883452 0.516822 0.855416 0.519061
0 0.871739 0.500240 0.901422 0.499762 0.901699 0.516947 0.872015 0.517425
0 0.903108 0.496867 0.932027 0.503578 0.928142 0.520321 0.899223 0.513609
1 0.056923 0.518000 0.072354 0.525570 0.046202 0.578875 0.030771 0.571305
1 0.044602 0.526229 0.061004 0.517144 0.089773 0.569084 0.073371 0.578169
1 0.107730 0.515524 0.130033 0.526819 0.103208 0.579789 0.080905 0.568494
1 0.099993 0.525216 0.118638 0.517157 0.142195 0.571659 0.123550 0.579718
0 0.100271 0.555714 0.128263 0.558445 0.126291 0.578661 0.098299 0.575930
1 0.164656 0.516501 0.182960 0.525307 0.157219 0.578812 0.138915 0.570006
1 0.153932 0.525137 0.172304 0.516473 0.197631 0.570175 0.179259 0.578840
0 0.144004 0.555645 0.193990 0.556861 0.193496 0.577168 0.143510 0.575951
1 0.222662 0.518343 0.237650 0.526756 0.208588 0.578532 0.193600 0.570119
1 0.212434 0.524182 0.226811 0.518062 0.250066 0.572693 0.235689 0.578813
0 0.206559 0.554598 0.240765 0.558001 0.238754 0.578214 0.204548 0.574811
1 0.276493 0.516894 0.294040 0.527126 0.264132 0.578418 0.246585 0.568186
1 0.262176 0.526293 0.280077 0.516693 0.308136 0.569020 0.290235 0.578619
0 0.261866 0.554578 0.295855 0.559712 0.292822 0.579797 0.258832 0.574663
1 0.329258 0.517087 0.348580 0.527343 0.320742 0.579788 0.301420 0.569532
1 0.318495 0.526862 0.333442 0.518377 0.362755 0.570013 0.347808 0.578498
1 0.383958 0.516689 0.401868 0.526273 0.373854 0.578624 0.355945 0.569040
1 0.373321 0.525276 0.391637 0.516496 0.417304 0.570036 0.398988 0.578817
0 0.369407 0.555903 0.406836 0.558198 0.405593 0.578472 0.368164 0.576177
1 0.440373 0.518052 0.456594 0.527456 0.426815 0.578823 0.410594 0.569419
1 0.429571 0.525524 0.443496 0.518436 0.470429 0.571351 0.456504 0.578439
1 0.496226 0.518083 0.513154 0.529311 0.480336 0.578792 0.463408 0.567564
1 0.479599 0.526519 0.502039 0.515499 0.528213 0.568793 0.505773 0.579814
0 0.479119 0.558061 0.513435 0.556037 0.514631 0.576314 0.480315 0.578338
1 0.547508 0.516505 0.565801 0.525335 0.539992 0.578807 0.521699 0.569978
1 0.535711 0.527328 0.551985 0.518015 0.581476 0.569547 0.565203 0.578860
0 0.526065 0.558355 0.575996 0.555735 0.577060 0.576020 0.527129 0.578640
1 0.602617 0.516498 0.624204 0.529107 0.594258 0.580377 0.572671 0.567768
1 0.590524 0.526909 0.608164 0.516839 0.637601 0.568403 0.619961 0.578474
0 0.588352 0.558342 0.622631 0.555777 0.624148 0.576033 0.589869 0.578598
1 0.654940 0.517168 0.673549 0.525311 0.649748 0.579707 0.631139 0.571564
1 0.644962 0.526321 0.662851 0.516700 0.690976 0.568991 0.673086 0.578613
0 0.644139 0.554490 0.678321 0.558124 0.676174 0.578323 0.641991 0.574688
1 0.710134 0.516433 0.728608 0.524876 0.703929 0.578879 0.685454 0.570436
1 0.698182 0.526713 0.720534 0.515514 0.747130 0.568599 0.724779 0.579798
0 0.698809 0.554513 0.732997 0.558098 0.730878 0.578300 0.696691 0.574714
1 0.767632 0.518102 0.782922 0.525952 0.755805 0.578773 0.740515 0.570923
1 0.757674 0.524183 0.774863 0.516695 0.798576 0.571129 0.781387 0.578618
1 0.820681 0.516416 0.842534 0.528559 0.813694 0.580459 0.791841 0.568316
1 0.810197 0.525123 0.828575 0.516471 0.853866 0.570190 0.835488 0.578842
1 0.878138 0.516841 0.898853 0.530837 0.865612 0.580034 0.844897 0.566038
1 0.862012 0.528912 0.880265 0.516856 0.912988 0.566400 0.894735 0.578456
0 0.049689 0.578149 0.091847 0.576551 0.092498 0.593726 0.050341 0.595324
0 0.078251 0.576337 0.109498 0.576790 0.109249 0.593976 0.078002 0.593522
0 0.110507 0.580062 0.141322 0.574865 0.144180 0.591813 0.113366 0.597010
0 0.136865 0.580480 0.165955 0.574554 0.169385 0.591395 0.140295 0.597321
0 0.147211 0.576562 0.189369 0.578138 0.188727 0.595313 0.146569 0.593737
0 0.180783 0.579059 0.208504 0.574313 0.211405 0.591254 0.183683 0.596000
0 0.226445 0.576617 0.234256 0.576510 0.234493 0.593695 0.226681 0.593803
0 0.250781 0.576012 0.258473 0.577377 0.255469 0.594300 0.247777 0.592935
0 0.266199 0.576051 0.308305 0.578669 0.307239 0.595824 0.265132 0.593206
0 0.287622 0.576270 0.329805 0.576857 0.329566 0.594043 0.287382 0.593456
0 0.325089 0.576418 0.353213 0.576708 0.353036 0.593895 0.324912 0.593604
0 0.332664 0.580128 0.374501 0.574702 0.376711 0.591747 0.334874 0.597173
0 0.366916 0.578589 0.394771 0.574701 0.397147 0.591723 0.369292 0.595612
0 0.396523 0.577065 0.419939 0.576076 0.420665 0.593248 0.397248 0.594237
0 0.416479 0.578704 0.446048 0.576052 0.447583 0.593171 0.418015 0.595823
0 0.428968 0.578599 0.470966 0.574603 0.472594 0.591713 0.430596 0.595709
0 0.453227 0.576389 0.482912 0.576738 0.482710 0.593924 0.453025 0.593575
0 0.472144 0.576114 0.501818 0.577019 0.501293 0.594199 0.471620 0.593293
0 0.505156 0.575839 0.533243 0.577309 0.532344 0.594473 0.504257 0.593003
0 0.539791 0.576430 0.563152 0.578313 0.561772 0.595445 0.538410 0.593562
0 0.551193 0.577235 0.580850 0.575907 0.581620 0.593077 0.551962 0.594406
0 0.587369 0.574334 0.616352 0.580761 0.612631 0.597541 0.583648 0.591114
0 0.618839 0.576418 0.646963 0.576708 0.646786 0.593894 0.618662 0.593605
0 0.640187 0.578986 0.667931 0.574372 0.670751 0.591327 0.643007 0.595941
0 0.668727 0.578565 0.692046 0.576209 0.693773 0.593310 0.670454 0.595666
0 0.698986 0.576459 0.728619 0.578260 0.727576 0.595416 0.697944 0.593615
0 0.713299 0.574816 0.755336 0.578370 0.753889 0.595496 0.711851 0.591943
0 0.741815 0.577242 0.771472 0.575901 0.772248 0.593071 0.742591 0.594412
0 0.773038 0.574500 0.803705 0.580509 0.800400 0.597375 0.769733 0.591366
0 0.799834 0.577060 0.807596 0.576176 0.809541 0.593253 0.801779 0.594137
0 0.819164 0.574859 0.847065 0.578404 0.844898 0.595454 0.816998 0.591909
0 0.832036 0.580137 0.860956 0.573432 0.864839 0.590175 0.835919 0.596881
0 0.846287 0.574479 0.888259 0.578734 0.886526 0.595834 0.844553 0.591579
0 0.870859 0.576463 0.900492 0.578256 0.899454 0.595412 0.869820 0.593619
0 0.901275 0.573090 0.928359 0.580672 0.923725 0.597223 0.896641 0.589641
1 0.082240 0.593226 0.100197 0.602720 0.072448 0.655211 0.054490 0.645718
1 0.070218 0.602611 0.088221 0.593203 0.115719 0.645827 0.097717 0.655234
1 0.137568 0.593334 0.155325 0.603197 0.126495 0.655103 0.108738 0.645240
1 0.125963 0.602731 0.145783 0.593473 0.170912 0.647269 0.151092 0.656527
1 0.191378 0.593083 0.209637 0.601982 0.183622 0.655355 0.165363 0.646455
1 0.182046 0.602683 0.195761 0.595198 0.224204 0.647317 0.210489 0.654802
0 0.177534 0.634618 0.210284 0.632608 0.211529 0.652882 0.178778 0.654892
1 0.247066 0.594828 0.261184 0.601522 0.235747 0.655172 0.221628 0.648478
1 0.232298 0.605310 0.247643 0.594535 0.281764 0.643127 0.266419 0.653902
0 0.230797 0.634479 0.268256 0.632731 0.269203 0.653021 0.231744 0.654769
1 0.303498 0.594761 0.319522 0.604497 0.288689 0.655239 0.272666 0.645503
1 0.288891 0.602692 0.306861 0.593220 0.334546 0.645746 0.316577 0.655217
0 0.286852 0.634780 0.321148 0.632454 0.322523 0.652720 0.288227 0.655046
1 0.353292 0.592105 0.375507 0.603573 0.348270 0.656332 0.326056 0.644864
1 0.344583 0.602458 0.362649 0.593172 0.389792 0.645979 0.371726 0.655265
0 0.341804 0.633459 0.374592 0.632181 0.375383 0.652478 0.342596 0.653756
1 0.411333 0.594867 0.425405 0.601657 0.399605 0.655133 0.385532 0.648343
1 0.398060 0.604172 0.417265 0.593699 0.445690 0.645828 0.426485 0.656301
1 0.464479 0.593388 0.481402 0.601462 0.455833 0.655050 0.438911 0.646975
1 0.453039 0.603005 0.472745 0.593508 0.498524 0.646995 0.478818 0.656492
0 0.450623 0.632520 0.488059 0.634702 0.486877 0.654980 0.449441 0.652798
1 0.520424 0.594679 0.534727 0.600969 0.510826 0.655321 0.496523 0.649031
1 0.507747 0.604583 0.523735 0.594788 0.554753 0.645417 0.538765 0.655212
0 0.516951 0.633347 0.526277 0.632385 0.528361 0.652590 0.519036 0.653552
1 0.577632 0.594609 0.591158 0.602432 0.561431 0.653829 0.547905 0.646006
1 0.562398 0.603756 0.578726 0.594539 0.607914 0.646244 0.591586 0.655461
0 0.558942 0.635228 0.593002 0.630584 0.595746 0.650710 0.561686 0.655354
1 0.631735 0.593573 0.649095 0.604120 0.618265 0.654864 0.600905 0.644317
1 0.615473 0.604094 0.637443 0.592165 0.665777 0.644343 0.643807 0.656273
1 0.683760 0.593220 0.701730 0.602689 0.674053 0.655218 0.656082 0.645749
1 0.671247 0.603186 0.689009 0.593332 0.717815 0.645251 0.700053 0.655106
1 0.740253 0.593646 0.756745 0.602566 0.728497 0.654791 0.712005 0.645871
1 0.730703 0.600077 0.746583 0.593502 0.769297 0.648361 0.753417 0.654936
0 0.727955 0.633051 0.756076 0.632576 0.756420 0.652886 0.728299 0.653361
1 0.794037 0.593715 0.809562 0.601089 0.784088 0.654722 0.768563 0.647348
1 0.780626 0.604329 0.796720 0.594708 0.827186 0.645671 0.811093 0.655292
0 0.777383 0.636789 0.811217 0.630718 0.814805 0.650711 0.780970 0.656782
1 0.847829 0.593468 0.864608 0.601836 0.838108 0.654970 0.821329 0.646601
1 0.837205 0.601597 0.854076 0.593416 0.879983 0.646841 0.863112 0.655022
0 0.834857 0.630928 0.869010 0.634828 0.866706 0.655009 0.832553 0.651110
0 0.069134 0.652686 0.076878 0.653714 0.074616 0.670752 0.066872 0.669724
0 0.082539 0.651053 0.111599 0.657122 0.108086 0.673947 0.079026 0.667878
0 0.111820 0.659317 0.137700 0.648305 0.144430 0.664121 0.118550 0.675132
0 0.143976 0.652680 0.167273 0.655235 0.165399 0.672320 0.142102 0.669765
0 0.170794 0.651148 0.201774 0.655250 0.199518 0.672289 0.168538 0.668187
0 0.205812 0.653886 0.233897 0.652388 0.234813 0.669551 0.206728 0.671050
0 0.223425 0.653147 0.253112 0.653103 0.253138 0.670291 0.223450 0.670334
0 0.242714 0.653099 0.270790 0.654742 0.269786 0.671901 0.241710 0.670258
0 0.265804 0.652808 0.297047 0.653446 0.296696 0.670630 0.265453 0.669992
0 0.290257 0.649727 0.317391 0.657128 0.312868 0.673710 0.285734 0.666309
0 0.301197 0.655514 0.330531 0.650941 0.333178 0.667924 0.303844 0.672496
0 0.326485 0.653231 0.349922 0.653019 0.350077 0.670206 0.326641 0.670418
0 0.346762 0.653407 0.388946 0.652845 0.389175 0.670031 0.346991 0.670593
0 0.373156 0.651062 0.402221 0.657111 0.398719 0.673938 0.369654 0.667889
0 0.396875 0.653125 0.420312 0.653125 0.420313 0.670312 0.396875 0.670313
0 0.430840 0.653714 0.454249 0.652557 0.455098 0.669723 0.431689 0.670881
0 0.448757 0.652567 0.479987 0.653694 0.479368 0.670870 0.448138 0.669744
0 0.482143 0.654902 0.505501 0.652969 0.506919 0.670098 0.483561 0.672031
0 0.501740 0.652431 0.531271 0.655472 0.529510 0.672569 0.499979 0.669528
0 0.537561 0.653098 0.545373 0.653153 0.545252 0.670340 0.537440 0.670285
0 0.545116 0.655094 0.574560 0.651297 0.576759 0.668343 0.547315 0.672141
0 0.574364 0.649762 0.615973 0.656724 0.613136 0.673676 0.571527 0.666714
0 0.615482 0.653191 0.623294 0.653061 0.623580 0.670246 0.615769 0.670376
0 0.633637 0.655332 0.663194 0.652556 0.664801 0.669668 0.635244 0.672444
0 0.667238 0.653057 0.690675 0.653194 0.690575 0.670381 0.667137 0.670244
0 0.691700 0.655199 0.714810 0.651292 0.717675 0.668239 0.694565 0.672146
0 0.727156 0.652625 0.734875 0.653832 0.732219 0.670813 0.724500 0.669606
0 0.758255 0.652937 0.766057 0.653335 0.765183 0.670500 0.757380 0.670103
0 0.763723 0.650990 0.794358 0.657161 0.790964 0.674010 0.760330 0.667839
0 0.809724 0.652696 0.817473 0.653695 0.815276 0.670741 0.807527 0.669743
0 0.818934 0.652879 0.842366 0.653374 0.842003 0.670558 0.818571 0.670063
0 0.833870 0.654844 0.863500 0.653002 0.864567 0.670156 0.834937 0.671998
0 0.865106 0.656534 0.892786 0.651551 0.895831 0.668466 0.868151 0.673449
0 0.883101 0.650864 0.925034 0.655490 0.923149 0.672574 0.881216 0.667947
1 0.053579 0.669775 0.070879 0.677005 0.047983 0.731788 0.030683 0.724558
1 0.048138 0.677490 0.062455 0.671231 0.086237 0.725635 0.071920 0.731894
1 0.112992 0.670137 0.130349 0.680688 0.099508 0.731425 0.082151 0.720874
1 0.099237 0.679055 0.117288 0.669742 0.144513 0.722507 0.126462 0.731821
1 0.167770 0.671634 0.181616 0.678874 0.154105 0.731491 0.140259 0.724251
1 0.152678 0.679168 0.175332 0.668593 0.200447 0.722395 0.177793 0.732969
0 0.164465 0.709199 0.173833 0.709567 0.173035 0.729864 0.163667 0.729496
1 0.221217 0.671166 0.236590 0.678854 0.210033 0.731959 0.194660 0.724271
1 0.206201 0.680892 0.223469 0.670195 0.254737 0.720670 0.237469 0.731367
0 0.209599 0.709072 0.237717 0.709683 0.237276 0.729990 0.209158 0.729380
1 0.276109 0.670193 0.292625 0.679070 0.264516 0.731369 0.248000 0.722493
1 0.260622 0.681805 0.278985 0.669916 0.311253 0.719758 0.292890 0.731646
0 0.258618 0.711700 0.295996 0.708679 0.297632 0.728925 0.260254 0.731946
1 0.329803 0.669905 0.347545 0.679796 0.318635 0.731657 0.300893 0.721767
1 0.318267 0.678001 0.336742 0.669558 0.361420 0.723562 0.342946 0.732004
0 0.314049 0.713493 0.347837 0.707166 0.351576 0.727132 0.317788 0.733459
1 0.386351 0.671596 0.400238 0.678758 0.373024 0.731529 0.359137 0.724367
1 0.371477 0.680376 0.388970 0.670052 0.419148 0.721186 0.401655 0.731510
1 0.436800 0.669569 0.455247 0.678073 0.430387 0.731994 0.411941 0.723489
1 0.427479 0.678934 0.445580 0.669717 0.472521 0.722629 0.454420 0.731845
0 0.423027 0.711737 0.457100 0.707192 0.459786 0.727326 0.425712 0.731871
1 0.490773 0.670285 0.509409 0.678365 0.485790 0.732840 0.467153 0.724760
1 0.477895 0.682562 0.499320 0.669679 0.529917 0.720563 0.508492 0.733446
0 0.477744 0.710113 0.515215 0.708652 0.516006 0.728950 0.478535 0.730410
1 0.550064 0.670046 0.567567 0.680354 0.537436 0.731516 0.519933 0.721208
1 0.536804 0.678205 0.555198 0.669589 0.580384 0.723358 0.561989 0.731974
1 0.602678 0.669809 0.620597 0.679375 0.592634 0.731753 0.574715 0.722187
1 0.588427 0.682412 0.605365 0.671201 0.638136 0.720713 0.621197 0.731924
1 0.659255 0.670009 0.676819 0.680212 0.646995 0.731553 0.629431 0.721351
1 0.647879 0.677461 0.666852 0.670206 0.688058 0.725664 0.669086 0.732919
0 0.635986 0.709257 0.685985 0.709493 0.685889 0.729805 0.635890 0.729569
1 0.715032 0.671725 0.728784 0.679144 0.700593 0.731400 0.686841 0.723981
1 0.697950 0.682221 0.714974 0.671141 0.747363 0.720904 0.730338 0.731984
0 0.700678 0.707078 0.734428 0.713604 0.730572 0.733547 0.696822 0.727021
1 0.768459 0.671168 0.784692 0.680551 0.754979 0.731957 0.738745 0.722574
1 0.755725 0.678986 0.769254 0.671168 0.798962 0.722576 0.785434 0.730394
0 0.752418 0.711460 0.786698 0.708908 0.788207 0.729165 0.753927 0.731717
1 0.821461 0.669814 0.839370 0.679400 0.811351 0.731748 0.793443 0.722163
1 0.810622 0.679562 0.824224 0.671874 0.853441 0.723563 0.839838 0.731251
0 0.818612 0.709852 0.827947 0.708985 0.829825 0.729211 0.820490 0.730077
1 0.875947 0.669916 0.892935 0.677852 0.867803 0.731646 0.850815 0.723710
1 0.864973 0.678163 0.883384 0.669582 0.908465 0.723400 0.890054 0.731980
0 0.854277 0.711233 0.904231 0.709098 0.905098 0.729392 0.855144 0.731527
1 0.084787 0.748158 0.098674 0.755319 0.071463 0.808092 0.057576 0.800931
1 0.071724 0.754998 0.090026 0.746189 0.115776 0.799690 0.097474 0.808499
0 0.068266 0.787587 0.102598 0.785875 0.103609 0.806163 0.069277 0.807875
1 0.139381 0.748138 0.153291 0.755255 0.126244 0.808112 0.112334 0.800995
1 0.127411 0.754153 0.146337 0.746776 0.167901 0.802097 0.148976 0.809474
0 0.113745 0.789239 0.163329 0.782805 0.165943 0.802949 0.116359 0.809383
1 0.188971 0.745166 0.211545 0.755909 0.186029 0.809522 0.163455 0.798778
1 0.180898 0.754865 0.201115 0.746511 0.223790 0.801385 0.203573 0.809739
0 0.169910 0.787771 0.219867 0.785684 0.220715 0.805979 0.170758 0.808066
1 0.248847 0.746682 0.266232 0.757186 0.235528 0.808006 0.218143 0.797502
1 0.233695 0.755990 0.256233 0.745171 0.281930 0.798697 0.259392 0.809517
0 0.235709 0.786261 0.263827 0.785619 0.264291 0.805926 0.236173 0.806568
1 0.300723 0.746450 0.317768 0.754263 0.293027 0.808238 0.275982 0.800425
1 0.290569 0.754948 0.309197 0.746850 0.332869 0.801302 0.314240 0.809400
1 0.358287 0.748358 0.371966 0.755908 0.343276 0.807892 0.329596 0.800342
1 0.346346 0.755586 0.360140 0.748247 0.388029 0.800664 0.374235 0.808003
0 0.342709 0.785884 0.377042 0.787579 0.376041 0.807866 0.341708 0.806171
1 0.413564 0.747811 0.430436 0.759121 0.397374 0.808439 0.380502 0.797129
1 0.401170 0.754095 0.418277 0.746420 0.442580 0.800593 0.425473 0.808268
0 0.409384 0.785933 0.418759 0.785942 0.418741 0.806254 0.409366 0.806246
1 0.466484 0.746709 0.483072 0.755451 0.455391 0.807978 0.438803 0.799237
1 0.452995 0.755773 0.470983 0.746336 0.498567 0.798914 0.480580 0.808351
0 0.464242 0.785547 0.473577 0.786416 0.471695 0.806641 0.462360 0.805772
1 0.519959 0.746634 0.536668 0.755142 0.509728 0.808053 0.493019 0.799546
1 0.505974 0.756425 0.528315 0.745204 0.554963 0.798263 0.532623 0.809483
0 0.506380 0.785720 0.540753 0.786156 0.540495 0.806467 0.506122 0.806031
1 0.570884 0.746777 0.589802 0.754175 0.568178 0.809473 0.549261 0.802075
1 0.565462 0.753892 0.582644 0.746386 0.606413 0.800795 0.589231 0.808302
1 0.629825 0.747808 0.644123 0.754111 0.620175 0.808442 0.605877 0.802139
1 0.618035 0.755921 0.634436 0.746833 0.663215 0.798767 0.646814 0.807855
0 0.616024 0.784164 0.650203 0.787827 0.648039 0.808024 0.613859 0.804361
1 0.680899 0.745155 0.703559 0.755716 0.678476 0.809533 0.655816 0.798971
1 0.671674 0.755462 0.694445 0.745144 0.718951 0.799226 0.696180 0.809544
1 0.736278 0.746806 0.755063 0.754534 0.732472 0.809444 0.713687 0.801716
1 0.724956 0.759223 0.741782 0.747844 0.775044 0.797027 0.758218 0.808406
0 0.723016 0.788326 0.757082 0.783731 0.759797 0.803862 0.725730 0.808456
1 0.795959 0.746734 0.813263 0.757372 0.782166 0.807953 0.764862 0.797315
1 0.785707 0.752666 0.803322 0.746241 0.823668 0.802021 0.806053 0.808446
0 0.778836 0.785503 0.816254 0.787978 0.814914 0.808247 0.777496 0.805772
1 0.848414 0.747913 0.862579 0.754507 0.837524 0.808337 0.823358 0.801743
1 0.837131 0.754456 0.855648 0.746106 0.880056 0.800232 0.861539 0.808582
0 0.056721 0.805484 0.086367 0.807040 0.085467 0.824203 0.055820 0.822648
0 0.082520 0.806824 0.090268 0.805819 0.092480 0.822863 0.084732 0.823869
0 0.080626 0.807980 0.122676 0.804576 0.124062 0.821708 0.082012 0.825111
0 0.118949 0.805932 0.147067 0.806572 0.146676 0.823755 0.118558 0.823115
0 0.144954 0.808766 0.175829 0.803940 0.178484 0.820921 0.147609 0.825748
0 0.176975 0.805574 0.206631 0.806945 0.205837 0.824114 0.176181 0.822743
0 0.192003 0.808307 0.222999 0.804333 0.225185 0.821380 0.194189 0.825355
0 0.210571 0.808642 0.239903 0.804064 0.242554 0.821045 0.213222 0.825624
0 0.227243 0.805951 0.256848 0.808159 0.255570 0.825299 0.225965 0.823091
0 0.251973 0.805612 0.280068 0.806906 0.279277 0.824075 0.251182 0.822782
0 0.267689 0.804247 0.298661 0.808406 0.296374 0.825440 0.265402 0.821282
0 0.294106 0.805693 0.322208 0.806820 0.321519 0.823994 0.293417 0.822867
0 0.320732 0.805562 0.350387 0.806957 0.349580 0.824125 0.319925 0.822731
0 0.348413 0.806284 0.371850 0.806216 0.371900 0.823404 0.348462 0.823471
0 0.368027 0.808424 0.397590 0.805710 0.399161 0.822826 0.369598 0.825540
0 0.385681 0.804018 0.416271 0.810408 0.412756 0.827232 0.382167 0.820842
0 0.409105 0.806708 0.437215 0.805801 0.437770 0.822979 0.409660 0.823887
0 0.427746 0.809603 0.458605 0.804674 0.461316 0.821647 0.430457 0.826576
0 0.462154 0.806878 0.491815 0.805637 0.492534 0.822809 0.462872 0.824051
0 0.491480 0.806608 0.499265 0.805952 0.500708 0.823079 0.492923 0.823735
0 0.507446 0.806916 0.537105 0.805601 0.537866 0.822772 0.508208 0.824087
0 0.517078 0.809668 0.558951 0.804523 0.561047 0.821582 0.519174 0.826727
0 0.547740 0.808443 0.578868 0.805686 0.580385 0.822807 0.549257 0.825564
0 0.558234 0.806061 0.600376 0.808020 0.599578 0.825189 0.557436 0.823230
0 0.606421 0.805878 0.614188 0.806723 0.612329 0.823810 0.604562 0.822965
0 0.616163 0.804294 0.645570 0.808368 0.643212 0.825393 0.613805 0.821319
0 0.639013 0.806336 0.668700 0.806164 0.668800 0.823351 0.639113 0.823524
0 0.662700 0.805930 0.690818 0.806574 0.690425 0.823757 0.662307 0.823113
0 0.688613 0.804510 0.716223 0.809867 0.712950 0.826740 0.685339 0.821383
0 0.712451 0.806370 0.754638 0.806130 0.754736 0.823317 0.712549 0.823558
0 0.744080 0.805732 0.772185 0.806780 0.771545 0.823955 0.743440 0.822908
0 0.773032 0.804327 0.802161 0.810059 0.798843 0.826923 0.769714 0.821191
0 0.798924 0.805923 0.841052 0.808164 0.840139 0.825327 0.798011 0.823086
0 0.845456 0.805887 0.853225 0.806708 0.851419 0.823800 0.843650 0.822980
0 0.856739 0.804453 0.884613 0.808201 0.882323 0.825235 0.854449 0.821487
0 0.885953 0.806222 0.915641 0.806278 0.915609 0.823465 0.885922 0.823410
0 0.913143 0.806058 0.941198 0.808048 0.939982 0.825192 0.911927 0.823202
1 0.055143 0.822734 0.073486 0.831459 0.047982 0.885078 0.029639 0.876353
1 0.041673 0.835026 0.063421 0.822697 0.092702 0.874349 0.070954 0.886678
0 0.039941 0.864660 0.077344 0.861955 0.078809 0.882215 0.041406 0.884920
1 0.112916 0.823246 0.130299 0.833753 0.099584 0.884567 0.082201 0.874059
1 0.101297 0.831226 0.115410 0.824520 0.140891 0.878149 0.126778 0.884855
0 0.097751 0.861927 0.132014 0.864702 0.130374 0.884948 0.096111 0.882173
1 0.162893 0.823372 0.181665 0.831132 0.158982 0.886003 0.140210 0.878243
1 0.155876 0.830640 0.172990 0.822979 0.197249 0.877172 0.180135 0.884833
1 0.217768 0.822666 0.236291 0.831004 0.211919 0.885146 0.193397 0.876809
1 0.207304 0.832361 0.229927 0.821722 0.255196 0.875452 0.232573 0.886091
1 0.276660 0.824382 0.292772 0.833973 0.262402 0.884993 0.246291 0.875402
1 0.263911 0.831149 0.280833 0.823075 0.306402 0.876663 0.289479 0.884737
1 0.328035 0.821838 0.350059 0.833667 0.321965 0.885975 0.299941 0.874146
1 0.319652 0.831350 0.338342 0.823394 0.361598 0.878025 0.342908 0.885981
0 0.326303 0.863049 0.335626 0.862064 0.337760 0.882264 0.328437 0.883249
1 0.380990 0.821721 0.403620 0.832346 0.378385 0.886092 0.355755 0.875467
1 0.374294 0.830249 0.391551 0.822917 0.414769 0.877564 0.397512 0.884896
0 0.369624 0.864488 0.402352 0.862127 0.403813 0.882387 0.371086 0.884748
1 0.438159 0.823110 0.455017 0.831317 0.429029 0.884702 0.412170 0.876495
1 0.425895 0.832540 0.448438 0.821732 0.474105 0.875273 0.451562 0.886080
0 0.423902 0.862467 0.461366 0.864115 0.460473 0.884408 0.423009 0.882760
1 0.491371 0.822682 0.509849 0.831118 0.485191 0.885130 0.466713 0.876695
1 0.482737 0.832445 0.496144 0.824421 0.526638 0.875367 0.513231 0.883392
1 0.549866 0.823380 0.566288 0.832429 0.537634 0.884432 0.521212 0.875384
1 0.538345 0.832324 0.552077 0.824869 0.580405 0.877051 0.566673 0.884506
0 0.531140 0.864354 0.568465 0.860740 0.570423 0.880958 0.533097 0.884572
1 0.604260 0.823074 0.621925 0.833101 0.592615 0.884738 0.574950 0.874711
1 0.593363 0.831328 0.607442 0.824550 0.633199 0.878047 0.619121 0.884825
0 0.589091 0.862452 0.623466 0.862548 0.623409 0.882860 0.589034 0.882765
1 0.658281 0.822691 0.677300 0.833497 0.647969 0.885122 0.628950 0.874315
1 0.643071 0.835593 0.659984 0.824344 0.692866 0.873782 0.675953 0.885031
1 0.713318 0.823264 0.729918 0.831984 0.702307 0.884548 0.685707 0.875829
1 0.702547 0.832194 0.716325 0.824825 0.744328 0.877181 0.730550 0.884550
0 0.698973 0.862425 0.733304 0.864163 0.732277 0.884450 0.697946 0.882712
1 0.764501 0.823113 0.784508 0.831958 0.760499 0.886262 0.740492 0.877417
1 0.755489 0.830989 0.778700 0.821700 0.800761 0.876824 0.777550 0.886113
0 0.756505 0.862155 0.784622 0.862851 0.784120 0.883157 0.756003 0.882462
1 0.824670 0.824467 0.840668 0.834245 0.809705 0.884908 0.793707 0.875130
1 0.810344 0.832006 0.828467 0.822832 0.855281 0.875807 0.837158 0.884981
1 0.879233 0.824307 0.892748 0.832147 0.862955 0.883506 0.849439 0.875666
1 0.863660 0.832628 0.881525 0.822962 0.909778 0.875185 0.891912 0.884850
0 0.862912 0.861833 0.897261 0.863183 0.896463 0.883480 0.862114 0.882129
0 0.058266 0.881060 0.086153 0.884711 0.083922 0.901753 0.056035 0.898102
0 0.075834 0.884880 0.117826 0.880824 0.119478 0.897932 0.077486 0.901988
0 0.115065 0.884585 0.143123 0.882644 0.144310 0.899790 0.116252 0.901731
0 0.143186 0.886710 0.173870 0.880788 0.177127 0.897665 0.146443 0.903587
0 0.163948 0.883003 0.192070 0.882623 0.192302 0.899809 0.164180 0.900189
0 0.196647 0.883133 0.220076 0.882498 0.220541 0.899680 0.197112 0.900314
0 0.212319 0.883115 0.240438 0.882514 0.240806 0.899697 0.212687 0.900299
0 0.245420 0.882639 0.273543 0.882987 0.273330 0.900173 0.245207 0.899826
0 0.275836 0.889352 0.301475 0.877792 0.308539 0.893460 0.282900 0.905021
0 0.296536 0.883427 0.326199 0.882213 0.326902 0.899386 0.297239 0.900600
0 0.326751 0.882511 0.354870 0.883118 0.354499 0.900301 0.326380 0.899695
0 0.343404 0.883306 0.366821 0.882334 0.367534 0.899507 0.344116 0.900478
0 0.361769 0.880491 0.391054 0.885367 0.388231 0.902321 0.358946 0.897445
0 0.388505 0.884696 0.419680 0.882532 0.420870 0.899679 0.389695 0.901843
0 0.410761 0.883126 0.440442 0.882503 0.440802 0.899687 0.411121 0.900309
0 0.440071 0.886493 0.469244 0.880992 0.472429 0.897882 0.443256 0.903383
0 0.476675 0.882492 0.500001 0.884777 0.498325 0.901883 0.474999 0.899598
0 0.500229 0.882126 0.528189 0.885162 0.526334 0.902249 0.498373 0.899213
0 0.532808 0.884784 0.556133 0.882487 0.557817 0.899591 0.534492 0.901888
0 0.569016 0.882696 0.576825 0.882937 0.576296 0.900116 0.568488 0.899876
0 0.586377 0.882585 0.628515 0.884623 0.627685 0.901790 0.585547 0.899752
0 0.618543 0.883161 0.646660 0.882469 0.647082 0.899652 0.618965 0.900343
0 0.640144 0.881107 0.667769 0.886386 0.664543 0.903268 0.636918 0.897989
0 0.657589 0.883382 0.699762 0.882250 0.700223 0.899431 0.658051 0.900563
0 0.691424 0.883202 0.699205 0.882494 0.700763 0.899610 0.692983 0.900319
0 0.712850 0.881103 0.742326 0.884645 0.740275 0.901710 0.710799 0.898167
0 0.744927 0.883516 0.774582 0.882128 0.775386 0.899296 0.745731 0.900685
0 0.774682 0.884947 0.802508 0.880860 0.805006 0.897865 0.777179 0.901952
0 0.794634 0.884605 0.817990 0.882643 0.819428 0.899770 0.796073 0.901732
0 0.824795 0.884687 0.852688 0.881080 0.854892 0.898126 0.826999 0.901732
0 0.848417 0.874929 0.885974 0.894145 0.878145 0.909446 0.840588 0.890230
0 0.883322 0.882769 0.912962 0.884446 0.911991 0.901606 0.882351 0.899929
6 0.037748 0.476320 0.061180 0.476810 0.060690 0.500243 0.037257 0.499752
6 0.023575 0.174652 0.064194 0.175350 0.063925 0.190973 0.023306 0.190275
6 0.920295 0.201608 0.981232 0.201517 0.981268 0.224954 0.920330 0.225046
6 0.000000 0.273001 0.036374 0.275509 0.033866 0.319187 0.000000 0.316679
6 0.969995 0.434698 1.000000 0.434058 1.000000 0.473115 0.970635 0.473755
