1 0.071409 0.072787 0.089658 0.081709 0.056716 0.149088 0.038467 0.140166
1 0.051524 0.085020 0.072707 0.071743 0.112538 0.135292 0.091355 0.148569
0 0.053982 0.121361 0.094521 0.124005 0.092893 0.148952 0.052354 0.146308
1 0.130740 0.070147 0.159606 0.085748 0.123948 0.151728 0.095081 0.136127
1 0.113816 0.088119 0.133963 0.073317 0.178371 0.133756 0.158225 0.148558
0 0.115374 0.125371 0.157393 0.121603 0.159626 0.146504 0.117607 0.150272
1 0.205277 0.073087 0.226938 0.091027 0.179098 0.148788 0.157437 0.130848
1 0.182412 0.082792 0.204536 0.071150 0.239463 0.137521 0.217339 0.149163
0 0.180001 0.122924 0.222175 0.123959 0.221562 0.148951 0.179387 0.147916
1 0.267793 0.073132 0.288168 0.087619 0.244707 0.148743 0.224332 0.134256
1 0.249702 0.080565 0.272985 0.071460 0.300298 0.141310 0.277015 0.150415
0 0.241973 0.125444 0.287115 0.121525 0.289277 0.146431 0.244135 0.150350
1 0.324492 0.071631 0.347240 0.081999 0.316133 0.150244 0.293385 0.139876
1 0.311873 0.082245 0.334526 0.071670 0.366252 0.139630 0.343599 0.150205
1 0.389403 0.071838 0.411701 0.083144 0.377784 0.150037 0.355487 0.138731
1 0.373274 0.084244 0.394792 0.071516 0.432976 0.136068 0.411458 0.148796
0 0.370972 0.121529 0.416227 0.123815 0.414966 0.148783 0.369711 0.146498
1 0.455591 0.071432 0.477239 0.083938 0.439721 0.148880 0.418074 0.136374
1 0.434060 0.085854 0.462875 0.070158 0.498752 0.136021 0.469937 0.151717
1 0.519095 0.071182 0.541161 0.082934 0.505905 0.149131 0.483839 0.137379
1 0.500960 0.084736 0.525657 0.071280 0.561540 0.137139 0.536843 0.150595
1 0.580190 0.071131 0.605277 0.083845 0.571372 0.150744 0.546285 0.138030
1 0.569866 0.080689 0.593104 0.071471 0.620759 0.141186 0.597521 0.150404
0 0.566047 0.122777 0.606650 0.124112 0.605828 0.149098 0.565225 0.147763
1 0.645183 0.071771 0.667615 0.082808 0.634505 0.150104 0.612073 0.139067
1 0.632268 0.081451 0.655225 0.071553 0.684920 0.140424 0.661963 0.150322
0 0.632890 0.121553 0.667191 0.123813 0.665547 0.148759 0.631247 0.146499
1 0.709365 0.071788 0.731763 0.082893 0.698447 0.150087 0.676049 0.138982
1 0.693229 0.084663 0.714567 0.071636 0.753646 0.135650 0.732308 0.148676
0 0.706008 0.124004 0.718464 0.122959 0.720555 0.147871 0.708098 0.148916
1 0.773158 0.071751 0.795632 0.082702 0.762780 0.150124 0.740306 0.139173
1 0.758882 0.082889 0.780966 0.071172 0.816118 0.137423 0.794034 0.149141
0 0.756608 0.122831 0.800341 0.124054 0.799642 0.149044 0.755909 0.147821
1 0.838692 0.071849 0.860969 0.083194 0.826933 0.150026 0.804656 0.138681
1 0.824537 0.082091 0.847251 0.071645 0.878588 0.139784 0.855874 0.150230
0 0.820985 0.121585 0.863117 0.123761 0.861827 0.148728 0.819696 0.146551
0 0.063380 0.150976 0.103503 0.144607 0.106932 0.166211 0.066810 0.172581
0 0.092669 0.146362 0.133069 0.150635 0.130768 0.172388 0.090369 0.168115
0 0.127884 0.148862 0.165374 0.148019 0.165866 0.169888 0.128376 0.170731
0 0.158789 0.148683 0.194670 0.146664 0.195898 0.168505 0.160018 0.170523
0 0.180454 0.146437 0.217872 0.148924 0.216421 0.170751 0.179003 0.168264
0 0.203547 0.147773 0.239459 0.149117 0.238641 0.170977 0.202728 0.169633
0 0.210005 0.146196 0.264613 0.149149 0.263432 0.170992 0.208824 0.168039
0 0.250835 0.146336 0.288238 0.149033 0.286665 0.170852 0.249262 0.168154
0 0.268863 0.148247 0.306361 0.148630 0.306137 0.170503 0.268639 0.170120
0 0.290749 0.148271 0.320435 0.148606 0.320188 0.170479 0.290502 0.170144
0 0.324721 0.149265 0.354246 0.146167 0.356529 0.167922 0.327004 0.171021
0 0.342666 0.146126 0.372182 0.149313 0.369834 0.171061 0.340318 0.167875
0 0.354808 0.146239 0.392196 0.149139 0.390504 0.170948 0.353117 0.168048
0 0.388596 0.149100 0.418255 0.147796 0.419216 0.169650 0.389558 0.170954
0 0.421450 0.149039 0.451114 0.147854 0.451987 0.169711 0.422324 0.170896
0 0.435557 0.143183 0.489136 0.154135 0.484756 0.175567 0.431176 0.164615
0 0.456109 0.143257 0.510033 0.152361 0.506391 0.173931 0.452467 0.164826
0 0.485714 0.150379 0.523023 0.146607 0.525224 0.168371 0.487914 0.172143
0 0.520728 0.147782 0.556641 0.149108 0.555834 0.170968 0.519921 0.169642
0 0.531756 0.144870 0.586146 0.150562 0.583869 0.172318 0.529479 0.166626
0 0.571430 0.148671 0.582358 0.148222 0.583257 0.170079 0.572329 0.170528
0 0.565934 0.147694 0.620601 0.149189 0.620003 0.171056 0.565336 0.169561
0 0.608493 0.146691 0.637954 0.150351 0.635257 0.172059 0.605796 0.168399
0 0.628957 0.150657 0.664436 0.144935 0.667918 0.166531 0.632439 0.172253
0 0.658788 0.148751 0.669710 0.148156 0.670899 0.169999 0.659978 0.170594
0 0.695905 0.146823 0.706647 0.148880 0.702532 0.170365 0.691790 0.168307
0 0.702907 0.148739 0.732589 0.148140 0.733030 0.170011 0.703349 0.170610
0 0.714993 0.150418 0.750540 0.145132 0.753757 0.166769 0.718210 0.172055
0 0.744108 0.147797 0.784713 0.149089 0.784017 0.170953 0.743412 0.169661
0 0.776071 0.148697 0.786997 0.148200 0.787991 0.170053 0.777065 0.170550
0 0.771322 0.149157 0.825928 0.146188 0.827116 0.168031 0.772509 0.170999
0 0.811638 0.144600 0.846988 0.151070 0.843050 0.172587 0.807700 0.166118
0 0.839794 0.146489 0.877219 0.148868 0.875831 0.170699 0.838406 0.168320
0 0.887608 0.148036 0.898511 0.148908 0.896767 0.170714 0.885864 0.169842
1 0.102418 0.169617 0.120722 0.178423 0.088207 0.246008 0.069903 0.237202
1 0.085595 0.179606 0.107744 0.168011 0.142530 0.234456 0.120381 0.246051
0 0.082590 0.222113 0.123064 0.218606 0.125222 0.243512 0.084749 0.247019
1 0.161376 0.168382 0.184477 0.177937 0.155812 0.247243 0.132710 0.237688
1 0.149581 0.179687 0.171696 0.168029 0.206669 0.234376 0.184554 0.246033
0 0.152041 0.219680 0.186392 0.220962 0.185459 0.245945 0.151108 0.244663
1 0.237076 0.171434 0.253570 0.183288 0.209799 0.244191 0.193305 0.232337
1 0.213502 0.179835 0.235557 0.168063 0.270873 0.234228 0.248818 0.246000
0 0.212906 0.218497 0.254929 0.222226 0.252719 0.247128 0.210696 0.243399
1 0.294654 0.169626 0.312947 0.178455 0.280346 0.245999 0.262053 0.237170
1 0.279231 0.178960 0.301946 0.168519 0.333269 0.236665 0.310554 0.247106
0 0.289061 0.221226 0.301456 0.219609 0.304689 0.244399 0.292294 0.246016
1 0.356735 0.168639 0.375296 0.176891 0.344828 0.245423 0.326267 0.237172
1 0.337385 0.182191 0.364534 0.166715 0.401677 0.231871 0.374529 0.247348
0 0.341767 0.216744 0.383552 0.222557 0.380108 0.247318 0.338323 0.241506
1 0.424329 0.168473 0.445723 0.181407 0.406921 0.245589 0.385527 0.232655
1 0.405785 0.179720 0.428202 0.168653 0.461403 0.235905 0.438985 0.246972
1 0.487889 0.168363 0.509450 0.181018 0.471486 0.245700 0.449925 0.233045
1 0.469554 0.180014 0.491854 0.168712 0.525758 0.235611 0.503458 0.246913
0 0.465289 0.220942 0.510584 0.219693 0.511273 0.244683 0.465978 0.245932
1 0.549519 0.168736 0.567949 0.177276 0.536419 0.245326 0.517988 0.236787
1 0.532038 0.181841 0.553245 0.168602 0.592962 0.232222 0.571755 0.245461
0 0.529014 0.222520 0.572383 0.216760 0.575674 0.241543 0.532305 0.247302
1 0.614690 0.168106 0.636670 0.180018 0.600935 0.245957 0.578955 0.234045
1 0.601419 0.178454 0.618193 0.170075 0.651706 0.237171 0.634932 0.245550
0 0.595689 0.218476 0.639276 0.222242 0.637124 0.247149 0.593536 0.243383
1 0.679520 0.169886 0.697508 0.179323 0.662667 0.245739 0.644679 0.236302
1 0.657667 0.184852 0.677879 0.170138 0.722020 0.230773 0.701808 0.245487
1 0.745246 0.170093 0.763009 0.179946 0.726629 0.245532 0.708866 0.235679
1 0.724555 0.180554 0.746312 0.168239 0.783257 0.233508 0.761501 0.245823
1 0.808151 0.168352 0.829728 0.180979 0.791849 0.245710 0.770272 0.233084
1 0.787286 0.180405 0.815270 0.166496 0.848652 0.233657 0.820668 0.247567
0 0.067638 0.244574 0.105109 0.246069 0.104237 0.267926 0.066766 0.266431
0 0.085605 0.248667 0.139899 0.242115 0.142520 0.263833 0.088226 0.270385
0 0.120251 0.245397 0.149938 0.245229 0.150062 0.267103 0.120375 0.267271
0 0.168178 0.243315 0.178442 0.247094 0.170885 0.267622 0.160621 0.263844
0 0.170978 0.239032 0.206443 0.251218 0.199334 0.271906 0.163870 0.259720
0 0.201900 0.243589 0.239231 0.247135 0.237163 0.268911 0.199831 0.265365
0 0.217095 0.245466 0.253031 0.245159 0.253218 0.267034 0.217282 0.267341
0 0.245114 0.249541 0.284939 0.241515 0.289261 0.262959 0.249436 0.270985
0 0.277664 0.248022 0.306641 0.241564 0.311399 0.262916 0.282422 0.269373
0 0.307159 0.239903 0.346046 0.251658 0.339716 0.272597 0.300829 0.260842
0 0.320281 0.245365 0.356218 0.245260 0.356282 0.267135 0.320345 0.267240
0 0.364316 0.244854 0.375206 0.245865 0.373184 0.267646 0.362294 0.266635
0 0.378699 0.245044 0.389622 0.245611 0.388489 0.267456 0.377566 0.266889
0 0.400426 0.245109 0.411356 0.245532 0.410511 0.267391 0.399582 0.266968
0 0.412305 0.245813 0.466984 0.244816 0.467382 0.266687 0.412704 0.267684
0 0.451247 0.247654 0.491617 0.243108 0.494065 0.264846 0.453695 0.269392
0 0.480495 0.245638 0.510104 0.243482 0.511692 0.265300 0.482083 0.267455
0 0.496492 0.249700 0.533075 0.241459 0.537883 0.262800 0.501300 0.271041
0 0.516853 0.245908 0.554334 0.244728 0.555022 0.266592 0.517541 0.267772
0 0.560297 0.245657 0.571216 0.245007 0.572515 0.266843 0.561597 0.267493
0 0.572767 0.245504 0.602394 0.243603 0.603795 0.265433 0.574169 0.267335
0 0.599347 0.241797 0.628441 0.247702 0.624091 0.269140 0.594996 0.263235
0 0.607768 0.251357 0.646397 0.238780 0.653169 0.259580 0.614540 0.272157
0 0.645807 0.244538 0.681711 0.246108 0.680755 0.267962 0.644852 0.266392
0 0.674500 0.245398 0.710397 0.243689 0.711437 0.265539 0.675540 0.267248
0 0.707955 0.243083 0.745338 0.246048 0.743607 0.267855 0.706225 0.264889
0 0.751702 0.245244 0.762639 0.245383 0.762360 0.267256 0.751424 0.267117
0 0.763156 0.243156 0.800389 0.247625 0.797782 0.269344 0.760549 0.264875
0 0.794445 0.243419 0.831877 0.245684 0.830555 0.267519 0.793123 0.265254
0 0.817343 0.245061 0.853277 0.245567 0.852969 0.267439 0.817035 0.266933
0 0.836555 0.243207 0.873800 0.247566 0.871258 0.269293 0.834012 0.264934
0 0.863453 0.241570 0.903302 0.249473 0.899047 0.270930 0.859198 0.263027
0 0.883375 0.243620 0.920829 0.245469 0.919750 0.267317 0.882296 0.265468
1 0.066318 0.263395 0.094185 0.277537 0.060244 0.344418 0.032377 0.330276
1 0.059249 0.273461 0.076624 0.266413 0.104813 0.335914 0.087438 0.342962
1 0.134360 0.264873 0.156533 0.276420 0.121890 0.342940 0.099717 0.331392
1 0.116849 0.276543 0.142052 0.264061 0.175339 0.331269 0.150136 0.343752
1 0.200842 0.265337 0.222253 0.278244 0.183533 0.342476 0.162122 0.329569
1 0.182211 0.276731 0.204574 0.265555 0.238101 0.332644 0.215738 0.343820
1 0.262557 0.264884 0.284709 0.276473 0.249943 0.342928 0.227791 0.331340
1 0.245027 0.277254 0.266856 0.265070 0.303411 0.330558 0.281581 0.342743
1 0.326101 0.265615 0.344527 0.274163 0.312962 0.342198 0.294536 0.333649
1 0.309058 0.277289 0.330873 0.265078 0.367505 0.330524 0.345689 0.342734
0 0.296872 0.319361 0.359225 0.315073 0.360940 0.340014 0.298587 0.344302
1 0.388595 0.265477 0.411121 0.276319 0.378593 0.343898 0.356066 0.333056
1 0.375920 0.276010 0.398568 0.265423 0.430330 0.333365 0.407682 0.343952
0 0.371371 0.317298 0.413522 0.315536 0.414566 0.340514 0.372415 0.342276
1 0.454910 0.265049 0.476774 0.277173 0.440402 0.342763 0.418539 0.330639
1 0.438884 0.276313 0.461100 0.264849 0.495491 0.331500 0.473275 0.342963
1 0.518735 0.264873 0.540908 0.276420 0.506265 0.342940 0.484092 0.331392
1 0.502745 0.276511 0.525196 0.265512 0.558192 0.332864 0.535742 0.343863
1 0.582054 0.265565 0.600545 0.273971 0.569509 0.342248 0.551017 0.333842
1 0.567018 0.276306 0.589549 0.265474 0.622045 0.333069 0.599513 0.343901
1 0.646900 0.264879 0.669061 0.276449 0.634350 0.342933 0.612189 0.331363
1 0.631149 0.277015 0.653397 0.265614 0.687601 0.332360 0.665353 0.343761
0 0.617034 0.319058 0.679316 0.313841 0.681403 0.338754 0.619121 0.343971
1 0.711440 0.265102 0.733216 0.277383 0.696373 0.342710 0.674597 0.330429
1 0.693441 0.278151 0.718286 0.264970 0.753434 0.331224 0.728589 0.344405
1 0.771782 0.263971 0.797293 0.275812 0.765718 0.343841 0.740207 0.332001
1 0.757801 0.276957 0.779753 0.264996 0.815637 0.330855 0.793684 0.342816
0 0.755299 0.315357 0.800561 0.317483 0.799389 0.342455 0.754126 0.340330
1 0.836644 0.265345 0.859483 0.275512 0.828981 0.344030 0.806142 0.333863
1 0.821427 0.278325 0.842803 0.265361 0.881698 0.329487 0.860322 0.342452
1 0.101650 0.361764 0.123793 0.373370 0.088975 0.439798 0.066832 0.428193
1 0.087391 0.373313 0.105293 0.363714 0.140734 0.429812 0.122832 0.439411
0 0.082519 0.416087 0.124522 0.412148 0.126856 0.437038 0.084853 0.440977
1 0.166194 0.361845 0.188192 0.373724 0.152556 0.439717 0.130558 0.427839
1 0.149294 0.373900 0.166693 0.363419 0.205394 0.427662 0.187994 0.438144
0 0.149417 0.410530 0.190940 0.417989 0.186520 0.442595 0.144997 0.435136
1 0.225524 0.360258 0.253450 0.374283 0.219788 0.441305 0.191863 0.427279
1 0.215243 0.371931 0.238255 0.362160 0.267569 0.431194 0.244558 0.440965
1 0.295081 0.363622 0.313085 0.373028 0.278356 0.439503 0.260353 0.430097
1 0.279607 0.372362 0.302456 0.362217 0.332893 0.430763 0.310044 0.440908
0 0.290467 0.414143 0.302966 0.413984 0.303283 0.438982 0.290784 0.439141
1 0.362388 0.363674 0.378577 0.373134 0.340737 0.437888 0.324548 0.428428
1 0.343431 0.371876 0.366463 0.362153 0.395631 0.431249 0.372599 0.440972
0 0.355069 0.413546 0.367517 0.414683 0.365243 0.439579 0.352795 0.438442
1 0.421990 0.361769 0.444125 0.373390 0.409260 0.439794 0.387125 0.428172
1 0.403008 0.377508 0.423714 0.363499 0.465742 0.425617 0.445036 0.439626
0 0.402552 0.414303 0.444691 0.412288 0.445886 0.437259 0.403746 0.439275
1 0.485763 0.361722 0.507983 0.373179 0.473612 0.439840 0.451392 0.428383
1 0.471536 0.372803 0.489620 0.363552 0.523777 0.430322 0.505693 0.439573
0 0.466143 0.412385 0.511419 0.414198 0.510419 0.439178 0.465143 0.437365
1 0.549473 0.361923 0.574126 0.375461 0.538027 0.441202 0.513374 0.427664
1 0.535519 0.373609 0.553313 0.363813 0.589481 0.429516 0.571687 0.439312
0 0.547394 0.413816 0.559884 0.414330 0.558856 0.439309 0.546366 0.438795
1 0.614684 0.362001 0.636422 0.374349 0.599378 0.439562 0.577641 0.427214
1 0.599685 0.372578 0.622451 0.362248 0.653440 0.430547 0.630674 0.440877
1 0.676453 0.360511 0.703462 0.376231 0.665734 0.441051 0.638726 0.425331
1 0.660171 0.375552 0.684783 0.361941 0.721079 0.427573 0.696467 0.441184
1 0.740918 0.362456 0.763229 0.373734 0.729395 0.440669 0.707083 0.429391
1 0.724976 0.373846 0.746923 0.361874 0.782837 0.427717 0.760889 0.439688
0 0.723609 0.413778 0.765792 0.414350 0.765454 0.439347 0.723270 0.438775
1 0.801919 0.362126 0.825041 0.371634 0.796519 0.440999 0.773397 0.431491
1 0.790271 0.373361 0.812732 0.362383 0.845666 0.429764 0.823206 0.440742
0 0.792707 0.413378 0.827054 0.414768 0.826043 0.439747 0.791696 0.438357
0 0.067310 0.436862 0.104697 0.439767 0.103003 0.461576 0.065615 0.458671
0 0.105317 0.437475 0.134958 0.439121 0.133746 0.460962 0.104104 0.459317
0 0.126164 0.442669 0.180398 0.435637 0.183211 0.457331 0.128977 0.464363
0 0.149470 0.443202 0.203563 0.435161 0.206780 0.456798 0.152687 0.464839
0 0.192502 0.437438 0.228283 0.440782 0.226248 0.462562 0.190467 0.459218
0 0.218237 0.444433 0.257596 0.434373 0.263013 0.455567 0.223654 0.465627
0 0.251055 0.435476 0.287771 0.443107 0.283320 0.464524 0.246604 0.456893
0 0.263398 0.440897 0.317966 0.437276 0.319414 0.459103 0.264847 0.462724
0 0.301890 0.438542 0.337812 0.439592 0.337173 0.461458 0.301251 0.460408
0 0.339079 0.439041 0.368766 0.439084 0.368734 0.460959 0.339046 0.460916
0 0.348290 0.445526 0.383881 0.433713 0.390772 0.454474 0.355182 0.466287
0 0.386751 0.439379 0.416361 0.437241 0.417937 0.459059 0.388326 0.461197
0 0.411165 0.436817 0.465662 0.441385 0.463835 0.463183 0.409338 0.458615
0 0.448811 0.433820 0.484488 0.445368 0.477752 0.466180 0.442074 0.454632
0 0.473414 0.439503 0.484321 0.438683 0.485961 0.460497 0.475054 0.461317
0 0.490478 0.440837 0.527818 0.437381 0.529834 0.459163 0.492494 0.462619
0 0.516290 0.436894 0.553519 0.441388 0.550898 0.463106 0.513668 0.458612
0 0.535561 0.441346 0.572800 0.436931 0.575376 0.458654 0.538137 0.463069
0 0.555059 0.437291 0.592381 0.440938 0.590254 0.462709 0.552931 0.459062
0 0.573344 0.441644 0.608711 0.435266 0.612593 0.456794 0.577226 0.463172
0 0.610209 0.436963 0.647612 0.439656 0.646041 0.461475 0.608638 0.458781
0 0.653557 0.438536 0.664430 0.439717 0.662068 0.461464 0.651195 0.460283
0 0.670858 0.437053 0.708127 0.441207 0.705704 0.462947 0.668435 0.458793
0 0.699795 0.439167 0.710731 0.438962 0.711142 0.460833 0.700207 0.461038
0 0.702511 0.439360 0.738386 0.437241 0.739676 0.459078 0.703801 0.461197
0 0.727563 0.441265 0.767779 0.435517 0.770874 0.457172 0.730658 0.462920
0 0.759360 0.439088 0.796860 0.439037 0.796890 0.460912 0.759390 0.460963
0 0.793000 0.436994 0.830408 0.439622 0.828875 0.461443 0.791467 0.458815
0 0.812400 0.439228 0.848336 0.438898 0.848537 0.460772 0.812601 0.461102
0 0.836916 0.439350 0.874357 0.437247 0.875584 0.459088 0.838143 0.461191
0 0.870256 0.439160 0.907756 0.438965 0.907869 0.460840 0.870369 0.461035
0 0.893675 0.442548 0.930585 0.435921 0.934450 0.457452 0.897540 0.464079
1 0.072283 0.459240 0.096030 0.474311 0.055842 0.537635 0.032095 0.522564
1 0.049337 0.473543 0.076131 0.457462 0.114726 0.521769 0.087931 0.537851
0 0.050865 0.511417 0.092979 0.508938 0.094448 0.533895 0.052333 0.536374
1 0.132812 0.457303 0.160079 0.472570 0.123438 0.538010 0.096171 0.522743
1 0.120298 0.469177 0.143170 0.459083 0.173452 0.527698 0.150580 0.537792
0 0.117392 0.508626 0.159463 0.511756 0.157608 0.536687 0.115537 0.533557
1 0.201005 0.459311 0.222093 0.472740 0.181807 0.536001 0.160720 0.522573
1 0.182693 0.470957 0.200314 0.460854 0.237620 0.525918 0.219998 0.536021
0 0.194887 0.511160 0.207379 0.510730 0.208238 0.535715 0.195746 0.536145
1 0.261279 0.459338 0.283576 0.470644 0.249659 0.537537 0.227361 0.526231
1 0.246778 0.469986 0.269337 0.459212 0.301659 0.526889 0.279100 0.537663
0 0.241787 0.513281 0.285300 0.508730 0.287900 0.533594 0.244388 0.538145
1 0.321970 0.457105 0.350043 0.470834 0.317092 0.538208 0.289020 0.524478
1 0.309314 0.470760 0.331245 0.458759 0.367248 0.524553 0.345317 0.536554
0 0.313252 0.509183 0.347570 0.511172 0.346123 0.536130 0.311805 0.534141
1 0.395142 0.460404 0.415809 0.474470 0.373608 0.536471 0.352941 0.522405
1 0.374314 0.470754 0.391721 0.460286 0.430374 0.524558 0.412967 0.535027
0 0.371797 0.511070 0.413983 0.510805 0.414141 0.535805 0.371954 0.536070
1 0.455622 0.460257 0.473908 0.469101 0.441253 0.536618 0.422967 0.527774
1 0.433773 0.473730 0.462404 0.457702 0.499040 0.523145 0.470408 0.539173
0 0.436390 0.510203 0.478552 0.511687 0.477672 0.536672 0.435511 0.535188
1 0.519905 0.460299 0.538140 0.469248 0.505095 0.536576 0.486860 0.527627
1 0.502867 0.470142 0.525364 0.459240 0.558071 0.526733 0.535573 0.537635
1 0.583398 0.458869 0.605147 0.471196 0.568164 0.536444 0.546415 0.524116
1 0.565062 0.471316 0.590162 0.458627 0.624000 0.525559 0.598901 0.538248
0 0.564289 0.510562 0.606470 0.511317 0.606023 0.536313 0.563842 0.535558
1 0.642718 0.459014 0.665797 0.468623 0.636970 0.537861 0.613890 0.528252
1 0.631168 0.470920 0.648803 0.460840 0.686020 0.525955 0.668385 0.536035
0 0.628723 0.509198 0.670866 0.511141 0.669715 0.536114 0.627572 0.534172
1 0.711070 0.458782 0.732962 0.470855 0.696742 0.536530 0.674851 0.524457
1 0.696672 0.469555 0.714799 0.460389 0.748641 0.527320 0.730514 0.536486
1 0.772111 0.457748 0.797524 0.469798 0.765389 0.537565 0.739976 0.525515
1 0.757134 0.472324 0.781793 0.458796 0.817866 0.524551 0.793207 0.538079
1 0.839584 0.458856 0.861353 0.471147 0.824479 0.536457 0.802709 0.524165
1 0.819905 0.473757 0.840888 0.460167 0.881658 0.523118 0.860674 0.536708
0 0.819627 0.512935 0.859899 0.507595 0.863186 0.532378 0.822913 0.537718
0 0.067509 0.535426 0.103432 0.536458 0.102803 0.558324 0.066881 0.557292
0 0.084802 0.534090 0.122108 0.537898 0.119886 0.559660 0.082580 0.555852
0 0.117015 0.537768 0.154345 0.534206 0.156423 0.555982 0.119093 0.559544
0 0.132683 0.537676 0.170029 0.534289 0.172005 0.556074 0.134658 0.559461
0 0.144534 0.538133 0.199050 0.533811 0.200779 0.555617 0.146262 0.559939
0 0.167619 0.532511 0.222040 0.537908 0.219881 0.559677 0.165460 0.554279
0 0.213773 0.536542 0.224655 0.535443 0.226852 0.557208 0.215970 0.558307
0 0.217151 0.537615 0.257643 0.534332 0.259411 0.556135 0.218919 0.559418
0 0.239847 0.536616 0.277238 0.533760 0.278903 0.555572 0.241512 0.558427
0 0.269202 0.535350 0.298865 0.536543 0.297986 0.558400 0.268322 0.557207
0 0.300045 0.535865 0.335982 0.536010 0.335893 0.557885 0.299956 0.557740
0 0.323227 0.536307 0.360719 0.535572 0.361148 0.557443 0.323656 0.558178
0 0.354412 0.537992 0.391700 0.534007 0.394025 0.555758 0.356737 0.559743
0 0.390822 0.530995 0.425608 0.540018 0.420116 0.561192 0.385330 0.552170
0 0.409323 0.537651 0.449809 0.534299 0.451615 0.556099 0.411128 0.559451
0 0.445150 0.529051 0.480046 0.542780 0.472038 0.563136 0.437141 0.549407
0 0.463565 0.536018 0.499463 0.534319 0.500497 0.556169 0.464600 0.557869
0 0.498490 0.535867 0.528177 0.536009 0.528073 0.557883 0.498385 0.557741
0 0.531767 0.534046 0.567490 0.537959 0.565108 0.559704 0.529385 0.555791
0 0.557771 0.536640 0.593591 0.533744 0.595354 0.555547 0.559534 0.558444
0 0.589039 0.538341 0.624462 0.532284 0.628149 0.553846 0.592725 0.559903
0 0.611922 0.532430 0.648674 0.539881 0.644328 0.561320 0.607576 0.553869
0 0.636493 0.534255 0.673949 0.536084 0.672882 0.557933 0.635426 0.556104
0 0.660919 0.535967 0.696857 0.535908 0.696893 0.557783 0.660956 0.557842
0 0.693702 0.536003 0.723389 0.535873 0.723485 0.557747 0.693798 0.557877
0 0.716996 0.537808 0.754319 0.534170 0.756441 0.555942 0.719118 0.559580
0 0.752314 0.533959 0.789735 0.536400 0.788311 0.558228 0.750890 0.555788
0 0.777833 0.536432 0.813757 0.535451 0.814354 0.557318 0.778430 0.558299
0 0.808806 0.536514 0.819509 0.534266 0.824007 0.555673 0.813303 0.557922
0 0.831419 0.535512 0.842317 0.536442 0.840456 0.558238 0.829558 0.557308
0 0.845027 0.536085 0.855960 0.535797 0.856536 0.557665 0.845602 0.557953
0 0.845498 0.535485 0.900178 0.536393 0.899815 0.558265 0.845135 0.557357
0 0.863239 0.534246 0.917819 0.537672 0.916449 0.559504 0.861868 0.556078
1 0.103597 0.555881 0.125131 0.568582 0.087028 0.633182 0.065494 0.620481
1 0.087281 0.566239 0.110082 0.555985 0.140844 0.624386 0.118043 0.634640
1 0.165849 0.555674 0.187712 0.567799 0.151339 0.633388 0.129476 0.621264
1 0.150847 0.566388 0.167208 0.557230 0.203841 0.622675 0.187480 0.631833
0 0.160765 0.608843 0.173134 0.607043 0.176735 0.631782 0.164366 0.633582
1 0.230602 0.557484 0.247469 0.565674 0.214710 0.633141 0.197843 0.624951
1 0.216453 0.566470 0.233053 0.557753 0.267922 0.624155 0.251322 0.632872
1 0.293551 0.556250 0.315778 0.567693 0.281449 0.634375 0.259222 0.622932
1 0.277655 0.567225 0.300070 0.556154 0.333282 0.623400 0.310867 0.634471
1 0.360350 0.555992 0.381716 0.568972 0.342775 0.633071 0.321409 0.620090
1 0.343605 0.566378 0.361750 0.557249 0.395458 0.624247 0.377312 0.633376
0 0.339157 0.607655 0.381343 0.607971 0.381156 0.632970 0.338969 0.632654
1 0.424188 0.556123 0.445364 0.569411 0.405499 0.632939 0.384323 0.619651
1 0.405522 0.567672 0.422913 0.557177 0.461665 0.621390 0.444274 0.631885
0 0.402938 0.609614 0.444978 0.606098 0.447062 0.631011 0.405022 0.634527
1 0.486084 0.555660 0.507971 0.567741 0.471729 0.633403 0.449841 0.621322
1 0.473040 0.564385 0.496520 0.555800 0.522273 0.626240 0.498793 0.634825
0 0.483077 0.607684 0.495575 0.607947 0.495048 0.632941 0.482550 0.632678
1 0.550384 0.555705 0.572197 0.567919 0.535554 0.633358 0.513741 0.621144
1 0.535638 0.567244 0.553474 0.557524 0.589362 0.623381 0.571526 0.633101
1 0.612124 0.556113 0.634625 0.567009 0.601939 0.634512 0.579438 0.623616
1 0.598070 0.567124 0.620525 0.556135 0.653493 0.623501 0.631037 0.634490
1 0.673774 0.553995 0.701764 0.567891 0.668414 0.635068 0.640423 0.621172
1 0.662500 0.567537 0.684790 0.556217 0.718750 0.623088 0.696460 0.634408
0 0.659085 0.609828 0.701090 0.605905 0.703415 0.630797 0.661410 0.634720
1 0.746535 0.557590 0.762580 0.567290 0.723778 0.631473 0.707732 0.621772
1 0.727349 0.566763 0.749947 0.556069 0.782026 0.623862 0.759428 0.634556
0 0.726203 0.610232 0.760047 0.604216 0.764422 0.628831 0.730578 0.634846
1 0.804343 0.556023 0.827048 0.566487 0.795657 0.634602 0.772952 0.624138
1 0.793560 0.564220 0.817097 0.555794 0.842377 0.626405 0.818840 0.634831
0 0.777740 0.608039 0.840208 0.606036 0.841010 0.631023 0.778542 0.633026
0 0.058041 0.632257 0.112717 0.633373 0.112271 0.655243 0.057595 0.654127
0 0.086778 0.633494 0.127301 0.630623 0.128847 0.652443 0.088324 0.655315
0 0.135596 0.632990 0.146529 0.632646 0.147216 0.654510 0.136284 0.654854
0 0.143492 0.633306 0.184105 0.632326 0.184633 0.654194 0.144020 0.655174
0 0.176445 0.638736 0.210712 0.627906 0.217305 0.648764 0.183038 0.659594
0 0.201039 0.629244 0.237763 0.636833 0.233336 0.658256 0.196612 0.650667
0 0.213293 0.633599 0.253802 0.630526 0.255457 0.652338 0.214948 0.655412
0 0.238567 0.629213 0.275276 0.636873 0.270808 0.658287 0.234099 0.650627
0 0.241958 0.638679 0.295151 0.625982 0.300230 0.647259 0.247037 0.659956
0 0.264999 0.634530 0.319581 0.631138 0.320938 0.652970 0.266356 0.656362
0 0.320605 0.632068 0.331396 0.633849 0.327833 0.655432 0.317041 0.653651
0 0.349626 0.633885 0.360168 0.630969 0.365999 0.652053 0.355457 0.654968
0 0.354365 0.633386 0.391847 0.632249 0.392510 0.654114 0.355028 0.655251
0 0.377552 0.634783 0.414678 0.629498 0.417760 0.651155 0.380635 0.656439
0 0.407581 0.633254 0.448197 0.632376 0.448669 0.654246 0.408053 0.655124
0 0.435539 0.629229 0.472576 0.635104 0.469149 0.656709 0.432112 0.650834
0 0.455291 0.630629 0.509905 0.633463 0.508771 0.655309 0.454157 0.652475
0 0.492854 0.631004 0.528731 0.633095 0.527458 0.654933 0.491582 0.652842
0 0.526430 0.633043 0.563927 0.632584 0.564195 0.654457 0.526698 0.654916
0 0.559340 0.633570 0.596719 0.630563 0.598473 0.652368 0.561094 0.655374
0 0.598581 0.632620 0.628266 0.633007 0.627981 0.654880 0.598296 0.654493
0 0.618043 0.635193 0.647386 0.630685 0.650707 0.652307 0.621364 0.656815
0 0.640714 0.632662 0.678213 0.632964 0.678036 0.654838 0.640537 0.654536
0 0.670752 0.632092 0.708224 0.633550 0.707373 0.655408 0.669901 0.653950
0 0.709575 0.632375 0.720471 0.633335 0.718550 0.655125 0.707654 0.654165
0 0.719895 0.632844 0.760489 0.631236 0.761355 0.653093 0.720761 0.654702
0 0.747143 0.632366 0.784632 0.633265 0.784107 0.655134 0.746618 0.654235
0 0.766100 0.632195 0.795761 0.633449 0.794837 0.655305 0.765176 0.654051
0 0.790225 0.633022 0.801155 0.632618 0.801962 0.654478 0.791032 0.654882
0 0.818923 0.632385 0.829820 0.633320 0.827952 0.655115 0.817055 0.654180
0 0.835471 0.629131 0.864483 0.635430 0.859842 0.656807 0.830830 0.650508
0 0.846713 0.636539 0.883542 0.629477 0.887662 0.650961 0.850833 0.658023
0 0.864049 0.635058 0.918558 0.630638 0.920326 0.652442 0.865817 0.656862
0 0.908539 0.632479 0.919453 0.633193 0.918024 0.655021 0.907110 0.654307
1 0.070979 0.654107 0.089144 0.663196 0.055584 0.730268 0.037418 0.721179
1 0.053082 0.665356 0.074658 0.652728 0.112543 0.717456 0.090967 0.730084
0 0.051318 0.705125 0.095060 0.704255 0.095557 0.729250 0.051815 0.730120
1 0.134712 0.652431 0.156780 0.664178 0.121538 0.730382 0.099470 0.718635
1 0.118545 0.664821 0.135833 0.654157 0.175205 0.717992 0.157917 0.728655
1 0.197558 0.652613 0.222063 0.666416 0.185255 0.731762 0.160750 0.717959
1 0.182220 0.664222 0.204586 0.653053 0.238093 0.720153 0.215726 0.731322
1 0.263504 0.654378 0.280351 0.662607 0.247434 0.729997 0.230586 0.721768
1 0.246678 0.663832 0.269199 0.652979 0.301759 0.720543 0.279238 0.731396
0 0.234304 0.704867 0.296803 0.704508 0.296946 0.729508 0.234447 0.729867
1 0.327379 0.652665 0.349054 0.665121 0.311684 0.730148 0.290008 0.717691
1 0.310403 0.664183 0.332469 0.652432 0.367722 0.718630 0.345656 0.730381
0 0.297666 0.706822 0.360024 0.702610 0.361709 0.727553 0.299351 0.731765
1 0.390574 0.652367 0.412758 0.663894 0.378176 0.730446 0.355992 0.718918
1 0.372789 0.665157 0.394449 0.652674 0.431899 0.717655 0.410238 0.730138
0 0.370182 0.708134 0.411852 0.701547 0.415755 0.726241 0.374085 0.732828
1 0.454920 0.652551 0.476781 0.664680 0.440392 0.730262 0.418532 0.718132
1 0.438753 0.664899 0.456304 0.654673 0.494060 0.719476 0.476509 0.729702
0 0.438133 0.702561 0.480092 0.706949 0.477492 0.731814 0.435533 0.727426
1 0.521866 0.653984 0.542759 0.667712 0.501572 0.730391 0.480679 0.716663
1 0.502699 0.664057 0.525131 0.653021 0.558239 0.720318 0.535806 0.731354
0 0.501811 0.703094 0.543872 0.706356 0.541939 0.731281 0.499878 0.728019
1 0.586247 0.653992 0.603698 0.664387 0.565315 0.728821 0.547864 0.718426
1 0.563336 0.667070 0.587544 0.652752 0.625726 0.717305 0.601518 0.731623
0 0.563681 0.706900 0.605649 0.702605 0.608194 0.727475 0.566226 0.731770
1 0.645576 0.653077 0.667896 0.664339 0.634111 0.731298 0.611791 0.720036
1 0.635443 0.660727 0.659106 0.652660 0.683307 0.723648 0.659644 0.731715
0 0.626398 0.708220 0.668043 0.701476 0.672039 0.726155 0.630394 0.732899
1 0.713945 0.654078 0.730330 0.663194 0.693868 0.728734 0.677483 0.719619
1 0.693500 0.663945 0.721856 0.650812 0.753375 0.718868 0.725019 0.732000
0 0.691123 0.703043 0.736402 0.704788 0.735439 0.729769 0.690160 0.728025
1 0.775446 0.652592 0.797240 0.664841 0.760491 0.730221 0.738698 0.717971
1 0.757182 0.664365 0.785352 0.650838 0.817818 0.718447 0.789648 0.731974
0 0.747401 0.701037 0.809626 0.706886 0.807287 0.731776 0.745061 0.725927
1 0.834109 0.650802 0.862557 0.663736 0.831516 0.732011 0.803068 0.719077
1 0.823171 0.663903 0.845351 0.652369 0.879954 0.718909 0.857774 0.730444
0 0.836255 0.704196 0.848709 0.705272 0.846557 0.730179 0.834104 0.729103
0 0.069823 0.726082 0.106529 0.733756 0.102052 0.755168 0.065346 0.747494
0 0.100756 0.724472 0.128636 0.734673 0.121119 0.755216 0.093239 0.745014
0 0.127162 0.727688 0.162860 0.731833 0.160338 0.753562 0.124640 0.749417
0 0.159354 0.724960 0.194268 0.733476 0.189084 0.754728 0.154170 0.746211
0 0.182798 0.729713 0.220297 0.729662 0.220327 0.751537 0.182828 0.751588
0 0.202522 0.722708 0.240777 0.736380 0.233416 0.756979 0.195160 0.743307
0 0.229603 0.732245 0.264978 0.725910 0.268834 0.747442 0.233460 0.753778
0 0.255692 0.733877 0.292029 0.724613 0.297433 0.745810 0.261096 0.755074
0 0.290756 0.727765 0.320351 0.730116 0.318619 0.751922 0.289024 0.749572
0 0.306018 0.730009 0.335699 0.729371 0.336169 0.751241 0.306489 0.751879
0 0.322521 0.727543 0.359757 0.731986 0.357166 0.753707 0.319930 0.749264
0 0.333654 0.735974 0.372571 0.724320 0.378846 0.745276 0.339929 0.756930
0 0.358792 0.727633 0.388160 0.731978 0.384958 0.753617 0.355590 0.749272
0 0.376108 0.726281 0.411620 0.731790 0.408267 0.753406 0.372755 0.747898
0 0.398249 0.731720 0.438680 0.727759 0.440814 0.749530 0.400382 0.753491
0 0.425881 0.729897 0.455506 0.727962 0.456931 0.749791 0.427307 0.751725
0 0.466397 0.724461 0.494266 0.734692 0.486728 0.755227 0.458859 0.744996
0 0.480144 0.724582 0.514250 0.735908 0.507356 0.756668 0.473250 0.745342
0 0.493297 0.733511 0.547475 0.726067 0.550453 0.747739 0.496275 0.755183
0 0.525353 0.727514 0.554900 0.730403 0.552772 0.752174 0.523225 0.749285
0 0.549287 0.731864 0.584778 0.726220 0.588213 0.747824 0.552722 0.753467
0 0.566720 0.731637 0.607001 0.726361 0.609842 0.748051 0.569561 0.753327
0 0.602961 0.729974 0.640457 0.729404 0.640789 0.751276 0.603293 0.751846
0 0.629589 0.729851 0.665525 0.729525 0.665723 0.751399 0.629787 0.751725
0 0.655494 0.733222 0.695552 0.726458 0.699194 0.748028 0.659136 0.754792
0 0.687017 0.732446 0.715975 0.725905 0.720795 0.747242 0.691837 0.753783
0 0.721486 0.730236 0.751154 0.729154 0.751951 0.751014 0.722283 0.752096
0 0.735907 0.731352 0.776401 0.728093 0.778156 0.749898 0.737662 0.753157
0 0.772590 0.727671 0.813137 0.730183 0.811785 0.752016 0.771238 0.749504
0 0.793517 0.730098 0.831008 0.729283 0.831483 0.751152 0.793992 0.751967
0 0.812270 0.730282 0.866944 0.729098 0.867418 0.750968 0.812743 0.752152
0 0.831122 0.734913 0.884582 0.723391 0.889191 0.744775 0.835731 0.756297
0 0.872045 0.724601 0.908376 0.733894 0.902955 0.755087 0.866624 0.745794
1 0.100010 0.749814 0.122620 0.760482 0.090615 0.828311 0.068005 0.817643
1 0.084003 0.761736 0.109190 0.749222 0.142560 0.816389 0.117372 0.828903
0 0.071543 0.804821 0.133715 0.798435 0.136270 0.823304 0.074097 0.829690
1 0.166659 0.749584 0.188264 0.762163 0.150529 0.826978 0.128924 0.814400
1 0.152629 0.759748 0.170907 0.750888 0.203621 0.818377 0.185343 0.827237
0 0.137846 0.798267 0.200137 0.803380 0.198091 0.828296 0.135801 0.823183
1 0.230172 0.749474 0.251954 0.761745 0.215140 0.827089 0.193359 0.814817
1 0.213826 0.761699 0.231405 0.751521 0.268986 0.816426 0.251408 0.826604
0 0.210505 0.802323 0.252666 0.800818 0.253558 0.825802 0.211397 0.827307
1 0.290775 0.748365 0.316214 0.760361 0.284225 0.828197 0.258786 0.816201
1 0.272949 0.765012 0.299324 0.748251 0.339551 0.811550 0.313176 0.828312
0 0.275671 0.799713 0.317803 0.801883 0.316517 0.826850 0.274385 0.824680
1 0.357252 0.749973 0.375700 0.758474 0.344311 0.826590 0.325863 0.818089
1 0.338410 0.764692 0.359256 0.750893 0.400653 0.813433 0.379806 0.827232
0 0.343744 0.801571 0.378119 0.801554 0.378131 0.826554 0.343756 0.826571
1 0.422280 0.749459 0.444086 0.761685 0.407408 0.827104 0.385601 0.814878
1 0.405797 0.760958 0.428219 0.749901 0.461390 0.817167 0.438968 0.828224
0 0.407564 0.801912 0.441932 0.801218 0.442436 0.826213 0.408068 0.826907
1 0.484685 0.749959 0.506992 0.761247 0.473127 0.828166 0.450821 0.816878
1 0.471854 0.760017 0.490039 0.750966 0.523458 0.818108 0.505274 0.827159
0 0.471156 0.801835 0.505469 0.799772 0.506969 0.824727 0.472656 0.826790
1 0.550058 0.749394 0.571973 0.761425 0.535879 0.827169 0.513965 0.815138
1 0.531150 0.762745 0.560551 0.748177 0.593850 0.815380 0.564449 0.829948
0 0.530692 0.801774 0.572834 0.799815 0.573995 0.824789 0.531853 0.826747
1 0.613363 0.749829 0.632009 0.757885 0.602262 0.826734 0.583616 0.818677
1 0.596204 0.762940 0.620866 0.749420 0.656921 0.815185 0.632259 0.828705
1 0.674612 0.749691 0.697531 0.759676 0.667576 0.828434 0.644657 0.818449
1 0.662367 0.759900 0.687997 0.748318 0.718883 0.816663 0.693253 0.828245
0 0.657247 0.801867 0.702508 0.799724 0.703691 0.824696 0.658429 0.826839
1 0.745026 0.750786 0.766018 0.764364 0.725286 0.827339 0.704294 0.813761
1 0.724604 0.762624 0.749407 0.749362 0.784771 0.815501 0.759968 0.828763
0 0.722838 0.801854 0.764972 0.799740 0.766225 0.824709 0.724090 0.826822
1 0.807272 0.749582 0.828881 0.762153 0.791166 0.826981 0.769557 0.814409
1 0.791705 0.760235 0.814410 0.749773 0.845795 0.817890 0.823090 0.828352
0 0.066600 0.828437 0.102175 0.823346 0.105275 0.845000 0.069700 0.850092
0 0.082954 0.824335 0.120337 0.827296 0.118609 0.849103 0.081226 0.846141
0 0.107312 0.828356 0.144483 0.823398 0.147375 0.845081 0.110204 0.850039
0 0.150630 0.825964 0.161481 0.827333 0.158745 0.849036 0.147894 0.847667
0 0.163398 0.824256 0.203904 0.827371 0.202227 0.849181 0.161721 0.846067
0 0.195705 0.824762 0.233021 0.828471 0.230857 0.850238 0.193541 0.846529
0 0.229380 0.827084 0.265303 0.826050 0.265932 0.847916 0.230009 0.848950
0 0.263604 0.824658 0.274060 0.827865 0.267646 0.848779 0.257190 0.845572
0 0.286002 0.826530 0.296940 0.826595 0.296810 0.848470 0.285873 0.848405
0 0.294150 0.821426 0.328812 0.830913 0.323038 0.852012 0.288375 0.842525
0 0.322939 0.826685 0.360396 0.824902 0.361436 0.846753 0.323979 0.848535
0 0.341674 0.829391 0.370604 0.822729 0.375513 0.844046 0.346583 0.850708
0 0.374367 0.824559 0.403751 0.828790 0.400633 0.850441 0.371249 0.846210
0 0.395749 0.824702 0.433052 0.828538 0.430814 0.850298 0.393511 0.846462
0 0.422715 0.823219 0.459540 0.830299 0.455410 0.851781 0.418585 0.844701
0 0.443372 0.822833 0.480019 0.830790 0.475378 0.852167 0.438731 0.844210
0 0.458823 0.828482 0.495961 0.823291 0.498990 0.844955 0.461851 0.850147
0 0.489790 0.823354 0.530103 0.828377 0.527398 0.850084 0.487085 0.845061
0 0.509184 0.826897 0.546678 0.826232 0.547066 0.848103 0.509572 0.848768
0 0.518186 0.830065 0.572238 0.821751 0.575564 0.843372 0.521512 0.851686
0 0.566528 0.826918 0.577445 0.826248 0.578784 0.848082 0.567867 0.848752
0 0.585818 0.826771 0.623315 0.826355 0.623557 0.848229 0.586060 0.848645
0 0.603741 0.824828 0.639626 0.826767 0.638446 0.848610 0.602561 0.846671
0 0.636229 0.824458 0.665790 0.827198 0.663771 0.848980 0.634210 0.846240
0 0.648375 0.826670 0.685875 0.826455 0.686000 0.848330 0.648500 0.848545
0 0.672773 0.828762 0.709836 0.823055 0.713165 0.844675 0.676102 0.850382
0 0.718478 0.826703 0.729412 0.826429 0.729959 0.848297 0.719025 0.848571
0 0.733869 0.830573 0.770285 0.821622 0.775506 0.842865 0.739090 0.851816
0 0.766982 0.826907 0.802913 0.826222 0.803330 0.848093 0.767399 0.848778
0 0.796767 0.830502 0.836693 0.822999 0.840733 0.844498 0.800807 0.852001
0 0.831671 0.825815 0.872268 0.827326 0.871454 0.849185 0.830857 0.847674
0 0.859581 0.826230 0.895513 0.826898 0.895106 0.848770 0.859175 0.848102
0 0.876514 0.826646 0.914014 0.826480 0.914111 0.848354 0.876611 0.848520
0 0.898470 0.826519 0.928157 0.826606 0.928093 0.848481 0.898405 0.848394
1 0.073763 0.847746 0.091209 0.858148 0.052800 0.922567 0.035353 0.912164
1 0.051468 0.860089 0.072621 0.846764 0.112595 0.910224 0.091442 0.923548
0 0.067773 0.898162 0.080260 0.898740 0.079102 0.923713 0.066615 0.923135
1 0.136845 0.846602 0.158234 0.859545 0.119405 0.923711 0.098016 0.910768
1 0.120130 0.856132 0.143206 0.846515 0.172058 0.915743 0.148982 0.925360
1 0.198855 0.846336 0.220658 0.858569 0.183957 0.923977 0.162155 0.911743
1 0.182136 0.858083 0.204140 0.846217 0.239739 0.912230 0.217735 0.924096
0 0.179199 0.900884 0.221120 0.896149 0.223926 0.920991 0.182005 0.925726
1 0.263983 0.846803 0.287616 0.862051 0.246954 0.925072 0.223321 0.909824
1 0.245141 0.858380 0.267022 0.846288 0.303297 0.911932 0.281416 0.924024
1 0.324718 0.846751 0.347193 0.857700 0.314344 0.925124 0.291870 0.914175
1 0.311833 0.857283 0.334472 0.846677 0.366292 0.914592 0.343653 0.925198
0 0.312960 0.897829 0.347313 0.899062 0.346415 0.924046 0.312062 0.922813
1 0.391202 0.846222 0.413198 0.858105 0.377548 0.924091 0.355552 0.912207
1 0.372843 0.859749 0.394143 0.846662 0.433407 0.910563 0.412107 0.923651
0 0.371982 0.896167 0.417192 0.899202 0.415518 0.924145 0.370308 0.921111
1 0.455037 0.847851 0.472183 0.855437 0.441838 0.924024 0.424692 0.916438
1 0.439991 0.857252 0.462642 0.846671 0.494384 0.914623 0.471733 0.925204
0 0.426386 0.898889 0.488879 0.897989 0.489239 0.922986 0.426746 0.923886
1 0.513950 0.844557 0.542349 0.857598 0.511050 0.925755 0.482651 0.912714
1 0.499681 0.858651 0.527610 0.844632 0.561256 0.911661 0.533327 0.925681
0 0.502137 0.896390 0.544113 0.900610 0.541613 0.925485 0.499637 0.921265
1 0.591874 0.849664 0.606775 0.861045 0.561251 0.920649 0.546350 0.909268
1 0.565547 0.858279 0.587470 0.846264 0.623516 0.912034 0.601592 0.924049
0 0.563729 0.900545 0.605717 0.896448 0.608146 0.921330 0.566158 0.925427
1 0.649297 0.846775 0.670435 0.860123 0.630390 0.923538 0.609252 0.910189
1 0.629654 0.859092 0.654634 0.846169 0.689096 0.912783 0.664116 0.925706
0 0.627544 0.898693 0.669682 0.896649 0.670893 0.921620 0.628755 0.923663
1 0.710021 0.846790 0.728547 0.855119 0.697791 0.923523 0.679265 0.915193
1 0.693527 0.858435 0.715386 0.846302 0.751785 0.911877 0.729927 0.924010
1 0.770816 0.845058 0.800175 0.859710 0.766684 0.926817 0.737325 0.912165
1 0.755913 0.861315 0.779892 0.846617 0.819087 0.910560 0.795108 0.925258
0 0.758325 0.896475 0.800319 0.900515 0.797925 0.925400 0.755931 0.921360
1 0.839101 0.846131 0.861258 0.857709 0.826524 0.924181 0.804367 0.912603
1 0.823125 0.857701 0.845285 0.846129 0.880000 0.912611 0.857840 0.924183
0 0.822327 0.894756 0.864077 0.900816 0.860486 0.925556 0.818736 0.919497
6 0.932909 0.710685 0.982906 0.711191 0.982716 0.729940 0.932719 0.729434
6 0.948327 0.259486 0.968639 0.259265 0.968860 0.279576 0.948549 0.279798
6 0.953988 0.542923 0.982077 0.541488 0.983512 0.569577 0.955423 0.571012
