1 0.068615 0.070176 0.084601 0.076489 0.061072 0.136074 0.045086 0.129761
1 0.052991 0.078463 0.074152 0.068386 0.101696 0.126225 0.080535 0.136302
0 0.053527 0.111838 0.091003 0.113176 0.090223 0.135037 0.052747 0.133699
1 0.112795 0.068600 0.132883 0.077261 0.107517 0.136088 0.087430 0.127427
1 0.097869 0.078877 0.122300 0.068451 0.147444 0.127373 0.123013 0.137799
0 0.097955 0.112592 0.135415 0.110869 0.136420 0.132721 0.098960 0.134444
1 0.154007 0.068173 0.180210 0.078393 0.156930 0.138077 0.130728 0.127857
1 0.148105 0.074103 0.175567 0.068032 0.189395 0.130585 0.161933 0.136655
0 0.141543 0.113011 0.182089 0.110469 0.183457 0.132302 0.142911 0.134843
1 0.201285 0.068500 0.221879 0.075877 0.200277 0.136187 0.179683 0.128811
1 0.193082 0.076877 0.212040 0.069583 0.235043 0.129373 0.216085 0.136667
0 0.188708 0.113131 0.226187 0.111881 0.226917 0.133744 0.189438 0.134994
1 0.247672 0.068245 0.269489 0.076811 0.246078 0.136442 0.224261 0.127877
1 0.235936 0.078310 0.254375 0.069788 0.281251 0.127940 0.262812 0.136462
0 0.234535 0.112241 0.270469 0.112761 0.270152 0.134634 0.234219 0.134114
1 0.289831 0.068485 0.314805 0.077534 0.292982 0.137765 0.268008 0.128716
1 0.281183 0.077628 0.302682 0.068295 0.328192 0.127060 0.306693 0.136392
0 0.290590 0.113457 0.301401 0.111796 0.304722 0.133418 0.293912 0.135079
1 0.337697 0.068497 0.358357 0.075686 0.337303 0.136190 0.316643 0.129001
1 0.329220 0.075036 0.350098 0.068508 0.369217 0.129651 0.348339 0.136179
0 0.328420 0.112111 0.358097 0.112897 0.357518 0.134764 0.327841 0.133978
1 0.389428 0.069846 0.404807 0.077522 0.376197 0.134841 0.360818 0.127165
1 0.369667 0.078956 0.394064 0.068453 0.419396 0.127294 0.394998 0.137797
0 0.382366 0.112735 0.393294 0.112284 0.394197 0.134140 0.383269 0.134591
1 0.428834 0.068244 0.450673 0.076752 0.427416 0.136444 0.405577 0.127935
1 0.418371 0.077947 0.436945 0.069724 0.462879 0.128303 0.444305 0.136526
0 0.405485 0.114652 0.460008 0.110414 0.461703 0.132223 0.407180 0.136461
1 0.478541 0.069706 0.494088 0.077035 0.466772 0.134982 0.451225 0.127653
1 0.462070 0.077978 0.483429 0.068329 0.509805 0.126709 0.488446 0.136359
1 0.517355 0.068502 0.538181 0.075194 0.518583 0.136185 0.497757 0.129493
1 0.509298 0.075935 0.529871 0.068502 0.551640 0.128752 0.531066 0.136186
1 0.566455 0.068646 0.586402 0.077624 0.560108 0.136042 0.540160 0.127063
1 0.554424 0.077183 0.573274 0.069616 0.597139 0.129067 0.578288 0.136634
1 0.613266 0.069748 0.631787 0.078088 0.605484 0.136502 0.586963 0.128162
1 0.599240 0.077399 0.614661 0.069810 0.642948 0.127289 0.627527 0.134878
0 0.595013 0.113076 0.635622 0.111933 0.636237 0.133799 0.595628 0.134942
1 0.656495 0.068545 0.676789 0.076709 0.652880 0.136143 0.632586 0.127979
1 0.643265 0.079181 0.662906 0.069550 0.691110 0.127069 0.671469 0.136700
1 0.704664 0.070291 0.720473 0.077035 0.695336 0.135959 0.679527 0.129215
1 0.690261 0.077266 0.709082 0.069626 0.733177 0.128984 0.714356 0.136624
0 0.690818 0.112242 0.720501 0.112761 0.720119 0.134633 0.690436 0.134114
1 0.745109 0.068502 0.765687 0.075923 0.743953 0.136186 0.723376 0.128765
1 0.732107 0.079397 0.757882 0.068143 0.783518 0.126853 0.757743 0.138107
0 0.725247 0.110217 0.779736 0.114862 0.777878 0.136658 0.723389 0.132013
1 0.795585 0.069877 0.809889 0.076167 0.784102 0.134810 0.769799 0.128521
1 0.779270 0.079114 0.798937 0.069538 0.826980 0.127136 0.807313 0.136712
0 0.777132 0.110297 0.817502 0.114840 0.815056 0.136578 0.774686 0.132035
1 0.836606 0.068528 0.856985 0.076476 0.833707 0.136160 0.813327 0.128211
1 0.824947 0.077245 0.845041 0.068598 0.870365 0.127442 0.850272 0.136090
0 0.822073 0.112140 0.862692 0.112864 0.862302 0.134735 0.821683 0.134011
1 0.091633 0.146875 0.111317 0.156419 0.083367 0.214063 0.063683 0.204519
1 0.077784 0.155846 0.093092 0.148032 0.122216 0.205092 0.106908 0.212905
0 0.074316 0.191111 0.111734 0.188625 0.113184 0.210452 0.075766 0.212938
1 0.138200 0.147883 0.153682 0.155347 0.125862 0.213054 0.110380 0.205590
1 0.123309 0.154984 0.138916 0.147784 0.165753 0.205954 0.150147 0.213154
1 0.179935 0.146721 0.200034 0.155354 0.174753 0.214217 0.154653 0.205584
1 0.168456 0.154892 0.188729 0.146675 0.212794 0.206046 0.192521 0.214263
0 0.164913 0.191167 0.202324 0.188573 0.203837 0.210396 0.166426 0.212989
1 0.227521 0.147754 0.246991 0.157725 0.217792 0.214746 0.198321 0.204775
1 0.216487 0.153840 0.232714 0.148176 0.253826 0.208660 0.237598 0.214324
1 0.272462 0.146826 0.292263 0.156122 0.265038 0.214112 0.245237 0.204815
1 0.259025 0.154941 0.279280 0.146679 0.303475 0.205997 0.283220 0.214259
0 0.252472 0.193082 0.292618 0.186864 0.295966 0.208481 0.255820 0.214699
1 0.313102 0.146281 0.339155 0.156875 0.315023 0.216219 0.288970 0.205625
1 0.304116 0.155136 0.324298 0.146697 0.349009 0.205802 0.328827 0.214240
1 0.354338 0.146632 0.381450 0.154113 0.364412 0.215868 0.337300 0.208387
1 0.351200 0.154715 0.367153 0.148321 0.390988 0.207785 0.375034 0.214179
0 0.350200 0.190359 0.379883 0.190895 0.379488 0.212766 0.349805 0.212230
1 0.407226 0.146523 0.428348 0.156680 0.400587 0.214414 0.379464 0.204258
1 0.397742 0.153064 0.417086 0.146866 0.436633 0.207874 0.417289 0.214071
0 0.391737 0.190656 0.429202 0.189051 0.430138 0.210906 0.392673 0.212511
1 0.449851 0.146580 0.474198 0.157200 0.448587 0.215920 0.424239 0.205300
1 0.440550 0.154704 0.460893 0.146660 0.484450 0.206234 0.464107 0.214278
0 0.436670 0.188580 0.477214 0.191151 0.475830 0.212982 0.435286 0.210412
1 0.497277 0.146323 0.522354 0.159057 0.493348 0.216177 0.468271 0.203443
1 0.484323 0.155739 0.505827 0.146419 0.531302 0.205198 0.509798 0.214519
1 0.538344 0.146699 0.559475 0.152356 0.542906 0.214239 0.521775 0.208581
1 0.527630 0.157297 0.553503 0.146270 0.578620 0.205203 0.552747 0.216230
0 0.521173 0.187185 0.575402 0.194249 0.572577 0.215940 0.518348 0.208876
1 0.589890 0.147735 0.609399 0.157630 0.580423 0.214765 0.560913 0.204870
1 0.573310 0.156582 0.594472 0.146510 0.622003 0.204355 0.600840 0.214427
0 0.573108 0.191210 0.610590 0.190050 0.611267 0.211915 0.573785 0.213075
1 0.633224 0.146734 0.653281 0.155464 0.627713 0.214204 0.607656 0.205473
1 0.621822 0.154040 0.642402 0.146626 0.664115 0.206897 0.643535 0.214311
0 0.632020 0.190273 0.642931 0.191029 0.641418 0.212852 0.630507 0.212096
1 0.678036 0.147680 0.697111 0.154662 0.675089 0.214820 0.656014 0.207838
1 0.668706 0.154479 0.684735 0.148276 0.707857 0.208021 0.691828 0.214224
0 0.667646 0.185306 0.703262 0.197043 0.696416 0.217819 0.660800 0.206082
1 0.722596 0.146394 0.744231 0.155409 0.719591 0.214543 0.697957 0.205529
1 0.711961 0.154437 0.732401 0.146643 0.755226 0.206501 0.734787 0.214295
1 0.769036 0.146724 0.789126 0.155380 0.763776 0.214214 0.743687 0.205558
1 0.755850 0.157221 0.775525 0.147660 0.803525 0.205279 0.783850 0.214840
0 0.755325 0.188859 0.791207 0.190863 0.789987 0.212704 0.754106 0.210700
1 0.811722 0.146574 0.836258 0.156750 0.811716 0.215926 0.787180 0.205750
1 0.799741 0.157549 0.820496 0.146660 0.850259 0.203389 0.829504 0.214278
0 0.796633 0.192788 0.837039 0.188580 0.839305 0.210337 0.798899 0.214545
1 0.859493 0.146663 0.879818 0.154751 0.856132 0.214274 0.835807 0.206186
1 0.846684 0.155872 0.868135 0.146431 0.893941 0.205066 0.872490 0.214507
0 0.838628 0.185935 0.892719 0.193991 0.889497 0.215628 0.835406 0.207571
0 0.069404 0.209143 0.100586 0.211210 0.099346 0.229919 0.068164 0.227852
0 0.087465 0.213580 0.118043 0.207136 0.121910 0.225483 0.091332 0.231927
0 0.113979 0.214505 0.144502 0.207806 0.148521 0.226120 0.117998 0.232819
0 0.153159 0.210892 0.178159 0.210983 0.178091 0.229733 0.153091 0.229642
0 0.181937 0.207797 0.214064 0.214470 0.210251 0.232828 0.178124 0.226155
0 0.200808 0.208926 0.231956 0.211448 0.230442 0.230137 0.199294 0.227614
0 0.233968 0.212778 0.258722 0.209281 0.261345 0.227847 0.236591 0.231344
0 0.256017 0.211541 0.302877 0.210340 0.303358 0.229084 0.256498 0.230285
0 0.294501 0.207088 0.325056 0.213642 0.321124 0.231975 0.290569 0.225421
0 0.328456 0.208832 0.353303 0.211595 0.351231 0.230230 0.326384 0.227467
0 0.344919 0.214704 0.391222 0.207400 0.394143 0.225921 0.347841 0.233225
0 0.367901 0.209321 0.414661 0.212600 0.413349 0.231304 0.366589 0.228025
0 0.407511 0.211353 0.432498 0.210532 0.433114 0.229272 0.408127 0.230093
0 0.436013 0.210837 0.461013 0.211039 0.460862 0.229788 0.435862 0.229586
0 0.454746 0.210841 0.485995 0.211034 0.485879 0.229784 0.454630 0.229591
0 0.494100 0.210770 0.503469 0.211118 0.502775 0.229855 0.493406 0.229507
0 0.507216 0.212593 0.553977 0.209328 0.555284 0.228032 0.508523 0.231297
0 0.544746 0.211743 0.554016 0.210342 0.556817 0.228882 0.547547 0.230283
0 0.561643 0.209069 0.592814 0.211291 0.591482 0.229993 0.560311 0.227772
0 0.584048 0.213100 0.615020 0.208942 0.617515 0.227525 0.586543 0.231683
0 0.614244 0.210642 0.645488 0.211236 0.645131 0.229983 0.613887 0.229389
0 0.634819 0.205868 0.664604 0.215323 0.658931 0.233194 0.629146 0.223740
0 0.658187 0.210444 0.667495 0.211566 0.665250 0.230181 0.655942 0.229059
0 0.661396 0.210177 0.694172 0.211719 0.693291 0.230448 0.660515 0.228906
0 0.680782 0.212944 0.714739 0.207597 0.717655 0.226118 0.683699 0.231466
0 0.702758 0.211645 0.737104 0.210246 0.737867 0.228980 0.703521 0.230379
0 0.732308 0.212744 0.763165 0.207804 0.766129 0.226318 0.735272 0.231259
0 0.769081 0.209294 0.800146 0.212692 0.798107 0.231331 0.767042 0.227933
0 0.789330 0.210462 0.823692 0.211420 0.823170 0.230163 0.788808 0.229205
0 0.821435 0.215652 0.854276 0.205497 0.859815 0.223410 0.826974 0.233565
0 0.843703 0.214614 0.875775 0.207684 0.879735 0.226011 0.847663 0.232941
0 0.865670 0.206046 0.897244 0.214974 0.892142 0.233017 0.860568 0.224088
0 0.901549 0.210956 0.926549 0.210919 0.926576 0.229669 0.901576 0.229706
1 0.064302 0.224751 0.085114 0.231487 0.065386 0.292437 0.044574 0.285700
1 0.057063 0.231495 0.077872 0.224751 0.097624 0.285692 0.076815 0.292437
0 0.051096 0.273162 0.086075 0.264921 0.091092 0.286213 0.056112 0.294454
1 0.116175 0.225846 0.131864 0.232866 0.105700 0.291342 0.090011 0.284322
1 0.099681 0.233697 0.126262 0.224507 0.147194 0.285053 0.120613 0.294243
0 0.098779 0.268208 0.134700 0.269302 0.134034 0.291167 0.098113 0.290073
1 0.159250 0.224830 0.182815 0.237088 0.153250 0.293920 0.129685 0.281662
1 0.148014 0.232886 0.163953 0.226455 0.187923 0.285864 0.171984 0.292295
0 0.136470 0.265131 0.190850 0.270930 0.188530 0.292682 0.134150 0.286882
1 0.202096 0.224511 0.223780 0.233407 0.199466 0.292676 0.177782 0.283781
1 0.191917 0.233438 0.210765 0.225867 0.234646 0.285312 0.215797 0.292883
0 0.189540 0.267969 0.227007 0.269550 0.226085 0.291406 0.188618 0.289825
1 0.248823 0.225883 0.267623 0.233575 0.243365 0.292867 0.224565 0.285175
1 0.237372 0.232874 0.257698 0.224788 0.281378 0.284314 0.261052 0.292399
0 0.238257 0.267010 0.267879 0.268976 0.266431 0.290803 0.236808 0.288837
1 0.294185 0.225887 0.312974 0.233607 0.288627 0.292863 0.269839 0.285143
1 0.283921 0.232371 0.298239 0.226114 0.323891 0.284816 0.309574 0.291073
1 0.338864 0.226280 0.355141 0.231799 0.334574 0.292470 0.318296 0.286951
1 0.326327 0.233662 0.346356 0.224868 0.372111 0.283526 0.352081 0.292320
0 0.337456 0.269203 0.348361 0.268362 0.350044 0.290172 0.339139 0.291013
1 0.385391 0.224914 0.405289 0.234003 0.378671 0.292274 0.358774 0.283185
1 0.373426 0.232775 0.393787 0.224781 0.417199 0.284412 0.396838 0.292407
1 0.428009 0.224486 0.450047 0.232464 0.428241 0.292701 0.406203 0.284724
1 0.415613 0.234589 0.436825 0.224620 0.464074 0.282598 0.442862 0.292568
0 0.412464 0.270426 0.452957 0.267145 0.454723 0.288949 0.414231 0.292230
1 0.475943 0.224839 0.496064 0.233421 0.470932 0.292348 0.450811 0.283766
1 0.462259 0.232928 0.489129 0.224619 0.508054 0.285822 0.481184 0.294131
0 0.460675 0.270686 0.496416 0.266933 0.498700 0.288689 0.462959 0.292442
1 0.525337 0.226090 0.540722 0.233753 0.512163 0.291097 0.496778 0.283435
1 0.507264 0.235494 0.526880 0.225811 0.555236 0.283256 0.535620 0.292939
0 0.499235 0.265422 0.553495 0.272249 0.550765 0.293953 0.496505 0.287126
1 0.563699 0.224395 0.589315 0.236008 0.562863 0.294355 0.537248 0.282742
1 0.549560 0.237620 0.572876 0.224896 0.603565 0.281130 0.580249 0.293854
0 0.550501 0.267086 0.591086 0.268873 0.590124 0.290727 0.549539 0.288940
1 0.613494 0.226131 0.631754 0.235028 0.603694 0.292619 0.585434 0.283722
1 0.597675 0.233803 0.622641 0.224734 0.644513 0.284947 0.619546 0.294016
0 0.597564 0.266865 0.634997 0.269112 0.633686 0.290948 0.596253 0.288701
1 0.660085 0.225872 0.675739 0.232968 0.649290 0.291316 0.633636 0.284220
1 0.646645 0.233339 0.662436 0.226553 0.687730 0.285411 0.671939 0.292197
0 0.654547 0.268821 0.665483 0.268680 0.665766 0.290554 0.654829 0.290695
1 0.705307 0.225993 0.720807 0.233419 0.693131 0.291194 0.677630 0.283769
1 0.690163 0.232498 0.710625 0.224764 0.733275 0.284689 0.712813 0.292423
0 0.685706 0.270708 0.723012 0.266904 0.725232 0.288667 0.687925 0.292471
1 0.747360 0.224815 0.770985 0.236957 0.741703 0.293935 0.718077 0.281793
1 0.735467 0.233172 0.755682 0.224814 0.780158 0.284016 0.759943 0.292374
0 0.731059 0.270619 0.768383 0.266984 0.770503 0.288756 0.733180 0.292391
1 0.790892 0.224763 0.811365 0.232469 0.788795 0.292425 0.768323 0.284718
1 0.780617 0.232967 0.802469 0.224492 0.825633 0.284220 0.803781 0.292695
0 0.780350 0.265612 0.817261 0.272232 0.813400 0.293763 0.776489 0.287143
1 0.842227 0.226391 0.856260 0.233262 0.828085 0.290797 0.814053 0.283925
1 0.822836 0.235988 0.846896 0.224734 0.874039 0.282762 0.849979 0.294016
0 0.069122 0.287365 0.100174 0.290879 0.098066 0.309510 0.067014 0.305996
0 0.097829 0.289380 0.129004 0.287227 0.130296 0.305932 0.099121 0.308086
0 0.140498 0.289999 0.149487 0.287336 0.154814 0.305313 0.145825 0.307977
0 0.160763 0.290880 0.191814 0.287364 0.193925 0.305995 0.162873 0.309511
0 0.193697 0.289838 0.224800 0.286813 0.226615 0.305475 0.195512 0.308500
0 0.216412 0.291299 0.263081 0.286908 0.264838 0.305576 0.218169 0.309967
0 0.249707 0.289917 0.274511 0.286792 0.276855 0.305395 0.252051 0.308520
0 0.268915 0.287137 0.293802 0.289510 0.292023 0.308175 0.267135 0.305803
0 0.309054 0.289230 0.318423 0.288906 0.319071 0.307645 0.309702 0.307969
0 0.314597 0.287043 0.361405 0.289546 0.360403 0.308269 0.313595 0.305766
0 0.356018 0.289642 0.365335 0.288599 0.367420 0.307233 0.358103 0.308276
0 0.372998 0.289296 0.382362 0.288850 0.383252 0.307579 0.373888 0.308025
0 0.382101 0.289723 0.416360 0.286902 0.417899 0.305589 0.383640 0.308410
0 0.407014 0.287296 0.431732 0.291040 0.428924 0.309579 0.404206 0.305835
0 0.430773 0.291582 0.461650 0.286767 0.464539 0.305293 0.433663 0.310108
0 0.460213 0.287009 0.491354 0.289619 0.489787 0.308304 0.458646 0.305693
0 0.492178 0.289079 0.523428 0.289046 0.523447 0.307796 0.492197 0.307829
0 0.512236 0.289518 0.543473 0.288615 0.544014 0.307357 0.512777 0.308260
0 0.539665 0.288785 0.549021 0.289378 0.547835 0.308090 0.538479 0.307497
0 0.545838 0.287377 0.580164 0.289213 0.579162 0.307936 0.544836 0.306100
0 0.569869 0.284207 0.599162 0.295092 0.592631 0.312668 0.563338 0.301783
0 0.583086 0.288621 0.614323 0.289511 0.613789 0.308254 0.582552 0.307364
0 0.593547 0.291270 0.640058 0.285438 0.642390 0.304043 0.595880 0.309874
0 0.626029 0.289235 0.657223 0.287362 0.658346 0.306078 0.627152 0.307951
0 0.653934 0.286816 0.684827 0.291523 0.682004 0.310059 0.651110 0.305352
0 0.669775 0.290952 0.700608 0.285861 0.703662 0.304361 0.672830 0.309451
0 0.705532 0.289826 0.714583 0.287384 0.719468 0.305486 0.710417 0.307929
0 0.731133 0.289618 0.756000 0.287044 0.757930 0.305695 0.733063 0.308268
0 0.745597 0.288604 0.776833 0.289529 0.776278 0.308271 0.745042 0.307346
0 0.787552 0.289036 0.796927 0.289089 0.796823 0.307839 0.787448 0.307786
0 0.790158 0.289545 0.836966 0.287044 0.837967 0.305767 0.791159 0.308268
0 0.804483 0.291276 0.850992 0.285432 0.853330 0.304036 0.806820 0.309880
0 0.832754 0.289165 0.865566 0.288960 0.865683 0.307710 0.832871 0.307915
0 0.880066 0.288883 0.889433 0.289257 0.888684 0.307992 0.879317 0.307618
0 0.893480 0.289877 0.918293 0.286825 0.920582 0.305435 0.895769 0.308487
1 0.093125 0.304179 0.108552 0.311756 0.080313 0.369258 0.064885 0.361682
1 0.077699 0.310593 0.098172 0.302888 0.120739 0.362844 0.100266 0.370550
1 0.134765 0.302928 0.155024 0.311179 0.130860 0.370510 0.110601 0.362258
1 0.127724 0.309135 0.142671 0.304582 0.161338 0.365865 0.146392 0.370418
0 0.122727 0.347130 0.152346 0.345109 0.153835 0.366933 0.124217 0.368954
1 0.177534 0.302825 0.202015 0.313133 0.177153 0.372175 0.152673 0.361867
1 0.171143 0.310661 0.187194 0.304514 0.210107 0.364339 0.194056 0.370486
0 0.158015 0.344681 0.212520 0.349142 0.210735 0.370944 0.156230 0.366483
1 0.226915 0.304519 0.242957 0.310689 0.219960 0.370481 0.203918 0.364311
1 0.212296 0.311406 0.234028 0.302630 0.258017 0.362032 0.236284 0.370808
0 0.211651 0.344999 0.247519 0.347231 0.246161 0.369063 0.210293 0.366832
1 0.273022 0.304279 0.291241 0.313261 0.262915 0.370721 0.244696 0.361739
1 0.259237 0.310708 0.284654 0.302992 0.303263 0.364292 0.277846 0.372008
0 0.259031 0.347358 0.288703 0.346403 0.289407 0.368267 0.259735 0.369222
1 0.316454 0.302956 0.336604 0.311470 0.311671 0.370481 0.291521 0.361967
1 0.305574 0.309565 0.326402 0.302877 0.345988 0.363872 0.325161 0.370560
0 0.301798 0.345294 0.339157 0.348538 0.337265 0.370331 0.299906 0.367087
1 0.359662 0.302612 0.381604 0.310850 0.359088 0.370825 0.337146 0.362587
1 0.351380 0.311427 0.367183 0.304670 0.392370 0.363573 0.376567 0.370330
0 0.347177 0.346394 0.383101 0.347364 0.382511 0.369231 0.346587 0.368261
1 0.408661 0.304235 0.426960 0.313052 0.399152 0.370765 0.380853 0.361948
1 0.394982 0.312280 0.413571 0.304092 0.439393 0.362720 0.420804 0.370908
0 0.393482 0.343133 0.430462 0.349358 0.426831 0.370929 0.389851 0.364705
1 0.451069 0.302841 0.475281 0.313767 0.448931 0.372159 0.424719 0.361233
1 0.440175 0.311712 0.458971 0.304010 0.483262 0.363288 0.464466 0.370990
0 0.437556 0.346780 0.475055 0.346970 0.474944 0.368845 0.437445 0.368655
1 0.495975 0.302902 0.516356 0.310847 0.493088 0.370535 0.472707 0.362590
1 0.485413 0.311775 0.504186 0.304018 0.528650 0.363225 0.509876 0.370982
1 0.544224 0.304184 0.562621 0.312795 0.535463 0.370816 0.517066 0.362205
1 0.531079 0.311036 0.551391 0.302916 0.575171 0.362402 0.554859 0.370521
0 0.518191 0.347612 0.572796 0.344609 0.573997 0.366451 0.519392 0.369454
1 0.588119 0.304028 0.606865 0.311851 0.582193 0.370972 0.563448 0.363149
1 0.574347 0.313296 0.592553 0.304287 0.620965 0.361704 0.602760 0.370713
0 0.585789 0.346951 0.596725 0.346801 0.597024 0.368674 0.586087 0.368824
1 0.631896 0.302902 0.652281 0.310837 0.629041 0.370536 0.608656 0.362600
1 0.621537 0.311180 0.641796 0.302928 0.665963 0.362257 0.645704 0.370509
1 0.683449 0.304476 0.697521 0.311267 0.669676 0.368962 0.655604 0.362170
1 0.665023 0.311771 0.686614 0.302652 0.711540 0.361666 0.689949 0.370786
0 0.676141 0.347096 0.687070 0.346671 0.687921 0.368529 0.676992 0.368954
1 0.725330 0.304075 0.743959 0.312173 0.718420 0.370925 0.699791 0.362827
1 0.711833 0.311470 0.731983 0.302956 0.756917 0.361967 0.736767 0.370481
0 0.707635 0.348715 0.744964 0.345135 0.747052 0.366910 0.709724 0.370490
1 0.771529 0.304036 0.786089 0.309705 0.762846 0.369402 0.748286 0.363733
1 0.753995 0.312940 0.780127 0.302539 0.803817 0.362060 0.777686 0.372461
0 0.753537 0.346142 0.794135 0.347622 0.793338 0.369483 0.752740 0.368003
1 0.812654 0.302624 0.834436 0.311277 0.810783 0.370814 0.789002 0.362160
1 0.802861 0.312222 0.821471 0.304083 0.847139 0.362778 0.828529 0.370917
0 0.810752 0.347940 0.821537 0.346116 0.825185 0.367685 0.814401 0.369509
1 0.861843 0.303997 0.881329 0.313937 0.852219 0.371003 0.832733 0.361063
1 0.845283 0.314237 0.863118 0.304515 0.893779 0.360763 0.875944 0.370485
0 0.069781 0.363897 0.100580 0.369186 0.097407 0.387665 0.066608 0.382377
0 0.097130 0.364863 0.128218 0.368047 0.126307 0.386699 0.095220 0.383515
0 0.119564 0.367785 0.150698 0.365097 0.152311 0.383778 0.121177 0.386465
0 0.135742 0.367693 0.182606 0.366687 0.183008 0.385432 0.136144 0.386438
0 0.189330 0.366733 0.198649 0.367754 0.196607 0.386392 0.187288 0.385371
0 0.193943 0.366873 0.225187 0.367506 0.224807 0.386252 0.193563 0.385619
0 0.223655 0.365552 0.257866 0.368913 0.256032 0.387573 0.221822 0.384212
0 0.252982 0.367786 0.277841 0.365132 0.279831 0.383777 0.254972 0.386430
0 0.279870 0.367099 0.289243 0.367280 0.288880 0.386026 0.279507 0.385845
0 0.302680 0.367909 0.311969 0.366639 0.314507 0.385216 0.305219 0.386486
0 0.319452 0.365072 0.350388 0.369492 0.347736 0.388053 0.316800 0.383633
0 0.333695 0.365227 0.380400 0.369216 0.378805 0.387898 0.332100 0.383909
0 0.374931 0.363877 0.408583 0.370892 0.404756 0.389248 0.371105 0.382233
0 0.412306 0.367451 0.437301 0.366928 0.437694 0.385674 0.412699 0.386197
0 0.438488 0.365205 0.463126 0.369441 0.459950 0.387920 0.435311 0.383684
0 0.465532 0.367345 0.496780 0.367031 0.496968 0.385780 0.465720 0.386094
0 0.484310 0.367989 0.515408 0.364914 0.517253 0.383573 0.486155 0.386648
0 0.508625 0.369641 0.539273 0.363533 0.542937 0.381922 0.512290 0.388029
0 0.540203 0.367411 0.549568 0.366984 0.550422 0.385714 0.541057 0.386141
0 0.550039 0.367122 0.581289 0.367253 0.581211 0.386003 0.549961 0.385872
0 0.573592 0.366809 0.620461 0.367568 0.620158 0.386316 0.573289 0.385557
0 0.600988 0.367439 0.632172 0.365413 0.633387 0.384124 0.602203 0.386150
0 0.621098 0.363302 0.651635 0.369939 0.647652 0.388261 0.617115 0.381624
0 0.632370 0.368982 0.664809 0.364044 0.667630 0.382581 0.635191 0.387518
0 0.651157 0.367900 0.682375 0.366494 0.683218 0.385225 0.652000 0.386631
0 0.667886 0.365330 0.699059 0.367529 0.697739 0.386233 0.666566 0.384033
0 0.702308 0.363344 0.732866 0.369884 0.728942 0.388219 0.698384 0.381678
0 0.730567 0.369459 0.761277 0.363678 0.764746 0.382104 0.734035 0.387885
0 0.756211 0.367255 0.789024 0.367120 0.789101 0.385870 0.756289 0.386005
0 0.778640 0.363659 0.825175 0.369290 0.822923 0.387904 0.776387 0.382273
0 0.802582 0.369091 0.833411 0.363975 0.836480 0.382472 0.805652 0.387588
0 0.835080 0.365533 0.860016 0.367328 0.858670 0.386029 0.833734 0.384235
0 0.858411 0.366438 0.883364 0.367972 0.882214 0.386687 0.857261 0.385153
0 0.868706 0.369856 0.899274 0.363365 0.903169 0.381706 0.872601 0.388197
0 0.907724 0.367675 0.917057 0.366785 0.918838 0.385450 0.909505 0.386340
1 0.067701 0.381060 0.087930 0.389385 0.063549 0.448627 0.043320 0.440302
1 0.057537 0.389068 0.076601 0.382057 0.098713 0.442182 0.079649 0.449193
0 0.052360 0.425650 0.089756 0.422849 0.091390 0.444663 0.053994 0.447464
1 0.115515 0.382089 0.135070 0.391892 0.106360 0.449161 0.086805 0.439358
1 0.099939 0.389752 0.120030 0.381099 0.145373 0.439935 0.125283 0.448589
0 0.097286 0.423029 0.137708 0.427081 0.135527 0.448846 0.095104 0.444794
1 0.160673 0.382172 0.175219 0.387877 0.151827 0.447516 0.137281 0.441811
1 0.143721 0.390856 0.164926 0.380872 0.192216 0.438831 0.171011 0.448815
0 0.156268 0.424991 0.167206 0.425009 0.167169 0.446884 0.156232 0.446866
1 0.207155 0.382632 0.225002 0.392333 0.194407 0.448618 0.176561 0.438917
1 0.190271 0.389668 0.211950 0.380762 0.236292 0.440020 0.214612 0.448925
0 0.192964 0.423237 0.222583 0.425251 0.221099 0.447076 0.191480 0.445061
1 0.251162 0.382050 0.270801 0.391684 0.242588 0.449200 0.222949 0.439566
1 0.238629 0.388970 0.254366 0.382060 0.280121 0.440717 0.264384 0.447627
0 0.233641 0.425587 0.271045 0.422906 0.272609 0.444725 0.235205 0.447406
1 0.294521 0.382167 0.313231 0.390074 0.288292 0.449083 0.269582 0.441176
1 0.279186 0.391678 0.305057 0.380645 0.330189 0.439572 0.304318 0.450605
0 0.280246 0.423313 0.317701 0.425150 0.316629 0.446999 0.279174 0.445162
1 0.336920 0.380950 0.361397 0.391266 0.336518 0.450300 0.312040 0.439984
1 0.329106 0.387621 0.349956 0.381005 0.369332 0.442067 0.348481 0.448683
0 0.337100 0.425675 0.347969 0.424460 0.350400 0.446200 0.339531 0.447415
1 0.384766 0.381107 0.404829 0.389825 0.379297 0.448580 0.359234 0.439862
1 0.376478 0.388328 0.392671 0.382566 0.414147 0.442922 0.397954 0.448684
1 0.430083 0.381108 0.450144 0.389829 0.424604 0.448580 0.404543 0.439859
1 0.416711 0.391253 0.434981 0.382376 0.462977 0.439997 0.444707 0.448874
0 0.417885 0.422876 0.453551 0.427289 0.450865 0.448999 0.415199 0.444586
1 0.475571 0.381064 0.495786 0.389424 0.471304 0.448624 0.451089 0.440264
1 0.461991 0.390123 0.488504 0.380737 0.509884 0.441127 0.483371 0.450513
1 0.524179 0.382127 0.539826 0.389238 0.513321 0.447560 0.497674 0.440449
1 0.509204 0.388510 0.529751 0.381004 0.551733 0.441177 0.531187 0.448683
0 0.506160 0.425800 0.541965 0.422718 0.543840 0.444513 0.508035 0.447594
1 0.566445 0.381145 0.586395 0.390118 0.560117 0.448543 0.540167 0.439570
1 0.554255 0.389387 0.574484 0.381060 0.598870 0.440300 0.578641 0.448627
1 0.609794 0.380739 0.631704 0.389061 0.608956 0.448949 0.587046 0.440627
1 0.600929 0.389349 0.619896 0.382080 0.642821 0.441901 0.623854 0.449170
1 0.657026 0.382167 0.675735 0.390078 0.650787 0.449083 0.632078 0.441172
1 0.648283 0.386257 0.669552 0.381143 0.684529 0.443430 0.663260 0.448544
0 0.640994 0.424340 0.681597 0.425671 0.680881 0.447535 0.640278 0.446204
1 0.704546 0.382774 0.720379 0.389461 0.695454 0.448476 0.679621 0.441789
1 0.690253 0.390249 0.705551 0.382416 0.734747 0.439439 0.719449 0.447272
0 0.687817 0.424475 0.725302 0.425534 0.724683 0.447400 0.687198 0.446341
1 0.747941 0.381169 0.767825 0.390287 0.741122 0.448519 0.721238 0.439400
1 0.737157 0.388030 0.757871 0.380997 0.778468 0.441658 0.757754 0.448691
0 0.733101 0.424520 0.770589 0.425488 0.770024 0.447355 0.732536 0.446387
1 0.792866 0.382158 0.811598 0.390014 0.786822 0.449092 0.768090 0.441236
1 0.780659 0.389528 0.800834 0.381074 0.825591 0.440159 0.805416 0.448613
0 0.776779 0.423322 0.817258 0.426757 0.815409 0.448553 0.774929 0.445118
1 0.838394 0.380825 0.859767 0.390442 0.833481 0.448863 0.812108 0.439246
1 0.824948 0.390474 0.844758 0.381197 0.871927 0.439213 0.852117 0.448490
0 0.835206 0.425397 0.846119 0.424653 0.847606 0.446478 0.836694 0.447222
1 0.092420 0.460495 0.106731 0.466767 0.081018 0.525442 0.066707 0.519171
1 0.077490 0.467914 0.092949 0.460403 0.120947 0.518023 0.105488 0.525535
0 0.068265 0.499303 0.122383 0.507175 0.119235 0.528822 0.065117 0.520950
1 0.135310 0.459281 0.155229 0.468322 0.128752 0.526657 0.108833 0.517616
1 0.123157 0.467380 0.143435 0.459174 0.167468 0.518557 0.147190 0.526764
0 0.124141 0.501448 0.153772 0.503281 0.152422 0.525114 0.122791 0.523282
1 0.184609 0.460445 0.200018 0.468058 0.171641 0.525493 0.156232 0.517879
1 0.168580 0.466635 0.189127 0.459129 0.211107 0.519303 0.190560 0.526808
0 0.165253 0.503789 0.202730 0.502474 0.203497 0.524336 0.166020 0.525651
1 0.225212 0.460194 0.244223 0.467347 0.221663 0.527306 0.202652 0.520153
1 0.213604 0.467969 0.232398 0.460261 0.256708 0.519531 0.237915 0.527239
0 0.210023 0.501217 0.250584 0.503505 0.249352 0.525345 0.208791 0.523057
1 0.267706 0.459075 0.292319 0.469063 0.268232 0.528425 0.243618 0.518437
1 0.258727 0.468813 0.277211 0.460391 0.303773 0.518687 0.285289 0.527109
0 0.270706 0.502349 0.281481 0.504224 0.277732 0.525776 0.266956 0.523901
1 0.317043 0.460800 0.333031 0.467108 0.309520 0.526700 0.293532 0.520392
1 0.309029 0.465600 0.325475 0.460604 0.344096 0.521900 0.327650 0.526896
1 0.364274 0.460295 0.379866 0.467526 0.352914 0.525643 0.337322 0.518412
1 0.346802 0.470180 0.366291 0.460245 0.395385 0.517320 0.375896 0.527255
0 0.347271 0.502473 0.384748 0.503791 0.383979 0.525652 0.346502 0.524334
1 0.406595 0.460201 0.425578 0.467430 0.402780 0.527299 0.383797 0.520070
1 0.394609 0.467074 0.414999 0.459151 0.438203 0.518863 0.417814 0.526787
0 0.390841 0.501446 0.431321 0.504882 0.429471 0.526679 0.388992 0.523243
1 0.447527 0.458809 0.473796 0.468856 0.450911 0.528691 0.424641 0.518644
1 0.440430 0.466655 0.460970 0.459130 0.483007 0.519283 0.462468 0.526808
0 0.437850 0.502546 0.475332 0.503715 0.474650 0.525579 0.437168 0.524410
1 0.499689 0.460545 0.517880 0.469584 0.489374 0.526955 0.471183 0.517916
1 0.485754 0.467297 0.506062 0.459167 0.529871 0.518641 0.509563 0.526771
1 0.542914 0.458938 0.564335 0.468450 0.538336 0.526999 0.516915 0.517487
1 0.529647 0.468971 0.548071 0.460420 0.575041 0.518529 0.556616 0.527080
0 0.526067 0.504908 0.563240 0.499970 0.566121 0.521655 0.528947 0.526592
1 0.589491 0.460428 0.607900 0.469014 0.580821 0.527072 0.562413 0.518486
1 0.576562 0.467141 0.596927 0.459155 0.620313 0.518797 0.599948 0.526782
0 0.574228 0.500792 0.611413 0.505642 0.608584 0.527333 0.571399 0.522483
1 0.634774 0.460332 0.653386 0.468469 0.627726 0.527168 0.609114 0.519031
1 0.623218 0.467706 0.639012 0.460926 0.664282 0.519794 0.648488 0.526574
0 0.618854 0.502948 0.656353 0.503303 0.656146 0.525177 0.618647 0.524822
1 0.678187 0.460233 0.697060 0.467743 0.673376 0.527267 0.654503 0.519757
1 0.666596 0.467653 0.686772 0.459199 0.711529 0.518285 0.691353 0.526738
0 0.663547 0.499476 0.703731 0.505449 0.700515 0.527086 0.660331 0.521114
1 0.725212 0.460313 0.743869 0.468345 0.718538 0.527187 0.699881 0.519155
1 0.710391 0.469273 0.725368 0.460841 0.756796 0.516665 0.741819 0.525097
0 0.722675 0.502760 0.733584 0.503546 0.732013 0.525365 0.721103 0.524579
1 0.772530 0.460575 0.790670 0.469714 0.761845 0.526925 0.743705 0.517786
1 0.759256 0.467034 0.775268 0.460786 0.798556 0.520466 0.782545 0.526714
0 0.754312 0.505304 0.790002 0.501097 0.792563 0.522821 0.756873 0.527028
1 0.815037 0.459217 0.835150 0.467817 0.809963 0.526721 0.789850 0.518120
1 0.807418 0.464367 0.828897 0.460228 0.841020 0.523133 0.819540 0.527272
1 0.859972 0.459250 0.879981 0.468090 0.854090 0.526688 0.834081 0.517847
1 0.848213 0.466679 0.868744 0.459131 0.890850 0.519259 0.870318 0.526807
0 0.836518 0.500992 0.891137 0.503723 0.890045 0.525570 0.835426 0.522840
1 0.067738 0.537313 0.087958 0.545660 0.063512 0.604875 0.043292 0.596527
1 0.057170 0.545002 0.076340 0.538287 0.097518 0.598748 0.078348 0.605463
0 0.056015 0.581577 0.085695 0.580929 0.086173 0.602798 0.056492 0.603446
1 0.115967 0.538443 0.131530 0.545736 0.104346 0.603745 0.088782 0.596451
1 0.101305 0.545142 0.123277 0.536987 0.145570 0.597045 0.123598 0.605201
0 0.096958 0.581097 0.137582 0.581404 0.137417 0.603278 0.096793 0.602971
1 0.156543 0.538289 0.175699 0.545044 0.154395 0.605461 0.135239 0.598706
1 0.146225 0.546939 0.164709 0.538516 0.191275 0.596811 0.172791 0.605234
0 0.143473 0.578069 0.183549 0.584727 0.179964 0.606306 0.139888 0.599648
1 0.205274 0.538574 0.223642 0.547247 0.196288 0.605176 0.177921 0.596503
1 0.191458 0.545901 0.211587 0.537337 0.236667 0.596287 0.216538 0.604850
0 0.189880 0.579174 0.227287 0.581818 0.225745 0.603638 0.188338 0.600995
1 0.250280 0.538886 0.266335 0.545021 0.243470 0.604864 0.227415 0.598729
1 0.242073 0.543343 0.257065 0.538940 0.275115 0.600407 0.260123 0.604810
1 0.296120 0.537476 0.315860 0.546902 0.288255 0.604712 0.268515 0.595286
1 0.285303 0.543873 0.299925 0.538365 0.322509 0.598314 0.307887 0.603823
0 0.282419 0.581805 0.312086 0.580710 0.312893 0.602570 0.283226 0.603665
1 0.338016 0.537271 0.358431 0.545128 0.335422 0.604916 0.315006 0.597059
1 0.327462 0.546267 0.346192 0.538409 0.370976 0.597483 0.352245 0.605341
1 0.389738 0.538661 0.405042 0.546483 0.375887 0.603527 0.360583 0.595705
1 0.374708 0.545330 0.393768 0.538308 0.415917 0.598420 0.396857 0.605442
1 0.425064 0.537274 0.450217 0.545813 0.429623 0.606476 0.404471 0.597937
1 0.416600 0.547608 0.434830 0.538648 0.463088 0.596142 0.444858 0.605102
1 0.477430 0.538613 0.495724 0.547441 0.467883 0.605137 0.449589 0.596309
1 0.463634 0.545634 0.483864 0.537310 0.508241 0.596554 0.488011 0.604877
1 0.519273 0.537272 0.539686 0.545133 0.516665 0.604916 0.496251 0.597055
1 0.511871 0.544962 0.527945 0.538876 0.550629 0.598788 0.534555 0.604874
0 0.511335 0.579027 0.540871 0.582022 0.538665 0.603785 0.509129 0.600791
1 0.570740 0.538807 0.584855 0.545507 0.557385 0.603381 0.543270 0.596681
1 0.554380 0.544871 0.574888 0.537258 0.597183 0.597316 0.576675 0.604929
1 0.611530 0.537374 0.631540 0.546212 0.605658 0.604813 0.585647 0.595975
1 0.596433 0.548315 0.620569 0.537224 0.647317 0.595435 0.623181 0.606526
0 0.587385 0.581541 0.642070 0.580960 0.642302 0.602834 0.587618 0.603415
1 0.657392 0.537067 0.681890 0.550882 0.650421 0.606683 0.625923 0.592868
1 0.643331 0.547865 0.662999 0.538288 0.691044 0.595885 0.671376 0.605462
1 0.701541 0.538308 0.720601 0.545328 0.698459 0.605442 0.679399 0.598422
1 0.691999 0.544161 0.712753 0.537248 0.733001 0.598026 0.712247 0.604940
0 0.688459 0.577920 0.725580 0.583238 0.722478 0.604892 0.685357 0.599574
1 0.750364 0.538644 0.764649 0.544973 0.738699 0.603544 0.724413 0.597215
1 0.735520 0.545625 0.755753 0.537309 0.780105 0.596563 0.759872 0.604878
0 0.729516 0.585393 0.769371 0.577521 0.773609 0.598982 0.733754 0.606854
1 0.790962 0.537265 0.811419 0.545014 0.788725 0.604922 0.768269 0.597173
1 0.779107 0.546483 0.799012 0.537411 0.825581 0.595704 0.805676 0.604777
1 0.837835 0.537353 0.857912 0.546038 0.832477 0.604835 0.812400 0.596150
1 0.829481 0.544663 0.845648 0.538828 0.867394 0.599087 0.851227 0.604922
0 0.077489 0.602417 0.086747 0.600941 0.089699 0.619458 0.080441 0.620934
0 0.092610 0.599361 0.117432 0.602334 0.115203 0.620951 0.090380 0.617978
0 0.108253 0.599606 0.142390 0.603649 0.140184 0.622269 0.106048 0.618226
0 0.134160 0.605534 0.164520 0.598126 0.168965 0.616341 0.138605 0.623749
0 0.168946 0.596716 0.198899 0.605625 0.193554 0.623597 0.163601 0.614687
0 0.191163 0.599938 0.222366 0.601653 0.221337 0.620375 0.190134 0.618659
0 0.206326 0.595067 0.251623 0.607126 0.246799 0.625245 0.201502 0.613186
0 0.237994 0.599927 0.272325 0.601659 0.271381 0.620385 0.237050 0.618654
0 0.264827 0.599611 0.295985 0.602007 0.294548 0.620701 0.263390 0.618306
0 0.292500 0.601060 0.323734 0.602075 0.323125 0.620815 0.291891 0.619800
0 0.312001 0.597862 0.358247 0.605515 0.355186 0.624013 0.308940 0.616360
0 0.344810 0.598239 0.375596 0.603602 0.372378 0.622074 0.341592 0.616711
0 0.381402 0.601363 0.406399 0.601764 0.406098 0.620512 0.381101 0.620111
0 0.407129 0.604016 0.439362 0.597877 0.442871 0.616296 0.410638 0.622435
0 0.431255 0.601555 0.462505 0.601570 0.462495 0.620320 0.431245 0.620305
0 0.463984 0.601602 0.473359 0.601524 0.473516 0.620273 0.464141 0.620351
0 0.466980 0.605513 0.497348 0.598141 0.501770 0.616362 0.471402 0.623734
0 0.496601 0.602035 0.527837 0.601099 0.528399 0.619840 0.497163 0.620776
0 0.525620 0.599725 0.559928 0.601875 0.558755 0.620588 0.524447 0.618438
0 0.544703 0.603638 0.575477 0.598209 0.578735 0.616674 0.547960 0.622103
0 0.583350 0.596411 0.613070 0.606070 0.607275 0.623901 0.577555 0.614243
0 0.604591 0.601725 0.635840 0.601401 0.636034 0.620150 0.604785 0.620474
0 0.632078 0.602203 0.664773 0.599427 0.666359 0.618109 0.633665 0.620886
0 0.659655 0.601111 0.690892 0.602022 0.690345 0.620764 0.659108 0.619853
0 0.688863 0.597870 0.719069 0.605881 0.714262 0.624005 0.684056 0.615994
0 0.712462 0.602019 0.721800 0.601181 0.723475 0.619856 0.714138 0.620694
0 0.735199 0.603985 0.765857 0.597932 0.769489 0.616327 0.738831 0.622380
0 0.763696 0.602203 0.794920 0.600938 0.795679 0.619672 0.764455 0.620937
0 0.789017 0.597723 0.819127 0.606086 0.814108 0.624152 0.783998 0.615789
0 0.805474 0.604115 0.830017 0.599353 0.833588 0.617760 0.809046 0.622522
0 0.827803 0.602122 0.859033 0.601015 0.859697 0.619753 0.828467 0.620860
0 0.857136 0.603998 0.889375 0.597892 0.892864 0.616315 0.860625 0.622420
0 0.874028 0.599772 0.908342 0.601824 0.907222 0.620541 0.872908 0.618488
0 0.897151 0.599916 0.929788 0.603309 0.927849 0.621959 0.895212 0.618566
1 0.087169 0.615373 0.107938 0.622239 0.087831 0.683064 0.067062 0.676199
1 0.076237 0.625116 0.095942 0.615616 0.123763 0.673322 0.104058 0.682822
0 0.087461 0.659825 0.098366 0.658989 0.100039 0.680800 0.089134 0.681636
1 0.136539 0.616701 0.154903 0.625382 0.127523 0.683299 0.109159 0.674618
1 0.123292 0.624001 0.137288 0.617054 0.165770 0.674436 0.151775 0.681383
0 0.110834 0.661138 0.165293 0.656141 0.167291 0.677925 0.112832 0.682921
1 0.179660 0.616871 0.196036 0.622089 0.176590 0.683129 0.160214 0.677911
1 0.171622 0.622820 0.187779 0.616958 0.209628 0.677180 0.193471 0.683042
1 0.228035 0.616467 0.247584 0.626282 0.218840 0.683533 0.199291 0.673718
1 0.209373 0.626357 0.235110 0.615018 0.260940 0.673643 0.235202 0.684982
0 0.210493 0.661706 0.246149 0.657216 0.248882 0.678919 0.213226 0.683409
1 0.273994 0.616804 0.288242 0.623218 0.261943 0.681634 0.247696 0.675219
1 0.257323 0.624523 0.277261 0.615524 0.303615 0.673915 0.283676 0.682914
0 0.256384 0.659158 0.292319 0.659594 0.292054 0.681467 0.256119 0.681031
1 0.320895 0.616766 0.336222 0.624545 0.307230 0.681671 0.291903 0.673893
1 0.298280 0.628380 0.323084 0.615122 0.353283 0.671620 0.328479 0.684878
0 0.313741 0.660000 0.324619 0.658867 0.326884 0.680625 0.316006 0.681758
1 0.366034 0.616981 0.384675 0.628427 0.351153 0.683019 0.332512 0.671573
1 0.349296 0.625113 0.367761 0.616650 0.394454 0.674887 0.375989 0.683350
1 0.412044 0.617069 0.427044 0.625460 0.395768 0.681369 0.380768 0.672978
1 0.397921 0.622464 0.412403 0.616598 0.436454 0.675974 0.421972 0.681840
0 0.392208 0.659341 0.429708 0.659410 0.429667 0.681284 0.392167 0.681215
1 0.448989 0.615112 0.471053 0.623016 0.449448 0.683326 0.427384 0.675421
1 0.444897 0.622122 0.459709 0.617148 0.480103 0.677878 0.465291 0.682852
0 0.435669 0.659890 0.476281 0.658867 0.476831 0.680735 0.436219 0.681758
1 0.498321 0.617053 0.514304 0.623375 0.490741 0.682947 0.474758 0.676625
1 0.485355 0.624323 0.504111 0.616524 0.528708 0.675677 0.509952 0.683476
0 0.483113 0.658875 0.520600 0.659883 0.520012 0.681750 0.482525 0.680742
1 0.546215 0.616865 0.564286 0.626140 0.535035 0.683135 0.516964 0.673860
1 0.532070 0.623595 0.547724 0.616498 0.574180 0.674842 0.558526 0.681940
0 0.528194 0.659258 0.565693 0.659492 0.565556 0.681367 0.528057 0.681133
1 0.591114 0.616461 0.606815 0.623451 0.580761 0.681976 0.565060 0.674986
1 0.574509 0.624524 0.594447 0.615524 0.620803 0.673914 0.600865 0.682913
1 0.632270 0.615159 0.653825 0.624363 0.628667 0.683279 0.607112 0.674075
1 0.619894 0.625572 0.638186 0.616739 0.666043 0.674428 0.647752 0.683261
0 0.617068 0.661090 0.654419 0.657747 0.656369 0.679535 0.619018 0.682878
1 0.680878 0.616429 0.700509 0.626079 0.672247 0.683571 0.652616 0.673921
1 0.669785 0.623014 0.685882 0.616989 0.708340 0.676986 0.692243 0.683011
0 0.665608 0.661932 0.694901 0.657109 0.698455 0.678693 0.669162 0.683516
1 0.721628 0.615376 0.742215 0.622770 0.720560 0.683062 0.699973 0.675667
1 0.711963 0.625819 0.725613 0.618215 0.756787 0.674181 0.743137 0.681785
0 0.709357 0.659405 0.746857 0.659345 0.746893 0.681220 0.709393 0.681280
1 0.767077 0.615378 0.787634 0.622856 0.765735 0.683059 0.745178 0.675582
1 0.756149 0.624896 0.775941 0.615580 0.803226 0.673541 0.783434 0.682858
0 0.767195 0.659371 0.778132 0.659379 0.778118 0.681254 0.767180 0.681246
1 0.812024 0.615328 0.836699 0.625164 0.812976 0.684672 0.788301 0.674836
1 0.805612 0.623094 0.821683 0.617002 0.844388 0.676906 0.828317 0.682998
0 0.798304 0.659627 0.838926 0.659125 0.839196 0.680998 0.798574 0.681500
1 0.860656 0.616958 0.876813 0.622819 0.854969 0.683042 0.838812 0.677181
1 0.849356 0.622042 0.870191 0.615378 0.889707 0.676395 0.868872 0.683059
0 0.845232 0.660155 0.881040 0.657111 0.882893 0.678907 0.847085 0.681952
0 0.069091 0.678030 0.100153 0.681458 0.098096 0.700095 0.067035 0.696667
0 0.096893 0.679658 0.128143 0.679717 0.128107 0.698467 0.096857 0.698408
0 0.119075 0.677896 0.153251 0.681587 0.151238 0.700229 0.117061 0.696538
0 0.137411 0.679838 0.168659 0.679538 0.168839 0.698287 0.137591 0.698587
0 0.170003 0.681808 0.200986 0.677728 0.203434 0.696317 0.172452 0.700397
0 0.194960 0.680177 0.219941 0.679212 0.220665 0.697948 0.195684 0.698913
0 0.221484 0.680408 0.254266 0.678985 0.255079 0.697717 0.222297 0.699140
0 0.242734 0.678050 0.273936 0.679792 0.272891 0.698512 0.241689 0.696771
0 0.269636 0.685471 0.299075 0.674990 0.305364 0.692654 0.275925 0.703135
0 0.291054 0.679142 0.316029 0.680252 0.315196 0.698983 0.290221 0.697873
0 0.296149 0.681761 0.342846 0.677685 0.344476 0.696364 0.297779 0.700440
0 0.335450 0.679947 0.344812 0.679454 0.345800 0.698178 0.336438 0.698671
0 0.344121 0.672805 0.389177 0.685735 0.384004 0.703758 0.338948 0.690827
0 0.373032 0.682034 0.403957 0.677536 0.406655 0.696091 0.375731 0.700589
0 0.386250 0.678942 0.433101 0.680443 0.432500 0.699183 0.385649 0.697682
0 0.421359 0.679921 0.455676 0.677924 0.456766 0.696642 0.422449 0.698639
0 0.441861 0.680603 0.466650 0.677367 0.469077 0.695960 0.444287 0.699195
0 0.468692 0.679717 0.478066 0.679658 0.478183 0.698408 0.468809 0.698467
0 0.465980 0.678063 0.512824 0.679762 0.512145 0.698500 0.465301 0.696800
0 0.497817 0.676501 0.528655 0.681559 0.525620 0.700062 0.494782 0.695003
0 0.516674 0.681822 0.550593 0.676239 0.553638 0.694740 0.519720 0.700323
0 0.540969 0.678027 0.572030 0.681462 0.569969 0.700098 0.538908 0.696663
0 0.570152 0.684700 0.593545 0.675880 0.600160 0.693425 0.576768 0.702245
0 0.585549 0.680403 0.618331 0.678990 0.619138 0.697722 0.586356 0.699135
0 0.617729 0.677772 0.648724 0.681756 0.646334 0.700353 0.615339 0.696369
0 0.633798 0.679943 0.664982 0.677909 0.666202 0.696619 0.635018 0.698653
0 0.668721 0.679726 0.693721 0.679649 0.693779 0.698399 0.668779 0.698476
0 0.693953 0.679423 0.718947 0.679956 0.718547 0.698702 0.693553 0.698169
0 0.707727 0.683258 0.738250 0.676553 0.742273 0.694867 0.711750 0.701572
0 0.741897 0.681765 0.772890 0.677765 0.775290 0.696360 0.744297 0.700360
0 0.762896 0.672772 0.807931 0.685776 0.802729 0.703790 0.757694 0.690786
0 0.800748 0.677759 0.831910 0.680106 0.830502 0.698803 0.799340 0.696457
0 0.830825 0.681560 0.855571 0.678005 0.858237 0.696565 0.833491 0.700120
0 0.861828 0.680260 0.896101 0.677609 0.897547 0.696303 0.863274 0.698954
0 0.883909 0.681542 0.916331 0.676494 0.919216 0.695021 0.886794 0.700068
1 0.068941 0.695215 0.084864 0.701686 0.060746 0.761035 0.044823 0.754564
1 0.058883 0.701114 0.074987 0.695110 0.097367 0.755136 0.081263 0.761140
0 0.053143 0.737471 0.089080 0.737529 0.089045 0.759404 0.053107 0.759346
1 0.113283 0.693641 0.133243 0.702592 0.107029 0.761046 0.087069 0.752095
1 0.099512 0.704531 0.117478 0.695055 0.147363 0.751719 0.129397 0.761195
0 0.088699 0.737675 0.143354 0.735775 0.144113 0.757637 0.089459 0.759537
1 0.159212 0.693365 0.180440 0.703299 0.153288 0.761323 0.132060 0.751389
1 0.151492 0.699805 0.167985 0.694970 0.186008 0.756445 0.169515 0.761280
0 0.146873 0.737502 0.176561 0.737498 0.176564 0.759373 0.146877 0.759377
1 0.204040 0.693587 0.224169 0.702153 0.199085 0.761100 0.178956 0.752535
1 0.190489 0.703056 0.210267 0.693710 0.237636 0.751632 0.217858 0.760977
0 0.189834 0.735542 0.225691 0.737945 0.224228 0.759771 0.188371 0.757368
1 0.250219 0.694633 0.264816 0.700205 0.241969 0.760055 0.227371 0.754482
1 0.235478 0.703008 0.256825 0.693332 0.283272 0.751680 0.261925 0.761356
0 0.224269 0.739544 0.278808 0.735515 0.280419 0.757331 0.225880 0.761360
1 0.295493 0.694685 0.314158 0.702699 0.288882 0.761565 0.270217 0.753551
1 0.280837 0.704454 0.298834 0.695036 0.328538 0.751796 0.310541 0.761214
0 0.279530 0.739216 0.315313 0.735878 0.317345 0.757659 0.281562 0.760997
1 0.342302 0.693576 0.362960 0.704647 0.332698 0.761112 0.312040 0.750040
1 0.324451 0.705055 0.343734 0.694725 0.373986 0.751195 0.354704 0.761525
0 0.337171 0.737671 0.348103 0.737339 0.348767 0.759204 0.337834 0.759536
1 0.380180 0.693192 0.406495 0.703119 0.383883 0.763058 0.357568 0.753131
1 0.370294 0.704499 0.389806 0.694609 0.418768 0.751751 0.399256 0.761641
0 0.369546 0.738091 0.405383 0.735407 0.407017 0.757221 0.371179 0.759905
1 0.430246 0.693563 0.450464 0.701915 0.426004 0.761124 0.405786 0.752772
1 0.416628 0.703831 0.434868 0.694893 0.463059 0.752419 0.444820 0.761357
1 0.474128 0.693529 0.494502 0.701491 0.471185 0.761159 0.450810 0.753197
1 0.459329 0.705415 0.484646 0.693167 0.512546 0.750835 0.487229 0.763083
0 0.460576 0.738116 0.496493 0.736896 0.497236 0.758759 0.461319 0.759979
1 0.523690 0.694550 0.539442 0.701426 0.513810 0.760138 0.498058 0.753261
1 0.505760 0.703797 0.530224 0.693450 0.555178 0.752453 0.530713 0.762800
0 0.506230 0.737533 0.542167 0.737467 0.542208 0.759342 0.506270 0.759408
1 0.566029 0.693554 0.586285 0.701814 0.562096 0.761134 0.541840 0.752874
1 0.554077 0.702472 0.572824 0.694653 0.597486 0.753778 0.578739 0.761597
1 0.610422 0.693285 0.631969 0.702506 0.606766 0.761402 0.585218 0.752181
1 0.599721 0.701098 0.620236 0.693507 0.642467 0.753589 0.621951 0.761180
1 0.657976 0.694683 0.676645 0.702688 0.651399 0.761567 0.632730 0.753562
1 0.644964 0.701814 0.665220 0.693554 0.689411 0.752873 0.669155 0.761134
1 0.698360 0.693247 0.720566 0.700743 0.700078 0.761441 0.677871 0.753945
1 0.690256 0.702269 0.709076 0.694626 0.733181 0.753981 0.714361 0.761624
0 0.699946 0.737527 0.710883 0.737473 0.710992 0.759348 0.700054 0.759402
1 0.746570 0.693472 0.770722 0.704529 0.744055 0.762778 0.719903 0.751721
1 0.738829 0.700931 0.754991 0.695081 0.776796 0.755319 0.760634 0.761169
1 0.792138 0.693530 0.812503 0.701518 0.789112 0.761157 0.768747 0.753170
1 0.777460 0.704017 0.798388 0.693466 0.827228 0.750670 0.806299 0.761221
0 0.776385 0.739340 0.813714 0.735760 0.815802 0.757535 0.778474 0.761115
1 0.838220 0.693374 0.859418 0.703371 0.832093 0.761314 0.810894 0.751316
1 0.825892 0.704068 0.839500 0.696389 0.870983 0.752182 0.857375 0.759861
0 0.835530 0.737713 0.846460 0.737302 0.847282 0.759162 0.836353 0.759573
0 0.061770 0.754501 0.108146 0.761324 0.105417 0.779874 0.059041 0.773051
0 0.096193 0.754307 0.129750 0.761765 0.125682 0.780068 0.092125 0.772610
0 0.110576 0.758443 0.141801 0.757197 0.142549 0.775932 0.111324 0.777178
0 0.123159 0.761799 0.156363 0.752902 0.161216 0.771013 0.128012 0.779910
0 0.154595 0.758672 0.185682 0.755488 0.187593 0.774141 0.156505 0.777324
0 0.176663 0.757647 0.207911 0.757979 0.207712 0.776728 0.176464 0.776396
0 0.191159 0.756153 0.223923 0.757938 0.222903 0.776660 0.190139 0.774875
0 0.208922 0.760274 0.239815 0.755565 0.242640 0.774101 0.211747 0.778810
0 0.237477 0.758260 0.246816 0.757438 0.248460 0.776115 0.239121 0.776937
0 0.245145 0.759615 0.276200 0.756127 0.278292 0.774760 0.247238 0.778248
0 0.280030 0.757264 0.311260 0.758372 0.310595 0.777111 0.279365 0.776003
0 0.308968 0.762366 0.341893 0.752488 0.347282 0.770447 0.314357 0.780325
0 0.332054 0.754579 0.366047 0.759692 0.363258 0.778234 0.329265 0.773120
0 0.355341 0.754068 0.385947 0.760381 0.382159 0.778744 0.351553 0.772432
0 0.384004 0.752900 0.413241 0.763933 0.406621 0.781475 0.377384 0.770442
0 0.400333 0.756238 0.447181 0.757836 0.446542 0.776575 0.399694 0.774977
0 0.428899 0.755848 0.460055 0.758271 0.458601 0.776965 0.427445 0.774542
0 0.443078 0.758255 0.474237 0.755863 0.475672 0.774558 0.444513 0.776950
0 0.471321 0.759743 0.502141 0.754577 0.505241 0.773069 0.474421 0.778235
0 0.499701 0.759909 0.530690 0.755873 0.533111 0.774466 0.502123 0.778502
0 0.526207 0.758306 0.551188 0.757333 0.551918 0.776069 0.526937 0.777042
0 0.558356 0.755486 0.583144 0.758736 0.580707 0.777326 0.555919 0.774077
0 0.564732 0.755506 0.611505 0.758597 0.610268 0.777306 0.563495 0.774216
0 0.593086 0.754588 0.623562 0.761502 0.619414 0.779787 0.588938 0.772873
0 0.636490 0.757257 0.645776 0.758546 0.643197 0.777118 0.633911 0.775829
0 0.654556 0.758328 0.663884 0.757391 0.665757 0.776047 0.656429 0.776984
0 0.681475 0.757373 0.690799 0.758354 0.688837 0.777002 0.679514 0.776021
0 0.711427 0.754335 0.735139 0.762256 0.729198 0.780040 0.705486 0.772119
0 0.737680 0.757128 0.746905 0.758796 0.743570 0.777247 0.734345 0.775579
0 0.756074 0.759633 0.787126 0.756112 0.789238 0.774742 0.758187 0.778263
0 0.779005 0.758275 0.810161 0.755844 0.811620 0.774537 0.780464 0.776969
0 0.802664 0.759800 0.836626 0.754487 0.839524 0.773012 0.805562 0.778325
0 0.827281 0.755677 0.858210 0.760141 0.855532 0.778698 0.824602 0.774234
0 0.842235 0.757735 0.873484 0.757891 0.873390 0.776640 0.842141 0.776484
0 0.867692 0.755944 0.898700 0.759826 0.896370 0.778431 0.865363 0.774549
0 0.904564 0.751361 0.932956 0.764416 0.925124 0.781451 0.896731 0.768397
1 0.088097 0.771650 0.108493 0.779555 0.085341 0.839288 0.064944 0.831382
1 0.080819 0.778658 0.097102 0.773154 0.117618 0.833842 0.101336 0.839346
0 0.075789 0.813591 0.113202 0.816147 0.111711 0.837972 0.074298 0.835415
1 0.132232 0.771579 0.156936 0.781341 0.133393 0.840921 0.108689 0.831159
1 0.119552 0.783038 0.143535 0.771620 0.171073 0.829462 0.147090 0.840880
1 0.180220 0.772770 0.198986 0.780545 0.174468 0.839730 0.155702 0.831955
1 0.170027 0.777709 0.192620 0.771474 0.209661 0.833229 0.187068 0.839463
1 0.227447 0.772990 0.245737 0.781828 0.217865 0.839510 0.199576 0.830672
1 0.213823 0.779542 0.239211 0.771729 0.258052 0.832958 0.232664 0.840771
0 0.211480 0.813620 0.248750 0.817764 0.246333 0.839505 0.209062 0.835361
1 0.270764 0.771737 0.290811 0.780492 0.265173 0.839200 0.245126 0.830446
1 0.257037 0.782599 0.276559 0.772730 0.305463 0.829901 0.285941 0.839770
1 0.316122 0.772767 0.334896 0.780522 0.310440 0.839733 0.291666 0.831978
1 0.302512 0.780889 0.322405 0.771790 0.349050 0.830049 0.329157 0.839147
0 0.297846 0.817910 0.338040 0.812010 0.341217 0.833653 0.301023 0.839553
1 0.365391 0.773190 0.383342 0.782697 0.353359 0.839310 0.335408 0.829803
1 0.349391 0.780169 0.369560 0.771701 0.394359 0.830769 0.374190 0.839237
0 0.347408 0.813977 0.384867 0.815734 0.383842 0.837585 0.346383 0.835828
1 0.406284 0.772685 0.425333 0.779737 0.403091 0.839815 0.384042 0.832763
1 0.396192 0.778321 0.417018 0.771627 0.436621 0.832617 0.415795 0.839310
0 0.392009 0.817386 0.427783 0.813963 0.429866 0.835739 0.394092 0.839162
1 0.453986 0.772740 0.473485 0.782654 0.444452 0.839760 0.424952 0.829846
1 0.437357 0.781574 0.461966 0.771575 0.486080 0.830926 0.461471 0.840925
0 0.431053 0.810537 0.485010 0.819443 0.481447 0.841026 0.427490 0.832120
1 0.496998 0.772738 0.515857 0.780282 0.492065 0.839762 0.473205 0.832218
1 0.483853 0.780447 0.505472 0.771397 0.530210 0.830490 0.508590 0.839541
1 0.540116 0.771867 0.559428 0.778163 0.539571 0.839070 0.520259 0.832774
1 0.530886 0.780182 0.546425 0.772837 0.573801 0.830756 0.558262 0.838100
0 0.526551 0.816332 0.563938 0.813422 0.565636 0.835231 0.528249 0.838141
1 0.591053 0.772833 0.606597 0.780168 0.579259 0.838104 0.563715 0.830770
1 0.577833 0.779662 0.593804 0.773310 0.617479 0.832838 0.601509 0.839190
0 0.576561 0.815627 0.606248 0.815623 0.606252 0.837498 0.576564 0.837502
1 0.632253 0.771408 0.653812 0.780601 0.628684 0.839530 0.607125 0.830337
1 0.620059 0.780554 0.640081 0.771745 0.665879 0.830384 0.645856 0.839193
0 0.619209 0.814904 0.655117 0.816364 0.654228 0.838221 0.618320 0.836761
1 0.680471 0.771848 0.700217 0.781260 0.672654 0.839090 0.652908 0.829678
1 0.668209 0.779850 0.684119 0.773348 0.708353 0.832650 0.692443 0.839152
1 0.725415 0.772834 0.744023 0.780979 0.718335 0.839666 0.699727 0.831521
1 0.711746 0.779617 0.732119 0.771654 0.755442 0.831320 0.735068 0.839284
0 0.699948 0.817997 0.754436 0.813332 0.756302 0.835128 0.701814 0.839793
1 0.770588 0.772820 0.789230 0.780887 0.763787 0.839680 0.745145 0.831613
1 0.760361 0.777682 0.781392 0.771665 0.799014 0.833255 0.777983 0.839273
0 0.750920 0.818050 0.791076 0.811891 0.794392 0.833513 0.754237 0.839672
1 0.814084 0.773170 0.830324 0.778797 0.809354 0.839330 0.793113 0.833703
1 0.805517 0.778091 0.824852 0.771866 0.844483 0.832847 0.825148 0.839071
1 0.862902 0.772828 0.878452 0.780151 0.851161 0.838109 0.835611 0.830787
1 0.851475 0.778955 0.867667 0.773192 0.889150 0.833545 0.872958 0.839308
0 0.081663 0.835188 0.090848 0.837068 0.087087 0.855437 0.077902 0.853557
0 0.093363 0.838584 0.117567 0.832325 0.122262 0.850478 0.098058 0.856737
0 0.124156 0.834051 0.155324 0.836310 0.153969 0.855011 0.122801 0.852752
0 0.152828 0.832249 0.185059 0.838395 0.181547 0.856813 0.149316 0.850667
0 0.177297 0.834200 0.202025 0.837879 0.199266 0.856425 0.174538 0.852746
0 0.193597 0.839715 0.224037 0.832646 0.228278 0.850910 0.197838 0.857979
0 0.214923 0.842311 0.246773 0.829379 0.253827 0.846752 0.221977 0.859683
0 0.233780 0.836341 0.268076 0.834014 0.269345 0.852721 0.235049 0.855048
0 0.268091 0.832797 0.298945 0.837753 0.295972 0.856265 0.265117 0.851310
0 0.296180 0.838427 0.328401 0.832224 0.331945 0.850636 0.299724 0.856838
0 0.327896 0.836971 0.336849 0.834187 0.342416 0.852092 0.333464 0.854875
0 0.364634 0.835376 0.373917 0.836682 0.371304 0.855249 0.362020 0.853943
0 0.378662 0.834233 0.412986 0.836107 0.411963 0.854829 0.377639 0.852955
0 0.394856 0.838406 0.425748 0.833684 0.428581 0.852219 0.397690 0.856941
0 0.429682 0.835947 0.460932 0.835928 0.460943 0.854678 0.429693 0.854697
0 0.463310 0.836254 0.488220 0.834127 0.489815 0.852809 0.464905 0.854936
0 0.478693 0.830551 0.509905 0.840676 0.504119 0.858511 0.472908 0.848386
0 0.492938 0.832769 0.539357 0.839288 0.536750 0.857856 0.490330 0.851337
0 0.520261 0.836023 0.551511 0.835852 0.551614 0.854602 0.520364 0.854773
0 0.552950 0.836235 0.584195 0.835643 0.584550 0.854390 0.553305 0.854982
0 0.598106 0.836110 0.607476 0.835776 0.608144 0.854515 0.598774 0.854849
0 0.605484 0.836572 0.636612 0.833814 0.638266 0.852491 0.607138 0.855249
0 0.630632 0.832635 0.663015 0.837923 0.659993 0.856428 0.627610 0.851139
0 0.653335 0.833673 0.684436 0.836729 0.682602 0.855389 0.651502 0.852333
0 0.687690 0.833631 0.720352 0.836767 0.718560 0.855432 0.685898 0.852295
0 0.713624 0.839912 0.743621 0.831152 0.748876 0.849151 0.718879 0.857910
0 0.731116 0.837667 0.762186 0.834316 0.764196 0.852958 0.733127 0.856309
0 0.748839 0.834201 0.779882 0.837799 0.777723 0.856424 0.746681 0.852826
0 0.778229 0.835758 0.811039 0.836118 0.810834 0.854867 0.778023 0.854507
0 0.796344 0.832290 0.842609 0.839829 0.839593 0.858335 0.793329 0.850796
0 0.822667 0.836580 0.853794 0.833806 0.855458 0.852482 0.824331 0.855256
0 0.849836 0.836230 0.882644 0.835648 0.882976 0.854395 0.850169 0.854977
0 0.877955 0.837746 0.909008 0.834247 0.911108 0.852879 0.880054 0.856378
1 0.069589 0.851109 0.087891 0.859921 0.060098 0.917641 0.041797 0.908829
1 0.054303 0.860330 0.073984 0.850782 0.101947 0.908420 0.082266 0.917968
0 0.053987 0.890544 0.091146 0.895593 0.088200 0.917269 0.051042 0.912219
1 0.113037 0.849812 0.133260 0.858151 0.108838 0.917376 0.088615 0.909036
1 0.103004 0.856610 0.123775 0.849748 0.143871 0.910577 0.123100 0.917439
0 0.098371 0.893865 0.135870 0.893635 0.136004 0.915510 0.098505 0.915740
1 0.157416 0.851268 0.173727 0.856689 0.153521 0.917482 0.137211 0.912061
1 0.149628 0.857279 0.165759 0.851346 0.187872 0.911471 0.171741 0.917404
0 0.134164 0.895884 0.188552 0.890173 0.190836 0.911929 0.136448 0.917639
1 0.208675 0.851201 0.223934 0.859112 0.194450 0.915986 0.179191 0.908076
1 0.193009 0.856760 0.215296 0.849508 0.235116 0.910428 0.212829 0.917679
0 0.193887 0.891821 0.223481 0.894186 0.221738 0.915992 0.192144 0.913626
1 0.248508 0.849786 0.268844 0.857845 0.245242 0.917401 0.224906 0.909342
1 0.238288 0.858154 0.254140 0.851511 0.278900 0.910596 0.263048 0.917239
0 0.234742 0.891984 0.272066 0.895619 0.269945 0.917391 0.232622 0.913756
1 0.295992 0.850988 0.314535 0.859280 0.288383 0.917762 0.269840 0.909470
1 0.280836 0.860360 0.300505 0.850787 0.328539 0.908390 0.308870 0.917963
0 0.292792 0.893468 0.303713 0.894064 0.302521 0.915907 0.291600 0.915311
1 0.337686 0.849487 0.359653 0.857660 0.337314 0.917701 0.315347 0.909528
1 0.329265 0.856842 0.349957 0.849747 0.370735 0.910346 0.350043 0.917441
1 0.384298 0.850805 0.403370 0.857794 0.381327 0.917945 0.362255 0.910956
1 0.372657 0.858866 0.391352 0.850923 0.416405 0.909884 0.397710 0.917827
0 0.370805 0.891812 0.408091 0.895812 0.405758 0.917563 0.368472 0.913563
1 0.427848 0.849748 0.448607 0.856647 0.428402 0.917440 0.407643 0.910541
1 0.416885 0.858724 0.436891 0.849876 0.462802 0.908464 0.442797 0.917312
1 0.476005 0.849583 0.497347 0.859270 0.470870 0.917605 0.449528 0.907918
1 0.463840 0.858188 0.479420 0.850930 0.506473 0.909000 0.490893 0.916258
0 0.472849 0.894064 0.483771 0.893468 0.484963 0.915311 0.474042 0.915907
1 0.520873 0.850839 0.539809 0.858190 0.516627 0.917911 0.497691 0.910560
1 0.507575 0.859041 0.529010 0.849560 0.554925 0.908147 0.533490 0.917628
0 0.505791 0.893797 0.543255 0.892161 0.544209 0.914015 0.506745 0.915652
1 0.568257 0.851143 0.586497 0.860081 0.558306 0.917607 0.540066 0.908669
1 0.557194 0.857454 0.573271 0.851375 0.595931 0.911296 0.579854 0.917375
0 0.551827 0.893308 0.589317 0.894198 0.588798 0.916067 0.551308 0.915177
1 0.611457 0.849811 0.631684 0.858139 0.607293 0.917377 0.587066 0.909048
1 0.599297 0.857699 0.619687 0.849776 0.642890 0.909489 0.622501 0.917412
0 0.598912 0.891913 0.634648 0.895709 0.632338 0.917462 0.596602 0.913666
1 0.656256 0.850854 0.675142 0.858333 0.651556 0.917896 0.632671 0.910417
1 0.646205 0.857537 0.660471 0.851162 0.686607 0.909651 0.672342 0.916025
0 0.641658 0.893890 0.677550 0.892075 0.678654 0.913923 0.642763 0.915737
1 0.702205 0.849879 0.722202 0.858746 0.696233 0.917309 0.676236 0.908441
1 0.689943 0.857681 0.710339 0.849775 0.733494 0.909506 0.713098 0.917413
0 0.685898 0.894515 0.723276 0.891494 0.725039 0.913297 0.687661 0.916319
1 0.751475 0.851094 0.770543 0.861813 0.739150 0.917656 0.720082 0.906937
1 0.734094 0.859819 0.752434 0.851088 0.779969 0.908931 0.761628 0.917662
0 0.722677 0.895885 0.777203 0.891680 0.778885 0.913490 0.724360 0.917695
1 0.792790 0.850842 0.811717 0.858216 0.788460 0.917908 0.769533 0.910534
1 0.779227 0.859988 0.797503 0.851123 0.825461 0.908762 0.807185 0.917627
1 0.838860 0.851418 0.854859 0.857698 0.831453 0.917332 0.815454 0.911052
1 0.829103 0.856110 0.848472 0.849991 0.867772 0.911077 0.848403 0.917197
0 0.827272 0.892066 0.856902 0.893914 0.855540 0.915747 0.825910 0.913898
