0 0.077816 0.078708 0.098099 0.077603 0.100309 0.118167 0.080026 0.119272
0 0.089874 0.078672 0.158574 0.076045 0.160126 0.116640 0.091426 0.119267
0 0.124684 0.078669 0.193426 0.077586 0.194066 0.118206 0.125324 0.119289
0 0.182466 0.078729 0.202746 0.077585 0.205034 0.118146 0.184754 0.119290
0 0.215093 0.078534 0.235292 0.076382 0.239594 0.116779 0.219396 0.118930
0 0.219893 0.082026 0.289797 0.074459 0.294169 0.114849 0.224265 0.122416
0 0.254564 0.078340 0.324876 0.077911 0.325123 0.118535 0.254812 0.118964
0 0.283820 0.078337 0.354105 0.076367 0.355243 0.116976 0.284958 0.118946
0 0.301215 0.083775 0.402174 0.072717 0.406597 0.113100 0.305639 0.124158
0 0.351181 0.083825 0.420642 0.072917 0.426944 0.113050 0.357483 0.123958
0 0.410032 0.077810 0.430334 0.078461 0.429031 0.119065 0.408729 0.118414
0 0.410430 0.079929 0.485258 0.074852 0.488008 0.115384 0.413180 0.120461
0 0.446530 0.080212 0.516723 0.076107 0.519095 0.116663 0.448902 0.120768
0 0.478043 0.080353 0.544974 0.074490 0.548519 0.114960 0.481588 0.120823
0 0.510826 0.081578 0.585522 0.074836 0.589174 0.115297 0.514478 0.122039
0 0.555705 0.078902 0.611934 0.077363 0.613045 0.117973 0.556816 0.119512
0 0.582331 0.078201 0.652623 0.076498 0.653607 0.117111 0.583315 0.118814
0 0.618158 0.079932 0.688287 0.074861 0.691217 0.115380 0.621088 0.120452
0 0.649963 0.078187 0.718713 0.078063 0.718787 0.118688 0.650037 0.118812
0 0.662017 0.081626 0.763344 0.074718 0.766108 0.115249 0.664781 0.122157
0 0.691839 0.078237 0.793386 0.076456 0.794098 0.117075 0.692551 0.118856
0 0.741627 0.079866 0.811766 0.074922 0.814623 0.115446 0.744484 0.120390
0 0.757078 0.081646 0.858287 0.073183 0.861672 0.113667 0.760463 0.122129
0 0.809370 0.078133 0.879683 0.078117 0.879692 0.118742 0.809380 0.118758
0 0.838866 0.081776 0.913528 0.074657 0.917384 0.115099 0.842722 0.122218
0 0.077676 0.104355 0.111587 0.109982 0.108262 0.130020 0.074351 0.124393
0 0.110923 0.106257 0.120298 0.106243 0.120327 0.126556 0.110952 0.126569
0 0.107661 0.109728 0.157381 0.104448 0.159526 0.124647 0.109806 0.129927
0 0.135893 0.108581 0.170135 0.105560 0.171920 0.125794 0.137678 0.128815
0 0.173450 0.106226 0.210950 0.106274 0.210925 0.126586 0.173425 0.126539
0 0.205761 0.107992 0.243213 0.106096 0.244239 0.126383 0.206787 0.128279
0 0.218755 0.106237 0.268755 0.106263 0.268745 0.126576 0.218745 0.126549
0 0.246373 0.107934 0.280702 0.106156 0.281752 0.126441 0.247423 0.128219
0 0.276323 0.106787 0.285648 0.105821 0.287740 0.126026 0.278415 0.126991
0 0.293681 0.106379 0.331180 0.106121 0.331319 0.126433 0.293820 0.126691
0 0.346420 0.106473 0.355786 0.106048 0.356705 0.126340 0.347339 0.126764
0 0.372887 0.108026 0.407206 0.106069 0.408363 0.126349 0.374044 0.128306
0 0.398875 0.105543 0.433221 0.106975 0.432375 0.127269 0.398029 0.125838
0 0.428096 0.108547 0.462344 0.105591 0.464091 0.125828 0.429844 0.128784
0 0.461195 0.105826 0.495560 0.106681 0.495055 0.126987 0.460690 0.126132
0 0.496457 0.106855 0.524557 0.105663 0.525418 0.125957 0.497318 0.127149
0 0.537689 0.105856 0.547023 0.106733 0.545124 0.126956 0.535790 0.126080
0 0.550152 0.105471 0.587516 0.108665 0.585786 0.128904 0.548422 0.125710
0 0.570481 0.105969 0.604852 0.106533 0.604519 0.126843 0.570148 0.126279
0 0.592479 0.104481 0.629802 0.108115 0.627834 0.128332 0.590510 0.124698
0 0.642502 0.106111 0.651873 0.106399 0.651248 0.126702 0.641877 0.126414
0 0.640382 0.106870 0.690367 0.105636 0.690868 0.125942 0.640883 0.127177
0 0.667875 0.105948 0.702179 0.108156 0.700875 0.128427 0.666571 0.126219
0 0.699173 0.105878 0.733468 0.108232 0.732077 0.128497 0.697782 0.126143
0 0.719015 0.104658 0.753234 0.107935 0.751297 0.128155 0.717079 0.124878
0 0.752719 0.106971 0.787064 0.105546 0.787906 0.125841 0.753561 0.127266
0 0.787499 0.106649 0.796845 0.105914 0.798439 0.126163 0.789093 0.126899
0 0.805273 0.105485 0.833354 0.107046 0.832227 0.127327 0.804146 0.125767
0 0.831533 0.104634 0.865746 0.107961 0.863780 0.128179 0.829566 0.124851
0 0.847752 0.108414 0.885154 0.105701 0.886623 0.125961 0.849221 0.128674
0 0.871521 0.107951 0.921488 0.106125 0.922229 0.126424 0.872262 0.128250
1 0.081022 0.198509 0.093521 0.198369 0.093978 0.238991 0.081479 0.239131
1 0.110545 0.198883 0.124584 0.198062 0.126955 0.238617 0.112916 0.239438
1 0.148227 0.198731 0.159151 0.198193 0.161148 0.238769 0.150224 0.239307
1 0.178000 0.198491 0.195188 0.198385 0.195437 0.239009 0.178250 0.239115
1 0.214004 0.198748 0.228054 0.198162 0.229746 0.238752 0.215696 0.239338
1 0.251467 0.198694 0.262395 0.198219 0.264158 0.238806 0.253230 0.239281
1 0.285533 0.198794 0.296452 0.198151 0.298842 0.238706 0.287923 0.239349
1 0.317176 0.198729 0.331228 0.198177 0.332824 0.238771 0.318772 0.239323
1 0.354734 0.198170 0.368785 0.198739 0.367141 0.239330 0.353090 0.238761
1 0.385208 0.198705 0.399261 0.198197 0.400729 0.238795 0.386676 0.239303
1 0.421791 0.198467 0.435853 0.198409 0.436022 0.239033 0.421959 0.239091
1 0.453910 0.198212 0.466401 0.198693 0.464840 0.239288 0.452349 0.238807
1 0.482375 0.198594 0.496434 0.198290 0.497313 0.238906 0.483253 0.239210
1 0.517996 0.198685 0.530487 0.198218 0.532004 0.238815 0.519513 0.239282
1 0.550052 0.198200 0.562542 0.198709 0.560885 0.239300 0.548396 0.238791
1 0.581022 0.198518 0.595084 0.198360 0.595540 0.238982 0.581478 0.239140
1 0.618670 0.198456 0.628045 0.198419 0.628205 0.239044 0.618830 0.239081
1 0.652122 0.198295 0.663055 0.198595 0.661941 0.239205 0.651008 0.238905
1 0.687634 0.198144 0.701682 0.198772 0.699866 0.239356 0.685818 0.238728
1 0.723854 0.198107 0.736333 0.198838 0.733958 0.239393 0.721479 0.238662
1 0.759432 0.198420 0.771932 0.198455 0.771818 0.239080 0.759318 0.239045
1 0.792083 0.198466 0.803020 0.198410 0.803230 0.239034 0.792292 0.239090
1 0.828018 0.198471 0.840518 0.198405 0.840732 0.239029 0.828232 0.239095
1 0.860447 0.198614 0.874506 0.198273 0.875490 0.238886 0.861432 0.239227
1 0.895408 0.198000 0.907867 0.199007 0.904592 0.239500 0.892133 0.238493
0 0.050081 0.259236 0.120393 0.259514 0.120232 0.300139 0.049920 0.299861
0 0.081649 0.258655 0.156635 0.260103 0.155851 0.300720 0.080865 0.299272
0 0.095366 0.259242 0.196928 0.259508 0.196822 0.300133 0.095259 0.299867
0 0.142791 0.257584 0.213074 0.259621 0.211897 0.300229 0.141614 0.298191
0 0.172874 0.255845 0.241393 0.261480 0.238063 0.301968 0.169545 0.296333
0 0.185488 0.262772 0.286829 0.256067 0.289512 0.296603 0.188171 0.303308
0 0.252855 0.259935 0.273140 0.258870 0.275270 0.299440 0.254985 0.300505
0 0.259464 0.257220 0.326594 0.260002 0.324911 0.300593 0.257781 0.297810
0 0.285299 0.259716 0.354013 0.257493 0.355326 0.298097 0.286612 0.300319
0 0.315706 0.257231 0.382837 0.259991 0.381169 0.300582 0.314038 0.297822
0 0.343790 0.259307 0.412540 0.259443 0.412460 0.300068 0.343710 0.299932
0 0.368736 0.259400 0.439048 0.259350 0.439077 0.299975 0.368764 0.300025
0 0.400446 0.258623 0.470742 0.260137 0.469867 0.300752 0.399571 0.299238
0 0.426977 0.257309 0.501859 0.261505 0.499586 0.302066 0.424703 0.297870
0 0.459829 0.258643 0.527000 0.260117 0.526109 0.300732 0.458938 0.299258
0 0.491041 0.258671 0.561339 0.260087 0.560521 0.300704 0.490223 0.299288
0 0.520758 0.258639 0.589492 0.260121 0.588617 0.300736 0.519883 0.299254
0 0.572634 0.259013 0.592932 0.259765 0.591429 0.300362 0.571130 0.299610
0 0.581759 0.257756 0.650488 0.259444 0.649491 0.300057 0.580762 0.298368
0 0.613254 0.256195 0.681829 0.261096 0.678933 0.301618 0.610358 0.296716
0 0.644498 0.257350 0.714766 0.259863 0.713314 0.300462 0.643046 0.297949
0 0.672575 0.257351 0.747533 0.259859 0.746175 0.300461 0.671217 0.297953
0 0.708417 0.257781 0.764643 0.259423 0.763458 0.300031 0.707232 0.298389
0 0.731466 0.259023 0.798649 0.259730 0.798222 0.300352 0.731038 0.299645
0 0.756620 0.258707 0.831608 0.260050 0.830880 0.300668 0.755892 0.299325
0 0.784980 0.256220 0.859824 0.261052 0.857207 0.301592 0.782363 0.296761
0 0.817353 0.259092 0.887663 0.259660 0.887335 0.300283 0.817025 0.299715
0 0.870136 0.259561 0.890370 0.257783 0.893927 0.298252 0.873692 0.300030
0 0.872976 0.259471 0.947955 0.257728 0.948899 0.298342 0.873920 0.300085
0 0.079462 0.287820 0.107579 0.287185 0.108038 0.307492 0.079921 0.308128
0 0.114550 0.287499 0.148888 0.289085 0.147950 0.309376 0.113612 0.307790
0 0.165462 0.287577 0.174835 0.287426 0.175163 0.307736 0.165790 0.307887
0 0.191482 0.286838 0.228866 0.289788 0.227268 0.310037 0.189884 0.307087
0 0.224900 0.287687 0.262398 0.287314 0.262600 0.307625 0.225102 0.307999
0 0.264039 0.287533 0.292164 0.287467 0.292211 0.307780 0.264086 0.307845
0 0.285052 0.287214 0.319358 0.289389 0.318073 0.309661 0.283767 0.307486
0 0.307907 0.287342 0.342280 0.287658 0.342093 0.307970 0.307720 0.307654
0 0.344875 0.288135 0.372973 0.286885 0.373875 0.307178 0.345777 0.308427
0 0.375611 0.285536 0.408168 0.289622 0.405639 0.309776 0.373082 0.305691
0 0.412424 0.291063 0.440062 0.285851 0.443826 0.305812 0.416188 0.311024
0 0.452761 0.290045 0.461745 0.287365 0.467551 0.306830 0.458568 0.309510
0 0.468890 0.287162 0.518886 0.287840 0.518610 0.308151 0.468614 0.307472
0 0.489866 0.292780 0.538828 0.282642 0.542946 0.302533 0.493985 0.312670
0 0.530454 0.286978 0.567860 0.289636 0.566421 0.309897 0.529015 0.307239
0 0.583221 0.287032 0.592534 0.288101 0.590217 0.308281 0.580903 0.307211
0 0.599841 0.287800 0.637336 0.287203 0.637659 0.307513 0.600164 0.308109
0 0.635348 0.289352 0.669659 0.287249 0.670902 0.307523 0.636591 0.309626
0 0.664002 0.287603 0.698376 0.287397 0.698498 0.307710 0.664124 0.307915
0 0.694237 0.285923 0.721906 0.290969 0.718263 0.310952 0.690594 0.305906
0 0.716717 0.293041 0.749937 0.284204 0.755158 0.303834 0.721938 0.312671
0 0.741296 0.285369 0.775385 0.289800 0.772766 0.309943 0.738678 0.305512
0 0.769506 0.287099 0.803796 0.289514 0.802369 0.309776 0.768079 0.307361
0 0.782261 0.289762 0.832175 0.286835 0.833364 0.307113 0.783450 0.310040
0 0.837656 0.287118 0.846993 0.287965 0.845156 0.308195 0.835820 0.307347
0 0.862537 0.287437 0.896912 0.287563 0.896838 0.307876 0.862463 0.307749
0 0.044422 0.378082 0.145933 0.381313 0.144641 0.421918 0.043129 0.418687
0 0.092084 0.379868 0.162395 0.379507 0.162604 0.420132 0.092292 0.420493
0 0.127517 0.381467 0.196084 0.376454 0.199046 0.416971 0.130479 0.421984
0 0.163688 0.380335 0.232426 0.379047 0.233187 0.419665 0.164449 0.420953
0 0.186055 0.379395 0.287616 0.379981 0.287382 0.420605 0.185821 0.420019
0 0.248402 0.379736 0.304652 0.379639 0.304723 0.420264 0.248473 0.420361
0 0.273853 0.378985 0.344151 0.380398 0.343335 0.421015 0.273036 0.419602
0 0.310248 0.380122 0.378955 0.377715 0.380377 0.418316 0.311670 0.420722
0 0.346455 0.379701 0.421438 0.378120 0.422295 0.418736 0.347312 0.420317
0 0.412512 0.379681 0.432825 0.379694 0.432800 0.420319 0.412488 0.420306
0 0.423137 0.380252 0.498129 0.379127 0.498738 0.419748 0.423746 0.420873
0 0.460477 0.381388 0.535318 0.376511 0.537960 0.417050 0.463119 0.421927
0 0.486268 0.378098 0.587818 0.379720 0.587169 0.420339 0.485620 0.418718
0 0.535573 0.381963 0.610439 0.377484 0.612865 0.418037 0.537999 0.422516
0 0.573206 0.380085 0.641951 0.379293 0.642419 0.419915 0.573674 0.420707
0 0.608326 0.378062 0.677055 0.379763 0.676049 0.420376 0.607320 0.418674
0 0.652603 0.380431 0.708834 0.378958 0.709897 0.419569 0.653666 0.421042
0 0.691251 0.378067 0.747475 0.379764 0.746249 0.420371 0.690025 0.418673
0 0.720302 0.379705 0.789052 0.379670 0.789073 0.420295 0.720323 0.420330
0 0.779547 0.379851 0.799785 0.378111 0.803265 0.418587 0.783027 0.420327
0 0.815105 0.379956 0.835411 0.379433 0.836457 0.420044 0.816152 0.420567
0 0.852795 0.380282 0.873076 0.379155 0.875330 0.419718 0.855049 0.420845
0 0.864552 0.378119 0.931720 0.379705 0.930761 0.420319 0.863592 0.418732
1 0.074643 0.440752 0.088703 0.440504 0.089420 0.481123 0.075359 0.481371
1 0.096755 0.440925 0.109242 0.440366 0.111058 0.480950 0.098570 0.481509
1 0.126326 0.440681 0.135700 0.440572 0.136174 0.481194 0.126800 0.481303
1 0.150333 0.440526 0.162831 0.440730 0.162167 0.481349 0.149669 0.481145
1 0.171704 0.440943 0.184190 0.440353 0.186108 0.480932 0.173622 0.481522
1 0.193386 0.440741 0.205884 0.440516 0.206614 0.481134 0.194116 0.481359
1 0.212484 0.441179 0.224946 0.440196 0.228141 0.480696 0.215679 0.481679
1 0.238782 0.440941 0.249704 0.440365 0.251843 0.480934 0.240921 0.481510
1 0.260200 0.441036 0.269549 0.440329 0.272612 0.480839 0.263264 0.481546
1 0.282881 0.440596 0.300068 0.440654 0.299932 0.481279 0.282744 0.481221
1 0.307208 0.440821 0.319702 0.440447 0.320917 0.481054 0.308423 0.481428
1 0.332616 0.440990 0.346662 0.440308 0.348634 0.480885 0.334588 0.481567
1 0.357229 0.441328 0.368103 0.440156 0.372459 0.480547 0.361584 0.481719
1 0.382588 0.441335 0.396594 0.440078 0.400225 0.480540 0.386218 0.481797
1 0.408865 0.441119 0.422899 0.440215 0.425510 0.480756 0.411476 0.481660
1 0.427906 0.441475 0.445025 0.439938 0.448657 0.480400 0.431538 0.481937
1 0.453518 0.440508 0.466015 0.440749 0.465232 0.481367 0.452735 0.481126
1 0.473125 0.441123 0.490287 0.440187 0.492500 0.480752 0.475338 0.481688
1 0.495309 0.441237 0.509329 0.440138 0.512503 0.480638 0.498484 0.481737
1 0.516805 0.440791 0.533990 0.440466 0.534757 0.481084 0.517573 0.481409
1 0.543294 0.441048 0.555770 0.440279 0.558269 0.480827 0.545792 0.481596
1 0.569712 0.440819 0.582207 0.440448 0.583413 0.481056 0.570918 0.481427
1 0.595117 0.440952 0.607602 0.440346 0.609571 0.480923 0.597086 0.481529
1 0.621223 0.441123 0.633691 0.440231 0.636589 0.480752 0.624121 0.481644
1 0.643378 0.441324 0.655820 0.440116 0.659747 0.480551 0.647305 0.481759
1 0.659230 0.441563 0.676177 0.438694 0.682957 0.478749 0.666011 0.481618
1 0.690268 0.441011 0.702748 0.440304 0.705044 0.480864 0.692564 0.481571
1 0.717015 0.440943 0.729501 0.440352 0.731423 0.480932 0.718937 0.481523
1 0.739060 0.440883 0.751551 0.440398 0.753127 0.480992 0.740637 0.481477
1 0.757513 0.441635 0.769902 0.439975 0.775299 0.480240 0.762910 0.481900
1 0.780737 0.441301 0.791616 0.440168 0.795825 0.480574 0.784947 0.481707
1 0.807776 0.440927 0.821827 0.440357 0.823474 0.480948 0.809423 0.481518
1 0.830478 0.440969 0.847653 0.440311 0.849209 0.480906 0.832035 0.481564
1 0.857521 0.440987 0.870003 0.440321 0.872167 0.480888 0.859684 0.481554
1 0.882500 0.440952 0.893421 0.440358 0.895625 0.480923 0.884704 0.481517
1 0.902889 0.441006 0.916934 0.440296 0.918986 0.480869 0.904941 0.481579
0 0.046118 0.502246 0.121062 0.499347 0.122632 0.539941 0.047688 0.542841
0 0.062071 0.501593 0.137054 0.499979 0.137929 0.540594 0.062946 0.542209
0 0.088124 0.499944 0.144349 0.501637 0.143126 0.542243 0.086901 0.540551
0 0.096551 0.503608 0.166748 0.499583 0.169074 0.540142 0.098877 0.544167
0 0.115404 0.504940 0.183839 0.498370 0.187721 0.538810 0.119286 0.545380
0 0.134274 0.503905 0.202754 0.497817 0.206351 0.538282 0.137871 0.544371
0 0.153043 0.502033 0.209239 0.499569 0.211019 0.540154 0.154823 0.542619
0 0.163650 0.502293 0.233948 0.500841 0.234787 0.541457 0.164490 0.542909
0 0.175890 0.503732 0.250666 0.497951 0.253798 0.538455 0.179021 0.544236
0 0.179691 0.501554 0.281254 0.501571 0.281246 0.542196 0.179684 0.542179
0 0.191771 0.504861 0.293124 0.498348 0.295729 0.538889 0.194376 0.545402
0 0.222963 0.501625 0.293256 0.499949 0.294224 0.540562 0.223932 0.542239
0 0.225992 0.502271 0.327511 0.499309 0.328696 0.539916 0.227177 0.542879
0 0.256058 0.503309 0.324721 0.499867 0.326755 0.540441 0.258091 0.543883
0 0.275252 0.497985 0.343762 0.503720 0.340373 0.544203 0.271863 0.538468
0 0.284206 0.504047 0.352662 0.497689 0.356419 0.538140 0.287963 0.544498
0 0.296687 0.503299 0.365352 0.499876 0.367375 0.540451 0.298710 0.543874
0 0.336859 0.502338 0.357120 0.500890 0.360016 0.541412 0.339755 0.542860
0 0.335449 0.503448 0.391578 0.499764 0.394238 0.540302 0.338109 0.543986
0 0.329561 0.506440 0.430672 0.496866 0.434501 0.537310 0.333391 0.546884
0 0.388846 0.502093 0.409134 0.501083 0.411154 0.541657 0.390866 0.542667
0 0.380535 0.502073 0.450801 0.499517 0.452278 0.540115 0.382012 0.542671
0 0.398365 0.501685 0.467115 0.501440 0.467260 0.542065 0.398510 0.542310
0 0.410599 0.505283 0.480539 0.498057 0.484714 0.538467 0.414774 0.545693
0 0.428428 0.501047 0.498733 0.502082 0.498135 0.542703 0.427830 0.541668
0 0.447903 0.503918 0.514932 0.499303 0.517722 0.539832 0.450693 0.544447
0 0.463516 0.501824 0.538488 0.499754 0.539609 0.540364 0.464637 0.542433
0 0.479383 0.503524 0.548025 0.499665 0.550305 0.540226 0.481663 0.544085
0 0.502882 0.501904 0.559128 0.501224 0.559618 0.541846 0.503372 0.542526
0 0.512202 0.503558 0.582404 0.499631 0.584673 0.540192 0.514471 0.544119
0 0.536054 0.501402 0.592303 0.501723 0.592071 0.542348 0.535822 0.542027
0 0.529974 0.500860 0.631527 0.502269 0.630963 0.542890 0.529411 0.541481
0 0.562389 0.504001 0.632421 0.497723 0.636048 0.538186 0.566017 0.544464
0 0.585788 0.502136 0.641975 0.499472 0.643899 0.540051 0.587712 0.542716
0 0.591975 0.503389 0.662195 0.499789 0.664275 0.540361 0.594055 0.543961
0 0.610474 0.503888 0.680638 0.499323 0.683276 0.539862 0.613112 0.544427
0 0.635642 0.502363 0.691806 0.499261 0.694046 0.539825 0.637881 0.542926
0 0.668590 0.502061 0.688880 0.501108 0.690785 0.541689 0.670495 0.542642
0 0.679679 0.502427 0.699928 0.500824 0.703134 0.541323 0.682885 0.542926
0 0.652380 0.503535 0.753867 0.499620 0.755433 0.540215 0.653946 0.544130
0 0.681078 0.505158 0.755749 0.498145 0.759547 0.538592 0.684876 0.545605
0 0.681091 0.506552 0.782181 0.496763 0.786096 0.537198 0.685007 0.546987
0 0.694944 0.503931 0.796316 0.497707 0.798806 0.538256 0.697434 0.544480
0 0.724988 0.501583 0.793738 0.501542 0.793762 0.542167 0.725012 0.542208
0 0.742102 0.502362 0.812345 0.499241 0.814148 0.539826 0.743905 0.542947
0 0.757650 0.504895 0.827662 0.498404 0.831413 0.538855 0.761400 0.545346
0 0.797897 0.502279 0.818166 0.500935 0.820853 0.541471 0.800584 0.542815
0 0.788878 0.503294 0.857543 0.499881 0.859560 0.540456 0.790895 0.543869
0 0.791744 0.504943 0.893087 0.498270 0.895756 0.538807 0.794413 0.545480
0 0.831165 0.503283 0.887206 0.498431 0.890710 0.538905 0.834669 0.543756
0 0.839860 0.503940 0.914605 0.497761 0.917952 0.538248 0.843207 0.544427
0 0.857057 0.502148 0.927318 0.499445 0.928880 0.540039 0.858620 0.542743
0 0.871300 0.505718 0.939579 0.497685 0.944325 0.538032 0.876046 0.546065
0 0.059035 0.564150 0.115192 0.560917 0.117527 0.601475 0.061370 0.604708
0 0.073385 0.564813 0.143438 0.558774 0.146927 0.599249 0.076874 0.605288
0 0.077924 0.563010 0.179481 0.561992 0.179889 0.602615 0.078331 0.603633
0 0.093198 0.563157 0.194720 0.560297 0.195864 0.600906 0.094342 0.603765
0 0.128277 0.560864 0.203204 0.564175 0.201410 0.604761 0.126483 0.601450
0 0.149602 0.564644 0.218223 0.560433 0.220711 0.600981 0.152090 0.605192
0 0.189866 0.562898 0.210164 0.562131 0.211697 0.602727 0.191399 0.603494
0 0.194909 0.563070 0.251148 0.561938 0.251966 0.602555 0.195727 0.603687
0 0.187122 0.562690 0.288666 0.560754 0.289440 0.601372 0.187896 0.603308
0 0.221448 0.564699 0.290063 0.560381 0.292614 0.600926 0.224000 0.605244
0 0.265397 0.563037 0.285684 0.562015 0.287728 0.602588 0.267441 0.603610
0 0.269623 0.562710 0.325839 0.560752 0.327252 0.601353 0.271036 0.603310
0 0.261762 0.564452 0.363251 0.560578 0.364800 0.601173 0.263312 0.605047
0 0.299687 0.563052 0.369991 0.561953 0.370626 0.602573 0.300322 0.603672
0 0.346162 0.562873 0.366462 0.562153 0.367901 0.602752 0.347601 0.603472
0 0.337755 0.562036 0.412749 0.562967 0.412245 0.603589 0.337251 0.602658
0 0.358626 0.563044 0.427326 0.560423 0.428874 0.601019 0.360174 0.603639
0 0.377375 0.564636 0.447456 0.558935 0.450750 0.599426 0.380669 0.605128
0 0.394820 0.562556 0.461987 0.560894 0.462992 0.601507 0.395825 0.603168
0 0.414046 0.563101 0.481178 0.560370 0.482829 0.600962 0.415697 0.603692
0 0.427667 0.564814 0.497833 0.560271 0.500458 0.600811 0.430292 0.605354
0 0.448420 0.562529 0.517170 0.562471 0.517205 0.603096 0.448455 0.603154
0 0.465073 0.562660 0.532235 0.560793 0.533364 0.601402 0.466203 0.603270
0 0.483699 0.562937 0.553970 0.560525 0.555364 0.601126 0.485093 0.603538
0 0.527865 0.562632 0.548176 0.562371 0.548697 0.602993 0.528387 0.603254
0 0.524333 0.562920 0.594605 0.560541 0.595980 0.601142 0.525708 0.603522
0 0.543279 0.564786 0.611883 0.560300 0.614533 0.600839 0.545930 0.605325
0 0.558945 0.566330 0.627293 0.558907 0.631680 0.599295 0.563332 0.606718
0 0.577458 0.564462 0.647566 0.559094 0.650667 0.599601 0.580559 0.604968
0 0.591922 0.566314 0.666554 0.558885 0.670578 0.599311 0.595946 0.606740
0 0.612240 0.564553 0.687131 0.560506 0.689323 0.601072 0.614432 0.605119
0 0.656062 0.563014 0.676351 0.562033 0.678313 0.602611 0.658024 0.603592
0 0.651398 0.562781 0.720146 0.562220 0.720477 0.602844 0.651729 0.603405
0 0.666844 0.563079 0.734022 0.561927 0.734718 0.602546 0.667540 0.603698
0 0.690338 0.562904 0.746582 0.562100 0.747162 0.602721 0.690918 0.603525
0 0.703480 0.561897 0.773782 0.563109 0.773082 0.603728 0.702780 0.602516
0 0.722716 0.563022 0.792981 0.560443 0.794471 0.601041 0.724206 0.603619
0 0.743623 0.564161 0.813859 0.560883 0.815752 0.601464 0.745516 0.604742
0 0.749645 0.564831 0.851021 0.558681 0.853480 0.599232 0.752104 0.605381
0 0.786927 0.564267 0.857062 0.559273 0.859948 0.599795 0.789813 0.604789
0 0.813597 0.563161 0.869832 0.561850 0.870778 0.602464 0.814543 0.603775
0 0.807516 0.563258 0.909067 0.561747 0.909672 0.602367 0.808120 0.603878
0 0.839080 0.562468 0.914080 0.562532 0.914045 0.603157 0.839045 0.603093
0 0.869620 0.562714 0.925836 0.560748 0.927255 0.601349 0.871039 0.603314
0 0.076845 0.590161 0.111207 0.591096 0.110655 0.611401 0.076293 0.610466
0 0.099001 0.590508 0.133328 0.592334 0.132249 0.612617 0.097922 0.610791
0 0.124544 0.594130 0.161675 0.588882 0.164518 0.608995 0.127387 0.614243
0 0.161276 0.588933 0.195473 0.592421 0.193412 0.612629 0.159214 0.609141
0 0.192626 0.590388 0.242583 0.592441 0.241749 0.612737 0.191792 0.610684
0 0.231106 0.592386 0.265310 0.588965 0.267332 0.609177 0.233127 0.612597
0 0.272459 0.590375 0.281819 0.590907 0.280666 0.611187 0.271306 0.610655
0 0.292093 0.590786 0.326467 0.590465 0.326657 0.610776 0.292283 0.611098
0 0.323416 0.590665 0.360916 0.590585 0.360959 0.610898 0.323459 0.610977
0 0.367911 0.590321 0.377263 0.590978 0.375839 0.611241 0.366487 0.610584
0 0.382811 0.593251 0.410499 0.588315 0.414064 0.608312 0.386376 0.613248
0 0.407479 0.591266 0.444957 0.589995 0.445646 0.610296 0.408168 0.611567
0 0.449001 0.590508 0.483328 0.592334 0.482249 0.612617 0.447922 0.610791
0 0.469791 0.594757 0.519146 0.586755 0.522397 0.606806 0.473041 0.614807
0 0.503022 0.590802 0.537395 0.590449 0.537603 0.610761 0.503230 0.611113
0 0.532189 0.592545 0.566491 0.590310 0.567811 0.610580 0.533509 0.612815
0 0.570326 0.590601 0.604701 0.590649 0.604674 0.610961 0.570299 0.610914
0 0.585812 0.594015 0.635550 0.588904 0.637626 0.609110 0.587888 0.614221
0 0.620460 0.590424 0.648582 0.590828 0.648290 0.611138 0.620168 0.610735
0 0.650043 0.590552 0.684418 0.590698 0.684332 0.611011 0.649957 0.610864
0 0.681907 0.590277 0.719337 0.592574 0.718093 0.612848 0.680663 0.610551
0 0.712400 0.592754 0.740404 0.590146 0.742287 0.610371 0.714284 0.612979
0 0.739633 0.590418 0.777079 0.592424 0.775992 0.612707 0.738546 0.610701
0 0.765198 0.591385 0.799540 0.589884 0.800427 0.610177 0.766085 0.611678
0 0.801729 0.589951 0.835974 0.592938 0.834209 0.613174 0.799964 0.610187
0 0.835314 0.592653 0.872734 0.590203 0.874061 0.610472 0.836641 0.612922
0 0.856326 0.590498 0.890700 0.590753 0.890549 0.611065 0.856175 0.610810
0 0.884295 0.592720 0.912305 0.590176 0.914142 0.610405 0.886133 0.612949
1 0.079474 0.683146 0.091959 0.682529 0.093963 0.723104 0.081479 0.723721
1 0.115355 0.682898 0.127854 0.682731 0.128395 0.723352 0.115896 0.723519
1 0.151070 0.682971 0.163566 0.682666 0.164555 0.723279 0.152059 0.723584
1 0.180854 0.682954 0.194913 0.682679 0.195709 0.723296 0.181649 0.723571
1 0.213268 0.682563 0.227320 0.683091 0.225795 0.723687 0.211742 0.723159
1 0.249918 0.682838 0.262418 0.682788 0.262582 0.723412 0.250082 0.723462
1 0.284717 0.682710 0.297215 0.682920 0.296533 0.723540 0.284035 0.723330
1 0.320682 0.682731 0.330056 0.682901 0.329318 0.723519 0.319944 0.723349
1 0.356605 0.682734 0.365979 0.682897 0.365270 0.723516 0.355896 0.723353
1 0.387885 0.682683 0.401945 0.682949 0.401177 0.723567 0.387117 0.723301
1 0.419528 0.682589 0.432019 0.683065 0.430472 0.723661 0.417981 0.723185
1 0.449358 0.682996 0.460290 0.682649 0.461580 0.723254 0.450648 0.723601
1 0.479847 0.682758 0.493909 0.682868 0.493591 0.723492 0.479528 0.723382
1 0.514321 0.682735 0.526820 0.682893 0.526304 0.723515 0.513805 0.723357
1 0.546369 0.682975 0.558866 0.682663 0.559881 0.723275 0.547384 0.723587
1 0.583308 0.682705 0.592680 0.682932 0.591692 0.723545 0.582320 0.723318
1 0.611935 0.682995 0.624430 0.682646 0.625565 0.723255 0.613070 0.723604
1 0.640815 0.682748 0.654877 0.682879 0.654498 0.723502 0.640436 0.723371
1 0.673089 0.683195 0.685569 0.682494 0.687849 0.723055 0.675369 0.723756
1 0.706245 0.683041 0.717175 0.682615 0.718755 0.723209 0.707825 0.723635
1 0.738017 0.682661 0.750513 0.682978 0.749483 0.723589 0.736987 0.723272
1 0.773755 0.682717 0.786254 0.682913 0.785620 0.723533 0.773121 0.723337
1 0.804327 0.682927 0.816825 0.682704 0.817548 0.723323 0.805050 0.723546
1 0.834385 0.682810 0.846885 0.682815 0.846865 0.723440 0.834365 0.723435
1 0.864551 0.682650 0.878609 0.682987 0.877637 0.723600 0.863578 0.723263
1 0.901271 0.682893 0.912207 0.682736 0.912792 0.723357 0.901855 0.723514
0 0.052514 0.740053 0.127277 0.746013 0.124049 0.786509 0.049286 0.780550
0 0.079032 0.740121 0.153806 0.745939 0.150655 0.786441 0.075881 0.780624
0 0.115058 0.740285 0.182020 0.745789 0.178692 0.786278 0.111730 0.780773
0 0.140843 0.742005 0.215759 0.745540 0.213845 0.786120 0.138928 0.782585
0 0.170983 0.741875 0.239697 0.744083 0.238392 0.784687 0.169678 0.782479
0 0.195515 0.742171 0.264190 0.745373 0.262298 0.785954 0.193622 0.782752
0 0.248905 0.743523 0.269213 0.743988 0.268282 0.784602 0.247975 0.784137
0 0.253850 0.740613 0.322431 0.745425 0.319588 0.785950 0.251006 0.781138
0 0.287221 0.738783 0.355419 0.747481 0.350279 0.787780 0.282081 0.779081
0 0.314830 0.740605 0.381843 0.745438 0.378920 0.785958 0.311907 0.781124
0 0.343826 0.743622 0.412576 0.743878 0.412424 0.784503 0.343674 0.784247
0 0.358188 0.740287 0.459606 0.745709 0.457437 0.786276 0.356019 0.780854
0 0.386705 0.740240 0.488018 0.747360 0.485170 0.787885 0.383857 0.780765
0 0.429486 0.738684 0.497656 0.747596 0.492389 0.787879 0.424219 0.778966
0 0.455479 0.741657 0.525741 0.744310 0.524209 0.784906 0.453946 0.782253
0 0.485665 0.745649 0.554314 0.741912 0.556522 0.782476 0.487874 0.786213
0 0.516429 0.741666 0.585129 0.744302 0.583571 0.784897 0.514871 0.782261
0 0.547568 0.740269 0.617514 0.747443 0.613369 0.787856 0.543424 0.780682
0 0.556610 0.742091 0.658157 0.743853 0.657453 0.784472 0.555905 0.782710
0 0.600288 0.742003 0.670511 0.745548 0.668462 0.786122 0.598239 0.782577
0 0.625829 0.741626 0.694526 0.744343 0.692921 0.784936 0.624224 0.782220
0 0.653786 0.738580 0.721926 0.747718 0.716526 0.787983 0.648386 0.778844
0 0.659645 0.743088 0.761199 0.744415 0.760668 0.785037 0.659114 0.783710
0 0.708115 0.742057 0.775215 0.745496 0.773135 0.786068 0.706035 0.782629
0 0.733534 0.741768 0.803805 0.744193 0.802403 0.784794 0.732133 0.782369
0 0.760230 0.740369 0.830341 0.745685 0.827270 0.786193 0.757159 0.780878
0 0.791064 0.741814 0.859701 0.745753 0.857374 0.786311 0.788737 0.782372
0 0.805204 0.741723 0.906736 0.744227 0.905734 0.784840 0.804202 0.782335
0 0.832970 0.741545 0.934435 0.745994 0.932655 0.786580 0.831190 0.782131
0 0.057036 0.801247 0.131840 0.806671 0.128902 0.847190 0.054098 0.841766
0 0.092050 0.804928 0.162361 0.804448 0.162638 0.845072 0.092327 0.845552
0 0.127385 0.802574 0.196082 0.805270 0.194490 0.845863 0.125793 0.843168
0 0.146594 0.805404 0.248147 0.803975 0.248718 0.844596 0.147166 0.846025
0 0.196830 0.804763 0.265580 0.804612 0.265670 0.845237 0.196920 0.845388
0 0.232281 0.804834 0.301006 0.802993 0.302094 0.843603 0.233369 0.845445
0 0.262601 0.802355 0.337536 0.805493 0.335836 0.846082 0.260902 0.842945
0 0.296053 0.802675 0.366322 0.805163 0.364884 0.845763 0.294616 0.843274
0 0.356292 0.804666 0.376605 0.804709 0.376520 0.845334 0.356208 0.845291
0 0.349136 0.803021 0.450643 0.806376 0.449301 0.846979 0.347794 0.843624
0 0.396814 0.804791 0.465564 0.804584 0.465686 0.845209 0.396936 0.845416
0 0.455090 0.804491 0.475398 0.804892 0.474598 0.845509 0.454289 0.845108
0 0.466424 0.801061 0.536337 0.808545 0.532013 0.848939 0.462100 0.841455
0 0.525844 0.805063 0.546144 0.804338 0.547594 0.844937 0.527294 0.845662
0 0.562522 0.804305 0.582819 0.805101 0.581228 0.845695 0.560931 0.844899
0 0.565780 0.804404 0.640778 0.804972 0.640470 0.845596 0.565472 0.845028
0 0.603328 0.804348 0.672075 0.805029 0.671672 0.845652 0.602925 0.844971
0 0.637336 0.804967 0.706084 0.804409 0.706414 0.845033 0.637666 0.845591
0 0.692001 0.804782 0.712313 0.804595 0.712686 0.845218 0.692375 0.845405
0 0.703677 0.802919 0.778650 0.804908 0.777573 0.845518 0.702600 0.843530
0 0.740281 0.805281 0.809021 0.804100 0.809719 0.844719 0.740979 0.845900
0 0.798045 0.804889 0.818353 0.804494 0.819143 0.845111 0.798834 0.845506
0 0.807259 0.804873 0.875982 0.802955 0.877116 0.843564 0.808393 0.845482
0 0.840634 0.804672 0.909384 0.804703 0.909366 0.845328 0.840616 0.845297
0 0.089323 0.832696 0.098695 0.832935 0.098177 0.853241 0.088805 0.853002
0 0.101443 0.834520 0.135657 0.831200 0.137619 0.851417 0.103405 0.854738
0 0.132975 0.832519 0.170470 0.833109 0.170150 0.853419 0.132655 0.852829
0 0.157591 0.833197 0.191957 0.832433 0.192409 0.852740 0.158043 0.853505
0 0.168410 0.834475 0.218379 0.832725 0.219090 0.853025 0.169121 0.854775
0 0.195160 0.833197 0.245154 0.832430 0.245465 0.852740 0.195471 0.853508
0 0.223144 0.833326 0.257504 0.832308 0.258106 0.852612 0.223746 0.853630
0 0.260605 0.833405 0.269920 0.832349 0.272207 0.852533 0.262892 0.853588
0 0.277762 0.833424 0.310552 0.832215 0.311301 0.852513 0.278510 0.853723
0 0.305277 0.832248 0.355203 0.834969 0.354098 0.855252 0.304172 0.852531
0 0.331069 0.833155 0.368562 0.832474 0.368931 0.852783 0.331438 0.853464
0 0.370839 0.832677 0.408293 0.834535 0.407286 0.854823 0.369832 0.852965
0 0.392314 0.832505 0.442311 0.833121 0.442061 0.853432 0.392064 0.852816
0 0.433627 0.834982 0.467895 0.832269 0.469498 0.852518 0.435230 0.855231
0 0.465637 0.832783 0.515637 0.832842 0.515613 0.853154 0.465613 0.853096
0 0.509228 0.833019 0.537350 0.832608 0.537647 0.852919 0.509525 0.853329
0 0.518345 0.834654 0.568301 0.832551 0.569155 0.852846 0.519199 0.854949
0 0.562910 0.832149 0.597259 0.833492 0.596465 0.853789 0.562116 0.852446
0 0.609655 0.832688 0.619026 0.832945 0.618470 0.853250 0.609099 0.852993
0 0.633238 0.832063 0.670707 0.833578 0.669887 0.853874 0.632418 0.852359
0 0.668313 0.833447 0.696410 0.832198 0.697312 0.852490 0.669215 0.853740
0 0.683020 0.830656 0.732827 0.835048 0.731042 0.855282 0.681236 0.850890
0 0.712664 0.832590 0.740785 0.833038 0.740461 0.853348 0.712340 0.852899
0 0.744065 0.832297 0.778425 0.833338 0.777810 0.853641 0.743450 0.852600
0 0.758894 0.829083 0.808297 0.836785 0.805168 0.856855 0.755765 0.849153
0 0.787775 0.832361 0.822138 0.833271 0.821600 0.853577 0.787237 0.852666
0 0.802170 0.832211 0.852092 0.835009 0.850955 0.855289 0.801033 0.852491
0 0.852221 0.832534 0.861577 0.833133 0.860279 0.853404 0.850923 0.852805
0 0.862990 0.830754 0.900248 0.835001 0.897948 0.855183 0.860689 0.850936
6 0.922261 0.109185 0.972223 0.111142 0.971489 0.129877 0.921527 0.127921
6 0.941310 0.152469 0.972531 0.153810 0.971190 0.185031 0.939969 0.183690
