4 0.356679 0.349817 0.683556 0.403463 0.643321 0.648621 0.316444 0.594974
1 0.262489 0.409348 0.286365 0.416760 0.268761 0.473465 0.244885 0.466053
1 0.529648 0.802070 0.543681 0.801160 0.546915 0.851055 0.532882 0.851965
1 0.874199 0.458732 0.889223 0.463022 0.878926 0.499081 0.863902 0.494790
0 0.408234 0.117975 0.486097 0.124364 0.482391 0.169525 0.404528 0.163136
5 0.475584 0.771126 0.492785 0.778589 0.479103 0.810124 0.461903 0.802661
1 0.410742 0.315977 0.431043 0.315305 0.433008 0.374648 0.412707 0.375320
0 0.781464 0.799326 0.803246 0.811596 0.779473 0.853799 0.757691 0.841529
1 0.405989 0.819729 0.419955 0.818083 0.425261 0.863083 0.411295 0.864730
0 0.525944 0.708975 0.596946 0.697806 0.603744 0.741025 0.532742 0.752194
