1 0.048681 0.052345 0.066366 0.058575 0.048194 0.110155 0.030509 0.103925
1 0.041805 0.058916 0.059369 0.052354 0.078508 0.103584 0.060944 0.110146
1 0.091907 0.051091 0.111598 0.060618 0.087781 0.109847 0.068089 0.100320
1 0.083787 0.058631 0.102732 0.051302 0.122463 0.102307 0.103518 0.109635
0 0.079263 0.089105 0.113600 0.087479 0.114487 0.106208 0.080150 0.107834
1 0.131724 0.051521 0.153590 0.059959 0.133901 0.110979 0.112035 0.102541
1 0.124481 0.060428 0.141475 0.052506 0.164582 0.102072 0.147588 0.109994
0 0.121673 0.089426 0.154477 0.088703 0.154890 0.107449 0.122085 0.108172
1 0.178131 0.052759 0.193867 0.059673 0.171869 0.109741 0.156133 0.102827
1 0.167067 0.060051 0.184208 0.052453 0.206370 0.102449 0.189229 0.110047
0 0.163749 0.089661 0.198104 0.088475 0.198751 0.107214 0.164396 0.108400
1 0.218007 0.051062 0.237846 0.060278 0.214805 0.109875 0.194967 0.100659
1 0.213841 0.057102 0.227079 0.052356 0.245534 0.103836 0.232296 0.108581
1 0.263099 0.052585 0.279904 0.060900 0.255651 0.109915 0.238846 0.101600
1 0.252369 0.059228 0.269821 0.052372 0.289818 0.103272 0.272367 0.110128
0 0.249387 0.089389 0.280561 0.087219 0.281863 0.105924 0.250689 0.108094
1 0.305258 0.052827 0.320854 0.060051 0.297867 0.109673 0.282271 0.102449
1 0.293083 0.060914 0.308348 0.053015 0.333480 0.101586 0.318215 0.109485
1 0.346069 0.052437 0.363261 0.059921 0.341431 0.110063 0.324239 0.102579
1 0.337159 0.059545 0.354494 0.052397 0.375341 0.102955 0.358006 0.110103
0 0.327983 0.084010 0.374008 0.092893 0.370455 0.111303 0.324429 0.102420
1 0.386166 0.052345 0.403854 0.058566 0.385709 0.110155 0.368021 0.103934
1 0.382763 0.057767 0.396035 0.053119 0.414112 0.104733 0.400840 0.109381
1 0.428548 0.052369 0.446016 0.059184 0.426139 0.110131 0.408671 0.103316
1 0.421560 0.058393 0.440594 0.051300 0.459690 0.102545 0.440656 0.109638
0 0.417309 0.088853 0.450119 0.089273 0.449879 0.108022 0.417069 0.107602
1 0.472459 0.052492 0.489488 0.060338 0.466604 0.110008 0.449574 0.102162
1 0.462287 0.060137 0.479396 0.052464 0.501775 0.102363 0.484667 0.110036
1 0.514349 0.052464 0.531458 0.060133 0.509089 0.110036 0.491979 0.102367
1 0.507407 0.058387 0.520241 0.052639 0.542593 0.102551 0.529759 0.108298
0 0.503231 0.088888 0.534479 0.089239 0.534269 0.107987 0.503021 0.107636
1 0.554496 0.052350 0.572105 0.058791 0.553317 0.110150 0.535708 0.103709
1 0.549398 0.058180 0.565653 0.052597 0.583415 0.104320 0.567159 0.109903
0 0.555921 0.089234 0.565290 0.088902 0.565954 0.107641 0.556585 0.107973
1 0.599436 0.051412 0.617783 0.060129 0.594314 0.109525 0.575967 0.100808
1 0.588801 0.060183 0.605891 0.052470 0.628386 0.102317 0.611296 0.110030
0 0.587258 0.089479 0.618497 0.088653 0.618992 0.107396 0.587753 0.108222
1 0.642121 0.052751 0.657874 0.059625 0.636004 0.109749 0.620251 0.102875
1 0.632550 0.059476 0.649910 0.052391 0.670575 0.103024 0.653215 0.110109
0 0.632951 0.087167 0.657844 0.089476 0.656112 0.108146 0.631219 0.105836
1 0.685368 0.052639 0.702058 0.061185 0.677132 0.109861 0.660442 0.101315
1 0.672815 0.060529 0.689769 0.052521 0.713123 0.101971 0.696169 0.109979
0 0.671122 0.089670 0.702254 0.086963 0.703878 0.105643 0.672746 0.108349
1 0.724638 0.053086 0.737978 0.057536 0.720675 0.109414 0.707335 0.104964
1 0.716452 0.059898 0.733652 0.052434 0.755423 0.102602 0.738223 0.110066
0 0.724255 0.089474 0.733599 0.088713 0.735120 0.107401 0.725776 0.108162
1 0.768111 0.051483 0.786240 0.060644 0.761577 0.109454 0.743447 0.100293
1 0.758828 0.059371 0.774674 0.052712 0.795859 0.103129 0.780014 0.109788
0 0.754246 0.089141 0.788579 0.087445 0.789504 0.106172 0.755171 0.107868
1 0.812771 0.052674 0.825563 0.058514 0.802854 0.108263 0.790062 0.102424
1 0.801259 0.059167 0.817177 0.052684 0.837804 0.103333 0.821886 0.109816
0 0.809800 0.088551 0.819101 0.089720 0.816763 0.108324 0.807461 0.107155
1 0.851597 0.052632 0.867681 0.058691 0.848403 0.109868 0.832319 0.103809
1 0.840044 0.061416 0.859379 0.051184 0.884956 0.099522 0.865621 0.109753
0 0.851875 0.088591 0.861190 0.089655 0.859062 0.108284 0.849748 0.107220
1 0.896450 0.052660 0.913096 0.061290 0.887925 0.109840 0.871279 0.101210
1 0.885718 0.059763 0.901420 0.052774 0.923657 0.102737 0.907955 0.109726
0 0.883585 0.086860 0.914493 0.091470 0.911728 0.110015 0.880819 0.105405
1 0.070345 0.138379 0.087521 0.145898 0.065593 0.195996 0.048416 0.188477
1 0.059263 0.147544 0.075777 0.138665 0.101675 0.186831 0.085160 0.195710
0 0.059807 0.173139 0.092393 0.176990 0.090193 0.195611 0.057607 0.191760
1 0.112690 0.138579 0.128741 0.144725 0.109185 0.195796 0.093134 0.189650
1 0.103012 0.145982 0.120156 0.138390 0.142301 0.188393 0.125157 0.195985
1 0.154217 0.136976 0.174212 0.145848 0.152033 0.195836 0.132038 0.186965
1 0.148251 0.144391 0.164416 0.138551 0.182999 0.189984 0.166834 0.195824
0 0.142084 0.175183 0.174895 0.174818 0.175103 0.193567 0.142293 0.193932
1 0.196792 0.139045 0.210087 0.143626 0.192271 0.195330 0.178975 0.190749
1 0.186983 0.146363 0.203979 0.138443 0.227079 0.188012 0.210084 0.195932
0 0.178632 0.171486 0.225171 0.177086 0.222931 0.195702 0.176392 0.190101
1 0.237284 0.138282 0.255065 0.144230 0.237716 0.196093 0.219935 0.190145
1 0.229533 0.146775 0.246364 0.138511 0.270467 0.187600 0.253636 0.195864
0 0.228988 0.172912 0.260122 0.175595 0.258512 0.194276 0.227378 0.191593
1 0.281115 0.138610 0.297066 0.145012 0.276697 0.195765 0.260746 0.189363
1 0.272709 0.145142 0.290170 0.138308 0.310103 0.189233 0.292643 0.196067
1 0.323380 0.138320 0.340776 0.145317 0.320370 0.196055 0.302974 0.189058
1 0.313648 0.145882 0.332072 0.137328 0.355102 0.186930 0.336678 0.195484
0 0.311908 0.175285 0.343088 0.173195 0.344342 0.191903 0.313162 0.193993
1 0.367706 0.138869 0.383111 0.146492 0.358856 0.195506 0.343452 0.187883
1 0.357591 0.144814 0.370263 0.138717 0.393972 0.187998 0.381300 0.194095
0 0.366357 0.174668 0.375705 0.175387 0.374268 0.194082 0.364920 0.193363
1 0.405921 0.137239 0.425041 0.144096 0.406579 0.195573 0.387459 0.188716
1 0.399466 0.145297 0.415315 0.138648 0.436472 0.189078 0.420622 0.195727
0 0.399777 0.175305 0.424770 0.174701 0.425223 0.193445 0.400230 0.194049
1 0.450216 0.138640 0.466087 0.145236 0.445097 0.195735 0.429226 0.189139
1 0.440172 0.146302 0.457192 0.138434 0.480140 0.188073 0.463121 0.195941
0 0.431352 0.174748 0.478225 0.175253 0.478023 0.194002 0.431150 0.193497
1 0.492285 0.138629 0.508183 0.145160 0.487402 0.195746 0.471504 0.189215
1 0.484321 0.145233 0.501748 0.138314 0.521929 0.189142 0.504502 0.196061
1 0.534901 0.138669 0.550699 0.145438 0.529162 0.195706 0.513363 0.188937
1 0.525958 0.145357 0.541785 0.138657 0.563105 0.189018 0.547277 0.195718
0 0.534864 0.174771 0.544227 0.175254 0.543261 0.193979 0.533898 0.193496
1 0.574864 0.138288 0.592460 0.144764 0.573574 0.196087 0.555977 0.189611
1 0.569591 0.144809 0.585612 0.138587 0.605409 0.189566 0.589388 0.195788
1 0.615147 0.138309 0.633132 0.143612 0.617665 0.196066 0.599681 0.190763
1 0.608752 0.147255 0.625386 0.138603 0.650623 0.187120 0.633989 0.195772
0 0.608626 0.172980 0.639773 0.175520 0.638249 0.194208 0.607102 0.191668
1 0.663363 0.138558 0.680091 0.147028 0.655387 0.195817 0.638659 0.187347
1 0.652904 0.145702 0.668606 0.138712 0.690846 0.188673 0.675144 0.195663
0 0.647808 0.175478 0.682094 0.173008 0.683442 0.191710 0.649156 0.194180
1 0.703790 0.137393 0.722000 0.146392 0.697773 0.195420 0.679562 0.186421
1 0.691975 0.147653 0.708443 0.138689 0.734588 0.186722 0.718120 0.195686
1 0.745057 0.138601 0.761035 0.144935 0.740881 0.195774 0.724903 0.189440
1 0.736936 0.145004 0.754446 0.138299 0.774002 0.189371 0.756492 0.196076
0 0.734970 0.173292 0.766163 0.175180 0.765030 0.193896 0.733837 0.192008
1 0.785051 0.137452 0.806859 0.146038 0.786824 0.196923 0.765016 0.188337
1 0.776220 0.146624 0.794332 0.137427 0.819092 0.186188 0.800981 0.195385
0 0.779118 0.175812 0.804068 0.174226 0.805257 0.192938 0.780307 0.194524
1 0.828730 0.137270 0.847414 0.145240 0.825957 0.195542 0.807273 0.187573
1 0.823073 0.144292 0.835918 0.138568 0.858177 0.188521 0.845332 0.194244
1 0.875758 0.139047 0.890877 0.147222 0.864867 0.195328 0.849748 0.187153
1 0.861799 0.145395 0.880421 0.137282 0.902264 0.187418 0.883642 0.195531
0 0.861189 0.174593 0.892428 0.175414 0.891936 0.194157 0.860697 0.193336
0 0.052594 0.201826 0.080644 0.199778 0.081781 0.215362 0.053731 0.217409
0 0.076488 0.201751 0.115549 0.201374 0.115699 0.216999 0.076639 0.217376
0 0.110196 0.199761 0.149086 0.203434 0.147616 0.218989 0.108727 0.215316
0 0.144337 0.201017 0.152038 0.202330 0.149413 0.217733 0.141712 0.216420
0 0.164078 0.201555 0.171890 0.201570 0.171860 0.217195 0.164047 0.217180
0 0.165575 0.203315 0.204323 0.198373 0.206300 0.213872 0.167552 0.218815
0 0.191433 0.199718 0.212949 0.203664 0.210130 0.219032 0.188614 0.215086
0 0.204395 0.203628 0.229083 0.199692 0.231543 0.215122 0.206854 0.219058
0 0.239338 0.199482 0.261043 0.202202 0.259100 0.217706 0.237395 0.214985
0 0.269767 0.201793 0.296256 0.199813 0.297420 0.215395 0.270932 0.217374
0 0.296703 0.202117 0.304454 0.201133 0.306422 0.216633 0.298671 0.217617
0 0.315009 0.198398 0.341087 0.203449 0.338116 0.218789 0.312038 0.213738
0 0.349017 0.196285 0.375298 0.206302 0.369733 0.220902 0.343452 0.210886
0 0.374657 0.204070 0.402372 0.199283 0.405031 0.214680 0.377316 0.219467
0 0.401484 0.201673 0.423358 0.201452 0.423516 0.217077 0.401642 0.217298
0 0.431034 0.201674 0.438843 0.201457 0.439279 0.217076 0.431469 0.217293
0 0.449107 0.199853 0.470678 0.203489 0.468081 0.218897 0.446510 0.215261
0 0.471626 0.202217 0.510666 0.200916 0.511187 0.216533 0.472146 0.217834
0 0.513460 0.198113 0.534519 0.204033 0.530290 0.219075 0.509231 0.213155
0 0.519766 0.199390 0.558575 0.203837 0.556796 0.219360 0.517988 0.214913
0 0.550842 0.204249 0.576605 0.197783 0.580408 0.212939 0.554645 0.219404
0 0.568399 0.204092 0.596107 0.199265 0.598789 0.214658 0.571081 0.219485
0 0.612488 0.202013 0.620258 0.201198 0.621887 0.216737 0.614117 0.217552
0 0.635659 0.205637 0.660713 0.196813 0.665904 0.211551 0.640849 0.220375
0 0.664837 0.199378 0.690997 0.203984 0.688288 0.219372 0.662128 0.214766
0 0.695414 0.201383 0.723537 0.201744 0.723336 0.217367 0.695213 0.217006
0 0.719368 0.199815 0.745857 0.201791 0.744695 0.217372 0.718206 0.215397
0 0.748223 0.201872 0.770090 0.201259 0.770527 0.216878 0.748660 0.217491
0 0.773489 0.196266 0.798869 0.208384 0.792136 0.222484 0.766756 0.210366
0 0.805890 0.202884 0.813102 0.199880 0.819110 0.214304 0.811898 0.217308
0 0.829440 0.202770 0.837010 0.200839 0.840872 0.215980 0.833302 0.217911
0 0.850283 0.201073 0.878391 0.202062 0.877842 0.217677 0.849734 0.216688
0 0.873364 0.197815 0.899146 0.204207 0.895386 0.219372 0.869604 0.212981
0 0.897799 0.199389 0.924205 0.202265 0.922513 0.217799 0.896107 0.214922
0 0.917999 0.202227 0.944413 0.199423 0.946063 0.214960 0.919649 0.217765
1 0.052910 0.224467 0.065803 0.230083 0.043965 0.280220 0.031072 0.274605
1 0.043417 0.230441 0.059544 0.224496 0.078458 0.275809 0.062331 0.281754
0 0.035911 0.262601 0.070133 0.259358 0.071901 0.278024 0.037680 0.281267
1 0.093737 0.224283 0.106888 0.229265 0.087513 0.280405 0.074362 0.275423
1 0.085521 0.230197 0.103293 0.224219 0.120729 0.276053 0.102957 0.282031
1 0.138548 0.224432 0.153344 0.233179 0.125514 0.280255 0.110719 0.271509
1 0.121626 0.233361 0.142480 0.222665 0.167437 0.271326 0.146582 0.282022
0 0.126403 0.261155 0.151399 0.260723 0.151722 0.279470 0.126726 0.279902
1 0.181094 0.224337 0.196021 0.232859 0.168906 0.280351 0.153979 0.271829
1 0.169770 0.229182 0.189189 0.223224 0.205230 0.275506 0.185811 0.281464
0 0.166263 0.258900 0.197223 0.263149 0.194674 0.281725 0.163714 0.277476
1 0.218894 0.224513 0.234955 0.230634 0.215481 0.281737 0.199420 0.275616
1 0.210270 0.231349 0.226078 0.224602 0.247543 0.274901 0.231735 0.281648
0 0.208023 0.260596 0.239265 0.261284 0.238852 0.280029 0.207610 0.279341
1 0.261895 0.224304 0.275012 0.229375 0.255292 0.280383 0.242176 0.275313
1 0.251441 0.232679 0.268285 0.224442 0.292309 0.273571 0.275465 0.281808
0 0.249572 0.261691 0.280787 0.260205 0.281678 0.278934 0.250463 0.280420
1 0.303334 0.224332 0.320464 0.231955 0.298228 0.281918 0.281098 0.274295
1 0.291752 0.233446 0.312927 0.223398 0.336373 0.272804 0.315198 0.282852
1 0.346251 0.223360 0.364376 0.232530 0.339687 0.281328 0.321562 0.272157
1 0.338604 0.229701 0.351619 0.224374 0.372333 0.274987 0.359319 0.280313
0 0.344898 0.261156 0.354264 0.260737 0.355102 0.279469 0.345736 0.279888
1 0.387226 0.224921 0.400671 0.229041 0.384649 0.281329 0.371204 0.277209
1 0.380500 0.230458 0.398182 0.224220 0.416375 0.275792 0.398693 0.282030
1 0.428775 0.223182 0.447654 0.230677 0.427475 0.281505 0.408596 0.274010
1 0.422666 0.229359 0.442025 0.223208 0.458584 0.275329 0.439225 0.281479
0 0.422211 0.260505 0.447196 0.261381 0.446539 0.280120 0.421554 0.279244
1 0.474912 0.224488 0.487779 0.230162 0.465713 0.280200 0.452846 0.274526
1 0.464950 0.229864 0.477913 0.224412 0.499113 0.274824 0.486150 0.280275
0 0.452904 0.261509 0.499765 0.260371 0.500221 0.279116 0.453360 0.280254
1 0.512756 0.224237 0.530263 0.230951 0.510682 0.282013 0.493175 0.275299
1 0.506182 0.231183 0.523604 0.224252 0.543818 0.275067 0.526396 0.281998
1 0.556002 0.223405 0.577116 0.233581 0.553373 0.282845 0.532259 0.272669
1 0.551137 0.229117 0.564332 0.224255 0.583238 0.275571 0.570043 0.280432
0 0.537623 0.260635 0.584494 0.261242 0.584252 0.279990 0.537381 0.279383
1 0.601923 0.224357 0.615946 0.231249 0.591827 0.280330 0.577804 0.273439
1 0.591751 0.229685 0.604770 0.224371 0.625437 0.275003 0.612417 0.280317
0 0.598989 0.260382 0.608275 0.261670 0.605699 0.280243 0.596413 0.278955
1 0.639799 0.224901 0.653322 0.228758 0.638326 0.281349 0.624803 0.277492
1 0.632259 0.231609 0.649522 0.224291 0.670866 0.274641 0.653603 0.281959
0 0.630229 0.259307 0.661432 0.261034 0.660396 0.279755 0.629193 0.278029
1 0.682678 0.224548 0.698629 0.230950 0.678259 0.281702 0.662309 0.275300
1 0.674536 0.231529 0.691830 0.224283 0.712964 0.274721 0.695670 0.281967
0 0.672546 0.258860 0.703494 0.263197 0.700891 0.281765 0.669944 0.277428
1 0.723569 0.223189 0.742380 0.230854 0.721744 0.281498 0.702933 0.273834
1 0.718735 0.229633 0.735127 0.224463 0.751577 0.276617 0.735186 0.281787
1 0.772048 0.224851 0.784514 0.231360 0.759202 0.279837 0.746736 0.273328
1 0.760557 0.229643 0.773589 0.224361 0.794131 0.275044 0.781098 0.280326
1 0.811282 0.224780 0.826733 0.232307 0.802781 0.281470 0.787329 0.273943
1 0.802506 0.229821 0.815483 0.224402 0.836556 0.274866 0.823580 0.280285
1 0.853447 0.224776 0.868904 0.232292 0.844990 0.281474 0.829533 0.273958
1 0.842111 0.231886 0.859268 0.224323 0.881326 0.274364 0.864169 0.281927
0 0.834472 0.255519 0.880337 0.265198 0.876466 0.283543 0.830601 0.273865
1 0.892958 0.222935 0.912812 0.232118 0.889855 0.281753 0.870000 0.272570
1 0.885163 0.231440 0.900938 0.224617 0.922649 0.274810 0.906874 0.281633
1 0.074034 0.310498 0.087797 0.317896 0.061903 0.366065 0.048141 0.358667
1 0.058603 0.320680 0.076094 0.310353 0.103897 0.357445 0.086406 0.367772
1 0.111236 0.309114 0.130204 0.316381 0.110639 0.367449 0.091671 0.360182
1 0.104169 0.317645 0.116514 0.310910 0.142706 0.358917 0.130361 0.365652
0 0.104052 0.347007 0.128989 0.345228 0.130323 0.363930 0.105386 0.365709
1 0.157977 0.310260 0.172048 0.317053 0.148273 0.366302 0.134202 0.359509
1 0.146612 0.315153 0.167592 0.308960 0.183076 0.361409 0.162096 0.367603
0 0.135278 0.348730 0.182011 0.345077 0.183472 0.363770 0.136739 0.367423
1 0.197504 0.310309 0.214521 0.318182 0.191559 0.367816 0.174542 0.359943
1 0.187070 0.318155 0.204098 0.310305 0.226992 0.359970 0.209964 0.367820
0 0.178774 0.343103 0.225245 0.349246 0.222788 0.367834 0.176317 0.361692
1 0.239964 0.310339 0.256906 0.318373 0.233474 0.367786 0.216532 0.359752
1 0.229573 0.316341 0.250124 0.308845 0.268864 0.360221 0.248314 0.367717
0 0.228143 0.346845 0.259393 0.346906 0.259357 0.365655 0.228107 0.365594
1 0.282277 0.310167 0.295518 0.314904 0.277098 0.366396 0.263857 0.361659
1 0.272903 0.316855 0.290422 0.310173 0.309910 0.361270 0.292391 0.367952
0 0.270472 0.346614 0.301718 0.347139 0.301403 0.365886 0.270157 0.365361
1 0.325485 0.310738 0.340899 0.318343 0.316703 0.367387 0.301289 0.359782
1 0.315094 0.317170 0.330944 0.310523 0.352094 0.360955 0.336243 0.367602
0 0.314946 0.347076 0.339873 0.345166 0.341304 0.363862 0.316377 0.365771
1 0.365693 0.310257 0.382860 0.317797 0.360870 0.367868 0.343702 0.360328
1 0.358881 0.316191 0.373515 0.310715 0.392682 0.361934 0.378048 0.367410
0 0.364916 0.347265 0.374263 0.346541 0.375709 0.365235 0.366362 0.365959
1 0.407981 0.310266 0.425122 0.317865 0.402957 0.367859 0.385816 0.360260
1 0.399598 0.316745 0.417156 0.310168 0.436340 0.361380 0.418781 0.367957
0 0.408231 0.346677 0.417597 0.347091 0.416769 0.365823 0.407403 0.365409
1 0.448763 0.310177 0.466254 0.316933 0.446550 0.367948 0.429059 0.361192
1 0.440434 0.318687 0.457249 0.310392 0.481441 0.359438 0.464626 0.367733
1 0.495816 0.310529 0.508559 0.316476 0.485434 0.366033 0.472691 0.360087
1 0.482294 0.317863 0.500674 0.309215 0.523956 0.358699 0.505576 0.367347
1 0.532441 0.310403 0.548762 0.315790 0.531621 0.367722 0.515300 0.362335
1 0.527678 0.316467 0.543775 0.310441 0.562947 0.361658 0.546850 0.367684
1 0.576692 0.310262 0.593843 0.317839 0.571746 0.367863 0.554594 0.360286
1 0.568725 0.317084 0.586161 0.310187 0.606275 0.361041 0.588839 0.367938
0 0.566165 0.344962 0.597160 0.348941 0.594773 0.367538 0.563777 0.363559
1 0.615725 0.309120 0.634927 0.315746 0.617087 0.367442 0.597886 0.360816
1 0.610252 0.317996 0.625798 0.310665 0.649123 0.360129 0.633577 0.367460
0 0.608373 0.344935 0.639362 0.348972 0.636939 0.367565 0.605951 0.363528
1 0.663965 0.310424 0.676834 0.316093 0.654785 0.366139 0.641916 0.360469
1 0.651352 0.316808 0.670156 0.309127 0.690836 0.359754 0.672032 0.367435
0 0.653261 0.346697 0.678258 0.347055 0.677989 0.365803 0.652992 0.365445
1 0.703170 0.310255 0.720343 0.317781 0.698393 0.367870 0.681219 0.360344
1 0.695073 0.317218 0.709362 0.310896 0.731489 0.360907 0.717201 0.367229
1 0.746729 0.310874 0.761053 0.317115 0.739209 0.367251 0.724884 0.361010
1 0.734355 0.319319 0.750911 0.310518 0.776582 0.358806 0.760026 0.367607
0 0.733316 0.345262 0.766085 0.346950 0.765121 0.365675 0.732352 0.363988
1 0.788202 0.310317 0.805199 0.318233 0.782111 0.367808 0.765114 0.359892
1 0.776501 0.318967 0.797861 0.309319 0.820374 0.359158 0.799014 0.368806
0 0.779123 0.347679 0.804074 0.346108 0.805252 0.364821 0.780301 0.366392
1 0.826095 0.308901 0.846917 0.315606 0.830155 0.367661 0.809333 0.360956
1 0.821565 0.316201 0.840600 0.309112 0.859685 0.360362 0.840650 0.367450
1 0.872019 0.310207 0.889366 0.317324 0.868606 0.367918 0.851259 0.360801
1 0.862103 0.318124 0.879143 0.310301 0.901960 0.360001 0.884920 0.367824
0 0.864194 0.346702 0.889192 0.347050 0.888931 0.365798 0.863933 0.365450
0 0.062549 0.373413 0.070361 0.373462 0.070263 0.389087 0.062451 0.389038
0 0.085882 0.366447 0.122588 0.379808 0.117243 0.394491 0.080537 0.381129
0 0.120039 0.373922 0.146584 0.372963 0.147149 0.388578 0.120603 0.389537
0 0.137389 0.377907 0.164277 0.369656 0.168861 0.384593 0.141973 0.392844
0 0.166357 0.371423 0.190992 0.375681 0.188331 0.391077 0.163696 0.386819
0 0.200827 0.374403 0.208474 0.372803 0.211673 0.388097 0.204026 0.389697
0 0.211903 0.375136 0.250823 0.371796 0.252159 0.387364 0.213240 0.390704
0 0.239489 0.372715 0.267576 0.374181 0.266761 0.389785 0.238674 0.388319
0 0.262472 0.374232 0.288859 0.371184 0.290653 0.386705 0.264266 0.389754
0 0.294346 0.371721 0.320840 0.373632 0.319716 0.389216 0.293222 0.387306
0 0.313443 0.370146 0.341064 0.375447 0.338119 0.390792 0.310498 0.385490
0 0.329151 0.373650 0.355642 0.371704 0.356787 0.387287 0.330295 0.389233
0 0.352200 0.371605 0.380243 0.373753 0.379050 0.389332 0.351007 0.387185
0 0.393503 0.373566 0.401312 0.373317 0.401809 0.388934 0.394001 0.389183
0 0.402352 0.374249 0.430306 0.371158 0.432023 0.386689 0.404069 0.389779
0 0.426355 0.373737 0.448222 0.373144 0.448645 0.388763 0.426778 0.389356
0 0.446639 0.373853 0.473189 0.373030 0.473673 0.388647 0.447124 0.389470
0 0.474047 0.373161 0.481837 0.373760 0.480640 0.389339 0.472851 0.388740
0 0.495796 0.372668 0.522312 0.374234 0.521392 0.389832 0.494875 0.388266
0 0.513857 0.373799 0.540409 0.373082 0.540831 0.388701 0.514278 0.389418
0 0.537439 0.369716 0.562702 0.377924 0.557873 0.392784 0.532611 0.384576
0 0.559030 0.375627 0.583682 0.371466 0.586282 0.386873 0.561631 0.391034
0 0.583430 0.371745 0.608361 0.373611 0.607195 0.389192 0.582264 0.387327
0 0.599687 0.373962 0.624666 0.372927 0.625313 0.388538 0.600334 0.389573
0 0.628669 0.371846 0.653615 0.373501 0.652581 0.389091 0.627635 0.387437
0 0.644300 0.371789 0.670803 0.373558 0.669763 0.389148 0.643259 0.387379
0 0.667128 0.373540 0.693689 0.373335 0.693810 0.388960 0.667248 0.389165
0 0.690711 0.373294 0.717271 0.373582 0.717102 0.389206 0.690541 0.388918
0 0.722331 0.371164 0.743979 0.374311 0.741731 0.389773 0.720084 0.386627
0 0.736947 0.370171 0.762543 0.377273 0.758365 0.392329 0.732770 0.385227
0 0.746683 0.375772 0.785275 0.369729 0.787692 0.385166 0.749100 0.391209
0 0.785643 0.373961 0.812186 0.372926 0.812794 0.388539 0.786252 0.389574
0 0.820197 0.374319 0.844992 0.371122 0.846990 0.386619 0.822195 0.389816
0 0.832222 0.378887 0.869891 0.368545 0.874028 0.383613 0.836359 0.393955
0 0.869026 0.372764 0.876643 0.374504 0.873161 0.389736 0.865545 0.387996
0 0.880534 0.371369 0.906964 0.374022 0.905403 0.389569 0.878974 0.386916
0 0.914239 0.373196 0.936109 0.373683 0.935761 0.389304 0.913891 0.388817
1 0.050592 0.395129 0.069059 0.403589 0.046283 0.453308 0.027816 0.444849
1 0.043254 0.401851 0.059536 0.396344 0.077058 0.448149 0.060777 0.453656
1 0.093284 0.396687 0.107840 0.402365 0.087966 0.453313 0.073410 0.447635
1 0.081243 0.405243 0.097805 0.396452 0.123444 0.444757 0.106883 0.453548
1 0.134329 0.396430 0.150260 0.402881 0.129733 0.453570 0.113802 0.447119
1 0.126291 0.403559 0.141977 0.396532 0.164334 0.446441 0.148648 0.453468
0 0.121673 0.434691 0.152712 0.431061 0.154889 0.449684 0.123851 0.453314
1 0.176468 0.396856 0.189765 0.401432 0.171970 0.453144 0.158673 0.448568
1 0.165492 0.404157 0.187173 0.395254 0.207945 0.445843 0.186264 0.454746
0 0.157228 0.434431 0.203994 0.431238 0.205272 0.449944 0.158506 0.453137
1 0.219412 0.396250 0.236420 0.404143 0.213400 0.453750 0.196392 0.445857
1 0.205768 0.405999 0.224716 0.395068 0.252044 0.442438 0.233096 0.453369
0 0.210949 0.432797 0.235949 0.432828 0.235926 0.451578 0.210926 0.451547
1 0.265316 0.396587 0.278899 0.404309 0.251871 0.451851 0.238288 0.444128
1 0.251253 0.404744 0.268020 0.396352 0.292497 0.445256 0.275730 0.453648
0 0.241806 0.433047 0.288638 0.431033 0.289444 0.449766 0.242612 0.451780
1 0.303639 0.396480 0.319440 0.403243 0.297923 0.453520 0.282122 0.446757
1 0.296751 0.401330 0.309843 0.396196 0.329811 0.447107 0.316720 0.452242
0 0.289917 0.433466 0.324177 0.430659 0.325708 0.449347 0.291448 0.452153
1 0.343293 0.396339 0.359630 0.401678 0.342645 0.453661 0.326307 0.448322
1 0.337391 0.403416 0.353129 0.396508 0.375109 0.446584 0.359371 0.453492
0 0.345576 0.432685 0.354947 0.432947 0.354424 0.451690 0.345053 0.451428
1 0.384810 0.395272 0.406687 0.403682 0.387065 0.454728 0.365188 0.446318
1 0.380582 0.402578 0.396619 0.396395 0.416293 0.447422 0.400256 0.453605
0 0.368051 0.434796 0.414763 0.430894 0.416324 0.449579 0.369612 0.453481
1 0.431105 0.396812 0.445429 0.403054 0.423582 0.453188 0.409258 0.446946
1 0.421395 0.402747 0.438930 0.396108 0.458293 0.447253 0.440757 0.453892
0 0.417361 0.432515 0.450168 0.433113 0.449827 0.451860 0.417020 0.451262
1 0.472565 0.396253 0.489565 0.404162 0.466498 0.453747 0.449497 0.445838
1 0.462430 0.404849 0.477622 0.396811 0.503195 0.445151 0.488003 0.453189
0 0.452502 0.434553 0.499251 0.431123 0.500623 0.449822 0.453874 0.453252
1 0.516998 0.396446 0.533572 0.405212 0.508002 0.453554 0.491428 0.444788
1 0.504442 0.402397 0.524947 0.394778 0.543996 0.446040 0.523491 0.453660
0 0.504331 0.429321 0.535050 0.435060 0.531606 0.453491 0.500888 0.447752
1 0.557820 0.396160 0.570967 0.401151 0.551555 0.452278 0.538408 0.447286
1 0.548402 0.403142 0.560899 0.396695 0.585973 0.445295 0.573476 0.451743
0 0.544910 0.433519 0.576128 0.432124 0.576965 0.450856 0.545747 0.452251
1 0.598683 0.396395 0.614722 0.402572 0.595067 0.453605 0.579028 0.447428
1 0.592137 0.401859 0.605061 0.396317 0.626613 0.446579 0.613689 0.452121
0 0.587048 0.433611 0.618258 0.432038 0.619202 0.450764 0.587992 0.452337
1 0.643663 0.396363 0.656530 0.402037 0.634462 0.452075 0.621595 0.446400
1 0.633729 0.402242 0.648326 0.396668 0.667833 0.447758 0.653236 0.453332
1 0.683389 0.395196 0.701627 0.404139 0.677549 0.453241 0.659311 0.444298
1 0.674939 0.403374 0.690693 0.396501 0.712561 0.446626 0.696807 0.453499
0 0.674731 0.433182 0.699721 0.432451 0.700269 0.451193 0.675279 0.451924
1 0.724899 0.396131 0.742305 0.403101 0.721976 0.453869 0.704570 0.446899
1 0.716932 0.403545 0.732623 0.396530 0.754943 0.446455 0.739252 0.453470
0 0.717585 0.430637 0.742414 0.433553 0.740228 0.452175 0.715398 0.449260
1 0.769052 0.396543 0.784715 0.403620 0.762198 0.453457 0.746535 0.446380
1 0.755790 0.404495 0.777328 0.395251 0.798897 0.445505 0.777360 0.454749
1 0.808127 0.395051 0.827091 0.402329 0.807498 0.453386 0.788534 0.446108
1 0.804216 0.401282 0.817557 0.396836 0.834847 0.448718 0.821506 0.453164
0 0.801221 0.433285 0.826204 0.432353 0.826904 0.451090 0.801921 0.452022
1 0.853021 0.396148 0.866187 0.401087 0.846979 0.452290 0.833813 0.447351
1 0.842000 0.403075 0.862237 0.394770 0.883000 0.445362 0.862763 0.453668
0 0.839501 0.430860 0.873638 0.434895 0.871437 0.453515 0.837300 0.449480
1 0.896352 0.396395 0.913027 0.404968 0.888023 0.453605 0.871348 0.445032
1 0.887358 0.401930 0.900260 0.396335 0.922017 0.446508 0.909115 0.452103
0 0.879665 0.434467 0.913888 0.431241 0.915648 0.449908 0.881424 0.453134
1 0.068964 0.480707 0.089215 0.488979 0.068536 0.539606 0.048285 0.531334
1 0.062065 0.488964 0.077944 0.482387 0.098873 0.532911 0.082994 0.539488
0 0.049775 0.521043 0.096265 0.515048 0.098663 0.533644 0.052173 0.539639
1 0.111182 0.482049 0.128691 0.488756 0.109131 0.539826 0.091621 0.533119
1 0.104565 0.489365 0.120299 0.482447 0.142310 0.532510 0.126576 0.539428
0 0.099492 0.518967 0.133811 0.517002 0.134883 0.535721 0.100564 0.537686
1 0.155511 0.482805 0.168785 0.487446 0.150739 0.539070 0.137465 0.534429
1 0.148200 0.488180 0.164352 0.482303 0.183050 0.533695 0.166898 0.539572
0 0.146903 0.518713 0.171903 0.518788 0.171847 0.537537 0.146847 0.537462
1 0.195383 0.480706 0.215674 0.488879 0.195242 0.539606 0.174951 0.531434
1 0.188854 0.488462 0.206469 0.482037 0.225208 0.533413 0.207593 0.539838
0 0.176501 0.520438 0.223126 0.515600 0.225061 0.534250 0.178436 0.539087
1 0.238004 0.480734 0.257940 0.489737 0.235434 0.539578 0.215497 0.530576
1 0.232534 0.488496 0.247026 0.482655 0.267466 0.533379 0.252974 0.539220
0 0.238416 0.519102 0.247767 0.518444 0.249084 0.537148 0.239733 0.537806
1 0.281750 0.482105 0.299007 0.489436 0.277625 0.539770 0.260368 0.532439
1 0.275851 0.487376 0.289146 0.482795 0.306962 0.534499 0.293666 0.539080
0 0.263423 0.516711 0.310113 0.520863 0.308452 0.539539 0.261762 0.535387
1 0.321471 0.482034 0.339127 0.488346 0.320716 0.539841 0.303061 0.533529
1 0.315331 0.489191 0.332681 0.482081 0.353419 0.532684 0.336069 0.539794
1 0.364185 0.482032 0.381896 0.488188 0.363940 0.539843 0.346229 0.533687
1 0.357483 0.489222 0.374821 0.482084 0.395642 0.532653 0.378304 0.539791
0 0.353115 0.519515 0.385788 0.516502 0.387510 0.535172 0.354837 0.538186
1 0.406864 0.480994 0.425753 0.488466 0.405636 0.539319 0.386747 0.531847
1 0.397696 0.491131 0.414279 0.482379 0.439804 0.530744 0.423221 0.539496
0 0.396913 0.518687 0.428163 0.518813 0.428087 0.537563 0.396837 0.537437
1 0.453536 0.482732 0.468755 0.490720 0.443339 0.539143 0.428120 0.531155
1 0.440563 0.490777 0.455759 0.482747 0.481312 0.531098 0.466116 0.539128
0 0.440968 0.513572 0.472340 0.523189 0.466845 0.541115 0.435473 0.531499
1 0.494189 0.482497 0.509817 0.489649 0.487061 0.539378 0.471433 0.532226
1 0.483634 0.489448 0.497516 0.482277 0.522616 0.530864 0.508734 0.538036
0 0.492736 0.518196 0.502022 0.519481 0.499452 0.538054 0.490165 0.536769
1 0.534493 0.482381 0.550386 0.488923 0.529570 0.539494 0.513676 0.532952
1 0.528067 0.487802 0.540989 0.482256 0.562558 0.532510 0.549636 0.538057
0 0.526602 0.518698 0.551601 0.518802 0.551523 0.537552 0.526524 0.537448
1 0.576588 0.482075 0.593964 0.489121 0.573412 0.539800 0.556036 0.532754
1 0.566447 0.489183 0.585053 0.481035 0.606991 0.531129 0.588385 0.539278
0 0.565017 0.519066 0.596193 0.516916 0.597483 0.535621 0.566307 0.537772
1 0.618657 0.482794 0.631954 0.487371 0.614156 0.539081 0.600859 0.534504
1 0.609207 0.488644 0.628026 0.481001 0.648606 0.531668 0.629786 0.539312
0 0.599435 0.519529 0.646209 0.516449 0.647440 0.535159 0.600666 0.538238
1 0.659356 0.482041 0.676926 0.488588 0.657832 0.539834 0.640262 0.533287
1 0.652998 0.488710 0.668967 0.482354 0.689190 0.533165 0.673220 0.539521
0 0.648870 0.516805 0.683010 0.520824 0.680817 0.539445 0.646678 0.535426
1 0.706268 0.482318 0.719113 0.488041 0.696857 0.537995 0.684012 0.532272
1 0.692985 0.490733 0.707886 0.482167 0.735140 0.529580 0.720239 0.538145
0 0.684299 0.518942 0.731173 0.518559 0.731326 0.537308 0.684452 0.537691
1 0.745559 0.482088 0.762880 0.489267 0.741941 0.539787 0.724620 0.532608
1 0.738756 0.488233 0.754890 0.482307 0.773744 0.533642 0.757610 0.539568
0 0.732275 0.519029 0.766587 0.516943 0.767725 0.535658 0.733413 0.537745
1 0.789244 0.482220 0.802213 0.487657 0.781069 0.538092 0.768100 0.532655
1 0.779568 0.489363 0.795302 0.482447 0.817307 0.532512 0.801573 0.539428
0 0.768484 0.519445 0.815338 0.518063 0.815891 0.536805 0.769037 0.538187
1 0.829506 0.482357 0.845467 0.488732 0.825182 0.539518 0.809221 0.533143
1 0.820210 0.490473 0.837062 0.482252 0.861040 0.531402 0.844188 0.539623
0 0.817891 0.516780 0.852181 0.519204 0.850859 0.537907 0.816569 0.535483
1 0.874128 0.482399 0.890672 0.491223 0.864935 0.539476 0.848391 0.530652
1 0.862013 0.488941 0.880716 0.481017 0.902050 0.531372 0.883346 0.539296
0 0.869847 0.519485 0.879133 0.518194 0.881715 0.536765 0.872429 0.538056
0 0.056835 0.544552 0.078655 0.546113 0.077540 0.561698 0.055720 0.560137
0 0.067820 0.543107 0.106775 0.545999 0.105618 0.561581 0.066663 0.558689
0 0.105670 0.547545 0.131621 0.541877 0.134955 0.557142 0.109004 0.562810
0 0.133676 0.542117 0.161337 0.547203 0.158512 0.562571 0.130850 0.557484
0 0.153921 0.546108 0.181879 0.543047 0.183579 0.558580 0.155621 0.561640
0 0.181771 0.543706 0.208281 0.545388 0.207291 0.560982 0.180782 0.559299
0 0.201636 0.545132 0.240697 0.545494 0.240552 0.561118 0.201491 0.560756
0 0.225617 0.543315 0.251847 0.547505 0.249383 0.562935 0.223153 0.558745
0 0.254489 0.545885 0.262235 0.544872 0.264261 0.560365 0.256515 0.561378
0 0.279100 0.545630 0.305575 0.543484 0.306838 0.559058 0.280362 0.561204
0 0.313369 0.543213 0.339792 0.545931 0.338193 0.561474 0.311770 0.558756
0 0.348784 0.545149 0.356589 0.545491 0.355904 0.561101 0.348099 0.560759
0 0.356859 0.543579 0.383350 0.545526 0.382204 0.561109 0.355713 0.559161
0 0.386031 0.540085 0.423958 0.549432 0.420219 0.564603 0.382292 0.555256
0 0.419869 0.547929 0.445964 0.542970 0.448881 0.558321 0.422786 0.563280
0 0.435445 0.549233 0.473461 0.540248 0.477055 0.555454 0.439039 0.564439
0 0.458402 0.543606 0.484897 0.545496 0.483786 0.561081 0.457290 0.559192
0 0.502336 0.544972 0.510112 0.545727 0.508602 0.561278 0.500826 0.560523
0 0.516741 0.546078 0.541695 0.544576 0.542634 0.560172 0.517680 0.561674
0 0.541103 0.540121 0.567466 0.549920 0.562022 0.564566 0.535659 0.554767
0 0.567719 0.544618 0.589547 0.546040 0.588531 0.561632 0.566703 0.560210
0 0.586573 0.543597 0.611499 0.545512 0.610302 0.561091 0.585376 0.559176
0 0.617583 0.544639 0.645675 0.546004 0.644917 0.561611 0.616825 0.560246
0 0.647878 0.546142 0.655563 0.544738 0.658372 0.560108 0.650687 0.561512
0 0.672600 0.543476 0.697506 0.545645 0.696150 0.561212 0.671244 0.559042
0 0.706413 0.545058 0.731407 0.545570 0.731087 0.561192 0.706093 0.560680
0 0.727943 0.547601 0.766549 0.541645 0.768932 0.557087 0.730326 0.563043
0 0.758612 0.543308 0.785055 0.545824 0.783575 0.561379 0.757132 0.558863
0 0.790515 0.547078 0.816859 0.543676 0.818860 0.559172 0.792516 0.562574
0 0.809171 0.545649 0.834162 0.544982 0.834579 0.560601 0.809588 0.561268
0 0.824821 0.545607 0.849814 0.545022 0.850179 0.560643 0.825186 0.561228
0 0.842858 0.543549 0.867777 0.545564 0.866517 0.561138 0.841598 0.559123
0 0.874629 0.545981 0.901159 0.544664 0.901934 0.560269 0.875404 0.561586
0 0.909159 0.545693 0.935710 0.544939 0.936154 0.560557 0.909602 0.561311
1 0.053257 0.568275 0.066079 0.574051 0.043618 0.623913 0.030796 0.618137
1 0.043150 0.574399 0.059206 0.568265 0.078725 0.619351 0.062669 0.625485
0 0.031160 0.604915 0.078033 0.604461 0.078215 0.623210 0.031342 0.623664
1 0.090694 0.567969 0.108416 0.574092 0.090556 0.625781 0.072834 0.619658
1 0.086990 0.572925 0.100168 0.568016 0.119260 0.619263 0.106082 0.624172
0 0.092659 0.604466 0.102022 0.604932 0.101091 0.623659 0.091728 0.623193
1 0.133293 0.566952 0.152011 0.574842 0.130770 0.625235 0.112052 0.617346
1 0.124523 0.576351 0.139862 0.568596 0.164539 0.617399 0.149201 0.625154
0 0.121423 0.607145 0.152318 0.602443 0.155139 0.620980 0.124245 0.625682
1 0.178379 0.568169 0.191334 0.573639 0.170059 0.624019 0.157104 0.618548
1 0.168708 0.575233 0.184468 0.568373 0.206292 0.618517 0.190532 0.625377
0 0.165851 0.602402 0.196947 0.605503 0.195087 0.624160 0.163991 0.621060
1 0.219285 0.568112 0.236328 0.575930 0.213528 0.625638 0.196485 0.617820
1 0.210493 0.575262 0.227792 0.568031 0.248882 0.618488 0.231583 0.625719
0 0.208808 0.601439 0.239623 0.606635 0.236505 0.625124 0.205690 0.619928
1 0.261974 0.567041 0.280310 0.575782 0.256776 0.625147 0.238440 0.616406
1 0.255580 0.573295 0.271999 0.568213 0.288170 0.620455 0.271751 0.625537
0 0.260984 0.604318 0.270324 0.605128 0.268704 0.623807 0.259364 0.622997
1 0.304788 0.568395 0.320501 0.575361 0.298337 0.625355 0.282624 0.618389
1 0.293722 0.574455 0.312590 0.566933 0.332841 0.617733 0.313972 0.625255
0 0.292430 0.602380 0.323521 0.605528 0.321632 0.624183 0.290541 0.621034
1 0.347072 0.568160 0.360038 0.573605 0.338865 0.624027 0.325899 0.618583
1 0.336856 0.574306 0.355782 0.566929 0.375644 0.617882 0.356718 0.625259
0 0.335786 0.600830 0.367943 0.607357 0.364214 0.625732 0.332057 0.619206
1 0.389511 0.568191 0.406360 0.576418 0.382364 0.625559 0.365515 0.617332
1 0.378936 0.576459 0.391204 0.569584 0.417939 0.617291 0.405671 0.624166
1 0.430440 0.568135 0.447423 0.576081 0.424247 0.625615 0.407264 0.617669
1 0.421230 0.574760 0.438715 0.567991 0.458458 0.618990 0.440972 0.625759
1 0.474532 0.568405 0.490949 0.577463 0.464530 0.625345 0.448113 0.616287
1 0.462168 0.576211 0.477560 0.568563 0.501895 0.617539 0.486502 0.625187
0 0.461567 0.602930 0.492753 0.604921 0.491558 0.623633 0.460372 0.621642
1 0.513934 0.567160 0.535006 0.577420 0.511066 0.626590 0.489994 0.616330
1 0.502787 0.577086 0.524011 0.567142 0.547213 0.616664 0.525989 0.626608
1 0.558543 0.568227 0.575310 0.576620 0.550832 0.625523 0.534065 0.617130
1 0.544886 0.578074 0.562567 0.568074 0.589489 0.615676 0.571808 0.625676
0 0.549228 0.602936 0.574148 0.604937 0.572647 0.623626 0.547727 0.621626
1 0.599982 0.567185 0.617911 0.576733 0.592205 0.625002 0.574276 0.615454
1 0.589993 0.575430 0.607229 0.568049 0.628757 0.618320 0.611521 0.625701
0 0.585323 0.605075 0.618055 0.602783 0.619365 0.621487 0.586632 0.623779
1 0.640849 0.568083 0.657975 0.575716 0.635713 0.625667 0.618587 0.618034
1 0.630772 0.574485 0.651195 0.566647 0.670790 0.617703 0.650368 0.625541
0 0.632329 0.605369 0.657293 0.604032 0.658296 0.622756 0.633332 0.624093
1 0.682913 0.568317 0.698811 0.574850 0.678024 0.625433 0.662127 0.618900
1 0.674955 0.574580 0.690948 0.568284 0.710982 0.619170 0.694989 0.625466
1 0.727675 0.568408 0.744087 0.577476 0.717637 0.625342 0.701226 0.616274
1 0.717067 0.574641 0.733039 0.568291 0.753245 0.619109 0.737274 0.625459
0 0.714474 0.604033 0.745696 0.605359 0.744901 0.624092 0.713679 0.622766
1 0.764864 0.567136 0.786635 0.575814 0.766386 0.626614 0.744615 0.617936
1 0.759039 0.575166 0.776375 0.568022 0.797211 0.618584 0.779875 0.625728
0 0.756353 0.604518 0.787601 0.604858 0.787397 0.623607 0.756149 0.623267
1 0.805612 0.568053 0.823760 0.572766 0.810013 0.625697 0.791865 0.620984
1 0.799777 0.576531 0.816580 0.568211 0.840848 0.617219 0.824045 0.625539
1 0.850175 0.566644 0.870437 0.574889 0.849825 0.625543 0.829563 0.617299
1 0.843742 0.575203 0.859512 0.568369 0.881258 0.618547 0.865488 0.625381
0 0.833136 0.601515 0.879755 0.606399 0.877802 0.625047 0.831182 0.620163
1 0.898539 0.568584 0.911021 0.575060 0.885836 0.623603 0.873354 0.617127
1 0.885866 0.574289 0.903520 0.567971 0.921946 0.619461 0.904293 0.625779
0 0.885768 0.604918 0.910764 0.604461 0.911107 0.623207 0.886111 0.623664
0 0.052749 0.633515 0.077377 0.629217 0.080063 0.644610 0.055436 0.648908
0 0.088815 0.632160 0.110453 0.628947 0.112748 0.644402 0.091110 0.647616
0 0.106854 0.629268 0.133090 0.633424 0.130646 0.648857 0.104410 0.644701
0 0.126084 0.631346 0.152591 0.629624 0.153604 0.645216 0.127097 0.646938
0 0.151377 0.633195 0.177676 0.629460 0.179873 0.644930 0.153574 0.648665
0 0.173211 0.631649 0.199761 0.630858 0.200227 0.646476 0.173676 0.647267
0 0.210668 0.631391 0.218476 0.631119 0.219019 0.646734 0.211211 0.647006
0 0.232681 0.633065 0.259013 0.629570 0.261069 0.645060 0.234737 0.648555
0 0.254530 0.633006 0.279302 0.629637 0.281407 0.645119 0.256635 0.648488
0 0.293017 0.631662 0.300794 0.630911 0.302295 0.646463 0.294519 0.647214
0 0.313442 0.631421 0.335239 0.629573 0.336558 0.645142 0.314761 0.646990
0 0.331156 0.627523 0.356950 0.633866 0.353219 0.649039 0.327425 0.642696
0 0.348306 0.631479 0.374864 0.631024 0.375132 0.646646 0.348573 0.647101
0 0.366780 0.631988 0.393303 0.630536 0.394157 0.646137 0.367634 0.647589
0 0.401132 0.631480 0.408933 0.631044 0.409805 0.646645 0.402005 0.647081
0 0.435990 0.630886 0.443760 0.631699 0.442135 0.647239 0.434365 0.646426
0 0.454427 0.633381 0.480675 0.629304 0.483073 0.644744 0.456825 0.648821
0 0.478879 0.629243 0.506892 0.631757 0.505496 0.647319 0.477483 0.644806
0 0.504551 0.631486 0.531110 0.631016 0.531386 0.646639 0.504828 0.647109
0 0.522817 0.631636 0.549281 0.629359 0.550621 0.644926 0.524156 0.647204
0 0.544181 0.630520 0.572267 0.632002 0.571444 0.647605 0.543358 0.646123
0 0.569746 0.631524 0.596228 0.629461 0.597442 0.645039 0.570959 0.647101
0 0.589420 0.630773 0.611273 0.631743 0.610580 0.647352 0.588727 0.646382
0 0.607257 0.631502 0.633742 0.629481 0.634931 0.645061 0.608445 0.647082
0 0.641631 0.631503 0.668116 0.629480 0.669307 0.645059 0.642821 0.647083
0 0.659475 0.631073 0.687598 0.631429 0.687400 0.647052 0.659277 0.646696
0 0.694007 0.629190 0.715717 0.631865 0.713806 0.647373 0.692095 0.644697
0 0.716119 0.629684 0.742634 0.631282 0.741693 0.646879 0.715179 0.645280
0 0.738777 0.632006 0.777810 0.630505 0.778411 0.646119 0.739377 0.647620
0 0.766583 0.631602 0.793053 0.629390 0.794354 0.644961 0.767884 0.647173
0 0.792464 0.630592 0.831504 0.631917 0.830974 0.647533 0.791934 0.646208
0 0.828515 0.630767 0.836245 0.631897 0.833985 0.647358 0.826255 0.646228
0 0.851739 0.629032 0.878134 0.632004 0.876386 0.647531 0.849991 0.644559
0 0.870430 0.630963 0.909488 0.631539 0.909258 0.647162 0.870199 0.646586
0 0.890852 0.630706 0.929899 0.631800 0.929461 0.647419 0.890414 0.646325
1 0.072776 0.654188 0.089493 0.662680 0.064724 0.711437 0.048007 0.702945
1 0.065466 0.658895 0.078865 0.654625 0.095471 0.706730 0.082072 0.711000
0 0.059875 0.689057 0.091084 0.690655 0.090125 0.709381 0.058916 0.707782
1 0.114287 0.654676 0.128528 0.661106 0.106025 0.710949 0.091784 0.704519
1 0.107299 0.659121 0.120633 0.654652 0.138013 0.706504 0.124680 0.710973
1 0.156228 0.654319 0.171970 0.661216 0.150022 0.711306 0.134280 0.704409
1 0.145037 0.661625 0.158807 0.654241 0.184651 0.702437 0.170880 0.709821
0 0.143686 0.690732 0.174936 0.690519 0.175064 0.709268 0.143814 0.709481
1 0.196748 0.654186 0.212866 0.660154 0.193877 0.711439 0.177759 0.705471
1 0.188660 0.660031 0.207666 0.652863 0.226965 0.704032 0.207959 0.711200
1 0.239459 0.654217 0.255465 0.660479 0.235541 0.711408 0.219535 0.705146
1 0.232398 0.659883 0.250170 0.653907 0.267602 0.705742 0.249830 0.711718
0 0.227506 0.690963 0.258679 0.688771 0.259994 0.707474 0.228821 0.709667
1 0.281231 0.653948 0.298618 0.660967 0.278144 0.711677 0.260757 0.704658
1 0.272761 0.660723 0.290237 0.653930 0.310051 0.704902 0.292575 0.711695
0 0.262656 0.690245 0.309524 0.691008 0.309219 0.709755 0.262351 0.708992
1 0.324238 0.654678 0.337517 0.659308 0.319512 0.710947 0.306233 0.706317
1 0.315491 0.661250 0.331221 0.654324 0.353259 0.704375 0.337529 0.711301
0 0.311731 0.688517 0.345999 0.691229 0.344519 0.709921 0.310251 0.707208
1 0.364171 0.652876 0.382988 0.660526 0.362391 0.711187 0.343575 0.703536
1 0.356048 0.661689 0.373160 0.654025 0.395514 0.703936 0.378402 0.711600
0 0.354872 0.690324 0.386116 0.690929 0.385753 0.709676 0.354509 0.709071
1 0.409471 0.654332 0.425185 0.661295 0.403029 0.711293 0.387315 0.704330
1 0.399878 0.660581 0.415848 0.654229 0.436060 0.705044 0.420089 0.711396
0 0.389049 0.690658 0.435924 0.690592 0.435951 0.709342 0.389076 0.709408
1 0.451962 0.654122 0.468825 0.662320 0.444913 0.711503 0.428050 0.703305
1 0.439890 0.661034 0.461950 0.653118 0.480423 0.704591 0.458363 0.712507
0 0.430659 0.692265 0.477422 0.689030 0.478716 0.707735 0.431953 0.710970
1 0.490851 0.653907 0.508540 0.660127 0.490399 0.711718 0.472710 0.705498
1 0.485496 0.660213 0.501594 0.654191 0.520754 0.705412 0.504656 0.711434
0 0.479480 0.690997 0.512285 0.690258 0.512707 0.709003 0.479903 0.709742
1 0.534967 0.653010 0.553200 0.661964 0.529095 0.711052 0.510862 0.702099
1 0.524522 0.661572 0.542919 0.652961 0.566103 0.702491 0.547706 0.711102
0 0.523402 0.690685 0.554651 0.690565 0.554723 0.709315 0.523474 0.709435
1 0.576351 0.653938 0.593784 0.660841 0.573649 0.711687 0.556216 0.704784
1 0.566899 0.662535 0.583675 0.654160 0.608101 0.703090 0.591325 0.711465
0 0.563624 0.692409 0.596066 0.687490 0.598876 0.706028 0.566434 0.710947
1 0.618989 0.654022 0.636111 0.661663 0.613823 0.711603 0.596701 0.703962
1 0.610225 0.661771 0.625761 0.654420 0.649150 0.703854 0.633614 0.711205
0 0.618278 0.690876 0.627641 0.690398 0.628597 0.709124 0.619234 0.709602
1 0.664393 0.654039 0.678423 0.660915 0.654357 0.710023 0.640327 0.703147
1 0.652757 0.660001 0.671774 0.652862 0.690993 0.704062 0.671976 0.711200
0 0.648940 0.688582 0.683054 0.692810 0.680748 0.711418 0.646634 0.707190
1 0.701315 0.652863 0.720415 0.659774 0.701810 0.711199 0.682710 0.704289
1 0.696776 0.660231 0.711315 0.654508 0.731349 0.705394 0.716810 0.711117
0 0.684188 0.691106 0.731054 0.690148 0.731437 0.708894 0.684571 0.709852
1 0.745309 0.653948 0.762692 0.660977 0.742191 0.711677 0.724808 0.704648
1 0.737186 0.659584 0.757926 0.652629 0.775314 0.704478 0.754574 0.711434
0 0.745891 0.690357 0.755249 0.690927 0.754109 0.709643 0.744751 0.709073
1 0.788375 0.652682 0.807944 0.662460 0.783500 0.711380 0.763931 0.701603
1 0.778083 0.662288 0.794959 0.654116 0.818792 0.703337 0.801916 0.711509
0 0.774424 0.690988 0.808725 0.688740 0.809951 0.707450 0.775650 0.709697
1 0.833033 0.654228 0.845836 0.660044 0.823217 0.709835 0.810414 0.704018
1 0.818722 0.663078 0.835274 0.654270 0.860965 0.702547 0.844413 0.711355
0 0.829527 0.690707 0.838901 0.690546 0.839223 0.709293 0.829849 0.709454
1 0.870179 0.653914 0.887775 0.660391 0.868883 0.711711 0.851287 0.705234
1 0.865071 0.660069 0.877866 0.654235 0.900554 0.703994 0.887759 0.709828
0 0.861373 0.689935 0.892592 0.691334 0.891752 0.710065 0.860533 0.708666
1 0.053155 0.739925 0.067259 0.746650 0.043720 0.796013 0.029616 0.789287
1 0.038388 0.748553 0.056341 0.739050 0.081924 0.787385 0.063971 0.796887
1 0.092692 0.739918 0.109948 0.747251 0.088558 0.797582 0.071302 0.790249
1 0.083998 0.747201 0.096389 0.740551 0.122252 0.788736 0.109861 0.795387
0 0.081222 0.776609 0.112472 0.776517 0.112528 0.795266 0.081278 0.795358
1 0.136125 0.740280 0.151816 0.747293 0.129500 0.797220 0.113809 0.790207
1 0.127726 0.746117 0.143836 0.740126 0.162899 0.791383 0.146789 0.797374
0 0.115830 0.776064 0.162695 0.777065 0.162295 0.795811 0.115430 0.794810
1 0.174695 0.740089 0.191146 0.745068 0.175305 0.797411 0.158854 0.792432
1 0.168046 0.746684 0.185513 0.739869 0.205392 0.790816 0.187924 0.797631
1 0.224378 0.741448 0.236656 0.748303 0.209997 0.796052 0.197719 0.789197
1 0.209351 0.747794 0.224855 0.740375 0.248461 0.789706 0.232957 0.797125
0 0.206057 0.776925 0.240425 0.776204 0.240818 0.794950 0.206450 0.795671
1 0.259563 0.739860 0.277085 0.746532 0.257625 0.797640 0.240102 0.790968
1 0.254101 0.745954 0.271827 0.739844 0.289649 0.791546 0.271923 0.797656
0 0.261004 0.776184 0.270343 0.777014 0.268683 0.795691 0.259345 0.794861
1 0.301347 0.739845 0.319129 0.745793 0.301778 0.797655 0.283996 0.791707
1 0.293693 0.745579 0.315985 0.738343 0.332870 0.790359 0.310577 0.797595
0 0.290297 0.777191 0.324649 0.775946 0.325328 0.794684 0.290976 0.795929
1 0.346747 0.740470 0.361234 0.746322 0.340753 0.797030 0.326266 0.791178
1 0.337376 0.746520 0.353346 0.740166 0.373562 0.790980 0.357592 0.797334
0 0.333083 0.776103 0.365883 0.777029 0.365354 0.795772 0.332555 0.794846
1 0.388310 0.738971 0.406475 0.748060 0.382003 0.796967 0.363838 0.787877
1 0.379441 0.746963 0.396806 0.739890 0.417434 0.790537 0.400069 0.797610
1 0.431391 0.740027 0.444367 0.745445 0.423297 0.795911 0.410320 0.790492
1 0.419846 0.748216 0.435188 0.740468 0.459841 0.789284 0.444499 0.797032
0 0.422683 0.774791 0.447600 0.776835 0.446067 0.795522 0.421150 0.793478
1 0.475898 0.739856 0.490976 0.748105 0.464727 0.796082 0.449649 0.787832
1 0.463760 0.747011 0.481106 0.739894 0.501865 0.790489 0.484519 0.797606
0 0.461715 0.774593 0.492870 0.777026 0.491410 0.795719 0.460255 0.793286
1 0.516399 0.740354 0.531942 0.747690 0.508601 0.797146 0.493058 0.789810
1 0.507329 0.746183 0.523416 0.740131 0.542671 0.791317 0.526584 0.797369
1 0.556519 0.739962 0.573634 0.747622 0.551293 0.797538 0.534179 0.789878
1 0.547943 0.746609 0.560537 0.740352 0.584869 0.789328 0.572276 0.795585
1 0.597912 0.740575 0.611278 0.744947 0.594275 0.796925 0.580910 0.792553
1 0.586909 0.748459 0.604903 0.739034 0.630278 0.787478 0.612285 0.796903
0 0.588762 0.777431 0.613563 0.774281 0.615926 0.792881 0.591125 0.796032
1 0.642873 0.740096 0.659653 0.748462 0.635252 0.797404 0.618472 0.789038
1 0.632525 0.747324 0.648205 0.740285 0.670600 0.790176 0.654920 0.797215
0 0.629518 0.776850 0.660763 0.776278 0.661107 0.795025 0.629862 0.795597
1 0.683976 0.739954 0.697055 0.745121 0.676962 0.795983 0.663883 0.790817
1 0.673328 0.747874 0.688802 0.740392 0.712609 0.789626 0.697136 0.797108
1 0.723339 0.738800 0.742404 0.745808 0.723536 0.797138 0.704471 0.790129
1 0.716873 0.746676 0.732787 0.740186 0.753440 0.790824 0.737525 0.797314
1 0.767421 0.740204 0.783288 0.746811 0.762266 0.797296 0.746399 0.790689
1 0.760568 0.745510 0.776878 0.740091 0.794120 0.791990 0.777809 0.797409
0 0.759447 0.776467 0.784446 0.776658 0.784303 0.795408 0.759304 0.795217
1 0.809662 0.739964 0.826771 0.747634 0.804400 0.797536 0.787291 0.789866
1 0.801277 0.746337 0.818869 0.739851 0.837786 0.791163 0.820193 0.797649
0 0.799952 0.777003 0.824841 0.774644 0.826610 0.793310 0.801722 0.795669
1 0.849693 0.739005 0.871085 0.748579 0.848745 0.798495 0.827352 0.788921
1 0.840594 0.749019 0.857145 0.740208 0.882844 0.788481 0.866293 0.797292
1 0.892069 0.738807 0.910945 0.746310 0.890744 0.797130 0.871868 0.789627
1 0.885297 0.747642 0.900859 0.740344 0.924078 0.789858 0.908516 0.797156
0 0.062826 0.802970 0.070632 0.803293 0.069987 0.818905 0.062181 0.818582
0 0.069434 0.801283 0.095907 0.803457 0.094629 0.819030 0.068155 0.816856
0 0.095567 0.800804 0.121937 0.803997 0.120058 0.819509 0.093688 0.816315
0 0.118624 0.804927 0.144959 0.801457 0.147001 0.816948 0.120666 0.820418
0 0.151024 0.800793 0.175524 0.805769 0.172414 0.821082 0.147914 0.816106
0 0.169910 0.803854 0.196434 0.802419 0.197278 0.818021 0.170754 0.819456
0 0.204038 0.803572 0.230492 0.801179 0.231900 0.816741 0.205445 0.819133
0 0.239579 0.802887 0.247375 0.803396 0.246358 0.818988 0.238563 0.818479
0 0.262972 0.802615 0.270691 0.803822 0.268278 0.819260 0.260559 0.818053
0 0.278528 0.802515 0.303497 0.803754 0.302722 0.819360 0.277753 0.818121
0 0.294951 0.803657 0.316801 0.802611 0.317549 0.818218 0.295699 0.819264
0 0.312679 0.802829 0.339235 0.803425 0.338884 0.819046 0.312328 0.818450
0 0.326356 0.805521 0.364930 0.799362 0.367394 0.814791 0.328820 0.820951
0 0.357648 0.803875 0.379327 0.800952 0.381414 0.816437 0.359736 0.819360
0 0.372839 0.803535 0.400867 0.801206 0.402161 0.816778 0.374133 0.819106
0 0.404210 0.803220 0.430716 0.801500 0.431728 0.817093 0.405221 0.818812
0 0.425790 0.803839 0.452194 0.800942 0.453898 0.816474 0.427494 0.819371
0 0.460344 0.803386 0.485261 0.801353 0.486531 0.816927 0.461614 0.818959
0 0.493963 0.802774 0.520516 0.803482 0.520100 0.819101 0.493547 0.818393
0 0.528235 0.802941 0.554795 0.803310 0.554578 0.818934 0.528018 0.818565
0 0.563943 0.803790 0.585643 0.801023 0.587619 0.816522 0.565920 0.819290
0 0.593484 0.803595 0.620031 0.802664 0.620578 0.818280 0.594032 0.819211
0 0.608473 0.800861 0.647419 0.803873 0.646214 0.819451 0.607268 0.816440
0 0.629123 0.808360 0.666896 0.798406 0.670877 0.813515 0.633104 0.823469
0 0.656579 0.801489 0.682922 0.804890 0.680921 0.820386 0.654578 0.816985
0 0.680103 0.802573 0.701949 0.803697 0.701147 0.819302 0.679301 0.818178
0 0.696687 0.805207 0.724525 0.801202 0.726751 0.816668 0.698912 0.820673
0 0.718812 0.803020 0.745374 0.803231 0.745250 0.818855 0.718688 0.818644
0 0.744654 0.805605 0.770505 0.799501 0.774096 0.814707 0.748245 0.820812
0 0.773409 0.803624 0.795145 0.801162 0.796903 0.816688 0.775167 0.819150
0 0.791183 0.801465 0.817684 0.803258 0.816630 0.818847 0.790128 0.817055
0 0.812061 0.799764 0.838048 0.805261 0.834814 0.820548 0.808827 0.815051
0 0.841827 0.805354 0.866466 0.801122 0.869111 0.816521 0.844471 0.820753
0 0.863529 0.803932 0.885347 0.802359 0.886471 0.817943 0.864653 0.819516
0 0.880036 0.801371 0.907924 0.805011 0.905902 0.820504 0.878013 0.816864
0 0.916793 0.803335 0.924595 0.802935 0.925394 0.818540 0.917592 0.818940
1 0.070598 0.825840 0.087910 0.833043 0.066902 0.883535 0.049590 0.876332
1 0.061764 0.831824 0.082369 0.824477 0.100736 0.875988 0.080131 0.883335
0 0.070289 0.862512 0.079664 0.862488 0.079711 0.881238 0.070336 0.881262
1 0.116319 0.825982 0.130259 0.833040 0.105556 0.881830 0.091616 0.874773
1 0.101152 0.835371 0.117528 0.826240 0.144161 0.874004 0.127785 0.883135
0 0.101767 0.862167 0.133010 0.862837 0.132608 0.881583 0.101365 0.880913
1 0.154933 0.826082 0.170972 0.832259 0.151317 0.883293 0.135278 0.877116
1 0.146205 0.832593 0.163683 0.825805 0.183482 0.876782 0.166004 0.883570
0 0.142853 0.860590 0.177151 0.862889 0.175897 0.881597 0.141599 0.879298
1 0.199224 0.826293 0.214764 0.833636 0.191401 0.883082 0.175861 0.875739
1 0.188373 0.832609 0.205845 0.825806 0.225690 0.876766 0.208218 0.883569
0 0.196559 0.862665 0.205929 0.862346 0.206566 0.881085 0.197196 0.881404
1 0.238956 0.826062 0.255070 0.832042 0.236044 0.883313 0.219930 0.877333
1 0.230869 0.833017 0.248190 0.825838 0.269131 0.876358 0.251810 0.883537
0 0.227481 0.862887 0.258647 0.860601 0.260019 0.879300 0.228853 0.881587
1 0.281516 0.825899 0.298631 0.833557 0.276297 0.883476 0.259182 0.875818
1 0.271457 0.833769 0.288489 0.825929 0.311355 0.875606 0.294323 0.883446
1 0.323738 0.825902 0.340844 0.833580 0.318450 0.883473 0.301344 0.875795
1 0.315125 0.833124 0.332406 0.825848 0.353625 0.876251 0.336344 0.883527
0 0.313022 0.860899 0.344228 0.862565 0.343228 0.881289 0.312022 0.879622
1 0.366072 0.824807 0.384581 0.833174 0.362053 0.883006 0.343544 0.874639
1 0.357676 0.833127 0.373405 0.826199 0.395449 0.876248 0.379720 0.883176
0 0.357453 0.862999 0.382434 0.862015 0.383172 0.880751 0.358191 0.881735
1 0.406679 0.825807 0.424145 0.832625 0.404259 0.883568 0.386792 0.876750
1 0.401106 0.831262 0.414121 0.825936 0.434831 0.876551 0.421816 0.881876
1 0.452252 0.826149 0.468796 0.834973 0.443060 0.883226 0.426516 0.874402
1 0.442975 0.832124 0.455711 0.826161 0.478900 0.875689 0.466164 0.881652
1 0.493529 0.824971 0.511525 0.834393 0.486158 0.882841 0.468163 0.873420
1 0.483981 0.833030 0.501297 0.825839 0.522269 0.876345 0.504953 0.883536
0 0.480477 0.863148 0.511603 0.860364 0.513273 0.879040 0.482147 0.881823
1 0.532602 0.825787 0.550215 0.832217 0.531461 0.883588 0.513848 0.877158
1 0.523239 0.833561 0.543144 0.824489 0.565824 0.874252 0.545918 0.883324
0 0.524000 0.860465 0.556539 0.864691 0.554125 0.883285 0.521586 0.879059
1 0.580067 0.826076 0.593887 0.833366 0.568371 0.881736 0.554551 0.874446
1 0.569704 0.831901 0.584310 0.826352 0.603733 0.877474 0.589127 0.883023
0 0.557334 0.863017 0.604139 0.860449 0.605166 0.879170 0.558361 0.881739
1 0.619496 0.825874 0.636691 0.833352 0.614879 0.883501 0.597684 0.876023
1 0.609339 0.833007 0.627916 0.824791 0.650036 0.874805 0.631459 0.883021
1 0.661204 0.825839 0.678520 0.833030 0.657546 0.883536 0.640230 0.876345
1 0.650911 0.833994 0.667855 0.825963 0.691276 0.875381 0.674333 0.883412
0 0.660171 0.862924 0.669514 0.862142 0.671079 0.880826 0.661736 0.881608
1 0.702679 0.824999 0.723589 0.835587 0.698884 0.884376 0.677974 0.873788
1 0.694542 0.833368 0.711729 0.825876 0.733583 0.876007 0.716396 0.883499
1 0.745487 0.826078 0.761541 0.832215 0.742013 0.883297 0.725959 0.877160
1 0.737436 0.833064 0.753189 0.826189 0.775064 0.876311 0.759311 0.883186
0 0.737073 0.863099 0.762045 0.861922 0.762927 0.880651 0.737955 0.881828
1 0.787477 0.825822 0.804864 0.832839 0.784398 0.883553 0.767011 0.876536
1 0.778935 0.832984 0.794717 0.826176 0.816377 0.876391 0.800595 0.883199
0 0.785620 0.863135 0.794926 0.862002 0.797193 0.880615 0.787886 0.881748
1 0.830814 0.825887 0.843900 0.831037 0.823873 0.881925 0.810787 0.876776
1 0.822731 0.831694 0.838962 0.826039 0.856956 0.877681 0.840726 0.883336
0 0.817178 0.863184 0.848298 0.860332 0.850009 0.879004 0.818890 0.881856
1 0.872498 0.826179 0.888274 0.833002 0.866564 0.883196 0.850789 0.876373
1 0.860679 0.835203 0.877126 0.826201 0.903384 0.874172 0.886937 0.883174
0 0.858803 0.862854 0.893105 0.860623 0.894322 0.879333 0.860020 0.881565
0 0.064346 0.888616 0.072090 0.889646 0.070029 0.905134 0.062285 0.904104
0 0.070377 0.888954 0.096938 0.889171 0.096811 0.904796 0.070249 0.904579
0 0.091026 0.888418 0.117556 0.889726 0.116787 0.905332 0.090256 0.904024
0 0.114598 0.887165 0.140862 0.891135 0.138527 0.906585 0.112263 0.902615
0 0.141319 0.887329 0.162880 0.891021 0.160243 0.906421 0.138682 0.902729
0 0.161980 0.889733 0.200938 0.886871 0.202082 0.902455 0.163125 0.905316
0 0.195553 0.883632 0.233366 0.893430 0.229447 0.908556 0.191634 0.898757
0 0.225370 0.887373 0.251699 0.890889 0.249630 0.906377 0.223301 0.902861
0 0.246850 0.889751 0.271689 0.886913 0.273462 0.902437 0.248624 0.905275
0 0.267298 0.884196 0.293947 0.893187 0.288952 0.907992 0.262303 0.899001
0 0.293297 0.885716 0.319292 0.891180 0.316078 0.906471 0.290083 0.901007
0 0.314155 0.888908 0.340715 0.889218 0.340533 0.904842 0.313972 0.904532
0 0.332708 0.889243 0.359268 0.888883 0.359480 0.904507 0.332920 0.904867
0 0.356180 0.890845 0.384092 0.887397 0.386008 0.902905 0.358095 0.906353
0 0.389412 0.888530 0.414389 0.889610 0.413713 0.905220 0.388736 0.904140
0 0.413674 0.891528 0.439820 0.886842 0.442576 0.902222 0.416430 0.906908
0 0.429345 0.889676 0.455880 0.888465 0.456592 0.904074 0.430057 0.905285
0 0.445769 0.888334 0.472290 0.889815 0.471419 0.905416 0.444897 0.903935
0 0.455922 0.892815 0.494309 0.885580 0.497203 0.900935 0.458816 0.908170
0 0.485569 0.893028 0.523879 0.885398 0.526931 0.900722 0.488621 0.908352
0 0.520735 0.888346 0.548822 0.889800 0.548015 0.905404 0.519928 0.903950
0 0.554048 0.885881 0.579698 0.892780 0.575640 0.907869 0.549989 0.900970
0 0.583250 0.888403 0.608214 0.889744 0.607375 0.905347 0.582411 0.904006
0 0.622953 0.889324 0.630750 0.888832 0.631735 0.904426 0.623938 0.904918
0 0.637506 0.889048 0.676568 0.889077 0.676557 0.904702 0.637494 0.904673
0 0.669594 0.889658 0.696021 0.886984 0.697594 0.902530 0.671166 0.905203
0 0.706116 0.889281 0.731113 0.888847 0.731384 0.904469 0.706387 0.904903
0 0.724385 0.889436 0.750852 0.887183 0.752177 0.902752 0.725710 0.905004
0 0.749355 0.889499 0.775811 0.887126 0.777208 0.902688 0.750751 0.905062
0 0.778064 0.889167 0.804626 0.888959 0.804748 0.904583 0.778186 0.904791
0 0.797040 0.888661 0.836094 0.889467 0.835772 0.905089 0.796718 0.904283
0 0.839305 0.888946 0.847114 0.889187 0.846632 0.904804 0.838824 0.904563
0 0.859281 0.889235 0.887403 0.888891 0.887594 0.904515 0.859472 0.904859
0 0.895644 0.886921 0.917332 0.889774 0.915294 0.905266 0.893606 0.902413
6 0.000000 0.601149 0.028539 0.603633 0.026055 0.636351 0.000000 0.633867
6 0.963072 0.391620 1.000000 0.397573 1.000000 0.419318 0.960691 0.413365
