5 0.473688 0.921503 0.493986 0.922286 0.491937 0.975372 0.471639 0.974589
0 0.463994 0.925150 0.562220 0.918714 0.565694 0.971725 0.467467 0.978161
0 0.453465 0.972904 0.481569 0.973983 0.480910 0.991158 0.452806 0.990079
0 0.463964 0.973683 0.506149 0.973193 0.506348 0.990380 0.464164 0.990869
0 0.494484 0.973299 0.517845 0.975195 0.516454 0.992326 0.493093 0.990430
0 0.399450 0.850638 0.532232 0.847811 0.533363 0.900924 0.400581 0.903751
1 0.487333 0.850948 0.504441 0.849298 0.509542 0.902177 0.492434 0.903827
7 0.506021 0.850211 0.554456 0.849791 0.554917 0.902914 0.506481 0.903334
5 0.425043 0.778108 0.445356 0.778142 0.445269 0.831267 0.424957 0.831233
1 0.459357 0.778350 0.473413 0.777925 0.475018 0.831025 0.460962 0.831450
1 0.485806 0.778939 0.509194 0.777422 0.512631 0.830436 0.489243 0.831953
7 0.518867 0.776180 0.546877 0.778725 0.542070 0.831632 0.514061 0.829088
5 0.552504 0.775948 0.581738 0.781112 0.572496 0.833427 0.543262 0.828263
1 0.394638 0.706679 0.408679 0.705902 0.411612 0.758946 0.397571 0.759723
0 0.384278 0.711381 0.482207 0.701393 0.487597 0.754244 0.389668 0.764232
5 0.458246 0.705817 0.478538 0.706738 0.476129 0.759808 0.455837 0.758887
8 0.494525 0.704655 0.511598 0.706636 0.505475 0.759407 0.488402 0.757426
5 0.520934 0.706021 0.541241 0.706494 0.540004 0.759604 0.519697 0.759131
1 0.552550 0.706443 0.569733 0.706070 0.570888 0.759182 0.553704 0.759555
1 0.589790 0.704665 0.606866 0.706616 0.600835 0.759398 0.583759 0.757446
1 0.361951 0.634843 0.379117 0.633975 0.381799 0.687032 0.364633 0.687900
0 0.357074 0.636325 0.445975 0.630959 0.449176 0.683987 0.360275 0.689354
1 0.428489 0.634281 0.442551 0.634474 0.441823 0.687594 0.427762 0.687401
8 0.456042 0.634745 0.474779 0.634042 0.476770 0.687130 0.458034 0.687833
7 0.484756 0.633792 0.512854 0.635008 0.510557 0.688083 0.482458 0.686867
1 0.527330 0.632415 0.544174 0.635834 0.533608 0.687897 0.516764 0.684479
0 0.522672 0.624806 0.612559 0.645270 0.600766 0.697069 0.510879 0.676605
0 0.551762 0.630841 0.640648 0.636453 0.637300 0.689472 0.548415 0.683860
0 0.613209 0.634012 0.641324 0.634757 0.639916 0.687863 0.611801 0.687118
1 0.331212 0.563248 0.345217 0.561972 0.350038 0.614877 0.336033 0.616153
5 0.356794 0.562203 0.386475 0.562808 0.385394 0.615922 0.355712 0.615317
7 0.389493 0.561893 0.417589 0.563161 0.415195 0.616232 0.387098 0.614964
1 0.425122 0.562450 0.446997 0.562551 0.446753 0.615675 0.424878 0.615574
1 0.455758 0.563591 0.472843 0.561723 0.478617 0.614534 0.461532 0.616402
7 0.470148 0.564490 0.523010 0.559211 0.528289 0.612073 0.475427 0.617352
8 0.519833 0.562979 0.538562 0.562082 0.541104 0.615146 0.522376 0.616043
7 0.534137 0.562778 0.587222 0.560700 0.589300 0.613784 0.536216 0.615863
8 0.585609 0.562609 0.602795 0.562396 0.603453 0.615516 0.586267 0.615729
0 0.559275 0.564819 0.692007 0.560213 0.693850 0.613306 0.561118 0.617912
1 0.653396 0.560755 0.671999 0.563100 0.665354 0.615808 0.646751 0.613462
7 0.277704 0.492932 0.330506 0.487079 0.336358 0.539881 0.283557 0.545733
8 0.330940 0.491003 0.348113 0.490292 0.350310 0.543372 0.333137 0.544083
5 0.361579 0.490389 0.381886 0.490877 0.380608 0.543986 0.360302 0.543498
7 0.383238 0.490305 0.423858 0.490952 0.423012 0.544070 0.382392 0.543423
1 0.425050 0.490604 0.446925 0.490646 0.446825 0.543771 0.424950 0.543729
1 0.459433 0.490368 0.476612 0.490908 0.474942 0.544007 0.457763 0.543467
5 0.489167 0.490585 0.509479 0.490665 0.509271 0.543790 0.488958 0.543710
5 0.519737 0.490852 0.540045 0.490410 0.541200 0.543523 0.520892 0.543965
1 0.552379 0.490878 0.569560 0.490393 0.571059 0.543497 0.553878 0.543982
7 0.565129 0.493026 0.617912 0.487004 0.623934 0.539787 0.571151 0.545809
7 0.596838 0.494218 0.649532 0.487463 0.656287 0.540157 0.603593 0.546912
7 0.641659 0.491361 0.669749 0.489955 0.672404 0.543014 0.644314 0.544420
5 0.672987 0.491074 0.702585 0.488774 0.706701 0.541739 0.677103 0.544039
0 0.287298 0.542282 0.295108 0.542098 0.295515 0.559280 0.287704 0.559465
0 0.294310 0.542113 0.322381 0.543857 0.321315 0.561012 0.293244 0.559268
0 0.307422 0.545573 0.338272 0.540585 0.341015 0.557552 0.310166 0.562540
0 0.335551 0.542855 0.363645 0.541539 0.364449 0.558707 0.336355 0.560024
0 0.357207 0.547901 0.398327 0.538472 0.402168 0.555224 0.361048 0.564653
0 0.406663 0.541739 0.414404 0.542793 0.412087 0.559823 0.404346 0.558770
0 0.410275 0.538868 0.451899 0.545737 0.449100 0.562695 0.407476 0.555826
0 0.443175 0.543990 0.471229 0.541991 0.472450 0.559135 0.444396 0.561134
0 0.469644 0.540454 0.500445 0.545730 0.497544 0.562671 0.466742 0.557395
0 0.497011 0.541827 0.504781 0.542642 0.502989 0.559736 0.495219 0.558921
0 0.492978 0.544402 0.534942 0.540064 0.536709 0.557161 0.494745 0.561498
0 0.515236 0.542898 0.544890 0.541496 0.545702 0.558664 0.516047 0.560066
0 0.533593 0.541806 0.561616 0.544194 0.560157 0.561319 0.532134 0.558931
0 0.550886 0.544188 0.578911 0.541811 0.580364 0.558937 0.552339 0.561314
0 0.579730 0.542168 0.587542 0.542207 0.587457 0.559394 0.579645 0.559356
0 0.599275 0.544758 0.622220 0.539979 0.625725 0.556805 0.602780 0.561584
0 0.617207 0.542156 0.645332 0.542219 0.645293 0.559406 0.617168 0.559344
0 0.642358 0.541960 0.665791 0.542419 0.665455 0.559603 0.642022 0.559144
0 0.671135 0.541947 0.694477 0.544061 0.692927 0.561178 0.669585 0.559064
8 0.267228 0.418737 0.284416 0.418763 0.284334 0.471888 0.267147 0.471862
0 0.262380 0.418955 0.353005 0.418546 0.353245 0.471670 0.262620 0.472079
1 0.333168 0.418658 0.347229 0.418846 0.346519 0.471967 0.332458 0.471779
1 0.367422 0.418198 0.381420 0.419546 0.376328 0.472427 0.362330 0.471079
0 0.336526 0.416543 0.469307 0.419407 0.468162 0.472520 0.335380 0.469656
1 0.424771 0.419398 0.441919 0.418226 0.445541 0.471227 0.428394 0.472399
7 0.438975 0.421301 0.487011 0.415077 0.493837 0.467762 0.445801 0.473985
0 0.485083 0.418387 0.513198 0.419131 0.511792 0.472238 0.483677 0.471494
1 0.526024 0.416716 0.544469 0.420088 0.534913 0.472347 0.516469 0.468974
0 0.519549 0.413921 0.611196 0.423891 0.605451 0.476704 0.513804 0.466734
1 0.584546 0.418051 0.607935 0.419559 0.604517 0.472574 0.581128 0.471066
7 0.601788 0.417075 0.654800 0.420538 0.651337 0.473550 0.598325 0.470087
0 0.607266 0.420592 0.705567 0.415419 0.708359 0.468470 0.610058 0.473644
1 0.679165 0.419074 0.696249 0.417185 0.702085 0.469989 0.685001 0.471877
0 0.704629 0.419387 0.732632 0.416779 0.737559 0.469675 0.709555 0.472283
0 0.198357 0.347011 0.287419 0.346740 0.287581 0.399864 0.198519 0.400135
8 0.267036 0.346929 0.285786 0.346822 0.286089 0.399946 0.267339 0.400053
0 0.254225 0.354229 0.351419 0.338630 0.359837 0.391083 0.262644 0.406683
5 0.329596 0.347226 0.349897 0.346554 0.351654 0.399649 0.331353 0.400321
5 0.362991 0.346423 0.383280 0.347387 0.380759 0.400452 0.360470 0.399488
1 0.389923 0.347144 0.411715 0.345245 0.416327 0.398169 0.394535 0.400068
1 0.424442 0.347386 0.443168 0.346433 0.445870 0.399489 0.427144 0.400442
5 0.455733 0.347079 0.476041 0.346681 0.477080 0.399796 0.456771 0.400194
8 0.494071 0.344962 0.512594 0.347866 0.504367 0.400350 0.485843 0.397446
0 0.482660 0.352584 0.570847 0.340126 0.578278 0.392729 0.490091 0.405186
0 0.511960 0.347119 0.610377 0.345080 0.611477 0.398194 0.513061 0.400232
1 0.583248 0.346687 0.606682 0.347070 0.605815 0.400188 0.582381 0.399805
1 0.610718 0.348328 0.633850 0.344553 0.642407 0.396984 0.619275 0.400759
5 0.643848 0.346821 0.673535 0.346930 0.673340 0.400054 0.643652 0.399945
0 0.641733 0.354101 0.729718 0.340292 0.737955 0.392774 0.649970 0.406583
1 0.714703 0.346714 0.728762 0.347052 0.727484 0.400161 0.713426 0.399823
8 0.743058 0.347442 0.761778 0.346391 0.764755 0.399433 0.746034 0.400484
0 0.210733 0.400544 0.241718 0.396478 0.243954 0.413519 0.212970 0.417585
0 0.238738 0.400197 0.261936 0.396854 0.264387 0.413866 0.241189 0.417209
0 0.254937 0.396863 0.284446 0.400115 0.282563 0.417199 0.253054 0.413947
0 0.277915 0.398972 0.320089 0.397908 0.320522 0.415090 0.278348 0.416154
0 0.310692 0.398783 0.334120 0.398100 0.334621 0.415280 0.311193 0.415963
0 0.337135 0.399066 0.365232 0.397826 0.365990 0.414996 0.337893 0.416237
0 0.361072 0.398257 0.384507 0.398620 0.384240 0.415806 0.360806 0.415442
0 0.384159 0.398965 0.391916 0.398033 0.393966 0.415098 0.386209 0.416030
0 0.389863 0.400619 0.431833 0.396344 0.433575 0.413443 0.391604 0.417718
0 0.422407 0.398360 0.452043 0.400107 0.451031 0.417265 0.421395 0.415518
0 0.440037 0.396353 0.482010 0.400610 0.480275 0.417710 0.438303 0.413453
0 0.466443 0.400577 0.494444 0.397937 0.496057 0.415048 0.468056 0.417688
0 0.482305 0.400111 0.510375 0.398360 0.511445 0.415514 0.483375 0.417265
0 0.501836 0.398005 0.529948 0.398879 0.529414 0.416058 0.501302 0.415184
0 0.525167 0.398170 0.553287 0.398708 0.552958 0.415892 0.524838 0.415355
0 0.549406 0.400276 0.577455 0.398208 0.578719 0.415349 0.550670 0.417417
0 0.571143 0.396589 0.594247 0.400531 0.591357 0.417473 0.568253 0.413532
0 0.579613 0.401728 0.621515 0.396826 0.623512 0.413897 0.581610 0.418799
0 0.613726 0.396436 0.642820 0.402345 0.639399 0.419189 0.610305 0.413280
0 0.639339 0.397953 0.670574 0.398931 0.670036 0.416110 0.638801 0.415132
0 0.654367 0.400052 0.696522 0.398399 0.697195 0.415573 0.655040 0.417226
0 0.671564 0.401877 0.713222 0.395214 0.715936 0.412186 0.674278 0.418849
0 0.702427 0.397806 0.733542 0.400705 0.731948 0.417819 0.700833 0.414920
0 0.720480 0.398154 0.750162 0.398724 0.749832 0.415908 0.720150 0.415339
0 0.748724 0.398059 0.772149 0.398825 0.771588 0.416003 0.748163 0.415238
1 0.204095 0.275164 0.218154 0.274849 0.219342 0.327961 0.205283 0.328276
1 0.234926 0.274567 0.253653 0.275499 0.251011 0.328558 0.232284 0.327626
1 0.264893 0.275419 0.281960 0.273390 0.288232 0.326143 0.271165 0.328173
0 0.269865 0.276787 0.343218 0.273274 0.345760 0.326338 0.272407 0.329851
7 0.326978 0.274784 0.355100 0.275223 0.354272 0.328341 0.326150 0.327902
1 0.362226 0.275555 0.376255 0.274574 0.379961 0.327570 0.365933 0.328551
5 0.391488 0.275615 0.411768 0.274470 0.414762 0.327510 0.394482 0.328655
0 0.400741 0.271296 0.473931 0.277321 0.469572 0.330267 0.396382 0.324241
7 0.454862 0.273032 0.482866 0.275634 0.477951 0.328531 0.449947 0.325929
1 0.490413 0.275342 0.507588 0.274695 0.509587 0.327783 0.492412 0.328430
5 0.519605 0.275281 0.539911 0.274738 0.541332 0.327844 0.521027 0.328387
1 0.552101 0.274456 0.575510 0.275608 0.572899 0.328669 0.549490 0.327517
7 0.579072 0.275491 0.607098 0.273133 0.611553 0.326071 0.583527 0.328429
1 0.613626 0.275914 0.635437 0.274242 0.639499 0.327211 0.617688 0.328883
7 0.631219 0.275031 0.684344 0.274969 0.684406 0.328094 0.631281 0.328156
0 0.647230 0.273182 0.736216 0.276864 0.734020 0.329943 0.645034 0.326261
0 0.688694 0.269913 0.761577 0.278927 0.755056 0.331650 0.682173 0.322636
1 0.745227 0.275028 0.762415 0.274973 0.762585 0.328097 0.745398 0.328152
8 0.778558 0.274637 0.795728 0.275417 0.793317 0.328488 0.776147 0.327708
0 0.182446 0.327193 0.210544 0.325949 0.211304 0.343120 0.183206 0.344363
0 0.203575 0.325867 0.231664 0.327280 0.230800 0.344446 0.202711 0.343032
0 0.223543 0.326421 0.246978 0.326705 0.246770 0.343892 0.223334 0.343607
0 0.248081 0.327209 0.277741 0.325932 0.278481 0.343103 0.248821 0.344381
0 0.261560 0.325952 0.303653 0.328774 0.302503 0.345923 0.260410 0.343101
0 0.277451 0.328449 0.319476 0.324742 0.320986 0.341863 0.278962 0.345570
0 0.306282 0.326504 0.337532 0.326621 0.337468 0.343808 0.306218 0.343691
0 0.341665 0.326820 0.349462 0.326338 0.350523 0.343493 0.342725 0.343975
0 0.352632 0.328307 0.383825 0.326412 0.384868 0.343568 0.353675 0.345463
0 0.375600 0.325800 0.398985 0.327364 0.397838 0.344513 0.374453 0.342949
0 0.399724 0.327031 0.427834 0.326103 0.428401 0.343281 0.400291 0.344210
0 0.425536 0.326339 0.433333 0.326819 0.432277 0.343974 0.424479 0.343494
0 0.434351 0.328893 0.476291 0.324332 0.478149 0.341419 0.436209 0.345980
0 0.449416 0.328947 0.491485 0.325789 0.492772 0.342928 0.450703 0.346086
0 0.475819 0.328462 0.499156 0.326298 0.500743 0.343413 0.477406 0.345577
0 0.498433 0.328873 0.527972 0.325901 0.529692 0.343002 0.500153 0.345974
0 0.531963 0.326274 0.560002 0.328466 0.558662 0.345601 0.530623 0.343409
0 0.548295 0.326813 0.577979 0.326315 0.578267 0.343500 0.548584 0.343998
0 0.567452 0.326120 0.597127 0.327012 0.596610 0.344192 0.566936 0.343300
0 0.598887 0.325879 0.622121 0.328958 0.619863 0.345996 0.596629 0.342917
0 0.619629 0.326049 0.647627 0.328716 0.645996 0.345826 0.617998 0.343159
0 0.639443 0.326463 0.681593 0.328239 0.680870 0.345412 0.638719 0.343636
0 0.673773 0.326037 0.701878 0.327101 0.701227 0.344276 0.673122 0.343212
0 0.689488 0.325866 0.719142 0.327278 0.718325 0.344446 0.688671 0.343034
0 0.703923 0.328825 0.733471 0.325944 0.735139 0.343050 0.705592 0.345931
0 0.724239 0.330332 0.754674 0.323241 0.758574 0.339981 0.728139 0.347071
0 0.758138 0.324971 0.786068 0.328273 0.784050 0.345342 0.756119 0.342039
0 0.771169 0.324705 0.813186 0.328490 0.811644 0.345608 0.769627 0.341823
0 0.137930 0.201193 0.226906 0.205109 0.224570 0.258182 0.135594 0.254266
7 0.194268 0.201163 0.234675 0.205373 0.229169 0.258212 0.188763 0.254002
1 0.232706 0.204199 0.246661 0.202459 0.253231 0.255176 0.239277 0.256916
7 0.256592 0.202867 0.297214 0.203388 0.296533 0.256508 0.255911 0.255987
0 0.258998 0.208436 0.349039 0.198157 0.355064 0.250939 0.265024 0.261218
0 0.321253 0.206072 0.348923 0.201036 0.358435 0.253303 0.330764 0.258339
7 0.341849 0.207114 0.394448 0.199661 0.401901 0.252261 0.349302 0.259714
1 0.394348 0.202939 0.411531 0.203324 0.410340 0.256436 0.393157 0.256051
1 0.426175 0.203532 0.443346 0.202770 0.445700 0.255843 0.428529 0.256605
0 0.422087 0.199479 0.514089 0.205315 0.510726 0.258334 0.418723 0.252497
0 0.434962 0.198279 0.567410 0.208117 0.563475 0.261096 0.431027 0.251258
8 0.521423 0.203556 0.538592 0.202752 0.541077 0.255819 0.523908 0.256623
5 0.554218 0.199417 0.582903 0.207063 0.569220 0.258396 0.540534 0.250749
8 0.586419 0.202974 0.603603 0.203285 0.602644 0.256401 0.585459 0.256090
5 0.618967 0.201297 0.639126 0.203794 0.632595 0.256516 0.612437 0.254019
5 0.644223 0.202866 0.673906 0.203392 0.672965 0.256509 0.643282 0.255983
1 0.679682 0.204004 0.696800 0.202461 0.701568 0.255371 0.684450 0.256914
7 0.697053 0.201492 0.750070 0.204865 0.746697 0.257883 0.693680 0.254510
5 0.743458 0.203239 0.763769 0.203015 0.764355 0.256136 0.744043 0.256360
0 0.721164 0.199361 0.853758 0.206976 0.850711 0.260014 0.718117 0.252399
5 0.807536 0.203554 0.827832 0.202739 0.829964 0.255821 0.809668 0.256636
5 0.139077 0.130959 0.159381 0.131564 0.157798 0.184666 0.137494 0.184061
8 0.171718 0.131572 0.188894 0.130961 0.190782 0.184053 0.173606 0.184664
0 0.143428 0.138473 0.275316 0.122834 0.281572 0.175589 0.149684 0.191229
1 0.239854 0.130512 0.253769 0.132547 0.246083 0.185113 0.232169 0.183078
1 0.266980 0.131318 0.284167 0.131184 0.284582 0.184307 0.267395 0.184441
1 0.295060 0.131533 0.313717 0.129668 0.319002 0.182529 0.300345 0.184395
5 0.325747 0.130846 0.355423 0.131675 0.353940 0.184779 0.324264 0.183950
1 0.362649 0.131202 0.379836 0.131299 0.379538 0.184423 0.362351 0.184326
5 0.392243 0.131229 0.412556 0.131271 0.412444 0.184396 0.392132 0.184354
8 0.426439 0.131294 0.445189 0.131207 0.445436 0.184331 0.426686 0.184418
1 0.461712 0.129511 0.478721 0.131976 0.471101 0.184552 0.454091 0.182086
0 0.456263 0.124604 0.547640 0.136800 0.540612 0.189458 0.449235 0.177262
8 0.523962 0.130603 0.542656 0.132057 0.538538 0.185022 0.519844 0.183568
1 0.552981 0.131567 0.570158 0.130965 0.572019 0.184058 0.554842 0.184660
7 0.566464 0.132064 0.619499 0.128964 0.622598 0.181999 0.569564 0.185098
1 0.618322 0.131600 0.632370 0.130956 0.634803 0.184025 0.620755 0.184669
5 0.640447 0.131519 0.670069 0.129537 0.673615 0.182544 0.643994 0.184525
5 0.681965 0.130488 0.702205 0.132202 0.697723 0.185137 0.677483 0.183423
1 0.713036 0.131082 0.730220 0.131428 0.729151 0.184543 0.711967 0.184197
0 0.709501 0.131036 0.800125 0.131464 0.799874 0.184589 0.709250 0.184161
0 0.772587 0.130512 0.800669 0.132070 0.797726 0.185113 0.769644 0.183555
5 0.806205 0.131510 0.826432 0.129651 0.831295 0.182552 0.811068 0.184412
1 0.844017 0.129602 0.861069 0.131753 0.854421 0.184460 0.837368 0.182309
0 0.110900 0.182904 0.153087 0.182721 0.153162 0.199908 0.110975 0.200092
0 0.144724 0.184702 0.174332 0.182531 0.175589 0.199673 0.145981 0.201844
0 0.177004 0.182241 0.200413 0.183406 0.199558 0.200572 0.176150 0.199407
0 0.192972 0.180549 0.222277 0.185297 0.219528 0.202263 0.190223 0.197516
0 0.211732 0.184999 0.239724 0.182269 0.241393 0.199376 0.213401 0.202106
0 0.237521 0.182803 0.245333 0.182822 0.245292 0.200009 0.237479 0.199991
0 0.247954 0.184891 0.290064 0.182328 0.291108 0.199484 0.248999 0.202047
0 0.288636 0.183427 0.312042 0.182221 0.312927 0.199386 0.289520 0.200592
0 0.301478 0.183024 0.343663 0.182602 0.343835 0.199788 0.301650 0.200211
0 0.334274 0.184950 0.357566 0.182344 0.359476 0.199425 0.336184 0.202031
0 0.355098 0.181113 0.383000 0.184648 0.380840 0.201699 0.352938 0.198164
0 0.375012 0.182792 0.404699 0.182833 0.404676 0.200020 0.374988 0.199980
0 0.394966 0.185013 0.422775 0.180806 0.425346 0.197800 0.397538 0.202007
0 0.428539 0.182168 0.456634 0.183475 0.455836 0.200644 0.427741 0.199337
0 0.452976 0.183061 0.481097 0.182567 0.481399 0.199752 0.453278 0.200245
0 0.472804 0.184795 0.502399 0.182447 0.503758 0.199580 0.474164 0.201928
0 0.508394 0.182571 0.516189 0.183092 0.515044 0.200241 0.507249 0.199721
0 0.522278 0.182186 0.550374 0.183457 0.549597 0.200627 0.521501 0.199356
0 0.547719 0.182279 0.577283 0.184980 0.575719 0.202096 0.546155 0.199395
0 0.569139 0.182694 0.611288 0.184509 0.610548 0.201681 0.568400 0.199866
0 0.603873 0.182415 0.633462 0.184830 0.632064 0.201960 0.602475 0.199545
0 0.623648 0.182441 0.654889 0.183189 0.654477 0.200372 0.623236 0.199623
0 0.644040 0.182329 0.673712 0.183305 0.673147 0.200483 0.643476 0.199508
0 0.665619 0.185041 0.693603 0.182233 0.695319 0.199334 0.667334 0.202142
0 0.693735 0.182839 0.723422 0.182786 0.723453 0.199974 0.693765 0.200026
0 0.712943 0.182089 0.742594 0.183557 0.741744 0.200724 0.712093 0.199255
0 0.744086 0.181207 0.772013 0.184539 0.769977 0.201606 0.742050 0.198273
0 0.759539 0.182549 0.787659 0.183079 0.787336 0.200263 0.759216 0.199734
0 0.795562 0.182415 0.803321 0.183328 0.801313 0.200398 0.793554 0.199485
0 0.807243 0.180810 0.830283 0.185106 0.827132 0.202003 0.804092 0.197706
0 0.829624 0.182917 0.857748 0.182708 0.857876 0.199895 0.829752 0.200104
0 0.844851 0.184446 0.874491 0.182769 0.875462 0.199929 0.845822 0.201606
6 0.942919 0.408682 0.969443 0.410106 0.968019 0.436631 0.941494 0.435206
6 0.957443 0.079957 1.000000 0.077872 1.000000 0.096606 0.958225 0.098690
6 0.000000 0.911502 0.025998 0.910396 0.027104 0.936935 0.000565 0.938042
