1 0.068846 0.076263 0.091110 0.083585 0.068654 0.151862 0.046390 0.144540
1 0.067064 0.082263 0.089738 0.076329 0.107936 0.145862 0.085262 0.151796
0 0.061241 0.124593 0.095606 0.125414 0.095009 0.150407 0.060644 0.149586
1 0.124415 0.076014 0.150238 0.082237 0.133398 0.152111 0.107575 0.145888
1 0.128907 0.081101 0.155036 0.076322 0.167968 0.147024 0.141839 0.151803
1 0.186906 0.076195 0.211208 0.082061 0.194344 0.151930 0.170042 0.146064
1 0.190377 0.081130 0.210016 0.075942 0.228373 0.145433 0.208734 0.150621
0 0.176209 0.125663 0.221503 0.124348 0.222228 0.149337 0.176935 0.150652
1 0.249843 0.076025 0.273651 0.083653 0.251719 0.152100 0.227911 0.144472
1 0.248373 0.082739 0.270905 0.076288 0.290690 0.145386 0.268158 0.151837
0 0.239430 0.124399 0.281600 0.125611 0.280882 0.150601 0.238712 0.149389
1 0.310937 0.076295 0.333501 0.082633 0.314063 0.151830 0.291499 0.145492
1 0.313888 0.080449 0.332139 0.076152 0.348612 0.146114 0.330361 0.150411
0 0.299426 0.125282 0.343125 0.123184 0.344324 0.148155 0.300625 0.150253
1 0.367691 0.076450 0.392273 0.081002 0.379184 0.151675 0.354602 0.147123
1 0.371560 0.081776 0.397514 0.076121 0.412815 0.146349 0.386861 0.152004
0 0.361059 0.124796 0.403245 0.125205 0.403003 0.150204 0.360818 0.149795
1 0.430960 0.076417 0.453808 0.081641 0.437790 0.151708 0.414942 0.146484
1 0.427864 0.083809 0.452913 0.074972 0.476824 0.142754 0.451774 0.151590
0 0.421302 0.126750 0.461632 0.121869 0.464636 0.146688 0.424305 0.151569
1 0.491582 0.076447 0.514473 0.081479 0.499043 0.151678 0.476152 0.146646
1 0.492187 0.082930 0.516229 0.076075 0.535938 0.145195 0.511896 0.152050
1 0.552646 0.076368 0.575409 0.081950 0.558292 0.151757 0.535529 0.146175
1 0.552486 0.083699 0.574713 0.076264 0.597514 0.144426 0.575287 0.151861
0 0.546037 0.121767 0.587675 0.128559 0.583650 0.153233 0.542013 0.146441
1 0.615061 0.076287 0.637588 0.082755 0.617752 0.151838 0.595224 0.145370
1 0.613789 0.083432 0.636103 0.076263 0.658086 0.144693 0.635772 0.151862
0 0.619547 0.125413 0.632023 0.124636 0.633578 0.149587 0.621102 0.150364
1 0.676496 0.076272 0.698936 0.083037 0.678191 0.151853 0.655751 0.145088
1 0.676287 0.081867 0.699074 0.076380 0.715900 0.146258 0.693114 0.151745
0 0.665482 0.125255 0.709229 0.124747 0.709518 0.149745 0.665771 0.150253
1 0.735390 0.076373 0.758163 0.081914 0.741173 0.151752 0.718400 0.146211
1 0.737098 0.082444 0.759719 0.076311 0.778527 0.145681 0.755906 0.151814
0 0.728357 0.123430 0.770422 0.126642 0.768518 0.151570 0.726453 0.148358
1 0.794564 0.076403 0.819107 0.081159 0.805436 0.151722 0.780893 0.146966
1 0.795211 0.083241 0.820724 0.075849 0.840726 0.144884 0.815213 0.152276
1 0.096214 0.163828 0.118885 0.169771 0.100661 0.239297 0.077990 0.233354
1 0.096299 0.169555 0.114115 0.163712 0.136513 0.232008 0.118697 0.237851
0 0.085807 0.212732 0.129554 0.212269 0.129818 0.237268 0.086071 0.237731
1 0.157371 0.163661 0.175660 0.167794 0.159816 0.237901 0.141528 0.233768
1 0.156176 0.169945 0.180367 0.163633 0.198511 0.233180 0.174321 0.239492
0 0.151171 0.213057 0.185528 0.211956 0.186329 0.236943 0.151972 0.238044
1 0.218849 0.163769 0.241259 0.170631 0.220214 0.239356 0.197804 0.232494
1 0.218300 0.169976 0.240911 0.163808 0.259825 0.233149 0.237214 0.239317
0 0.209109 0.212944 0.249724 0.212062 0.250266 0.237056 0.209651 0.237938
1 0.278023 0.163842 0.300729 0.169651 0.282914 0.239283 0.260208 0.233474
1 0.276506 0.171347 0.298684 0.163766 0.321932 0.231778 0.299754 0.239359
0 0.286581 0.210841 0.298900 0.212957 0.294669 0.237596 0.282350 0.235481
1 0.344472 0.163832 0.366275 0.172431 0.339903 0.239293 0.318100 0.230694
1 0.340550 0.169245 0.363370 0.163899 0.379763 0.233880 0.356943 0.239226
1 0.403034 0.163769 0.425180 0.171441 0.401654 0.239356 0.379507 0.231684
1 0.401182 0.168284 0.432099 0.163732 0.442568 0.234841 0.411651 0.239393
0 0.390845 0.212122 0.434589 0.212882 0.434155 0.237878 0.390411 0.237118
1 0.466159 0.163821 0.488004 0.172311 0.461966 0.239304 0.440121 0.230814
1 0.460716 0.170263 0.486381 0.163416 0.504909 0.232862 0.479244 0.239709
0 0.466963 0.212615 0.479461 0.212389 0.479912 0.237385 0.467414 0.237611
1 0.523299 0.163774 0.545752 0.170495 0.525139 0.239351 0.502686 0.232630
1 0.520104 0.171462 0.542243 0.163770 0.565834 0.231663 0.543695 0.239355
1 0.582718 0.163591 0.606808 0.170274 0.587595 0.239534 0.563505 0.232851
1 0.582314 0.170537 0.604754 0.163772 0.625499 0.232588 0.603059 0.239353
0 0.575532 0.210511 0.617520 0.214607 0.615093 0.239489 0.573105 0.235393
1 0.644564 0.162443 0.673907 0.173192 0.649186 0.240682 0.619843 0.229933
1 0.644939 0.169925 0.667565 0.163812 0.686311 0.233200 0.663685 0.239313
0 0.649549 0.212736 0.662040 0.212281 0.662951 0.237264 0.650460 0.237719
1 0.707557 0.163763 0.729888 0.170879 0.708068 0.239362 0.685737 0.232246
1 0.707363 0.168530 0.725465 0.163642 0.744199 0.233033 0.726097 0.237920
0 0.695705 0.211861 0.737872 0.213151 0.737108 0.238139 0.694940 0.236849
1 0.768936 0.163763 0.791183 0.171139 0.768564 0.239362 0.746317 0.231986
1 0.762439 0.171144 0.787548 0.162477 0.810998 0.230419 0.785889 0.239085
0 0.745100 0.214567 0.807349 0.208971 0.809587 0.233871 0.747338 0.239467
1 0.829584 0.163436 0.849146 0.168906 0.829791 0.238126 0.810229 0.232656
1 0.829666 0.167537 0.852721 0.163322 0.865647 0.234025 0.842591 0.238240
0 0.816927 0.214454 0.858942 0.210648 0.861198 0.235546 0.819183 0.239352
1 0.065262 0.251360 0.088008 0.257012 0.070675 0.326765 0.047930 0.321113
1 0.066496 0.257636 0.089059 0.251295 0.108504 0.320489 0.085941 0.326830
0 0.070091 0.300283 0.082453 0.298430 0.086159 0.323154 0.073797 0.325007
1 0.125632 0.251405 0.148460 0.256713 0.132181 0.326720 0.109352 0.321412
1 0.127839 0.257368 0.150482 0.251318 0.169036 0.320757 0.146393 0.326807
0 0.109043 0.295047 0.170951 0.303627 0.167520 0.328390 0.105611 0.319811
1 0.185485 0.251362 0.209991 0.256310 0.195765 0.326763 0.171259 0.321815
1 0.185273 0.257383 0.215533 0.249581 0.233477 0.319180 0.203217 0.326982
0 0.177870 0.301944 0.219887 0.298157 0.222130 0.323056 0.180113 0.326843
1 0.250151 0.251268 0.272552 0.258161 0.251412 0.326857 0.229011 0.319964
1 0.251356 0.255138 0.274388 0.250795 0.287706 0.321425 0.264675 0.325768
0 0.237200 0.302200 0.282309 0.297912 0.284675 0.322800 0.239566 0.327088
1 0.309229 0.251095 0.333328 0.257745 0.314209 0.327030 0.290110 0.320380
1 0.304090 0.259302 0.333671 0.249225 0.356847 0.317261 0.327266 0.327337
1 0.370015 0.250903 0.395653 0.257848 0.376860 0.327222 0.351222 0.320277
1 0.370035 0.257264 0.395850 0.251008 0.412778 0.320861 0.386963 0.327117
0 0.349492 0.303898 0.411527 0.296288 0.414571 0.321102 0.352536 0.328712
1 0.430863 0.250911 0.456517 0.257796 0.437887 0.327214 0.412233 0.320329
1 0.435632 0.255114 0.453964 0.251176 0.469056 0.321449 0.450724 0.325386
1 0.500225 0.252361 0.517428 0.259820 0.488837 0.325764 0.471634 0.318305
1 0.492999 0.257165 0.515702 0.251340 0.533563 0.320960 0.510861 0.326785
0 0.486172 0.294787 0.527274 0.304294 0.521641 0.328651 0.480538 0.319144
1 0.556279 0.251263 0.578556 0.258546 0.556221 0.326862 0.533944 0.319579
1 0.548264 0.258921 0.577988 0.249276 0.600173 0.317641 0.570449 0.327287
0 0.546370 0.296251 0.589399 0.304161 0.584880 0.328749 0.541851 0.320839
1 0.617020 0.249399 0.644507 0.260614 0.617355 0.327163 0.589868 0.315948
1 0.614991 0.257298 0.639225 0.251155 0.656884 0.320827 0.632650 0.326970
1 0.677792 0.251143 0.695976 0.255712 0.678458 0.325420 0.660274 0.320850
1 0.677464 0.256627 0.700315 0.251419 0.716286 0.321498 0.693435 0.326706
0 0.654582 0.301716 0.716888 0.296799 0.718855 0.321721 0.656549 0.326639
1 0.738604 0.251144 0.756804 0.255653 0.739521 0.325419 0.721321 0.320910
1 0.740544 0.255400 0.758807 0.251154 0.775081 0.321163 0.756818 0.325408
1 0.797936 0.251198 0.816314 0.254916 0.802064 0.325364 0.783686 0.321647
1 0.799409 0.256111 0.817489 0.251144 0.836528 0.320452 0.818448 0.325418
1 0.096727 0.338801 0.119315 0.345051 0.100148 0.414324 0.077560 0.408074
1 0.096512 0.344918 0.119140 0.338813 0.137863 0.408207 0.115235 0.414312
0 0.086642 0.385599 0.128768 0.387874 0.127420 0.412838 0.085294 0.410563
1 0.153834 0.338282 0.176854 0.342685 0.163353 0.413280 0.140333 0.408878
1 0.160637 0.342270 0.183753 0.338403 0.195613 0.409292 0.172497 0.413160
0 0.146902 0.387453 0.190652 0.387547 0.190598 0.412547 0.146848 0.412453
1 0.217994 0.338468 0.237752 0.343183 0.221068 0.413095 0.201311 0.408380
1 0.216958 0.345050 0.241117 0.338619 0.259605 0.408075 0.235446 0.414506
0 0.206058 0.387855 0.251365 0.387148 0.251755 0.412145 0.206448 0.412852
1 0.277285 0.338971 0.300207 0.343860 0.285215 0.414154 0.262293 0.409265
1 0.277564 0.345276 0.301654 0.338591 0.320873 0.407849 0.296784 0.414534
1 0.335570 0.338696 0.361597 0.344002 0.347242 0.414429 0.321215 0.409123
1 0.341801 0.343950 0.359789 0.338659 0.380074 0.407612 0.362086 0.412904
0 0.331434 0.385217 0.373510 0.388287 0.371691 0.413221 0.329615 0.410150
1 0.399887 0.338843 0.422595 0.344645 0.404801 0.414282 0.382093 0.408480
1 0.401290 0.344859 0.423936 0.338819 0.442460 0.408266 0.419814 0.414306
1 0.460713 0.338600 0.484826 0.345200 0.465849 0.414525 0.441737 0.407925
1 0.460490 0.344192 0.489612 0.338426 0.503572 0.408933 0.474450 0.414699
1 0.517556 0.338980 0.543785 0.343171 0.532444 0.414145 0.506215 0.409954
1 0.521505 0.345145 0.545635 0.338607 0.564432 0.407980 0.540302 0.414518
1 0.584445 0.337475 0.609527 0.346218 0.585868 0.414088 0.560786 0.405344
1 0.582479 0.345423 0.604954 0.338777 0.625334 0.407702 0.602858 0.414348
0 0.573300 0.387736 0.615485 0.387266 0.615763 0.412264 0.573578 0.412734
1 0.646349 0.338645 0.664557 0.343120 0.647401 0.412918 0.629193 0.408442
1 0.643651 0.345806 0.666006 0.338765 0.687599 0.407319 0.665244 0.414360
0 0.637114 0.383889 0.678886 0.389794 0.675386 0.414548 0.633614 0.408643
1 0.703626 0.338995 0.726577 0.343749 0.711999 0.414130 0.689048 0.409376
1 0.702545 0.346748 0.724587 0.338781 0.749018 0.406377 0.726976 0.414344
0 0.694911 0.388204 0.737075 0.386810 0.737902 0.411796 0.695737 0.413190
1 0.765494 0.338844 0.788205 0.344636 0.770443 0.414281 0.747732 0.408489
1 0.765608 0.345207 0.788150 0.338790 0.807830 0.407918 0.785288 0.414335
0 0.746312 0.388230 0.808740 0.385236 0.809938 0.410207 0.747510 0.413202
1 0.827937 0.338803 0.850532 0.345030 0.831438 0.414322 0.808843 0.408095
1 0.826482 0.345250 0.849011 0.338787 0.868830 0.407875 0.846301 0.414338
1 0.068285 0.426144 0.086485 0.430649 0.069215 0.500419 0.051015 0.495913
1 0.066767 0.432467 0.084461 0.426266 0.108233 0.494096 0.090539 0.500297
1 0.126671 0.425815 0.152081 0.433553 0.131142 0.502310 0.105732 0.494572
1 0.129141 0.431107 0.152127 0.426528 0.166171 0.497018 0.143185 0.501597
0 0.115328 0.477111 0.158885 0.472999 0.161234 0.497889 0.117678 0.502001
1 0.191039 0.426265 0.213241 0.433775 0.190211 0.501860 0.168009 0.494350
1 0.190461 0.431335 0.213389 0.426476 0.228289 0.496790 0.205361 0.501649
1 0.249136 0.426178 0.267471 0.430102 0.252426 0.500385 0.234092 0.496460
1 0.250935 0.430565 0.277188 0.426522 0.288127 0.497560 0.261874 0.501603
0 0.254145 0.475286 0.266633 0.474738 0.267730 0.499714 0.255242 0.500262
1 0.312234 0.426264 0.334567 0.433372 0.312766 0.501861 0.290433 0.494753
1 0.308934 0.432997 0.331386 0.426274 0.352004 0.495128 0.329552 0.501851
0 0.300154 0.472656 0.345354 0.475843 0.343596 0.500781 0.298396 0.497595
1 0.370104 0.425834 0.395578 0.433362 0.375208 0.502291 0.349735 0.494763
1 0.371146 0.432660 0.393702 0.426293 0.413229 0.495465 0.390673 0.501832
1 0.429548 0.424392 0.459523 0.433228 0.439202 0.502170 0.409227 0.493335
1 0.432146 0.431870 0.451575 0.425944 0.472542 0.494693 0.453113 0.500618
0 0.437668 0.474569 0.450133 0.475501 0.448270 0.500431 0.435804 0.499499
1 0.493538 0.426055 0.517508 0.433158 0.497087 0.502070 0.473117 0.494967
1 0.491465 0.433761 0.513671 0.426265 0.536660 0.494364 0.514454 0.501860
0 0.481162 0.477560 0.522862 0.471167 0.526651 0.495878 0.484950 0.502271
1 0.556665 0.426265 0.578866 0.433775 0.555835 0.501860 0.533634 0.494350
1 0.551367 0.432406 0.580044 0.424727 0.598633 0.494157 0.569956 0.501835
1 0.613326 0.426460 0.636235 0.431412 0.621049 0.501665 0.598140 0.496713
1 0.614019 0.432424 0.638215 0.426136 0.656294 0.495701 0.632097 0.501989
0 0.605602 0.475338 0.646168 0.473136 0.647523 0.498100 0.606957 0.500301
1 0.674288 0.426386 0.697085 0.431827 0.680400 0.501739 0.657603 0.496298
1 0.679592 0.429273 0.702812 0.426083 0.712595 0.497289 0.689376 0.500479
0 0.667532 0.473332 0.708013 0.476757 0.705905 0.501668 0.665425 0.498243
1 0.737142 0.426311 0.759766 0.432436 0.740983 0.501814 0.718359 0.495689
1 0.736803 0.432639 0.759366 0.426295 0.778822 0.495486 0.756259 0.501830
0 0.726212 0.475633 0.769944 0.474377 0.770663 0.499367 0.726931 0.500623
1 0.798013 0.426065 0.822022 0.433034 0.801987 0.502060 0.777978 0.495091
1 0.796337 0.433315 0.820256 0.426043 0.841163 0.494810 0.817244 0.502082
0 0.787378 0.475216 0.831126 0.474786 0.831372 0.499784 0.787624 0.500214
0 0.074258 0.496381 0.108534 0.498990 0.106992 0.519244 0.072716 0.516635
0 0.094173 0.496191 0.128520 0.497575 0.127702 0.517871 0.093355 0.516487
0 0.115389 0.497286 0.149754 0.496470 0.150236 0.516776 0.115871 0.517593
0 0.141395 0.496454 0.175682 0.498911 0.174230 0.519171 0.139943 0.516714
0 0.168082 0.494904 0.217921 0.498912 0.216293 0.519159 0.166454 0.515151
0 0.195924 0.494821 0.230034 0.499086 0.227513 0.519241 0.193404 0.514977
0 0.213418 0.499219 0.241192 0.494785 0.244394 0.514843 0.216621 0.519278
0 0.258180 0.496713 0.267549 0.497050 0.266820 0.517349 0.257451 0.517013
0 0.269620 0.498931 0.303905 0.496435 0.305380 0.516694 0.271095 0.519190
0 0.300717 0.496432 0.338134 0.498925 0.336783 0.519193 0.299366 0.516700
0 0.337898 0.491780 0.370355 0.503103 0.363664 0.522282 0.331208 0.510959
0 0.343778 0.496808 0.393777 0.496943 0.393722 0.517255 0.343723 0.517120
0 0.375969 0.492097 0.407986 0.504609 0.400593 0.523528 0.368576 0.511016
0 0.388924 0.497113 0.423296 0.496639 0.423576 0.516949 0.389204 0.517424
0 0.418514 0.500858 0.452066 0.493378 0.456486 0.513204 0.422934 0.520684
0 0.436749 0.500875 0.470576 0.494761 0.474189 0.514750 0.440362 0.520864
0 0.447744 0.502593 0.496833 0.493090 0.500693 0.513032 0.451605 0.522535
0 0.493076 0.493563 0.526719 0.500619 0.522549 0.520499 0.488906 0.513443
0 0.521137 0.498958 0.553851 0.496416 0.555425 0.516667 0.522711 0.519209
0 0.548062 0.499388 0.585246 0.494533 0.587876 0.514674 0.550691 0.519530
0 0.586751 0.493646 0.620433 0.500514 0.616374 0.520417 0.582692 0.513548
0 0.630663 0.496711 0.639592 0.499568 0.633400 0.518914 0.624471 0.516057
0 0.634050 0.501140 0.667487 0.493165 0.672200 0.512923 0.638763 0.520898
0 0.659137 0.499038 0.696402 0.494840 0.698675 0.515025 0.661411 0.519222
0 0.687025 0.500433 0.724142 0.495087 0.727038 0.515192 0.689921 0.520538
0 0.729443 0.497924 0.738654 0.496180 0.742432 0.516138 0.733221 0.517882
0 0.752387 0.493357 0.789142 0.500796 0.785113 0.520705 0.748358 0.513266
0 0.772604 0.495262 0.809774 0.500229 0.807083 0.520363 0.769914 0.515396
0 0.805449 0.494630 0.839504 0.499309 0.836739 0.519432 0.802684 0.514754
0 0.836818 0.496295 0.871080 0.499084 0.869432 0.519330 0.835170 0.516541
0 0.870879 0.494879 0.905004 0.499018 0.902558 0.519183 0.868433 0.515044
1 0.097105 0.513767 0.119492 0.520707 0.098207 0.589358 0.075821 0.582418
1 0.093419 0.520912 0.118876 0.513329 0.139394 0.582213 0.113937 0.589796
0 0.079325 0.557076 0.140803 0.568333 0.136300 0.592924 0.074822 0.581667
1 0.154251 0.513496 0.180050 0.519821 0.162936 0.589629 0.137138 0.583304
1 0.157525 0.519869 0.180167 0.513818 0.198725 0.583256 0.176083 0.589307
0 0.152191 0.560897 0.186525 0.562570 0.185309 0.587540 0.150975 0.585868
1 0.223103 0.513746 0.240839 0.519829 0.217522 0.587816 0.199786 0.581734
1 0.218296 0.519978 0.240907 0.513808 0.259829 0.583147 0.237218 0.589317
0 0.213088 0.561729 0.247428 0.563297 0.246287 0.588271 0.211947 0.586703
1 0.277902 0.513850 0.300627 0.519586 0.283036 0.589275 0.260311 0.583539
1 0.281234 0.518052 0.301025 0.513480 0.317204 0.583510 0.297413 0.588083
1 0.340631 0.513771 0.363058 0.520578 0.342182 0.589354 0.319754 0.582547
1 0.340144 0.519383 0.366068 0.513595 0.381731 0.583742 0.355807 0.589530
0 0.331395 0.560274 0.373479 0.563225 0.371730 0.588164 0.329646 0.585212
1 0.399300 0.513957 0.422203 0.518930 0.406950 0.589168 0.384047 0.584195
1 0.401169 0.519938 0.423792 0.513811 0.442581 0.583187 0.419958 0.589314
0 0.390294 0.563076 0.432466 0.561934 0.433143 0.586924 0.390971 0.588066
1 0.459439 0.511783 0.489181 0.521373 0.467123 0.589780 0.437381 0.580189
1 0.462299 0.519322 0.485097 0.513887 0.501764 0.583803 0.478965 0.589238
0 0.442426 0.560203 0.504752 0.564867 0.502886 0.589797 0.440561 0.585133
1 0.524831 0.513437 0.544403 0.518872 0.525169 0.588126 0.505597 0.582690
1 0.519991 0.522163 0.541889 0.513808 0.567509 0.580962 0.545611 0.589317
0 0.516691 0.563213 0.551037 0.561808 0.552059 0.586787 0.517713 0.588192
1 0.585989 0.513763 0.608262 0.521059 0.585886 0.589362 0.563613 0.582066
1 0.585506 0.516959 0.614965 0.513282 0.623869 0.584603 0.594410 0.588281
1 0.644208 0.511990 0.672360 0.521415 0.649542 0.589572 0.621390 0.580148
1 0.644728 0.520064 0.667313 0.513800 0.686522 0.583061 0.663937 0.589325
0 0.622950 0.566319 0.685003 0.558859 0.687987 0.583681 0.625934 0.591141
1 0.705934 0.513657 0.724209 0.517852 0.708129 0.587905 0.689854 0.583710
1 0.699730 0.521916 0.727694 0.511946 0.751832 0.579646 0.723869 0.589617
1 0.765392 0.513851 0.788118 0.519581 0.770545 0.589274 0.747819 0.583544
1 0.764959 0.518726 0.795569 0.512434 0.810041 0.582837 0.779431 0.589129
1 0.826194 0.513924 0.849053 0.519100 0.833181 0.589201 0.810322 0.584025
1 0.824535 0.521659 0.846607 0.513777 0.870778 0.581466 0.848705 0.589348
0 0.073728 0.583899 0.108089 0.584859 0.107522 0.605164 0.073161 0.604203
0 0.097314 0.583666 0.131659 0.585101 0.130811 0.605396 0.096466 0.603961
0 0.130461 0.582701 0.167613 0.587800 0.164851 0.607924 0.127699 0.602825
0 0.155917 0.584961 0.190272 0.583801 0.190958 0.604101 0.156603 0.605262
0 0.164804 0.582714 0.214690 0.586082 0.213321 0.606349 0.163435 0.602980
0 0.199180 0.583994 0.233473 0.586367 0.232070 0.606631 0.197777 0.604258
0 0.206180 0.584548 0.256179 0.584203 0.256320 0.604515 0.206321 0.604860
0 0.232171 0.587933 0.264555 0.582645 0.267829 0.602692 0.235445 0.607980
0 0.254488 0.586256 0.288669 0.582608 0.290825 0.602806 0.256644 0.606454
0 0.283683 0.583809 0.317947 0.586569 0.316317 0.606816 0.282053 0.604056
0 0.308446 0.582292 0.342548 0.586619 0.339991 0.606770 0.305890 0.602443
0 0.327412 0.586472 0.361691 0.583897 0.363213 0.604153 0.328934 0.606728
0 0.354304 0.586672 0.388393 0.582247 0.391008 0.602391 0.356919 0.606815
0 0.387341 0.586169 0.421539 0.582686 0.423597 0.602894 0.389399 0.606377
0 0.403009 0.588002 0.436695 0.581155 0.440741 0.601061 0.407055 0.607907
0 0.420240 0.586764 0.454472 0.583633 0.456322 0.603861 0.422090 0.606992
0 0.454158 0.586112 0.488481 0.584231 0.489592 0.604513 0.455269 0.606394
0 0.479198 0.578944 0.514755 0.590858 0.508302 0.610118 0.472745 0.598204
0 0.492701 0.584334 0.527035 0.586002 0.526049 0.606291 0.491715 0.604623
0 0.525312 0.583939 0.534635 0.584924 0.532500 0.605124 0.523177 0.604139
0 0.542545 0.583819 0.575338 0.584943 0.574642 0.605244 0.541849 0.604119
0 0.559134 0.584794 0.593499 0.583962 0.593991 0.604268 0.559626 0.605101
0 0.581805 0.584270 0.616133 0.586070 0.615070 0.606355 0.580742 0.604555
0 0.607289 0.585630 0.616441 0.583601 0.620836 0.603433 0.611684 0.605461
0 0.619076 0.582700 0.653277 0.586152 0.651237 0.606362 0.617036 0.602910
0 0.646437 0.585155 0.680778 0.583616 0.681688 0.603908 0.647347 0.605447
0 0.693114 0.584693 0.702470 0.584098 0.703761 0.604369 0.694405 0.604965
0 0.709619 0.584266 0.718992 0.584490 0.718506 0.604797 0.709133 0.604572
0 0.718120 0.586091 0.746186 0.584264 0.747505 0.604534 0.719439 0.606361
0 0.749950 0.584398 0.759325 0.584352 0.759425 0.604664 0.750050 0.604710
0 0.768410 0.582350 0.802273 0.588265 0.798777 0.608275 0.764915 0.602360
0 0.795407 0.584246 0.823531 0.584505 0.823343 0.604817 0.795219 0.604557
0 0.816429 0.586565 0.850694 0.583812 0.852321 0.604060 0.818056 0.606813
0 0.849734 0.584502 0.859106 0.584255 0.859641 0.604560 0.850269 0.604808
0 0.878946 0.585228 0.888207 0.583769 0.891367 0.603835 0.882106 0.605293
1 0.061810 0.601248 0.087881 0.606330 0.074128 0.676877 0.048056 0.671795
1 0.067137 0.607221 0.084905 0.601232 0.107863 0.669342 0.090095 0.675331
0 0.058634 0.646843 0.100533 0.651765 0.097616 0.676594 0.055717 0.671672
1 0.132653 0.601260 0.150360 0.607426 0.126722 0.675303 0.109015 0.669136
1 0.127651 0.607193 0.151915 0.601172 0.169224 0.670932 0.144960 0.676953
0 0.134676 0.649231 0.147046 0.651029 0.143449 0.675769 0.131079 0.673971
1 0.188731 0.599891 0.217732 0.611533 0.190956 0.678234 0.161956 0.666592
1 0.188417 0.607604 0.210990 0.601297 0.230333 0.670521 0.207760 0.676828
1 0.249507 0.601198 0.267884 0.604920 0.253618 0.675365 0.235241 0.671643
1 0.252853 0.605096 0.271189 0.601178 0.286209 0.671466 0.267873 0.675384
0 0.239139 0.649873 0.281325 0.650128 0.281174 0.675127 0.238987 0.674872
1 0.311006 0.601292 0.333559 0.607672 0.313994 0.676833 0.291441 0.670453
1 0.313471 0.605673 0.331665 0.601143 0.349029 0.670889 0.330835 0.675419
1 0.368277 0.600835 0.391343 0.604991 0.378598 0.675727 0.355532 0.671571
1 0.370250 0.607651 0.395950 0.600935 0.414125 0.670474 0.388425 0.677190
0 0.363551 0.646642 0.403819 0.652015 0.400512 0.676796 0.360244 0.671422
1 0.434137 0.601263 0.456465 0.608389 0.434613 0.676862 0.412285 0.669736
1 0.430612 0.608134 0.453021 0.601269 0.474076 0.669991 0.451666 0.676856
1 0.491655 0.601372 0.514426 0.606922 0.497408 0.676753 0.474637 0.671203
1 0.490093 0.609211 0.512147 0.601280 0.536470 0.668914 0.514415 0.676845
0 0.483822 0.646507 0.527208 0.652139 0.523990 0.676931 0.480604 0.671299
1 0.555043 0.601016 0.578746 0.608964 0.555894 0.677109 0.532191 0.669161
1 0.553116 0.607702 0.575659 0.601290 0.595322 0.670423 0.572778 0.676835
0 0.546785 0.650515 0.581067 0.647990 0.582903 0.672923 0.548621 0.675447
1 0.616385 0.600945 0.636046 0.606047 0.617990 0.675618 0.598329 0.670515
1 0.616997 0.606334 0.635017 0.601152 0.654878 0.670229 0.636858 0.675410
1 0.677231 0.601152 0.695482 0.605447 0.679019 0.675411 0.660768 0.671116
1 0.673120 0.608732 0.696902 0.601022 0.719067 0.669393 0.695286 0.677103
1 0.739176 0.601273 0.761280 0.609065 0.737387 0.676852 0.715282 0.669060
1 0.736803 0.607655 0.754441 0.601294 0.778822 0.668908 0.761184 0.675268
1 0.792979 0.599903 0.821881 0.606686 0.805459 0.676660 0.776557 0.669877
1 0.799325 0.606626 0.817264 0.601171 0.838175 0.669936 0.820236 0.675392
0 0.789367 0.648327 0.831415 0.651755 0.829383 0.676673 0.787335 0.673245
1 0.094748 0.688943 0.117633 0.693999 0.102127 0.764182 0.079242 0.759126
1 0.098332 0.692000 0.124644 0.688364 0.134481 0.759563 0.108168 0.763198
0 0.088993 0.737981 0.123280 0.735520 0.125069 0.760456 0.090783 0.762917
1 0.158108 0.688534 0.181981 0.695957 0.160642 0.764591 0.136769 0.757168
1 0.157217 0.695072 0.179799 0.688800 0.199033 0.758053 0.176451 0.764325
0 0.147369 0.735920 0.189526 0.737536 0.188568 0.762518 0.146412 0.760902
1 0.216893 0.688918 0.239742 0.694138 0.223732 0.764207 0.200883 0.758987
1 0.216899 0.695942 0.239209 0.688763 0.261226 0.757183 0.238916 0.764362
1 0.275821 0.689049 0.298828 0.693520 0.285117 0.764076 0.262110 0.759605
1 0.276456 0.696385 0.298621 0.688767 0.321981 0.756740 0.299816 0.764358
0 0.260758 0.732282 0.322586 0.741424 0.318929 0.766155 0.257101 0.757013
1 0.338853 0.688910 0.361689 0.694182 0.345522 0.764215 0.322686 0.758943
1 0.341452 0.693881 0.365939 0.688843 0.380423 0.759244 0.355936 0.764282
1 0.403458 0.688764 0.425676 0.696226 0.402792 0.764361 0.380574 0.756899
1 0.399514 0.696086 0.421778 0.688763 0.444236 0.757039 0.421972 0.764362
0 0.406512 0.737373 0.419009 0.737633 0.418488 0.762627 0.405991 0.762367
1 0.454392 0.688397 0.485130 0.694031 0.472171 0.764728 0.441433 0.759094
1 0.462378 0.694273 0.485191 0.688895 0.501684 0.758852 0.478872 0.764230
0 0.467817 0.736889 0.480241 0.738262 0.477496 0.763111 0.465071 0.761738
1 0.519719 0.688352 0.542798 0.692434 0.530281 0.763210 0.507202 0.759129
1 0.527491 0.691657 0.550732 0.688632 0.560009 0.759906 0.536768 0.762931
1 0.587130 0.688694 0.604996 0.694384 0.583182 0.762869 0.565316 0.757178
1 0.582666 0.695533 0.606676 0.688565 0.626709 0.757592 0.602699 0.764560
0 0.576506 0.732597 0.617767 0.741389 0.612557 0.765840 0.571296 0.757049
1 0.646736 0.688647 0.664794 0.693692 0.645452 0.762916 0.627393 0.757870
1 0.643675 0.695789 0.666035 0.688765 0.687575 0.757336 0.665215 0.764360
0 0.634376 0.737499 0.678126 0.737501 0.678124 0.762501 0.634374 0.762499
1 0.706188 0.688772 0.728628 0.695539 0.707874 0.764353 0.685435 0.757586
1 0.701099 0.696397 0.729258 0.686992 0.752026 0.755166 0.723867 0.764570
0 0.686821 0.735484 0.749188 0.739569 0.747554 0.764516 0.685187 0.760431
1 0.768475 0.688764 0.790810 0.695867 0.769025 0.764361 0.746690 0.757258
1 0.764871 0.695646 0.790414 0.688360 0.810129 0.757479 0.784586 0.764765
0 0.755916 0.739609 0.797904 0.735509 0.800334 0.760391 0.758346 0.764491
1 0.824498 0.688504 0.850307 0.694784 0.833315 0.764621 0.807505 0.758341
1 0.824295 0.696196 0.849657 0.688302 0.871018 0.756929 0.845656 0.764823
1 0.064876 0.776462 0.087786 0.781406 0.072624 0.851663 0.049714 0.846719
1 0.064942 0.783166 0.087341 0.776268 0.108496 0.844959 0.086096 0.851857
1 0.127330 0.776336 0.150022 0.782198 0.132045 0.851789 0.109353 0.845927
1 0.131117 0.780427 0.149373 0.776153 0.165758 0.846135 0.147502 0.850410
1 0.190459 0.776263 0.212774 0.783431 0.190791 0.851862 0.168476 0.844694
1 0.187134 0.782866 0.212766 0.775900 0.231616 0.845259 0.205984 0.852225
1 0.253423 0.776355 0.275144 0.785161 0.248139 0.851770 0.226419 0.842964
1 0.251382 0.781344 0.274308 0.776474 0.289243 0.846781 0.266317 0.851651
1 0.311793 0.775936 0.331329 0.781499 0.311645 0.850626 0.292109 0.845063
1 0.313736 0.780530 0.331967 0.776148 0.348764 0.846033 0.330533 0.850415
1 0.376405 0.776260 0.394112 0.782427 0.370470 0.850303 0.352763 0.844135
1 0.371587 0.781875 0.394371 0.776379 0.411225 0.846250 0.388441 0.851746
0 0.362933 0.823147 0.404948 0.826955 0.402692 0.851853 0.360677 0.848045
1 0.435427 0.776186 0.453314 0.781809 0.431761 0.850376 0.413874 0.844754
1 0.428972 0.784037 0.452650 0.776014 0.475715 0.844088 0.452037 0.852111
0 0.420173 0.826837 0.465343 0.823242 0.467327 0.848163 0.422157 0.851758
1 0.490327 0.776497 0.513280 0.781240 0.498736 0.851628 0.475783 0.846885
1 0.493190 0.782044 0.515926 0.776355 0.533373 0.846081 0.510636 0.851770
0 0.482512 0.827039 0.524513 0.823072 0.526863 0.847961 0.484862 0.851928
1 0.559662 0.776172 0.578465 0.783857 0.551275 0.850390 0.532472 0.842706
1 0.552681 0.783555 0.574955 0.776263 0.597319 0.844570 0.575045 0.851862
0 0.543038 0.825507 0.585150 0.822976 0.586649 0.847931 0.544538 0.850462
1 0.618721 0.776173 0.636653 0.781651 0.615654 0.850390 0.597722 0.844912
1 0.616523 0.781153 0.634592 0.776145 0.653789 0.845409 0.635720 0.850417
0 0.611670 0.821558 0.645575 0.827222 0.641455 0.851880 0.607550 0.846216
1 0.675998 0.776287 0.698525 0.782755 0.678690 0.851838 0.656163 0.845370
1 0.674816 0.782820 0.697323 0.776283 0.717372 0.845305 0.694864 0.851842
0 0.681405 0.824574 0.693871 0.825494 0.692032 0.850426 0.679566 0.849506
1 0.735519 0.776429 0.758384 0.781574 0.742606 0.851696 0.719741 0.846551
1 0.737294 0.781820 0.755178 0.776187 0.776769 0.844743 0.758885 0.850375
0 0.741922 0.825136 0.754419 0.824870 0.754953 0.849864 0.742456 0.850130
1 0.793140 0.776369 0.819301 0.780966 0.806860 0.851756 0.780699 0.847159
1 0.796361 0.783047 0.818798 0.776272 0.839576 0.845078 0.817139 0.851853
0 0.074736 0.850851 0.102228 0.844918 0.106514 0.864774 0.079022 0.870707
0 0.096540 0.848524 0.146510 0.846800 0.147210 0.867101 0.097240 0.868825
0 0.129061 0.848801 0.163362 0.846555 0.164689 0.866824 0.130388 0.869070
0 0.147731 0.848959 0.182012 0.846409 0.183519 0.866666 0.149238 0.869216
0 0.161400 0.846586 0.211353 0.848746 0.210475 0.869039 0.160522 0.866879
0 0.190783 0.846495 0.240777 0.847258 0.240467 0.867568 0.190473 0.866805
0 0.219839 0.848504 0.254174 0.846833 0.255161 0.867121 0.220826 0.868792
0 0.233061 0.841996 0.282013 0.852180 0.277876 0.872067 0.228924 0.861883
0 0.261957 0.850337 0.295947 0.845203 0.298980 0.865288 0.264991 0.870422
0 0.278989 0.850736 0.312860 0.844874 0.316324 0.864889 0.282452 0.870751
0 0.290033 0.849255 0.339934 0.846098 0.341217 0.866370 0.291316 0.869527
0 0.324267 0.849014 0.358539 0.846359 0.360108 0.866611 0.325836 0.869266
0 0.356205 0.849206 0.390447 0.846185 0.392232 0.866419 0.357991 0.869440
0 0.383633 0.846608 0.411675 0.848764 0.410117 0.869017 0.382075 0.866861
0 0.398999 0.844887 0.433125 0.849010 0.430689 0.869176 0.396562 0.865053
0 0.419197 0.846154 0.453541 0.847614 0.452678 0.867908 0.418334 0.866449
0 0.452970 0.847142 0.487341 0.846610 0.487655 0.866920 0.453284 0.867452
0 0.476949 0.845195 0.509577 0.848669 0.507426 0.868867 0.474798 0.865394
0 0.497471 0.845200 0.525376 0.848709 0.522842 0.868863 0.494936 0.865353
0 0.523056 0.851325 0.556415 0.843026 0.561319 0.862737 0.527960 0.871037
0 0.548599 0.846272 0.581288 0.849117 0.579526 0.869353 0.546837 0.866508
0 0.567426 0.846101 0.601652 0.849299 0.599762 0.869524 0.565536 0.866326
0 0.592687 0.846855 0.627024 0.848480 0.626063 0.868770 0.591726 0.867145
0 0.618611 0.847114 0.652983 0.846638 0.653264 0.866949 0.618892 0.867424
0 0.643746 0.843570 0.670906 0.850877 0.665629 0.870492 0.638469 0.863186
0 0.665584 0.846932 0.693709 0.846818 0.693791 0.867131 0.665666 0.867244
0 0.683057 0.846472 0.717422 0.847284 0.716943 0.867590 0.682578 0.866779
0 0.699912 0.850422 0.733627 0.843718 0.737588 0.863640 0.703873 0.870345
0 0.721393 0.848602 0.758846 0.846736 0.759857 0.867023 0.722404 0.868889
0 0.732795 0.849120 0.782600 0.844709 0.784392 0.864942 0.734587 0.869353
0 0.776887 0.846441 0.804998 0.847319 0.804363 0.867622 0.776252 0.866743
0 0.799801 0.850747 0.833395 0.843464 0.837699 0.863315 0.804105 0.870599
0 0.825823 0.843634 0.859500 0.850528 0.855427 0.870428 0.821750 0.863534
0 0.845911 0.844838 0.880025 0.849067 0.877526 0.869225 0.843412 0.864996
0 0.864781 0.846729 0.892842 0.848630 0.891469 0.868896 0.863408 0.866995
0 0.871006 0.846094 0.920905 0.849259 0.919619 0.869531 0.869720 0.866366
6 0.934309 0.132917 0.973333 0.131184 0.975066 0.170208 0.936042 0.171941
6 0.964595 0.572929 0.988009 0.573970 0.986968 0.597384 0.963554 0.596343
6 0.955656 0.900620 0.983755 0.899406 0.984969 0.927505 0.956870 0.928719
6 0.025456 0.493312 0.047313 0.494206 0.046419 0.516063 0.024562 0.515169
6 0.033628 0.372663 0.064837 0.374253 0.063247 0.405462 0.032038 0.403872
