0 0.418436 0.933572 0.509408 0.918650 0.517501 0.967991 0.426529 0.982912
7 0.473131 0.926918 0.523082 0.924694 0.525306 0.974644 0.475356 0.976869
1 0.515327 0.927578 0.536983 0.924487 0.544048 0.973985 0.522392 0.977076
0 0.441852 0.975477 0.465271 0.974536 0.465961 0.991710 0.442542 0.992651
0 0.466857 0.975598 0.496521 0.974416 0.497205 0.991590 0.467541 0.992772
0 0.496876 0.974999 0.504689 0.975001 0.504686 0.992188 0.496874 0.992187
0 0.511015 0.974813 0.553200 0.975187 0.553048 0.992374 0.510862 0.992000
1 0.417295 0.862212 0.434472 0.862819 0.432705 0.912788 0.415528 0.912181
1 0.446127 0.862981 0.460163 0.862114 0.463248 0.912019 0.449212 0.912886
1 0.476726 0.861972 0.493873 0.863145 0.490461 0.913028 0.473314 0.911855
7 0.489345 0.862221 0.539342 0.862783 0.538780 0.912779 0.488783 0.912217
1 0.530958 0.863169 0.547976 0.860761 0.554980 0.910268 0.537962 0.912676
0 0.535428 0.857411 0.620715 0.867968 0.614572 0.917589 0.529285 0.907032
1 0.373857 0.798336 0.386355 0.798546 0.385518 0.848539 0.373020 0.848329
0 0.366088 0.797658 0.452011 0.799226 0.451099 0.849217 0.365176 0.847649
1 0.431670 0.798310 0.447293 0.798572 0.446455 0.848565 0.430832 0.848303
5 0.459802 0.798017 0.478530 0.798915 0.476136 0.848858 0.457407 0.847960
1 0.492481 0.798348 0.508105 0.798531 0.507519 0.848527 0.491895 0.848344
1 0.517098 0.799277 0.532511 0.796713 0.540715 0.846036 0.525302 0.848599
8 0.551688 0.797920 0.568837 0.799067 0.565499 0.848955 0.548350 0.847808
1 0.577997 0.799084 0.595144 0.797908 0.598566 0.847791 0.581419 0.848967
7 0.590060 0.802776 0.639412 0.794748 0.647440 0.844099 0.598088 0.852127
0 0.349338 0.846262 0.378886 0.849131 0.377225 0.866238 0.347676 0.863369
0 0.367276 0.846755 0.390713 0.846996 0.390536 0.864182 0.367100 0.863942
0 0.404249 0.847088 0.412051 0.846685 0.412939 0.863849 0.405137 0.864253
0 0.417420 0.846505 0.445535 0.847251 0.445080 0.864432 0.416965 0.863687
0 0.436679 0.846488 0.466269 0.848881 0.464884 0.866012 0.435293 0.863619
0 0.460973 0.846811 0.492223 0.846939 0.492152 0.864126 0.460902 0.863998
0 0.483463 0.846673 0.511516 0.848684 0.510287 0.865827 0.482234 0.863816
0 0.505866 0.847425 0.529278 0.846343 0.530072 0.863512 0.506659 0.864595
0 0.520074 0.847485 0.562244 0.846272 0.562738 0.863452 0.520568 0.864665
0 0.555356 0.846812 0.578729 0.848548 0.577456 0.865688 0.554083 0.863952
0 0.577935 0.847194 0.606053 0.846561 0.606440 0.863744 0.578322 0.864377
0 0.616234 0.846624 0.624027 0.847168 0.622829 0.864314 0.615035 0.863769
0 0.274283 0.729590 0.366105 0.737796 0.361654 0.787598 0.269833 0.779391
5 0.343094 0.732434 0.361612 0.735371 0.353781 0.784754 0.335263 0.781817
7 0.352756 0.736469 0.402593 0.732443 0.406619 0.782281 0.356782 0.786307
7 0.385136 0.733637 0.435113 0.735136 0.433614 0.785113 0.383637 0.783614
5 0.430240 0.734175 0.448986 0.734588 0.447885 0.784575 0.429139 0.784162
1 0.459216 0.734718 0.476391 0.734067 0.478284 0.784032 0.461109 0.784683
0 0.452345 0.736716 0.544328 0.730582 0.547655 0.780471 0.455672 0.786605
7 0.513820 0.735583 0.538575 0.732094 0.545555 0.781604 0.520800 0.785094
1 0.553667 0.733812 0.569238 0.735111 0.565083 0.784938 0.549512 0.783639
1 0.575838 0.735546 0.591175 0.732562 0.600725 0.781641 0.585387 0.784626
7 0.600634 0.733912 0.638123 0.734854 0.636866 0.784838 0.599377 0.783896
5 0.640846 0.734022 0.659581 0.734768 0.657591 0.784728 0.638856 0.783982
7 0.661299 0.734108 0.698795 0.734647 0.698076 0.784642 0.660580 0.784103
0 0.299949 0.782836 0.307762 0.782790 0.307863 0.799977 0.300051 0.800023
0 0.324335 0.780900 0.347413 0.784988 0.344415 0.801912 0.321337 0.797824
0 0.343327 0.784413 0.374535 0.782798 0.375423 0.799962 0.344215 0.801577
0 0.365188 0.784441 0.396394 0.782771 0.397312 0.799934 0.366106 0.801604
0 0.388316 0.782253 0.419445 0.785001 0.417934 0.802122 0.386805 0.799374
0 0.408899 0.786275 0.438144 0.781169 0.441101 0.798100 0.411856 0.803206
0 0.440489 0.783052 0.470173 0.782576 0.470448 0.799761 0.440765 0.800237
0 0.459694 0.782394 0.483116 0.783242 0.482494 0.800418 0.459072 0.799570
0 0.498786 0.782663 0.506592 0.782976 0.505902 0.800150 0.498095 0.799836
0 0.521248 0.781148 0.550485 0.786300 0.547502 0.803227 0.518265 0.798075
0 0.544550 0.785157 0.575651 0.782113 0.577325 0.799218 0.546224 0.802262
0 0.572874 0.784593 0.600930 0.782636 0.602126 0.799782 0.574070 0.801739
0 0.598143 0.784891 0.625985 0.780907 0.628419 0.797921 0.600578 0.801905
0 0.628853 0.780618 0.658183 0.785214 0.655522 0.802194 0.626192 0.797599
0 0.644848 0.784836 0.686964 0.782381 0.687964 0.799539 0.645848 0.801994
0 0.669477 0.782445 0.699072 0.784797 0.697710 0.801930 0.668116 0.799578
8 0.267749 0.669891 0.284912 0.670805 0.282251 0.720734 0.265088 0.719820
1 0.293079 0.671463 0.308585 0.669542 0.314734 0.719162 0.299227 0.721083
7 0.307801 0.671992 0.357696 0.668739 0.360949 0.718633 0.311054 0.721886
1 0.354358 0.670984 0.369937 0.669788 0.373767 0.719641 0.358188 0.720837
7 0.375855 0.668384 0.413278 0.670781 0.410083 0.720678 0.372659 0.718282
7 0.401931 0.668520 0.451792 0.672244 0.448069 0.722105 0.398208 0.718381
7 0.432113 0.666691 0.481746 0.672738 0.475699 0.722371 0.426066 0.716324
8 0.475131 0.670268 0.492318 0.670358 0.492057 0.720357 0.474870 0.720267
0 0.450999 0.670990 0.575965 0.668086 0.577126 0.718073 0.452160 0.720976
0 0.497305 0.669535 0.589479 0.671097 0.588632 0.721090 0.496458 0.719528
5 0.560925 0.670320 0.589050 0.670305 0.589075 0.720305 0.560950 0.720320
0 0.564770 0.666828 0.648842 0.673977 0.644605 0.723797 0.560533 0.716648
8 0.627144 0.669676 0.644270 0.671128 0.640044 0.720949 0.622918 0.719497
0 0.648140 0.671125 0.674545 0.668235 0.679985 0.717938 0.653580 0.720828
7 0.665367 0.672437 0.715063 0.666930 0.720570 0.716625 0.670875 0.722133
7 0.703959 0.666900 0.753413 0.674271 0.746041 0.723725 0.696587 0.716354
0 0.246883 0.718739 0.270321 0.718761 0.270304 0.735949 0.246867 0.735926
0 0.264201 0.718564 0.287636 0.718938 0.287361 0.736124 0.263927 0.735749
0 0.290673 0.718667 0.320360 0.718833 0.320264 0.736020 0.290577 0.735855
0 0.318194 0.720572 0.347812 0.718531 0.348993 0.735678 0.319376 0.737719
0 0.353230 0.718609 0.376666 0.718893 0.376458 0.736079 0.353022 0.735795
0 0.370906 0.718628 0.398970 0.720471 0.397844 0.737622 0.369780 0.735779
0 0.392993 0.723045 0.421938 0.716447 0.425757 0.733205 0.396812 0.739803
0 0.418738 0.718769 0.446863 0.718731 0.446887 0.735919 0.418762 0.735956
0 0.440567 0.718851 0.470254 0.718650 0.470370 0.735837 0.440684 0.736038
0 0.475213 0.718318 0.498514 0.720844 0.496662 0.737932 0.473361 0.735406
0 0.498017 0.720693 0.521165 0.717020 0.523858 0.733995 0.500710 0.737668
0 0.525308 0.717014 0.556352 0.720600 0.554379 0.737674 0.523336 0.734088
0 0.551194 0.718927 0.558999 0.718589 0.559744 0.735760 0.551938 0.736099
0 0.578176 0.718418 0.585953 0.719159 0.584324 0.736269 0.576547 0.735529
0 0.585255 0.720763 0.613277 0.718362 0.614745 0.735487 0.586723 0.737888
0 0.602682 0.720712 0.644804 0.718376 0.645756 0.735538 0.603633 0.737874
0 0.635706 0.718859 0.643516 0.718647 0.643981 0.735829 0.636172 0.736040
0 0.663679 0.718935 0.671483 0.718582 0.672259 0.735752 0.664454 0.736105
0 0.680924 0.719213 0.704344 0.718300 0.705013 0.735474 0.681594 0.736388
0 0.693555 0.719244 0.735732 0.718261 0.736132 0.735444 0.693956 0.736427
0 0.731195 0.718775 0.739007 0.718725 0.739118 0.735912 0.731305 0.735962
1 0.206397 0.606204 0.222022 0.606296 0.221728 0.656296 0.206103 0.656204
1 0.236370 0.606132 0.250431 0.606375 0.249567 0.656368 0.235507 0.656125
1 0.267828 0.605849 0.283428 0.606730 0.280610 0.656651 0.265010 0.655770
1 0.294729 0.606718 0.310330 0.605858 0.313083 0.655782 0.297482 0.656642
0 0.286858 0.606691 0.379013 0.604264 0.380330 0.654246 0.288174 0.656674
8 0.355446 0.605725 0.374162 0.606867 0.371116 0.656775 0.352401 0.655633
0 0.349394 0.606541 0.435305 0.604412 0.436544 0.654396 0.350633 0.656526
5 0.414633 0.604215 0.442345 0.609019 0.433804 0.658285 0.406093 0.653481
8 0.446142 0.606491 0.461761 0.606031 0.463233 0.656009 0.447614 0.656469
1 0.473232 0.606341 0.495106 0.606161 0.495518 0.656159 0.473644 0.656339
5 0.503732 0.604491 0.531566 0.608526 0.524393 0.658009 0.496559 0.653974
1 0.536733 0.605560 0.553846 0.607156 0.549205 0.656940 0.532091 0.655344
0 0.541111 0.604558 0.611339 0.608002 0.608889 0.657942 0.538661 0.654498
0 0.554668 0.615511 0.645159 0.597909 0.654707 0.646989 0.564216 0.664591
5 0.620455 0.606171 0.648579 0.606330 0.648295 0.656329 0.620171 0.656170
1 0.652837 0.607025 0.671534 0.605617 0.675288 0.655475 0.656591 0.656883
0 0.627849 0.613419 0.751883 0.597905 0.758088 0.647518 0.634055 0.663032
0 0.688821 0.606594 0.759130 0.605909 0.759617 0.655906 0.689308 0.656591
0 0.707510 0.606815 0.799691 0.605688 0.800302 0.655685 0.708122 0.656812
5 0.771658 0.606992 0.790231 0.604419 0.797092 0.653946 0.778519 0.656519
0 0.185083 0.654349 0.214681 0.656640 0.213355 0.673776 0.183756 0.671485
0 0.193713 0.657062 0.235644 0.652417 0.237537 0.669500 0.195606 0.674145
0 0.229853 0.654394 0.261097 0.654984 0.260772 0.672169 0.229528 0.671578
0 0.254343 0.655346 0.285566 0.654044 0.286282 0.671216 0.255059 0.672519
0 0.277943 0.654942 0.301375 0.654437 0.301745 0.671621 0.278313 0.672125
0 0.302509 0.656634 0.332109 0.654355 0.333428 0.671491 0.303828 0.673770
0 0.329262 0.657081 0.357015 0.652521 0.359801 0.669482 0.332048 0.674041
0 0.358494 0.654331 0.389658 0.656654 0.388381 0.673794 0.357217 0.671471
0 0.398192 0.654804 0.406001 0.654579 0.406496 0.671759 0.398687 0.671984
0 0.408755 0.651367 0.437570 0.658513 0.433433 0.675195 0.404618 0.668050
0 0.426141 0.655293 0.449549 0.654104 0.450421 0.671269 0.427014 0.672459
0 0.453950 0.658920 0.482920 0.652433 0.486675 0.669205 0.457705 0.675692
0 0.495692 0.654250 0.503437 0.655274 0.501183 0.672313 0.493438 0.671289
0 0.513393 0.658706 0.542446 0.652599 0.545982 0.669419 0.516929 0.675526
0 0.543521 0.655074 0.571635 0.654307 0.572104 0.671488 0.543990 0.672255
0 0.558049 0.653053 0.589116 0.656422 0.587264 0.673509 0.556196 0.670141
0 0.577835 0.655209 0.607505 0.654177 0.608102 0.671354 0.578433 0.672386
0 0.610645 0.655101 0.634068 0.654284 0.634667 0.671462 0.611244 0.672278
0 0.630529 0.654425 0.653867 0.656585 0.652283 0.673700 0.628945 0.671540
0 0.644698 0.656630 0.674299 0.654358 0.675614 0.671495 0.646014 0.673767
0 0.668687 0.656444 0.699750 0.653034 0.701626 0.670119 0.670562 0.673528
0 0.693980 0.654144 0.736153 0.655237 0.735708 0.672419 0.693534 0.671325
0 0.722668 0.654289 0.750688 0.656713 0.749207 0.673836 0.721187 0.671412
0 0.744716 0.651260 0.786302 0.658360 0.783409 0.675302 0.741823 0.668203
0 0.786859 0.655009 0.794649 0.654416 0.795953 0.671554 0.788163 0.672147
5 0.161272 0.540560 0.179918 0.542529 0.174666 0.592253 0.156019 0.590283
1 0.190541 0.542502 0.207718 0.541903 0.209459 0.591873 0.192282 0.592472
1 0.225249 0.540593 0.240737 0.542659 0.234126 0.592220 0.218638 0.590154
0 0.222881 0.544184 0.293085 0.540269 0.295869 0.590191 0.225665 0.594106
1 0.281955 0.541771 0.297553 0.542691 0.294608 0.592604 0.279010 0.591684
1 0.309337 0.542201 0.326524 0.542174 0.326601 0.592174 0.309413 0.592201
5 0.338303 0.542821 0.357016 0.541651 0.360135 0.591554 0.341421 0.592724
0 0.339854 0.538969 0.422518 0.543933 0.419521 0.593843 0.336857 0.588879
0 0.366140 0.540541 0.452060 0.542282 0.451047 0.592271 0.365127 0.590531
5 0.427325 0.540234 0.455334 0.542784 0.450800 0.592578 0.422791 0.590028
5 0.452690 0.542640 0.480720 0.540340 0.484810 0.590172 0.456780 0.592473
5 0.492783 0.540493 0.511409 0.542651 0.505654 0.592319 0.487029 0.590161
1 0.519767 0.542382 0.536950 0.542005 0.538046 0.591993 0.520862 0.592370
7 0.532241 0.544521 0.582041 0.540054 0.586509 0.589854 0.536709 0.594321
5 0.573019 0.542901 0.601111 0.541533 0.603543 0.591474 0.575452 0.592842
8 0.607487 0.542919 0.624624 0.541603 0.628451 0.591456 0.611314 0.592772
1 0.636981 0.543095 0.655519 0.540283 0.663019 0.589717 0.644481 0.592530
8 0.670508 0.542115 0.689258 0.542262 0.688867 0.592260 0.670117 0.592113
0 0.701001 0.540146 0.727095 0.545110 0.717749 0.594229 0.691655 0.589265
1 0.731430 0.541907 0.747044 0.542504 0.745132 0.592468 0.729519 0.591871
1 0.759875 0.541446 0.780120 0.543094 0.776063 0.592929 0.755817 0.591281
7 0.774331 0.542875 0.824313 0.541519 0.825669 0.591500 0.775687 0.592856
7 0.816610 0.542485 0.841603 0.541904 0.842765 0.591890 0.817772 0.592471
7 0.082397 0.478601 0.132337 0.476147 0.134790 0.526087 0.084851 0.528540
5 0.125671 0.477759 0.153786 0.478509 0.152454 0.528491 0.124339 0.527741
7 0.141880 0.480146 0.191729 0.476255 0.195620 0.526104 0.145771 0.529995
0 0.135699 0.480063 0.260582 0.474671 0.262739 0.524625 0.137855 0.530016
7 0.204471 0.478343 0.254469 0.477909 0.254904 0.527907 0.204906 0.528341
0 0.215558 0.478834 0.299882 0.475884 0.301629 0.525854 0.217306 0.528803
5 0.274606 0.478351 0.302727 0.477905 0.303519 0.527899 0.275398 0.528345
0 0.278716 0.475982 0.361414 0.480338 0.358784 0.530268 0.276086 0.525912
0 0.304807 0.476531 0.396938 0.479750 0.395193 0.529719 0.303062 0.526500
1 0.370662 0.478008 0.387848 0.478247 0.387150 0.528242 0.369964 0.528003
5 0.399026 0.476084 0.426734 0.480906 0.418162 0.530166 0.390453 0.525344
5 0.430265 0.477916 0.449010 0.478347 0.447860 0.528334 0.429115 0.527903
0 0.404427 0.483280 0.529015 0.473135 0.533073 0.522970 0.408485 0.533115
7 0.476541 0.478876 0.521830 0.477400 0.523459 0.527374 0.478170 0.528850
8 0.519864 0.478284 0.537049 0.477974 0.537949 0.527966 0.520764 0.528276
5 0.540462 0.480899 0.568173 0.476088 0.576725 0.525351 0.549015 0.530162
0 0.527181 0.475850 0.652145 0.478852 0.650944 0.528837 0.525980 0.525836
0 0.572845 0.481565 0.659958 0.473344 0.664655 0.523123 0.577542 0.531344
1 0.642543 0.478017 0.658166 0.478238 0.657457 0.528233 0.641834 0.528012
8 0.670836 0.477674 0.689561 0.478643 0.686976 0.528576 0.668251 0.527607
7 0.685836 0.478173 0.731120 0.476547 0.732914 0.526515 0.687630 0.528141
8 0.731330 0.477619 0.748481 0.478736 0.745232 0.528631 0.728081 0.527514
0 0.726726 0.475786 0.812606 0.478935 0.810774 0.528901 0.724894 0.525753
1 0.788388 0.478721 0.807105 0.477616 0.810050 0.527529 0.791332 0.528634
5 0.817743 0.476265 0.845771 0.478594 0.841632 0.528422 0.813604 0.526094
1 0.852300 0.477700 0.867896 0.478640 0.864888 0.528550 0.849291 0.527610
8 0.881539 0.477815 0.897150 0.478480 0.895023 0.528435 0.879412 0.527770
6 0.965339 0.897167 0.995021 0.896589 0.995599 0.926271 0.965917 0.926849
6 0.948628 0.197951 0.993930 0.198928 0.993559 0.216112 0.948257 0.215134
6 0.964949 0.416044 1.000000 0.412142 1.000000 0.430831 0.966459 0.434733
