1 0.058363 0.055823 0.083347 0.056724 0.080700 0.130114 0.055716 0.129213
1 0.102689 0.056401 0.127687 0.056104 0.128561 0.129536 0.103563 0.129834
1 0.151825 0.055640 0.178355 0.056949 0.174738 0.130297 0.148207 0.128989
1 0.194453 0.056148 0.225645 0.058051 0.221172 0.131352 0.189980 0.129449
1 0.238755 0.056941 0.263722 0.055656 0.267495 0.128997 0.242528 0.130281
1 0.287217 0.056630 0.312206 0.055901 0.314346 0.129308 0.289357 0.130036
1 0.332940 0.055953 0.357932 0.056569 0.356123 0.129984 0.331130 0.129368
1 0.383317 0.055579 0.403570 0.057138 0.397933 0.130359 0.377680 0.128800
1 0.425322 0.055893 0.450310 0.056640 0.448116 0.130045 0.423127 0.129298
1 0.472187 0.055822 0.490913 0.056773 0.487188 0.130116 0.468462 0.129165
1 0.516017 0.056041 0.545624 0.058220 0.540233 0.131459 0.510626 0.129280
1 0.564358 0.055708 0.587766 0.056885 0.584080 0.130229 0.560672 0.129053
1 0.609621 0.056034 0.640795 0.058206 0.635692 0.131466 0.604517 0.129294
1 0.660071 0.055746 0.678786 0.056891 0.674304 0.130191 0.655589 0.129047
1 0.700634 0.055798 0.725615 0.056755 0.722804 0.130139 0.697822 0.129182
1 0.744477 0.055549 0.769429 0.057091 0.764898 0.130389 0.739946 0.128846
1 0.789226 0.055700 0.807933 0.056969 0.802961 0.130238 0.784254 0.128968
1 0.828330 0.055695 0.853301 0.056889 0.849795 0.130242 0.824824 0.129049
1 0.877085 0.056177 0.902010 0.058103 0.896353 0.131323 0.871427 0.129397
1 0.060880 0.155078 0.084227 0.153018 0.090682 0.226172 0.067335 0.228232
1 0.103101 0.155007 0.134284 0.152963 0.139086 0.226243 0.107903 0.228287
1 0.146499 0.155291 0.171382 0.152867 0.178501 0.225959 0.153618 0.228383
1 0.188776 0.153807 0.213744 0.152538 0.217474 0.225880 0.192506 0.227150
1 0.234798 0.152549 0.258202 0.153806 0.254264 0.227138 0.230860 0.225881
1 0.274892 0.153383 0.295199 0.152889 0.296983 0.226305 0.276676 0.226798
1 0.317123 0.153720 0.342098 0.152603 0.345377 0.225968 0.320402 0.227084
1 0.356186 0.154035 0.381131 0.152377 0.386002 0.225653 0.361057 0.227311
1 0.402477 0.153297 0.421224 0.152965 0.422523 0.226391 0.403776 0.226723
1 0.444566 0.153549 0.463300 0.152765 0.466371 0.226138 0.447638 0.226923
1 0.485384 0.153306 0.508819 0.152952 0.509928 0.226381 0.486493 0.226735
1 0.528031 0.153731 0.553005 0.152595 0.556344 0.225956 0.531370 0.227093
1 0.571445 0.153456 0.590185 0.152835 0.592617 0.226232 0.573877 0.226853
1 0.613410 0.153645 0.638391 0.152662 0.641277 0.226043 0.616296 0.227025
1 0.657931 0.152812 0.684486 0.153460 0.682694 0.226876 0.656139 0.226227
1 0.699746 0.153212 0.724746 0.153039 0.725254 0.226475 0.700254 0.226648
1 0.739970 0.153646 0.764951 0.152661 0.767843 0.226042 0.742862 0.227026
1 0.779074 0.154911 0.810267 0.153034 0.814676 0.226339 0.783483 0.228216
1 0.826096 0.153297 0.852656 0.152959 0.853592 0.226390 0.827032 0.226729
1 0.871625 0.153793 0.896594 0.152548 0.900250 0.225895 0.875281 0.227139
0 0.042009 0.203299 0.102851 0.199883 0.104866 0.235764 0.044024 0.239180
0 0.067512 0.201559 0.156561 0.203134 0.155925 0.239066 0.066877 0.237491
0 0.118038 0.203711 0.183607 0.201007 0.185087 0.236914 0.119518 0.239618
0 0.142825 0.199350 0.203594 0.203874 0.200925 0.239713 0.140156 0.235188
0 0.172880 0.203147 0.222854 0.201559 0.223995 0.237478 0.174021 0.239066
0 0.202856 0.205214 0.252550 0.199693 0.256519 0.235411 0.206825 0.240932
0 0.244301 0.201286 0.263042 0.201856 0.261949 0.237777 0.243208 0.237207
0 0.260734 0.203799 0.310653 0.200947 0.312703 0.236826 0.262785 0.239678
0 0.274736 0.207492 0.339377 0.196172 0.345576 0.231570 0.280935 0.242891
0 0.300079 0.200959 0.360952 0.203766 0.359296 0.239666 0.298423 0.236859
0 0.323278 0.203399 0.388803 0.199781 0.390784 0.235664 0.325259 0.239281
0 0.359860 0.196557 0.417934 0.208918 0.410453 0.244068 0.352378 0.231707
0 0.363447 0.203170 0.452452 0.199978 0.453740 0.235893 0.364735 0.239084
0 0.410653 0.205148 0.471194 0.198211 0.475285 0.233915 0.414744 0.240852
0 0.432611 0.203344 0.493448 0.199841 0.495514 0.235719 0.434677 0.239222
0 0.473313 0.203865 0.491871 0.201190 0.496999 0.236760 0.478441 0.239435
0 0.505024 0.201022 0.523738 0.202170 0.521539 0.238040 0.502824 0.236893
0 0.508170 0.200970 0.569095 0.202161 0.568393 0.238092 0.507467 0.236901
0 0.541948 0.201965 0.601317 0.201164 0.601802 0.237098 0.542433 0.237899
0 0.565924 0.199803 0.628321 0.203381 0.626264 0.239259 0.563866 0.235682
0 0.600946 0.204958 0.661670 0.199856 0.664679 0.235667 0.603955 0.240769
0 0.647034 0.201344 0.697032 0.201783 0.696716 0.237719 0.646718 0.237280
0 0.665264 0.202076 0.715253 0.201056 0.715986 0.236986 0.665997 0.238006
0 0.691769 0.202348 0.757376 0.200787 0.758231 0.236714 0.692624 0.238276
0 0.722620 0.201136 0.783509 0.203580 0.782067 0.239489 0.721179 0.237045
0 0.748518 0.201431 0.807892 0.201695 0.807732 0.237632 0.748358 0.237368
0 0.774238 0.203703 0.835117 0.201020 0.836699 0.236922 0.775821 0.239605
0 0.812216 0.205945 0.861527 0.197675 0.867472 0.233117 0.818160 0.241388
0 0.813929 0.204802 0.902859 0.199939 0.904821 0.235823 0.815891 0.240686
0 0.851988 0.199705 0.911242 0.203493 0.908949 0.239358 0.849695 0.235569
0 0.902293 0.201323 0.920899 0.203640 0.916457 0.239302 0.897851 0.236985
8 0.087018 0.345055 0.111444 0.350382 0.095794 0.422133 0.071369 0.416805
8 0.145965 0.345071 0.172084 0.349904 0.158723 0.422116 0.132604 0.417283
8 0.211903 0.346196 0.236620 0.349949 0.225597 0.422554 0.200880 0.418801
8 0.276002 0.345277 0.300633 0.349557 0.288060 0.421910 0.263429 0.417630
8 0.341561 0.345288 0.366199 0.349525 0.353752 0.421900 0.329113 0.417662
8 0.406810 0.345118 0.431305 0.350114 0.416628 0.422070 0.392132 0.417073
8 0.472367 0.346142 0.497053 0.350094 0.485445 0.422608 0.460760 0.418656
8 0.535235 0.345300 0.559881 0.349488 0.547578 0.421888 0.522931 0.417699
8 0.604360 0.345037 0.628764 0.350463 0.612828 0.422150 0.588424 0.416725
8 0.667651 0.346289 0.692415 0.349716 0.682349 0.422461 0.657585 0.419034
8 0.734849 0.346287 0.759612 0.349721 0.749526 0.422463 0.724763 0.419029
8 0.802349 0.344931 0.826587 0.351059 0.808588 0.422256 0.784351 0.416129
8 0.866386 0.346097 0.891044 0.350222 0.878926 0.422653 0.854269 0.418528
0 0.048190 0.395662 0.098185 0.394966 0.098685 0.430900 0.048690 0.431596
0 0.070183 0.396955 0.131035 0.393721 0.132942 0.429608 0.072090 0.432842
0 0.096603 0.397387 0.162101 0.393307 0.164335 0.429175 0.098837 0.433255
0 0.127808 0.395846 0.187174 0.394784 0.187817 0.430716 0.128451 0.431778
0 0.189248 0.394986 0.207824 0.397535 0.202940 0.433139 0.184364 0.430590
0 0.186580 0.395046 0.247481 0.397164 0.246232 0.433079 0.185331 0.430961
0 0.206002 0.397235 0.268388 0.393456 0.270560 0.429328 0.208175 0.433107
0 0.238136 0.393101 0.298905 0.397623 0.296239 0.433461 0.235470 0.428940
0 0.264911 0.400684 0.325209 0.391880 0.330401 0.427441 0.270103 0.436245
0 0.300844 0.399000 0.363086 0.393335 0.366344 0.429125 0.304101 0.434790
0 0.321403 0.396985 0.387004 0.395216 0.387972 0.431140 0.322371 0.432909
0 0.357742 0.388989 0.418768 0.402484 0.411008 0.437574 0.349982 0.424079
0 0.391247 0.393391 0.440928 0.399026 0.436878 0.434734 0.387197 0.429099
0 0.445491 0.394989 0.464068 0.397530 0.459197 0.433136 0.440620 0.430595
0 0.460317 0.397161 0.519654 0.395049 0.520933 0.430964 0.461596 0.433076
0 0.481185 0.395426 0.543684 0.395199 0.543815 0.431136 0.481316 0.431363
0 0.512601 0.394675 0.573471 0.397553 0.571774 0.433450 0.510904 0.430572
0 0.553931 0.394570 0.572611 0.396189 0.569507 0.431993 0.550827 0.430373
0 0.586185 0.395186 0.604933 0.395443 0.604440 0.431377 0.585692 0.431120
0 0.584265 0.396960 0.646681 0.393713 0.648547 0.429602 0.586132 0.432849
0 0.619599 0.397397 0.682045 0.394821 0.683526 0.430728 0.621080 0.433304
0 0.673253 0.395410 0.692002 0.395217 0.692372 0.431153 0.673623 0.431345
0 0.685465 0.399326 0.745910 0.391590 0.750472 0.427237 0.690028 0.434972
0 0.711702 0.394888 0.771027 0.397330 0.769548 0.433237 0.710223 0.430795
0 0.729861 0.393107 0.818812 0.397563 0.817014 0.433456 0.728063 0.428999
0 0.778014 0.399383 0.840186 0.392993 0.843861 0.428742 0.781689 0.435132
0 0.805086 0.390258 0.864743 0.402685 0.857414 0.437867 0.797757 0.425440
0 0.826487 0.399218 0.887121 0.393149 0.890701 0.428907 0.830066 0.434976
0 0.876513 0.395771 0.895243 0.394894 0.896924 0.430792 0.878195 0.431669
0 0.901835 0.395173 0.920583 0.395456 0.920040 0.431390 0.901292 0.431106
0 0.040704 0.540583 0.079767 0.540667 0.079608 0.614105 0.040546 0.614020
0 0.000000 0.547509 0.179079 0.533941 0.184483 0.607179 0.000608 0.620747
0 0.052485 0.544168 0.188313 0.538704 0.191265 0.612082 0.055437 0.617546
0 0.101042 0.542525 0.204099 0.538773 0.206770 0.612162 0.103714 0.615914
0 0.116833 0.541244 0.243389 0.540010 0.244105 0.613444 0.117548 0.614678
0 0.120023 0.541362 0.304392 0.539891 0.304977 0.613326 0.120608 0.614797
0 0.177422 0.544127 0.305434 0.538750 0.308516 0.612123 0.180504 0.617500
0 0.205529 0.545770 0.334933 0.537203 0.339784 0.610480 0.210380 0.619047
0 0.240359 0.543888 0.363630 0.537461 0.367453 0.610799 0.244183 0.617226
0 0.282177 0.542316 0.385286 0.540508 0.386573 0.613934 0.283464 0.615742
0 0.266869 0.553860 0.449437 0.528110 0.459693 0.600828 0.277125 0.626578
0 0.297701 0.545473 0.481900 0.537410 0.485111 0.610777 0.300913 0.618840
0 0.399933 0.541089 0.438985 0.540181 0.440692 0.613599 0.401640 0.614506
0 0.383894 0.542247 0.510446 0.540572 0.511418 0.614003 0.384867 0.615678
0 0.407470 0.546104 0.542984 0.535375 0.548780 0.608583 0.413266 0.619312
0 0.454367 0.544206 0.557345 0.538711 0.561258 0.612044 0.458280 0.617539
0 0.475020 0.540592 0.598457 0.540658 0.598418 0.614096 0.474980 0.614029
0 0.501476 0.542280 0.637373 0.538992 0.639149 0.612408 0.503252 0.615696
0 0.537097 0.549100 0.659453 0.532794 0.669153 0.605588 0.546797 0.621893
0 0.574077 0.540352 0.697497 0.542472 0.696235 0.615898 0.572816 0.613778
0 0.643545 0.541167 0.682593 0.540110 0.684580 0.613521 0.645532 0.614578
0 0.632808 0.544178 0.756124 0.538706 0.759380 0.612072 0.636063 0.617544
0 0.658688 0.546355 0.783189 0.535188 0.789749 0.608332 0.665249 0.619499
0 0.685504 0.545825 0.810091 0.535668 0.816058 0.608863 0.691471 0.619019
0 0.757305 0.541340 0.796343 0.539956 0.798945 0.613348 0.759907 0.614731
0 0.741976 0.542370 0.866928 0.538908 0.868962 0.612317 0.744010 0.615780
0 0.776745 0.539032 0.901704 0.542242 0.899818 0.615655 0.774859 0.612445
0 0.849241 0.542268 0.888268 0.540611 0.891384 0.613982 0.852357 0.615639
0 0.879558 0.540694 0.918620 0.540556 0.918880 0.613993 0.879817 0.614131
0 0.862495 0.544251 0.988933 0.538634 0.992192 0.611999 0.865754 0.617616
1 0.075595 0.637409 0.100517 0.639383 0.094717 0.712591 0.069796 0.710617
1 0.125909 0.638020 0.150890 0.637037 0.153778 0.710417 0.128798 0.711401
1 0.183092 0.637156 0.208082 0.637875 0.205970 0.711282 0.180981 0.710563
1 0.240441 0.637563 0.265440 0.637438 0.265809 0.710874 0.240810 0.711000
1 0.296509 0.637911 0.321497 0.637125 0.323803 0.710527 0.298816 0.711312
1 0.354632 0.637519 0.379632 0.637481 0.379743 0.710918 0.354743 0.710956
1 0.408259 0.637351 0.433257 0.637654 0.432366 0.711087 0.407368 0.710783
1 0.469342 0.637016 0.488060 0.638108 0.483783 0.711421 0.465065 0.710329
1 0.518356 0.637636 0.543355 0.637368 0.544144 0.710801 0.519145 0.711070
1 0.576295 0.637874 0.601285 0.637156 0.603392 0.710564 0.578403 0.711281
1 0.632444 0.637887 0.655870 0.637149 0.658181 0.710551 0.634755 0.711288
1 0.687580 0.636981 0.712556 0.638091 0.709295 0.711456 0.684319 0.710346
1 0.740949 0.636951 0.764356 0.638145 0.760614 0.711487 0.737206 0.710293
1 0.794141 0.636729 0.825347 0.638373 0.821484 0.711709 0.790278 0.710065
1 0.852024 0.637324 0.875352 0.639579 0.868289 0.712676 0.844960 0.710421
0 0.042245 0.685841 0.103182 0.686035 0.103068 0.721972 0.042130 0.721778
0 0.062194 0.689571 0.122725 0.682544 0.126869 0.718242 0.066338 0.725269
0 0.103050 0.687974 0.152989 0.685507 0.154762 0.721401 0.104823 0.723868
0 0.136976 0.687639 0.197886 0.685814 0.198962 0.721736 0.138052 0.723561
0 0.164162 0.685800 0.214161 0.686075 0.213963 0.722012 0.163964 0.721737
0 0.175915 0.687864 0.236811 0.685598 0.238147 0.721511 0.177252 0.723777
0 0.219813 0.686666 0.238514 0.685304 0.241124 0.721146 0.222424 0.722509
0 0.229173 0.682797 0.291139 0.690948 0.286452 0.726578 0.224486 0.718427
0 0.267730 0.684226 0.317607 0.687738 0.315082 0.723587 0.265206 0.720074
0 0.284526 0.685261 0.343827 0.688221 0.342036 0.724114 0.282735 0.721154
0 0.327761 0.686583 0.346471 0.685367 0.348802 0.721229 0.330091 0.722445
0 0.341621 0.690131 0.391194 0.683613 0.395879 0.719244 0.346306 0.725762
0 0.371178 0.687957 0.432066 0.685510 0.433510 0.721418 0.372621 0.723865
0 0.400191 0.685203 0.459486 0.688283 0.457621 0.724172 0.398326 0.721092
0 0.448881 0.685713 0.467625 0.686173 0.466744 0.722099 0.448000 0.721640
0 0.444326 0.685705 0.509919 0.687750 0.508799 0.723670 0.443206 0.721625
0 0.486188 0.685595 0.536183 0.686284 0.535687 0.722218 0.485692 0.721529
0 0.532062 0.686350 0.550795 0.685558 0.552313 0.721463 0.533580 0.722255
0 0.533687 0.682421 0.592611 0.689727 0.588188 0.725392 0.529264 0.718085
0 0.542452 0.685296 0.631505 0.686583 0.630986 0.722517 0.541932 0.721229
0 0.597065 0.685676 0.647063 0.686201 0.646685 0.722137 0.596687 0.721611
0 0.608572 0.677917 0.695718 0.696294 0.688303 0.731458 0.601157 0.713081
0 0.651473 0.689356 0.716760 0.682704 0.720402 0.718457 0.655115 0.725108
0 0.679816 0.685721 0.740752 0.686154 0.740497 0.722091 0.679561 0.721658
0 0.704220 0.689215 0.769663 0.684322 0.772342 0.720160 0.706900 0.725053
0 0.732301 0.681026 0.793944 0.691342 0.788012 0.726787 0.726369 0.716470
0 0.755338 0.685846 0.805307 0.687614 0.804037 0.723529 0.754068 0.721761
0 0.789883 0.682316 0.851931 0.689819 0.847617 0.725497 0.785569 0.717993
0 0.813316 0.685635 0.863267 0.687838 0.861684 0.723740 0.811733 0.721537
0 0.838431 0.687836 0.899328 0.685625 0.900632 0.721539 0.839735 0.723750
0 0.879000 0.684105 0.941270 0.689465 0.938187 0.725270 0.875918 0.719910
1 0.068448 0.832087 0.088707 0.830608 0.094052 0.903851 0.073793 0.905329
1 0.116902 0.833150 0.137124 0.831238 0.144035 0.904350 0.123813 0.906262
1 0.164973 0.833006 0.194605 0.831193 0.199089 0.904494 0.169457 0.906307
1 0.224384 0.831635 0.243120 0.830918 0.245929 0.904302 0.227193 0.905019
1 0.268657 0.833646 0.293503 0.830871 0.301655 0.903854 0.276810 0.906629
1 0.325987 0.833507 0.350855 0.830943 0.358388 0.903993 0.333520 0.906557
1 0.377514 0.832063 0.402469 0.830568 0.406861 0.903874 0.381906 0.905369
1 0.437346 0.831522 0.457652 0.831002 0.459529 0.904416 0.439223 0.904935
1 0.491909 0.831605 0.515337 0.830926 0.517466 0.904332 0.494038 0.905012
1 0.537085 0.833799 0.561904 0.830795 0.570728 0.903701 0.545909 0.906705
1 0.591660 0.832075 0.618178 0.830547 0.622403 0.903863 0.595884 0.905391
1 0.642171 0.833610 0.667022 0.830889 0.675017 0.903890 0.650166 0.906611
1 0.699729 0.833028 0.724664 0.831226 0.729959 0.904472 0.705024 0.906274
1 0.754068 0.833898 0.778869 0.830749 0.788119 0.903602 0.763318 0.906751
1 0.812424 0.833285 0.831060 0.831223 0.839139 0.904215 0.820502 0.906277
1 0.862154 0.833766 0.886979 0.830811 0.895659 0.903734 0.870834 0.906689
0 0.041656 0.877496 0.106997 0.883597 0.103656 0.919379 0.038315 0.913278
0 0.065017 0.877741 0.127265 0.883341 0.124046 0.919134 0.061797 0.913534
0 0.090661 0.874646 0.155126 0.886926 0.148402 0.922229 0.083936 0.909949
0 0.112298 0.883130 0.201205 0.877870 0.203327 0.913745 0.114420 0.919005
0 0.138361 0.881534 0.227348 0.877872 0.228826 0.913779 0.139839 0.917441
0 0.174512 0.881391 0.240111 0.879561 0.241113 0.915484 0.175514 0.917314
0 0.199469 0.877768 0.258583 0.883328 0.255218 0.919107 0.196104 0.913547
0 0.222819 0.874423 0.311225 0.885217 0.306869 0.920890 0.218463 0.910095
0 0.251050 0.883064 0.316478 0.877981 0.319262 0.913811 0.253834 0.918894
0 0.282580 0.885198 0.344190 0.874689 0.350233 0.910115 0.288622 0.920623
0 0.307073 0.875890 0.372227 0.883743 0.367927 0.919422 0.302773 0.911570
0 0.335884 0.881966 0.396750 0.879014 0.398491 0.914909 0.337625 0.917861
0 0.354086 0.886455 0.442174 0.873314 0.447476 0.908858 0.359389 0.921999
0 0.391413 0.884951 0.480041 0.876162 0.483587 0.911924 0.394959 0.920713
0 0.458918 0.880390 0.477622 0.879074 0.480145 0.914923 0.461441 0.916239
0 0.460133 0.878083 0.520874 0.882970 0.517992 0.918792 0.457251 0.913905
0 0.498533 0.879060 0.559403 0.881918 0.557717 0.917815 0.496847 0.914957
0 0.517846 0.879424 0.577183 0.881536 0.575904 0.917451 0.516567 0.915339
0 0.534722 0.877855 0.597110 0.881584 0.594966 0.917458 0.532577 0.913728
0 0.557044 0.883404 0.617713 0.877692 0.621081 0.913471 0.560412 0.919183
0 0.593217 0.881405 0.654126 0.879549 0.655221 0.915470 0.594311 0.917326
0 0.605352 0.876453 0.694172 0.883019 0.691523 0.918859 0.602703 0.912293
0 0.642306 0.879024 0.703173 0.881956 0.701444 0.917851 0.640577 0.914919
0 0.683747 0.877514 0.733545 0.882007 0.730315 0.917799 0.680518 0.913306
0 0.724088 0.879010 0.742781 0.880474 0.739975 0.916302 0.721282 0.914838
0 0.742580 0.877504 0.803211 0.883614 0.799607 0.919371 0.738977 0.913261
0 0.774805 0.881409 0.834084 0.878024 0.836132 0.913903 0.776854 0.917288
0 0.812758 0.877907 0.878284 0.881522 0.876304 0.917405 0.810779 0.913790
0 0.840524 0.879860 0.901460 0.879515 0.901664 0.915452 0.840727 0.915797
0 0.857059 0.877800 0.946040 0.881608 0.944503 0.917513 0.855522 0.913705
6 0.941710 0.883510 0.983678 0.879210 0.987977 0.921178 0.946010 0.925477
6 0.946598 0.131531 0.979406 0.130973 0.979964 0.163781 0.947156 0.164339
6 0.000000 0.505381 0.018057 0.504027 0.019410 0.532119 0.000000 0.533473
6 0.012844 0.424663 0.045649 0.425344 0.044968 0.458149 0.012163 0.457468
6 0.015666 0.562397 0.078166 0.562603 0.078084 0.587603 0.015584 0.587397
