5 0.430555 0.915906 0.449297 0.915365 0.450695 0.963782 0.431953 0.964323
0 0.437673 0.915134 0.504811 0.917714 0.502952 0.966116 0.435814 0.963536
1 0.491753 0.915769 0.507376 0.915488 0.508247 0.963918 0.492624 0.964199
1 0.518517 0.915709 0.535704 0.915543 0.536170 0.963979 0.518983 0.964144
7 0.536416 0.912492 0.584383 0.919229 0.577646 0.967196 0.529679 0.960459
0 0.405982 0.967522 0.444468 0.960834 0.447143 0.976228 0.408657 0.982916
0 0.432676 0.964300 0.459234 0.963827 0.459512 0.979450 0.432954 0.979923
0 0.455251 0.962394 0.481751 0.964204 0.480687 0.979793 0.454186 0.977983
0 0.471735 0.965900 0.498061 0.962364 0.500140 0.977850 0.473814 0.981386
0 0.487764 0.963630 0.514312 0.964504 0.513798 0.980120 0.487250 0.979246
0 0.515870 0.963683 0.540858 0.964449 0.540380 0.980067 0.515392 0.979301
0 0.530738 0.960643 0.558303 0.966231 0.555199 0.981544 0.527635 0.975957
0 0.551059 0.966067 0.577095 0.960805 0.580191 0.976120 0.554155 0.981383
7 0.405266 0.846613 0.453387 0.852141 0.447859 0.900262 0.399738 0.894734
1 0.449426 0.848593 0.461922 0.848296 0.463074 0.896720 0.450578 0.897017
1 0.477247 0.848013 0.492844 0.848949 0.489940 0.897300 0.474343 0.896363
1 0.505519 0.848879 0.517994 0.848092 0.521044 0.896433 0.508568 0.897220
7 0.518953 0.846792 0.567271 0.850203 0.563859 0.898521 0.515542 0.895109
0 0.514489 0.840334 0.634979 0.858654 0.627698 0.906541 0.507208 0.888221
0 0.402401 0.895037 0.424165 0.897229 0.422599 0.912776 0.400835 0.910583
0 0.429790 0.896704 0.456350 0.897047 0.456148 0.912671 0.429588 0.912328
0 0.456237 0.896899 0.484362 0.896851 0.484388 0.912476 0.456263 0.912524
0 0.482865 0.896786 0.509427 0.896964 0.509322 0.912589 0.482760 0.912411
0 0.507148 0.897353 0.533597 0.894901 0.535040 0.910459 0.508591 0.912912
0 0.527231 0.895234 0.549034 0.897005 0.547769 0.912578 0.525966 0.910808
0 0.537295 0.897408 0.576343 0.896348 0.576767 0.911967 0.537719 0.913027
0 0.569655 0.894961 0.591403 0.897317 0.589720 0.912851 0.567972 0.910495
1 0.387024 0.782005 0.402592 0.780672 0.406726 0.828932 0.391158 0.830266
1 0.413417 0.783080 0.433642 0.781192 0.438145 0.829420 0.417921 0.831308
1 0.446794 0.781843 0.462382 0.780771 0.465706 0.829094 0.450118 0.830166
1 0.474310 0.782096 0.489865 0.780620 0.494440 0.828841 0.478885 0.830317
1 0.504474 0.781897 0.520056 0.780737 0.523651 0.829041 0.508069 0.830201
7 0.519760 0.778926 0.567949 0.783823 0.563052 0.832012 0.514863 0.827115
0 0.529387 0.783165 0.610549 0.779387 0.612801 0.827772 0.531639 0.831550
1 0.592891 0.781012 0.610071 0.781509 0.608671 0.829926 0.591491 0.829429
0 0.327936 0.714382 0.409184 0.713745 0.409564 0.762181 0.328316 0.762818
1 0.392630 0.713971 0.408093 0.716221 0.401120 0.764154 0.385657 0.761904
1 0.418623 0.714104 0.434247 0.714022 0.434502 0.762459 0.418878 0.762541
5 0.441625 0.714398 0.469742 0.713740 0.470875 0.762164 0.442758 0.762822
0 0.468567 0.716325 0.493422 0.713642 0.498621 0.761800 0.473765 0.764483
0 0.475640 0.710764 0.555039 0.717536 0.550923 0.765798 0.471523 0.759026
1 0.534267 0.714098 0.549892 0.714028 0.550108 0.762465 0.534483 0.762535
0 0.531652 0.712144 0.614373 0.716034 0.612098 0.764418 0.529377 0.760528
0 0.538324 0.720938 0.659454 0.707483 0.664801 0.755625 0.543671 0.769079
1 0.621840 0.714532 0.634313 0.713700 0.637535 0.762031 0.625062 0.762862
0 0.349244 0.762926 0.357018 0.762151 0.358569 0.777699 0.350795 0.778474
0 0.368847 0.762452 0.376659 0.762549 0.376466 0.778173 0.368654 0.778076
0 0.383691 0.760388 0.410111 0.763133 0.408496 0.778675 0.382076 0.775929
0 0.397794 0.764357 0.436685 0.760711 0.438144 0.776268 0.399252 0.779914
0 0.414989 0.764331 0.453885 0.760735 0.455324 0.776294 0.416427 0.779890
0 0.438823 0.762922 0.465372 0.762086 0.465864 0.777703 0.439315 0.778539
0 0.478220 0.762453 0.486032 0.762548 0.485842 0.778172 0.478030 0.778077
0 0.492082 0.762671 0.517080 0.762331 0.517293 0.777954 0.492295 0.778294
0 0.512631 0.762319 0.534503 0.762683 0.534244 0.778306 0.512372 0.777942
0 0.537935 0.762297 0.545736 0.762726 0.544878 0.778328 0.537077 0.777899
0 0.560758 0.763279 0.582429 0.760303 0.584555 0.775783 0.562883 0.778759
0 0.592980 0.762152 0.600754 0.762925 0.599207 0.778473 0.591433 0.777700
0 0.606634 0.761881 0.633167 0.763136 0.632428 0.778744 0.605896 0.777489
0 0.626891 0.760773 0.654787 0.764355 0.652797 0.779852 0.624901 0.776270
1 0.331379 0.646600 0.346993 0.647184 0.345184 0.695587 0.329570 0.695004
1 0.359589 0.646481 0.379885 0.647309 0.377911 0.695706 0.357615 0.694879
8 0.390834 0.646196 0.406374 0.647815 0.401354 0.695992 0.385813 0.694372
1 0.417073 0.646916 0.434260 0.646835 0.434490 0.695272 0.417302 0.695353
7 0.429638 0.651304 0.474224 0.643223 0.482862 0.690884 0.438276 0.698965
1 0.474514 0.647634 0.490081 0.646294 0.494236 0.694553 0.478669 0.695893
0 0.469845 0.652497 0.551946 0.641669 0.558280 0.689690 0.476179 0.700519
8 0.533257 0.646722 0.550441 0.647036 0.549556 0.695466 0.532371 0.695151
0 0.529181 0.649179 0.610304 0.644646 0.613007 0.693008 0.531883 0.697541
5 0.588306 0.649098 0.606893 0.646635 0.613257 0.694652 0.594669 0.697115
5 0.615360 0.649718 0.633809 0.646372 0.642453 0.694032 0.624004 0.697378
5 0.651766 0.646819 0.670416 0.648752 0.665421 0.696931 0.646771 0.694998
1 0.303536 0.579335 0.319143 0.580098 0.316776 0.628478 0.301170 0.627714
0 0.300888 0.574860 0.383093 0.584871 0.377237 0.632953 0.295032 0.622942
5 0.352431 0.581387 0.380502 0.579643 0.383506 0.627988 0.355435 0.629732
1 0.388011 0.578919 0.408252 0.580628 0.404176 0.628894 0.383936 0.627185
7 0.403615 0.579261 0.451989 0.581740 0.449510 0.630114 0.401136 0.627635
7 0.443807 0.579658 0.468807 0.579717 0.468693 0.628155 0.443693 0.628095
5 0.474281 0.579978 0.493023 0.579419 0.494469 0.627834 0.475727 0.628394
0 0.474223 0.577969 0.556879 0.583060 0.553902 0.631406 0.471246 0.626315
0 0.503812 0.576262 0.584757 0.583295 0.580563 0.631551 0.499618 0.624517
7 0.555788 0.581906 0.580489 0.578049 0.587962 0.625906 0.563261 0.629764
1 0.595465 0.578942 0.612564 0.580682 0.607660 0.628871 0.590561 0.627130
5 0.617773 0.578990 0.645705 0.582280 0.640039 0.630385 0.612107 0.627095
1 0.651486 0.579712 0.667111 0.579663 0.667264 0.628100 0.651639 0.628150
5 0.673966 0.579388 0.702085 0.579998 0.701034 0.628424 0.672915 0.627814
7 0.262577 0.511859 0.300054 0.513170 0.298360 0.561578 0.260883 0.560267
0 0.266589 0.519219 0.348611 0.507806 0.355286 0.555781 0.273264 0.567194
7 0.315863 0.512303 0.364259 0.514301 0.362262 0.562697 0.313866 0.560699
5 0.355186 0.511801 0.383273 0.513265 0.380752 0.561637 0.352665 0.560173
7 0.373584 0.512388 0.421987 0.514209 0.420166 0.562612 0.371763 0.560791
1 0.419033 0.512182 0.434643 0.512864 0.432529 0.561255 0.416919 0.560573
0 0.396030 0.510767 0.517855 0.514253 0.516470 0.562670 0.394645 0.559185
0 0.454571 0.508745 0.521074 0.518310 0.514179 0.566255 0.447676 0.556690
1 0.502896 0.513487 0.518429 0.511797 0.523667 0.559951 0.508133 0.561640
1 0.532224 0.512985 0.547824 0.512094 0.550588 0.560452 0.534989 0.561344
8 0.560523 0.514445 0.577593 0.512446 0.583227 0.560555 0.566157 0.562554
0 0.559869 0.512456 0.642665 0.514116 0.641694 0.562544 0.558898 0.560884
1 0.620587 0.512404 0.637773 0.512599 0.637226 0.561033 0.620039 0.560839
5 0.647482 0.512145 0.675500 0.514602 0.671268 0.562855 0.643250 0.560398
1 0.681434 0.511826 0.696976 0.513430 0.692004 0.561612 0.676461 0.560008
0 0.679245 0.518440 0.745492 0.507238 0.753568 0.554998 0.687321 0.566199
0 0.188808 0.448883 0.310557 0.443355 0.312755 0.491742 0.191005 0.497270
1 0.275433 0.444587 0.290959 0.446346 0.285504 0.494476 0.269979 0.492716
1 0.303088 0.445324 0.318713 0.445301 0.318787 0.493738 0.303162 0.493762
1 0.333167 0.445300 0.350251 0.447178 0.344958 0.495325 0.327874 0.493447
1 0.362914 0.445116 0.379926 0.447566 0.373024 0.495509 0.356012 0.493059
5 0.383034 0.445185 0.411158 0.445442 0.410716 0.493877 0.382592 0.493621
0 0.410584 0.447689 0.435418 0.444819 0.440979 0.492936 0.416144 0.495806
7 0.437060 0.443264 0.481960 0.449364 0.475440 0.497361 0.430540 0.491261
1 0.477234 0.445106 0.492853 0.445537 0.491516 0.493956 0.475897 0.493525
7 0.488804 0.447218 0.535536 0.443555 0.539321 0.491844 0.492589 0.495508
7 0.526529 0.448006 0.551299 0.444626 0.557846 0.492619 0.533076 0.495999
0 0.539271 0.444776 0.606406 0.447450 0.604479 0.495849 0.537344 0.493175
0 0.589149 0.444884 0.614133 0.445771 0.612414 0.494178 0.587430 0.493291
0 0.586766 0.447395 0.669538 0.444816 0.671047 0.493230 0.588274 0.495809
0 0.615549 0.450810 0.697856 0.441673 0.703201 0.489815 0.620894 0.498952
0 0.649417 0.440364 0.731590 0.450635 0.725583 0.498699 0.643410 0.488427
1 0.712849 0.444898 0.725311 0.445875 0.721526 0.494164 0.709064 0.493188
5 0.739807 0.445115 0.758411 0.447449 0.752381 0.495510 0.733777 0.493176
1 0.216288 0.377660 0.233445 0.378674 0.230587 0.427027 0.213430 0.426013
0 0.219630 0.375973 0.286673 0.380381 0.283495 0.428714 0.216452 0.424307
8 0.271660 0.378469 0.287271 0.377822 0.289278 0.426218 0.273666 0.426865
1 0.301500 0.378711 0.317089 0.377651 0.320375 0.425977 0.304786 0.427037
7 0.325831 0.378517 0.350819 0.377756 0.352294 0.426171 0.327306 0.426932
0 0.356218 0.378142 0.381218 0.378108 0.381282 0.426546 0.356282 0.426579
1 0.388536 0.378301 0.404158 0.377960 0.405214 0.426386 0.389592 0.426727
0 0.389304 0.371192 0.470814 0.385819 0.462259 0.433495 0.380748 0.418868
0 0.414992 0.380001 0.496213 0.377829 0.497508 0.426249 0.416287 0.428421
1 0.478273 0.377639 0.493860 0.378730 0.490477 0.427049 0.474890 0.425958
0 0.455339 0.373163 0.576796 0.383253 0.572786 0.431524 0.451329 0.421434
7 0.514883 0.380673 0.563077 0.375821 0.567929 0.424015 0.519735 0.428867
5 0.560606 0.378586 0.579335 0.377716 0.581582 0.426102 0.562852 0.426971
7 0.585210 0.376446 0.622539 0.380026 0.617915 0.428242 0.580586 0.424662
0 0.583623 0.381967 0.672482 0.375956 0.675752 0.424283 0.586893 0.430294
0 0.646735 0.378198 0.671735 0.378053 0.672015 0.426490 0.647015 0.426634
0 0.644587 0.380192 0.727360 0.377644 0.728851 0.426058 0.646077 0.428606
0 0.669606 0.385644 0.757720 0.372684 0.764769 0.420606 0.676655 0.433566
8 0.736916 0.378926 0.752478 0.377521 0.756834 0.425762 0.741272 0.427167
0 0.730853 0.381839 0.813348 0.374597 0.817584 0.422848 0.735089 0.430091
0 0.197189 0.424945 0.223538 0.428305 0.221561 0.443805 0.195212 0.440445
0 0.214166 0.426420 0.236039 0.426706 0.235834 0.442330 0.213961 0.442044
0 0.237576 0.426434 0.264138 0.426692 0.263986 0.442316 0.237425 0.442058
0 0.257220 0.426890 0.283694 0.424725 0.284967 0.440298 0.258493 0.442463
0 0.275446 0.424776 0.301746 0.428504 0.299554 0.443974 0.273254 0.440246
0 0.285555 0.426815 0.324564 0.424769 0.325382 0.440373 0.286373 0.442418
0 0.322463 0.424807 0.350517 0.426795 0.349412 0.442381 0.321358 0.440393
0 0.346328 0.428696 0.372316 0.423204 0.375547 0.438491 0.349559 0.443984
0 0.372770 0.426812 0.394554 0.424815 0.395980 0.440375 0.374196 0.442372
0 0.390571 0.428305 0.418493 0.424933 0.420367 0.440445 0.392445 0.443817
0 0.415699 0.426437 0.442261 0.426688 0.442113 0.442313 0.415552 0.442062
0 0.445470 0.426486 0.453281 0.426642 0.452968 0.442264 0.445157 0.442108
0 0.468618 0.427251 0.490312 0.424441 0.492319 0.439936 0.470626 0.442747
0 0.494178 0.423259 0.532895 0.428442 0.530822 0.443929 0.492105 0.438746
0 0.537900 0.426375 0.545703 0.426770 0.544912 0.442375 0.537110 0.441980
0 0.545514 0.424310 0.571902 0.427355 0.570111 0.442877 0.543723 0.439832
0 0.571961 0.426410 0.600084 0.426716 0.599914 0.442340 0.571791 0.442034
0 0.592092 0.426727 0.618653 0.426400 0.618845 0.442023 0.592285 0.442350
0 0.610721 0.426874 0.632588 0.426257 0.633029 0.441876 0.611162 0.442493
0 0.631230 0.427340 0.657621 0.424324 0.659395 0.439848 0.633004 0.442864
0 0.655963 0.427072 0.682506 0.426064 0.683099 0.441678 0.656556 0.442686
0 0.690963 0.426402 0.698769 0.426737 0.698099 0.442348 0.690294 0.442013
0 0.709591 0.426186 0.737706 0.426945 0.737284 0.442564 0.709169 0.441805
0 0.729378 0.427115 0.755918 0.426023 0.756560 0.441635 0.730020 0.442727
0 0.759357 0.427335 0.785749 0.424328 0.787518 0.439852 0.761126 0.442860
0 0.774718 0.428749 0.800949 0.424571 0.803407 0.440001 0.777176 0.444179
5 0.185024 0.310696 0.203768 0.311196 0.202476 0.359616 0.183732 0.359116
1 0.213896 0.311264 0.229509 0.310649 0.231416 0.359049 0.215804 0.359664
8 0.243853 0.310905 0.259478 0.310971 0.259272 0.359408 0.243647 0.359342
0 0.243659 0.318558 0.309618 0.305765 0.318841 0.353317 0.252882 0.366110
5 0.299096 0.310208 0.327019 0.313578 0.321216 0.361667 0.293294 0.358297
0 0.306813 0.309015 0.373769 0.314590 0.369749 0.362860 0.302794 0.357285
0 0.330817 0.305794 0.412937 0.316486 0.406683 0.364518 0.324563 0.353826
1 0.391269 0.310334 0.406831 0.311737 0.402481 0.359979 0.386919 0.358576
7 0.414117 0.310909 0.439117 0.310966 0.439008 0.359403 0.414008 0.359347
0 0.413545 0.313309 0.496226 0.308643 0.498955 0.357004 0.416274 0.361670
0 0.454000 0.306185 0.520432 0.316235 0.513187 0.364127 0.446755 0.354078
5 0.504666 0.310946 0.523416 0.310929 0.523459 0.359366 0.504709 0.359383
7 0.516788 0.314614 0.561772 0.309174 0.567587 0.357261 0.522603 0.362701
5 0.566335 0.310565 0.584862 0.313448 0.577415 0.361310 0.558888 0.358427
1 0.594009 0.310856 0.609633 0.311022 0.609116 0.359457 0.593492 0.359290
5 0.613949 0.312773 0.642003 0.310786 0.645426 0.359102 0.617372 0.361089
1 0.647742 0.313304 0.663161 0.310773 0.671008 0.358571 0.655589 0.361102
1 0.677032 0.310746 0.697340 0.311138 0.696406 0.359566 0.676097 0.359175
1 0.709601 0.310866 0.725225 0.311011 0.724774 0.359447 0.709150 0.359301
8 0.739094 0.310664 0.756272 0.311238 0.754656 0.359648 0.737478 0.359075
7 0.756827 0.310501 0.794317 0.311387 0.793173 0.359811 0.755683 0.358925
1 0.796577 0.311242 0.809064 0.310682 0.811236 0.359070 0.798748 0.359631
8 0.158142 0.243384 0.175312 0.244166 0.173108 0.292553 0.155938 0.291771
0 0.151095 0.245364 0.235454 0.243708 0.236405 0.292136 0.152046 0.293792
1 0.216347 0.243316 0.231943 0.244276 0.228965 0.292622 0.213370 0.291661
1 0.243955 0.243685 0.259580 0.243817 0.259170 0.292253 0.243545 0.292121
5 0.267014 0.243852 0.295138 0.243649 0.295486 0.292086 0.267362 0.292288
1 0.301130 0.244176 0.316735 0.243386 0.319183 0.291762 0.303578 0.292551
8 0.331712 0.243606 0.347334 0.243903 0.346413 0.292332 0.330791 0.292035
0 0.326985 0.243029 0.411347 0.244479 0.410515 0.292909 0.326153 0.291459
8 0.389366 0.243654 0.404989 0.243849 0.404384 0.292283 0.388761 0.292088
1 0.412087 0.246837 0.432047 0.243067 0.441038 0.290663 0.421078 0.294433
1 0.447980 0.243902 0.463602 0.243606 0.464520 0.292035 0.448898 0.292331
8 0.471853 0.246596 0.487159 0.243455 0.496897 0.290904 0.481591 0.294045
1 0.507954 0.243085 0.523499 0.244662 0.518609 0.292852 0.503064 0.291275
1 0.530691 0.243992 0.550998 0.243521 0.552122 0.291945 0.531815 0.292417
1 0.563430 0.243963 0.579049 0.243553 0.580320 0.291974 0.564701 0.292384
7 0.580277 0.241917 0.628396 0.247465 0.622848 0.295583 0.574729 0.290035
1 0.624057 0.243152 0.639620 0.244540 0.635318 0.292786 0.619755 0.291398
0 0.616551 0.247137 0.699205 0.242018 0.702199 0.290363 0.619545 0.295482
5 0.678384 0.243651 0.697133 0.243851 0.696616 0.292286 0.677867 0.292086
8 0.707525 0.243854 0.724711 0.243649 0.725288 0.292083 0.708101 0.292288
1 0.737881 0.243024 0.758130 0.244627 0.754307 0.292914 0.734058 0.291310
7 0.753574 0.243436 0.798831 0.245686 0.796426 0.294064 0.751169 0.291814
7 0.779758 0.243680 0.828195 0.243821 0.828054 0.292258 0.779617 0.292117
0 0.786756 0.252903 0.868038 0.237055 0.877307 0.284597 0.796025 0.300445
0 0.123839 0.176360 0.148835 0.176772 0.148036 0.225203 0.123040 0.224791
5 0.149639 0.177263 0.177732 0.175918 0.180048 0.224300 0.151956 0.225645
1 0.186148 0.176265 0.201760 0.176900 0.199790 0.225298 0.184178 0.224662
1 0.218896 0.176053 0.231332 0.177322 0.226416 0.225509 0.213981 0.224241
7 0.228312 0.176388 0.273624 0.176738 0.273250 0.225174 0.227939 0.224825
5 0.268685 0.178420 0.287338 0.176518 0.292253 0.224705 0.273599 0.226607
8 0.301333 0.176645 0.318519 0.176482 0.318980 0.224917 0.301793 0.225081
1 0.331675 0.176168 0.348841 0.177016 0.346450 0.225395 0.329284 0.224546
1 0.357366 0.177648 0.372883 0.175813 0.378571 0.223915 0.363054 0.225750
1 0.386790 0.177417 0.402344 0.175928 0.406960 0.224145 0.391406 0.225634
5 0.412959 0.175884 0.441048 0.177303 0.438604 0.225679 0.410515 0.224260
1 0.450332 0.175857 0.465864 0.177554 0.460606 0.225705 0.445073 0.224009
5 0.468705 0.177062 0.496813 0.176092 0.498483 0.224501 0.470375 0.225470
7 0.490708 0.176509 0.539116 0.178208 0.537417 0.226616 0.489009 0.224917
1 0.534187 0.176834 0.546677 0.176331 0.548626 0.224729 0.536136 0.225232
7 0.550264 0.174991 0.598447 0.179952 0.593486 0.228134 0.545303 0.223173
7 0.575802 0.178991 0.624134 0.175802 0.627323 0.224134 0.578991 0.227323
5 0.620547 0.176473 0.639296 0.176654 0.638828 0.225090 0.620079 0.224908
7 0.636053 0.174993 0.684382 0.178241 0.681134 0.226569 0.632806 0.223322
1 0.681441 0.176332 0.693931 0.176831 0.691997 0.225230 0.679507 0.224731
5 0.699320 0.178592 0.727207 0.174942 0.733493 0.222970 0.705606 0.226620
0 0.708360 0.173048 0.789123 0.181930 0.783828 0.230077 0.703065 0.221195
1 0.765340 0.176933 0.780949 0.176240 0.783098 0.224630 0.767488 0.225323
1 0.794950 0.176962 0.810557 0.176218 0.812863 0.224601 0.797255 0.225344
0 0.817035 0.179339 0.841787 0.175828 0.848590 0.223786 0.823838 0.227297
0 0.819563 0.180175 0.902189 0.174622 0.905437 0.222950 0.822811 0.228503
0 0.109120 0.225924 0.130754 0.222685 0.133067 0.238138 0.111434 0.241377
0 0.124913 0.226711 0.151270 0.223410 0.153212 0.238914 0.126855 0.242215
0 0.142306 0.224802 0.168866 0.225200 0.168631 0.240823 0.142072 0.240425
0 0.151502 0.226791 0.190242 0.221776 0.192248 0.237272 0.153508 0.242287
0 0.179365 0.225079 0.218390 0.223373 0.219073 0.238983 0.180047 0.240689
0 0.210733 0.225338 0.235724 0.224668 0.236142 0.240287 0.211151 0.240957
0 0.237289 0.227008 0.263571 0.223157 0.265836 0.238617 0.239554 0.242468
0 0.269577 0.223174 0.291345 0.225340 0.289798 0.240888 0.268030 0.238723
0 0.295828 0.223023 0.323650 0.227146 0.321359 0.242602 0.293538 0.238479
0 0.317397 0.224714 0.339265 0.225291 0.338853 0.240911 0.316985 0.240334
0 0.334039 0.225494 0.355892 0.224522 0.356586 0.240131 0.334733 0.241103
0 0.360227 0.222924 0.386655 0.225593 0.385085 0.241139 0.358657 0.238470
0 0.376150 0.225747 0.402672 0.224277 0.403537 0.239878 0.377015 0.241348
0 0.400381 0.224385 0.426915 0.225632 0.426181 0.241240 0.399648 0.239993
0 0.419505 0.222993 0.447517 0.225507 0.446120 0.241070 0.418108 0.238555
0 0.438590 0.225084 0.465099 0.223386 0.466097 0.238979 0.439589 0.240677
0 0.454135 0.225775 0.493077 0.222710 0.494303 0.238287 0.455361 0.241352
0 0.486736 0.225431 0.494510 0.224648 0.496076 0.240194 0.488303 0.240977
0 0.504289 0.225721 0.530814 0.224302 0.531648 0.239904 0.505124 0.241323
0 0.541941 0.225128 0.549750 0.224880 0.550246 0.240497 0.542438 0.240745
0 0.563514 0.225050 0.585329 0.223431 0.586486 0.239013 0.564671 0.240632
0 0.582943 0.224681 0.622000 0.225321 0.621744 0.240944 0.582687 0.240304
0 0.608521 0.223123 0.634988 0.225370 0.633666 0.240939 0.607199 0.238692
0 0.632411 0.225726 0.658935 0.224297 0.659776 0.239899 0.633252 0.241328
0 0.653704 0.222903 0.692676 0.225571 0.691608 0.241160 0.652637 0.238491
0 0.687323 0.225291 0.712316 0.224714 0.712677 0.240334 0.687684 0.240911
0 0.709275 0.225183 0.737398 0.224818 0.737600 0.240442 0.709477 0.240807
0 0.738245 0.223008 0.766260 0.225491 0.764880 0.241055 0.736865 0.238572
0 0.766635 0.225245 0.793121 0.223237 0.794303 0.238817 0.767816 0.240825
0 0.801294 0.225140 0.809101 0.224869 0.809644 0.240485 0.801836 0.240756
0 0.817012 0.225454 0.856064 0.224550 0.856426 0.240171 0.817373 0.241075
0 0.855551 0.225468 0.880433 0.223043 0.881949 0.238594 0.857067 0.241020
5 0.092462 0.108792 0.120561 0.110003 0.118475 0.158396 0.090377 0.157185
0 0.093409 0.109968 0.176213 0.108787 0.176904 0.157219 0.094100 0.158401
1 0.156823 0.109179 0.174006 0.109584 0.172864 0.158008 0.155682 0.157603
5 0.180255 0.109054 0.208373 0.109709 0.207245 0.158133 0.179127 0.157479
7 0.198409 0.111749 0.243617 0.108675 0.246903 0.157001 0.201695 0.160075
7 0.228410 0.109103 0.275282 0.109651 0.274715 0.158085 0.227843 0.157537
8 0.268534 0.112043 0.285454 0.109023 0.293966 0.156707 0.277046 0.159727
1 0.300965 0.109864 0.316564 0.108966 0.319347 0.157324 0.303748 0.158221
1 0.331486 0.109070 0.347098 0.109722 0.345076 0.158117 0.329465 0.157465
5 0.352696 0.111428 0.380721 0.109057 0.384804 0.157322 0.356779 0.159693
8 0.392948 0.108979 0.409834 0.112183 0.400802 0.159771 0.383916 0.156567
0 0.363916 0.114219 0.485418 0.104680 0.489209 0.152969 0.367707 0.162507
8 0.444884 0.111606 0.460332 0.109257 0.467616 0.157144 0.452168 0.159493
1 0.476989 0.108980 0.494155 0.109829 0.491761 0.158208 0.474595 0.157358
8 0.508502 0.108599 0.524008 0.110518 0.518061 0.158589 0.502554 0.156670
7 0.521309 0.111184 0.558653 0.107767 0.563066 0.156003 0.525722 0.159420
0 0.527648 0.116666 0.606124 0.102821 0.614539 0.150522 0.536064 0.164367
0 0.554397 0.115020 0.642787 0.104096 0.648728 0.152168 0.560338 0.163091
5 0.613548 0.110175 0.641632 0.108647 0.644264 0.157013 0.616181 0.158541
0 0.620401 0.104248 0.703869 0.116586 0.696786 0.164502 0.613318 0.152164
1 0.677420 0.110702 0.689756 0.108684 0.697580 0.156485 0.685244 0.158504
5 0.702628 0.109671 0.730747 0.109090 0.731747 0.157517 0.703628 0.158098
0 0.705674 0.111149 0.786900 0.109178 0.788076 0.157601 0.706850 0.159572
0 0.732218 0.111203 0.815004 0.109125 0.816220 0.157547 0.733433 0.159625
1 0.795281 0.109652 0.810897 0.109125 0.812532 0.157535 0.796916 0.158062
1 0.824030 0.108844 0.844311 0.109983 0.841595 0.158344 0.821314 0.157205
8 0.855502 0.108917 0.871093 0.109936 0.867936 0.158270 0.852344 0.157252
8 0.886486 0.108626 0.902003 0.110457 0.896327 0.158561 0.880809 0.156730
