1 0.052707 0.051111 0.067268 0.060243 0.033230 0.114514 0.018669 0.105382
1 0.032370 0.061413 0.050935 0.049843 0.084818 0.104212 0.066253 0.115782
0 0.032706 0.092373 0.070204 0.092004 0.070419 0.113877 0.032921 0.114246
1 0.102688 0.049341 0.122108 0.059409 0.092625 0.116284 0.073204 0.106216
1 0.090053 0.059303 0.107986 0.049764 0.138072 0.106322 0.120139 0.115861
0 0.088156 0.090031 0.125388 0.094500 0.122782 0.116219 0.085549 0.111750
1 0.158272 0.049224 0.178548 0.060979 0.146416 0.116401 0.126140 0.104646
1 0.144562 0.059136 0.164094 0.049287 0.192938 0.106489 0.173406 0.116338
1 0.212149 0.049244 0.231774 0.058907 0.203476 0.116381 0.183851 0.106718
1 0.198383 0.060215 0.212954 0.051099 0.246930 0.105410 0.232358 0.114526
0 0.197504 0.090392 0.234948 0.092453 0.233746 0.114295 0.196302 0.112234
1 0.267280 0.049425 0.286538 0.059799 0.256158 0.116200 0.236899 0.105826
1 0.255741 0.057560 0.270997 0.049642 0.300509 0.106502 0.285253 0.114420
1 0.323756 0.049242 0.341307 0.059468 0.309057 0.114821 0.291506 0.104595
1 0.307309 0.060053 0.324940 0.049966 0.356753 0.105572 0.339122 0.115659
1 0.378203 0.049720 0.396958 0.060980 0.363985 0.115905 0.345230 0.104645
1 0.361743 0.058803 0.382630 0.048170 0.411694 0.105260 0.390807 0.115893
1 0.432238 0.049836 0.450060 0.059581 0.419325 0.115789 0.401503 0.106044
1 0.416540 0.059850 0.435777 0.049437 0.466273 0.105775 0.447035 0.116188
1 0.488311 0.049886 0.506811 0.061559 0.472627 0.115739 0.454126 0.104066
1 0.469741 0.061572 0.488236 0.049890 0.522446 0.104053 0.503951 0.115735
0 0.471035 0.090252 0.508461 0.092603 0.507090 0.114435 0.469664 0.112084
1 0.540957 0.048315 0.564478 0.063734 0.529355 0.117310 0.505834 0.101891
1 0.526060 0.060558 0.544997 0.049608 0.577065 0.105067 0.558128 0.116017
1 0.600629 0.049952 0.617286 0.061578 0.580621 0.114110 0.563964 0.102485
1 0.583993 0.057445 0.599289 0.049606 0.628507 0.106617 0.613211 0.114456
1 0.649854 0.049271 0.669420 0.059054 0.640771 0.116354 0.621205 0.106571
1 0.635804 0.060143 0.654918 0.049505 0.686071 0.105482 0.666957 0.116120
0 0.636349 0.090433 0.672104 0.094053 0.669901 0.115817 0.634146 0.112197
1 0.706658 0.049542 0.722027 0.057238 0.693342 0.114520 0.677973 0.106824
1 0.690601 0.060022 0.709766 0.049476 0.740649 0.105603 0.721484 0.116149
0 0.689712 0.090362 0.727152 0.092486 0.725913 0.114326 0.688473 0.112202
1 0.761913 0.049848 0.776947 0.058178 0.745899 0.114214 0.730865 0.105884
1 0.740267 0.063431 0.762015 0.048180 0.798796 0.100632 0.777047 0.115882
0 0.741481 0.094493 0.778514 0.088592 0.781956 0.110195 0.744923 0.116095
1 0.813500 0.049323 0.832958 0.059318 0.803688 0.116302 0.784230 0.106307
1 0.798260 0.061092 0.816966 0.049751 0.850177 0.104533 0.831471 0.115874
0 0.810315 0.093010 0.821156 0.091558 0.824060 0.113240 0.813219 0.114692
1 0.870911 0.048205 0.892608 0.063529 0.855652 0.115857 0.833955 0.100534
1 0.852550 0.060738 0.877571 0.047894 0.906825 0.104887 0.881804 0.117731
0 0.844660 0.090142 0.899189 0.094297 0.897527 0.116108 0.842998 0.111953
0 0.048634 0.115306 0.079877 0.115948 0.079491 0.134694 0.048248 0.134052
0 0.074327 0.117869 0.105047 0.112137 0.108486 0.130569 0.077766 0.136301
0 0.107211 0.115985 0.139947 0.113747 0.141226 0.132453 0.108490 0.134691
0 0.143025 0.116174 0.174168 0.113579 0.175725 0.132264 0.144582 0.134859
0 0.166380 0.112458 0.200393 0.117427 0.197683 0.135980 0.163669 0.131011
0 0.195885 0.113671 0.226869 0.117739 0.224428 0.136329 0.193444 0.132261
0 0.232413 0.116183 0.257389 0.115085 0.258212 0.133817 0.233236 0.134915
0 0.256296 0.109113 0.288193 0.121926 0.281204 0.139325 0.249307 0.126511
0 0.277856 0.116089 0.309092 0.115169 0.309644 0.133911 0.278408 0.134831
0 0.309208 0.119693 0.341123 0.112070 0.345479 0.130307 0.313565 0.137930
0 0.343735 0.116401 0.376407 0.113367 0.378140 0.132037 0.345468 0.135071
0 0.367830 0.113847 0.399014 0.115880 0.397795 0.134590 0.366611 0.132557
0 0.385712 0.116031 0.418515 0.115225 0.418975 0.133969 0.386173 0.134775
0 0.410562 0.117901 0.441505 0.113533 0.444126 0.132099 0.413182 0.136467
0 0.426974 0.113873 0.473809 0.115831 0.473026 0.134564 0.426191 0.132607
0 0.450920 0.112352 0.483314 0.117575 0.480330 0.136086 0.447936 0.130863
0 0.459478 0.115371 0.506350 0.115880 0.506147 0.134629 0.459275 0.134120
0 0.510337 0.113963 0.519407 0.116335 0.514663 0.134475 0.505593 0.132103
0 0.516408 0.113305 0.548861 0.118150 0.546092 0.136695 0.513639 0.131850
0 0.543644 0.115813 0.576454 0.115438 0.576669 0.134187 0.543858 0.134562
0 0.568950 0.113374 0.600053 0.116401 0.598237 0.135063 0.567134 0.132036
0 0.577006 0.113803 0.623834 0.115903 0.622994 0.134635 0.576166 0.132534
0 0.619509 0.113681 0.650669 0.116061 0.649241 0.134756 0.618081 0.132377
0 0.652675 0.112240 0.683437 0.117740 0.680137 0.136198 0.649375 0.130697
0 0.659937 0.113545 0.706738 0.116171 0.705688 0.134892 0.658887 0.132266
0 0.698036 0.115837 0.707402 0.115431 0.708214 0.134163 0.698848 0.134569
0 0.720256 0.116407 0.751358 0.113369 0.753181 0.132030 0.722079 0.135068
0 0.738630 0.116006 0.785449 0.113704 0.786370 0.132431 0.739551 0.134734
0 0.765559 0.115735 0.796809 0.115515 0.796941 0.134265 0.765691 0.134485
0 0.786238 0.115142 0.817472 0.116117 0.816887 0.134858 0.785653 0.133883
0 0.804443 0.112009 0.835107 0.118030 0.831495 0.136429 0.800830 0.130407
0 0.836370 0.115421 0.845735 0.115848 0.844880 0.134579 0.835515 0.134152
0 0.856144 0.116161 0.881015 0.113623 0.882919 0.132276 0.858048 0.134815
0 0.874898 0.115763 0.899896 0.115488 0.900102 0.134237 0.875104 0.134512
0 0.895124 0.117474 0.926168 0.113899 0.928314 0.132526 0.897269 0.136101
0 0.914966 0.113480 0.946090 0.116283 0.944409 0.134957 0.913285 0.132155
1 0.076811 0.135695 0.095507 0.147050 0.062252 0.201805 0.043555 0.190450
1 0.061803 0.145369 0.079685 0.135734 0.110072 0.192131 0.092190 0.201766
0 0.064817 0.176301 0.094256 0.180132 0.091433 0.201824 0.061994 0.197993
1 0.133945 0.137044 0.148510 0.146171 0.114492 0.200456 0.099928 0.191329
1 0.116457 0.143501 0.136306 0.134307 0.163231 0.192436 0.143382 0.201630
1 0.183471 0.134282 0.206752 0.147072 0.175904 0.203218 0.152623 0.190428
1 0.168220 0.146165 0.191921 0.134173 0.220843 0.191335 0.197141 0.203327
0 0.168827 0.177995 0.206326 0.178256 0.206173 0.200130 0.168674 0.199869
1 0.240690 0.135655 0.259449 0.146907 0.226498 0.201845 0.207738 0.190593
1 0.224510 0.146481 0.243454 0.135542 0.275490 0.191019 0.256546 0.201958
0 0.213800 0.180441 0.268151 0.174381 0.270575 0.196121 0.216224 0.202181
1 0.295389 0.135907 0.313015 0.146003 0.281174 0.201593 0.263548 0.191497
1 0.279204 0.146745 0.293249 0.136840 0.330171 0.189192 0.316126 0.199098
0 0.268924 0.177700 0.323605 0.178552 0.323264 0.200425 0.268583 0.199573
1 0.349689 0.135428 0.368829 0.146020 0.337811 0.202072 0.318671 0.191480
1 0.338857 0.142695 0.354654 0.135924 0.379893 0.194805 0.364096 0.201576
1 0.405392 0.135625 0.424199 0.146796 0.391483 0.201875 0.372676 0.190704
1 0.388711 0.146324 0.407722 0.135502 0.439414 0.191176 0.420403 0.201998
1 0.460281 0.135847 0.478748 0.147573 0.444406 0.201653 0.425940 0.189927
1 0.441732 0.147367 0.460289 0.135786 0.494206 0.190133 0.475648 0.201714
0 0.440939 0.176298 0.481391 0.180045 0.479374 0.201827 0.438922 0.198080
1 0.514399 0.135550 0.533329 0.146512 0.501226 0.201950 0.482296 0.190988
1 0.498020 0.145990 0.515328 0.135359 0.548855 0.189948 0.531547 0.200578
0 0.497038 0.177851 0.534534 0.178402 0.534212 0.200274 0.496716 0.199723
1 0.567539 0.135407 0.586717 0.145930 0.555898 0.202093 0.536721 0.191570
1 0.551311 0.147118 0.569978 0.135714 0.603376 0.190382 0.584709 0.201786
0 0.554676 0.173225 0.591115 0.182081 0.585949 0.203337 0.549510 0.194481
1 0.619254 0.134192 0.642873 0.146346 0.613558 0.203308 0.589940 0.191154
1 0.609028 0.145638 0.623791 0.136837 0.656597 0.191862 0.641834 0.200663
1 0.676074 0.134021 0.700283 0.148336 0.667676 0.203479 0.643467 0.189164
1 0.660539 0.146902 0.677461 0.135666 0.712898 0.189035 0.695976 0.200271
1 0.733099 0.135703 0.751783 0.147081 0.718463 0.201797 0.699780 0.190419
1 0.715228 0.147295 0.733817 0.135765 0.767585 0.190205 0.748995 0.201735
0 0.716277 0.176296 0.753716 0.178427 0.752473 0.200267 0.715034 0.198136
1 0.788098 0.135774 0.806673 0.147327 0.772840 0.201726 0.754264 0.190173
1 0.771633 0.145710 0.789378 0.135825 0.820554 0.191790 0.802809 0.201675
0 0.782900 0.178082 0.793837 0.178169 0.793663 0.200043 0.782725 0.199956
1 0.842493 0.135278 0.862545 0.147411 0.829382 0.202222 0.809330 0.190089
1 0.824626 0.146430 0.849763 0.133814 0.878499 0.191070 0.853362 0.203686
0 0.824966 0.178181 0.860903 0.178069 0.860972 0.199944 0.825034 0.200056
1 0.052125 0.221575 0.069082 0.232758 0.033813 0.286238 0.016856 0.275055
1 0.031139 0.234036 0.055468 0.219924 0.087611 0.275339 0.063282 0.289451
1 0.102459 0.221183 0.121948 0.231118 0.092853 0.288192 0.073364 0.278257
1 0.088477 0.230495 0.109441 0.220016 0.138086 0.277317 0.117122 0.287797
0 0.087192 0.264586 0.123114 0.263548 0.123746 0.285414 0.087823 0.286452
1 0.157340 0.221211 0.176772 0.231259 0.147347 0.288164 0.127916 0.278116
1 0.143176 0.232006 0.160775 0.221864 0.192762 0.277369 0.175163 0.287511
1 0.214768 0.221563 0.233575 0.232734 0.200857 0.287812 0.182050 0.276641
1 0.196604 0.231892 0.216961 0.220277 0.248708 0.275920 0.228351 0.287535
0 0.196138 0.266297 0.231612 0.260547 0.235112 0.282141 0.199638 0.287890
1 0.268797 0.221431 0.287822 0.232228 0.256203 0.287944 0.237178 0.277147
1 0.254289 0.230657 0.273965 0.221097 0.301961 0.278718 0.282285 0.288278
0 0.264226 0.263982 0.275162 0.264145 0.274836 0.286018 0.263900 0.285855
1 0.323391 0.221662 0.341287 0.231270 0.310984 0.287713 0.293088 0.278105
1 0.304687 0.233958 0.322599 0.221400 0.359375 0.273855 0.341464 0.286412
0 0.296181 0.265990 0.350736 0.262188 0.352257 0.284010 0.297702 0.287812
1 0.378741 0.221715 0.397310 0.233278 0.363447 0.287660 0.344878 0.276097
1 0.363771 0.231519 0.378555 0.222753 0.411229 0.277856 0.396445 0.286622
1 0.433032 0.221626 0.451739 0.232966 0.418530 0.287749 0.399824 0.276409
1 0.418215 0.231252 0.431609 0.223206 0.464597 0.278123 0.451203 0.286169
0 0.414905 0.264622 0.452312 0.261994 0.453845 0.283815 0.416438 0.286444
1 0.488431 0.221712 0.503476 0.230021 0.472507 0.286100 0.457461 0.277791
1 0.471298 0.231649 0.490567 0.221295 0.520890 0.277726 0.501620 0.288080
0 0.484932 0.263490 0.495792 0.264789 0.493193 0.286510 0.482333 0.285211
1 0.539404 0.220186 0.562801 0.232762 0.532471 0.289189 0.509074 0.276613
1 0.525916 0.231724 0.545154 0.221311 0.575647 0.277651 0.556409 0.288064
0 0.525358 0.263470 0.562839 0.264666 0.562142 0.286530 0.524661 0.285334
1 0.595781 0.220191 0.616321 0.231478 0.585469 0.287622 0.564929 0.276334
1 0.579011 0.233578 0.597448 0.221804 0.631926 0.275797 0.613490 0.287571
0 0.581812 0.262113 0.617521 0.266151 0.615063 0.287887 0.579354 0.283849
1 0.652234 0.221729 0.670784 0.233323 0.636828 0.287646 0.618279 0.276052
1 0.637496 0.229491 0.657324 0.220252 0.684379 0.278322 0.664551 0.287560
1 0.706039 0.221384 0.725147 0.232033 0.693961 0.287991 0.674853 0.277342
1 0.691757 0.231035 0.709746 0.221603 0.739493 0.278340 0.721504 0.287772
0 0.691585 0.264151 0.721223 0.262448 0.722478 0.284287 0.692839 0.285990
1 0.759539 0.220267 0.779917 0.231844 0.748274 0.287546 0.727895 0.275969
1 0.744928 0.231443 0.764283 0.221250 0.794135 0.277932 0.774780 0.288125
0 0.745543 0.261770 0.781347 0.264875 0.779457 0.286668 0.743653 0.283563
1 0.815489 0.221646 0.833411 0.231205 0.803261 0.287729 0.785339 0.278170
1 0.800801 0.230423 0.815701 0.221855 0.847636 0.277390 0.832737 0.285958
0 0.812813 0.263311 0.823601 0.265112 0.820000 0.286689 0.809211 0.284888
1 0.870712 0.221500 0.889621 0.232498 0.857413 0.287875 0.838504 0.276877
1 0.854189 0.232428 0.873128 0.221482 0.905186 0.276947 0.886247 0.287893
0 0.849645 0.266504 0.889993 0.261770 0.892542 0.283496 0.852194 0.288230
0 0.049477 0.284080 0.081817 0.289627 0.078648 0.308107 0.046308 0.302560
0 0.066426 0.285263 0.097323 0.289949 0.094511 0.308487 0.063615 0.303801
0 0.081830 0.285814 0.113026 0.287657 0.111920 0.306374 0.080724 0.304531
0 0.107307 0.285453 0.131920 0.289838 0.128630 0.308297 0.104018 0.303912
0 0.138186 0.285660 0.169361 0.287823 0.168064 0.306528 0.136889 0.304365
0 0.165863 0.287114 0.197103 0.287891 0.196637 0.306636 0.165397 0.305859
0 0.200418 0.286837 0.231639 0.288181 0.230832 0.306913 0.199611 0.305569
0 0.230919 0.289917 0.264976 0.285256 0.267519 0.303833 0.233461 0.308494
0 0.261845 0.287662 0.286778 0.285826 0.288155 0.304525 0.263222 0.306362
0 0.277123 0.285842 0.308322 0.287626 0.307252 0.306346 0.276053 0.304561
0 0.309020 0.288119 0.340246 0.286895 0.340980 0.305631 0.309754 0.306855
0 0.343684 0.287610 0.374934 0.287390 0.375066 0.306140 0.343816 0.306360
0 0.372706 0.286855 0.381953 0.288403 0.378856 0.306895 0.369610 0.305347
0 0.385008 0.285736 0.416194 0.287740 0.414992 0.306451 0.383806 0.304448
0 0.405614 0.287633 0.430551 0.285853 0.431886 0.304555 0.406949 0.306335
0 0.431467 0.286805 0.440686 0.288507 0.437283 0.306945 0.428064 0.305243
0 0.444243 0.286723 0.475454 0.288301 0.474507 0.307027 0.443296 0.305449
0 0.476399 0.283773 0.506583 0.291867 0.501726 0.309977 0.471542 0.301883
0 0.488969 0.293354 0.534123 0.280771 0.539156 0.298833 0.494002 0.311416
0 0.521838 0.288324 0.554501 0.285199 0.556287 0.303863 0.523624 0.306989
0 0.561650 0.285838 0.586584 0.287649 0.585225 0.306350 0.560291 0.304538
0 0.573690 0.287052 0.608053 0.287955 0.607560 0.306698 0.573197 0.305795
0 0.603953 0.288140 0.636648 0.285365 0.638234 0.304048 0.605539 0.306823
0 0.635384 0.292355 0.666531 0.282034 0.672429 0.299832 0.641282 0.310154
0 0.676687 0.287337 0.701684 0.287665 0.701438 0.306413 0.676441 0.306085
0 0.698238 0.287772 0.723232 0.287232 0.723637 0.305978 0.698643 0.306518
0 0.714208 0.285324 0.745326 0.288193 0.743605 0.306864 0.712487 0.303995
0 0.730925 0.288412 0.755716 0.285183 0.758138 0.303776 0.733347 0.307005
0 0.747730 0.288153 0.781990 0.285347 0.783520 0.304035 0.749260 0.306840
0 0.771550 0.283974 0.802253 0.289791 0.798763 0.308213 0.768059 0.302396
0 0.789042 0.287552 0.835916 0.287448 0.835958 0.306198 0.789084 0.306302
0 0.840644 0.287491 0.850019 0.287509 0.849981 0.306259 0.840606 0.306241
0 0.863413 0.285589 0.888079 0.289661 0.885025 0.308161 0.860359 0.304089
0 0.881590 0.286902 0.915944 0.288109 0.915285 0.306848 0.880931 0.305641
0 0.903739 0.284365 0.928213 0.289467 0.924386 0.307822 0.899912 0.302721
1 0.079313 0.307441 0.097088 0.320190 0.059750 0.372247 0.041975 0.359497
1 0.057087 0.321249 0.076218 0.307709 0.113226 0.360001 0.094094 0.373541
0 0.070225 0.350995 0.081026 0.349277 0.084463 0.370880 0.073661 0.372598
1 0.131892 0.307487 0.150720 0.318623 0.118108 0.373763 0.099280 0.362627
1 0.115363 0.317252 0.134771 0.307160 0.164325 0.363998 0.144917 0.374090
1 0.185891 0.307600 0.203787 0.317208 0.173484 0.373650 0.155588 0.364042
1 0.168612 0.318501 0.192101 0.306098 0.222013 0.362749 0.198524 0.375152
0 0.158969 0.353636 0.213196 0.346549 0.216031 0.368239 0.161804 0.375326
1 0.237984 0.306190 0.257814 0.315426 0.230766 0.373498 0.210936 0.364262
1 0.227521 0.315648 0.246020 0.307259 0.272479 0.365602 0.253980 0.373991
1 0.297219 0.308680 0.311011 0.316023 0.280906 0.372570 0.267114 0.365227
1 0.280651 0.316795 0.300246 0.307071 0.328724 0.364455 0.309129 0.374179
0 0.277388 0.350594 0.314791 0.347900 0.316362 0.369719 0.278959 0.372412
1 0.354270 0.308871 0.367262 0.317553 0.331667 0.370816 0.318676 0.362135
1 0.330983 0.320600 0.350424 0.307510 0.386204 0.360650 0.366763 0.373740
0 0.331096 0.350290 0.371717 0.349712 0.372029 0.371585 0.331408 0.372163
1 0.407711 0.307292 0.425684 0.319762 0.389164 0.372396 0.371191 0.359925
1 0.385258 0.320861 0.402721 0.307686 0.441304 0.358826 0.423842 0.372001
0 0.401863 0.349523 0.412749 0.350579 0.410637 0.372352 0.399751 0.371296
1 0.457672 0.307085 0.477236 0.316871 0.448578 0.374165 0.429014 0.364379
1 0.443470 0.317706 0.460845 0.307184 0.494030 0.361982 0.476655 0.372504
1 0.514316 0.307408 0.533273 0.318323 0.501309 0.373842 0.482352 0.362927
1 0.497856 0.318462 0.516754 0.307444 0.549019 0.362788 0.530121 0.373806
0 0.497513 0.346648 0.537525 0.353683 0.533737 0.375227 0.493725 0.368192
1 0.569445 0.307498 0.588255 0.318664 0.555555 0.373752 0.536745 0.362586
1 0.551032 0.318040 0.574733 0.306048 0.603656 0.363210 0.579955 0.375202
0 0.551858 0.349509 0.589344 0.350498 0.588767 0.372366 0.551281 0.371377
1 0.622453 0.307058 0.642687 0.318885 0.610360 0.374192 0.590125 0.362365
1 0.607216 0.317302 0.627806 0.306106 0.658409 0.362385 0.637819 0.373582
0 0.595300 0.355368 0.649001 0.345027 0.653137 0.366507 0.599436 0.376848
1 0.679410 0.307547 0.698793 0.320723 0.662777 0.373703 0.643394 0.360527
1 0.660330 0.319429 0.678805 0.307716 0.713108 0.361821 0.694633 0.373534
0 0.672950 0.350733 0.683809 0.349424 0.686425 0.371142 0.675566 0.372451
1 0.734044 0.307535 0.749212 0.315619 0.719081 0.372153 0.703913 0.364069
1 0.716528 0.317675 0.735760 0.307252 0.766285 0.363575 0.747053 0.373998
0 0.706620 0.348335 0.761279 0.350114 0.760567 0.371978 0.705909 0.370198
1 0.787660 0.307390 0.806648 0.318252 0.774840 0.373860 0.755852 0.362998
1 0.771290 0.317955 0.788885 0.307805 0.820897 0.363295 0.803303 0.373445
0 0.769501 0.347926 0.810041 0.350557 0.808624 0.372386 0.768084 0.369755
1 0.844465 0.307341 0.861635 0.318193 0.827410 0.372347 0.810240 0.361495
1 0.827961 0.316706 0.846055 0.307477 0.875164 0.364544 0.857070 0.373773
0 0.825285 0.349545 0.861211 0.350462 0.860653 0.372330 0.824727 0.371413
1 0.050618 0.393511 0.065743 0.401674 0.035320 0.458051 0.020194 0.449889
1 0.036970 0.401330 0.052218 0.393399 0.081780 0.450232 0.066532 0.458164
0 0.031079 0.437764 0.068410 0.434209 0.070484 0.455986 0.033152 0.459541
1 0.107578 0.393192 0.125601 0.405588 0.089297 0.458371 0.071274 0.445974
1 0.089907 0.402255 0.104822 0.393714 0.136656 0.449308 0.121740 0.457848
0 0.086015 0.435795 0.126639 0.436080 0.126485 0.457955 0.085861 0.457670
1 0.157297 0.393080 0.176741 0.403102 0.147391 0.460045 0.127947 0.450023
1 0.144544 0.402471 0.162706 0.393374 0.191394 0.450654 0.173232 0.459751
1 0.214352 0.393353 0.233298 0.404289 0.201273 0.459772 0.182327 0.448836
1 0.203069 0.400391 0.218905 0.393710 0.243806 0.452734 0.227970 0.459415
0 0.194989 0.438101 0.232254 0.433911 0.234698 0.455649 0.197433 0.459839
1 0.269859 0.393709 0.288253 0.405549 0.253579 0.459416 0.235185 0.447576
1 0.252958 0.403089 0.272408 0.393077 0.301729 0.450036 0.282280 0.460048
0 0.251382 0.436254 0.288876 0.435624 0.289243 0.457496 0.251749 0.458126
1 0.328031 0.394928 0.340930 0.403745 0.304782 0.456634 0.291882 0.447818
1 0.305585 0.405674 0.323570 0.393220 0.360040 0.445889 0.342055 0.458342
0 0.304125 0.436273 0.344690 0.434072 0.345875 0.455915 0.305310 0.458116
1 0.383158 0.394889 0.397001 0.405077 0.359029 0.456673 0.345186 0.446485
1 0.360616 0.405015 0.379246 0.393551 0.412821 0.448110 0.394191 0.459574
0 0.361230 0.435450 0.398717 0.436432 0.398145 0.458300 0.360658 0.457318
1 0.433418 0.393588 0.451991 0.405145 0.418145 0.459537 0.399572 0.447980
1 0.416518 0.403205 0.434074 0.392988 0.466295 0.448358 0.448739 0.458574
0 0.416194 0.433896 0.453456 0.438118 0.450993 0.459854 0.413732 0.455632
1 0.489495 0.393735 0.507851 0.405633 0.473005 0.459390 0.454649 0.447492
1 0.469679 0.405399 0.488140 0.393663 0.522508 0.447726 0.504048 0.459462
0 0.460777 0.437895 0.515200 0.432523 0.517348 0.454293 0.462925 0.459664
1 0.542880 0.393169 0.562791 0.405533 0.528995 0.459956 0.509084 0.447592
1 0.527443 0.403800 0.542076 0.394784 0.575682 0.449325 0.561049 0.458341
0 0.522748 0.436546 0.563282 0.433816 0.564752 0.455641 0.524218 0.458372
1 0.600408 0.395126 0.614725 0.404635 0.579280 0.457999 0.564963 0.448490
1 0.579350 0.404639 0.596305 0.393452 0.631587 0.446923 0.614633 0.458110
0 0.568546 0.441635 0.621812 0.429246 0.626767 0.450553 0.573501 0.462941
1 0.649325 0.393056 0.668816 0.402986 0.639738 0.460069 0.620246 0.450139
1 0.637160 0.402818 0.655186 0.393455 0.684715 0.450307 0.666689 0.459670
0 0.637769 0.435582 0.667448 0.436299 0.666919 0.458168 0.637240 0.457451
1 0.708066 0.393364 0.725129 0.404385 0.690371 0.458198 0.673309 0.447178
1 0.688796 0.404949 0.707455 0.393532 0.740891 0.448176 0.722232 0.459593
0 0.691744 0.436566 0.721406 0.435328 0.722318 0.457184 0.692656 0.458422
1 0.764068 0.394994 0.778505 0.404320 0.743745 0.458131 0.729307 0.448805
1 0.745139 0.403450 0.762913 0.393618 0.793923 0.449675 0.776149 0.459507
0 0.744317 0.434237 0.781771 0.436102 0.780683 0.457950 0.743229 0.456085
1 0.818498 0.393416 0.836225 0.406233 0.798689 0.458147 0.780963 0.445330
1 0.796721 0.404937 0.821528 0.391684 0.851716 0.448188 0.826910 0.461441
1 0.872640 0.393508 0.889526 0.404797 0.853923 0.458055 0.837036 0.446766
1 0.852935 0.403672 0.873335 0.392132 0.904877 0.447891 0.884478 0.459431
0 0.855869 0.436475 0.885537 0.435414 0.886319 0.457275 0.856650 0.458336
0 0.061083 0.458701 0.070314 0.460337 0.067042 0.478799 0.057811 0.477163
0 0.083589 0.457168 0.114495 0.461788 0.111724 0.480332 0.080817 0.475712
0 0.103256 0.457488 0.128150 0.459779 0.126432 0.478450 0.101537 0.476159
0 0.136176 0.458674 0.145392 0.460395 0.141949 0.478826 0.132733 0.477105
0 0.156256 0.459365 0.187506 0.459385 0.187494 0.478135 0.156244 0.478115
0 0.183600 0.459804 0.192942 0.459013 0.194525 0.477696 0.185183 0.478487
0 0.207186 0.459727 0.238358 0.457508 0.239689 0.476211 0.208517 0.478429
0 0.217878 0.455530 0.264328 0.461827 0.261809 0.480407 0.215359 0.474110
0 0.245851 0.457749 0.277054 0.459466 0.276024 0.478188 0.244821 0.476471
0 0.265852 0.459007 0.297093 0.459748 0.296648 0.478493 0.265407 0.477752
0 0.290281 0.455824 0.320574 0.463500 0.315969 0.481676 0.285676 0.474000
0 0.315500 0.456131 0.349182 0.462996 0.345438 0.481369 0.311755 0.474504
0 0.340854 0.457723 0.375061 0.461119 0.373209 0.479777 0.339002 0.476381
0 0.359851 0.457543 0.390869 0.461346 0.388587 0.479957 0.357569 0.476154
0 0.383980 0.460102 0.416761 0.458666 0.417582 0.477398 0.384801 0.478834
0 0.407288 0.460118 0.432246 0.458664 0.433337 0.477382 0.408379 0.478836
0 0.415038 0.461001 0.461803 0.457793 0.463087 0.476499 0.416322 0.479707
0 0.468342 0.459590 0.477708 0.459178 0.478533 0.477910 0.469167 0.478322
0 0.491444 0.461862 0.516008 0.457215 0.519494 0.475638 0.494929 0.480285
0 0.509409 0.459291 0.556284 0.459459 0.556216 0.478209 0.509341 0.478041
0 0.552704 0.455957 0.583453 0.461532 0.580108 0.479981 0.549359 0.474406
0 0.588315 0.456239 0.618836 0.462948 0.614810 0.481261 0.584289 0.474552
0 0.609986 0.457643 0.641176 0.459580 0.640014 0.478294 0.608824 0.476357
0 0.633985 0.455870 0.664305 0.463438 0.659765 0.481630 0.629445 0.474062
0 0.657307 0.459645 0.666668 0.459133 0.667693 0.477855 0.658332 0.478367
0 0.673957 0.455836 0.720491 0.461488 0.718230 0.480101 0.671697 0.474450
0 0.716357 0.457690 0.741288 0.459549 0.739893 0.478247 0.714962 0.476388
0 0.739166 0.459205 0.770414 0.459546 0.770209 0.478295 0.738961 0.477954
0 0.759666 0.458907 0.790901 0.459852 0.790334 0.478593 0.759099 0.477648
0 0.790803 0.459055 0.825172 0.459698 0.824822 0.478445 0.790453 0.477802
0 0.806363 0.459097 0.853235 0.459654 0.853012 0.478403 0.806140 0.477846
0 0.838828 0.463679 0.870641 0.455642 0.875234 0.473821 0.843421 0.481858
0 0.856074 0.461397 0.890224 0.457475 0.892364 0.476103 0.858213 0.480025
0 0.889791 0.458762 0.899053 0.460215 0.896146 0.478738 0.886885 0.477285
0 0.918631 0.459436 0.928005 0.459316 0.928244 0.478064 0.918870 0.478184
1 0.074297 0.478054 0.097503 0.490980 0.066328 0.546946 0.043122 0.534020
1 0.062217 0.489322 0.077005 0.480562 0.109658 0.535678 0.094870 0.544438
0 0.062420 0.521985 0.092106 0.521766 0.092268 0.543640 0.062581 0.543859
1 0.130570 0.479362 0.148647 0.488626 0.119430 0.545638 0.101353 0.536374
1 0.113284 0.491767 0.131197 0.479211 0.167966 0.531671 0.150053 0.544226
1 0.187159 0.479598 0.202129 0.488042 0.170654 0.543840 0.155684 0.535395
1 0.171186 0.488164 0.186111 0.479641 0.217877 0.535274 0.202951 0.543796
0 0.168038 0.522418 0.205448 0.519822 0.206962 0.541644 0.169552 0.544241
1 0.242087 0.479661 0.256993 0.488217 0.225101 0.543777 0.210195 0.535220
1 0.223077 0.490164 0.248222 0.477563 0.276923 0.534836 0.251778 0.547437
1 0.294237 0.478006 0.314771 0.489304 0.283888 0.545432 0.263354 0.534133
1 0.281127 0.487417 0.300911 0.478083 0.328248 0.536020 0.308464 0.545355
0 0.269638 0.519874 0.324175 0.523937 0.322549 0.545751 0.268013 0.541688
1 0.351969 0.479344 0.368980 0.490445 0.333968 0.544094 0.316958 0.532993
1 0.330818 0.490961 0.353655 0.477397 0.386370 0.532476 0.363532 0.546041
0 0.331157 0.522050 0.371781 0.521701 0.371968 0.543575 0.331344 0.543924
1 0.405774 0.479191 0.425538 0.491790 0.391101 0.545809 0.371337 0.533210
1 0.388986 0.489767 0.408126 0.479177 0.439139 0.535233 0.419999 0.545823
1 0.461882 0.480513 0.476717 0.489192 0.444368 0.544487 0.429533 0.535808
1 0.439953 0.492638 0.463882 0.477858 0.497547 0.532362 0.473618 0.547142
0 0.442098 0.522030 0.479597 0.521721 0.479777 0.543595 0.442278 0.543904
1 0.513858 0.479197 0.532964 0.489849 0.501767 0.545803 0.482661 0.535151
1 0.497745 0.490465 0.516588 0.479353 0.549130 0.534535 0.530287 0.545647
1 0.566188 0.479100 0.584759 0.487327 0.558812 0.545900 0.540241 0.537673
1 0.551384 0.490781 0.570089 0.479439 0.603304 0.534219 0.584598 0.545561
0 0.551223 0.522479 0.588704 0.521282 0.589402 0.543146 0.551921 0.544343
1 0.623714 0.479288 0.642664 0.490216 0.610661 0.545712 0.591711 0.534784
1 0.607156 0.489547 0.626389 0.479126 0.656907 0.535453 0.637673 0.545874
1 0.678722 0.477893 0.700420 0.493215 0.663466 0.545545 0.641768 0.530222
1 0.660171 0.491157 0.683291 0.478081 0.714829 0.533843 0.691709 0.546919
1 0.731616 0.477885 0.755465 0.492792 0.721509 0.547115 0.697660 0.532208
1 0.714998 0.491561 0.733005 0.479141 0.769377 0.531877 0.751370 0.544297
0 0.727377 0.522282 0.738288 0.521521 0.739810 0.543343 0.728900 0.544104
1 0.785643 0.478939 0.805252 0.488635 0.776857 0.546061 0.757248 0.536365
1 0.771222 0.490419 0.790084 0.479341 0.822528 0.534581 0.803666 0.545659
0 0.770479 0.519611 0.807856 0.522649 0.806084 0.544452 0.768707 0.541414
1 0.840498 0.479077 0.859825 0.489325 0.829814 0.545923 0.810488 0.535675
1 0.824331 0.491617 0.842312 0.479160 0.878794 0.531820 0.860813 0.544277
0 0.839837 0.521227 0.850671 0.522731 0.847663 0.544398 0.836829 0.542894
0 0.038577 0.548720 0.084747 0.540624 0.087986 0.559092 0.041815 0.567189
0 0.074983 0.546172 0.109209 0.542972 0.110954 0.561641 0.076729 0.564841
0 0.105273 0.543530 0.139587 0.545565 0.138477 0.564282 0.104163 0.562247
0 0.121749 0.545537 0.154558 0.545090 0.154814 0.563838 0.122004 0.564285
0 0.156118 0.547038 0.187189 0.543695 0.189194 0.562337 0.158124 0.565680
0 0.188367 0.542122 0.218860 0.548957 0.214758 0.567253 0.184265 0.560418
0 0.217881 0.543462 0.249055 0.545647 0.247744 0.564351 0.216570 0.562166
0 0.239234 0.543101 0.270345 0.546045 0.268579 0.564712 0.237468 0.561767
0 0.267181 0.545323 0.298431 0.545302 0.298444 0.564052 0.267194 0.564073
0 0.286376 0.544618 0.317594 0.546026 0.316749 0.564757 0.285531 0.563349
0 0.317672 0.544699 0.342641 0.545950 0.341703 0.564676 0.316734 0.563425
0 0.347150 0.543667 0.379787 0.547058 0.377850 0.565708 0.345213 0.562317
0 0.376144 0.545534 0.385510 0.545111 0.386356 0.563841 0.376990 0.564264
0 0.390738 0.545127 0.421986 0.545500 0.421762 0.564248 0.390514 0.563875
0 0.418321 0.541497 0.464526 0.549396 0.461367 0.567878 0.415162 0.559979
0 0.454437 0.549678 0.486222 0.541534 0.490876 0.559697 0.459090 0.567841
0 0.487313 0.546415 0.496506 0.544575 0.500187 0.562960 0.490994 0.564800
0 0.502923 0.540353 0.548987 0.549033 0.545515 0.567459 0.499451 0.558779
0 0.532669 0.545569 0.565477 0.545058 0.565769 0.563806 0.532960 0.564317
0 0.548551 0.539870 0.594404 0.549601 0.590512 0.567943 0.544658 0.558211
0 0.576384 0.545555 0.601380 0.545074 0.601741 0.563820 0.576745 0.564301
0 0.590598 0.545720 0.615492 0.543422 0.617215 0.562093 0.592321 0.564390
0 0.614888 0.543467 0.661613 0.547218 0.660112 0.565908 0.613387 0.562157
0 0.646377 0.545509 0.680698 0.543583 0.681748 0.562304 0.647427 0.564229
0 0.665999 0.544656 0.700349 0.545982 0.699626 0.564719 0.665276 0.563393
0 0.698224 0.547428 0.732354 0.543331 0.734589 0.561947 0.700459 0.566044
0 0.717970 0.543220 0.752241 0.545899 0.750780 0.564592 0.716509 0.561913
0 0.755155 0.543065 0.779965 0.546140 0.777658 0.564748 0.752848 0.561672
0 0.771368 0.545433 0.802568 0.543660 0.803632 0.562380 0.772432 0.564153
0 0.795477 0.543042 0.828147 0.546103 0.826398 0.564771 0.793728 0.561710
0 0.823567 0.545100 0.854814 0.545527 0.854558 0.564275 0.823311 0.563848
0 0.854017 0.543184 0.885144 0.545952 0.883483 0.564628 0.852356 0.561860
0 0.884489 0.545163 0.909487 0.545463 0.909261 0.564212 0.884263 0.563912
0 0.902353 0.545661 0.927257 0.543474 0.928897 0.562152 0.903993 0.564339
1 0.048108 0.565230 0.066304 0.574259 0.037829 0.631645 0.019633 0.622616
1 0.035704 0.573463 0.055445 0.564038 0.083046 0.621850 0.063305 0.631274
0 0.033188 0.607218 0.069105 0.608419 0.068374 0.630282 0.032457 0.629081
1 0.103086 0.565029 0.122385 0.575327 0.092227 0.631846 0.072927 0.621548
1 0.088533 0.574186 0.109522 0.563756 0.138029 0.621127 0.117040 0.631556
1 0.161442 0.565308 0.178419 0.576461 0.143246 0.630004 0.126269 0.618852
1 0.141651 0.577377 0.159714 0.565038 0.195849 0.617936 0.177786 0.630275
0 0.141540 0.608173 0.177408 0.605932 0.178772 0.627765 0.142904 0.630005
1 0.216631 0.564978 0.234776 0.577197 0.198994 0.630334 0.180849 0.618116
1 0.198094 0.575150 0.217467 0.564991 0.247219 0.621725 0.227846 0.631884
0 0.197006 0.605600 0.234391 0.608530 0.232682 0.630338 0.195297 0.627408
1 0.271132 0.566617 0.284813 0.574165 0.253868 0.630258 0.240187 0.622710
1 0.252659 0.576141 0.271614 0.565222 0.303591 0.620734 0.284636 0.631653
1 0.319298 0.563933 0.339320 0.572744 0.313515 0.631380 0.293493 0.622568
1 0.309279 0.573329 0.329073 0.564016 0.356346 0.621984 0.336552 0.631296
0 0.306225 0.607853 0.342163 0.607772 0.342212 0.629647 0.306275 0.629728
1 0.380873 0.565027 0.398951 0.577345 0.362877 0.630285 0.344799 0.617967
1 0.362425 0.575287 0.379895 0.564925 0.412575 0.620025 0.395105 0.630387
0 0.361591 0.606024 0.397470 0.608075 0.396222 0.629914 0.360343 0.627863
1 0.433323 0.565441 0.451929 0.576945 0.418239 0.631434 0.399634 0.619930
1 0.413292 0.580811 0.430108 0.566819 0.471083 0.616064 0.454267 0.630056
0 0.419398 0.606203 0.449037 0.607895 0.447790 0.629735 0.418151 0.628042
1 0.487940 0.565258 0.506836 0.576279 0.474560 0.631617 0.455664 0.620596
1 0.468748 0.577711 0.486658 0.565151 0.523440 0.617602 0.505530 0.630161
1 0.540679 0.563999 0.561096 0.575509 0.529633 0.631314 0.509217 0.619803
1 0.526487 0.575703 0.545628 0.565115 0.576638 0.621172 0.557497 0.631760
0 0.525863 0.605726 0.561701 0.608397 0.560075 0.630212 0.524237 0.627540
1 0.594472 0.564028 0.614236 0.573404 0.586778 0.631284 0.567014 0.621908
1 0.580501 0.576609 0.594780 0.567043 0.630437 0.620266 0.616157 0.629832
0 0.578782 0.605890 0.619341 0.608208 0.618093 0.630048 0.577534 0.627729
1 0.651323 0.565377 0.669275 0.574881 0.639302 0.631498 0.621350 0.621994
1 0.637155 0.574698 0.655179 0.565332 0.684720 0.622177 0.666696 0.631543
0 0.636819 0.604679 0.672419 0.609588 0.669431 0.631258 0.633831 0.626349
1 0.707945 0.565206 0.725049 0.576163 0.690493 0.630106 0.673389 0.619150
1 0.688763 0.576509 0.712161 0.563935 0.742487 0.620366 0.719089 0.632940
0 0.689194 0.605598 0.726579 0.608531 0.724868 0.630339 0.687483 0.627406
1 0.763285 0.565389 0.780165 0.576688 0.744527 0.629924 0.727648 0.618624
1 0.746604 0.573694 0.761677 0.565436 0.792459 0.621618 0.777385 0.629877
0 0.744296 0.606146 0.781752 0.607942 0.780704 0.629792 0.743248 0.627995
1 0.813341 0.564925 0.832846 0.574827 0.803847 0.631950 0.784341 0.622048
1 0.798319 0.576646 0.817056 0.565357 0.850118 0.620229 0.831381 0.631518
0 0.810454 0.608542 0.821313 0.607239 0.823921 0.628958 0.813062 0.630261
1 0.872776 0.565168 0.890663 0.577760 0.853787 0.630144 0.835899 0.617553
1 0.854400 0.573934 0.875495 0.563720 0.903413 0.621379 0.882318 0.631593
0 0.858556 0.606000 0.887998 0.609805 0.885194 0.631500 0.855752 0.627695
0 0.050728 0.627425 0.081295 0.633922 0.077397 0.652262 0.046830 0.645766
0 0.075133 0.629091 0.106254 0.631924 0.104555 0.650596 0.073433 0.647764
0 0.104499 0.633099 0.135544 0.629524 0.137688 0.648151 0.106644 0.651726
0 0.123006 0.633659 0.153914 0.629046 0.156682 0.647591 0.125774 0.652204
0 0.142202 0.631223 0.176577 0.631277 0.176548 0.650027 0.142173 0.649973
0 0.175286 0.629666 0.206364 0.632937 0.204401 0.651584 0.173323 0.648313
0 0.207709 0.631782 0.232581 0.629252 0.234478 0.647906 0.209607 0.650436
0 0.228572 0.630542 0.259789 0.631978 0.258928 0.650708 0.227711 0.649272
0 0.249126 0.629406 0.280301 0.631577 0.278999 0.650281 0.247824 0.648111
0 0.264157 0.631095 0.295405 0.631406 0.295218 0.650155 0.263970 0.649844
0 0.288475 0.633601 0.322326 0.627622 0.325587 0.646086 0.291736 0.652065
0 0.326182 0.627408 0.359557 0.635638 0.355068 0.653842 0.321693 0.645612
0 0.341083 0.630490 0.373859 0.632030 0.372979 0.650760 0.340203 0.649220
0 0.368889 0.631022 0.400136 0.631480 0.399861 0.650228 0.368614 0.649770
0 0.396627 0.631590 0.421618 0.630917 0.422123 0.649660 0.397132 0.650333
0 0.426261 0.631875 0.435569 0.630759 0.437801 0.649375 0.428493 0.650491
0 0.447656 0.629510 0.472577 0.631487 0.471094 0.650178 0.446173 0.648201
0 0.465027 0.632912 0.511787 0.629634 0.513098 0.648338 0.466338 0.651616
0 0.487336 0.631671 0.534203 0.630832 0.534539 0.649579 0.487672 0.650418
0 0.540835 0.630817 0.550160 0.631783 0.548227 0.650433 0.538902 0.649467
0 0.548300 0.631603 0.595169 0.630900 0.595450 0.649647 0.548581 0.650350
0 0.575537 0.629586 0.608301 0.631380 0.607275 0.650102 0.574512 0.648308
0 0.597257 0.630762 0.622237 0.631753 0.621493 0.650488 0.596513 0.649497
0 0.610822 0.634912 0.641309 0.628046 0.645428 0.646338 0.614941 0.653204
0 0.637880 0.630644 0.669106 0.631871 0.668370 0.650606 0.637144 0.649379
0 0.667314 0.631083 0.692312 0.631418 0.692061 0.650167 0.667063 0.649832
0 0.681496 0.629646 0.714142 0.632949 0.712254 0.651604 0.679608 0.648301
0 0.697452 0.629104 0.731538 0.633554 0.729110 0.652146 0.695025 0.647696
0 0.726889 0.629612 0.757955 0.632998 0.755923 0.651638 0.724857 0.648252
0 0.749347 0.629031 0.782027 0.631982 0.780341 0.650656 0.747661 0.647706
0 0.771309 0.631484 0.802496 0.629492 0.803691 0.648204 0.772504 0.650196
0 0.795538 0.628965 0.826634 0.632065 0.824774 0.650722 0.793678 0.647623
0 0.827863 0.635376 0.858156 0.627699 0.862762 0.645874 0.832469 0.653551
0 0.856665 0.626147 0.902303 0.636848 0.898022 0.655103 0.852385 0.644402
0 0.907162 0.629598 0.916244 0.631926 0.911588 0.650089 0.902506 0.647761
0 0.915384 0.631664 0.946623 0.630842 0.947116 0.649586 0.915877 0.650408
1 0.078910 0.651109 0.096057 0.661998 0.061715 0.716078 0.044568 0.705189
1 0.058661 0.662472 0.083601 0.649471 0.113214 0.706278 0.088274 0.719279
1 0.132448 0.651275 0.151866 0.664401 0.115989 0.717475 0.096572 0.704349
1 0.113603 0.663211 0.131713 0.650941 0.167647 0.703976 0.149537 0.716247
0 0.114003 0.693849 0.149940 0.693652 0.150060 0.715526 0.114123 0.715723
1 0.184506 0.649828 0.205158 0.660910 0.174869 0.717359 0.154217 0.706278
1 0.171814 0.659432 0.186959 0.651306 0.217249 0.707755 0.202104 0.715882
0 0.166875 0.695888 0.204146 0.691746 0.206562 0.713487 0.169292 0.717629
1 0.242234 0.650923 0.259624 0.661421 0.226516 0.716265 0.209126 0.705767
1 0.224392 0.662242 0.243277 0.651202 0.275608 0.706508 0.256723 0.717548
0 0.224065 0.691631 0.261307 0.696019 0.258747 0.717744 0.221505 0.713356
1 0.299739 0.652513 0.316148 0.664487 0.278386 0.716237 0.261977 0.704263
1 0.280892 0.661275 0.295650 0.652466 0.328483 0.707475 0.313725 0.716284
1 0.351011 0.651420 0.366036 0.659766 0.334926 0.715768 0.319901 0.707421
1 0.333735 0.662422 0.348062 0.652928 0.383452 0.706328 0.369125 0.715822
1 0.402743 0.649759 0.423561 0.660526 0.394132 0.717429 0.373314 0.706662
1 0.387377 0.662590 0.406111 0.651296 0.439185 0.706160 0.420451 0.717454
0 0.386888 0.694092 0.424323 0.691883 0.425612 0.713720 0.388177 0.715929
1 0.462223 0.652483 0.476965 0.661320 0.444027 0.716267 0.429285 0.707430
1 0.441409 0.663733 0.454917 0.653106 0.494528 0.703454 0.481020 0.714082
1 0.515424 0.651509 0.530357 0.660019 0.498639 0.715678 0.483706 0.707168
1 0.496132 0.662964 0.512865 0.651449 0.549181 0.704224 0.532447 0.715739
0 0.495714 0.691792 0.536139 0.695815 0.533973 0.717583 0.493548 0.713560
1 0.566191 0.649897 0.589506 0.662625 0.558809 0.718853 0.535494 0.706125
1 0.553002 0.661210 0.570797 0.651416 0.601686 0.707540 0.583890 0.717334
0 0.551450 0.693946 0.588948 0.693556 0.589175 0.715429 0.551677 0.715819
1 0.621778 0.650957 0.641095 0.661222 0.611034 0.717793 0.591717 0.707528
1 0.610452 0.658410 0.625956 0.650991 0.653610 0.708777 0.638106 0.716197
1 0.681684 0.650927 0.700449 0.664970 0.662066 0.716260 0.643301 0.702218
1 0.660198 0.663345 0.678599 0.651516 0.713240 0.705405 0.694839 0.717234
0 0.665821 0.691753 0.695403 0.694262 0.693554 0.716059 0.663972 0.713550
1 0.733156 0.651341 0.751820 0.662751 0.718406 0.717409 0.699742 0.705999
1 0.713633 0.664247 0.731266 0.651301 0.769179 0.702941 0.751546 0.715886
1 0.788635 0.651262 0.803827 0.659301 0.773865 0.715925 0.758673 0.707887
1 0.771440 0.662044 0.790410 0.651151 0.822310 0.706706 0.803340 0.717599
0 0.769651 0.691439 0.810156 0.694563 0.808474 0.716374 0.767969 0.713249
1 0.842175 0.651513 0.859828 0.661561 0.828138 0.717237 0.810485 0.707189
1 0.824740 0.663306 0.844669 0.650971 0.878385 0.705444 0.858456 0.717779
0 0.824364 0.694139 0.861794 0.691839 0.863136 0.713673 0.825706 0.715973
0 0.057536 0.718361 0.066708 0.716420 0.070589 0.734764 0.061417 0.736705
0 0.077125 0.715623 0.101907 0.718915 0.099438 0.737502 0.074656 0.734210
0 0.091661 0.717346 0.122856 0.715499 0.123964 0.734216 0.092769 0.736063
0 0.119839 0.717740 0.128961 0.715578 0.133286 0.733822 0.124164 0.735985
0 0.135687 0.719579 0.182153 0.713397 0.184625 0.731984 0.138160 0.738165
0 0.170896 0.715495 0.202091 0.717350 0.200979 0.736067 0.169784 0.734212
0 0.206426 0.716504 0.215652 0.718168 0.212324 0.736621 0.203098 0.734957
0 0.212158 0.717813 0.244947 0.716575 0.245654 0.735312 0.212865 0.736550
0 0.233689 0.717658 0.264843 0.715212 0.266311 0.733904 0.235157 0.736351
0 0.261096 0.716903 0.295466 0.717475 0.295154 0.736222 0.260784 0.735650
0 0.293055 0.717676 0.324207 0.715196 0.325695 0.733887 0.294543 0.736367
0 0.318381 0.717388 0.365215 0.715441 0.365994 0.734175 0.319160 0.736122
0 0.354146 0.713908 0.384950 0.719172 0.381791 0.737654 0.350988 0.732390
0 0.383560 0.713342 0.414117 0.719887 0.410190 0.738221 0.379633 0.731676
0 0.401022 0.719401 0.434916 0.713674 0.438041 0.732161 0.404146 0.737889
0 0.445603 0.717048 0.454973 0.717336 0.454397 0.736077 0.445027 0.735789
0 0.468948 0.716865 0.500191 0.717514 0.499802 0.736260 0.468559 0.735611
0 0.494819 0.717282 0.526022 0.715559 0.527056 0.734280 0.495853 0.736004
0 0.519726 0.717461 0.550908 0.715393 0.552149 0.734102 0.520967 0.736170
0 0.553614 0.716417 0.584825 0.717982 0.583886 0.736708 0.552675 0.735143
0 0.577872 0.717624 0.609110 0.716759 0.609628 0.735501 0.578390 0.736366
0 0.600719 0.715193 0.635005 0.717668 0.633656 0.736369 0.599370 0.733895
0 0.630762 0.717448 0.640124 0.716953 0.641113 0.735677 0.631751 0.736172
0 0.645153 0.717459 0.676398 0.716919 0.676722 0.735666 0.645477 0.736206
0 0.659131 0.721255 0.689449 0.713679 0.693994 0.731870 0.663676 0.739446
0 0.679366 0.717802 0.713719 0.716584 0.714384 0.735323 0.680031 0.736541
0 0.705840 0.717908 0.737058 0.716487 0.737910 0.735217 0.706692 0.736638
0 0.729623 0.717655 0.754507 0.715245 0.756314 0.733908 0.731431 0.736317
0 0.753039 0.717407 0.799911 0.716969 0.800086 0.735718 0.753214 0.736156
0 0.782614 0.719162 0.815203 0.715341 0.817386 0.733963 0.784797 0.737784
0 0.814378 0.716781 0.839364 0.717604 0.838747 0.736344 0.813761 0.735521
0 0.841581 0.717501 0.872757 0.715355 0.874044 0.734061 0.842868 0.736207
0 0.861568 0.714963 0.908351 0.717886 0.907182 0.736599 0.860399 0.733677
0 0.886315 0.715320 0.920474 0.719173 0.918372 0.737805 0.884214 0.733952
0 0.921631 0.718335 0.930810 0.716431 0.934619 0.734790 0.925440 0.736694
1 0.048821 0.735929 0.069124 0.747639 0.037117 0.803133 0.016814 0.791423
1 0.034354 0.747101 0.051850 0.736782 0.084396 0.791961 0.066900 0.802281
0 0.033237 0.778990 0.070710 0.780400 0.069888 0.802260 0.032415 0.800850
1 0.103072 0.736784 0.122611 0.746621 0.093803 0.803841 0.074264 0.794004
1 0.086947 0.749049 0.105452 0.737383 0.139615 0.791576 0.121111 0.803242
0 0.077747 0.779904 0.132399 0.777923 0.133191 0.799784 0.078539 0.801764
1 0.160262 0.738307 0.174108 0.745547 0.144426 0.802318 0.130579 0.795078
1 0.144832 0.745944 0.163101 0.737064 0.191106 0.794681 0.172837 0.803561
0 0.142812 0.777900 0.180256 0.779945 0.179063 0.801788 0.141619 0.799742
1 0.213215 0.735881 0.236564 0.751562 0.200847 0.804744 0.177499 0.789063
1 0.197737 0.748287 0.216575 0.737168 0.249138 0.792338 0.230300 0.803457
0 0.196976 0.779516 0.234474 0.779860 0.234274 0.801734 0.196776 0.801390
1 0.270499 0.736894 0.287843 0.747466 0.254501 0.802168 0.237157 0.791596
1 0.251218 0.748997 0.269396 0.736829 0.305032 0.790065 0.286854 0.802234
0 0.263654 0.780368 0.274523 0.779144 0.276971 0.800882 0.266102 0.802106
1 0.322854 0.737191 0.340904 0.746508 0.311521 0.803434 0.293471 0.794117
1 0.307493 0.747438 0.324850 0.736886 0.358132 0.791624 0.340775 0.802177
0 0.306763 0.777721 0.344043 0.781782 0.341674 0.803529 0.304395 0.799468
1 0.378504 0.737286 0.397155 0.748716 0.363684 0.803339 0.345032 0.791909
1 0.361917 0.747744 0.379145 0.736984 0.413083 0.791318 0.395855 0.802079
1 0.431112 0.736888 0.450442 0.747129 0.420450 0.803737 0.401121 0.793496
1 0.416548 0.746514 0.442354 0.735331 0.467827 0.794111 0.442021 0.805294
0 0.429945 0.779227 0.440835 0.780242 0.438805 0.802023 0.427915 0.801008
1 0.484573 0.735672 0.505455 0.746315 0.476364 0.803391 0.455482 0.792748
1 0.468506 0.749921 0.486261 0.737144 0.523681 0.789141 0.505926 0.801919
0 0.470418 0.779508 0.507916 0.779868 0.507707 0.801742 0.470209 0.801382
1 0.542262 0.737469 0.559888 0.747564 0.528051 0.803156 0.510424 0.793061
1 0.527354 0.746657 0.546877 0.736791 0.575771 0.793968 0.556248 0.803834
0 0.525368 0.779104 0.561286 0.780282 0.560569 0.802146 0.524651 0.800968
1 0.600528 0.737421 0.617221 0.748994 0.580722 0.801642 0.564029 0.790069
1 0.580617 0.748209 0.599489 0.737148 0.631883 0.792416 0.613011 0.803477
1 0.650920 0.737181 0.668987 0.746465 0.639705 0.803444 0.621638 0.794160
1 0.636890 0.747475 0.651551 0.738505 0.684985 0.793150 0.670324 0.802120
0 0.624575 0.783398 0.678783 0.776169 0.681675 0.797852 0.627467 0.805081
1 0.703304 0.735795 0.726760 0.748260 0.696696 0.804830 0.673240 0.792365
1 0.691892 0.745399 0.711608 0.735923 0.739358 0.793663 0.719642 0.803139
0 0.678953 0.781742 0.733490 0.777693 0.735110 0.799508 0.680572 0.803557
1 0.760611 0.737236 0.778588 0.746693 0.748764 0.803389 0.730787 0.793932
1 0.741513 0.749367 0.765987 0.735510 0.797550 0.791258 0.773075 0.805115
0 0.756427 0.779601 0.767363 0.779777 0.767011 0.801649 0.756075 0.801473
1 0.815897 0.737263 0.834586 0.748632 0.801290 0.803362 0.782602 0.791993
1 0.799426 0.747270 0.818697 0.736919 0.849011 0.793355 0.829740 0.803706
0 0.797231 0.779050 0.837836 0.780336 0.837144 0.802200 0.796539 0.800914
1 0.868513 0.736759 0.888105 0.746489 0.859612 0.803866 0.840020 0.794136
1 0.851400 0.749199 0.874411 0.735930 0.906413 0.791426 0.883402 0.804695
0 0.046805 0.803249 0.079616 0.803001 0.079758 0.821751 0.046946 0.821999
0 0.064286 0.800843 0.095383 0.803937 0.093526 0.822595 0.062430 0.819501
0 0.079219 0.803173 0.110426 0.801540 0.111406 0.820265 0.080199 0.821897
0 0.100251 0.802679 0.134614 0.803577 0.134124 0.822321 0.099761 0.821423
0 0.109182 0.803622 0.156047 0.802632 0.156443 0.821378 0.109578 0.822368
0 0.136080 0.802880 0.168889 0.803373 0.168607 0.822120 0.135799 0.821627
0 0.165253 0.803797 0.174552 0.802605 0.176935 0.821203 0.167636 0.822395
0 0.188565 0.805696 0.219427 0.800787 0.222372 0.819304 0.191510 0.824213
0 0.218283 0.805130 0.252240 0.799785 0.255155 0.818307 0.221198 0.823652
0 0.248369 0.803241 0.279618 0.803010 0.279756 0.821759 0.248507 0.821990
0 0.269482 0.797807 0.299063 0.807882 0.293018 0.825631 0.263437 0.815556
0 0.282256 0.803878 0.329033 0.800849 0.330244 0.819560 0.283467 0.822589
0 0.309977 0.802371 0.334930 0.803914 0.333773 0.822629 0.308820 0.821086
0 0.323022 0.805496 0.353940 0.800953 0.356666 0.819504 0.325747 0.824047
0 0.341654 0.806142 0.365690 0.799268 0.370846 0.817295 0.346810 0.824169
0 0.354042 0.805470 0.386312 0.799528 0.389708 0.817968 0.357438 0.823910
0 0.378051 0.803263 0.412424 0.802988 0.412574 0.821737 0.378201 0.822012
0 0.397720 0.799793 0.444089 0.806659 0.441343 0.825207 0.394973 0.818341
0 0.428236 0.802934 0.461046 0.803317 0.460827 0.822066 0.428017 0.821683
0 0.449917 0.804833 0.482561 0.801513 0.484458 0.820167 0.451814 0.823487
0 0.472150 0.800827 0.518789 0.805518 0.516913 0.824173 0.470273 0.819482
0 0.508886 0.803256 0.541649 0.801459 0.542676 0.820181 0.509913 0.821978
0 0.534160 0.803511 0.566964 0.802744 0.567402 0.821489 0.534599 0.822256
0 0.554933 0.800813 0.586023 0.803970 0.584129 0.822624 0.553039 0.819467
0 0.584481 0.801265 0.609381 0.803497 0.607707 0.822173 0.582807 0.819940
0 0.604281 0.806976 0.634339 0.798427 0.639469 0.816461 0.609411 0.825011
0 0.621147 0.805205 0.667843 0.801116 0.669478 0.819795 0.622782 0.823884
0 0.643808 0.803024 0.676620 0.803226 0.676505 0.821976 0.643693 0.821774
0 0.666660 0.803286 0.697855 0.801435 0.698965 0.820152 0.667770 0.822003
0 0.694407 0.800870 0.728461 0.805555 0.725906 0.824130 0.691851 0.819445
0 0.717808 0.801286 0.752116 0.803439 0.750942 0.822152 0.716634 0.819999
0 0.738389 0.803570 0.769547 0.801173 0.770986 0.819867 0.739828 0.822265
0 0.754326 0.807596 0.784461 0.799323 0.789424 0.817404 0.759289 0.825677
0 0.779515 0.803570 0.826381 0.802684 0.826735 0.821430 0.779869 0.822316
0 0.814182 0.801250 0.839079 0.803515 0.837380 0.822188 0.812483 0.819923
0 0.842828 0.799395 0.873440 0.805675 0.869672 0.824042 0.839060 0.817763
0 0.860775 0.803542 0.907643 0.802711 0.907975 0.821458 0.861107 0.822289
0 0.901936 0.802647 0.926917 0.803617 0.926189 0.822353 0.901208 0.821383
1 0.074392 0.822754 0.093863 0.832722 0.064671 0.889746 0.045199 0.879778
1 0.057743 0.835956 0.077312 0.823057 0.112569 0.876544 0.093001 0.889443
1 0.131767 0.823086 0.150637 0.834151 0.118233 0.889414 0.099363 0.878349
1 0.115005 0.834131 0.133884 0.823081 0.166245 0.878369 0.147366 0.889419
1 0.186042 0.821380 0.208299 0.835878 0.173333 0.889557 0.151076 0.875059
1 0.166818 0.835957 0.190966 0.821539 0.223807 0.876543 0.199659 0.890961
1 0.240607 0.823230 0.258495 0.832854 0.228143 0.889270 0.210255 0.879646
1 0.222771 0.834740 0.239548 0.823288 0.275666 0.876198 0.258890 0.887650
0 0.221800 0.868159 0.257182 0.861866 0.261013 0.883403 0.225630 0.889696
1 0.296108 0.823241 0.311188 0.831487 0.280455 0.887696 0.265374 0.879450
1 0.279408 0.833250 0.297137 0.823336 0.328404 0.879250 0.310676 0.889164
0 0.274723 0.867872 0.315113 0.863505 0.317464 0.885253 0.277075 0.889620
1 0.348370 0.822837 0.367678 0.833118 0.337567 0.889663 0.318259 0.879382
1 0.334303 0.833096 0.351775 0.822737 0.384447 0.877841 0.366975 0.888201
1 0.404811 0.823008 0.423811 0.833849 0.392064 0.889492 0.373064 0.878651
1 0.390069 0.833355 0.404752 0.824420 0.438056 0.879145 0.423373 0.888080
0 0.387158 0.866234 0.424638 0.865027 0.425342 0.886891 0.387862 0.888098
1 0.459339 0.823383 0.476999 0.833419 0.445348 0.889117 0.427688 0.879081
1 0.444708 0.832425 0.464300 0.822697 0.492792 0.880075 0.473200 0.889803
0 0.442360 0.865335 0.479855 0.865918 0.479515 0.887790 0.442020 0.887207
1 0.512739 0.821842 0.533091 0.833464 0.501324 0.889095 0.480971 0.877473
1 0.497658 0.833430 0.516836 0.822907 0.547654 0.879070 0.528477 0.889593
0 0.496628 0.866042 0.532556 0.865214 0.533060 0.887083 0.497132 0.887911
1 0.565842 0.821611 0.586718 0.832266 0.557595 0.889326 0.536720 0.878672
1 0.554166 0.832342 0.573792 0.822681 0.602084 0.880158 0.582458 0.889819
1 0.626014 0.823014 0.643858 0.835668 0.606798 0.887924 0.588955 0.875269
1 0.604304 0.836745 0.623117 0.822768 0.661321 0.874192 0.642508 0.888169
0 0.606136 0.865815 0.642071 0.865436 0.642302 0.887310 0.606366 0.887689
1 0.678433 0.823208 0.697109 0.834597 0.663755 0.889292 0.645079 0.877903
1 0.663661 0.833195 0.678403 0.824358 0.711339 0.879305 0.696597 0.888142
0 0.653318 0.863449 0.707826 0.867873 0.706057 0.889676 0.651549 0.885252
1 0.731451 0.822881 0.750676 0.833318 0.720112 0.889619 0.700887 0.879182
1 0.713768 0.834806 0.738487 0.821390 0.769045 0.877694 0.744326 0.891110
0 0.715307 0.867679 0.751024 0.863705 0.753443 0.885446 0.717726 0.889420
1 0.782897 0.821614 0.806923 0.832941 0.779603 0.890886 0.755577 0.879559
1 0.768660 0.834545 0.793505 0.821364 0.823528 0.877955 0.798683 0.891136
0 0.771457 0.860873 0.811200 0.869289 0.806668 0.890690 0.766925 0.882273
1 0.846168 0.823188 0.864400 0.837916 0.824144 0.887750 0.805912 0.873022
1 0.827916 0.831251 0.847666 0.821847 0.875209 0.879686 0.855459 0.889091
0 0.837205 0.865777 0.848139 0.865481 0.848732 0.887348 0.837799 0.887644
6 0.019112 0.109022 0.047228 0.109737 0.046513 0.137853 0.018397 0.137138
6 0.955972 0.853890 0.996569 0.852371 0.997153 0.867985 0.956556 0.869504
6 0.956231 0.376614 0.996823 0.374981 0.998456 0.415573 0.957864 0.417206
6 0.936986 0.547402 0.976035 0.546361 0.977076 0.585410 0.938027 0.586451
