1 0.431227 0.943757 0.446851 0.943743 0.446898 0.993743 0.431274 0.993757
7 0.444717 0.947872 0.481501 0.940582 0.491221 0.989628 0.454436 0.996918
5 0.483875 0.944247 0.511899 0.941870 0.516125 0.991691 0.488101 0.994068
1 0.520790 0.943591 0.537974 0.943918 0.537023 0.993909 0.519838 0.993582
1 0.550378 0.943623 0.567563 0.943882 0.566810 0.993877 0.549624 0.993618
0 0.412562 0.992104 0.435999 0.992272 0.435875 1.000000 0.412439 1.000000
0 0.439123 0.992089 0.467248 0.992287 0.467127 1.000000 0.439002 1.000000
0 0.472820 0.992496 0.480611 0.991925 0.481868 1.000000 0.474076 1.000000
0 0.484335 0.992287 0.526522 0.992088 0.526603 1.000000 0.484416 1.000000
0 0.521640 0.992628 0.552878 0.991753 0.553360 1.000000 0.522122 1.000000
0 0.543550 0.994051 0.571446 0.990465 0.573637 1.000000 0.545742 1.000000
5 0.412158 0.878935 0.430717 0.876263 0.437842 0.925753 0.419283 0.928425
8 0.443127 0.879058 0.461803 0.877390 0.466248 0.927192 0.447572 0.928860
8 0.473127 0.878420 0.490213 0.876561 0.495623 0.926267 0.478537 0.928127
5 0.503567 0.876431 0.531425 0.880293 0.524558 0.929819 0.496700 0.925957
1 0.532222 0.878392 0.554091 0.877873 0.555278 0.927858 0.533409 0.928377
7 0.564196 0.877347 0.589140 0.879015 0.585804 0.928903 0.560860 0.927235
7 0.366494 0.814981 0.416269 0.810244 0.421006 0.860019 0.371231 0.864756
7 0.405394 0.808720 0.450235 0.815237 0.443044 0.864718 0.398202 0.858200
5 0.440683 0.812046 0.468793 0.812982 0.467129 0.862954 0.439020 0.862018
0 0.441347 0.810516 0.527251 0.812941 0.525840 0.862921 0.439937 0.860497
5 0.500905 0.813060 0.519513 0.810756 0.525657 0.860377 0.507049 0.862681
1 0.533758 0.813025 0.550918 0.812054 0.553742 0.861975 0.536582 0.862946
8 0.563976 0.812843 0.582714 0.812188 0.584462 0.862157 0.565723 0.862812
1 0.595429 0.810781 0.617202 0.812889 0.612383 0.862657 0.590610 0.860548
1 0.356639 0.746539 0.372248 0.747265 0.369923 0.797211 0.354315 0.796485
8 0.384239 0.746922 0.401426 0.746829 0.401698 0.796828 0.384511 0.796921
0 0.382727 0.747589 0.465487 0.744630 0.467273 0.794598 0.384513 0.797557
7 0.440602 0.747733 0.465550 0.746121 0.468773 0.796017 0.443825 0.797629
1 0.472714 0.747856 0.491382 0.746111 0.496036 0.795894 0.477368 0.797639
1 0.504513 0.747643 0.516947 0.746368 0.522050 0.796107 0.509615 0.797382
0 0.499453 0.749267 0.583696 0.744561 0.586485 0.794483 0.502241 0.799189
5 0.566376 0.746353 0.585091 0.747489 0.582062 0.797397 0.563346 0.796261
0 0.559088 0.750434 0.646310 0.743474 0.650287 0.793316 0.563065 0.800276
5 0.622723 0.744883 0.650724 0.747525 0.646027 0.797304 0.618026 0.794662
1 0.324988 0.682251 0.337386 0.680657 0.343762 0.730249 0.331364 0.731843
8 0.353947 0.681826 0.371102 0.680769 0.374178 0.730674 0.357023 0.731731
1 0.382525 0.681965 0.399664 0.680676 0.403413 0.730535 0.386274 0.731824
1 0.415083 0.681443 0.432266 0.681069 0.433355 0.731057 0.416171 0.731431
1 0.449362 0.679426 0.466335 0.682137 0.458450 0.731511 0.441478 0.728801
0 0.422281 0.677683 0.547155 0.683305 0.544906 0.733254 0.420033 0.727633
1 0.501038 0.681863 0.522882 0.680707 0.525525 0.730637 0.503680 0.731793
7 0.520848 0.679315 0.570685 0.683348 0.566652 0.733185 0.516815 0.729152
0 0.531752 0.679625 0.617673 0.681322 0.616685 0.731312 0.530765 0.729615
7 0.586202 0.681054 0.623700 0.681449 0.623173 0.731446 0.585675 0.731051
1 0.623512 0.680893 0.645375 0.681636 0.643675 0.731607 0.621813 0.730864
5 0.647754 0.681351 0.675829 0.679675 0.678809 0.729586 0.650734 0.731263
0 0.303413 0.729208 0.333085 0.730176 0.332525 0.747354 0.302853 0.746387
0 0.342088 0.729733 0.349900 0.729643 0.350099 0.746829 0.342287 0.746920
0 0.352187 0.729521 0.380246 0.731457 0.379063 0.748604 0.351004 0.746668
0 0.370087 0.730067 0.398202 0.729314 0.398663 0.746495 0.370548 0.747249
0 0.387710 0.729353 0.415827 0.730027 0.415415 0.747209 0.387298 0.746536
0 0.416922 0.730190 0.448156 0.729194 0.448703 0.746373 0.417469 0.747369
0 0.441673 0.733085 0.469357 0.728122 0.472389 0.745040 0.444706 0.750003
0 0.455936 0.731283 0.498093 0.729667 0.498751 0.746842 0.456595 0.748458
0 0.485009 0.729509 0.513065 0.731471 0.511866 0.748616 0.483810 0.746654
0 0.510545 0.730366 0.538638 0.729028 0.539455 0.746196 0.511362 0.747534
0 0.532676 0.730030 0.574858 0.729348 0.575136 0.746533 0.532954 0.747215
0 0.557479 0.732136 0.588373 0.727435 0.590959 0.744427 0.560064 0.749128
0 0.585079 0.729297 0.616237 0.731690 0.614921 0.748828 0.583763 0.746435
0 0.605794 0.731687 0.647913 0.729279 0.648894 0.746438 0.606775 0.748846
0 0.636865 0.729036 0.666406 0.731987 0.664697 0.749089 0.635157 0.746138
1 0.295197 0.616212 0.310786 0.615153 0.314178 0.665038 0.298589 0.666097
1 0.324420 0.616544 0.336832 0.615060 0.342767 0.664706 0.330356 0.666190
8 0.354371 0.616030 0.371542 0.615269 0.373754 0.665220 0.356583 0.665981
1 0.382041 0.616040 0.397539 0.614053 0.403896 0.663648 0.388398 0.665634
8 0.412278 0.615962 0.430925 0.614000 0.436159 0.663725 0.417512 0.665688
7 0.443840 0.614865 0.468787 0.616491 0.465535 0.666385 0.440588 0.664759
5 0.475294 0.615517 0.494043 0.615737 0.493456 0.665733 0.474707 0.665513
1 0.504761 0.615021 0.525031 0.616333 0.521802 0.666229 0.501531 0.664917
0 0.498177 0.620662 0.581988 0.610922 0.587760 0.660588 0.503949 0.670328
0 0.532475 0.616203 0.616842 0.615051 0.617525 0.665047 0.533158 0.666199
0 0.561212 0.615150 0.648707 0.616103 0.648163 0.666100 0.560668 0.665147
0 0.588571 0.619547 0.674168 0.611902 0.678616 0.661703 0.593019 0.669348
5 0.649404 0.617033 0.667824 0.613533 0.677159 0.662654 0.658738 0.666154
5 0.684152 0.615710 0.702902 0.615542 0.703348 0.665540 0.684598 0.665708
0 0.274318 0.666075 0.302341 0.663675 0.303807 0.680800 0.275784 0.683200
0 0.303291 0.663782 0.332973 0.664346 0.332646 0.681531 0.302964 0.680966
0 0.322492 0.663907 0.350552 0.665820 0.349383 0.682968 0.321323 0.681055
0 0.341299 0.663773 0.370906 0.665962 0.369638 0.683102 0.340032 0.680913
0 0.357771 0.665766 0.388845 0.662456 0.390666 0.679546 0.359592 0.682857
0 0.388391 0.663746 0.411717 0.666023 0.410047 0.683129 0.386720 0.680852
0 0.415879 0.663727 0.439306 0.664406 0.438809 0.681586 0.415381 0.680907
0 0.439580 0.663398 0.462978 0.664756 0.461983 0.681914 0.438584 0.680557
0 0.459446 0.663890 0.501632 0.664235 0.501491 0.681422 0.459305 0.681077
0 0.479442 0.660868 0.520808 0.669154 0.517433 0.686007 0.476067 0.677721
0 0.516349 0.663935 0.539711 0.665807 0.538339 0.682940 0.514976 0.681068
0 0.532349 0.665653 0.560429 0.664062 0.561401 0.681222 0.533321 0.682813
0 0.553141 0.664040 0.576579 0.664085 0.576546 0.681272 0.553109 0.681228
0 0.577595 0.662284 0.606786 0.667691 0.603655 0.684591 0.574464 0.679184
0 0.600800 0.666716 0.623715 0.661793 0.627325 0.678597 0.604410 0.683520
0 0.616702 0.665743 0.646337 0.663975 0.647361 0.681132 0.617726 0.682900
0 0.642101 0.664206 0.670224 0.663920 0.670399 0.681106 0.642276 0.681393
0 0.667678 0.663431 0.691080 0.664720 0.690135 0.681881 0.666733 0.680593
0 0.686026 0.663911 0.715712 0.664215 0.715536 0.681402 0.685850 0.681097
8 0.269115 0.548280 0.286142 0.550624 0.279322 0.600157 0.262296 0.597813
7 0.283635 0.550436 0.321062 0.548099 0.324178 0.598002 0.286750 0.600338
5 0.316780 0.550980 0.344723 0.547782 0.350407 0.597458 0.322465 0.600655
0 0.320558 0.549583 0.406491 0.550419 0.406005 0.600417 0.320071 0.599581
1 0.384228 0.550309 0.399842 0.549726 0.401710 0.599691 0.386096 0.600274
0 0.410748 0.550102 0.437310 0.549900 0.437689 0.599898 0.411128 0.600100
7 0.438412 0.552276 0.463101 0.548346 0.470963 0.597724 0.446274 0.601654
1 0.476649 0.549745 0.492265 0.550285 0.490538 0.600255 0.474923 0.599715
1 0.506769 0.549630 0.522373 0.550436 0.519794 0.600370 0.504189 0.599564
5 0.527400 0.550128 0.555472 0.548403 0.558538 0.598309 0.530466 0.600034
5 0.564984 0.550250 0.583728 0.549767 0.585016 0.599750 0.566272 0.600233
1 0.590472 0.551994 0.604027 0.548249 0.617341 0.596444 0.603786 0.600188
5 0.622864 0.550551 0.641586 0.549524 0.644323 0.599449 0.625601 0.600476
1 0.654272 0.550147 0.671457 0.549860 0.672290 0.599853 0.655105 0.600140
5 0.684528 0.549943 0.703277 0.550058 0.702972 0.600057 0.684223 0.599942
5 0.713998 0.550334 0.732737 0.549695 0.734440 0.599666 0.715701 0.600305
0 0.198533 0.482041 0.290667 0.485175 0.288967 0.535146 0.196833 0.532012
5 0.257719 0.486481 0.285591 0.482718 0.292281 0.532269 0.264409 0.536032
0 0.242417 0.483808 0.367412 0.484944 0.366958 0.534942 0.241963 0.533806
0 0.288930 0.486827 0.376200 0.480492 0.379820 0.530361 0.292550 0.536695
8 0.352733 0.484709 0.369814 0.482791 0.375392 0.532479 0.358311 0.534396
0 0.353624 0.479247 0.439093 0.488213 0.433876 0.537940 0.348407 0.528974
7 0.402619 0.486784 0.439671 0.481002 0.447381 0.530404 0.410329 0.536186
1 0.445933 0.483893 0.464654 0.484934 0.461880 0.534857 0.443159 0.533816
8 0.477016 0.483771 0.494149 0.485138 0.490172 0.534979 0.473039 0.533612
5 0.504857 0.484039 0.523594 0.484747 0.521705 0.534711 0.502968 0.534003
1 0.533827 0.484830 0.549429 0.483992 0.552111 0.533920 0.536508 0.534758
7 0.550392 0.483989 0.600386 0.484767 0.599608 0.534761 0.549614 0.533983
1 0.598863 0.483900 0.612882 0.485005 0.608950 0.534850 0.594931 0.533745
8 0.630373 0.482355 0.647186 0.485920 0.636815 0.534833 0.620001 0.531267
8 0.658276 0.483830 0.673851 0.485080 0.669849 0.534920 0.654274 0.533670
5 0.679693 0.484372 0.707818 0.484378 0.707807 0.534378 0.679682 0.534372
5 0.715948 0.484256 0.734696 0.484498 0.734052 0.534494 0.715304 0.534252
0 0.720850 0.482617 0.791072 0.486198 0.788525 0.536133 0.718303 0.532552
8 0.204810 0.418430 0.223548 0.419103 0.221753 0.469070 0.203015 0.468397
8 0.234283 0.419068 0.251460 0.418463 0.253217 0.468432 0.236040 0.469037
0 0.233938 0.413835 0.319453 0.422349 0.314499 0.472103 0.228985 0.463589
1 0.297671 0.418060 0.314784 0.419656 0.310142 0.469440 0.293029 0.467844
8 0.326939 0.418166 0.344076 0.419481 0.340249 0.469334 0.323112 0.468019
7 0.339638 0.416682 0.389568 0.419325 0.386925 0.469255 0.336995 0.466612
0 0.333254 0.413447 0.457917 0.422625 0.454246 0.472490 0.329583 0.463313
0 0.383861 0.413578 0.470702 0.424299 0.464576 0.473922 0.377735 0.463201
1 0.449016 0.416720 0.467481 0.419977 0.458797 0.469217 0.440332 0.465961
8 0.477291 0.418076 0.494409 0.419628 0.489896 0.469424 0.472779 0.467872
5 0.505239 0.418290 0.523963 0.419280 0.521323 0.469210 0.502599 0.468220
8 0.530983 0.419406 0.548003 0.417017 0.554955 0.466531 0.537934 0.468921
1 0.570981 0.418296 0.583433 0.419399 0.579019 0.469204 0.566567 0.468101
1 0.597207 0.418659 0.611268 0.418845 0.610605 0.468841 0.596544 0.468655
8 0.624918 0.419064 0.642095 0.418467 0.643832 0.468436 0.626655 0.469033
1 0.656583 0.418177 0.673723 0.419464 0.669979 0.469323 0.652840 0.468036
1 0.682126 0.419040 0.702431 0.418479 0.703811 0.468460 0.683507 0.469021
7 0.699857 0.418894 0.749856 0.418607 0.750143 0.468606 0.700144 0.468893
0 0.724707 0.411950 0.793829 0.424834 0.784668 0.473987 0.715546 0.461104
5 0.775091 0.418440 0.793830 0.419090 0.792096 0.469060 0.773357 0.468410
0 0.142925 0.351140 0.227265 0.353569 0.225825 0.403548 0.141485 0.401119
0 0.180150 0.349717 0.250254 0.355119 0.246413 0.404971 0.176308 0.399569
1 0.233838 0.354121 0.247804 0.352473 0.253662 0.402129 0.239696 0.403777
1 0.263936 0.353603 0.279422 0.351528 0.286064 0.401084 0.270578 0.403160
1 0.297430 0.352746 0.313033 0.353574 0.310382 0.403504 0.294779 0.402676
7 0.321341 0.353399 0.346335 0.352862 0.347409 0.402851 0.322415 0.403388
0 0.324003 0.347984 0.407896 0.356990 0.402559 0.406704 0.318666 0.397698
0 0.361572 0.349393 0.431454 0.357164 0.425928 0.406857 0.356046 0.399086
7 0.402326 0.349582 0.451980 0.355451 0.446112 0.405105 0.396457 0.399237
5 0.450757 0.350935 0.469091 0.354862 0.458618 0.403753 0.440284 0.399826
0 0.437004 0.354858 0.529058 0.349902 0.531746 0.399829 0.439692 0.404786
8 0.508322 0.352569 0.523895 0.353848 0.519803 0.403681 0.504230 0.402402
5 0.534042 0.353253 0.552790 0.353002 0.553458 0.402997 0.534710 0.403248
0 0.537054 0.356825 0.606840 0.348237 0.612946 0.397863 0.543160 0.406450
1 0.591958 0.353551 0.612158 0.351414 0.617417 0.401137 0.597217 0.403273
1 0.623174 0.354095 0.638710 0.352437 0.644014 0.402155 0.628477 0.403813
0 0.621049 0.351097 0.708513 0.353612 0.707076 0.403591 0.619612 0.401076
1 0.687682 0.353080 0.700182 0.353171 0.699818 0.403170 0.687318 0.403079
8 0.716101 0.352966 0.733285 0.353293 0.732337 0.403284 0.715152 0.402957
7 0.733120 0.351549 0.778314 0.354832 0.774692 0.404701 0.729499 0.401418
7 0.757061 0.355676 0.806824 0.350811 0.811689 0.400574 0.761926 0.405439
5 0.805088 0.352713 0.823818 0.353592 0.821474 0.403537 0.802745 0.402658
0 0.152725 0.404041 0.182033 0.399305 0.184775 0.416272 0.155467 0.421008
0 0.181217 0.401577 0.189030 0.401548 0.189095 0.418735 0.181283 0.418765
0 0.191164 0.401125 0.233279 0.403592 0.232274 0.420750 0.190159 0.418283
0 0.217604 0.400916 0.245698 0.402228 0.244896 0.419396 0.216802 0.418085
0 0.237280 0.401955 0.266957 0.401176 0.267408 0.418358 0.237730 0.419136
0 0.254840 0.400976 0.282823 0.403799 0.281098 0.420899 0.253115 0.418076
0 0.294937 0.401743 0.302742 0.401399 0.303500 0.418569 0.295695 0.418914
0 0.303564 0.400882 0.331655 0.402264 0.330811 0.419431 0.302720 0.418049
0 0.342811 0.401305 0.350604 0.401863 0.349376 0.419007 0.341584 0.418449
0 0.359001 0.402244 0.388658 0.400898 0.389437 0.418068 0.359780 0.419414
0 0.387217 0.402098 0.418449 0.401037 0.419033 0.418215 0.387801 0.419275
0 0.417173 0.401587 0.446861 0.401538 0.446889 0.418725 0.417202 0.418775
0 0.439895 0.401311 0.463235 0.403448 0.461667 0.420564 0.438328 0.418427
0 0.455779 0.403214 0.485417 0.401502 0.486408 0.418661 0.456770 0.420373
0 0.474300 0.403536 0.516309 0.399662 0.517888 0.416777 0.475878 0.420651
0 0.492867 0.400835 0.534943 0.403898 0.533696 0.421040 0.491619 0.417977
0 0.530190 0.401352 0.537989 0.401802 0.536998 0.418961 0.529198 0.418510
0 0.535853 0.401774 0.578038 0.401352 0.578210 0.418538 0.536025 0.418961
0 0.561830 0.403551 0.589856 0.401196 0.591295 0.418324 0.563269 0.420679
0 0.579930 0.401136 0.611168 0.401995 0.610695 0.419176 0.579457 0.418317
0 0.599019 0.401035 0.641123 0.403686 0.640043 0.420840 0.597939 0.418189
0 0.635723 0.403459 0.663610 0.399811 0.665840 0.416853 0.637952 0.420502
0 0.667801 0.401412 0.695862 0.403315 0.694699 0.420463 0.666638 0.418560
0 0.684126 0.402007 0.713801 0.401126 0.714311 0.418305 0.684637 0.419187
0 0.710502 0.402319 0.738588 0.400830 0.739498 0.417994 0.711412 0.419482
0 0.726816 0.401161 0.754929 0.401971 0.754434 0.419151 0.726321 0.418341
0 0.749029 0.401347 0.780213 0.403377 0.779096 0.420528 0.747912 0.418498
0 0.782102 0.399998 0.811377 0.404929 0.808523 0.421877 0.779248 0.416946
0 0.808115 0.401165 0.831538 0.401970 0.830948 0.419147 0.807524 0.418342
1 0.146863 0.287712 0.159357 0.287314 0.160950 0.337288 0.148456 0.337686
5 0.166927 0.288374 0.194889 0.285353 0.200261 0.335063 0.172298 0.338085
1 0.208561 0.287167 0.221038 0.287926 0.218001 0.337833 0.205524 0.337074
1 0.236120 0.287189 0.253295 0.287848 0.251380 0.337811 0.234205 0.337152
0 0.229017 0.291029 0.314544 0.282647 0.319421 0.332409 0.233893 0.340790
5 0.293620 0.287861 0.312357 0.287173 0.314192 0.337139 0.295455 0.337827
7 0.313788 0.282432 0.362881 0.291913 0.353400 0.341006 0.304307 0.331525
1 0.354349 0.287913 0.371519 0.287138 0.373776 0.337087 0.356606 0.337862
5 0.380125 0.287259 0.408246 0.287749 0.407375 0.337741 0.379254 0.337251
0 0.383628 0.284156 0.469407 0.289374 0.466372 0.339281 0.380593 0.334064
0 0.409056 0.291057 0.494712 0.284107 0.498756 0.333943 0.413100 0.340893
1 0.474487 0.287698 0.493233 0.287312 0.494263 0.337302 0.475517 0.337688
8 0.506308 0.287227 0.523486 0.287801 0.521817 0.337773 0.504639 0.337199
0 0.498288 0.291510 0.582151 0.282231 0.587650 0.331928 0.503787 0.341207
7 0.551677 0.287397 0.596989 0.287604 0.596760 0.337603 0.551448 0.337396
1 0.595648 0.287387 0.612834 0.287617 0.612165 0.337613 0.594979 0.337383
0 0.590245 0.291045 0.672768 0.284130 0.676943 0.333955 0.594419 0.340870
8 0.654576 0.287538 0.671764 0.287462 0.671986 0.337462 0.654799 0.337538
1 0.682048 0.288014 0.699096 0.285829 0.705452 0.335423 0.688404 0.337608
5 0.707786 0.289556 0.735669 0.285874 0.742214 0.335444 0.714331 0.339126
0 0.714984 0.283718 0.799000 0.291495 0.794391 0.341282 0.710375 0.333505
1 0.776345 0.287569 0.791969 0.287433 0.792405 0.337431 0.776781 0.337567
0 0.768609 0.293313 0.852034 0.280687 0.859516 0.330124 0.776091 0.342750
5 0.832482 0.288294 0.851177 0.286854 0.855018 0.336706 0.836323 0.338146
5 0.111693 0.221465 0.139805 0.222307 0.138307 0.272285 0.110195 0.271443
7 0.147565 0.219847 0.172036 0.224960 0.161810 0.273903 0.137339 0.268790
1 0.174872 0.222206 0.192048 0.221577 0.193878 0.271544 0.176702 0.272173
5 0.200253 0.221321 0.228355 0.222471 0.226309 0.272429 0.198208 0.271279
8 0.239439 0.220259 0.254917 0.222401 0.248061 0.271929 0.232583 0.269786
0 0.237239 0.223879 0.307342 0.218457 0.311198 0.268308 0.241095 0.273731
7 0.280874 0.222221 0.326181 0.221535 0.326938 0.271529 0.281631 0.272215
0 0.289887 0.218337 0.381904 0.223943 0.378863 0.273851 0.286846 0.268244
7 0.338776 0.223758 0.383809 0.218737 0.389349 0.268429 0.344316 0.273450
1 0.383867 0.222056 0.401050 0.221705 0.402071 0.271694 0.384887 0.272045
8 0.417300 0.221585 0.434477 0.222196 0.432700 0.272165 0.415523 0.271554
0 0.412052 0.222648 0.496413 0.221111 0.497323 0.271102 0.412962 0.272639
1 0.471283 0.222152 0.493073 0.220229 0.497467 0.270036 0.475677 0.271958
8 0.505444 0.221628 0.522624 0.222145 0.521119 0.272122 0.503939 0.271605
5 0.529075 0.223293 0.547493 0.219780 0.556862 0.268894 0.538445 0.272408
0 0.537403 0.223609 0.607544 0.218700 0.611035 0.268578 0.540894 0.273487
1 0.594852 0.222038 0.612037 0.221721 0.612960 0.271712 0.595776 0.272029
7 0.611569 0.218436 0.661251 0.224069 0.655618 0.273751 0.605936 0.268118
0 0.620423 0.219593 0.707871 0.222624 0.706139 0.272594 0.618692 0.269563
5 0.683686 0.222145 0.702428 0.221625 0.703814 0.271605 0.685072 0.272125
8 0.713918 0.222874 0.731017 0.221133 0.736082 0.270876 0.718983 0.272617
1 0.745446 0.221825 0.764196 0.221925 0.763929 0.271925 0.745179 0.271825
7 0.773569 0.221097 0.798513 0.222764 0.795181 0.272653 0.770237 0.270986
1 0.806974 0.221454 0.822571 0.222385 0.819589 0.272296 0.803992 0.271365
0 0.799959 0.222537 0.884285 0.219679 0.885979 0.269650 0.801652 0.272508
0 0.829364 0.225511 0.916575 0.218404 0.920636 0.268239 0.833425 0.275346
6 0.965865 0.067024 0.990788 0.068990 0.988822 0.093913 0.963899 0.091947
6 0.000000 0.811072 0.034325 0.810803 0.034424 0.826428 0.000000 0.826697
