0 0.038206 0.038718 0.078434 0.044384 0.074294 0.073782 0.034066 0.068116
0 0.056882 0.038301 0.130047 0.044621 0.127493 0.074199 0.054328 0.067879
0 0.115118 0.038434 0.169461 0.044566 0.166132 0.074066 0.111789 0.067934
0 0.143325 0.037341 0.216289 0.045663 0.212925 0.075159 0.139961 0.066837
0 0.192885 0.037254 0.243968 0.044272 0.239927 0.073683 0.188845 0.066665
0 0.234079 0.044360 0.274313 0.038738 0.278421 0.068140 0.238187 0.073762
0 0.276994 0.038750 0.326847 0.042588 0.324568 0.072188 0.274716 0.068350
0 0.311955 0.035915 0.362542 0.045896 0.356795 0.075022 0.306208 0.065041
0 0.360657 0.043747 0.375525 0.038942 0.384655 0.067190 0.369787 0.071996
0 0.384946 0.040484 0.434911 0.042349 0.433804 0.072016 0.383839 0.070151
0 0.427251 0.040202 0.481884 0.042640 0.480561 0.072298 0.425928 0.069860
0 0.489560 0.040019 0.505130 0.041336 0.502627 0.070918 0.487058 0.069601
0 0.511737 0.037225 0.561230 0.044326 0.557013 0.073713 0.507520 0.066611
0 0.538396 0.044456 0.592762 0.038531 0.595979 0.068044 0.541613 0.073969
0 0.563425 0.048127 0.635432 0.033702 0.641263 0.062811 0.569256 0.077236
0 0.606618 0.038831 0.679870 0.044057 0.677757 0.073669 0.604505 0.068443
0 0.638842 0.041184 0.712271 0.040070 0.712721 0.069754 0.639292 0.070868
0 0.690864 0.040230 0.740858 0.041024 0.740386 0.070708 0.690392 0.069913
0 0.724223 0.035444 0.772520 0.048380 0.764840 0.077056 0.716542 0.064120
0 0.759268 0.044755 0.799153 0.037036 0.804794 0.066182 0.764909 0.073902
0 0.788438 0.044356 0.842824 0.038620 0.845937 0.068144 0.791551 0.073880
0 0.852590 0.041396 0.868151 0.039977 0.870847 0.069541 0.855287 0.070961
0 0.882950 0.040439 0.923573 0.040812 0.923300 0.070498 0.882677 0.070125
0 0.036129 0.085679 0.076751 0.086198 0.076371 0.115883 0.035749 0.115364
0 0.063772 0.081057 0.136271 0.092760 0.131540 0.122068 0.059041 0.110365
0 0.098910 0.085599 0.172313 0.087853 0.171402 0.117526 0.097999 0.115272
0 0.149570 0.078930 0.197116 0.094402 0.187930 0.122632 0.140384 0.107161
0 0.191385 0.083976 0.231595 0.089764 0.227365 0.119149 0.187155 0.113361
0 0.230287 0.082509 0.284510 0.089618 0.280651 0.119054 0.226427 0.111945
0 0.270711 0.083827 0.320350 0.089825 0.316789 0.119298 0.267150 0.113300
0 0.309077 0.086501 0.363753 0.085381 0.364361 0.115062 0.309685 0.116182
0 0.344686 0.089489 0.395967 0.084110 0.399064 0.113636 0.347783 0.119015
0 0.380745 0.090167 0.430089 0.082097 0.434880 0.111396 0.385536 0.119465
0 0.423276 0.087825 0.477837 0.084118 0.479849 0.113738 0.425288 0.117444
0 0.476714 0.085859 0.492339 0.086018 0.492036 0.115704 0.476411 0.115544
0 0.485356 0.098812 0.534973 0.075815 0.547457 0.102750 0.497840 0.125747
0 0.532231 0.089565 0.586637 0.084025 0.589644 0.113560 0.535238 0.119100
0 0.576917 0.084173 0.626787 0.087779 0.624646 0.117389 0.574776 0.113784
0 0.608731 0.093472 0.680725 0.078986 0.686582 0.108090 0.614587 0.122576
0 0.658174 0.085455 0.698787 0.086428 0.698076 0.116107 0.657463 0.115134
0 0.702970 0.086152 0.743592 0.085724 0.743905 0.115410 0.703283 0.115838
0 0.749231 0.085701 0.764673 0.088085 0.760144 0.117424 0.744702 0.115040
0 0.771426 0.089251 0.825890 0.084308 0.828574 0.113874 0.774110 0.118817
0 0.822761 0.082326 0.873769 0.089868 0.869426 0.119237 0.818418 0.111694
0 0.858006 0.085469 0.898550 0.088027 0.896681 0.117656 0.856137 0.115098
0 0.891575 0.087837 0.943090 0.085628 0.944362 0.115288 0.892847 0.117497
0 0.029133 0.136386 0.078440 0.128088 0.083367 0.157364 0.034060 0.165662
0 0.066708 0.132871 0.116680 0.131208 0.117667 0.160879 0.067695 0.162542
0 0.101120 0.125841 0.173705 0.137004 0.169192 0.166346 0.096608 0.155184
0 0.140882 0.130825 0.190875 0.131679 0.190368 0.161362 0.140375 0.160508
0 0.183273 0.130501 0.233250 0.132013 0.232352 0.161687 0.182375 0.160175
0 0.211925 0.138757 0.260336 0.126250 0.267762 0.154993 0.219352 0.167500
0 0.261830 0.134805 0.311540 0.129429 0.314732 0.158945 0.265022 0.164321
0 0.309939 0.130508 0.350536 0.132013 0.349436 0.161680 0.308839 0.160175
0 0.337270 0.126270 0.409735 0.138186 0.404917 0.167480 0.332453 0.155564
0 0.376117 0.132028 0.426093 0.130486 0.427008 0.160160 0.377032 0.161701
0 0.434326 0.132217 0.449853 0.130469 0.453174 0.159971 0.437647 0.161718
0 0.454874 0.130510 0.504778 0.133609 0.502938 0.163240 0.453034 0.160141
0 0.501685 0.131039 0.553246 0.131462 0.553002 0.161149 0.501442 0.160725
0 0.543325 0.131990 0.593303 0.130522 0.594175 0.160197 0.544197 0.161665
0 0.581088 0.137317 0.634558 0.125844 0.640787 0.154870 0.587317 0.166344
0 0.614794 0.130828 0.666299 0.133268 0.664894 0.162922 0.613389 0.160482
0 0.649612 0.138313 0.722037 0.126159 0.726950 0.155437 0.654526 0.167591
0 0.698024 0.126529 0.747004 0.136576 0.741039 0.165658 0.692058 0.155611
0 0.752376 0.132162 0.767913 0.130505 0.771062 0.160025 0.755525 0.161682
0 0.780960 0.133224 0.830811 0.129364 0.833103 0.158963 0.783252 0.162823
0 0.816002 0.129290 0.870543 0.133289 0.868373 0.162897 0.813832 0.158898
0 0.844797 0.135505 0.894134 0.127389 0.898953 0.156682 0.849616 0.164799
0 0.882444 0.131950 0.937114 0.130560 0.937868 0.160238 0.883199 0.161628
0 0.036035 0.176429 0.076660 0.176696 0.076465 0.206383 0.035840 0.206116
0 0.073426 0.178815 0.124907 0.175919 0.126574 0.205560 0.075093 0.208456
0 0.118447 0.178628 0.169851 0.174588 0.172178 0.204184 0.120774 0.208224
0 0.164578 0.174509 0.215969 0.178715 0.213547 0.208304 0.162156 0.204097
0 0.206664 0.174432 0.256298 0.180473 0.252711 0.209943 0.203077 0.203902
0 0.252955 0.180066 0.293245 0.174866 0.297045 0.204309 0.256755 0.209509
0 0.285186 0.178578 0.358515 0.174591 0.360127 0.204234 0.286798 0.208222
0 0.349924 0.173122 0.399122 0.182041 0.393826 0.211253 0.344628 0.202334
0 0.377602 0.182093 0.431529 0.173007 0.436461 0.202282 0.382533 0.211368
0 0.431246 0.176569 0.481246 0.176556 0.481254 0.206244 0.431254 0.206256
0 0.479690 0.173032 0.528851 0.182154 0.523435 0.211343 0.474274 0.202221
0 0.507375 0.177302 0.555790 0.175837 0.556688 0.205510 0.508273 0.206976
0 0.541413 0.178466 0.581979 0.176265 0.583587 0.205909 0.543021 0.208110
0 0.569888 0.178738 0.618140 0.174501 0.620737 0.204075 0.572485 0.208312
0 0.601327 0.180127 0.650856 0.173278 0.654923 0.202686 0.605394 0.209535
0 0.646185 0.174637 0.700588 0.180205 0.697565 0.209738 0.643162 0.204170
0 0.681571 0.174795 0.733007 0.178403 0.730929 0.208018 0.679493 0.204410
0 0.711766 0.182357 0.762442 0.172840 0.767922 0.202018 0.717245 0.211535
0 0.763275 0.176180 0.778879 0.176984 0.777350 0.206633 0.761746 0.205828
0 0.781385 0.174987 0.835979 0.178189 0.834240 0.207826 0.779646 0.204623
0 0.828757 0.173088 0.882968 0.180296 0.879055 0.209724 0.824845 0.202517
0 0.860317 0.178442 0.910270 0.176273 0.911558 0.205933 0.861605 0.208102
0 0.889528 0.174572 0.962749 0.180203 0.960472 0.209803 0.887251 0.204172
0 0.027545 0.225499 0.081952 0.219966 0.084955 0.249501 0.030548 0.255034
0 0.059931 0.219640 0.114427 0.224214 0.111944 0.253798 0.057448 0.249223
0 0.110144 0.218413 0.161199 0.225629 0.157044 0.255025 0.105989 0.247808
0 0.149468 0.215534 0.198601 0.231177 0.189594 0.259466 0.140462 0.243823
0 0.183889 0.226055 0.233248 0.218075 0.237986 0.247382 0.188627 0.255362
0 0.215219 0.227798 0.262376 0.216736 0.269156 0.245639 0.221999 0.256701
0 0.248049 0.217157 0.320604 0.228513 0.316013 0.257843 0.243459 0.246487
0 0.292762 0.219736 0.344138 0.224121 0.341613 0.253701 0.290237 0.249316
0 0.340314 0.215279 0.389834 0.229647 0.381561 0.258159 0.332041 0.243790
0 0.373507 0.218268 0.422636 0.227562 0.417118 0.256732 0.367989 0.247438
0 0.400925 0.223787 0.450875 0.221555 0.452200 0.251213 0.402250 0.253445
0 0.458245 0.221767 0.473737 0.223797 0.469880 0.253233 0.454388 0.251203
0 0.504977 0.221545 0.520376 0.224198 0.515335 0.253455 0.499937 0.250802
0 0.521508 0.229454 0.574683 0.216680 0.581617 0.245546 0.528442 0.258320
0 0.579056 0.224573 0.594087 0.220306 0.602194 0.248865 0.587163 0.253132
0 0.626548 0.224161 0.641956 0.221564 0.646889 0.250839 0.631482 0.253436
0 0.651358 0.226027 0.699361 0.219552 0.703330 0.248973 0.655327 0.255448
0 0.682332 0.226972 0.733231 0.218723 0.737980 0.248028 0.687082 0.256277
0 0.713542 0.223658 0.768194 0.221674 0.769270 0.251342 0.714619 0.253326
0 0.765145 0.223470 0.813555 0.221859 0.814543 0.251530 0.766132 0.253141
0 0.799788 0.229823 0.845995 0.215294 0.854900 0.243614 0.808693 0.258144
0 0.857201 0.224022 0.872643 0.221638 0.877174 0.250978 0.861732 0.253362
0 0.886554 0.218703 0.936116 0.225307 0.932196 0.254734 0.882634 0.248131
0 0.046858 0.267636 0.062459 0.266783 0.064080 0.296426 0.048478 0.297279
0 0.066914 0.263314 0.114657 0.271487 0.109648 0.300749 0.061905 0.292576
0 0.112041 0.270495 0.126833 0.265462 0.136397 0.293567 0.121604 0.298600
0 0.134065 0.267723 0.184053 0.266659 0.184685 0.296340 0.134697 0.297404
0 0.170033 0.263637 0.242932 0.272518 0.239342 0.301988 0.166443 0.293107
0 0.214498 0.263986 0.268784 0.270607 0.265189 0.300076 0.210904 0.293455
0 0.262092 0.267919 0.313634 0.266468 0.314470 0.296143 0.262928 0.297595
0 0.316785 0.269183 0.332262 0.267036 0.336340 0.296442 0.320863 0.298589
0 0.347846 0.265352 0.397553 0.270760 0.394341 0.300273 0.344635 0.294865
0 0.380705 0.273085 0.420222 0.263662 0.427108 0.292540 0.387591 0.301963
0 0.411377 0.266449 0.462918 0.267938 0.462061 0.297613 0.410520 0.296124
0 0.442378 0.266841 0.497061 0.267536 0.496684 0.297221 0.442001 0.296527
0 0.486331 0.266524 0.537876 0.267861 0.537107 0.297538 0.485561 0.296202
0 0.525603 0.265135 0.573857 0.269352 0.571272 0.298927 0.523018 0.294710
0 0.566493 0.265116 0.606667 0.271151 0.602257 0.300509 0.562083 0.294474
0 0.599008 0.265055 0.650385 0.269427 0.647867 0.299008 0.596490 0.294635
0 0.643502 0.262142 0.693933 0.272884 0.687748 0.301920 0.637317 0.291179
0 0.676509 0.274869 0.724465 0.260719 0.732866 0.289193 0.684910 0.303343
0 0.703242 0.266901 0.776677 0.267475 0.776445 0.297161 0.703010 0.296588
0 0.748304 0.273236 0.787414 0.262246 0.795446 0.290826 0.756336 0.301817
0 0.789104 0.267131 0.829728 0.267244 0.829646 0.296931 0.789022 0.296819
0 0.827619 0.268884 0.879150 0.267072 0.880193 0.296741 0.828663 0.298553
0 0.866325 0.264870 0.917667 0.269632 0.914925 0.299193 0.863583 0.294430
0 0.927537 0.267512 0.943149 0.266887 0.944338 0.296550 0.928726 0.297176
0 0.027995 0.320128 0.074368 0.306138 0.082943 0.334560 0.036570 0.348550
0 0.071598 0.314449 0.121452 0.310638 0.123715 0.340239 0.073860 0.344050
0 0.110599 0.312974 0.151213 0.312034 0.151901 0.341713 0.111287 0.342654
0 0.154358 0.314935 0.194856 0.311721 0.197205 0.341315 0.156707 0.344529
0 0.205917 0.313142 0.221496 0.311945 0.223771 0.341545 0.208192 0.342743
0 0.230433 0.312056 0.281936 0.314541 0.280504 0.344194 0.229002 0.341709
0 0.271803 0.316466 0.321424 0.310321 0.325072 0.339784 0.275451 0.345929
0 0.309606 0.310867 0.361061 0.314195 0.359144 0.343821 0.307689 0.340493
0 0.349737 0.316130 0.399249 0.309160 0.403388 0.338558 0.353876 0.345528
0 0.394285 0.312415 0.444255 0.314166 0.443215 0.343835 0.393245 0.342084
0 0.441155 0.310220 0.490748 0.316584 0.486970 0.346030 0.437377 0.339666
0 0.492359 0.312411 0.507983 0.312591 0.507641 0.342277 0.492017 0.342096
0 0.516509 0.316074 0.566215 0.310663 0.569428 0.340176 0.519722 0.345587
0 0.534288 0.317522 0.607071 0.307743 0.611025 0.337166 0.538241 0.346945
0 0.593694 0.312594 0.643694 0.312406 0.643806 0.342093 0.593806 0.342282
0 0.615104 0.314641 0.688492 0.311942 0.689583 0.341609 0.616195 0.344308
0 0.658227 0.310649 0.708084 0.314436 0.705835 0.344039 0.655979 0.340251
0 0.696115 0.318184 0.745245 0.308895 0.750760 0.338066 0.701630 0.347355
0 0.739028 0.316487 0.790217 0.310291 0.793784 0.339763 0.742596 0.345959
0 0.797655 0.312115 0.813259 0.312925 0.811720 0.342572 0.796116 0.341763
0 0.827401 0.312198 0.867965 0.314409 0.866349 0.344052 0.825785 0.341841
0 0.855617 0.314511 0.910251 0.312081 0.911570 0.341739 0.856937 0.344169
0 0.894028 0.311931 0.934558 0.314700 0.932535 0.344319 0.892004 0.341550
0 0.028086 0.357885 0.082773 0.357741 0.082851 0.387428 0.028164 0.387572
0 0.062650 0.357563 0.112647 0.358064 0.112350 0.387750 0.062353 0.387249
0 0.110090 0.357451 0.160036 0.359769 0.158660 0.389424 0.108714 0.387106
0 0.157703 0.361205 0.198020 0.356208 0.201672 0.385670 0.161355 0.390667
0 0.195267 0.357875 0.235891 0.357750 0.235983 0.387437 0.195359 0.387563
0 0.231314 0.357701 0.282876 0.357924 0.282748 0.387611 0.231186 0.387389
0 0.268333 0.358401 0.308941 0.357236 0.309792 0.386912 0.269184 0.388076
0 0.323726 0.357664 0.339348 0.357966 0.338774 0.387648 0.323152 0.387346
0 0.350783 0.357348 0.400719 0.359877 0.399217 0.389527 0.349281 0.386998
0 0.392037 0.354458 0.441270 0.363185 0.436088 0.392417 0.386855 0.383690
0 0.427612 0.360249 0.477387 0.355509 0.480201 0.385063 0.430426 0.389803
0 0.459912 0.357724 0.509881 0.359481 0.508838 0.389151 0.458869 0.387394
0 0.507300 0.354036 0.547098 0.362193 0.541137 0.391276 0.501340 0.383119
0 0.547791 0.358171 0.563401 0.357483 0.564709 0.387142 0.549099 0.387830
0 0.554185 0.359903 0.627576 0.357303 0.628628 0.386972 0.555236 0.389572
0 0.614221 0.357540 0.665781 0.358086 0.665466 0.387772 0.613907 0.387226
0 0.665288 0.358286 0.705902 0.357347 0.706587 0.387027 0.665973 0.387965
0 0.697949 0.361998 0.747307 0.354008 0.752051 0.383314 0.702693 0.391304
0 0.732109 0.356054 0.783405 0.361287 0.780391 0.390821 0.729095 0.385588
0 0.769846 0.355728 0.821067 0.361656 0.817654 0.391147 0.766433 0.385219
0 0.798045 0.361758 0.847472 0.354208 0.851955 0.383555 0.802528 0.391105
0 0.851233 0.360247 0.891731 0.357033 0.894079 0.386628 0.853582 0.389842
0 0.893507 0.361521 0.944574 0.354389 0.948680 0.383792 0.897613 0.390923
0 0.035838 0.403261 0.076463 0.402989 0.076662 0.432676 0.036037 0.432948
0 0.059173 0.403635 0.132603 0.402618 0.133015 0.432302 0.059584 0.433320
0 0.109295 0.403260 0.159294 0.402990 0.159455 0.432677 0.109456 0.432948
0 0.148503 0.403015 0.198502 0.403235 0.198372 0.432922 0.148373 0.432703
0 0.198613 0.402659 0.214207 0.403650 0.212324 0.433278 0.196731 0.432287
0 0.201099 0.410538 0.273411 0.397730 0.278589 0.426962 0.206277 0.439770
0 0.250785 0.401313 0.324132 0.404973 0.322652 0.434624 0.249306 0.430964
0 0.294264 0.403073 0.344235 0.404756 0.343236 0.434427 0.293265 0.432744
0 0.338055 0.403037 0.386460 0.404795 0.385383 0.434463 0.336977 0.432705
0 0.371056 0.402685 0.422558 0.405162 0.421132 0.434815 0.369629 0.432338
0 0.403678 0.402605 0.477069 0.405226 0.476009 0.434895 0.402619 0.432274
0 0.456033 0.405134 0.510578 0.401193 0.512717 0.430803 0.458172 0.434744
0 0.488602 0.405527 0.539952 0.400845 0.542648 0.430410 0.491298 0.435092
0 0.521718 0.405002 0.576281 0.401316 0.578282 0.430936 0.523719 0.434622
0 0.571606 0.403602 0.623160 0.402653 0.623706 0.432336 0.572152 0.433284
0 0.610319 0.405002 0.660272 0.402838 0.661556 0.432498 0.611603 0.434662
0 0.651135 0.403729 0.691742 0.402534 0.692615 0.432209 0.652008 0.433404
0 0.681391 0.398128 0.734672 0.410448 0.727984 0.439372 0.674703 0.427052
0 0.718320 0.403899 0.769859 0.402364 0.770743 0.432038 0.719203 0.433573
0 0.768728 0.403162 0.818728 0.403088 0.818772 0.432775 0.768772 0.432850
0 0.804526 0.399783 0.853764 0.408482 0.848599 0.437717 0.799361 0.429018
0 0.828782 0.402375 0.902154 0.405464 0.900906 0.435125 0.827533 0.432036
0 0.877979 0.403373 0.927977 0.402879 0.928271 0.432565 0.878273 0.433059
0 0.911407 0.402361 0.961384 0.403903 0.960468 0.433577 0.910491 0.432034
0 0.031717 0.447701 0.080131 0.449187 0.079221 0.478861 0.030806 0.477375
0 0.057686 0.443289 0.130090 0.455567 0.125126 0.484836 0.052723 0.472558
0 0.116496 0.450698 0.156887 0.446348 0.160067 0.475864 0.119675 0.480215
0 0.150727 0.448272 0.191306 0.450199 0.189898 0.479853 0.149319 0.477926
0 0.194696 0.454506 0.234143 0.444793 0.241241 0.473619 0.201795 0.483332
0 0.231430 0.448139 0.281426 0.448739 0.281070 0.478424 0.231074 0.477824
0 0.258942 0.452483 0.308341 0.444749 0.312933 0.474079 0.263534 0.481813
0 0.302130 0.448275 0.353657 0.450183 0.352558 0.479850 0.301031 0.477942
0 0.366350 0.447738 0.381898 0.449283 0.378963 0.478825 0.363414 0.477280
0 0.365028 0.450792 0.438399 0.447672 0.439660 0.477333 0.366289 0.480453
0 0.408272 0.447690 0.458249 0.449199 0.457353 0.478873 0.407376 0.477364
0 0.455518 0.446790 0.505267 0.451797 0.502294 0.481335 0.452546 0.476328
0 0.492340 0.443427 0.545615 0.455778 0.538910 0.484698 0.485635 0.472347
0 0.538181 0.448128 0.588132 0.450339 0.586819 0.479997 0.536868 0.477786
0 0.571632 0.452021 0.621156 0.445137 0.625243 0.474542 0.575719 0.481425
0 0.620503 0.446864 0.671966 0.450068 0.670122 0.479698 0.618659 0.476494
0 0.664849 0.450344 0.705414 0.448138 0.707026 0.477781 0.666461 0.479987
0 0.700782 0.455907 0.748844 0.442119 0.757030 0.470656 0.708969 0.484443
0 0.746826 0.454317 0.795888 0.444677 0.801612 0.473808 0.752550 0.483448
0 0.786740 0.441724 0.834516 0.456471 0.825760 0.484838 0.777984 0.470091
0 0.843349 0.447851 0.858581 0.451334 0.851964 0.480274 0.836732 0.476791
0 0.871329 0.449214 0.911926 0.447682 0.913046 0.477348 0.872449 0.478881
0 0.905530 0.453779 0.959264 0.443614 0.964783 0.472784 0.911048 0.482949
0 0.033934 0.495586 0.074403 0.492028 0.077003 0.521602 0.036534 0.525159
0 0.071519 0.490521 0.122390 0.498940 0.117543 0.528229 0.066672 0.519810
0 0.109897 0.488330 0.162944 0.501623 0.155728 0.530420 0.102681 0.517127
0 0.136722 0.497545 0.186382 0.491720 0.189840 0.521205 0.140181 0.527030
0 0.171706 0.495927 0.212240 0.493202 0.214231 0.522823 0.173698 0.525548
0 0.212095 0.494521 0.266761 0.492990 0.267592 0.522666 0.212926 0.524197
0 0.250497 0.493093 0.291100 0.494423 0.290128 0.524094 0.249525 0.522765
0 0.283739 0.490193 0.333182 0.497638 0.328761 0.526994 0.279318 0.519550
0 0.321220 0.497398 0.361260 0.490529 0.366280 0.519789 0.326240 0.526658
0 0.368100 0.494111 0.383709 0.493418 0.385025 0.523077 0.369416 0.523769
0 0.394146 0.493043 0.448815 0.494467 0.448041 0.524145 0.393373 0.522720
0 0.434465 0.493600 0.484464 0.493901 0.484285 0.523587 0.434286 0.523287
0 0.498019 0.495756 0.513494 0.493592 0.517606 0.522994 0.502131 0.525158
0 0.527401 0.492019 0.578703 0.497193 0.575724 0.526731 0.524422 0.521557
0 0.556452 0.492988 0.606353 0.496134 0.604485 0.525762 0.554584 0.522616
0 0.604213 0.491459 0.644309 0.497989 0.639537 0.527291 0.599441 0.520761
0 0.640366 0.488717 0.690803 0.499431 0.684634 0.528470 0.634197 0.517757
0 0.682193 0.499056 0.731447 0.490449 0.736557 0.519694 0.687303 0.528301
0 0.732632 0.490069 0.786512 0.499431 0.781430 0.528681 0.727550 0.519319
0 0.771921 0.490041 0.822603 0.499528 0.817141 0.528709 0.766459 0.519222
0 0.802604 0.498020 0.851936 0.489876 0.856771 0.519167 0.807439 0.527311
0 0.853305 0.493020 0.903210 0.496099 0.901382 0.525730 0.851477 0.522651
0 0.914540 0.493508 0.930158 0.494007 0.929210 0.523679 0.913592 0.523180
0 0.033220 0.536941 0.082856 0.542963 0.079280 0.572434 0.029644 0.566412
0 0.049222 0.541155 0.122543 0.537017 0.124216 0.566657 0.050895 0.570796
0 0.115424 0.543926 0.129500 0.537143 0.142388 0.563887 0.128312 0.570670
0 0.148992 0.538332 0.189590 0.539812 0.188508 0.569480 0.147910 0.568000
0 0.160871 0.544785 0.233675 0.535158 0.237567 0.564590 0.164763 0.574217
0 0.214294 0.537476 0.264190 0.540712 0.262268 0.570337 0.212373 0.567101
0 0.261809 0.537360 0.311546 0.542483 0.308504 0.572015 0.258767 0.566892
0 0.308462 0.538394 0.324017 0.539863 0.321226 0.569419 0.305670 0.567950
0 0.309210 0.542442 0.382468 0.537318 0.384540 0.566933 0.311282 0.572057
0 0.355232 0.537028 0.405058 0.541200 0.402581 0.570784 0.352755 0.566612
0 0.394681 0.535499 0.444122 0.542958 0.439694 0.572313 0.390253 0.564855
0 0.429092 0.542456 0.478834 0.537385 0.481845 0.566919 0.432103 0.571990
0 0.473387 0.539150 0.524950 0.538975 0.525050 0.568663 0.473488 0.568837
0 0.528840 0.538912 0.569420 0.540807 0.568035 0.570463 0.527455 0.568568
0 0.568172 0.544261 0.617459 0.535849 0.622453 0.565114 0.573166 0.573526
0 0.600306 0.538511 0.654983 0.539620 0.654381 0.569301 0.599705 0.568193
0 0.660748 0.539615 0.676338 0.538575 0.678314 0.568197 0.662724 0.569237
0 0.679029 0.541014 0.728976 0.538705 0.730346 0.568361 0.680399 0.570670
0 0.728437 0.536790 0.768783 0.541538 0.765313 0.571022 0.724967 0.566274
0 0.755588 0.541134 0.810216 0.538586 0.811599 0.568241 0.756971 0.570789
0 0.802821 0.544683 0.850100 0.534152 0.856554 0.563129 0.809275 0.573661
0 0.839599 0.532402 0.889074 0.546924 0.880713 0.575410 0.831238 0.560888
0 0.878550 0.536918 0.928180 0.542990 0.924575 0.572457 0.874945 0.566385
0 0.913683 0.544574 0.953352 0.535812 0.959755 0.564801 0.920086 0.573563
0 0.027869 0.590302 0.078211 0.579151 0.084631 0.608136 0.034289 0.619287
0 0.066945 0.590036 0.115799 0.579395 0.122118 0.608402 0.073263 0.619043
0 0.098036 0.589557 0.152067 0.581111 0.156652 0.610443 0.102620 0.618889
0 0.139285 0.583996 0.190841 0.584757 0.190403 0.614442 0.138846 0.613680
0 0.171215 0.586126 0.244570 0.582657 0.245973 0.612311 0.172617 0.615781
0 0.226258 0.591722 0.279530 0.579359 0.286242 0.608278 0.232970 0.620641
0 0.277402 0.588047 0.327088 0.582452 0.330410 0.611953 0.280724 0.617548
0 0.318301 0.587690 0.372764 0.582744 0.375449 0.612310 0.320986 0.617256
0 0.369271 0.584112 0.384886 0.584655 0.383854 0.614325 0.368239 0.613782
0 0.382987 0.584085 0.432984 0.584668 0.432638 0.614353 0.382641 0.613770
0 0.435603 0.587577 0.450733 0.583676 0.458147 0.612423 0.443017 0.616324
0 0.468848 0.583724 0.520329 0.586636 0.518652 0.616276 0.467171 0.613364
0 0.500230 0.584006 0.548662 0.584747 0.548208 0.614431 0.499776 0.613690
0 0.561441 0.583767 0.577010 0.585090 0.574496 0.614671 0.558927 0.613348
0 0.595994 0.583924 0.611323 0.586952 0.605569 0.616076 0.590240 0.613048
0 0.618040 0.582365 0.658450 0.586542 0.655398 0.616072 0.614988 0.611896
0 0.649689 0.586391 0.699534 0.582451 0.701873 0.612047 0.652028 0.615986
0 0.695017 0.586360 0.744866 0.582479 0.747170 0.612077 0.697321 0.615958
0 0.729090 0.589624 0.778361 0.581121 0.783410 0.610376 0.734139 0.618879
0 0.772072 0.576143 0.819399 0.596608 0.807616 0.623857 0.760289 0.603392
0 0.803077 0.577820 0.850348 0.594114 0.840673 0.622180 0.793402 0.605886
0 0.828358 0.582787 0.878253 0.586026 0.876330 0.615651 0.826435 0.612412
0 0.846281 0.591647 0.918372 0.577648 0.924031 0.606791 0.851940 0.620790
0 0.898434 0.579061 0.948730 0.590419 0.942191 0.619377 0.891895 0.608019
0 0.027406 0.633649 0.081744 0.627478 0.085094 0.656976 0.030756 0.663147
0 0.068126 0.635173 0.118905 0.626216 0.124061 0.655452 0.073283 0.664409
0 0.105125 0.628974 0.155104 0.630413 0.154250 0.660088 0.104271 0.658649
0 0.142182 0.635239 0.195843 0.624693 0.201568 0.653823 0.147907 0.664370
0 0.202313 0.628978 0.217858 0.630548 0.214875 0.660085 0.199329 0.658515
0 0.217054 0.630021 0.290489 0.629355 0.290758 0.659041 0.217324 0.659707
0 0.280644 0.630023 0.296255 0.629377 0.297481 0.659040 0.281870 0.659685
0 0.314525 0.627494 0.364142 0.633671 0.360475 0.663131 0.310858 0.656954
0 0.356889 0.627850 0.397139 0.633362 0.393111 0.662775 0.352861 0.657263
0 0.394656 0.637480 0.442937 0.624479 0.450656 0.653145 0.402376 0.666146
0 0.427888 0.630081 0.476320 0.629298 0.476799 0.658982 0.428368 0.659764
0 0.462894 0.622935 0.534975 0.636989 0.529293 0.666128 0.457213 0.652074
0 0.503751 0.629006 0.577129 0.631955 0.575937 0.661619 0.502558 0.658670
0 0.555638 0.633029 0.603820 0.628065 0.606862 0.657596 0.558680 0.662560
0 0.580294 0.623394 0.652234 0.638149 0.646269 0.667231 0.574329 0.652476
0 0.635199 0.627976 0.686506 0.633109 0.683551 0.662649 0.632244 0.657516
0 0.673854 0.624490 0.712776 0.636129 0.704271 0.664572 0.665349 0.652934
0 0.703999 0.626091 0.755012 0.633601 0.750688 0.662972 0.699675 0.655462
0 0.734094 0.635466 0.782902 0.624617 0.789344 0.653597 0.740535 0.664446
0 0.769845 0.627605 0.821066 0.633529 0.817655 0.663020 0.766434 0.657096
0 0.816392 0.626327 0.865898 0.633342 0.861733 0.662736 0.812227 0.655721
0 0.861549 0.629485 0.911509 0.631476 0.910326 0.661140 0.860366 0.659149
0 0.897921 0.634880 0.948791 0.626456 0.953641 0.655745 0.902771 0.664169
0 0.046732 0.676813 0.062247 0.674959 0.065768 0.704437 0.050253 0.706291
0 0.068794 0.671422 0.117935 0.680650 0.112456 0.709828 0.063315 0.700600
0 0.095635 0.674421 0.150310 0.675586 0.149678 0.705266 0.095003 0.704102
0 0.129170 0.676660 0.177577 0.674922 0.178642 0.704590 0.130236 0.706328
0 0.167836 0.671863 0.240996 0.678250 0.238414 0.707825 0.165254 0.701438
0 0.209460 0.674858 0.259459 0.675142 0.259290 0.704830 0.209291 0.704545
0 0.249249 0.677169 0.300739 0.674435 0.302313 0.704081 0.250823 0.706815
0 0.297924 0.678301 0.349252 0.673396 0.352076 0.702949 0.300748 0.707854
0 0.337732 0.674604 0.389288 0.675399 0.388831 0.705083 0.337274 0.704288
0 0.372841 0.678396 0.422583 0.673320 0.425596 0.702854 0.375855 0.707930
0 0.408337 0.672891 0.481539 0.678766 0.479163 0.708359 0.405961 0.702484
0 0.458746 0.678740 0.513130 0.672987 0.516254 0.702510 0.461870 0.708263
0 0.499991 0.678927 0.551193 0.672843 0.554697 0.702323 0.503494 0.708407
0 0.535305 0.671304 0.584395 0.680799 0.578757 0.709946 0.529667 0.700451
0 0.573136 0.675537 0.624687 0.674469 0.625302 0.704150 0.573750 0.705218
0 0.615032 0.676829 0.664989 0.674759 0.666218 0.704421 0.616261 0.706491
0 0.650582 0.672913 0.700399 0.677197 0.697855 0.706775 0.648039 0.702491
0 0.691327 0.671721 0.740857 0.678557 0.736798 0.707966 0.687268 0.701130
0 0.718398 0.675629 0.769945 0.674380 0.770665 0.704058 0.719117 0.705308
0 0.749363 0.678761 0.803743 0.672968 0.806887 0.702489 0.752507 0.708282
0 0.794493 0.671570 0.845558 0.678716 0.841444 0.708117 0.790379 0.700971
0 0.829313 0.676743 0.902726 0.674830 0.903499 0.704507 0.830087 0.706420
0 0.871624 0.685826 0.942542 0.666755 0.950251 0.695424 0.879333 0.714495
0 0.033982 0.715429 0.084490 0.725803 0.078518 0.754883 0.028010 0.744510
0 0.061463 0.718244 0.112851 0.722481 0.110412 0.752068 0.059024 0.747831
0 0.102863 0.726257 0.153199 0.715075 0.159637 0.744056 0.109301 0.755238
0 0.139921 0.716839 0.189391 0.724101 0.185079 0.753473 0.135609 0.746212
0 0.183114 0.719716 0.223640 0.722544 0.221574 0.752159 0.181047 0.749331
0 0.224580 0.721045 0.274559 0.719593 0.275420 0.749268 0.225441 0.750719
0 0.253087 0.722618 0.304562 0.719620 0.306288 0.749257 0.254813 0.752255
0 0.294796 0.718063 0.334908 0.724499 0.330204 0.753812 0.290092 0.747376
0 0.323144 0.715438 0.395645 0.727128 0.390919 0.756437 0.318418 0.744747
0 0.364044 0.726106 0.413136 0.716620 0.418768 0.745769 0.369677 0.755255
0 0.412782 0.719848 0.462773 0.720782 0.462218 0.750464 0.412227 0.749530
0 0.444191 0.713488 0.516241 0.727698 0.510497 0.756824 0.438447 0.742615
0 0.519250 0.719706 0.534819 0.721025 0.532312 0.750607 0.516743 0.749287
0 0.532455 0.720990 0.587126 0.719644 0.587857 0.749322 0.533186 0.750669
0 0.578293 0.720033 0.628290 0.720594 0.627957 0.750280 0.577960 0.749718
0 0.606885 0.720041 0.658404 0.722171 0.657177 0.751834 0.605659 0.749704
0 0.634356 0.723694 0.688650 0.717144 0.692206 0.746618 0.637912 0.753168
0 0.677593 0.727951 0.727545 0.715164 0.734907 0.743924 0.684955 0.756711
0 0.728040 0.716758 0.778786 0.725900 0.773522 0.755117 0.722777 0.745975
0 0.761944 0.715096 0.834590 0.725849 0.830243 0.755217 0.757597 0.744463
0 0.820489 0.719589 0.870394 0.722655 0.868574 0.752286 0.818668 0.749220
0 0.866064 0.718371 0.917473 0.722342 0.915186 0.751942 0.863777 0.747970
0 0.897860 0.718537 0.946008 0.723828 0.942765 0.753338 0.894617 0.748047
0 0.032161 0.761982 0.083159 0.769593 0.078776 0.798956 0.027779 0.791344
0 0.060887 0.775201 0.113105 0.758952 0.121926 0.787299 0.069708 0.803548
0 0.107221 0.761922 0.147053 0.769908 0.141217 0.799016 0.101385 0.791030
0 0.136874 0.767515 0.186826 0.765326 0.188126 0.794985 0.138174 0.797174
0 0.173700 0.763945 0.225148 0.767371 0.223175 0.796993 0.171727 0.793567
0 0.218872 0.765243 0.259428 0.767621 0.257690 0.797257 0.217135 0.794879
0 0.265122 0.767565 0.305573 0.763812 0.308316 0.793373 0.267864 0.797125
0 0.313147 0.765302 0.328758 0.765976 0.327478 0.795636 0.311867 0.794962
0 0.344861 0.761957 0.392680 0.769672 0.387951 0.798981 0.340132 0.791265
0 0.385376 0.767427 0.436899 0.765408 0.438061 0.795073 0.386539 0.797092
0 0.441713 0.766357 0.457279 0.765004 0.459850 0.794580 0.444283 0.795933
0 0.452959 0.771060 0.501899 0.760820 0.507979 0.789878 0.459039 0.800118
0 0.485271 0.763576 0.558592 0.767721 0.556916 0.797361 0.483596 0.793217
0 0.527218 0.763436 0.577015 0.767935 0.574344 0.797502 0.524547 0.793003
0 0.568280 0.769765 0.617651 0.761859 0.622345 0.791172 0.572974 0.799079
0 0.619236 0.764030 0.659728 0.767317 0.657326 0.796907 0.616835 0.793621
0 0.630918 0.769530 0.704098 0.763387 0.706582 0.792970 0.633402 0.799113
0 0.688075 0.765450 0.739601 0.767383 0.738488 0.797050 0.686962 0.795117
0 0.711766 0.762139 0.784859 0.769250 0.781984 0.798798 0.708891 0.791687
0 0.764645 0.763350 0.819134 0.768008 0.816605 0.797588 0.762116 0.792929
0 0.810563 0.767701 0.858831 0.763653 0.861312 0.793237 0.813044 0.797284
0 0.855385 0.763788 0.895832 0.767592 0.893052 0.797149 0.852606 0.793345
0 0.889050 0.768992 0.943347 0.762469 0.946888 0.791945 0.892591 0.798468
0 0.039196 0.802468 0.084413 0.823809 0.071741 0.850657 0.026525 0.829316
0 0.064919 0.812977 0.114858 0.810497 0.116331 0.840148 0.066392 0.842628
0 0.100972 0.814409 0.152269 0.809181 0.155278 0.838716 0.103981 0.843944
0 0.148001 0.811699 0.197978 0.810190 0.198874 0.839864 0.148897 0.841373
0 0.183376 0.805975 0.231809 0.818392 0.224437 0.847150 0.176003 0.834733
0 0.209308 0.816869 0.258351 0.807137 0.264130 0.836256 0.215086 0.845988
0 0.232212 0.807198 0.305251 0.814838 0.302163 0.844365 0.229124 0.836724
0 0.290549 0.807555 0.330147 0.816633 0.323514 0.845570 0.283916 0.836492
0 0.299697 0.814749 0.372892 0.808786 0.375303 0.838376 0.302108 0.844339
0 0.372456 0.810646 0.388070 0.811252 0.386919 0.840917 0.371305 0.840311
0 0.406690 0.810357 0.422264 0.811615 0.419873 0.841206 0.404299 0.839948
0 0.418327 0.807650 0.491290 0.815979 0.487923 0.845475 0.414960 0.837146
0 0.448827 0.810790 0.522240 0.812657 0.521486 0.842335 0.448072 0.840468
0 0.502434 0.812911 0.550814 0.810562 0.552254 0.840214 0.503873 0.842563
0 0.554096 0.812565 0.594686 0.810898 0.595904 0.840560 0.555314 0.842227
0 0.579287 0.811635 0.629267 0.810252 0.630088 0.839928 0.580108 0.841311
0 0.610174 0.810450 0.660107 0.813027 0.658576 0.842675 0.608643 0.840098
0 0.657099 0.809192 0.708398 0.814398 0.705401 0.843933 0.654102 0.838727
0 0.674874 0.814199 0.748148 0.809305 0.750126 0.838926 0.676852 0.843820
0 0.750296 0.810606 0.765694 0.813265 0.760641 0.842519 0.745244 0.839860
0 0.757563 0.813018 0.812098 0.808939 0.814312 0.838544 0.759777 0.842623
0 0.809404 0.806040 0.848546 0.816919 0.840596 0.845522 0.801454 0.834643
0 0.843944 0.807324 0.883410 0.816960 0.876368 0.845801 0.836903 0.836165
0 0.875327 0.809160 0.926762 0.812788 0.924673 0.842402 0.873238 0.838774
0 0.907203 0.814633 0.961595 0.808965 0.964672 0.838492 0.910280 0.844160
0 0.031642 0.854432 0.081504 0.858151 0.079295 0.887756 0.029434 0.884037
0 0.080808 0.854217 0.130467 0.860048 0.127004 0.889533 0.077346 0.883702
0 0.121583 0.858294 0.172990 0.854295 0.175292 0.883893 0.123885 0.887892
0 0.171193 0.858494 0.211588 0.854174 0.214744 0.883694 0.174350 0.888013
0 0.205046 0.855662 0.255032 0.856847 0.254329 0.886526 0.204343 0.885341
0 0.247722 0.864258 0.295901 0.850886 0.303840 0.879492 0.255662 0.892864
0 0.287898 0.854227 0.335984 0.860051 0.332415 0.889523 0.284329 0.883699
0 0.323139 0.856765 0.373128 0.855741 0.373736 0.885422 0.323747 0.886446
0 0.366565 0.859974 0.420953 0.854251 0.424060 0.883776 0.369672 0.889499
0 0.404427 0.858574 0.444941 0.855570 0.447136 0.885176 0.406622 0.888180
0 0.451180 0.849363 0.503234 0.866129 0.494132 0.894387 0.442078 0.877621
0 0.482606 0.858235 0.537155 0.854340 0.539269 0.883952 0.484720 0.887847
0 0.520494 0.855921 0.575177 0.856581 0.574819 0.886267 0.520135 0.885606
0 0.555777 0.854010 0.610108 0.860246 0.606723 0.889740 0.552392 0.883504
0 0.601115 0.852415 0.640884 0.860710 0.634822 0.889772 0.595053 0.881477
0 0.653037 0.856297 0.668661 0.856204 0.668838 0.885891 0.653214 0.885984
0 0.676387 0.862414 0.715443 0.851233 0.723613 0.879774 0.684557 0.890955
0 0.709089 0.860769 0.748837 0.852372 0.754973 0.881419 0.715225 0.889815
0 0.755127 0.854622 0.795437 0.859671 0.791748 0.889128 0.751438 0.884079
0 0.782263 0.860437 0.830040 0.852467 0.834925 0.881750 0.787148 0.889720
0 0.823175 0.860719 0.862941 0.852409 0.869013 0.881469 0.829247 0.889778
0 0.855018 0.855689 0.906569 0.856818 0.905919 0.886498 0.854369 0.885370
0 0.915093 0.856543 0.930707 0.855977 0.931782 0.885645 0.916168 0.886211
0 0.032243 0.899697 0.081943 0.905169 0.078694 0.934678 0.028995 0.929206
0 0.070186 0.903212 0.120081 0.899976 0.122002 0.929601 0.072107 0.932837
0 0.117188 0.898034 0.166350 0.907151 0.160937 0.936341 0.111775 0.927224
0 0.150959 0.903410 0.200915 0.901304 0.202166 0.930965 0.152210 0.933071
0 0.177516 0.896438 0.250190 0.906996 0.245922 0.936375 0.173247 0.925817
0 0.248244 0.904638 0.263418 0.900908 0.270506 0.929737 0.255332 0.933467
0 0.273726 0.896096 0.322322 0.907862 0.315336 0.936716 0.266740 0.924950
0 0.314787 0.898088 0.354722 0.905541 0.349276 0.934725 0.309340 0.927271
0 0.355142 0.900823 0.405120 0.902316 0.404233 0.931990 0.354255 0.930497
0 0.384853 0.901543 0.436390 0.903159 0.435460 0.932832 0.383922 0.931216
0 0.421970 0.901398 0.473532 0.901728 0.473342 0.931415 0.421781 0.931085
0 0.460645 0.902115 0.515321 0.901016 0.515918 0.930697 0.461241 0.931797
0 0.514897 0.898119 0.564376 0.905315 0.560103 0.934694 0.510624 0.927497
0 0.547127 0.901224 0.587746 0.901905 0.587248 0.931588 0.546629 0.930907
0 0.589943 0.903559 0.639885 0.901163 0.641307 0.930816 0.591365 0.933212
0 0.613416 0.897911 0.686474 0.905368 0.683459 0.934902 0.610401 0.927445
0 0.656368 0.901365 0.706367 0.901761 0.706132 0.931448 0.656133 0.931051
0 0.711960 0.901860 0.727574 0.901285 0.728665 0.930953 0.713051 0.931527
0 0.730736 0.903246 0.780704 0.901461 0.781764 0.931129 0.731796 0.932914
0 0.789799 0.901095 0.805117 0.904176 0.799264 0.933280 0.783945 0.930199
0 0.804190 0.908357 0.876447 0.895245 0.881748 0.924455 0.809490 0.937568
0 0.873390 0.901587 0.889015 0.901538 0.889110 0.931225 0.873485 0.931275
0 0.899860 0.905020 0.950990 0.898354 0.954828 0.927792 0.903698 0.934459
