0 0.424584 0.935266 0.522434 0.924529 0.530103 0.994422 0.432253 1.000000
7 0.487665 0.929608 0.553267 0.931354 0.551397 1.000000 0.485795 0.999896
0 0.455828 0.997212 0.488437 0.993559 0.491047 1.000000 0.458438 1.000000
0 0.479931 0.994900 0.520548 0.995730 0.520069 1.000000 0.479452 1.000000
0 0.495222 0.997688 0.534160 0.994574 0.536028 1.000000 0.497090 1.000000
7 0.420652 0.843747 0.456423 0.847204 0.449661 0.917190 0.413890 0.913734
0 0.422484 0.841586 0.539307 0.850820 0.533766 0.920914 0.416943 0.911680
5 0.510202 0.845054 0.536660 0.847410 0.530423 0.917446 0.503965 0.915090
1 0.548334 0.847509 0.568510 0.845153 0.576666 0.914991 0.556490 0.917347
0 0.386224 0.910255 0.444020 0.911627 0.443464 0.935058 0.385667 0.933685
0 0.416274 0.910860 0.449039 0.912611 0.447789 0.936015 0.415023 0.934264
0 0.435936 0.910940 0.468748 0.910935 0.468752 0.934373 0.435939 0.934377
0 0.452592 0.912774 0.496292 0.910690 0.497408 0.934101 0.453708 0.936185
0 0.487214 0.913379 0.519870 0.910171 0.522161 0.933496 0.489505 0.936704
0 0.517096 0.911446 0.529560 0.910496 0.531341 0.933866 0.518877 0.934816
0 0.516748 0.912869 0.574515 0.910587 0.575440 0.934006 0.517673 0.936288
0 0.571726 0.911018 0.584225 0.910859 0.584524 0.934294 0.572025 0.934454
1 0.368110 0.759316 0.391086 0.763944 0.377203 0.832872 0.354227 0.828244
5 0.402255 0.760684 0.428812 0.761205 0.427433 0.831504 0.400875 0.830983
7 0.424757 0.765402 0.478834 0.757257 0.489306 0.826786 0.435228 0.834930
1 0.492680 0.760453 0.511399 0.761541 0.507320 0.831735 0.488601 0.830647
7 0.515804 0.760431 0.570427 0.763090 0.567008 0.833319 0.512385 0.830660
0 0.536364 0.759305 0.634746 0.762609 0.632386 0.832882 0.534004 0.829578
5 0.599398 0.765917 0.639139 0.757488 0.653727 0.826271 0.613986 0.834699
1 0.298495 0.676063 0.321908 0.677135 0.318693 0.747374 0.295280 0.746302
1 0.338372 0.677088 0.361789 0.676100 0.364753 0.746350 0.341336 0.747338
1 0.383519 0.675886 0.406908 0.677383 0.402419 0.747552 0.379029 0.746055
5 0.417360 0.676397 0.457936 0.678374 0.454515 0.748603 0.413939 0.746626
1 0.469038 0.676385 0.492369 0.678625 0.485649 0.748615 0.462319 0.746375
1 0.511660 0.676466 0.535010 0.678481 0.528965 0.748534 0.505615 0.746519
8 0.546594 0.678748 0.571472 0.676282 0.578406 0.746252 0.553528 0.748718
8 0.601351 0.674811 0.624163 0.680191 0.608024 0.748626 0.585212 0.743247
5 0.623247 0.678936 0.663761 0.675943 0.668941 0.746064 0.628426 0.749057
1 0.681438 0.676235 0.704722 0.678913 0.696687 0.748765 0.673403 0.746087
1 0.234967 0.591996 0.258401 0.592389 0.257220 0.662692 0.233786 0.662298
1 0.286741 0.592008 0.303664 0.595010 0.291384 0.664242 0.274461 0.661240
0 0.268111 0.597041 0.388158 0.589052 0.392827 0.659209 0.272780 0.667198
1 0.358432 0.591919 0.389677 0.592467 0.388443 0.662769 0.357198 0.662220
8 0.402452 0.592419 0.425885 0.591969 0.427236 0.662268 0.403802 0.662719
1 0.441946 0.594635 0.465213 0.591814 0.473679 0.661615 0.450412 0.664436
0 0.437487 0.594382 0.559330 0.591574 0.560950 0.661868 0.439108 0.664676
8 0.529059 0.592403 0.552492 0.591983 0.553754 0.662284 0.530320 0.662705
1 0.571801 0.592212 0.595238 0.592163 0.595387 0.662475 0.571949 0.662525
1 0.614303 0.592108 0.637740 0.592269 0.637259 0.662579 0.613822 0.662419
5 0.655587 0.588934 0.695452 0.596757 0.681913 0.665753 0.642048 0.657931
8 0.696140 0.592764 0.721116 0.591677 0.724173 0.661923 0.699196 0.663010
1 0.734256 0.594843 0.760459 0.590485 0.771994 0.659845 0.745791 0.664202
1 0.175546 0.507317 0.194262 0.508432 0.190079 0.578620 0.171363 0.577505
5 0.208820 0.508377 0.236925 0.507300 0.239617 0.577561 0.211513 0.578638
5 0.256483 0.507726 0.282976 0.509646 0.277892 0.579774 0.251399 0.577854
1 0.292030 0.508589 0.321682 0.507122 0.325157 0.577348 0.295506 0.578816
0 0.281227 0.518566 0.410845 0.497933 0.421898 0.567371 0.292280 0.588005
0 0.373221 0.509602 0.410672 0.507678 0.414279 0.577898 0.376828 0.579822
1 0.419938 0.508323 0.449609 0.507340 0.451937 0.577614 0.422266 0.578597
1 0.470532 0.507583 0.487713 0.508070 0.485718 0.578355 0.468537 0.577867
1 0.500786 0.510154 0.531907 0.507323 0.538277 0.577346 0.507155 0.580177
5 0.535472 0.512771 0.575448 0.505539 0.587965 0.574729 0.547989 0.581961
5 0.584862 0.507536 0.625483 0.508096 0.624513 0.578402 0.583892 0.577841
0 0.565333 0.494961 0.739634 0.523127 0.728417 0.592539 0.554116 0.564373
7 0.656646 0.506053 0.726760 0.511333 0.721479 0.581447 0.651365 0.576167
1 0.714028 0.510255 0.738863 0.507394 0.746910 0.577245 0.722074 0.580106
0 0.708586 0.505834 0.839717 0.511417 0.836726 0.581666 0.705595 0.576083
5 0.793582 0.509652 0.834157 0.507623 0.837668 0.577848 0.797093 0.579877
7 0.106422 0.421784 0.176653 0.425172 0.173265 0.495403 0.103034 0.492015
0 0.120261 0.425703 0.242100 0.422755 0.243801 0.493047 0.121962 0.495995
7 0.190999 0.423100 0.261275 0.425374 0.259001 0.495650 0.188725 0.493376
8 0.254356 0.423550 0.277793 0.423328 0.278456 0.493638 0.255020 0.493859
1 0.296741 0.423482 0.320179 0.423393 0.320446 0.493705 0.297009 0.493794
8 0.344721 0.422816 0.367869 0.426492 0.356841 0.495934 0.333694 0.492258
7 0.353027 0.428845 0.424369 0.420114 0.432911 0.489905 0.361568 0.498636
0 0.345310 0.430025 0.521394 0.417041 0.526565 0.487163 0.350481 0.500147
5 0.454280 0.425731 0.494687 0.421523 0.501970 0.491457 0.461563 0.495665
7 0.482365 0.427252 0.552436 0.421427 0.558260 0.491498 0.488189 0.497323
1 0.553469 0.423355 0.570655 0.423523 0.569969 0.493832 0.552782 0.493664
8 0.594490 0.422752 0.617878 0.424271 0.613323 0.494435 0.589934 0.492917
0 0.592236 0.415458 0.709812 0.432111 0.699952 0.501729 0.582375 0.485076
1 0.674417 0.425334 0.697771 0.423355 0.703708 0.493416 0.680354 0.495395
0 0.716553 0.421560 0.753818 0.425757 0.745947 0.495628 0.708682 0.491430
8 0.763106 0.423005 0.786526 0.423924 0.783769 0.494182 0.760349 0.493263
0 0.752771 0.425510 0.876140 0.421403 0.878479 0.491677 0.755110 0.495784
0 0.811623 0.419543 0.909733 0.427566 0.904002 0.497645 0.805892 0.489621
1 0.066400 0.338814 0.089832 0.339328 0.088288 0.409624 0.064856 0.409109
1 0.116006 0.338786 0.134506 0.341840 0.123056 0.411214 0.104556 0.408160
1 0.149489 0.339237 0.172924 0.338895 0.173949 0.409200 0.150514 0.409542
7 0.170646 0.338763 0.240924 0.340958 0.238729 0.411237 0.168451 0.409042
0 0.184224 0.342955 0.304380 0.336824 0.307964 0.407045 0.187807 0.413176
0 0.198375 0.345840 0.374432 0.332486 0.379750 0.402598 0.203693 0.415951
7 0.295007 0.340965 0.365285 0.338757 0.367493 0.409035 0.297215 0.411243
7 0.337397 0.339166 0.407709 0.338959 0.407916 0.409272 0.337603 0.409478
0 0.356094 0.339327 0.474843 0.338798 0.475156 0.409110 0.356407 0.409639
1 0.442011 0.339482 0.471687 0.338669 0.473614 0.408955 0.443938 0.409769
0 0.408944 0.344553 0.585173 0.333704 0.589493 0.403884 0.413264 0.414733
5 0.524046 0.338296 0.564534 0.341628 0.558766 0.411704 0.518278 0.408372
5 0.563726 0.339259 0.604349 0.338869 0.605024 0.409178 0.564401 0.409569
0 0.565102 0.341395 0.685326 0.336781 0.688023 0.407042 0.567799 0.411656
1 0.657346 0.339419 0.676084 0.338750 0.678592 0.409018 0.659854 0.409687
8 0.696678 0.339699 0.720085 0.338516 0.723635 0.408739 0.700227 0.409922
0 0.705188 0.337122 0.803468 0.342678 0.799500 0.412878 0.701219 0.407322
7 0.783422 0.337351 0.818862 0.343310 0.807203 0.412649 0.771763 0.406690
1 0.827365 0.338361 0.850751 0.339920 0.846072 0.410077 0.822686 0.408517
8 0.869393 0.338921 0.894306 0.341014 0.888419 0.411079 0.863507 0.408986
1 0.911556 0.338409 0.934950 0.339849 0.930631 0.410028 0.907238 0.408589
7 0.000000 0.255531 0.030433 0.253915 0.033594 0.324157 0.000000 0.325772
5 0.037726 0.254495 0.078299 0.256531 0.074774 0.326755 0.034201 0.324719
8 0.085343 0.255177 0.108762 0.254253 0.111532 0.324511 0.088113 0.325434
1 0.130829 0.254793 0.148016 0.254587 0.148858 0.324894 0.131672 0.325100
7 0.143403 0.258542 0.213333 0.251216 0.220659 0.321145 0.150730 0.328472
0 0.204448 0.256491 0.241897 0.254542 0.245552 0.324759 0.208103 0.326708
1 0.252385 0.255541 0.275771 0.253989 0.280427 0.324147 0.257041 0.325699
5 0.296887 0.254398 0.323443 0.254995 0.321863 0.325290 0.295307 0.324693
0 0.288554 0.258550 0.410193 0.250961 0.414571 0.321137 0.292932 0.328726
7 0.361358 0.252853 0.430004 0.256629 0.426142 0.326835 0.357496 0.323059
0 0.382574 0.259951 0.480486 0.249799 0.487739 0.319736 0.389826 0.329889
0 0.434084 0.248385 0.531627 0.261630 0.522166 0.331303 0.424623 0.318058
1 0.507106 0.255852 0.524189 0.253953 0.531956 0.323835 0.514874 0.325734
1 0.552371 0.255099 0.569541 0.254344 0.572629 0.324589 0.555459 0.325343
5 0.585770 0.257371 0.611967 0.252974 0.623605 0.322317 0.597408 0.326713
5 0.632414 0.252396 0.672381 0.259681 0.659773 0.328854 0.619807 0.321569
8 0.682284 0.254056 0.705425 0.257771 0.694278 0.327194 0.671137 0.323479
1 0.716681 0.255446 0.740077 0.254053 0.744257 0.324241 0.720861 0.325634
8 0.761221 0.254594 0.784658 0.254783 0.784092 0.325093 0.760655 0.324905
8 0.804752 0.254186 0.828165 0.255263 0.824935 0.325501 0.801523 0.324425
7 0.825743 0.252632 0.895805 0.258555 0.889882 0.328618 0.819820 0.322695
0 0.837643 0.254437 0.961080 0.254938 0.960794 0.325250 0.837358 0.324749
0 0.891587 0.256325 0.990010 0.254623 0.991225 0.324925 0.892802 0.326627
0 0.963998 0.255152 1.000000 0.254244 1.000000 0.324536 0.965701 0.325444
0 0.000000 0.177415 0.036782 0.163431 0.042351 0.233523 0.000000 0.247506
7 0.000000 0.170985 0.025843 0.169655 0.027268 0.239953 0.000000 0.241283
1 0.017974 0.173837 0.041015 0.169541 0.053901 0.238663 0.030860 0.242959
1 0.069653 0.169999 0.092942 0.172635 0.085035 0.242501 0.061746 0.239865
1 0.109135 0.171047 0.126275 0.169772 0.131490 0.239891 0.114350 0.241166
5 0.143370 0.172671 0.169639 0.168731 0.180067 0.238266 0.153799 0.242206
8 0.190487 0.170964 0.215457 0.169744 0.218888 0.239973 0.193918 0.241193
5 0.226876 0.169702 0.267482 0.170956 0.265311 0.241235 0.224706 0.239981
7 0.274364 0.168521 0.310076 0.172547 0.302198 0.242417 0.266487 0.238391
8 0.308816 0.175082 0.332860 0.168233 0.352121 0.235856 0.328078 0.242704
5 0.353184 0.169840 0.393797 0.170805 0.392129 0.241097 0.351515 0.240133
7 0.376062 0.176139 0.445736 0.166687 0.455188 0.236361 0.385514 0.245813
0 0.399162 0.166663 0.519245 0.174097 0.514900 0.244275 0.394818 0.236841
1 0.489387 0.169739 0.512791 0.170986 0.509051 0.241199 0.485647 0.239952
5 0.531761 0.170144 0.558239 0.172269 0.552614 0.242356 0.526136 0.240231
5 0.568289 0.170835 0.596396 0.169834 0.598898 0.240102 0.570791 0.241103
1 0.612221 0.172080 0.635591 0.170309 0.640904 0.240420 0.617534 0.242191
0 0.601406 0.172122 0.732607 0.168529 0.734532 0.238815 0.603331 0.242408
1 0.700637 0.169654 0.724030 0.171106 0.719675 0.241283 0.696283 0.239832
0 0.735063 0.169954 0.772555 0.170684 0.771187 0.240983 0.733695 0.240254
8 0.779093 0.172281 0.804003 0.170160 0.809970 0.240219 0.785060 0.242340
1 0.824642 0.170434 0.848078 0.170195 0.848795 0.240504 0.825359 0.240743
7 0.863166 0.169610 0.899073 0.171074 0.896209 0.241328 0.860302 0.239864
1 0.910886 0.170564 0.931193 0.170081 0.932864 0.240374 0.912557 0.240856
8 0.946745 0.173200 0.971497 0.169686 0.981380 0.239300 0.956628 0.242814
0 0.949471 0.165150 1.000000 0.175757 1.000000 0.245788 0.943191 0.235181
0 0.000000 0.098420 0.025529 0.074821 0.039321 0.143767 0.000000 0.167367
5 0.000000 0.091121 0.027131 0.082395 0.042233 0.151067 0.002556 0.159792
5 0.044420 0.085906 0.072490 0.087670 0.068080 0.157844 0.040010 0.156080
0 0.039565 0.085884 0.158303 0.087560 0.157310 0.157866 0.038572 0.156190
0 0.080267 0.085746 0.200563 0.087701 0.199421 0.158004 0.079124 0.156049
1 0.172018 0.085414 0.195428 0.086542 0.192045 0.156773 0.168635 0.155645
1 0.213127 0.085735 0.236561 0.086151 0.235311 0.156453 0.211877 0.156036
1 0.255914 0.086255 0.274655 0.085656 0.276898 0.155933 0.258158 0.156531
7 0.275452 0.085527 0.345723 0.087952 0.343298 0.158223 0.273027 0.155798
5 0.334063 0.088217 0.360493 0.085570 0.367500 0.155533 0.341070 0.158180
7 0.360231 0.091677 0.414179 0.082711 0.425706 0.152073 0.371759 0.161039
7 0.399972 0.085967 0.471847 0.085909 0.471903 0.156221 0.400028 0.156279
0 0.426546 0.089501 0.524738 0.082549 0.529704 0.152686 0.431512 0.159638
0 0.459364 0.085956 0.581239 0.085919 0.581261 0.156231 0.459386 0.156269
5 0.548022 0.086097 0.574583 0.085783 0.575415 0.156090 0.548855 0.156405
1 0.591712 0.086382 0.615135 0.085539 0.617663 0.155806 0.594240 0.156649
1 0.639977 0.085465 0.663203 0.088608 0.653773 0.158285 0.630547 0.155142
0 0.630600 0.080754 0.753579 0.091382 0.747525 0.161433 0.624546 0.150805
5 0.717022 0.086310 0.743575 0.085591 0.745478 0.155878 0.718925 0.156597
5 0.754638 0.088226 0.782491 0.084328 0.792237 0.153961 0.764384 0.157860
5 0.796088 0.085501 0.836703 0.086391 0.835162 0.156687 0.794547 0.155796
0 0.793496 0.090951 0.916544 0.081146 0.922129 0.151237 0.799081 0.161041
1 0.890798 0.085197 0.914176 0.086855 0.909202 0.156991 0.885824 0.155333
0 0.924093 0.085596 0.961586 0.086291 0.960282 0.156592 0.922789 0.155896
5 0.960358 0.088356 1.000000 0.083936 1.000000 0.153832 0.968008 0.158251
0 0.965017 0.087780 1.000000 0.085668 1.000000 0.155970 0.966251 0.158082
3 0.002540 0.426336 0.050556 0.432714 0.031835 0.573664 0.000000 0.567286
3 0.918684 0.411777 1.000000 0.402855 1.000000 0.588223 0.933228 0.597145
6 0.953765 0.402504 0.994371 0.403765 0.993110 0.444371 0.952504 0.443110
6 0.000000 0.409321 0.033118 0.411001 0.032483 0.432866 0.000000 0.431187
6 0.956306 0.701506 0.998494 0.701619 0.998381 0.743806 0.956194 0.743694
6 0.000000 0.559994 0.019693 0.558782 0.020906 0.586881 0.000000 0.588093
6 0.953477 0.685830 1.000000 0.687620 1.000000 0.706358 0.952805 0.704568
