1 0.446199 0.938490 0.467824 0.941787 0.460051 0.992760 0.438426 0.989463
1 0.477063 0.938923 0.490766 0.942081 0.479187 0.992327 0.465484 0.989169
1 0.475794 0.942363 0.492561 0.938585 0.503894 0.988887 0.487127 0.992665
1 0.505992 0.938469 0.522494 0.943277 0.508070 0.992781 0.491569 0.987973
1 0.504109 0.943249 0.520619 0.938471 0.534954 0.988001 0.518444 0.992779
1 0.532660 0.941179 0.549702 0.938946 0.556403 0.990071 0.539361 0.992304
0 0.422856 0.990878 0.450908 0.988854 0.452144 1.000000 0.424092 1.000000
0 0.456012 0.989175 0.463822 0.988957 0.464300 1.000000 0.456491 1.000000
0 0.467948 0.988708 0.495976 0.991038 0.494552 1.000000 0.466524 1.000000
0 0.498336 0.989109 0.506148 0.989017 0.506351 1.000000 0.498540 1.000000
0 0.507848 0.989004 0.535973 0.989121 0.535902 1.000000 0.507777 1.000000
0 0.540371 0.989420 0.563798 0.988713 0.564317 1.000000 0.540890 1.000000
0 0.391633 0.871991 0.480564 0.867148 0.483367 0.918634 0.394436 0.923477
1 0.460447 0.868166 0.476989 0.872833 0.462990 0.922459 0.446448 0.917792
1 0.459319 0.872585 0.475935 0.868191 0.489118 0.918040 0.472502 0.922434
1 0.491425 0.868181 0.508013 0.872681 0.494513 0.922444 0.477925 0.917944
1 0.493247 0.871967 0.506900 0.868598 0.519253 0.918658 0.505600 0.922027
1 0.521505 0.868161 0.538026 0.872900 0.523808 0.922464 0.507287 0.917725
1 0.523222 0.870839 0.535396 0.868004 0.547091 0.918223 0.534917 0.921058
8 0.553703 0.868133 0.570833 0.869540 0.566609 0.920930 0.549480 0.919522
1 0.397665 0.797925 0.414377 0.801939 0.402335 0.852075 0.385623 0.848061
1 0.396662 0.802376 0.413248 0.797867 0.426775 0.847624 0.410190 0.852133
1 0.430759 0.797829 0.447160 0.802968 0.431741 0.852171 0.415340 0.847032
1 0.427384 0.801307 0.447198 0.796834 0.458553 0.847130 0.438740 0.851604
1 0.461302 0.797873 0.478443 0.799142 0.474635 0.850564 0.457495 0.849295
7 0.475169 0.798302 0.526698 0.800169 0.524831 0.851698 0.473302 0.849831
1 0.522381 0.798279 0.535985 0.801839 0.522931 0.851721 0.509327 0.848161
1 0.522790 0.801310 0.536529 0.798312 0.547522 0.848690 0.533783 0.851688
1 0.553816 0.798277 0.567396 0.801932 0.553996 0.851723 0.540417 0.848068
1 0.552469 0.802696 0.565831 0.798312 0.581906 0.847304 0.568544 0.851688
1 0.583781 0.797726 0.596066 0.800038 0.586531 0.850711 0.574247 0.848400
1 0.582130 0.802696 0.598618 0.797841 0.613182 0.847304 0.596695 0.852159
1 0.365110 0.727404 0.383303 0.731941 0.370827 0.781971 0.352634 0.777434
1 0.366618 0.731787 0.383285 0.727588 0.395882 0.777588 0.379215 0.781787
1 0.396094 0.727433 0.414330 0.731792 0.402344 0.781942 0.384107 0.777583
1 0.396219 0.730581 0.417720 0.726551 0.427218 0.777231 0.405718 0.781261
1 0.429347 0.727535 0.445863 0.732292 0.431591 0.781840 0.415075 0.777083
1 0.427445 0.730597 0.448942 0.726545 0.458492 0.777216 0.436996 0.781267
1 0.464860 0.727690 0.481681 0.731225 0.471077 0.781685 0.454257 0.778150
1 0.490341 0.727574 0.506978 0.731889 0.494034 0.781801 0.477397 0.777486
1 0.488595 0.732236 0.505128 0.727539 0.519218 0.777139 0.502684 0.781836
1 0.522815 0.727519 0.539241 0.732579 0.524060 0.781856 0.507634 0.776796
1 0.521336 0.731768 0.538008 0.727591 0.550539 0.777607 0.533867 0.781784
1 0.549688 0.729168 0.566781 0.727366 0.572187 0.778644 0.555094 0.780446
1 0.583815 0.727545 0.600369 0.732169 0.586497 0.781830 0.569943 0.777206
1 0.582278 0.732282 0.598797 0.727536 0.613035 0.777093 0.596515 0.781839
5 0.613734 0.728247 0.632482 0.728007 0.633141 0.779566 0.614393 0.779805
1 0.336508 0.657257 0.353134 0.661617 0.340054 0.711493 0.323429 0.707133
1 0.335575 0.661301 0.353629 0.656239 0.367550 0.705887 0.349496 0.710949
1 0.366490 0.657239 0.383067 0.661779 0.369447 0.711511 0.352870 0.706971
1 0.365234 0.661871 0.381783 0.657231 0.395703 0.706879 0.379154 0.711519
1 0.396536 0.657162 0.414826 0.661293 0.403464 0.711588 0.385174 0.707457
1 0.399906 0.660246 0.411996 0.657071 0.425094 0.706942 0.413004 0.710117
1 0.427482 0.657364 0.444286 0.660974 0.433456 0.711386 0.416651 0.707776
1 0.430652 0.661082 0.444291 0.657658 0.456848 0.707668 0.443209 0.711092
0 0.408110 0.649847 0.536543 0.667839 0.529390 0.718903 0.400957 0.700911
1 0.491522 0.657291 0.508218 0.661371 0.495978 0.711459 0.479282 0.707379
1 0.490096 0.661421 0.508112 0.656224 0.522404 0.705766 0.504388 0.710963
1 0.522851 0.657200 0.539117 0.662752 0.522461 0.711550 0.506195 0.705998
1 0.519973 0.661836 0.536533 0.657234 0.550339 0.706914 0.533779 0.711516
1 0.554096 0.657200 0.570363 0.662749 0.553716 0.711550 0.537449 0.706001
1 0.550872 0.661196 0.570532 0.656087 0.583503 0.705991 0.563843 0.711101
1 0.584118 0.657219 0.600619 0.662027 0.586194 0.711531 0.569693 0.706723
1 0.583843 0.660972 0.600647 0.657364 0.611470 0.707778 0.594665 0.711386
1 0.612028 0.656068 0.633395 0.660755 0.622347 0.711120 0.600980 0.706433
1 0.613789 0.661792 0.630362 0.657238 0.644024 0.706958 0.627450 0.711512
1 0.646443 0.657226 0.662975 0.661928 0.648869 0.711524 0.632337 0.706822
1 0.644637 0.661186 0.664300 0.656089 0.677238 0.706002 0.657575 0.711099
0 0.316526 0.707269 0.344518 0.710000 0.342849 0.727106 0.314857 0.724375
0 0.342544 0.707226 0.365806 0.710090 0.363706 0.727149 0.340444 0.724285
0 0.357291 0.709566 0.386917 0.707657 0.388022 0.724809 0.358396 0.726718
0 0.372705 0.710087 0.403819 0.707175 0.405420 0.724288 0.374306 0.727200
0 0.391303 0.707572 0.419350 0.709663 0.418072 0.726803 0.390025 0.724712
0 0.404576 0.708091 0.446760 0.707536 0.446986 0.724722 0.404802 0.725277
0 0.437707 0.707721 0.445517 0.707908 0.445106 0.725091 0.437295 0.724904
0 0.455055 0.707176 0.486278 0.708464 0.485570 0.725636 0.454347 0.724349
0 0.481085 0.708088 0.509205 0.707541 0.509540 0.724725 0.481420 0.725272
0 0.509156 0.708202 0.538833 0.707428 0.539282 0.724610 0.509604 0.725384
0 0.535481 0.711224 0.564742 0.706211 0.567644 0.723151 0.538383 0.728164
0 0.555161 0.707043 0.584807 0.708606 0.583902 0.725770 0.554256 0.724206
0 0.579902 0.707453 0.609580 0.708177 0.609161 0.725359 0.579482 0.724635
0 0.594571 0.710107 0.625681 0.707157 0.627304 0.724268 0.596194 0.727218
0 0.626232 0.708377 0.654335 0.707261 0.655018 0.724435 0.626915 0.725551
1 0.305743 0.585927 0.323797 0.590986 0.309882 0.640636 0.291828 0.635576
1 0.305686 0.591158 0.322354 0.586963 0.334939 0.636967 0.318271 0.641162
1 0.338442 0.586887 0.354715 0.592419 0.338121 0.641238 0.321848 0.635706
1 0.336917 0.591170 0.353582 0.586962 0.366208 0.636955 0.349543 0.641163
7 0.344687 0.593803 0.395259 0.583749 0.405313 0.634322 0.354741 0.644376
7 0.378004 0.591008 0.429304 0.585816 0.434496 0.637117 0.383196 0.642309
0 0.391547 0.590862 0.478900 0.585787 0.481890 0.637263 0.394538 0.642338
1 0.461674 0.587340 0.475247 0.591017 0.461764 0.640785 0.448191 0.637108
1 0.460770 0.590448 0.477629 0.587102 0.487667 0.637677 0.470808 0.641023
1 0.491488 0.586981 0.508189 0.591040 0.496012 0.641144 0.479311 0.637085
1 0.493306 0.590126 0.505347 0.586769 0.519194 0.636437 0.507153 0.639794
1 0.523084 0.587343 0.536590 0.591260 0.522229 0.640782 0.508723 0.636865
1 0.521788 0.590861 0.538539 0.587011 0.550087 0.637264 0.533336 0.641114
0 0.517630 0.584258 0.608013 0.590880 0.604245 0.642304 0.513862 0.635683
5 0.582504 0.585933 0.611653 0.591565 0.601871 0.642192 0.572722 0.636560
1 0.614501 0.587358 0.631686 0.587649 0.630812 0.639204 0.613627 0.638913
1 0.647928 0.586755 0.660046 0.589824 0.647384 0.639808 0.635267 0.636738
1 0.649936 0.589142 0.662211 0.586784 0.671939 0.637420 0.659664 0.639779
1 0.674487 0.586872 0.692802 0.590886 0.681763 0.641253 0.663448 0.637239
1 0.674443 0.591360 0.692623 0.586771 0.705244 0.636765 0.687065 0.641354
1 0.274330 0.516666 0.291027 0.520743 0.278795 0.570834 0.262098 0.566757
1 0.273403 0.521009 0.290023 0.516630 0.303160 0.566491 0.286539 0.570870
1 0.304175 0.516819 0.321062 0.520023 0.311450 0.570681 0.294563 0.567477
1 0.306136 0.520105 0.323002 0.516797 0.332927 0.567395 0.316061 0.570703
1 0.336768 0.516671 0.353474 0.520710 0.341357 0.570829 0.324651 0.566790
1 0.335394 0.521350 0.351911 0.516598 0.366169 0.566150 0.349651 0.570902
1 0.366249 0.516629 0.382866 0.521021 0.369688 0.570871 0.353072 0.566479
1 0.365353 0.520857 0.383588 0.516495 0.395585 0.566643 0.377349 0.571005
1 0.399495 0.517032 0.413129 0.520475 0.400505 0.570468 0.386871 0.567025
1 0.399998 0.519171 0.412197 0.516445 0.423440 0.566767 0.411240 0.569492
0 0.394076 0.516641 0.481570 0.517738 0.480924 0.569296 0.393430 0.568200
5 0.458388 0.516968 0.478696 0.517420 0.477549 0.568969 0.457242 0.568518
1 0.491875 0.516639 0.508517 0.520936 0.495625 0.570861 0.478983 0.566564
1 0.491603 0.520859 0.508267 0.516649 0.520897 0.566641 0.504233 0.570851
0 0.519575 0.516569 0.545948 0.519736 0.539800 0.570931 0.513427 0.567764
8 0.549905 0.518133 0.567013 0.516481 0.571970 0.567804 0.554862 0.569457
1 0.582475 0.515476 0.602156 0.520501 0.589400 0.570461 0.569719 0.565436
1 0.584081 0.520208 0.600921 0.516771 0.611232 0.567292 0.594392 0.570729
0 0.576169 0.520978 0.666491 0.513570 0.670706 0.564960 0.580384 0.572368
1 0.646010 0.516425 0.664129 0.521248 0.650865 0.571075 0.632746 0.566252
1 0.648289 0.520210 0.661991 0.517048 0.673586 0.567290 0.659884 0.570452
1 0.676083 0.516651 0.692751 0.520846 0.680167 0.570849 0.663499 0.566654
1 0.675825 0.520469 0.692597 0.516714 0.703863 0.567031 0.687091 0.570786
1 0.708816 0.516580 0.725230 0.521679 0.709934 0.570920 0.693520 0.565821
1 0.705679 0.521057 0.723856 0.516457 0.736508 0.566443 0.718332 0.571043
1 0.241314 0.446298 0.259681 0.450068 0.249311 0.500577 0.230944 0.496807
1 0.241896 0.450867 0.258465 0.446300 0.272167 0.496008 0.255597 0.500575
0 0.238493 0.448647 0.325971 0.446678 0.327132 0.498228 0.239654 0.500197
1 0.303968 0.446435 0.320782 0.449997 0.310095 0.500440 0.293280 0.496878
1 0.305882 0.450409 0.322585 0.446357 0.334743 0.496466 0.318040 0.500518
1 0.336613 0.446372 0.353342 0.450316 0.341512 0.500503 0.324783 0.496559
1 0.335920 0.451215 0.352382 0.446274 0.367205 0.495660 0.350743 0.500601
1 0.367578 0.446131 0.379768 0.448897 0.368359 0.499181 0.356169 0.496416
1 0.365191 0.450652 0.383395 0.446161 0.395746 0.496223 0.377542 0.500714
1 0.399670 0.446264 0.416040 0.451500 0.400330 0.500611 0.383960 0.495375
1 0.399453 0.450116 0.413100 0.446721 0.425547 0.496759 0.411900 0.500154
1 0.427723 0.446401 0.444495 0.450161 0.433214 0.500474 0.416443 0.496714
1 0.427800 0.450889 0.444363 0.446297 0.458137 0.495986 0.441575 0.500578
1 0.460194 0.446305 0.476778 0.450816 0.463244 0.500570 0.446659 0.496059
1 0.460877 0.449919 0.479283 0.446341 0.489123 0.496956 0.470717 0.500534
1 0.489732 0.445239 0.509511 0.449866 0.497768 0.500073 0.477989 0.495447
1 0.491980 0.450310 0.508710 0.446373 0.520520 0.496565 0.503790 0.500502
7 0.503017 0.446983 0.554579 0.446767 0.554796 0.498329 0.503233 0.498546
1 0.552819 0.446326 0.569459 0.450627 0.556556 0.500549 0.539916 0.496248
1 0.552865 0.450400 0.566436 0.446715 0.579947 0.496475 0.566376 0.500160
1 0.584877 0.446276 0.602011 0.447635 0.597935 0.499036 0.580802 0.497678
5 0.614189 0.446563 0.632927 0.447219 0.631124 0.498750 0.612385 0.498094
1 0.647411 0.446734 0.661110 0.449910 0.649464 0.500141 0.635765 0.496965
1 0.646100 0.450158 0.657964 0.446219 0.674212 0.495154 0.662349 0.499093
1 0.674523 0.446409 0.691304 0.450122 0.680165 0.500466 0.663383 0.496753
1 0.675852 0.450628 0.692492 0.446326 0.705398 0.496247 0.688758 0.500549
1 0.705500 0.446438 0.722319 0.449982 0.711687 0.500437 0.694869 0.496893
1 0.705596 0.451114 0.722090 0.446280 0.736592 0.495761 0.720098 0.500595
1 0.738892 0.446278 0.755378 0.451139 0.740796 0.500597 0.724310 0.495736
1 0.737344 0.450776 0.753941 0.446309 0.767343 0.496099 0.750747 0.500566
0 0.220198 0.497087 0.251445 0.496664 0.251677 0.513850 0.220430 0.514273
0 0.238227 0.496509 0.267821 0.498858 0.266461 0.515991 0.236867 0.513642
0 0.258370 0.494895 0.287769 0.499022 0.285380 0.516043 0.255981 0.511915
0 0.265621 0.499136 0.307575 0.494709 0.309379 0.511801 0.267425 0.516229
0 0.304030 0.496326 0.332021 0.499068 0.330345 0.516174 0.302354 0.513432
0 0.326774 0.496211 0.354740 0.499199 0.352914 0.516289 0.324948 0.513301
0 0.345595 0.496381 0.376829 0.497378 0.376280 0.514557 0.345046 0.513559
0 0.371372 0.499461 0.399066 0.494553 0.402065 0.511477 0.374372 0.516385
0 0.392732 0.496733 0.423926 0.498611 0.422893 0.515767 0.391699 0.513889
0 0.420110 0.497216 0.448226 0.496539 0.448640 0.513721 0.420524 0.514399
0 0.437000 0.498534 0.465072 0.496811 0.466125 0.513966 0.438053 0.515689
0 0.465885 0.496761 0.473694 0.496996 0.473177 0.514176 0.465368 0.513941
0 0.495287 0.496887 0.503099 0.496863 0.503151 0.514051 0.495338 0.514074
0 0.507330 0.497575 0.530728 0.496205 0.531732 0.513363 0.508335 0.514733
0 0.529347 0.497492 0.559009 0.496272 0.559716 0.513445 0.530053 0.514665
0 0.552442 0.498962 0.582020 0.496414 0.583495 0.513538 0.553917 0.516086
0 0.580739 0.499482 0.608426 0.494536 0.611449 0.511455 0.583762 0.516402
0 0.608181 0.496277 0.631439 0.499167 0.629319 0.516223 0.606061 0.513333
0 0.622881 0.498699 0.652498 0.496654 0.653682 0.513801 0.624065 0.515846
0 0.659172 0.497395 0.666930 0.496475 0.668953 0.513543 0.661195 0.514463
0 0.679642 0.496955 0.709329 0.496796 0.709421 0.513983 0.679734 0.514142
0 0.713397 0.496337 0.741390 0.499056 0.739728 0.516163 0.711735 0.513444
0 0.737776 0.496415 0.767449 0.497344 0.766911 0.514523 0.737238 0.513594
1 0.211815 0.376042 0.228514 0.380110 0.216310 0.430208 0.199611 0.426140
1 0.210256 0.380820 0.226744 0.375966 0.241306 0.425430 0.224818 0.430284
1 0.243036 0.375990 0.259616 0.380520 0.246027 0.430260 0.229447 0.425730
1 0.241706 0.380682 0.258237 0.375976 0.272356 0.425568 0.255825 0.430274
1 0.272605 0.376135 0.289434 0.379627 0.278958 0.430115 0.262129 0.426623
1 0.274887 0.379940 0.291633 0.376071 0.303238 0.426310 0.286492 0.430179
1 0.303843 0.376137 0.320674 0.379622 0.310219 0.430113 0.293389 0.426628
1 0.305683 0.380223 0.322350 0.376026 0.334942 0.426027 0.318275 0.430224
1 0.336567 0.376003 0.353183 0.380399 0.339996 0.430247 0.323380 0.425851
1 0.336883 0.380301 0.350395 0.376405 0.364680 0.425949 0.351168 0.429845
1 0.364913 0.376122 0.381726 0.379689 0.371024 0.430128 0.354211 0.426561
1 0.365389 0.380517 0.381970 0.375991 0.395549 0.425733 0.378968 0.430259
7 0.385366 0.374667 0.431888 0.380409 0.425571 0.431583 0.379049 0.425841
1 0.428924 0.376049 0.445635 0.380069 0.433576 0.430201 0.416865 0.426181
1 0.430832 0.379732 0.444497 0.376413 0.456668 0.426518 0.443003 0.429837
1 0.460585 0.375973 0.477103 0.380723 0.462853 0.430277 0.446335 0.425527
1 0.460681 0.380085 0.474252 0.376402 0.487757 0.426165 0.474185 0.429848
1 0.491391 0.375995 0.507985 0.380474 0.494546 0.430255 0.477953 0.425776
1 0.490490 0.380450 0.507091 0.375998 0.520447 0.425800 0.503846 0.430252
1 0.519360 0.376150 0.536204 0.379567 0.525953 0.430100 0.509108 0.426683
1 0.521388 0.379695 0.538200 0.376120 0.548924 0.426555 0.532113 0.430130
1 0.552549 0.375850 0.564832 0.378170 0.555263 0.428837 0.542980 0.426517
1 0.552435 0.380302 0.569079 0.376015 0.581940 0.425948 0.565296 0.430235
1 0.583278 0.376080 0.600037 0.379893 0.588597 0.430170 0.571838 0.426357
1 0.583811 0.380213 0.595569 0.375971 0.613064 0.424475 0.601306 0.428716
5 0.604237 0.379621 0.633449 0.374330 0.642638 0.425067 0.613426 0.430358
1 0.647604 0.375962 0.664068 0.380894 0.649271 0.430288 0.632807 0.425356
1 0.646600 0.379737 0.664972 0.375990 0.675275 0.426513 0.656903 0.430260
1 0.675919 0.376039 0.692612 0.380133 0.680331 0.430211 0.663638 0.426117
1 0.674853 0.380458 0.691451 0.375997 0.704835 0.425792 0.688236 0.430253
1 0.707545 0.376011 0.724179 0.380336 0.711205 0.430239 0.694571 0.425914
1 0.707161 0.380277 0.723812 0.376018 0.736589 0.425973 0.719938 0.430232
1 0.738744 0.376014 0.755386 0.380308 0.742506 0.430236 0.725864 0.425942
1 0.738911 0.379963 0.755651 0.376067 0.767339 0.426287 0.750599 0.430183
0 0.733456 0.376263 0.822492 0.378440 0.821232 0.429987 0.732196 0.427810
5 0.179182 0.306755 0.197908 0.305810 0.200506 0.357307 0.181780 0.358252
1 0.213181 0.305808 0.230341 0.306773 0.227444 0.358255 0.210284 0.357289
5 0.241951 0.304404 0.270916 0.310913 0.259612 0.361221 0.230647 0.354712
0 0.230934 0.314789 0.325077 0.299906 0.333129 0.350836 0.238986 0.365719
1 0.303820 0.305827 0.320653 0.309297 0.310243 0.359798 0.293409 0.356328
1 0.305899 0.309774 0.322605 0.305734 0.334726 0.355851 0.318020 0.359891
1 0.335705 0.306329 0.352892 0.306173 0.353357 0.357734 0.336171 0.357889
7 0.358134 0.303970 0.396877 0.308950 0.390304 0.360092 0.351560 0.355112
1 0.399260 0.306100 0.412924 0.309423 0.400740 0.359525 0.387076 0.356202
1 0.397951 0.309382 0.414763 0.305808 0.425486 0.356243 0.408675 0.359817
0 0.395515 0.304247 0.482830 0.309924 0.479485 0.361378 0.392170 0.355701
1 0.461099 0.305955 0.478275 0.306579 0.476401 0.358108 0.459225 0.357483
1 0.491901 0.305658 0.508408 0.310448 0.494036 0.359967 0.477530 0.355177
1 0.491766 0.309818 0.508460 0.305727 0.520734 0.355807 0.504040 0.359898
1 0.519223 0.305595 0.537508 0.309748 0.526089 0.360030 0.507805 0.355877
1 0.520290 0.310063 0.536913 0.305694 0.550022 0.355562 0.533400 0.359931
1 0.554016 0.306090 0.567568 0.309846 0.553796 0.359535 0.540244 0.355779
1 0.552793 0.309460 0.571156 0.305668 0.581582 0.356165 0.563219 0.359957
1 0.583516 0.305686 0.600120 0.310127 0.586797 0.359939 0.570193 0.355498
1 0.584344 0.309577 0.601105 0.305768 0.612531 0.356048 0.595770 0.359857
0 0.587586 0.306131 0.659461 0.306370 0.659289 0.357932 0.587414 0.357693
1 0.647957 0.305641 0.664356 0.310787 0.648918 0.359984 0.632519 0.354838
1 0.644681 0.309934 0.662672 0.304653 0.677194 0.354128 0.659203 0.359409
0 0.641023 0.303909 0.729857 0.310286 0.726165 0.361716 0.637331 0.355339
1 0.707234 0.305721 0.723917 0.309855 0.711516 0.359904 0.694833 0.355770
1 0.705670 0.310438 0.722180 0.305658 0.736517 0.355187 0.720008 0.359967
1 0.741175 0.305537 0.753160 0.309088 0.738512 0.358526 0.726527 0.354975
1 0.737054 0.309798 0.755089 0.304669 0.769196 0.354264 0.751161 0.359394
1 0.769808 0.305715 0.786480 0.309895 0.773942 0.359910 0.757270 0.355730
1 0.771353 0.309477 0.785004 0.306097 0.797397 0.356148 0.783746 0.359528
1 0.799091 0.305938 0.816023 0.308892 0.807159 0.359687 0.790227 0.356733
1 0.801435 0.309175 0.818299 0.305857 0.828253 0.356450 0.811388 0.359768
6 0.957321 0.745820 0.988555 0.744821 0.989554 0.776055 0.958320 0.777054
6 0.949835 0.922298 1.000000 0.921454 1.000000 0.943327 0.950172 0.944171
6 0.000000 0.493528 0.056338 0.498749 0.054363 0.520535 0.000000 0.515314
