7 0.049251 0.055846 0.108576 0.058281 0.105437 0.134779 0.046112 0.132344
7 0.091617 0.054216 0.161682 0.060116 0.155258 0.136409 0.085193 0.130509
7 0.126490 0.057905 0.203033 0.056177 0.204760 0.132720 0.128217 0.134448
7 0.176387 0.056412 0.246699 0.056089 0.247050 0.132651 0.176738 0.132973
7 0.215561 0.056314 0.292123 0.056186 0.292252 0.132748 0.215689 0.132877
7 0.260183 0.057036 0.338292 0.055479 0.339817 0.132027 0.261708 0.133583
7 0.311616 0.054133 0.388054 0.058491 0.383696 0.134929 0.307258 0.130571
7 0.356141 0.057943 0.432682 0.056141 0.434484 0.132682 0.357943 0.134484
7 0.398195 0.058084 0.474729 0.056007 0.476805 0.132541 0.400271 0.134618
7 0.445142 0.058027 0.523242 0.056060 0.525170 0.132598 0.447070 0.134565
7 0.500261 0.056049 0.559635 0.056453 0.559114 0.133014 0.499740 0.132610
7 0.537807 0.055946 0.614367 0.056557 0.613756 0.133117 0.537196 0.132506
7 0.586049 0.056159 0.662591 0.057924 0.660826 0.134466 0.584284 0.132701
7 0.627909 0.058056 0.704444 0.056034 0.706466 0.132569 0.629931 0.134591
7 0.672651 0.055474 0.750760 0.057041 0.749224 0.133588 0.671115 0.132021
7 0.717749 0.052888 0.793987 0.059937 0.786938 0.136174 0.710701 0.129126
7 0.760746 0.056427 0.831057 0.056074 0.831442 0.132636 0.761130 0.132988
7 0.821683 0.058434 0.860657 0.055802 0.865817 0.132191 0.826843 0.134823
7 0.849573 0.056691 0.927693 0.055814 0.928552 0.132372 0.850432 0.133248
1 0.056366 0.152407 0.081316 0.153998 0.076446 0.230405 0.051497 0.228815
1 0.080245 0.152603 0.111355 0.155551 0.104130 0.231772 0.073020 0.228824
1 0.105258 0.152493 0.130219 0.153873 0.125992 0.230319 0.101031 0.228939
1 0.131389 0.152837 0.156382 0.153435 0.154549 0.229976 0.129556 0.229377
1 0.166242 0.152460 0.186495 0.154015 0.180633 0.230353 0.160380 0.228797
1 0.194101 0.152941 0.219001 0.155179 0.212149 0.231434 0.187249 0.229196
1 0.220762 0.153009 0.240946 0.155286 0.232363 0.231366 0.212179 0.229089
1 0.244174 0.152496 0.264435 0.153951 0.258951 0.230317 0.238690 0.228862
1 0.264293 0.152789 0.290847 0.153488 0.288832 0.230024 0.262278 0.229325
1 0.293905 0.152397 0.318853 0.154012 0.313907 0.230415 0.288959 0.228800
1 0.318834 0.152367 0.345344 0.154033 0.340541 0.230445 0.314031 0.228779
1 0.351897 0.152916 0.372040 0.155536 0.362166 0.231459 0.342023 0.228839
1 0.378300 0.152807 0.403162 0.155427 0.395138 0.231568 0.370275 0.228948
1 0.402024 0.152792 0.423888 0.153498 0.421413 0.230021 0.399550 0.229314
1 0.433533 0.152441 0.453782 0.154050 0.447717 0.230372 0.427468 0.228763
1 0.456659 0.152417 0.487719 0.155862 0.479278 0.231958 0.448219 0.228513
1 0.484631 0.153101 0.511133 0.154884 0.505994 0.231274 0.479492 0.229491
1 0.508528 0.152870 0.536648 0.153393 0.535222 0.229943 0.507102 0.229419
1 0.532923 0.152827 0.559479 0.153444 0.557702 0.229985 0.531146 0.229369
1 0.556997 0.152828 0.588241 0.153436 0.586753 0.229984 0.555509 0.229376
1 0.586437 0.152739 0.611277 0.155564 0.602625 0.231636 0.577785 0.228811
1 0.604749 0.153102 0.632874 0.153148 0.632751 0.229710 0.604626 0.229665
1 0.636652 0.152669 0.661633 0.153639 0.658661 0.230144 0.633680 0.229173
1 0.667400 0.152698 0.687691 0.153634 0.684162 0.230115 0.663872 0.229179
1 0.692938 0.153031 0.717859 0.155026 0.711749 0.231344 0.686829 0.229349
1 0.716330 0.153042 0.741253 0.155008 0.735232 0.231333 0.710310 0.229367
1 0.747477 0.152884 0.772362 0.155281 0.765023 0.231491 0.740138 0.229094
1 0.775592 0.152813 0.802033 0.155350 0.794720 0.231562 0.768279 0.229025
1 0.798993 0.152790 0.831714 0.155236 0.826007 0.231585 0.793286 0.229139
1 0.826933 0.152469 0.855023 0.153876 0.851192 0.230343 0.823102 0.228936
1 0.853284 0.152660 0.885980 0.155425 0.879528 0.231715 0.846833 0.228950
1 0.884898 0.152723 0.909884 0.153571 0.907290 0.230089 0.882304 0.229242
1 0.911164 0.152970 0.936070 0.155128 0.929461 0.231405 0.904555 0.229247
0 0.036755 0.205464 0.105234 0.199371 0.108558 0.236723 0.040078 0.242817
0 0.054410 0.203835 0.148149 0.202419 0.148715 0.239915 0.054976 0.241331
0 0.103827 0.201414 0.155355 0.203298 0.153985 0.240773 0.102457 0.238889
0 0.114008 0.210097 0.206546 0.195075 0.212555 0.232091 0.120016 0.247112
0 0.169997 0.206688 0.232115 0.199791 0.236253 0.237062 0.174135 0.243959
0 0.227791 0.203725 0.246507 0.202593 0.248772 0.240025 0.230056 0.241157
0 0.232335 0.203185 0.296376 0.201516 0.297353 0.239003 0.233312 0.240672
0 0.249735 0.205185 0.318366 0.201131 0.320577 0.238565 0.251947 0.242619
0 0.281706 0.202367 0.345750 0.203894 0.344856 0.241383 0.280812 0.239856
0 0.320941 0.199882 0.383081 0.206585 0.379059 0.243868 0.316919 0.237165
0 0.340453 0.203428 0.406076 0.202823 0.406422 0.240322 0.340799 0.240927
0 0.345050 0.211852 0.437275 0.195008 0.444012 0.231898 0.351788 0.248742
0 0.393724 0.205290 0.455960 0.199555 0.459401 0.236897 0.397165 0.242632
0 0.410831 0.207223 0.472629 0.197885 0.478232 0.234964 0.416434 0.244302
0 0.437542 0.203054 0.501604 0.203196 0.501521 0.240696 0.437458 0.240554
0 0.467737 0.201420 0.519180 0.204916 0.516638 0.242330 0.465195 0.238834
0 0.471403 0.196738 0.564445 0.208232 0.559847 0.245449 0.466805 0.233955
0 0.511778 0.203378 0.563301 0.201339 0.564784 0.238809 0.513262 0.240849
0 0.539305 0.202727 0.601800 0.203526 0.601320 0.241023 0.538825 0.240224
0 0.570463 0.202876 0.632961 0.203375 0.632662 0.240874 0.570164 0.240375
0 0.593931 0.200879 0.687571 0.205415 0.685757 0.242871 0.592116 0.238335
0 0.638574 0.203182 0.701052 0.201518 0.702051 0.239005 0.639573 0.240669
0 0.665027 0.199356 0.728611 0.207174 0.724035 0.244394 0.660451 0.236576
0 0.712093 0.203465 0.730734 0.201441 0.734782 0.238722 0.716141 0.240746
0 0.732771 0.203531 0.784280 0.201195 0.785979 0.238656 0.734470 0.240993
0 0.767152 0.203174 0.818714 0.203076 0.818786 0.240576 0.767223 0.240674
0 0.790120 0.204923 0.858684 0.199866 0.861442 0.237264 0.792879 0.242322
0 0.828997 0.203608 0.894574 0.201107 0.896003 0.238580 0.830426 0.241081
0 0.863867 0.197764 0.928516 0.209044 0.922070 0.245986 0.857422 0.234706
5 0.059678 0.346759 0.089364 0.346993 0.088760 0.423553 0.059073 0.423319
5 0.103134 0.346578 0.132816 0.347188 0.131241 0.423735 0.101559 0.423124
5 0.137329 0.346973 0.181079 0.346778 0.181421 0.423339 0.137671 0.423535
5 0.188911 0.346934 0.218599 0.346817 0.218901 0.423379 0.189214 0.423496
5 0.236282 0.346743 0.265968 0.347010 0.265281 0.423569 0.235594 0.423303
5 0.275853 0.347289 0.319596 0.346474 0.321022 0.423023 0.277279 0.423838
5 0.326660 0.346563 0.354778 0.347207 0.353027 0.423749 0.324910 0.423106
5 0.359340 0.349117 0.403002 0.346349 0.407848 0.422758 0.364185 0.425526
5 0.415291 0.347000 0.443414 0.346753 0.444084 0.423313 0.415961 0.423559
5 0.452187 0.346525 0.495931 0.347235 0.494688 0.423787 0.450944 0.423077
5 0.503746 0.346360 0.533414 0.347440 0.530629 0.423952 0.500961 0.422872
5 0.540101 0.347751 0.569744 0.346115 0.573961 0.422562 0.544319 0.424197
5 0.574695 0.348785 0.618392 0.346621 0.622180 0.423090 0.578483 0.425254
5 0.626442 0.347237 0.656121 0.346534 0.657933 0.423075 0.628254 0.423778
5 0.661290 0.346676 0.705038 0.347077 0.704335 0.423637 0.660587 0.423235
5 0.708299 0.346690 0.737984 0.347066 0.737013 0.423623 0.707328 0.423246
5 0.752442 0.347147 0.782125 0.346615 0.783496 0.423166 0.753813 0.423697
5 0.797480 0.346646 0.827164 0.347114 0.825957 0.423667 0.796274 0.423199
5 0.835492 0.349240 0.865045 0.346419 0.872321 0.422635 0.842768 0.425456
5 0.883061 0.346491 0.912738 0.347286 0.910689 0.423821 0.881012 0.423026
0 0.040421 0.397227 0.104480 0.396525 0.104891 0.434023 0.040832 0.434725
0 0.060639 0.398906 0.126143 0.394914 0.128423 0.432344 0.062920 0.436336
0 0.119631 0.397232 0.138368 0.396544 0.139744 0.434018 0.121007 0.434706
0 0.135492 0.397503 0.187040 0.396258 0.187945 0.433747 0.136398 0.434992
0 0.140827 0.390083 0.233525 0.404088 0.227923 0.441167 0.135225 0.427162
0 0.186865 0.393440 0.250696 0.398883 0.247510 0.436248 0.183679 0.430804
0 0.202455 0.398645 0.296139 0.395131 0.297545 0.432605 0.203861 0.436119
0 0.252706 0.397610 0.316752 0.396150 0.317607 0.433640 0.253561 0.435100
0 0.280284 0.395110 0.344316 0.397095 0.343154 0.434577 0.279122 0.432592
0 0.301429 0.397123 0.370177 0.396628 0.370446 0.434127 0.301698 0.434622
0 0.335357 0.392097 0.398632 0.402115 0.392768 0.439153 0.329493 0.429135
0 0.355922 0.391691 0.424062 0.400829 0.419078 0.437997 0.350938 0.428858
0 0.386535 0.393386 0.437570 0.400749 0.432215 0.437864 0.381180 0.430501
0 0.403608 0.396228 0.455154 0.397534 0.454204 0.435022 0.402658 0.433716
0 0.425238 0.395273 0.487653 0.398528 0.485700 0.435977 0.423285 0.432722
0 0.453029 0.397040 0.517090 0.396710 0.517284 0.434210 0.453222 0.434540
0 0.479445 0.397285 0.541940 0.396468 0.542430 0.433965 0.479935 0.434782
0 0.501156 0.399126 0.566632 0.394709 0.569156 0.432124 0.503680 0.436541
0 0.543649 0.391648 0.605165 0.402693 0.598538 0.439602 0.537022 0.428557
0 0.574396 0.397247 0.643108 0.394962 0.644354 0.432441 0.575642 0.434726
0 0.590106 0.406259 0.656583 0.388730 0.666144 0.424991 0.599667 0.442520
0 0.616713 0.399208 0.680612 0.394638 0.683287 0.432042 0.619388 0.436612
0 0.650404 0.393151 0.712609 0.399214 0.708971 0.436537 0.646766 0.430474
0 0.680799 0.392134 0.744331 0.400364 0.739513 0.437553 0.675982 0.429324
0 0.704067 0.400339 0.766031 0.392170 0.770933 0.429348 0.708969 0.437517
0 0.728566 0.396141 0.792612 0.397619 0.791746 0.435109 0.727701 0.433631
0 0.763732 0.392075 0.825668 0.400451 0.820643 0.437613 0.758707 0.429237
0 0.781062 0.397191 0.843559 0.396561 0.843938 0.434059 0.781441 0.434689
0 0.808946 0.397647 0.874553 0.396113 0.875429 0.433603 0.809822 0.435137
0 0.841309 0.393243 0.909650 0.400730 0.905566 0.438007 0.837225 0.430520
0 0.871358 0.397607 0.922900 0.396158 0.923954 0.433643 0.872412 0.435092
1 0.078507 0.540109 0.103296 0.543350 0.093368 0.619266 0.068579 0.616025
1 0.135270 0.539001 0.166285 0.542824 0.156917 0.618812 0.125902 0.614988
1 0.199296 0.540441 0.225768 0.542632 0.219454 0.618934 0.192982 0.616743
1 0.262811 0.540122 0.287606 0.543319 0.277814 0.619253 0.253019 0.616056
1 0.322460 0.539989 0.347421 0.541379 0.343165 0.617823 0.318204 0.616434
1 0.378570 0.540606 0.403505 0.542406 0.397993 0.618769 0.373058 0.616969
1 0.435296 0.540234 0.461715 0.542992 0.453766 0.619141 0.427347 0.616383
1 0.491219 0.540376 0.524027 0.540883 0.522844 0.617437 0.490035 0.616929
1 0.556939 0.540097 0.577217 0.541283 0.572748 0.617715 0.552470 0.616529
1 0.621129 0.539900 0.645807 0.543899 0.633558 0.619475 0.608880 0.615476
1 0.675946 0.538675 0.708422 0.543359 0.697492 0.619138 0.665016 0.614453
1 0.741429 0.540032 0.766182 0.543538 0.755446 0.619343 0.730693 0.615837
1 0.800795 0.540520 0.825713 0.542543 0.819518 0.618855 0.794600 0.616832
1 0.862817 0.540061 0.887788 0.541279 0.884058 0.617751 0.859087 0.616533
0 0.007368 0.639261 0.113561 0.635781 0.116069 0.712302 0.009876 0.715782
0 0.000000 0.637345 0.189124 0.637655 0.189001 0.714218 0.000000 0.713907
0 0.053932 0.644173 0.184678 0.632684 0.191380 0.708952 0.060634 0.720441
0 0.089384 0.636954 0.220630 0.638049 0.219991 0.714609 0.088745 0.713514
0 0.117978 0.639669 0.252325 0.636910 0.253897 0.713456 0.119550 0.716215
0 0.119747 0.644129 0.311587 0.632572 0.316191 0.708996 0.124351 0.720553
0 0.182783 0.641187 0.315471 0.635447 0.318780 0.711938 0.186091 0.717678
0 0.260002 0.637174 0.300622 0.637836 0.299373 0.714389 0.258753 0.713726
0 0.210637 0.641116 0.402742 0.635479 0.404988 0.712009 0.212883 0.717646
0 0.260471 0.642316 0.402436 0.634367 0.406716 0.710809 0.264751 0.718758
0 0.308891 0.642547 0.414817 0.634249 0.420796 0.710578 0.314871 0.718876
0 0.330718 0.641340 0.461750 0.633786 0.466157 0.710222 0.335125 0.717776
0 0.407004 0.636724 0.447597 0.638336 0.444559 0.714838 0.403966 0.713226
0 0.388292 0.636955 0.519514 0.639623 0.517958 0.716170 0.386736 0.713502
0 0.426316 0.639749 0.532527 0.636842 0.534621 0.713376 0.428411 0.716283
0 0.415361 0.642447 0.607299 0.632652 0.611201 0.709115 0.419263 0.718910
0 0.468689 0.643129 0.610557 0.633605 0.615686 0.709996 0.473818 0.719520
0 0.547664 0.639615 0.588211 0.637095 0.592961 0.713510 0.552414 0.716030
0 0.575820 0.637903 0.616437 0.637111 0.617930 0.713659 0.577313 0.714451
0 0.603624 0.636848 0.644226 0.638194 0.641689 0.714715 0.601086 0.713368
0 0.636048 0.637442 0.676673 0.637559 0.676452 0.714121 0.635827 0.714004
0 0.609191 0.640939 0.751216 0.634149 0.754872 0.710624 0.612847 0.717414
0 0.690154 0.638191 0.730757 0.636851 0.733283 0.713372 0.692680 0.714712
0 0.674927 0.639785 0.806143 0.636797 0.807886 0.713340 0.676670 0.716328
0 0.715038 0.639109 0.821275 0.637463 0.822462 0.714016 0.716225 0.715662
0 0.727571 0.639329 0.869743 0.637242 0.870867 0.713796 0.728695 0.715883
0 0.763972 0.637656 0.895221 0.637344 0.895403 0.713906 0.764154 0.714219
0 0.788967 0.642864 0.921475 0.633874 0.926658 0.710261 0.794150 0.719251
0 0.792878 0.635811 0.985035 0.639201 0.983685 0.715752 0.791527 0.712362
0 0.854355 0.640951 0.985429 0.634152 0.989395 0.710612 0.858321 0.717411
0 0.041062 0.686773 0.105108 0.688237 0.104251 0.725727 0.040205 0.724263
0 0.066494 0.689502 0.130326 0.684070 0.133506 0.721435 0.069674 0.726867
0 0.101787 0.685878 0.165765 0.689171 0.163838 0.726622 0.099860 0.723329
0 0.160025 0.687189 0.178764 0.687833 0.177475 0.725311 0.158736 0.724667
0 0.176626 0.687394 0.239126 0.687606 0.238999 0.725106 0.176499 0.724894
0 0.216687 0.689946 0.267878 0.683762 0.272375 0.720991 0.221185 0.727175
0 0.254174 0.688228 0.305716 0.686787 0.306764 0.724272 0.255221 0.725713
0 0.268696 0.688186 0.331129 0.685291 0.332866 0.722751 0.270433 0.725646
0 0.299849 0.682077 0.367917 0.691732 0.362651 0.728860 0.294583 0.719206
0 0.327646 0.687562 0.391687 0.685888 0.392666 0.723375 0.328626 0.725049
0 0.354650 0.688194 0.418646 0.685282 0.420350 0.722744 0.356354 0.725655
0 0.405674 0.688490 0.424175 0.685445 0.430264 0.722448 0.411763 0.725492
0 0.425578 0.685401 0.487931 0.689687 0.485359 0.727099 0.423006 0.722813
0 0.460094 0.685457 0.528797 0.688006 0.527406 0.725480 0.458703 0.722931
0 0.494848 0.688155 0.546394 0.686856 0.547339 0.724345 0.495793 0.725644
0 0.522380 0.685882 0.586420 0.687569 0.585433 0.725056 0.521392 0.723369
0 0.569711 0.688257 0.588408 0.686849 0.591226 0.724243 0.572529 0.725651
0 0.608428 0.687205 0.627168 0.687815 0.625947 0.725295 0.607207 0.724685
0 0.643264 0.687751 0.662007 0.687262 0.662986 0.724749 0.644243 0.725238
0 0.678806 0.687175 0.697544 0.687849 0.696194 0.725325 0.677456 0.724651
0 0.671698 0.692695 0.734986 0.682759 0.740802 0.719805 0.677514 0.729741
0 0.700155 0.687237 0.764216 0.687764 0.763907 0.725263 0.699847 0.724736
0 0.749181 0.686812 0.767871 0.688307 0.764882 0.725688 0.746192 0.724193
0 0.759936 0.685375 0.823852 0.689711 0.821314 0.727125 0.757398 0.722789
0 0.799814 0.682421 0.863246 0.691386 0.857998 0.728517 0.794566 0.719552
0 0.830987 0.689411 0.894939 0.685654 0.897138 0.723089 0.833186 0.726846
0 0.848000 0.687851 0.941723 0.685597 0.942625 0.723086 0.848902 0.725341
0 0.891094 0.685512 0.955028 0.689563 0.952656 0.726988 0.888722 0.722937
1 0.069146 0.831123 0.094144 0.831381 0.093354 0.907939 0.068356 0.907681
1 0.128687 0.830837 0.153672 0.831710 0.151000 0.908225 0.126015 0.907353
1 0.188594 0.831974 0.213558 0.830636 0.217656 0.907089 0.192692 0.908427
1 0.246578 0.832216 0.271517 0.830471 0.276860 0.906847 0.251921 0.908592
1 0.312734 0.830637 0.340829 0.831946 0.337266 0.908425 0.309171 0.907117
1 0.368160 0.831448 0.393157 0.831062 0.394340 0.907615 0.369343 0.908001
1 0.423227 0.831328 0.451352 0.831173 0.451773 0.907735 0.423648 0.907889
1 0.481958 0.830997 0.510078 0.831516 0.508667 0.908065 0.480547 0.907547
1 0.539414 0.830898 0.564403 0.831635 0.562148 0.908164 0.537159 0.907428
1 0.599804 0.831583 0.624796 0.830942 0.626758 0.907480 0.601766 0.908120
1 0.659887 0.831076 0.686447 0.831431 0.685426 0.907986 0.658865 0.907632
1 0.719429 0.830966 0.752237 0.831546 0.750883 0.908097 0.718076 0.907516
1 0.782561 0.831323 0.804435 0.831179 0.804939 0.907740 0.783065 0.907884
1 0.842943 0.830782 0.867923 0.831779 0.864869 0.908281 0.839889 0.907283
1 0.902072 0.830634 0.927036 0.831976 0.922928 0.908428 0.897964 0.907087
