4 0.042771 0.054524 0.111431 0.058044 0.108791 0.109539 0.040131 0.106019
4 0.077401 0.054107 0.145885 0.060155 0.141349 0.111518 0.072865 0.105470
4 0.122372 0.054629 0.191042 0.057931 0.188566 0.109434 0.119895 0.106132
4 0.165815 0.055998 0.234563 0.056503 0.234185 0.108064 0.165437 0.107559
4 0.213797 0.056608 0.282543 0.055895 0.283078 0.107455 0.214332 0.108167
4 0.247278 0.054600 0.315846 0.059599 0.312097 0.111025 0.243529 0.106026
4 0.299784 0.056541 0.368531 0.055961 0.368966 0.107522 0.300219 0.108102
4 0.348355 0.059850 0.416755 0.052913 0.421957 0.104213 0.353558 0.111149
4 0.402446 0.057962 0.471172 0.056119 0.472554 0.107663 0.403828 0.109506
4 0.469384 0.052776 0.536180 0.060026 0.530616 0.111287 0.463820 0.104037
4 0.524660 0.058599 0.593340 0.055516 0.595653 0.107026 0.526972 0.110109
4 0.575696 0.052631 0.644030 0.060181 0.638367 0.111432 0.570033 0.103881
4 0.631520 0.053972 0.700111 0.058648 0.696605 0.110091 0.628014 0.105415
4 0.682280 0.060091 0.750774 0.054163 0.755220 0.105534 0.686726 0.111462
4 0.715248 0.056749 0.782428 0.055757 0.783189 0.107314 0.716009 0.108306
4 0.778516 0.055736 0.847259 0.056769 0.846484 0.108326 0.777741 0.107293
4 0.824461 0.058111 0.893114 0.054462 0.895851 0.105951 0.827198 0.109601
1 0.066508 0.136656 0.080516 0.135419 0.085054 0.186781 0.071047 0.188019
1 0.111436 0.135773 0.131630 0.137966 0.126064 0.189227 0.105870 0.187034
7 0.134251 0.136063 0.185812 0.135813 0.186062 0.187375 0.134500 0.187624
1 0.214228 0.135698 0.228281 0.136212 0.226397 0.187740 0.212344 0.187226
1 0.261559 0.135595 0.275601 0.136355 0.272816 0.187842 0.258774 0.187083
1 0.304869 0.135636 0.322044 0.136274 0.320131 0.187801 0.302956 0.187163
7 0.335911 0.140311 0.374202 0.132583 0.384401 0.183127 0.346111 0.190854
1 0.401769 0.135870 0.418956 0.136007 0.418543 0.187568 0.401356 0.187430
1 0.464379 0.135834 0.481565 0.136045 0.480934 0.187603 0.463748 0.187393
7 0.505314 0.135381 0.552176 0.136509 0.550936 0.188056 0.504074 0.186929
1 0.559536 0.135234 0.576645 0.136877 0.571714 0.188204 0.554605 0.186560
1 0.603915 0.136208 0.621094 0.135690 0.622648 0.187229 0.605468 0.187747
7 0.639844 0.135248 0.686698 0.136650 0.685156 0.188189 0.638302 0.186788
1 0.705371 0.135295 0.722495 0.136771 0.718067 0.188143 0.700943 0.186667
7 0.740153 0.137916 0.786970 0.135585 0.789534 0.187084 0.742717 0.189415
7 0.798824 0.134292 0.845573 0.137721 0.841801 0.189146 0.795052 0.185716
1 0.869019 0.135579 0.887754 0.136338 0.885668 0.187858 0.866933 0.187100
8 0.076076 0.216122 0.094803 0.215191 0.097362 0.266690 0.078635 0.267621
8 0.123027 0.216053 0.140196 0.215253 0.142598 0.266759 0.125429 0.267560
8 0.183641 0.214948 0.200756 0.216518 0.196047 0.267865 0.178931 0.266295
0 0.181376 0.215412 0.268875 0.215839 0.268624 0.267401 0.181125 0.266974
8 0.260544 0.216705 0.277631 0.214847 0.283206 0.266107 0.266119 0.267966
0 0.327046 0.214847 0.353365 0.218439 0.346391 0.269528 0.320073 0.265936
0 0.382302 0.216333 0.408830 0.214984 0.411448 0.266480 0.384920 0.267829
0 0.379432 0.224274 0.508206 0.208902 0.514318 0.260101 0.385544 0.275473
0 0.461412 0.212445 0.548670 0.218948 0.544838 0.270368 0.457580 0.263864
8 0.530285 0.215003 0.547414 0.216423 0.543152 0.267810 0.526024 0.266389
0 0.529641 0.219301 0.615391 0.213625 0.618796 0.265074 0.533047 0.270750
0 0.579342 0.216220 0.666834 0.215035 0.667533 0.266593 0.580041 0.267777
0 0.629436 0.219144 0.701113 0.213811 0.704939 0.265231 0.633262 0.270564
8 0.722590 0.215061 0.739192 0.219509 0.725848 0.269314 0.709246 0.264866
8 0.765973 0.215581 0.784624 0.217503 0.779340 0.268794 0.760688 0.266872
8 0.811370 0.215560 0.830015 0.217541 0.824567 0.268815 0.805922 0.266834
0 0.818829 0.215489 0.907891 0.215761 0.907734 0.267323 0.818672 0.267052
0 0.030787 0.299181 0.102412 0.293186 0.106713 0.344569 0.035088 0.350564
8 0.093469 0.296342 0.110564 0.294561 0.115906 0.345846 0.098811 0.347627
0 0.138872 0.295837 0.165415 0.294825 0.167378 0.346351 0.140835 0.347362
0 0.166225 0.291894 0.255013 0.298890 0.250962 0.350294 0.162175 0.343297
0 0.239939 0.294675 0.266306 0.297892 0.260061 0.349075 0.233694 0.345858
0 0.224231 0.288509 0.353171 0.302413 0.347644 0.353678 0.218704 0.339775
0 0.291700 0.302777 0.378033 0.288536 0.386425 0.339411 0.300092 0.353652
0 0.356930 0.295172 0.428780 0.297033 0.427445 0.348578 0.355595 0.346717
8 0.426290 0.297202 0.444940 0.295262 0.450272 0.346548 0.431623 0.348488
0 0.427774 0.298809 0.513440 0.291979 0.517538 0.343378 0.431873 0.350209
0 0.489967 0.292173 0.580235 0.300218 0.575658 0.351577 0.485390 0.343532
0 0.532017 0.291715 0.661501 0.298991 0.658608 0.350472 0.529124 0.343196
8 0.633896 0.295477 0.651080 0.295157 0.652042 0.346710 0.634857 0.347031
0 0.660875 0.295421 0.749937 0.295204 0.750063 0.346767 0.661000 0.346983
0 0.711944 0.296887 0.783801 0.295312 0.784931 0.346863 0.713074 0.348438
0 0.727476 0.288283 0.856365 0.302659 0.850649 0.353904 0.721760 0.339528
8 0.818885 0.295025 0.836062 0.295632 0.834240 0.347163 0.817063 0.346555
8 0.878555 0.295035 0.895511 0.297848 0.887070 0.348715 0.870114 0.345902
1 0.067557 0.374435 0.084697 0.375707 0.080881 0.427128 0.063740 0.425856
1 0.129398 0.375382 0.146571 0.374663 0.148727 0.426181 0.131554 0.426899
1 0.173930 0.374526 0.187948 0.375635 0.183883 0.427037 0.169864 0.425928
1 0.206205 0.375924 0.223316 0.374305 0.228170 0.425639 0.211059 0.427257
1 0.250198 0.374438 0.264194 0.375807 0.259177 0.427124 0.245181 0.425756
1 0.273160 0.375410 0.291894 0.374634 0.294028 0.426152 0.275294 0.426928
1 0.320081 0.375078 0.337267 0.374924 0.337732 0.426484 0.320545 0.426639
1 0.366623 0.378178 0.383423 0.374548 0.394314 0.424947 0.377514 0.428577
1 0.419659 0.376983 0.436725 0.374944 0.442841 0.426142 0.425775 0.428181
1 0.472790 0.376980 0.489857 0.374945 0.495960 0.426145 0.478893 0.428180
1 0.532131 0.375237 0.549313 0.374781 0.550681 0.426325 0.533500 0.426782
1 0.584227 0.375329 0.601403 0.374705 0.603273 0.426234 0.586097 0.426857
1 0.636258 0.374895 0.653444 0.375109 0.652804 0.426667 0.635618 0.426454
1 0.673820 0.374641 0.690990 0.375411 0.688680 0.426922 0.671510 0.426152
1 0.712302 0.375067 0.729489 0.374935 0.729885 0.426496 0.712698 0.426628
1 0.756234 0.375231 0.770290 0.374794 0.771891 0.426332 0.757835 0.426768
1 0.808947 0.375147 0.826132 0.374861 0.826991 0.426416 0.809805 0.426702
1 0.849427 0.375198 0.866610 0.374815 0.867761 0.426364 0.850578 0.426748
1 0.889123 0.374684 0.909425 0.375343 0.907752 0.426879 0.887450 0.426219
7 0.044889 0.455118 0.096445 0.454264 0.097298 0.505820 0.045743 0.506673
7 0.100413 0.454226 0.126831 0.456992 0.121462 0.508274 0.095044 0.505508
7 0.136318 0.452452 0.182953 0.457187 0.177744 0.508486 0.131109 0.503750
1 0.189491 0.453924 0.206582 0.455740 0.201134 0.507014 0.184043 0.505198
7 0.221670 0.456585 0.273102 0.452920 0.276767 0.504352 0.225335 0.508017
7 0.267061 0.456410 0.318590 0.454561 0.320439 0.506090 0.268910 0.507939
7 0.305956 0.458636 0.356989 0.451268 0.364357 0.502301 0.313324 0.509669
7 0.368099 0.456986 0.419577 0.454036 0.422526 0.505514 0.371048 0.508464
7 0.416183 0.454142 0.467733 0.455245 0.466630 0.506796 0.415079 0.505692
1 0.493908 0.454365 0.512646 0.455044 0.510780 0.506572 0.492042 0.505894
7 0.537243 0.454924 0.584115 0.454454 0.584632 0.506014 0.537760 0.506484
1 0.584475 0.454044 0.606306 0.455436 0.603025 0.506894 0.581194 0.505502
7 0.610409 0.456723 0.657220 0.454284 0.659904 0.505777 0.613092 0.508216
1 0.678963 0.455566 0.696080 0.454018 0.700725 0.505371 0.683607 0.506919
7 0.702785 0.456742 0.754195 0.452785 0.758153 0.504195 0.706742 0.508153
7 0.749261 0.457216 0.800596 0.452386 0.805427 0.503721 0.754091 0.508552
7 0.809706 0.453046 0.861016 0.458144 0.855919 0.509454 0.804609 0.504356
1 0.874272 0.455241 0.891430 0.454225 0.894478 0.505697 0.877320 0.506713
0 0.005324 0.529416 0.134619 0.539490 0.130614 0.590897 0.001318 0.580822
1 0.111806 0.534914 0.128965 0.533922 0.131944 0.585398 0.114785 0.586391
0 0.137378 0.534584 0.224877 0.534167 0.225122 0.585729 0.137623 0.586146
1 0.236094 0.534165 0.248586 0.534618 0.246718 0.586147 0.234226 0.585694
1 0.288376 0.534656 0.308681 0.534112 0.310062 0.585656 0.289756 0.586200
0 0.295968 0.534075 0.383441 0.536253 0.382157 0.587800 0.294684 0.585622
1 0.386654 0.534147 0.403835 0.534623 0.402409 0.586165 0.385228 0.585690
1 0.420769 0.533995 0.437937 0.534814 0.435481 0.586318 0.418313 0.585499
1 0.470153 0.534434 0.488902 0.534317 0.489222 0.585879 0.470473 0.585995
1 0.534595 0.533809 0.548589 0.535189 0.543530 0.586503 0.529536 0.585123
0 0.585230 0.532687 0.611498 0.536636 0.603832 0.587625 0.577565 0.583677
0 0.614089 0.527677 0.700451 0.541744 0.692161 0.592636 0.605799 0.578569
0 0.663748 0.534907 0.749679 0.533847 0.750315 0.585405 0.664384 0.586466
0 0.707124 0.528936 0.836339 0.540002 0.831938 0.591377 0.702724 0.580310
0 0.765228 0.538035 0.852435 0.530888 0.856647 0.582278 0.769440 0.589425
0 0.810840 0.538265 0.899693 0.532168 0.903223 0.583610 0.814369 0.589707
7 0.055180 0.613409 0.094125 0.616434 0.090132 0.667841 0.051187 0.664816
7 0.095093 0.614284 0.146654 0.613843 0.147094 0.665404 0.095534 0.665844
7 0.151597 0.614053 0.203135 0.615660 0.201528 0.667197 0.149990 0.665590
7 0.215201 0.610925 0.253605 0.618070 0.244174 0.668762 0.205770 0.661618
7 0.274445 0.616319 0.300714 0.612377 0.308367 0.663368 0.282099 0.667311
7 0.317793 0.613648 0.364604 0.616111 0.361894 0.667602 0.315084 0.665139
7 0.366549 0.614718 0.418095 0.613424 0.419389 0.664970 0.367843 0.666264
7 0.432472 0.614241 0.459032 0.613889 0.459716 0.665447 0.433155 0.665799
7 0.486697 0.611786 0.533100 0.618420 0.525803 0.669464 0.479400 0.662830
7 0.524228 0.616630 0.575557 0.611728 0.580459 0.663057 0.529130 0.667959
7 0.568297 0.611801 0.619449 0.618297 0.612953 0.669449 0.561801 0.662953
7 0.628460 0.613732 0.680018 0.614397 0.679353 0.665956 0.627794 0.665290
7 0.676848 0.613849 0.715908 0.614279 0.715340 0.665839 0.676280 0.665408
7 0.742973 0.613314 0.769488 0.614904 0.766402 0.666374 0.739887 0.664784
7 0.765162 0.617707 0.811727 0.612322 0.817650 0.663543 0.771085 0.668928
7 0.828472 0.613763 0.879987 0.615972 0.877778 0.667487 0.826263 0.665278
7 0.879974 0.613779 0.931534 0.614349 0.930963 0.665909 0.879404 0.665338
0 0.021576 0.694514 0.151255 0.692989 0.151861 0.744548 0.022183 0.746073
0 0.097139 0.692023 0.186133 0.695517 0.184111 0.747040 0.095117 0.743546
0 0.177664 0.693993 0.204222 0.693516 0.205149 0.745070 0.178590 0.745547
0 0.199593 0.695881 0.286992 0.691678 0.289469 0.743181 0.202070 0.747384
0 0.224748 0.698889 0.354040 0.688768 0.358064 0.740174 0.228772 0.750294
0 0.303195 0.693163 0.389088 0.695926 0.387430 0.747462 0.301537 0.744699
0 0.369086 0.693288 0.440955 0.694216 0.440289 0.745774 0.368420 0.744846
0 0.412923 0.693045 0.500412 0.694462 0.499577 0.746018 0.412088 0.744600
0 0.470787 0.690569 0.558045 0.697073 0.554213 0.748493 0.466955 0.741989
0 0.558916 0.691979 0.585147 0.696165 0.577022 0.747083 0.550791 0.742898
0 0.561586 0.691464 0.648963 0.696109 0.646226 0.747598 0.558849 0.742954
0 0.603917 0.696010 0.699184 0.693077 0.700771 0.744615 0.605503 0.747548
0 0.668438 0.694190 0.740308 0.693313 0.740937 0.744872 0.669067 0.745749
0 0.708975 0.694317 0.780841 0.693189 0.781650 0.744745 0.709784 0.745874
0 0.744271 0.691695 0.830107 0.695866 0.827604 0.747368 0.741768 0.743197
0 0.826720 0.693288 0.853265 0.694246 0.851405 0.745775 0.824860 0.744817
0 0.841835 0.695816 0.930804 0.691738 0.933165 0.743246 0.844196 0.747325
1 0.074779 0.773824 0.093515 0.773090 0.095533 0.824613 0.076798 0.825347
1 0.108846 0.773620 0.126030 0.773266 0.127091 0.824818 0.109908 0.825171
1 0.154435 0.773947 0.166903 0.773059 0.170565 0.824491 0.158097 0.825379
1 0.193146 0.775679 0.214871 0.773114 0.220916 0.824321 0.199192 0.826886
5 0.239358 0.772847 0.269020 0.774072 0.266892 0.825591 0.237230 0.824365
1 0.283809 0.775759 0.300810 0.773237 0.308379 0.824241 0.291377 0.826763
1 0.345054 0.775402 0.365259 0.773310 0.370571 0.824598 0.350366 0.826690
1 0.391287 0.773226 0.408469 0.773666 0.407150 0.825211 0.389968 0.824772
1 0.435070 0.772796 0.449037 0.774427 0.443055 0.825642 0.429088 0.824010
1 0.481467 0.773126 0.498641 0.773787 0.496658 0.825311 0.479484 0.824650
1 0.543107 0.773087 0.560009 0.776209 0.550643 0.826913 0.533741 0.823791
1 0.582809 0.773713 0.599988 0.773187 0.601566 0.824725 0.584387 0.825251
1 0.643111 0.775413 0.660179 0.773385 0.666264 0.824587 0.649196 0.826615
1 0.678198 0.772900 0.696911 0.774076 0.693677 0.825537 0.674964 0.824361
1 0.724262 0.773695 0.741442 0.773201 0.742926 0.824742 0.725745 0.825237
1 0.778451 0.773331 0.795637 0.773548 0.794987 0.825106 0.777800 0.824890
1 0.832487 0.773765 0.846537 0.773158 0.848763 0.824672 0.834713 0.825279
1 0.873478 0.773227 0.887533 0.773674 0.885897 0.825210 0.871842 0.824764
7 0.063380 0.855458 0.114854 0.852443 0.117870 0.903917 0.066396 0.906932
7 0.138304 0.855241 0.164753 0.852791 0.169508 0.904134 0.143059 0.906584
7 0.186784 0.853795 0.233640 0.852475 0.235091 0.904018 0.188235 0.905337
7 0.231734 0.852951 0.258216 0.855018 0.254204 0.906424 0.227722 0.904357
7 0.262113 0.857198 0.313114 0.849613 0.320700 0.900614 0.269698 0.908200
7 0.322309 0.852698 0.373864 0.853559 0.373004 0.905114 0.321448 0.904254
7 0.376971 0.852723 0.428527 0.853533 0.427717 0.905090 0.376160 0.904279
7 0.424620 0.850807 0.475755 0.857433 0.469130 0.908568 0.417995 0.901942
7 0.474215 0.851124 0.525439 0.857028 0.519535 0.908251 0.468311 0.902347
7 0.513127 0.852513 0.564674 0.853752 0.563436 0.905299 0.511888 0.904061
7 0.556567 0.851310 0.595436 0.855195 0.590308 0.906502 0.551439 0.902617
7 0.593596 0.855355 0.620027 0.852713 0.625154 0.904020 0.598723 0.906662
7 0.645579 0.852861 0.697139 0.853392 0.696608 0.904951 0.645049 0.904421
7 0.697363 0.852697 0.748865 0.855175 0.746387 0.906678 0.694885 0.904200
7 0.739691 0.852811 0.766245 0.853454 0.764997 0.905001 0.738442 0.904358
7 0.762352 0.858731 0.813144 0.849852 0.822023 0.900644 0.771231 0.909523
7 0.818769 0.852538 0.857813 0.853736 0.856231 0.905275 0.817187 0.904076
7 0.853604 0.852698 0.900471 0.853561 0.899521 0.905115 0.852654 0.904251
6 0.941524 0.906940 0.975873 0.905587 0.977226 0.939935 0.942877 0.941288
6 0.941297 0.658745 0.961568 0.660047 0.960266 0.680318 0.939995 0.679016
6 0.959747 0.932655 1.000000 0.934548 1.000000 0.950158 0.959046 0.948264
6 0.000000 0.482747 0.033395 0.486047 0.032117 0.504753 0.000000 0.501453
