0 0.013033 0.027923 0.097652 0.042917 0.091655 0.076765 0.007035 0.061771
0 0.043095 0.039308 0.128646 0.031160 0.131905 0.065380 0.046354 0.073528
0 0.107684 0.043551 0.165330 0.029325 0.173566 0.062699 0.115920 0.076925
0 0.160781 0.036514 0.207581 0.033854 0.209531 0.068174 0.162732 0.070834
0 0.211781 0.027461 0.273666 0.044019 0.264782 0.077226 0.202896 0.060668
0 0.257213 0.037799 0.316364 0.032643 0.319349 0.066888 0.260199 0.072044
0 0.304240 0.032784 0.350640 0.039439 0.345760 0.073466 0.299360 0.066811
0 0.332513 0.036466 0.391879 0.035415 0.392487 0.069784 0.333121 0.070835
0 0.371533 0.036542 0.430896 0.035340 0.431592 0.069708 0.372229 0.070910
0 0.407464 0.040113 0.471015 0.032037 0.475349 0.066137 0.411797 0.074213
0 0.464226 0.035666 0.522036 0.036211 0.521712 0.070584 0.463902 0.070039
0 0.506994 0.032757 0.566165 0.037673 0.563319 0.071930 0.504148 0.067014
0 0.542589 0.035279 0.600386 0.036605 0.599598 0.070971 0.541801 0.069645
0 0.596573 0.030844 0.654966 0.041600 0.648739 0.075406 0.590346 0.064650
0 0.654007 0.036750 0.671129 0.035255 0.674118 0.069500 0.656996 0.070995
0 0.671251 0.040074 0.734611 0.030615 0.739687 0.064614 0.676326 0.074072
0 0.718275 0.036004 0.777627 0.034323 0.778600 0.068684 0.719248 0.070365
0 0.760627 0.038150 0.824541 0.033804 0.826873 0.068100 0.762959 0.072446
0 0.800422 0.032112 0.859464 0.038393 0.855828 0.072575 0.796786 0.066294
0 0.847896 0.040112 0.905150 0.032095 0.909917 0.066138 0.852663 0.074155
0 0.889659 0.033734 0.975549 0.036598 0.974403 0.070954 0.888514 0.068090
0 0.010011 0.085207 0.095895 0.088252 0.094677 0.122605 0.008793 0.119561
0 0.060477 0.092903 0.118689 0.081208 0.125460 0.114909 0.067248 0.126605
0 0.092397 0.080796 0.177209 0.094654 0.171666 0.128579 0.086853 0.114721
0 0.153270 0.087258 0.211081 0.087743 0.210792 0.122117 0.152982 0.121632
0 0.193458 0.082395 0.251846 0.093177 0.245604 0.126980 0.187216 0.116198
0 0.238396 0.089507 0.297522 0.084074 0.300667 0.118305 0.241541 0.123738
0 0.282326 0.088184 0.329181 0.086830 0.330174 0.121191 0.283319 0.122545
0 0.320544 0.087075 0.384601 0.087929 0.384143 0.122300 0.320086 0.121446
0 0.357865 0.087403 0.421927 0.087597 0.421823 0.121972 0.357760 0.121778
0 0.410568 0.088154 0.469929 0.086854 0.470682 0.121221 0.411321 0.122521
0 0.486743 0.085478 0.503664 0.088493 0.497632 0.122335 0.480711 0.119319
0 0.513942 0.090026 0.572970 0.083613 0.576683 0.117787 0.517655 0.124200
0 0.554327 0.089177 0.601088 0.085907 0.603486 0.120198 0.556725 0.123468
0 0.617930 0.087148 0.635102 0.087883 0.633632 0.122227 0.616460 0.121492
0 0.622504 0.084326 0.708199 0.090771 0.705621 0.125049 0.619926 0.118604
0 0.672040 0.085220 0.729772 0.088266 0.727960 0.122593 0.670228 0.119547
0 0.709472 0.081095 0.767234 0.094838 0.759278 0.128280 0.701516 0.114537
0 0.751135 0.084326 0.797529 0.091027 0.792615 0.125049 0.746221 0.118348
0 0.781162 0.089860 0.838653 0.083769 0.842275 0.117952 0.784784 0.124044
0 0.820681 0.085825 0.906599 0.087620 0.905882 0.121987 0.819963 0.120193
0 0.883615 0.084299 0.941214 0.089266 0.938260 0.123514 0.880661 0.118546
0 0.045889 0.138448 0.063025 0.139780 0.060361 0.174052 0.043225 0.172720
0 0.070270 0.134264 0.133544 0.144284 0.128168 0.178236 0.064894 0.168216
0 0.119776 0.146748 0.173823 0.131160 0.183349 0.164189 0.129302 0.179777
0 0.181871 0.137353 0.198927 0.139471 0.194692 0.173584 0.177635 0.171466
0 0.195672 0.137408 0.281592 0.139161 0.280890 0.173529 0.194971 0.171776
0 0.271348 0.136974 0.288230 0.140200 0.281777 0.173964 0.264895 0.170738
0 0.292108 0.139172 0.338982 0.138953 0.339142 0.173328 0.292268 0.173547
0 0.321709 0.139353 0.381081 0.138773 0.381416 0.173147 0.322044 0.173727
0 0.369802 0.143287 0.428619 0.135162 0.433323 0.169213 0.374506 0.177338
0 0.412033 0.143061 0.469332 0.135370 0.473905 0.169439 0.416606 0.177130
0 0.470780 0.138836 0.487961 0.139301 0.487032 0.173664 0.469851 0.173199
0 0.489957 0.132169 0.552309 0.146874 0.544418 0.180331 0.482066 0.165626
0 0.554244 0.140591 0.571011 0.136812 0.578569 0.170346 0.561802 0.174125
0 0.579040 0.141204 0.625731 0.137056 0.628773 0.171296 0.582082 0.175444
0 0.609851 0.137484 0.669204 0.139091 0.668274 0.173453 0.608921 0.171847
0 0.650680 0.135670 0.709638 0.142697 0.705570 0.176830 0.646612 0.169803
0 0.696369 0.144689 0.711757 0.137034 0.727069 0.167811 0.711680 0.175466
0 0.709171 0.130977 0.793763 0.146123 0.787704 0.179960 0.703112 0.164814
0 0.763167 0.135687 0.822129 0.142677 0.818083 0.176813 0.759121 0.169823
0 0.815966 0.138896 0.833150 0.139236 0.832471 0.173604 0.815287 0.173264
0 0.848356 0.134316 0.911648 0.144223 0.906332 0.178184 0.843040 0.168277
0 0.889299 0.138629 0.953356 0.139500 0.952888 0.173871 0.888832 0.173000
0 0.032368 0.187469 0.078767 0.194130 0.073882 0.228156 0.027483 0.221495
0 0.071311 0.187153 0.128858 0.192692 0.125564 0.226909 0.068017 0.221370
0 0.119221 0.188675 0.176896 0.192656 0.174529 0.226950 0.116854 0.222969
0 0.161069 0.190406 0.218879 0.190845 0.218619 0.225219 0.160808 0.224780
0 0.205707 0.194539 0.269127 0.185493 0.273981 0.219524 0.210560 0.228569
0 0.253632 0.188571 0.312858 0.192765 0.310431 0.227054 0.251204 0.222860
0 0.302967 0.185520 0.361648 0.194570 0.356408 0.228543 0.297727 0.219493
0 0.345228 0.197833 0.401450 0.184363 0.409459 0.217792 0.353238 0.231262
0 0.393177 0.192431 0.452337 0.187381 0.455260 0.221632 0.396100 0.226681
0 0.444809 0.190720 0.502596 0.188983 0.503628 0.223343 0.445842 0.225079
0 0.486421 0.184204 0.549017 0.197832 0.541704 0.231421 0.479108 0.217793
0 0.545845 0.188685 0.562809 0.191450 0.557280 0.225377 0.540316 0.222613
0 0.570507 0.188586 0.617312 0.191153 0.615430 0.225476 0.568626 0.222910
0 0.596871 0.192804 0.654397 0.187054 0.657816 0.221258 0.600291 0.227009
0 0.630739 0.192508 0.694588 0.187294 0.697386 0.221555 0.633537 0.226769
0 0.666293 0.181194 0.750309 0.199262 0.743082 0.232868 0.659066 0.214801
0 0.722792 0.194405 0.781519 0.185657 0.786583 0.219657 0.727856 0.228405
0 0.771070 0.188629 0.828830 0.191090 0.827367 0.225434 0.769607 0.222973
0 0.820033 0.196112 0.876900 0.185700 0.883092 0.219513 0.826225 0.229925
0 0.859111 0.191300 0.945038 0.189954 0.945576 0.224325 0.859649 0.225671
0 0.019668 0.244381 0.083466 0.238573 0.086582 0.272807 0.022784 0.278614
0 0.070504 0.241870 0.128313 0.242508 0.127934 0.276880 0.070125 0.276242
0 0.106024 0.244008 0.163725 0.240433 0.165851 0.274742 0.108150 0.278317
0 0.143583 0.244722 0.201038 0.238303 0.204855 0.272466 0.147400 0.278884
0 0.192227 0.235844 0.250023 0.249445 0.242148 0.282906 0.184352 0.269305
0 0.248885 0.241971 0.266066 0.242415 0.265178 0.276779 0.247996 0.276335
0 0.278108 0.246359 0.336724 0.236893 0.342204 0.270828 0.283589 0.280294
0 0.315498 0.247434 0.374024 0.237432 0.379815 0.271316 0.321288 0.281318
0 0.358010 0.240477 0.421978 0.243949 0.420115 0.278273 0.356147 0.274801
0 0.406183 0.242300 0.463995 0.242075 0.464129 0.276450 0.406317 0.276675
0 0.442014 0.244735 0.499467 0.238291 0.503298 0.272452 0.445846 0.278896
0 0.504804 0.241767 0.521969 0.242654 0.520196 0.276983 0.503031 0.276096
0 0.527642 0.242246 0.585430 0.240581 0.586421 0.274941 0.528632 0.276607
0 0.601377 0.242706 0.618537 0.241725 0.620498 0.276044 0.603338 0.277025
0 0.652195 0.241550 0.669327 0.242937 0.666555 0.277200 0.649423 0.275813
0 0.676471 0.246557 0.735027 0.236730 0.740717 0.270630 0.682161 0.280458
0 0.721807 0.242922 0.779543 0.239936 0.781318 0.274266 0.723582 0.277251
0 0.773990 0.235654 0.828424 0.249831 0.819760 0.283096 0.765326 0.268919
0 0.819566 0.242765 0.878881 0.240083 0.880434 0.274423 0.821119 0.277105
0 0.871553 0.243023 0.918321 0.239868 0.920635 0.274165 0.873866 0.277320
0 0.911211 0.241723 0.970579 0.242657 0.970039 0.277027 0.910671 0.276093
0 0.028506 0.287048 0.086100 0.301483 0.077744 0.334827 0.020150 0.320392
0 0.069923 0.295473 0.116677 0.292115 0.119140 0.326402 0.072385 0.329760
0 0.118190 0.296321 0.164628 0.289937 0.169310 0.323992 0.122872 0.330375
0 0.165140 0.293812 0.222929 0.292140 0.223922 0.326501 0.166134 0.328172
0 0.216207 0.291586 0.275417 0.296009 0.272856 0.330289 0.213646 0.325866
0 0.249146 0.288905 0.334509 0.298825 0.330541 0.332970 0.245178 0.323050
0 0.319314 0.286862 0.376796 0.301733 0.368186 0.335013 0.310704 0.320142
0 0.365222 0.295246 0.381999 0.291512 0.389466 0.325066 0.372689 0.328800
0 0.397972 0.293776 0.455763 0.292175 0.456715 0.326536 0.398925 0.328138
0 0.443473 0.288898 0.500654 0.297415 0.495590 0.331415 0.438408 0.322897
0 0.480856 0.294504 0.544901 0.293005 0.545706 0.327371 0.481661 0.328870
0 0.554525 0.293832 0.571712 0.293669 0.572037 0.328043 0.554851 0.328206
0 0.578266 0.288428 0.633359 0.299779 0.626422 0.333447 0.571329 0.322096
0 0.613574 0.296190 0.660044 0.290044 0.664551 0.324123 0.618081 0.330268
0 0.660577 0.295894 0.719803 0.291692 0.722236 0.325981 0.663010 0.330183
0 0.729346 0.296642 0.745919 0.292087 0.755029 0.325233 0.738456 0.329788
0 0.781176 0.294984 0.798031 0.291619 0.804761 0.325329 0.787906 0.328694
0 0.812748 0.292127 0.870466 0.295430 0.868502 0.329748 0.810784 0.326445
0 0.859404 0.293701 0.917216 0.293799 0.917158 0.328174 0.859346 0.328076
0 0.884866 0.285802 0.969511 0.300652 0.963571 0.334510 0.878926 0.319660
0 0.021742 0.349633 0.078732 0.339919 0.084508 0.373805 0.027518 0.383519
0 0.076093 0.347616 0.133730 0.343113 0.136407 0.377384 0.078770 0.381887
0 0.130495 0.343481 0.177321 0.345617 0.175755 0.379956 0.128929 0.377820
0 0.195639 0.343203 0.212508 0.346496 0.205924 0.380234 0.189054 0.376942
0 0.225205 0.343262 0.272008 0.345853 0.270108 0.380175 0.223305 0.377585
0 0.278604 0.344677 0.325462 0.345961 0.324521 0.380323 0.277663 0.379039
0 0.327530 0.351365 0.372725 0.338929 0.381845 0.372072 0.336650 0.384509
0 0.350361 0.338358 0.435084 0.352752 0.429327 0.386642 0.344603 0.372248
0 0.410611 0.345935 0.474662 0.344696 0.475326 0.379065 0.411276 0.380304
0 0.458380 0.343278 0.514476 0.347441 0.511932 0.381722 0.455836 0.377559
0 0.523809 0.345132 0.540993 0.345501 0.540253 0.379868 0.523070 0.379499
0 0.548459 0.338988 0.606265 0.352545 0.598416 0.386012 0.540610 0.372455
0 0.601561 0.345313 0.618749 0.345312 0.618751 0.379687 0.601564 0.379688
0 0.633762 0.341637 0.697549 0.347574 0.694363 0.381801 0.630576 0.375864
0 0.696024 0.341780 0.742294 0.349289 0.736788 0.383220 0.690518 0.375711
0 0.734455 0.336888 0.789161 0.355584 0.778045 0.388112 0.723339 0.369416
0 0.766364 0.341842 0.825301 0.349036 0.821136 0.383158 0.762199 0.375964
0 0.811434 0.343273 0.870663 0.347436 0.868253 0.381727 0.809024 0.377564
0 0.854769 0.343413 0.901588 0.345690 0.899919 0.380024 0.853099 0.377748
0 0.890616 0.339881 0.948863 0.351396 0.942197 0.385119 0.883949 0.373604
0 0.046054 0.396194 0.063177 0.397685 0.060196 0.431931 0.043073 0.430440
0 0.065114 0.392150 0.122061 0.402115 0.116136 0.435975 0.059189 0.426010
0 0.123848 0.394743 0.140702 0.398112 0.133964 0.431820 0.117110 0.428451
0 0.148326 0.403744 0.193130 0.389963 0.203236 0.422819 0.158433 0.436600
0 0.195658 0.396307 0.253459 0.397449 0.252780 0.431818 0.194979 0.430676
0 0.237416 0.399319 0.296460 0.393060 0.300084 0.427244 0.241040 0.433502
0 0.288892 0.397173 0.348264 0.396579 0.348608 0.430952 0.289236 0.431546
0 0.310217 0.409297 0.392870 0.385766 0.402283 0.418828 0.319630 0.442359
0 0.380282 0.393459 0.426593 0.400704 0.421281 0.434666 0.374969 0.427421
0 0.400557 0.393066 0.486275 0.399209 0.483818 0.433496 0.398100 0.427353
0 0.447694 0.397410 0.505449 0.394812 0.506993 0.429153 0.449239 0.431750
0 0.472468 0.391463 0.557882 0.400934 0.554094 0.435099 0.468680 0.425629
0 0.521385 0.393231 0.580466 0.399127 0.577053 0.433332 0.517971 0.427436
0 0.565239 0.402843 0.623527 0.391536 0.630074 0.425282 0.571785 0.436589
0 0.605958 0.398824 0.663644 0.395001 0.665917 0.429301 0.608231 0.433124
0 0.632088 0.387192 0.715985 0.405812 0.708537 0.439370 0.624640 0.420751
0 0.686625 0.393558 0.744027 0.400436 0.739937 0.434567 0.682535 0.427689
0 0.726889 0.390231 0.784516 0.404531 0.776236 0.437894 0.718609 0.423594
0 0.763150 0.394669 0.820786 0.399186 0.818100 0.433456 0.760464 0.428939
0 0.814733 0.390237 0.877220 0.404359 0.869642 0.437888 0.807155 0.423766
0 0.878971 0.394841 0.895885 0.397893 0.889779 0.431722 0.872865 0.428669
0 0.894766 0.397153 0.958795 0.395053 0.959921 0.429410 0.895893 0.431509
0 0.019934 0.454385 0.078229 0.443115 0.084754 0.476865 0.026458 0.488135
0 0.082752 0.449350 0.099859 0.447687 0.103185 0.481900 0.086079 0.483563
0 0.104075 0.451106 0.150489 0.444545 0.155300 0.478581 0.108886 0.485143
0 0.164824 0.446428 0.181752 0.449404 0.175801 0.483260 0.158873 0.480284
0 0.185292 0.452082 0.242479 0.443602 0.247521 0.477606 0.190333 0.486085
0 0.224672 0.454595 0.270165 0.443294 0.278453 0.476655 0.232960 0.487956
0 0.262035 0.452360 0.308077 0.443563 0.314528 0.477328 0.268486 0.486124
0 0.297872 0.452668 0.355112 0.444548 0.359940 0.478582 0.302701 0.486702
0 0.354333 0.448931 0.401198 0.447951 0.401917 0.482319 0.355052 0.483299
0 0.390068 0.442984 0.447036 0.452830 0.441182 0.486703 0.384214 0.476857
0 0.434303 0.448885 0.481116 0.446473 0.482884 0.480803 0.436072 0.483214
0 0.465322 0.448957 0.523125 0.447923 0.523740 0.482293 0.465937 0.483327
0 0.519568 0.449586 0.536446 0.446343 0.542932 0.480101 0.526054 0.483344
0 0.540362 0.448900 0.599730 0.447980 0.600263 0.482350 0.540895 0.483270
0 0.583956 0.450702 0.643165 0.446269 0.645732 0.480548 0.586523 0.484981
0 0.620188 0.438678 0.703642 0.459191 0.695437 0.492572 0.611983 0.472059
0 0.659124 0.438856 0.742673 0.458975 0.734626 0.492394 0.651077 0.472275
0 0.703916 0.446257 0.767916 0.449089 0.766396 0.483431 0.702396 0.480598
0 0.738156 0.439024 0.822181 0.457053 0.814969 0.490663 0.730944 0.472634
0 0.790368 0.450531 0.854299 0.446415 0.856507 0.480719 0.792576 0.484835
0 0.836861 0.458508 0.897726 0.438520 0.908451 0.471179 0.847587 0.491167
0 0.882603 0.456335 0.940124 0.441614 0.948647 0.474915 0.891126 0.489636
0 0.022820 0.501825 0.080409 0.496745 0.083430 0.530987 0.025841 0.536067
0 0.071581 0.500519 0.130947 0.499486 0.131544 0.533856 0.072178 0.534889
0 0.108716 0.502227 0.172509 0.496356 0.175659 0.530586 0.111866 0.536457
0 0.165458 0.500592 0.212256 0.497902 0.214229 0.532220 0.167431 0.534911
0 0.201242 0.495098 0.259990 0.503703 0.255008 0.537715 0.196260 0.529110
0 0.257323 0.500408 0.274380 0.498291 0.278615 0.532404 0.261558 0.534522
0 0.291686 0.496443 0.349215 0.502164 0.345814 0.536370 0.288285 0.530649
0 0.336817 0.493123 0.399178 0.507790 0.391308 0.541252 0.328947 0.526585
0 0.372834 0.501796 0.430428 0.496772 0.433416 0.531016 0.375822 0.536041
0 0.444929 0.500634 0.462075 0.499448 0.464446 0.533741 0.447300 0.534927
0 0.456019 0.502037 0.519956 0.498030 0.522106 0.532338 0.458169 0.536345
0 0.522977 0.500679 0.540118 0.499414 0.542648 0.533696 0.525507 0.534961
0 0.532838 0.499936 0.618776 0.500064 0.618724 0.534439 0.532787 0.534311
0 0.573334 0.493042 0.658322 0.505775 0.653229 0.539771 0.568240 0.527037
0 0.640110 0.503050 0.656626 0.498293 0.666140 0.531325 0.649624 0.536082
0 0.659341 0.501614 0.723325 0.498429 0.725034 0.532761 0.661050 0.535946
0 0.706700 0.491676 0.790867 0.509032 0.783925 0.542699 0.699758 0.525343
0 0.765916 0.498268 0.825186 0.501792 0.823146 0.536107 0.763876 0.532583
0 0.793423 0.502301 0.879145 0.496222 0.881577 0.530511 0.795855 0.536590
0 0.857546 0.503643 0.916502 0.496600 0.920579 0.530732 0.861623 0.537775
0 0.898356 0.502439 0.957401 0.496190 0.961019 0.530374 0.901974 0.536623
0 0.012073 0.546603 0.097587 0.555129 0.094177 0.589334 0.008663 0.580809
0 0.063324 0.548331 0.120917 0.553362 0.117926 0.587606 0.060333 0.582576
0 0.095274 0.555792 0.153872 0.546220 0.159414 0.580146 0.100815 0.589717
0 0.128241 0.541470 0.211510 0.562722 0.203009 0.596030 0.119740 0.574778
0 0.185050 0.549665 0.244382 0.551922 0.243075 0.586272 0.183743 0.584015
0 0.228949 0.549711 0.275773 0.551889 0.274176 0.586227 0.227352 0.584049
0 0.258935 0.545189 0.344100 0.556682 0.339503 0.590748 0.254337 0.579255
0 0.302482 0.555337 0.361210 0.546600 0.366268 0.580601 0.307540 0.589337
0 0.352695 0.548391 0.399089 0.555086 0.394180 0.589109 0.347786 0.582414
0 0.378637 0.549501 0.437862 0.553710 0.435426 0.587999 0.376200 0.583790
0 0.421833 0.553913 0.480896 0.547831 0.484417 0.582025 0.425354 0.588107
0 0.474651 0.553750 0.521180 0.548066 0.525349 0.582187 0.478820 0.587872
0 0.531730 0.549904 0.548803 0.551889 0.544832 0.586034 0.527760 0.584049
0 0.531183 0.558890 0.615685 0.543247 0.621942 0.577047 0.537440 0.592691
0 0.596355 0.548031 0.653889 0.553697 0.650520 0.587906 0.592986 0.582241
0 0.660241 0.549768 0.677267 0.552116 0.672571 0.586169 0.655545 0.583821
0 0.680903 0.552177 0.740265 0.550955 0.740972 0.585323 0.681610 0.586545
0 0.725945 0.555138 0.783151 0.546785 0.788118 0.580799 0.730912 0.589153
0 0.787975 0.549970 0.834736 0.553239 0.832338 0.587530 0.785577 0.584261
0 0.835067 0.548155 0.894020 0.555214 0.889933 0.589345 0.830980 0.582286
0 0.880271 0.549836 0.938052 0.551745 0.936916 0.586102 0.879136 0.584192
0 0.026209 0.598093 0.084626 0.608711 0.078479 0.642532 0.020061 0.631914
0 0.067690 0.602460 0.114546 0.603805 0.113560 0.638165 0.066704 0.636820
0 0.108609 0.603740 0.167920 0.600984 0.169516 0.635322 0.110205 0.638078
0 0.161518 0.599948 0.218955 0.606525 0.215045 0.640677 0.157607 0.634100
0 0.203984 0.610779 0.266401 0.596354 0.274141 0.629846 0.211724 0.644271
0 0.257326 0.607292 0.316157 0.599273 0.320799 0.633333 0.261968 0.641352
0 0.297198 0.602592 0.355001 0.603664 0.354364 0.638033 0.296561 0.636961
0 0.345053 0.594993 0.400004 0.612958 0.389322 0.645632 0.334371 0.627667
0 0.378953 0.609374 0.436842 0.596174 0.444484 0.629689 0.386595 0.642889
0 0.426650 0.602978 0.484462 0.603272 0.484287 0.637647 0.426475 0.637353
0 0.471790 0.604848 0.535762 0.601450 0.537585 0.635777 0.473613 0.639175
0 0.522655 0.601095 0.580412 0.603626 0.578907 0.637968 0.521150 0.635437
0 0.562485 0.603154 0.626547 0.603096 0.626578 0.637471 0.562515 0.637529
0 0.603993 0.605192 0.663109 0.599646 0.666319 0.633871 0.607204 0.639417
0 0.652375 0.599658 0.716201 0.605157 0.713250 0.639405 0.649424 0.633906
0 0.695142 0.606845 0.758796 0.599624 0.762671 0.633780 0.699017 0.641001
0 0.745104 0.606632 0.804090 0.599843 0.808021 0.633993 0.749035 0.640782
0 0.783179 0.599451 0.840683 0.605420 0.837133 0.639611 0.779630 0.633642
0 0.826434 0.604940 0.890397 0.601364 0.892316 0.635685 0.828353 0.639261
0 0.875579 0.601020 0.933231 0.605325 0.930671 0.639605 0.873019 0.635300
0 0.007675 0.663154 0.092051 0.646846 0.098575 0.680596 0.014199 0.696904
0 0.078932 0.651480 0.136529 0.656460 0.133568 0.690707 0.075971 0.685728
0 0.124727 0.655206 0.188781 0.654174 0.189335 0.688544 0.125281 0.689576
0 0.161791 0.651060 0.247411 0.658442 0.244459 0.692690 0.158839 0.685308
0 0.242070 0.652934 0.258520 0.657917 0.248555 0.690816 0.232105 0.685833
0 0.280683 0.654983 0.297861 0.654411 0.299005 0.688767 0.281827 0.689339
0 0.304852 0.654385 0.368911 0.654991 0.368586 0.689365 0.304526 0.688759
0 0.351499 0.657160 0.398131 0.652393 0.401626 0.686590 0.354994 0.691357
0 0.397358 0.651561 0.456381 0.658018 0.452642 0.692189 0.393619 0.685732
0 0.444527 0.652531 0.508529 0.655314 0.507035 0.689657 0.443033 0.686873
0 0.495818 0.653061 0.555168 0.654765 0.554182 0.689126 0.494832 0.687422
0 0.536561 0.651513 0.600436 0.656400 0.597814 0.690674 0.533939 0.685788
0 0.572799 0.656866 0.636600 0.651087 0.639701 0.685321 0.575900 0.691101
0 0.629750 0.649513 0.675653 0.659012 0.668687 0.692674 0.622785 0.683175
0 0.692067 0.655638 0.709167 0.653911 0.712621 0.688112 0.695520 0.689839
0 0.718207 0.658865 0.775460 0.650842 0.780230 0.684885 0.722977 0.692908
0 0.755897 0.662328 0.813178 0.646697 0.822228 0.679859 0.764947 0.695491
0 0.792138 0.661004 0.848405 0.647727 0.856300 0.681184 0.800032 0.694460
0 0.851823 0.648111 0.909489 0.662253 0.901302 0.695639 0.843636 0.681497
0 0.895236 0.654821 0.954610 0.654554 0.954764 0.688929 0.895390 0.689196
0 0.015545 0.696429 0.098965 0.717078 0.090705 0.750446 0.007285 0.729797
0 0.079287 0.708530 0.125795 0.702676 0.130088 0.736782 0.083580 0.742636
0 0.132719 0.706297 0.149906 0.706203 0.150094 0.740578 0.132906 0.740672
0 0.152895 0.711607 0.209804 0.701430 0.215855 0.735268 0.158946 0.745445
0 0.187319 0.708103 0.273099 0.702898 0.275181 0.737209 0.189401 0.742415
0 0.244969 0.707899 0.291734 0.704682 0.294093 0.738976 0.247329 0.742193
0 0.277926 0.708017 0.335634 0.704545 0.337699 0.738858 0.279991 0.742330
0 0.328937 0.710153 0.386052 0.701199 0.391376 0.735160 0.334261 0.744113
0 0.375473 0.704298 0.433147 0.708284 0.430777 0.742577 0.373103 0.738591
0 0.396690 0.723280 0.476589 0.691635 0.489247 0.723595 0.409348 0.755240
0 0.458685 0.702951 0.516266 0.708124 0.513190 0.742361 0.455609 0.737188
0 0.479019 0.709666 0.564561 0.701430 0.567856 0.735647 0.482314 0.743882
0 0.542209 0.706214 0.600021 0.706286 0.599979 0.740661 0.542166 0.740589
0 0.593040 0.700863 0.651622 0.710534 0.646023 0.744450 0.587441 0.734779
0 0.641507 0.708286 0.700628 0.702799 0.703805 0.737027 0.644684 0.742514
0 0.679224 0.716637 0.762839 0.696792 0.770776 0.730238 0.687161 0.750083
0 0.741520 0.702657 0.805323 0.708420 0.802230 0.742656 0.738427 0.736892
0 0.770835 0.700972 0.856279 0.710163 0.852603 0.744340 0.767158 0.735150
0 0.833561 0.703125 0.891173 0.707932 0.888314 0.742188 0.830702 0.737381
0 0.882088 0.706749 0.939846 0.704221 0.941349 0.738563 0.883592 0.741091
0 0.020020 0.758370 0.084073 0.757261 0.084668 0.791630 0.020615 0.792739
0 0.095188 0.758765 0.112288 0.757034 0.115750 0.791235 0.098649 0.792966
0 0.117094 0.757941 0.163968 0.757684 0.164156 0.792059 0.117282 0.792316
0 0.143537 0.758356 0.229467 0.757272 0.229901 0.791644 0.143970 0.792728
0 0.193298 0.761293 0.278962 0.754442 0.281702 0.788707 0.196038 0.795558
0 0.268434 0.758107 0.285513 0.756174 0.289378 0.790331 0.272300 0.792264
0 0.268007 0.764631 0.352679 0.749938 0.358556 0.783806 0.273884 0.798500
0 0.324869 0.765436 0.382510 0.751193 0.390756 0.784564 0.333115 0.798807
0 0.388986 0.758472 0.405988 0.755959 0.411014 0.789965 0.394012 0.792478
0 0.418542 0.765427 0.474589 0.751248 0.483020 0.784573 0.426973 0.798752
0 0.460391 0.759777 0.524227 0.754406 0.527109 0.788660 0.463273 0.794031
0 0.501587 0.751417 0.586505 0.764616 0.581226 0.798583 0.496308 0.785384
0 0.544899 0.763670 0.601640 0.752592 0.608226 0.786330 0.551485 0.797408
0 0.600686 0.755972 0.647408 0.759765 0.644626 0.794028 0.597905 0.790235
0 0.647353 0.754069 0.703268 0.760198 0.699522 0.794368 0.643607 0.788240
0 0.663829 0.759826 0.749589 0.754308 0.751796 0.788612 0.666036 0.794130
0 0.721233 0.759944 0.767926 0.755815 0.770954 0.790056 0.724261 0.794185
0 0.761775 0.758314 0.819532 0.755782 0.821037 0.790124 0.763280 0.792656
0 0.796788 0.767710 0.852884 0.748251 0.864150 0.780727 0.808054 0.800187
0 0.845997 0.755617 0.902067 0.760119 0.899315 0.794383 0.843246 0.789881
0 0.895759 0.755698 0.959677 0.760005 0.957366 0.794302 0.893448 0.789995
0 0.007433 0.818437 0.091278 0.799588 0.098817 0.833126 0.014972 0.851975
0 0.072916 0.812845 0.131726 0.804670 0.136459 0.838717 0.077649 0.846893
0 0.108691 0.813679 0.172005 0.803911 0.177246 0.837884 0.113933 0.847652
0 0.169300 0.799777 0.223657 0.819466 0.211950 0.851786 0.157593 0.832097
0 0.215803 0.807114 0.271973 0.810122 0.270135 0.844448 0.213965 0.841440
0 0.256971 0.804259 0.314063 0.813356 0.308654 0.847303 0.251562 0.838206
0 0.297752 0.804396 0.360962 0.814812 0.355373 0.848729 0.292163 0.838313
0 0.359025 0.810828 0.375816 0.807154 0.383162 0.840735 0.366372 0.844408
0 0.413518 0.807291 0.430403 0.810501 0.423982 0.844271 0.407097 0.841061
0 0.430331 0.806032 0.489301 0.812952 0.485294 0.847093 0.426324 0.840173
0 0.465638 0.809353 0.523451 0.809397 0.523424 0.843772 0.465612 0.843728
0 0.509235 0.804464 0.564813 0.813134 0.559515 0.847098 0.503937 0.838428
0 0.576154 0.809585 0.593337 0.809174 0.594158 0.843540 0.576976 0.843951
0 0.609024 0.804339 0.667441 0.814966 0.661288 0.848786 0.602872 0.838159
0 0.675628 0.809075 0.692804 0.809697 0.691560 0.844050 0.674383 0.843428
0 0.705765 0.809460 0.765115 0.807741 0.766110 0.842102 0.706760 0.843821
0 0.744623 0.819188 0.801202 0.801181 0.811627 0.833937 0.755048 0.851944
0 0.793120 0.805994 0.850685 0.811341 0.847505 0.845569 0.789940 0.840221
0 0.843354 0.804568 0.902132 0.812965 0.897271 0.846995 0.838493 0.838597
0 0.876135 0.810095 0.932367 0.808667 0.933240 0.843030 0.877008 0.844458
0 0.904268 0.802964 0.989423 0.814537 0.984794 0.848598 0.899639 0.837026
0 0.021257 0.862840 0.080400 0.857606 0.083431 0.891847 0.024287 0.897082
0 0.073387 0.861032 0.137449 0.860844 0.137550 0.895218 0.073488 0.895406
0 0.130559 0.861482 0.147587 0.859149 0.152253 0.893206 0.135225 0.895539
0 0.149164 0.858990 0.206928 0.861351 0.205524 0.895698 0.147760 0.893336
0 0.200829 0.861491 0.260145 0.858856 0.261671 0.893197 0.202355 0.895832
0 0.249672 0.866557 0.306495 0.855906 0.312828 0.889693 0.256005 0.900344
0 0.291375 0.858921 0.350698 0.861422 0.349250 0.895767 0.289927 0.893265
0 0.336586 0.859083 0.395921 0.861253 0.394664 0.895605 0.335329 0.893435
0 0.372712 0.858786 0.432022 0.861564 0.430413 0.895901 0.371103 0.893124
0 0.406472 0.860393 0.492402 0.861484 0.491966 0.895857 0.406035 0.894766
0 0.463346 0.858664 0.527338 0.861686 0.525716 0.896023 0.461725 0.893001
0 0.518306 0.857072 0.575553 0.865139 0.570756 0.899178 0.513509 0.891111
0 0.574345 0.861281 0.591520 0.860620 0.592842 0.894969 0.575667 0.895630
0 0.625816 0.858699 0.642593 0.862435 0.635121 0.895988 0.618345 0.892253
0 0.658540 0.860593 0.675712 0.861313 0.674272 0.895657 0.657100 0.894937
0 0.659020 0.866076 0.744181 0.854547 0.748792 0.888612 0.663632 0.900140
0 0.714934 0.870756 0.771510 0.852740 0.781941 0.885494 0.725365 0.903510
0 0.748097 0.861032 0.834017 0.859287 0.834715 0.893655 0.748795 0.895400
0 0.808668 0.855661 0.865702 0.865114 0.860082 0.899026 0.803048 0.889574
0 0.839973 0.861335 0.899303 0.859004 0.900652 0.893353 0.841322 0.895683
0 0.891324 0.859083 0.938043 0.862907 0.935238 0.897167 0.888520 0.893343
0 0.025423 0.908674 0.084464 0.914956 0.080827 0.949138 0.021786 0.942856
0 0.067558 0.912006 0.114422 0.913001 0.113692 0.947369 0.066828 0.946374
0 0.109216 0.912719 0.156089 0.912282 0.156409 0.946656 0.109536 0.947093
0 0.139165 0.912324 0.198539 0.912676 0.198335 0.947051 0.138961 0.946699
0 0.172865 0.916098 0.231641 0.907686 0.236510 0.941715 0.177734 0.950126
0 0.209563 0.912037 0.295495 0.912965 0.295125 0.947338 0.209192 0.946410
0 0.271075 0.908998 0.330004 0.916260 0.325800 0.950377 0.266871 0.943115
0 0.311937 0.912703 0.369717 0.910754 0.370875 0.945110 0.313096 0.947058
0 0.370616 0.911999 0.387770 0.913067 0.385634 0.947376 0.368480 0.946308
0 0.398003 0.916359 0.444066 0.907674 0.450435 0.941454 0.404372 0.950139
0 0.437117 0.914213 0.483873 0.910875 0.486321 0.945162 0.439565 0.948500
0 0.467306 0.905947 0.552171 0.919482 0.546757 0.953428 0.461892 0.939893
0 0.521828 0.916598 0.578886 0.907288 0.584422 0.941215 0.527364 0.950524
0 0.573671 0.912103 0.633041 0.912900 0.632579 0.947272 0.573209 0.946475
0 0.619994 0.913062 0.679359 0.911944 0.680006 0.946313 0.620641 0.947431
0 0.665198 0.916405 0.722519 0.908887 0.726990 0.942970 0.669668 0.950488
0 0.720637 0.905912 0.778710 0.918280 0.771550 0.951901 0.713477 0.939533
0 0.767665 0.910920 0.827018 0.912530 0.826085 0.946893 0.766732 0.945282
0 0.813803 0.912860 0.860672 0.912144 0.861197 0.946515 0.814328 0.947231
0 0.835641 0.913261 0.921565 0.911745 0.922172 0.946114 0.836247 0.947630
0 0.876176 0.906031 0.961314 0.917726 0.956636 0.951781 0.871498 0.940086
6 0.968750 0.292187 1.000000 0.292187 1.000000 0.323437 0.968750 0.323437
6 0.954688 0.920312 0.985938 0.920312 0.985938 0.951562 0.954688 0.951562
