4 0.000000 0.063889 0.126655 0.070615 0.121610 0.168923 0.000000 0.162198
0 0.010220 0.172838 0.073762 0.189241 0.064780 0.224037 0.001238 0.207634
0 0.050499 0.169863 0.111298 0.173969 0.108876 0.209825 0.048077 0.205719
4 0.086991 0.074486 0.217636 0.061905 0.227072 0.159889 0.096426 0.172470
0 0.097746 0.175898 0.185724 0.162039 0.191316 0.197539 0.103339 0.211398
4 0.187054 0.074381 0.317719 0.061995 0.327008 0.159994 0.196344 0.172380
0 0.240541 0.168893 0.301478 0.168608 0.301646 0.204545 0.240709 0.204830
0 0.228082 0.171061 0.316676 0.161941 0.320356 0.197689 0.231762 0.206809
0 0.241816 0.177903 0.302336 0.162297 0.311309 0.197097 0.250789 0.212703
4 0.300470 0.057746 0.430182 0.077783 0.415155 0.175066 0.285443 0.155030
0 0.316711 0.163563 0.381429 0.174433 0.375477 0.209874 0.310758 0.199004
0 0.350288 0.168387 0.368850 0.171035 0.363775 0.206613 0.345213 0.203965
4 0.394786 0.063759 0.525752 0.072392 0.519276 0.170616 0.388311 0.161983
0 0.421234 0.171539 0.483491 0.177038 0.480329 0.212836 0.418071 0.207337
0 0.405814 0.173313 0.494133 0.184800 0.489498 0.220437 0.401179 0.208950
4 0.491621 0.067952 0.622862 0.066430 0.624004 0.164861 0.492763 0.166383
0 0.545292 0.187839 0.603556 0.169988 0.614083 0.204349 0.555819 0.222200
0 0.515166 0.178906 0.574521 0.177356 0.575459 0.213282 0.516104 0.214831
4 0.586921 0.074601 0.717545 0.061806 0.727142 0.159774 0.596517 0.172569
0 0.656602 0.173258 0.675349 0.173624 0.674648 0.209554 0.655901 0.209189
0 0.611636 0.174675 0.670969 0.176913 0.669614 0.212825 0.610281 0.210587
0 0.587405 0.174391 0.675121 0.158965 0.681345 0.194359 0.593629 0.209785
4 0.698724 0.058705 0.828750 0.076588 0.815338 0.174108 0.685312 0.156224
0 0.737405 0.174373 0.796832 0.160892 0.804783 0.195939 0.745355 0.209420
0 0.725775 0.166660 0.744264 0.169778 0.738288 0.205215 0.719799 0.202097
4 0.785752 0.075805 0.915966 0.059347 0.928310 0.157007 0.798096 0.173466
0 0.796446 0.163306 0.883330 0.182886 0.875429 0.217944 0.788545 0.198364
0 0.812415 0.185266 0.900981 0.175872 0.904772 0.211609 0.816206 0.221003
0 0.820621 0.171300 0.882832 0.177304 0.879379 0.213075 0.817168 0.207071
4 0.042638 0.211905 0.173883 0.213099 0.172987 0.311533 0.041742 0.310338
0 0.077169 0.312466 0.127142 0.314116 0.125956 0.350034 0.075983 0.348384
0 0.094096 0.323213 0.154925 0.326851 0.152779 0.362725 0.091950 0.359086
0 0.096053 0.309047 0.144390 0.321836 0.135197 0.356578 0.086860 0.343789
4 0.144214 0.210689 0.275359 0.215953 0.271411 0.314311 0.140266 0.309047
0 0.149775 0.328929 0.237276 0.312326 0.243975 0.347634 0.156474 0.364236
0 0.190841 0.311969 0.240770 0.314645 0.238846 0.350531 0.188918 0.347855
4 0.239028 0.217803 0.369981 0.208982 0.376597 0.307197 0.245644 0.316018
0 0.282176 0.329820 0.339325 0.313715 0.349074 0.348305 0.291925 0.364410
4 0.340492 0.214524 0.471719 0.212056 0.473570 0.310476 0.342344 0.312944
0 0.368294 0.324701 0.428178 0.313420 0.434831 0.348736 0.374947 0.360017
4 0.445846 0.207079 0.576617 0.218280 0.568217 0.316358 0.437445 0.305158
0 0.510643 0.319745 0.558220 0.335121 0.547169 0.369317 0.499592 0.353942
0 0.451643 0.317040 0.517268 0.317335 0.517107 0.353272 0.451482 0.352978
4 0.542808 0.210684 0.674007 0.214355 0.671254 0.312754 0.540055 0.309083
0 0.572475 0.324801 0.633380 0.326780 0.632213 0.362699 0.571307 0.360720
0 0.577778 0.327163 0.638289 0.319963 0.642535 0.355649 0.582024 0.362849
0 0.570912 0.313331 0.631999 0.326544 0.624401 0.361669 0.563314 0.348456
4 0.656375 0.197818 0.783560 0.230231 0.759250 0.325620 0.632065 0.293206
0 0.696707 0.319977 0.714299 0.313491 0.726731 0.347210 0.709138 0.353696
0 0.679398 0.329393 0.728707 0.321104 0.734664 0.356544 0.685356 0.364833
0 0.650786 0.328357 0.709106 0.310687 0.719526 0.345081 0.661207 0.362750
4 0.740137 0.214239 0.871342 0.210795 0.873925 0.309198 0.742721 0.312643
0 0.791229 0.314910 0.809611 0.318609 0.802521 0.353840 0.784139 0.350141
4 0.000000 0.354350 0.127339 0.363054 0.120810 0.461275 0.000000 0.452571
0 0.054430 0.463007 0.104128 0.457522 0.108070 0.493243 0.058372 0.498728
0 0.015263 0.465371 0.103545 0.477132 0.098800 0.512754 0.010517 0.500993
0 0.000000 0.474230 0.076342 0.469569 0.078223 0.505457 0.000000 0.510118
4 0.091505 0.359517 0.222743 0.357680 0.224120 0.456108 0.092882 0.457945
0 0.129846 0.455882 0.217854 0.469543 0.212342 0.505056 0.124333 0.491394
0 0.089051 0.474074 0.177667 0.465168 0.181261 0.500926 0.092645 0.509832
0 0.105820 0.459121 0.194478 0.467604 0.191055 0.503379 0.102397 0.494896
4 0.184170 0.370895 0.313124 0.346452 0.331455 0.443168 0.202501 0.467610
0 0.205782 0.460997 0.268259 0.459329 0.269218 0.495253 0.206741 0.496921
0 0.215240 0.481154 0.276358 0.457252 0.289447 0.490721 0.228330 0.514623
0 0.238467 0.470540 0.299197 0.465519 0.302158 0.501335 0.241428 0.506356
4 0.294453 0.353992 0.425470 0.361807 0.419609 0.460070 0.288592 0.452255
0 0.350799 0.465249 0.399104 0.478157 0.389826 0.512876 0.341521 0.499968
0 0.334602 0.469617 0.384383 0.474291 0.381023 0.510071 0.331242 0.505397
0 0.315534 0.474183 0.380328 0.463773 0.386029 0.499255 0.321235 0.509665
4 0.396079 0.353012 0.526957 0.362893 0.519546 0.461051 0.388668 0.451170
0 0.446479 0.465380 0.506524 0.475771 0.500396 0.511182 0.440351 0.500792
0 0.443187 0.475978 0.504485 0.463776 0.511500 0.499022 0.450203 0.511224
4 0.485181 0.368231 0.615147 0.349919 0.628881 0.447394 0.498915 0.465706
0 0.521136 0.461986 0.580453 0.464612 0.578864 0.500514 0.519547 0.497888
0 0.538202 0.463703 0.599096 0.466010 0.597736 0.501922 0.536842 0.499615
4 0.585535 0.369018 0.715293 0.349288 0.730090 0.446607 0.600332 0.466337
0 0.627887 0.455779 0.716107 0.467999 0.711176 0.503596 0.622956 0.491376
0 0.638348 0.463405 0.695690 0.484029 0.683527 0.517845 0.626185 0.497221
0 0.623278 0.471434 0.672103 0.460660 0.679847 0.495753 0.631022 0.506528
4 0.693945 0.355552 0.825115 0.360133 0.821680 0.458510 0.690510 0.453930
0 0.727975 0.472039 0.816899 0.467080 0.818900 0.502961 0.729976 0.507920
4 0.792930 0.355844 0.924119 0.359826 0.921133 0.458218 0.789943 0.454237
0 0.821757 0.461154 0.887381 0.460722 0.887618 0.496659 0.821994 0.497091
0 0.789768 0.452934 0.878575 0.459669 0.875857 0.495503 0.787050 0.488769
0 0.846899 0.465149 0.910943 0.479467 0.903101 0.514539 0.839057 0.500220
4 0.040124 0.506786 0.171251 0.501119 0.175501 0.599464 0.044374 0.605131
0 0.074403 0.607546 0.133534 0.612914 0.130285 0.648704 0.071153 0.643336
0 0.066623 0.608795 0.131974 0.614793 0.128689 0.650580 0.063339 0.644582
0 0.085976 0.598272 0.174050 0.611502 0.168712 0.647041 0.080637 0.633810
4 0.149890 0.495038 0.279794 0.513784 0.265735 0.611212 0.135831 0.592466
0 0.167678 0.605494 0.215719 0.619351 0.205760 0.653881 0.157718 0.640024
0 0.174438 0.618244 0.223566 0.608946 0.230249 0.644256 0.181121 0.653554
0 0.217596 0.612293 0.236341 0.612716 0.235529 0.648645 0.216784 0.648221
4 0.246033 0.498277 0.376765 0.509924 0.368030 0.607973 0.237297 0.596326
0 0.293743 0.613166 0.356177 0.610309 0.357820 0.646209 0.295385 0.649066
0 0.276124 0.612385 0.338062 0.620751 0.333251 0.656365 0.271313 0.647999
4 0.344571 0.499948 0.475570 0.508053 0.469492 0.606302 0.338492 0.598197
0 0.351869 0.602916 0.414265 0.606519 0.412193 0.642397 0.349797 0.638793
0 0.351457 0.610160 0.416239 0.599677 0.421980 0.635152 0.357198 0.645636
0 0.360332 0.609918 0.410165 0.605827 0.413105 0.641644 0.363273 0.645735
4 0.439983 0.505083 0.571176 0.501210 0.574080 0.599605 0.442887 0.603477
0 0.472913 0.602500 0.558007 0.628789 0.547399 0.663125 0.462305 0.636836
0 0.466276 0.604409 0.516133 0.608195 0.513411 0.644029 0.463555 0.640243
4 0.533838 0.516087 0.663082 0.493230 0.680225 0.590163 0.550981 0.613020
0 0.616373 0.602606 0.634866 0.605698 0.628940 0.641144 0.610446 0.638052
0 0.600498 0.606025 0.664258 0.621559 0.655752 0.656475 0.591992 0.640941
0 0.573208 0.621483 0.634995 0.599369 0.647105 0.633204 0.585318 0.655319
4 0.646565 0.497690 0.777179 0.510599 0.767497 0.608560 0.636884 0.595651
0 0.692150 0.611000 0.753088 0.610875 0.753162 0.646812 0.692225 0.646938
0 0.671716 0.616000 0.760226 0.606097 0.764222 0.641812 0.675712 0.651715
0 0.657743 0.616392 0.718380 0.610347 0.721945 0.646108 0.661308 0.652153
4 0.742857 0.501248 0.874052 0.505043 0.871206 0.603439 0.740011 0.599644
0 0.789402 0.615048 0.851891 0.616209 0.851223 0.652140 0.788734 0.650979
0 0.747957 0.615180 0.812378 0.602667 0.819231 0.637945 0.754810 0.650458
4 0.000000 0.648576 0.123334 0.648300 0.123541 0.746737 0.000000 0.747013
0 0.037319 0.763029 0.097438 0.753078 0.103306 0.788534 0.043187 0.798484
0 0.050675 0.744984 0.114794 0.758966 0.107137 0.794078 0.043019 0.780097
4 0.099930 0.640311 0.229821 0.659145 0.215695 0.756564 0.085804 0.737730
0 0.124515 0.752428 0.189842 0.758672 0.186423 0.794447 0.121095 0.788203
0 0.151292 0.748143 0.200768 0.755358 0.195583 0.790919 0.146107 0.783705
4 0.186787 0.657394 0.317101 0.641746 0.328838 0.739481 0.198524 0.755129
0 0.212202 0.757075 0.262103 0.753934 0.264361 0.789800 0.214460 0.792941
0 0.272729 0.751359 0.290890 0.756019 0.281959 0.790829 0.263797 0.786169
0 0.240747 0.746287 0.304734 0.760861 0.296753 0.795901 0.232766 0.781327
4 0.295955 0.644561 0.426855 0.654139 0.419670 0.752314 0.288770 0.742736
0 0.329155 0.755572 0.347463 0.751525 0.355220 0.786615 0.336912 0.790662
4 0.392755 0.646688 0.523958 0.650222 0.521307 0.748624 0.390105 0.745090
0 0.457491 0.748609 0.476238 0.748272 0.476884 0.784203 0.458137 0.784541
4 0.492876 0.646536 0.624070 0.650381 0.621186 0.748776 0.489993 0.744932
0 0.510613 0.769923 0.571208 0.754610 0.580012 0.789452 0.519417 0.804765
0 0.529361 0.748776 0.548001 0.746747 0.551889 0.782474 0.533249 0.784503
0 0.499501 0.769541 0.560864 0.757675 0.567687 0.792959 0.506324 0.804825
4 0.596468 0.643110 0.727104 0.655788 0.717595 0.753765 0.586959 0.741087
0 0.654775 0.751500 0.702111 0.767602 0.690538 0.801625 0.643201 0.785523
0 0.643084 0.753525 0.703977 0.751189 0.705354 0.787100 0.644461 0.789436
0 0.636727 0.764663 0.697394 0.758933 0.700773 0.794712 0.640106 0.800442
4 0.697726 0.641811 0.828248 0.655610 0.817899 0.753502 0.687377 0.739703
0 0.723459 0.748101 0.787932 0.760342 0.781228 0.795649 0.716755 0.783408
0 0.707752 0.754128 0.767962 0.744739 0.773498 0.780247 0.713288 0.789636
0 0.704555 0.761150 0.766718 0.754669 0.770445 0.790412 0.708282 0.796894
4 0.794791 0.645003 0.925756 0.653649 0.919272 0.751872 0.788307 0.743226
0 0.820203 0.746444 0.880461 0.755519 0.875109 0.791056 0.814851 0.781981
0 0.863099 0.757157 0.881796 0.758570 0.879088 0.794405 0.860391 0.792992
4 0.046375 0.788613 0.177196 0.799208 0.169250 0.897324 0.038429 0.886730
0 0.079060 0.886939 0.167470 0.897699 0.163128 0.933374 0.074718 0.922613
0 0.104325 0.895149 0.162810 0.905389 0.156612 0.940788 0.098127 0.930548
0 0.065460 0.916238 0.124772 0.896533 0.136103 0.930637 0.076790 0.950342
4 0.140003 0.795678 0.271198 0.791863 0.274059 0.890259 0.142865 0.894074
0 0.195467 0.891929 0.256402 0.892447 0.256096 0.928384 0.195161 0.927865
0 0.186416 0.894817 0.275023 0.903804 0.271397 0.939558 0.182789 0.930571
0 0.147753 0.909156 0.208917 0.896300 0.216309 0.931469 0.155146 0.944325
4 0.235476 0.804284 0.365204 0.784357 0.380149 0.881653 0.250421 0.901580
0 0.300452 0.899473 0.365939 0.903727 0.363610 0.939589 0.298123 0.935335
4 0.345769 0.790087 0.476701 0.799214 0.469856 0.897413 0.338924 0.888286
0 0.390271 0.901148 0.451841 0.911887 0.445667 0.947290 0.384096 0.936551
0 0.369845 0.893668 0.433225 0.910687 0.423905 0.945395 0.360525 0.928376
4 0.440171 0.797341 0.571305 0.791809 0.575454 0.890159 0.444320 0.895691
0 0.482038 0.918382 0.528933 0.901037 0.541400 0.934743 0.494504 0.952088
0 0.442813 0.896101 0.531360 0.905669 0.527499 0.941399 0.438952 0.931831
4 0.537050 0.800951 0.667713 0.788551 0.677013 0.886549 0.546350 0.898949
0 0.583057 0.892173 0.671992 0.896941 0.670068 0.932827 0.581133 0.928059
4 0.639011 0.799079 0.769961 0.790208 0.776614 0.888421 0.645664 0.897292
0 0.683896 0.894204 0.772925 0.891747 0.773916 0.927671 0.684888 0.930128
0 0.664621 0.894731 0.723752 0.909460 0.715066 0.944332 0.655935 0.929603
4 0.745989 0.788951 0.876730 0.800493 0.868074 0.898549 0.737332 0.887007
0 0.777892 0.909651 0.796543 0.907726 0.800233 0.943474 0.781582 0.945399
6 0.000000 0.506874 0.036601 0.499548 0.039531 0.524376 0.000000 0.531702
6 0.000000 0.722140 0.028018 0.721611 0.028229 0.740360 0.000000 0.740889
6 0.944899 0.493200 0.978675 0.499587 0.972288 0.533363 0.938512 0.526976
