1 0.461651 0.920066 0.480224 0.922638 0.472724 0.976809 0.454151 0.974237
5 0.486623 0.919573 0.517692 0.922932 0.511814 0.977302 0.480745 0.973943
7 0.518242 0.920580 0.546362 0.920055 0.547383 0.974732 0.519263 0.975258
0 0.433907 0.973485 0.465114 0.971854 0.466093 0.990578 0.434886 0.992209
0 0.460735 0.975421 0.493322 0.971583 0.495515 0.990204 0.462928 0.994042
0 0.486172 0.972872 0.533033 0.974009 0.532578 0.992753 0.485717 0.991616
0 0.517936 0.971453 0.550657 0.973912 0.549251 0.992610 0.516531 0.990150
8 0.420136 0.860480 0.440207 0.857357 0.448614 0.911395 0.428543 0.914518
1 0.456126 0.858450 0.474840 0.857281 0.478249 0.911862 0.459535 0.913031
5 0.488630 0.855787 0.519530 0.860450 0.511370 0.914526 0.480470 0.909862
5 0.521594 0.858231 0.541891 0.857436 0.544031 0.912082 0.523734 0.912876
0 0.549555 0.859723 0.577602 0.857618 0.581695 0.912152 0.553648 0.914257
0 0.399920 0.911080 0.432731 0.910796 0.432893 0.929545 0.400082 0.929829
0 0.423763 0.910416 0.454995 0.911470 0.454362 0.930209 0.423130 0.929155
0 0.446491 0.911610 0.477712 0.910282 0.478509 0.929015 0.447288 0.930343
0 0.473579 0.908766 0.504698 0.911625 0.502983 0.930296 0.471864 0.927437
0 0.482646 0.911365 0.529513 0.910513 0.529854 0.929260 0.482987 0.930112
0 0.517770 0.909159 0.552086 0.911186 0.550980 0.929904 0.516664 0.927876
0 0.538059 0.909000 0.569048 0.913032 0.566629 0.931625 0.535640 0.927593
0 0.559186 0.911293 0.593554 0.910586 0.593939 0.929332 0.559571 0.930039
5 0.382308 0.797734 0.413259 0.793415 0.420817 0.847578 0.389866 0.851897
8 0.425077 0.795286 0.443827 0.795339 0.443673 0.850026 0.424923 0.849974
0 0.455548 0.794671 0.483490 0.797872 0.477265 0.852204 0.449322 0.849003
7 0.471636 0.797153 0.526284 0.795074 0.528364 0.849722 0.473716 0.851801
8 0.525297 0.794744 0.544004 0.796005 0.540328 0.850568 0.521621 0.849308
7 0.555810 0.793265 0.583497 0.798212 0.573877 0.852047 0.546191 0.847100
0 0.551820 0.793141 0.646943 0.799155 0.643492 0.853734 0.548370 0.847720
1 0.359040 0.733189 0.376213 0.732482 0.378460 0.787124 0.361287 0.787830
1 0.388378 0.735487 0.405308 0.732521 0.414747 0.786388 0.397817 0.789354
0 0.385557 0.733487 0.480860 0.732144 0.481631 0.786826 0.386328 0.788169
7 0.439132 0.732743 0.493819 0.732882 0.493680 0.787569 0.438993 0.787430
8 0.494445 0.732570 0.513019 0.735129 0.505555 0.789305 0.486981 0.786746
5 0.517959 0.732763 0.549160 0.734510 0.546104 0.789112 0.514903 0.787365
7 0.539609 0.730855 0.594145 0.734921 0.590079 0.789457 0.535543 0.785391
0 0.553460 0.731043 0.644014 0.734625 0.641852 0.789270 0.551298 0.785687
1 0.616920 0.735106 0.637068 0.732525 0.644018 0.786769 0.623870 0.789350
1 0.332364 0.669753 0.350716 0.673595 0.339511 0.727122 0.321159 0.723280
7 0.341337 0.669619 0.396006 0.671025 0.394600 0.725694 0.339931 0.724288
8 0.389935 0.670905 0.410218 0.669801 0.413190 0.724408 0.392907 0.725512
1 0.426271 0.670389 0.440333 0.670239 0.440916 0.724923 0.426854 0.725073
5 0.458191 0.669909 0.478485 0.670764 0.476184 0.725403 0.455890 0.724548
5 0.479109 0.674871 0.509698 0.668475 0.520891 0.722004 0.490302 0.728400
1 0.523955 0.670140 0.542702 0.670494 0.541670 0.725172 0.522923 0.724818
5 0.548367 0.672094 0.579559 0.670195 0.582883 0.724781 0.551691 0.726680
7 0.568206 0.674325 0.622550 0.668206 0.628669 0.722550 0.574325 0.728669
1 0.622162 0.670224 0.639348 0.670404 0.638776 0.725088 0.621589 0.724909
0 0.614496 0.666893 0.715819 0.673861 0.712067 0.728419 0.610744 0.721452
1 0.292609 0.607362 0.314463 0.608315 0.312079 0.662951 0.290224 0.661997
0 0.296795 0.609842 0.373318 0.607374 0.375080 0.662033 0.298557 0.664501
1 0.354315 0.610459 0.372820 0.607441 0.381623 0.661416 0.363117 0.664434
5 0.382362 0.610393 0.413438 0.607099 0.419201 0.661482 0.388125 0.664776
0 0.385675 0.609686 0.479352 0.605982 0.481513 0.660626 0.387836 0.664331
0 0.453262 0.607359 0.481372 0.608296 0.479550 0.662953 0.451441 0.662017
1 0.493048 0.607698 0.511674 0.609852 0.505389 0.664177 0.486764 0.662023
5 0.523504 0.605621 0.553821 0.613199 0.540559 0.666254 0.510241 0.658676
8 0.556733 0.607665 0.573918 0.607968 0.572954 0.662647 0.555770 0.662344
7 0.571082 0.607064 0.625748 0.608582 0.624231 0.663248 0.569564 0.661731
5 0.610435 0.610856 0.641233 0.605560 0.650502 0.659456 0.619704 0.664753
1 0.655712 0.607957 0.669771 0.607679 0.670851 0.662356 0.656791 0.662633
1 0.690917 0.607652 0.709526 0.609947 0.702833 0.664223 0.684224 0.661928
0 0.215505 0.552469 0.316124 0.538664 0.323558 0.592844 0.222938 0.606649
0 0.234057 0.546907 0.371547 0.545284 0.372193 0.599968 0.234703 0.601591
5 0.326970 0.544660 0.347231 0.546104 0.343343 0.600653 0.323082 0.599209
1 0.357569 0.546000 0.376278 0.544747 0.379931 0.599313 0.361222 0.600565
0 0.366670 0.540259 0.442490 0.550897 0.434892 0.605054 0.359072 0.594416
1 0.428739 0.544553 0.445829 0.546382 0.440011 0.600759 0.422921 0.598931
5 0.451443 0.545381 0.482692 0.545244 0.482932 0.599931 0.451683 0.600068
1 0.490644 0.545028 0.510948 0.545620 0.509356 0.600284 0.489052 0.599693
0 0.480507 0.549137 0.581892 0.543146 0.585118 0.597738 0.483733 0.603729
8 0.557914 0.544798 0.576630 0.545927 0.573336 0.600515 0.554620 0.599386
0 0.558886 0.546010 0.635436 0.544624 0.636426 0.599303 0.559876 0.600688
7 0.608872 0.547134 0.651011 0.545116 0.653628 0.599741 0.611489 0.601759
1 0.657868 0.545111 0.671924 0.545540 0.670257 0.600202 0.656201 0.599773
1 0.686161 0.544932 0.708021 0.545730 0.706027 0.600381 0.684166 0.599583
0 0.716140 0.545054 0.744260 0.545581 0.743235 0.600259 0.715115 0.599732
1 0.226247 0.483530 0.244951 0.482227 0.248753 0.536782 0.230049 0.538086
5 0.251530 0.485096 0.282655 0.482309 0.287533 0.536779 0.256408 0.539566
0 0.232281 0.486377 0.369600 0.479320 0.372406 0.533936 0.235088 0.540992
7 0.309797 0.480963 0.364350 0.484797 0.360516 0.539350 0.305963 0.535516
8 0.359497 0.482775 0.376684 0.482851 0.376441 0.537538 0.359253 0.537461
8 0.388434 0.484801 0.407068 0.482723 0.413129 0.537074 0.394494 0.539152
7 0.405709 0.483364 0.460386 0.482272 0.461478 0.536949 0.406801 0.538041
1 0.458090 0.482719 0.476839 0.482909 0.476285 0.537594 0.457536 0.537404
5 0.490708 0.482507 0.511011 0.483145 0.509292 0.537806 0.488989 0.537167
8 0.525211 0.482267 0.543922 0.483470 0.540414 0.538045 0.521703 0.536842
1 0.551241 0.484817 0.573007 0.482642 0.578447 0.537058 0.556680 0.539233
7 0.579249 0.485527 0.606983 0.480857 0.616064 0.534786 0.588329 0.539455
7 0.614989 0.484842 0.643018 0.482531 0.647511 0.537033 0.619482 0.539344
1 0.651511 0.483755 0.670187 0.482087 0.675052 0.536558 0.656376 0.538226
1 0.686784 0.483329 0.703945 0.482380 0.706966 0.536984 0.689805 0.537933
5 0.710874 0.485118 0.741996 0.482294 0.746939 0.536757 0.715816 0.539581
1 0.753516 0.482164 0.773778 0.483597 0.769921 0.538148 0.749660 0.536716
0 0.203908 0.533845 0.238179 0.536525 0.236717 0.555218 0.202446 0.552537
0 0.226543 0.535970 0.257793 0.535905 0.257832 0.554655 0.226582 0.554720
0 0.258210 0.535749 0.267577 0.536143 0.266790 0.554876 0.257423 0.554482
0 0.283392 0.535669 0.292750 0.536240 0.291608 0.554956 0.282250 0.554385
0 0.281907 0.533658 0.328683 0.536694 0.327468 0.555405 0.280692 0.552368
0 0.313362 0.534105 0.338268 0.536279 0.336638 0.554958 0.311732 0.552784
0 0.348229 0.536501 0.357549 0.535484 0.359583 0.554124 0.350263 0.555141
0 0.361912 0.537956 0.392705 0.532631 0.395900 0.551107 0.365107 0.556432
0 0.387823 0.535419 0.419056 0.536467 0.418427 0.555206 0.387194 0.554158
0 0.407458 0.536096 0.454296 0.534232 0.455042 0.552967 0.408204 0.554831
0 0.446382 0.532602 0.477164 0.537991 0.473930 0.556460 0.443149 0.551071
0 0.488005 0.535701 0.497367 0.536200 0.496370 0.554924 0.487008 0.554425
0 0.491963 0.536361 0.526328 0.535520 0.526787 0.554264 0.492422 0.555105
0 0.511442 0.534068 0.542450 0.537952 0.540120 0.556557 0.509112 0.552673
0 0.534127 0.536278 0.559118 0.535604 0.559623 0.554347 0.534632 0.555021
0 0.541913 0.538423 0.588355 0.532063 0.590899 0.550640 0.544457 0.557000
0 0.577878 0.536276 0.602870 0.535606 0.603372 0.554349 0.578380 0.555019
0 0.608280 0.535345 0.633251 0.536552 0.632345 0.555280 0.607374 0.554073
0 0.622844 0.536226 0.654023 0.534129 0.655281 0.552836 0.624102 0.554934
0 0.653555 0.535255 0.684775 0.536639 0.683945 0.555370 0.652725 0.553986
0 0.670920 0.534211 0.702111 0.536137 0.700955 0.554852 0.669764 0.552925
0 0.702255 0.532734 0.726694 0.537999 0.722745 0.556329 0.698306 0.551063
0 0.712466 0.536756 0.745130 0.533642 0.746909 0.552307 0.714245 0.555421
0 0.742493 0.535446 0.773727 0.536439 0.773132 0.555179 0.741898 0.554186
1 0.193711 0.421179 0.210831 0.419660 0.215664 0.474134 0.198544 0.475652
1 0.224678 0.422530 0.243272 0.420113 0.250322 0.474345 0.231728 0.476762
0 0.221536 0.422329 0.315202 0.418345 0.317526 0.472983 0.223861 0.476968
1 0.297431 0.420098 0.316018 0.422566 0.308819 0.476777 0.290232 0.474309
5 0.326700 0.419740 0.346974 0.420989 0.343612 0.475573 0.323338 0.474324
5 0.361422 0.419724 0.383030 0.423130 0.374516 0.477151 0.352907 0.473745
1 0.392268 0.420287 0.409455 0.420338 0.409295 0.475025 0.392108 0.474975
5 0.422848 0.420862 0.443134 0.419834 0.445902 0.474451 0.425616 0.475479
1 0.459693 0.419791 0.476841 0.420961 0.473119 0.475521 0.455971 0.474352
1 0.489811 0.420025 0.511678 0.420620 0.510189 0.475288 0.488322 0.474692
8 0.521168 0.420869 0.539890 0.419839 0.542894 0.474444 0.524172 0.475474
8 0.557009 0.419832 0.575730 0.420878 0.572678 0.475481 0.553957 0.474434
0 0.584617 0.419810 0.612722 0.420852 0.610696 0.475502 0.582590 0.474460
0 0.586240 0.418592 0.676798 0.422073 0.674697 0.476721 0.584139 0.473239
1 0.658422 0.420190 0.675455 0.422489 0.668140 0.476685 0.651107 0.474386
1 0.689780 0.419634 0.708467 0.421176 0.703970 0.475678 0.685283 0.474136
7 0.698421 0.423865 0.752698 0.417171 0.759391 0.471448 0.705115 0.478141
1 0.756590 0.419990 0.775124 0.422828 0.766847 0.476885 0.748313 0.474047
0 0.724664 0.424090 0.862035 0.418148 0.864399 0.472785 0.727027 0.478727
0 0.172338 0.472706 0.203553 0.474190 0.202662 0.492919 0.171447 0.491435
0 0.204528 0.469727 0.235150 0.475962 0.231409 0.494335 0.200787 0.488100
0 0.225322 0.473023 0.250308 0.473862 0.249678 0.492602 0.224692 0.491763
0 0.237996 0.472657 0.269205 0.474242 0.268254 0.492968 0.237045 0.491383
0 0.258862 0.475267 0.289712 0.470285 0.292701 0.488796 0.261850 0.493777
0 0.284093 0.475496 0.315090 0.471530 0.317470 0.490129 0.286472 0.494095
0 0.305185 0.471578 0.336195 0.475441 0.333878 0.494047 0.302867 0.490184
0 0.322678 0.474057 0.353809 0.471327 0.355447 0.490006 0.324316 0.492735
0 0.353469 0.472887 0.384699 0.474000 0.384031 0.492738 0.352801 0.491625
0 0.368885 0.473193 0.403257 0.473683 0.402990 0.492432 0.368618 0.491942
0 0.388472 0.473719 0.419653 0.471635 0.420903 0.490344 0.389722 0.492427
0 0.410856 0.474274 0.441947 0.471133 0.443832 0.489788 0.412740 0.492929
0 0.440778 0.473186 0.472024 0.473691 0.471722 0.492439 0.440476 0.491934
0 0.465717 0.473286 0.496966 0.473590 0.496783 0.492339 0.465534 0.492035
0 0.474898 0.473698 0.521770 0.473178 0.521977 0.491927 0.475105 0.492447
0 0.506037 0.473728 0.531031 0.473152 0.531463 0.491897 0.506469 0.492473
0 0.524015 0.471325 0.570812 0.474018 0.569735 0.492737 0.522938 0.490044
0 0.570584 0.473306 0.579955 0.473576 0.579416 0.492319 0.570045 0.492049
0 0.582261 0.475364 0.613082 0.470206 0.616177 0.488699 0.585355 0.493856
0 0.609667 0.471846 0.640743 0.475133 0.638771 0.493779 0.607694 0.490492
0 0.635644 0.473945 0.666878 0.472940 0.667481 0.491680 0.636247 0.492685
0 0.663061 0.472733 0.688019 0.474173 0.686939 0.492892 0.661981 0.491452
0 0.684627 0.471117 0.715716 0.474293 0.713810 0.492946 0.682722 0.489770
0 0.719094 0.472955 0.728405 0.474048 0.726218 0.492670 0.716907 0.491577
0 0.740978 0.473269 0.750347 0.473619 0.749647 0.492356 0.740278 0.492006
0 0.760110 0.471529 0.791274 0.473835 0.789890 0.492534 0.758726 0.490227
0 0.786041 0.473301 0.811040 0.473576 0.810834 0.492324 0.785835 0.492049
7 0.145926 0.357267 0.200545 0.359988 0.197824 0.414608 0.143205 0.411887
1 0.196088 0.357327 0.214808 0.358385 0.211725 0.412985 0.193004 0.411928
7 0.211637 0.357189 0.266249 0.360075 0.263363 0.414686 0.208751 0.411800
0 0.222987 0.358600 0.316724 0.357032 0.317638 0.411712 0.223901 0.413280
1 0.296073 0.357375 0.313233 0.358335 0.310177 0.412937 0.293017 0.411977
7 0.316169 0.357091 0.358238 0.360250 0.354144 0.414784 0.312075 0.411625
5 0.348113 0.362148 0.378769 0.356080 0.389387 0.409727 0.358731 0.415795
0 0.362280 0.360053 0.438788 0.357173 0.440845 0.411822 0.364337 0.414702
8 0.427149 0.357420 0.444315 0.358273 0.441601 0.412893 0.424435 0.412040
7 0.443372 0.354095 0.497468 0.362122 0.489440 0.416218 0.435345 0.408190
7 0.468644 0.361481 0.522894 0.354581 0.529794 0.408832 0.475543 0.415731
0 0.519176 0.357597 0.547298 0.358034 0.546449 0.412715 0.518327 0.412278
1 0.554013 0.358092 0.575881 0.357550 0.577237 0.412221 0.555369 0.412763
1 0.587085 0.357982 0.608957 0.357649 0.609790 0.412330 0.587918 0.412664
1 0.623039 0.358143 0.637088 0.357533 0.639461 0.412169 0.625412 0.412779
0 0.650446 0.357587 0.678568 0.358045 0.677679 0.412725 0.649557 0.412268
1 0.683880 0.358668 0.704133 0.357117 0.708308 0.411645 0.688054 0.413196
0 0.694803 0.354375 0.770858 0.363175 0.764572 0.417500 0.688517 0.408700
5 0.747260 0.357596 0.778507 0.358034 0.777740 0.412716 0.746493 0.412278
0 0.756991 0.357585 0.833526 0.359621 0.832072 0.414290 0.755536 0.412254
0 0.762814 0.349742 0.899106 0.367926 0.891874 0.422133 0.755581 0.403949
0 0.069751 0.297550 0.207220 0.294650 0.208374 0.349325 0.070905 0.352225
0 0.125240 0.293633 0.218928 0.297028 0.216948 0.351680 0.123259 0.348285
1 0.196545 0.295622 0.210596 0.295048 0.212830 0.349690 0.198779 0.350264
1 0.229745 0.294810 0.248463 0.295909 0.245255 0.350503 0.226537 0.349403
1 0.258999 0.295737 0.277732 0.294938 0.280064 0.349575 0.261331 0.350375
1 0.294294 0.295132 0.313040 0.295504 0.311956 0.350181 0.293210 0.349809
0 0.286888 0.298636 0.380504 0.293629 0.383425 0.348239 0.289808 0.353246
5 0.349983 0.297365 0.381011 0.293648 0.387517 0.347947 0.356489 0.351665
7 0.377641 0.291674 0.431764 0.299516 0.423921 0.353639 0.369799 0.345796
0 0.384297 0.299175 0.479417 0.293122 0.482890 0.347700 0.387770 0.353753
8 0.450988 0.298677 0.470890 0.294615 0.481825 0.348198 0.461922 0.352260
1 0.488769 0.295705 0.507504 0.294963 0.509669 0.349607 0.490933 0.350350
1 0.524250 0.295753 0.538290 0.294959 0.541375 0.349560 0.527335 0.350353
5 0.549471 0.295621 0.580715 0.295014 0.581779 0.349691 0.550535 0.350299
1 0.588554 0.295478 0.605738 0.295157 0.606759 0.349835 0.589574 0.350156
5 0.616333 0.295295 0.647538 0.296971 0.644605 0.351580 0.613400 0.349904
1 0.655829 0.295424 0.669890 0.295207 0.670733 0.349888 0.656672 0.350105
5 0.692647 0.294576 0.712513 0.298815 0.701103 0.352299 0.681237 0.348060
5 0.712399 0.295836 0.743633 0.294818 0.745413 0.349477 0.714180 0.350494
7 0.733654 0.296053 0.788322 0.294591 0.789784 0.349259 0.735116 0.350721
8 0.792658 0.294898 0.809462 0.298511 0.797967 0.351977 0.781163 0.348364
1 0.819361 0.294874 0.838088 0.295821 0.835326 0.350439 0.816600 0.349492
7 0.830779 0.297510 0.885302 0.293279 0.889534 0.347802 0.835010 0.352034
1 0.081380 0.232290 0.100095 0.233438 0.096745 0.288023 0.078030 0.286874
0 0.083065 0.232462 0.159624 0.233165 0.159122 0.287850 0.082563 0.287147
1 0.145199 0.232852 0.163948 0.232774 0.164176 0.287461 0.145427 0.287539
1 0.180368 0.232646 0.194427 0.232995 0.193069 0.287666 0.179011 0.287317
7 0.208038 0.232746 0.236105 0.234555 0.232587 0.289129 0.204520 0.287320
1 0.241919 0.232921 0.263793 0.232706 0.264331 0.287391 0.242457 0.287606
7 0.261970 0.229209 0.316104 0.236970 0.308343 0.291104 0.254209 0.283343
5 0.303787 0.232037 0.334995 0.233662 0.332150 0.288276 0.300942 0.286650
0 0.308859 0.227772 0.400454 0.238204 0.394266 0.292540 0.302671 0.282109
1 0.371855 0.233147 0.393720 0.232502 0.395333 0.287166 0.373467 0.287811
5 0.396813 0.235500 0.427701 0.230758 0.436000 0.284812 0.405112 0.289555
5 0.436072 0.232692 0.467264 0.234598 0.463928 0.289183 0.432736 0.287277
8 0.475676 0.232145 0.494365 0.233659 0.489949 0.288168 0.471260 0.286654
1 0.504254 0.233259 0.522986 0.232420 0.525433 0.287053 0.506702 0.287892
5 0.535174 0.233793 0.555410 0.232037 0.560139 0.286519 0.539902 0.288276
1 0.575578 0.232499 0.589623 0.233193 0.586922 0.287814 0.572877 0.287119
0 0.598288 0.234544 0.626356 0.232754 0.629837 0.287331 0.601769 0.289121
7 0.616899 0.236508 0.671304 0.230961 0.676851 0.285367 0.622446 0.290914
5 0.667702 0.231033 0.698694 0.235045 0.691673 0.289280 0.660681 0.285268
8 0.699886 0.234637 0.720114 0.232780 0.725114 0.287238 0.704886 0.289095
1 0.731032 0.235377 0.749555 0.232471 0.758031 0.286498 0.739507 0.289404
0 0.725921 0.236419 0.827331 0.230851 0.830329 0.285456 0.728919 0.291024
1 0.798033 0.235345 0.814994 0.232564 0.823842 0.286530 0.806881 0.289311
1 0.834676 0.232465 0.853412 0.233202 0.851261 0.287847 0.832526 0.287110
0 0.836822 0.234981 0.913266 0.230729 0.916303 0.285332 0.839859 0.289584
1 0.908331 0.232724 0.922071 0.235720 0.910419 0.289151 0.896679 0.286155
0 0.056005 0.286401 0.090368 0.285480 0.090870 0.304224 0.056507 0.305145
0 0.072322 0.285160 0.106661 0.286734 0.105803 0.305465 0.071464 0.303891
0 0.102711 0.286665 0.133928 0.285230 0.134789 0.303960 0.103572 0.305395
0 0.122577 0.284287 0.147513 0.286073 0.146173 0.304775 0.121237 0.302989
0 0.146140 0.286508 0.177278 0.283871 0.178860 0.302554 0.147722 0.305191
0 0.174201 0.285593 0.183546 0.286342 0.182049 0.305032 0.172704 0.304283
0 0.192120 0.286412 0.201455 0.285543 0.203192 0.304213 0.193858 0.305082
0 0.212335 0.287734 0.243391 0.284258 0.245477 0.302891 0.214421 0.306367
0 0.244281 0.283657 0.268790 0.288586 0.265094 0.306968 0.240585 0.302039
0 0.262642 0.285704 0.293889 0.286173 0.293608 0.304921 0.262361 0.304452
0 0.292500 0.285535 0.317486 0.286350 0.316875 0.305090 0.291889 0.304275
0 0.321740 0.286523 0.346601 0.283894 0.348573 0.302540 0.323711 0.305169
0 0.350865 0.283845 0.381999 0.286537 0.380385 0.305217 0.349251 0.302526
0 0.379438 0.286528 0.388753 0.285467 0.390875 0.304097 0.381560 0.305158
0 0.400027 0.285893 0.431276 0.285982 0.431223 0.304732 0.399974 0.304643
0 0.433225 0.283747 0.458050 0.286696 0.455838 0.305316 0.431012 0.302366
0 0.450793 0.286730 0.485031 0.283657 0.486707 0.302332 0.452469 0.305405
0 0.468702 0.286018 0.499952 0.285858 0.500048 0.304607 0.468798 0.304767
0 0.498230 0.286328 0.532596 0.285552 0.533020 0.304297 0.498654 0.305073
0 0.523848 0.285285 0.555070 0.286607 0.554277 0.305340 0.523055 0.304018
0 0.549467 0.286208 0.583780 0.284139 0.584908 0.302855 0.550595 0.304924
0 0.574962 0.286004 0.607774 0.285871 0.607850 0.304621 0.575038 0.304754
0 0.603072 0.286796 0.635730 0.283606 0.637553 0.302267 0.604895 0.305457
0 0.623016 0.286679 0.654231 0.285216 0.655109 0.303946 0.623894 0.305409
0 0.655995 0.286069 0.665366 0.285813 0.665880 0.304556 0.656509 0.304812
0 0.658942 0.282129 0.705149 0.290013 0.701995 0.308496 0.655788 0.300612
0 0.696706 0.286225 0.727951 0.285653 0.728294 0.304400 0.697049 0.304972
0 0.721669 0.288034 0.755803 0.283972 0.758019 0.302591 0.723885 0.306653
0 0.749450 0.286243 0.783759 0.284106 0.784925 0.302819 0.750616 0.304957
0 0.771837 0.286001 0.803087 0.285874 0.803163 0.304624 0.771913 0.304751
0 0.800915 0.286331 0.832081 0.284032 0.833460 0.302731 0.802294 0.305030
0 0.819996 0.286375 0.844981 0.285511 0.845629 0.304250 0.820644 0.305114
0 0.834323 0.286034 0.868697 0.285842 0.868802 0.304591 0.834428 0.304783
0 0.867345 0.285680 0.898591 0.286198 0.898280 0.304945 0.867034 0.304427
0 0.906155 0.285986 0.915530 0.285890 0.915720 0.304639 0.906345 0.304735
6 0.002194 0.673363 0.045387 0.680319 0.038431 0.723512 0.000000 0.716556
6 0.943272 0.466116 0.977634 0.465147 0.978603 0.499509 0.944241 0.500478
6 0.962251 0.309628 0.995059 0.309126 0.995562 0.341934 0.962753 0.342437
6 0.012818 0.368437 0.056563 0.369068 0.055932 0.412813 0.012187 0.412182
6 0.946147 0.582117 0.980383 0.585210 0.977290 0.619445 0.943055 0.616353
