1 0.029494 0.036775 0.056467 0.044743 0.033006 0.124163 0.006033 0.116195
1 0.026065 0.043372 0.053446 0.036944 0.072372 0.117565 0.044992 0.123993
0 0.013605 0.093842 0.065138 0.092111 0.066083 0.120220 0.014549 0.121951
1 0.088725 0.038426 0.109816 0.044232 0.087837 0.124074 0.066747 0.118268
1 0.080619 0.045617 0.107307 0.036741 0.133443 0.115320 0.106756 0.124197
0 0.090903 0.093614 0.104963 0.093891 0.104409 0.122011 0.090349 0.121734
1 0.143856 0.036797 0.170915 0.044467 0.148332 0.124141 0.121273 0.116471
1 0.136865 0.047613 0.166257 0.036998 0.194385 0.114887 0.164993 0.125502
1 0.200212 0.035789 0.232939 0.046307 0.207600 0.125148 0.174874 0.114630
1 0.196873 0.045149 0.223715 0.036753 0.248440 0.115788 0.221597 0.124185
1 0.257718 0.036923 0.285064 0.043493 0.265720 0.124014 0.238373 0.117445
1 0.257687 0.043922 0.283341 0.037035 0.304813 0.117015 0.279159 0.123903
1 0.318774 0.036746 0.345558 0.045328 0.320288 0.124191 0.293505 0.115609
1 0.312452 0.045487 0.337619 0.036990 0.364110 0.115451 0.338944 0.123948
1 0.381795 0.038655 0.402249 0.046410 0.372893 0.123845 0.352438 0.116090
1 0.370192 0.046134 0.395142 0.037019 0.423558 0.114804 0.398608 0.123918
0 0.353261 0.091645 0.423444 0.095907 0.421739 0.123980 0.351556 0.119718
1 0.434802 0.036741 0.461505 0.045570 0.435511 0.124196 0.408807 0.115368
1 0.430904 0.044065 0.456516 0.037023 0.478471 0.116872 0.452859 0.123914
0 0.419160 0.093023 0.470702 0.094489 0.469902 0.122602 0.418361 0.121136
1 0.494823 0.038464 0.515711 0.044961 0.491115 0.124036 0.470227 0.117539
1 0.486727 0.044585 0.513750 0.036787 0.536710 0.116353 0.509688 0.124151
0 0.477710 0.097756 0.523958 0.090120 0.528540 0.117869 0.482292 0.125505
1 0.549753 0.036752 0.576590 0.045168 0.551809 0.124186 0.524973 0.115770
1 0.538950 0.047270 0.572891 0.035457 0.600112 0.113668 0.566172 0.125481
0 0.534517 0.093493 0.586077 0.094008 0.585796 0.122132 0.534236 0.121617
1 0.609558 0.036740 0.636151 0.045896 0.609192 0.124197 0.582599 0.115042
1 0.596122 0.047871 0.629827 0.035400 0.658565 0.113066 0.624861 0.125537
0 0.593582 0.095469 0.640336 0.092103 0.642356 0.120156 0.595602 0.123522
1 0.668679 0.038484 0.689503 0.045185 0.664133 0.124016 0.643310 0.117315
1 0.662065 0.043622 0.687805 0.037065 0.708248 0.117315 0.682507 0.123872
0 0.653244 0.091521 0.701592 0.094469 0.699881 0.122541 0.651533 0.119594
1 0.725861 0.036771 0.752134 0.046809 0.722576 0.124167 0.696304 0.114128
1 0.713349 0.046410 0.747613 0.035571 0.772588 0.114528 0.738324 0.125366
1 0.787647 0.037008 0.813115 0.048941 0.777978 0.123930 0.752510 0.111996
1 0.779401 0.044142 0.800516 0.038424 0.822161 0.118358 0.801047 0.124076
0 0.772268 0.093219 0.811316 0.094291 0.810544 0.122406 0.771496 0.121334
1 0.839302 0.036760 0.866194 0.044994 0.841948 0.124178 0.815056 0.115943
1 0.835212 0.044343 0.857612 0.037447 0.881976 0.116595 0.859576 0.123490
0 0.816422 0.090313 0.886384 0.097328 0.883578 0.125312 0.813616 0.118297
0 0.037973 0.123418 0.070621 0.126700 0.068277 0.150020 0.035629 0.146738
0 0.067930 0.124624 0.106921 0.126981 0.105507 0.150376 0.066516 0.148019
0 0.082612 0.125355 0.123231 0.124648 0.123638 0.148082 0.083019 0.148789
0 0.096745 0.129232 0.135252 0.122665 0.139192 0.145768 0.100686 0.152335
0 0.133893 0.123127 0.172560 0.128673 0.169232 0.151873 0.130565 0.146327
0 0.150765 0.124546 0.191312 0.127062 0.189860 0.150454 0.149313 0.147938
0 0.166512 0.127040 0.207061 0.124566 0.208488 0.147960 0.167939 0.150434
0 0.190193 0.129274 0.228418 0.121229 0.233245 0.144164 0.195020 0.152209
0 0.228332 0.124892 0.240830 0.125112 0.240418 0.148546 0.227920 0.148326
0 0.250898 0.122949 0.283427 0.127254 0.280352 0.150488 0.247823 0.146184
0 0.274685 0.126711 0.307331 0.123408 0.309690 0.146726 0.277044 0.150029
0 0.290319 0.131540 0.327507 0.119585 0.334681 0.141898 0.297493 0.153853
0 0.333510 0.124324 0.345917 0.125852 0.343052 0.149114 0.330646 0.147586
0 0.346794 0.125152 0.390543 0.124848 0.390706 0.148285 0.346957 0.148589
0 0.377837 0.128946 0.410107 0.123004 0.414351 0.146054 0.382081 0.151996
0 0.402162 0.122725 0.445660 0.127409 0.443151 0.150712 0.399652 0.146028
0 0.422676 0.122696 0.461444 0.127480 0.458574 0.150741 0.419806 0.145958
0 0.435158 0.127191 0.474123 0.124430 0.475779 0.147809 0.436815 0.150570
0 0.460640 0.125574 0.504375 0.124434 0.504985 0.147863 0.461250 0.149004
0 0.473598 0.124612 0.531405 0.125390 0.531090 0.148826 0.473282 0.148047
0 0.522384 0.124742 0.534872 0.125279 0.533866 0.148695 0.521378 0.148158
0 0.538705 0.122659 0.581968 0.129164 0.578483 0.152341 0.535219 0.145836
0 0.569170 0.124786 0.581662 0.125229 0.580830 0.148652 0.568338 0.148208
0 0.563047 0.122928 0.620565 0.128754 0.618203 0.152072 0.560685 0.146246
0 0.589753 0.124871 0.622513 0.126730 0.621185 0.150129 0.588425 0.148270
0 0.614942 0.127004 0.653931 0.124603 0.655371 0.147996 0.616382 0.150397
0 0.646451 0.127295 0.685261 0.122857 0.687924 0.146142 0.649114 0.150581
0 0.660248 0.129083 0.703534 0.122728 0.706939 0.145917 0.663653 0.152272
0 0.689537 0.124243 0.728570 0.125776 0.727650 0.149195 0.688618 0.147662
0 0.717406 0.123416 0.757902 0.126659 0.756031 0.150021 0.715536 0.146779
0 0.747615 0.124628 0.786607 0.126977 0.785198 0.150372 0.746206 0.148023
0 0.763337 0.128403 0.806595 0.121860 0.810100 0.145034 0.766842 0.151577
0 0.791931 0.125456 0.832546 0.124550 0.833069 0.147981 0.792454 0.148888
0 0.817800 0.119589 0.854992 0.131533 0.847825 0.153848 0.810633 0.141904
0 0.848162 0.121121 0.879835 0.129693 0.873713 0.152316 0.842040 0.143745
0 0.868295 0.121132 0.925557 0.129091 0.922330 0.152305 0.865068 0.144346
0 0.891850 0.129004 0.930174 0.121440 0.934712 0.144434 0.896389 0.151998
0 0.910603 0.130378 0.953474 0.121655 0.958147 0.144622 0.915276 0.153345
1 0.057400 0.149981 0.080221 0.155322 0.061350 0.235956 0.038529 0.230615
1 0.051035 0.158039 0.077749 0.149242 0.103653 0.227898 0.076939 0.236696
0 0.048113 0.202391 0.094275 0.210537 0.089387 0.238234 0.043225 0.230088
1 0.119523 0.149547 0.144344 0.159007 0.114852 0.236390 0.090031 0.226930
1 0.105713 0.158757 0.140033 0.148096 0.164600 0.227180 0.130280 0.237842
0 0.101298 0.206715 0.149727 0.205790 0.150264 0.233910 0.101836 0.234835
1 0.178213 0.150837 0.200225 0.158886 0.171787 0.236663 0.149775 0.228614
1 0.168326 0.159287 0.188662 0.151227 0.219174 0.228213 0.198838 0.236273
0 0.162947 0.202563 0.209431 0.208610 0.205803 0.236500 0.159319 0.230453
1 0.233515 0.149245 0.259997 0.158716 0.232110 0.236692 0.205628 0.227221
1 0.220053 0.162647 0.245036 0.149729 0.283072 0.223291 0.258089 0.236208
1 0.285129 0.149586 0.312685 0.155212 0.296121 0.236351 0.268565 0.230725
1 0.280601 0.160366 0.304933 0.149712 0.338149 0.225571 0.313817 0.236225
0 0.278040 0.208099 0.316778 0.203073 0.320397 0.230964 0.281659 0.235990
1 0.349429 0.149276 0.375671 0.159392 0.345884 0.236662 0.319641 0.226545
1 0.343266 0.155864 0.370649 0.149446 0.389547 0.230073 0.362164 0.236492
1 0.405173 0.149253 0.432019 0.157639 0.407327 0.236685 0.380481 0.228299
1 0.398048 0.157936 0.424796 0.149243 0.450389 0.228002 0.423641 0.236694
1 0.461020 0.149298 0.488083 0.156953 0.465543 0.236639 0.438480 0.228984
1 0.460163 0.157403 0.481067 0.150959 0.505462 0.230097 0.484558 0.236541
0 0.448943 0.204631 0.497351 0.206323 0.496369 0.234431 0.447961 0.232739
1 0.519982 0.149526 0.545605 0.156530 0.523768 0.236412 0.498145 0.229407
1 0.515083 0.157475 0.541982 0.149261 0.566167 0.228463 0.539268 0.236677
0 0.508732 0.202961 0.555319 0.208149 0.552206 0.236102 0.505619 0.230913
1 0.581807 0.149536 0.606674 0.158872 0.577568 0.236401 0.552701 0.227065
1 0.574678 0.158119 0.595373 0.151033 0.622197 0.229381 0.601502 0.236467
0 0.569307 0.205507 0.608341 0.207014 0.607255 0.235118 0.568222 0.233611
1 0.637951 0.149242 0.664487 0.158561 0.637049 0.236695 0.610513 0.227377
1 0.629445 0.157826 0.656229 0.149246 0.681492 0.228111 0.654708 0.236691
1 0.688369 0.149676 0.716009 0.154878 0.700693 0.236262 0.673053 0.231060
1 0.691663 0.155412 0.719168 0.149539 0.736462 0.230525 0.708957 0.236399
1 0.748115 0.149268 0.777021 0.156039 0.758135 0.236669 0.729229 0.229899
1 0.743309 0.159860 0.769381 0.149311 0.800441 0.226078 0.774369 0.236627
0 0.726521 0.206354 0.796833 0.206146 0.796917 0.234271 0.726604 0.234479
1 0.811470 0.149259 0.837817 0.159100 0.808843 0.236678 0.782495 0.226838
1 0.799664 0.160455 0.825513 0.149371 0.858148 0.225483 0.832299 0.236566
0 0.786594 0.200853 0.856264 0.210342 0.852468 0.238210 0.782799 0.228721
1 0.866992 0.149251 0.893818 0.157698 0.868946 0.236687 0.842119 0.228240
1 0.862107 0.159263 0.882451 0.151222 0.912893 0.228237 0.892549 0.236278
0 0.853657 0.204590 0.902062 0.206367 0.901030 0.234473 0.852625 0.232696
1 0.029678 0.261747 0.056468 0.270308 0.031259 0.349191 0.004469 0.340629
1 0.023419 0.270161 0.050257 0.261752 0.075018 0.340776 0.048180 0.349185
0 0.015004 0.320627 0.061596 0.315481 0.064683 0.343436 0.018092 0.348582
1 0.089406 0.261986 0.114634 0.270299 0.088719 0.348952 0.063491 0.340639
1 0.082126 0.270382 0.107328 0.261987 0.133499 0.340556 0.108297 0.348950
1 0.147408 0.260656 0.178757 0.274760 0.144779 0.350281 0.113431 0.336178
1 0.138351 0.270678 0.165018 0.261740 0.191336 0.340259 0.164669 0.349197
0 0.133300 0.314919 0.181320 0.321261 0.177638 0.349144 0.129617 0.342802
1 0.205903 0.262453 0.228266 0.269471 0.203472 0.348484 0.181109 0.341467
1 0.197738 0.269833 0.223115 0.261987 0.247575 0.341105 0.222198 0.348950
0 0.189279 0.317059 0.240726 0.320504 0.238846 0.348566 0.187399 0.345121
1 0.262376 0.261990 0.287544 0.270484 0.261061 0.348948 0.235894 0.340454
1 0.255649 0.269466 0.282709 0.261797 0.305288 0.341472 0.278229 0.349140
0 0.246484 0.320997 0.294724 0.316619 0.297266 0.344628 0.249026 0.349006
1 0.314710 0.260590 0.349017 0.271293 0.324352 0.350348 0.290046 0.339644
1 0.313580 0.271830 0.333902 0.263736 0.364545 0.340670 0.344223 0.348764
0 0.311452 0.315461 0.350157 0.320734 0.346361 0.348601 0.307656 0.343329
1 0.381393 0.263615 0.401920 0.271177 0.373295 0.348885 0.352768 0.341323
1 0.373334 0.269972 0.394219 0.263465 0.418853 0.342528 0.397969 0.349035
1 0.434212 0.260342 0.467471 0.273956 0.436100 0.350596 0.402841 0.336982
1 0.426194 0.270462 0.460793 0.260747 0.483181 0.340475 0.448582 0.350191
0 0.424278 0.319030 0.463285 0.316948 0.464784 0.345033 0.425777 0.347115
1 0.496154 0.261856 0.522055 0.272816 0.489784 0.349082 0.463882 0.338122
1 0.487136 0.269847 0.514076 0.261768 0.537864 0.341090 0.510924 0.349169
0 0.480404 0.316440 0.528608 0.321196 0.525846 0.349185 0.477642 0.344429
1 0.549800 0.262020 0.575401 0.269102 0.553325 0.348917 0.527724 0.341836
1 0.545300 0.268759 0.574142 0.261725 0.593763 0.342179 0.564921 0.349213
1 0.609634 0.262264 0.637521 0.272447 0.609116 0.350236 0.581229 0.340053
1 0.604682 0.268887 0.627214 0.262436 0.650006 0.342051 0.627473 0.348501
0 0.582489 0.321128 0.652527 0.314919 0.655011 0.342934 0.584973 0.349143
1 0.664023 0.261854 0.691239 0.268948 0.670352 0.349083 0.643136 0.341990
1 0.661840 0.268978 0.689047 0.261850 0.710035 0.341959 0.682828 0.349087
0 0.652397 0.316620 0.700757 0.319362 0.699165 0.347442 0.650805 0.344700
1 0.726681 0.262017 0.751642 0.271102 0.723319 0.348920 0.698358 0.339836
1 0.718131 0.269478 0.745187 0.261796 0.767806 0.341459 0.740751 0.349142
0 0.710864 0.318873 0.757739 0.318628 0.757886 0.346752 0.711011 0.346997
1 0.779737 0.261800 0.806806 0.269435 0.784325 0.349138 0.757257 0.341503
1 0.778085 0.269932 0.798981 0.263461 0.823477 0.342568 0.802581 0.349039
0 0.784579 0.318650 0.798640 0.318853 0.798233 0.346975 0.784172 0.346772
1 0.836940 0.261895 0.864239 0.268663 0.844310 0.349042 0.817011 0.342274
1 0.832805 0.270153 0.859646 0.261752 0.884382 0.340784 0.857541 0.349185
1 0.058903 0.375926 0.080113 0.381279 0.059847 0.461574 0.038637 0.456221
1 0.053035 0.382154 0.080036 0.374281 0.103215 0.453784 0.076214 0.461656
1 0.117544 0.374254 0.143931 0.383989 0.115269 0.461683 0.088882 0.451949
1 0.109184 0.384439 0.131018 0.375917 0.161128 0.453061 0.139295 0.461583
1 0.172004 0.374342 0.199192 0.381541 0.177996 0.461595 0.150808 0.454396
1 0.163601 0.385569 0.189407 0.374385 0.222337 0.450369 0.196531 0.461552
1 0.229776 0.374868 0.258347 0.382934 0.235849 0.462632 0.207278 0.454566
1 0.227931 0.382529 0.248799 0.375969 0.273632 0.454971 0.252763 0.461531
0 0.219581 0.428001 0.267750 0.433093 0.264794 0.461062 0.216625 0.455970
1 0.291726 0.374280 0.317943 0.384463 0.287961 0.461657 0.261744 0.451475
1 0.288867 0.380737 0.310213 0.375954 0.328320 0.456763 0.306975 0.461546
1 0.349346 0.375933 0.370373 0.381967 0.347529 0.461567 0.326502 0.455533
1 0.338513 0.384954 0.364550 0.374319 0.395862 0.450984 0.369825 0.461618
1 0.404539 0.374273 0.431503 0.382268 0.407961 0.461664 0.380997 0.453669
1 0.401080 0.381655 0.426666 0.374517 0.448920 0.454283 0.423334 0.461421
0 0.379311 0.434590 0.449317 0.428033 0.451939 0.456035 0.381933 0.462592
1 0.466863 0.374632 0.491402 0.384801 0.459699 0.461305 0.435160 0.451136
1 0.454074 0.383560 0.486889 0.373323 0.511551 0.452378 0.478736 0.462615
0 0.454977 0.429090 0.493937 0.431922 0.491898 0.459973 0.452938 0.457140
1 0.526643 0.376285 0.546890 0.384565 0.515544 0.461215 0.495297 0.452935
1 0.510175 0.386635 0.538983 0.374524 0.571075 0.450865 0.542267 0.462976
1 0.572837 0.374780 0.600557 0.379541 0.586538 0.461158 0.558818 0.456397
1 0.577693 0.380861 0.599009 0.375945 0.617619 0.456639 0.596304 0.461555
0 0.564250 0.430931 0.612684 0.431571 0.612312 0.459694 0.563879 0.459054
1 0.637865 0.374241 0.664420 0.383508 0.637135 0.461696 0.610580 0.452430
1 0.628072 0.384201 0.652825 0.374565 0.682865 0.451737 0.658112 0.461372
1 0.694547 0.375924 0.715695 0.381518 0.694515 0.461576 0.673368 0.455982
1 0.687321 0.382779 0.714121 0.374248 0.739241 0.453158 0.712441 0.461690
1 0.751645 0.374245 0.778417 0.382863 0.753042 0.461692 0.726270 0.453074
1 0.743034 0.384429 0.769264 0.374278 0.799153 0.451508 0.772924 0.461660
1 0.809598 0.374260 0.836493 0.382484 0.812277 0.461677 0.785382 0.453453
1 0.804371 0.383397 0.826537 0.375783 0.853442 0.454103 0.831276 0.461717
0 0.797696 0.428091 0.844313 0.433002 0.841366 0.460972 0.794749 0.456061
1 0.866870 0.374280 0.893865 0.382171 0.870630 0.461657 0.843635 0.453766
1 0.859313 0.384536 0.885503 0.374285 0.915687 0.451401 0.889497 0.461652
0 0.840301 0.436684 0.909579 0.424667 0.914386 0.452378 0.845108 0.464395
1 0.029502 0.487020 0.055101 0.494109 0.032998 0.573918 0.007399 0.566828
1 0.021425 0.497367 0.047494 0.486812 0.078575 0.563570 0.052506 0.574126
0 0.015228 0.546010 0.063465 0.541606 0.066022 0.569615 0.017785 0.574019
1 0.089435 0.486986 0.114658 0.495315 0.088690 0.573951 0.063467 0.565622
1 0.075941 0.498940 0.107637 0.485637 0.139684 0.561998 0.107988 0.575300
0 0.075280 0.543293 0.122146 0.544212 0.121595 0.572332 0.074729 0.571413
1 0.152180 0.488650 0.173602 0.498158 0.140007 0.573850 0.118585 0.564342
1 0.135902 0.497688 0.161851 0.486842 0.193786 0.563250 0.167836 0.574095
0 0.129879 0.543405 0.181437 0.544098 0.181059 0.572220 0.129501 0.571527
1 0.204877 0.486740 0.231469 0.495900 0.204498 0.574197 0.177906 0.565038
1 0.196101 0.496651 0.220872 0.487060 0.250774 0.564286 0.226003 0.573877
0 0.208226 0.542144 0.222158 0.544055 0.218336 0.571919 0.204404 0.570008
1 0.258619 0.486912 0.285947 0.493557 0.266381 0.574025 0.239053 0.567380
1 0.252465 0.496099 0.285266 0.485817 0.310035 0.564839 0.277234 0.575120
0 0.249025 0.541687 0.295707 0.545928 0.293163 0.573938 0.246480 0.569697
1 0.321345 0.486777 0.347578 0.496918 0.317718 0.574160 0.291485 0.564019
1 0.313358 0.495092 0.340219 0.486755 0.364767 0.565845 0.337906 0.574183
0 0.304962 0.543288 0.353390 0.544217 0.352851 0.572337 0.304422 0.571408
1 0.375886 0.488482 0.397299 0.492956 0.380364 0.574018 0.358951 0.569544
1 0.374250 0.493864 0.396789 0.487436 0.419500 0.567074 0.396961 0.573501
1 0.438867 0.488524 0.459585 0.495544 0.433008 0.573976 0.412290 0.566956
1 0.427918 0.495605 0.453045 0.486993 0.479895 0.565332 0.454767 0.573944
1 0.487792 0.486816 0.521010 0.495658 0.499708 0.575684 0.466490 0.566842
1 0.488871 0.493673 0.516166 0.486894 0.536129 0.567264 0.508834 0.574044
0 0.479432 0.544185 0.526299 0.543319 0.526818 0.571440 0.479951 0.572306
1 0.548967 0.485712 0.581425 0.497030 0.554158 0.575225 0.521700 0.563907
1 0.543315 0.495470 0.570051 0.486743 0.595748 0.565468 0.569011 0.574195
1 0.609689 0.486753 0.636085 0.496462 0.607499 0.574184 0.581103 0.564476
1 0.601381 0.495871 0.627982 0.486740 0.654869 0.565066 0.628268 0.574198
1 0.662454 0.487171 0.692560 0.495548 0.670359 0.575329 0.640253 0.566952
1 0.656203 0.497697 0.682149 0.486843 0.714109 0.563240 0.688163 0.574094
1 0.724097 0.486740 0.750753 0.495710 0.724341 0.574198 0.697684 0.565227
1 0.716788 0.495432 0.750079 0.486867 0.770712 0.567068 0.737421 0.575633
0 0.711527 0.540568 0.759509 0.547197 0.755660 0.575057 0.707678 0.568428
1 0.781771 0.486740 0.808456 0.495627 0.782291 0.574197 0.755607 0.565311
1 0.779516 0.492539 0.805546 0.487246 0.822046 0.568398 0.796016 0.573691
0 0.776782 0.538541 0.814609 0.548286 0.807593 0.575522 0.769766 0.565777
1 0.841156 0.486759 0.867504 0.496599 0.838532 0.574178 0.812184 0.564339
1 0.831033 0.496519 0.857409 0.486756 0.886155 0.564419 0.859779 0.574182
0 0.813800 0.544424 0.884100 0.543081 0.884637 0.571201 0.814337 0.572544
1 0.060928 0.600952 0.081861 0.607302 0.057822 0.686548 0.036889 0.680198
1 0.054444 0.607560 0.075304 0.600972 0.100243 0.679940 0.079384 0.686528
1 0.112273 0.599435 0.139640 0.605923 0.120539 0.686502 0.093172 0.680015
1 0.112047 0.608206 0.132717 0.601045 0.159828 0.679294 0.139158 0.686455
0 0.104458 0.651375 0.152120 0.660013 0.147104 0.687687 0.099443 0.679049
1 0.170941 0.598321 0.203753 0.608571 0.179059 0.687616 0.146247 0.677366
1 0.168593 0.607501 0.193917 0.599485 0.218907 0.678437 0.193583 0.686453
0 0.161458 0.654215 0.209716 0.658389 0.207292 0.686410 0.159034 0.682236
1 0.227591 0.599553 0.255111 0.605352 0.238034 0.686385 0.210514 0.680585
1 0.226214 0.606793 0.253327 0.599314 0.275348 0.679145 0.248236 0.686624
0 0.216543 0.656642 0.264926 0.654328 0.266269 0.682421 0.217887 0.684735
1 0.289054 0.599247 0.315844 0.607809 0.290634 0.686691 0.263844 0.678129
1 0.284335 0.606585 0.311510 0.599337 0.332852 0.679352 0.305678 0.686600
0 0.291917 0.656389 0.305977 0.656117 0.306520 0.684236 0.292461 0.684508
1 0.349070 0.599508 0.374086 0.608438 0.346243 0.686430 0.321227 0.677499
1 0.337445 0.610286 0.366773 0.599495 0.395368 0.677214 0.366040 0.688005
0 0.334925 0.654173 0.383175 0.658436 0.380700 0.686452 0.332450 0.682189
1 0.405179 0.599507 0.434675 0.609829 0.407321 0.687993 0.377825 0.677671
1 0.397795 0.608126 0.424479 0.599240 0.450643 0.677811 0.423959 0.686697
0 0.382048 0.652811 0.452009 0.659829 0.449202 0.687814 0.379241 0.680796
1 0.466695 0.599619 0.491273 0.609693 0.459867 0.686319 0.435289 0.676245
1 0.460576 0.607149 0.481552 0.600942 0.505049 0.680351 0.484073 0.686558
0 0.447928 0.656386 0.496331 0.654572 0.497385 0.682677 0.448981 0.684491
1 0.520087 0.599276 0.547066 0.607224 0.523663 0.686661 0.496684 0.678713
1 0.516986 0.607010 0.539337 0.599955 0.564264 0.678927 0.541913 0.685982
1 0.580935 0.600972 0.601796 0.607554 0.576878 0.686528 0.556017 0.679946
1 0.573065 0.607106 0.598513 0.599493 0.622248 0.678831 0.596800 0.686444
1 0.633883 0.599332 0.661044 0.606630 0.639555 0.686606 0.612393 0.679307
1 0.629113 0.608075 0.655815 0.599241 0.681825 0.677863 0.655123 0.686696
0 0.622165 0.654443 0.673595 0.658129 0.671585 0.686182 0.620155 0.682496
1 0.693641 0.599272 0.720598 0.607292 0.696984 0.686666 0.670027 0.678646
1 0.690297 0.605767 0.717707 0.599464 0.736265 0.680171 0.708855 0.686473
0 0.695221 0.656978 0.709050 0.654426 0.714154 0.682084 0.700325 0.684636
1 0.753455 0.599486 0.778686 0.607791 0.752795 0.686452 0.727564 0.678147
1 0.748350 0.606107 0.775665 0.599404 0.795400 0.679831 0.768085 0.686533
0 0.735687 0.658333 0.787088 0.654255 0.789313 0.682292 0.737912 0.686370
1 0.809751 0.599242 0.836465 0.608039 0.810562 0.686696 0.783848 0.677899
1 0.805995 0.605722 0.833417 0.599473 0.851817 0.680216 0.824395 0.686464
0 0.814623 0.655656 0.828624 0.656967 0.826002 0.684969 0.812001 0.683658
1 0.867274 0.599265 0.894195 0.607405 0.870226 0.686673 0.843305 0.678533
1 0.860244 0.608773 0.886707 0.599247 0.914756 0.677165 0.888293 0.686691
0 0.853995 0.656694 0.900808 0.654281 0.902255 0.682369 0.855442 0.684781
1 0.029914 0.711760 0.056809 0.719987 0.032586 0.799177 0.005691 0.790951
1 0.019975 0.721086 0.054356 0.710625 0.078462 0.789851 0.044081 0.800312
0 0.004204 0.772457 0.074140 0.765194 0.077046 0.793168 0.007110 0.800431
1 0.087434 0.711770 0.114384 0.719817 0.090691 0.799168 0.063741 0.791121
1 0.077704 0.724095 0.101570 0.712435 0.137921 0.786843 0.114055 0.798502
0 0.075934 0.772450 0.114373 0.765499 0.119378 0.793175 0.080939 0.800126
1 0.143353 0.711882 0.170626 0.718752 0.150397 0.799056 0.123124 0.792186
1 0.138758 0.720372 0.165527 0.711745 0.190929 0.790565 0.164160 0.799192
0 0.130743 0.771163 0.177384 0.766478 0.180194 0.794462 0.133554 0.799147
1 0.199214 0.711992 0.226662 0.718127 0.208598 0.798945 0.181151 0.792811
1 0.196591 0.720357 0.223365 0.711745 0.248722 0.790580 0.221947 0.799192
0 0.194453 0.767041 0.233470 0.768929 0.232110 0.797022 0.193093 0.795133
1 0.256890 0.710591 0.291199 0.721288 0.266547 0.800347 0.232239 0.789649
1 0.252743 0.721653 0.279071 0.711762 0.308195 0.789285 0.281866 0.799175
0 0.248212 0.769132 0.295081 0.768371 0.295538 0.796493 0.248669 0.797254
1 0.322162 0.712064 0.346918 0.721692 0.316901 0.798873 0.292145 0.789245
1 0.316485 0.719858 0.337402 0.713456 0.361640 0.792642 0.340723 0.799044
1 0.380788 0.711821 0.406819 0.722470 0.375462 0.799117 0.349431 0.788467
1 0.379397 0.716433 0.405818 0.713695 0.414353 0.796067 0.387932 0.798805
0 0.362340 0.769030 0.410774 0.768472 0.411098 0.796595 0.362663 0.797153
1 0.438461 0.711813 0.464526 0.722379 0.433414 0.799125 0.407349 0.788559
1 0.427351 0.721651 0.452122 0.712060 0.482024 0.789286 0.457253 0.798877
0 0.436924 0.769515 0.450917 0.768123 0.453701 0.796110 0.439708 0.797502
1 0.492250 0.712011 0.517808 0.719246 0.495250 0.798927 0.469692 0.791691
1 0.482363 0.724004 0.503206 0.713286 0.541075 0.786934 0.520231 0.797651
0 0.479884 0.766406 0.528216 0.769592 0.526366 0.797656 0.478034 0.794471
1 0.554421 0.711833 0.580404 0.722599 0.548704 0.799104 0.522721 0.788338
1 0.543469 0.720948 0.570045 0.711741 0.597156 0.789990 0.570580 0.799197
1 0.603465 0.710720 0.638021 0.720587 0.615285 0.800217 0.580729 0.790351
1 0.601253 0.720970 0.627821 0.711741 0.654997 0.789967 0.628429 0.799197
0 0.610951 0.768743 0.625013 0.768757 0.624987 0.796882 0.610924 0.796868
1 0.662696 0.710863 0.695605 0.720794 0.671679 0.800075 0.638770 0.790143
1 0.658966 0.720756 0.684043 0.711999 0.711346 0.790181 0.686269 0.798939
1 0.727397 0.712329 0.754756 0.723855 0.722603 0.800171 0.695244 0.788645
1 0.720307 0.718555 0.747636 0.711913 0.767193 0.792383 0.739864 0.799025
0 0.714372 0.768329 0.753426 0.769177 0.752815 0.797296 0.713762 0.796448
1 0.782528 0.711986 0.807874 0.719933 0.783097 0.798952 0.757751 0.791005
1 0.777633 0.719161 0.803217 0.712016 0.825492 0.791777 0.799908 0.798921
1 0.837218 0.711819 0.864344 0.719248 0.842470 0.799119 0.815343 0.791690
1 0.833730 0.719496 0.860779 0.711794 0.883458 0.791441 0.856408 0.799143
0 0.813476 0.769534 0.883720 0.766431 0.884961 0.794529 0.814717 0.797631
1 0.058341 0.824240 0.085024 0.833131 0.058846 0.911697 0.032164 0.902807
1 0.051452 0.833033 0.076604 0.824491 0.103235 0.902904 0.078084 0.911447
0 0.044128 0.879308 0.095537 0.883276 0.093372 0.911317 0.041963 0.907349
1 0.114336 0.824586 0.144224 0.833712 0.120039 0.912914 0.090151 0.903788
1 0.109347 0.832669 0.136183 0.824252 0.160966 0.903269 0.134130 0.911686
0 0.106377 0.881075 0.145438 0.881426 0.145185 0.909550 0.106124 0.909199
1 0.172020 0.824295 0.199072 0.831989 0.176417 0.911643 0.149365 0.903948
1 0.168409 0.832631 0.193692 0.824485 0.219091 0.903306 0.193808 0.911453
1 0.232662 0.824941 0.255118 0.831653 0.231401 0.910997 0.208945 0.904284
1 0.224693 0.833335 0.253136 0.824827 0.276869 0.904165 0.248427 0.912673
0 0.216550 0.883164 0.263134 0.877948 0.266263 0.905899 0.219679 0.911114
1 0.289328 0.824243 0.316064 0.832972 0.290360 0.911695 0.263624 0.902965
1 0.281067 0.833991 0.307453 0.824255 0.336120 0.901947 0.309734 0.911683
0 0.280126 0.880660 0.319171 0.881853 0.318311 0.909965 0.279267 0.908772
1 0.342400 0.823139 0.376809 0.833509 0.352913 0.912799 0.318504 0.902429
1 0.344888 0.832187 0.365854 0.825944 0.389487 0.905313 0.368521 0.911556
0 0.332672 0.882972 0.380992 0.879596 0.382953 0.907653 0.334633 0.911029
1 0.406288 0.824240 0.432911 0.833307 0.406212 0.911698 0.379589 0.902630
1 0.402542 0.832284 0.423480 0.825950 0.447458 0.905216 0.426520 0.911550
0 0.390933 0.880733 0.439359 0.881773 0.438755 0.909892 0.390329 0.908852
1 0.458746 0.824476 0.486171 0.830709 0.467817 0.911462 0.440391 0.905228
1 0.457368 0.833738 0.477876 0.826126 0.506695 0.903762 0.486187 0.911374
0 0.452929 0.881526 0.491988 0.880977 0.492383 0.909099 0.453325 0.909648
1 0.523844 0.824529 0.548744 0.833779 0.519906 0.911408 0.495006 0.902159
1 0.512247 0.834364 0.536943 0.824581 0.567440 0.901574 0.542745 0.911356
1 0.574703 0.824525 0.602192 0.830475 0.584672 0.911413 0.557183 0.905463
1 0.572821 0.831976 0.599877 0.824296 0.622491 0.903961 0.595435 0.911641
0 0.551419 0.890445 0.619140 0.871530 0.626706 0.898618 0.558985 0.917533
1 0.641047 0.826071 0.661661 0.833390 0.633953 0.911429 0.613339 0.904110
1 0.626140 0.835607 0.655347 0.824494 0.684797 0.901893 0.655590 0.913006
0 0.621237 0.883261 0.669372 0.877852 0.672513 0.905801 0.624378 0.911210
1 0.695823 0.824243 0.722347 0.833598 0.694802 0.911695 0.668278 0.902340
1 0.685330 0.834339 0.711591 0.824272 0.741233 0.901598 0.714971 0.911665
1 0.752213 0.824773 0.780361 0.834210 0.754037 0.912727 0.725889 0.903290
1 0.749819 0.830494 0.775732 0.824656 0.793931 0.905444 0.768018 0.911281
0 0.739398 0.879483 0.787700 0.883096 0.785602 0.911142 0.737300 0.907529
1 0.809251 0.824796 0.837561 0.833736 0.812624 0.912704 0.784314 0.903764
1 0.802369 0.833213 0.829024 0.824240 0.855444 0.902725 0.828789 0.911698
0 0.797147 0.880807 0.844013 0.881698 0.843478 0.909818 0.796612 0.908927
1 0.867830 0.824764 0.895807 0.834694 0.868108 0.912736 0.840130 0.902806
1 0.861866 0.832541 0.888743 0.824257 0.913134 0.903396 0.886257 0.911680
6 0.000000 0.290527 0.026660 0.294072 0.023116 0.321973 0.000000 0.318428
