8 0.082942 0.077391 0.103186 0.079060 0.098308 0.138234 0.078064 0.136565
8 0.133482 0.076306 0.153635 0.078848 0.146205 0.137756 0.126053 0.135215
8 0.184430 0.077620 0.204713 0.078717 0.201507 0.138005 0.181225 0.136908
8 0.237858 0.076484 0.259645 0.078442 0.254329 0.137579 0.232542 0.135620
8 0.290952 0.076561 0.311184 0.078360 0.305923 0.137502 0.285691 0.135702
8 0.339434 0.076550 0.359664 0.078379 0.354316 0.137513 0.334086 0.135683
8 0.388296 0.077632 0.408580 0.078701 0.405454 0.137993 0.385170 0.136924
8 0.441163 0.076436 0.462939 0.078523 0.457274 0.137627 0.435499 0.135540
8 0.489243 0.077585 0.509521 0.078765 0.506070 0.138040 0.485792 0.136860
8 0.542862 0.077452 0.563118 0.078963 0.558701 0.138173 0.538445 0.136662
8 0.592468 0.076505 0.614260 0.078408 0.609094 0.137558 0.587302 0.135655
8 0.640815 0.077810 0.661117 0.078471 0.659185 0.137815 0.638883 0.137154
8 0.692303 0.077458 0.710990 0.078991 0.706135 0.138167 0.687448 0.136634
8 0.746163 0.076243 0.764682 0.079175 0.755399 0.137819 0.736880 0.134888
8 0.796029 0.077382 0.817841 0.079038 0.813346 0.138243 0.791534 0.136587
8 0.845537 0.077526 0.867373 0.078829 0.863838 0.138099 0.842002 0.136796
0 0.066731 0.113333 0.118081 0.108664 0.120769 0.138230 0.069419 0.142898
0 0.102944 0.111247 0.152940 0.110630 0.153306 0.140316 0.103310 0.140932
0 0.123223 0.114826 0.177395 0.107329 0.181464 0.136737 0.127293 0.144233
0 0.168221 0.111705 0.183782 0.110292 0.186467 0.139857 0.170906 0.141271
0 0.178144 0.110903 0.232831 0.110972 0.232794 0.140659 0.178106 0.140591
0 0.227846 0.111546 0.243430 0.110408 0.245591 0.140017 0.230008 0.141154
0 0.247675 0.110447 0.297608 0.113030 0.296075 0.142678 0.246142 0.140095
0 0.264864 0.114797 0.316081 0.108839 0.319511 0.138328 0.268294 0.144286
0 0.296964 0.110775 0.351650 0.111100 0.351474 0.140787 0.296787 0.140462
0 0.327368 0.114994 0.381685 0.108644 0.385132 0.138131 0.330815 0.144481
0 0.352659 0.112534 0.402632 0.110919 0.403591 0.140591 0.353618 0.142206
0 0.369908 0.113219 0.421278 0.108767 0.423842 0.138343 0.372472 0.142796
0 0.398705 0.110579 0.439323 0.111301 0.438795 0.140984 0.398177 0.140262
0 0.419134 0.110426 0.459746 0.111459 0.458991 0.141137 0.418379 0.140104
0 0.437952 0.108861 0.492475 0.113103 0.490173 0.142701 0.435650 0.138459
0 0.466115 0.108897 0.539328 0.114631 0.537010 0.144228 0.463797 0.138494
0 0.513358 0.110236 0.567963 0.113246 0.566329 0.142889 0.511724 0.139879
0 0.550972 0.112863 0.605612 0.110600 0.606841 0.140262 0.552200 0.142525
0 0.569422 0.109372 0.642792 0.112530 0.641515 0.142190 0.568146 0.139032
0 0.605617 0.112950 0.660250 0.110517 0.661571 0.140175 0.606937 0.142608
0 0.652692 0.111174 0.668310 0.110714 0.669183 0.140389 0.653565 0.140848
0 0.657944 0.110718 0.707942 0.111158 0.707681 0.140844 0.657683 0.140405
0 0.705073 0.110741 0.720693 0.111144 0.719927 0.140822 0.704307 0.140419
0 0.711793 0.114575 0.761486 0.109045 0.764769 0.138550 0.715076 0.144080
0 0.735899 0.111034 0.809336 0.110841 0.809414 0.140528 0.735977 0.140722
0 0.766596 0.112764 0.816553 0.110699 0.817779 0.140361 0.767822 0.142426
0 0.820204 0.110995 0.835829 0.110881 0.836046 0.140568 0.820421 0.140682
0 0.830518 0.107499 0.879999 0.114684 0.875732 0.144064 0.826251 0.136878
0 0.849267 0.114733 0.900498 0.108896 0.903858 0.138392 0.852627 0.144229
0 0.878908 0.110702 0.919481 0.112774 0.917967 0.142423 0.877394 0.140351
1 0.084789 0.215274 0.103524 0.216024 0.101148 0.275351 0.082413 0.274601
1 0.119307 0.214893 0.134815 0.216801 0.127568 0.275732 0.112060 0.273824
1 0.152282 0.213646 0.172359 0.216730 0.163343 0.275417 0.143266 0.272332
1 0.183636 0.213875 0.202226 0.216318 0.194489 0.275187 0.175899 0.272744
1 0.217712 0.213794 0.236261 0.216529 0.227601 0.275269 0.209051 0.272534
1 0.247612 0.214042 0.266264 0.215956 0.260201 0.275021 0.241549 0.273106
1 0.278212 0.215111 0.298494 0.216229 0.295225 0.275514 0.274944 0.274396
1 0.313374 0.214039 0.338069 0.217936 0.328813 0.276586 0.304119 0.272689
1 0.345895 0.213999 0.366112 0.215968 0.360355 0.275064 0.340138 0.273094
1 0.377084 0.214898 0.392594 0.216787 0.385416 0.275727 0.369906 0.273838
1 0.408620 0.213365 0.430141 0.217283 0.419505 0.275698 0.397984 0.271779
1 0.441376 0.213640 0.461450 0.216745 0.452374 0.275422 0.432300 0.272317
1 0.474238 0.213879 0.492830 0.216309 0.485137 0.275183 0.466545 0.272754
1 0.507158 0.213860 0.525741 0.216355 0.517842 0.275202 0.499259 0.272708
1 0.537647 0.214887 0.557890 0.216567 0.552978 0.275738 0.532735 0.274058
1 0.572401 0.213836 0.592566 0.216284 0.585411 0.275226 0.565247 0.272779
1 0.604795 0.214897 0.625040 0.216551 0.620205 0.275728 0.599960 0.274074
1 0.639800 0.213963 0.660007 0.216035 0.653950 0.275100 0.633743 0.273028
1 0.677276 0.213881 0.694263 0.216498 0.685224 0.275181 0.668237 0.272564
1 0.705333 0.213775 0.723871 0.216582 0.714980 0.275288 0.696441 0.272480
1 0.739986 0.213732 0.758498 0.216707 0.749077 0.275330 0.730564 0.272355
1 0.772678 0.213779 0.792819 0.216408 0.785135 0.275284 0.764993 0.272655
1 0.808429 0.214924 0.825533 0.216614 0.819696 0.275701 0.802592 0.274011
1 0.842465 0.214048 0.857939 0.216211 0.849723 0.275014 0.834248 0.272852
1 0.874279 0.213939 0.894478 0.216079 0.888221 0.275124 0.868022 0.272983
1 0.092885 0.283795 0.117854 0.285027 0.114928 0.344330 0.089958 0.343098
1 0.139451 0.283727 0.161280 0.285148 0.157424 0.344398 0.135595 0.342977
1 0.187678 0.284064 0.207980 0.284717 0.206072 0.344061 0.185770 0.343408
1 0.236310 0.283782 0.256580 0.285091 0.252753 0.344343 0.232483 0.343034
1 0.279741 0.284102 0.300045 0.284671 0.298384 0.344023 0.278080 0.343454
1 0.327143 0.283726 0.347404 0.285175 0.343170 0.344399 0.322909 0.342950
1 0.372336 0.283979 0.392631 0.284823 0.390164 0.344146 0.369869 0.343302
1 0.414868 0.283756 0.439833 0.285077 0.436694 0.344369 0.411729 0.343048
1 0.463328 0.283662 0.483576 0.285276 0.478859 0.344463 0.458611 0.342849
1 0.508155 0.284269 0.526904 0.284485 0.526220 0.343856 0.507471 0.343640
1 0.555354 0.284138 0.577224 0.284627 0.575896 0.343987 0.554026 0.343498
1 0.606585 0.282809 0.626817 0.284614 0.621540 0.343754 0.601308 0.341949
1 0.654983 0.284028 0.675282 0.284760 0.673142 0.344097 0.652843 0.343365
1 0.702210 0.284161 0.722518 0.284603 0.721228 0.343964 0.700920 0.343522
1 0.753381 0.282761 0.775174 0.284647 0.770057 0.343801 0.748263 0.341916
1 0.798699 0.283675 0.817378 0.285298 0.812239 0.344450 0.793559 0.342827
1 0.850540 0.282770 0.867601 0.284856 0.860397 0.343792 0.843337 0.341707
1 0.891155 0.283992 0.909887 0.284815 0.907282 0.344133 0.888550 0.343310
0 0.073754 0.316764 0.114370 0.317618 0.113746 0.347299 0.073130 0.346444
0 0.087345 0.317477 0.142029 0.316900 0.142343 0.346586 0.087658 0.347163
0 0.120363 0.317100 0.171925 0.317275 0.171825 0.346962 0.120262 0.346788
0 0.167836 0.315341 0.208082 0.320874 0.204039 0.350284 0.163793 0.344751
0 0.192867 0.315308 0.233104 0.320913 0.229008 0.350317 0.188771 0.344712
0 0.226294 0.319523 0.266806 0.316497 0.269018 0.346102 0.228506 0.349128
0 0.248516 0.316566 0.300000 0.319417 0.298359 0.349059 0.246875 0.346208
0 0.268310 0.317954 0.318287 0.316434 0.319190 0.346108 0.269213 0.347628
0 0.287026 0.318798 0.336999 0.317156 0.337974 0.346827 0.288001 0.348469
0 0.316562 0.318866 0.357148 0.317100 0.358438 0.346759 0.317852 0.348525
0 0.333630 0.322831 0.382774 0.313616 0.388245 0.342794 0.339101 0.352009
0 0.359464 0.316592 0.409386 0.319392 0.407723 0.349033 0.357802 0.346233
0 0.377707 0.317915 0.427686 0.316472 0.428543 0.346147 0.378564 0.347590
0 0.415604 0.317223 0.465604 0.317152 0.465646 0.346839 0.415646 0.346911
0 0.454078 0.319046 0.504033 0.316918 0.505297 0.346579 0.455342 0.348707
0 0.474326 0.320752 0.524034 0.315359 0.527236 0.344873 0.477528 0.350266
0 0.497642 0.313728 0.548698 0.320939 0.544546 0.350335 0.493490 0.343123
0 0.505873 0.318938 0.579285 0.317010 0.580065 0.346687 0.506653 0.348615
0 0.563254 0.316989 0.603830 0.318985 0.602371 0.348636 0.561795 0.346640
0 0.579977 0.315516 0.629861 0.318928 0.627835 0.348546 0.577952 0.345135
0 0.603025 0.321217 0.652631 0.314954 0.656350 0.344408 0.606744 0.350671
0 0.638907 0.320664 0.679204 0.315513 0.682968 0.344961 0.642671 0.350112
0 0.685030 0.316861 0.700640 0.317542 0.699345 0.347202 0.683735 0.346520
0 0.698032 0.318966 0.738510 0.315516 0.741031 0.345097 0.700552 0.348546
0 0.747612 0.316822 0.763218 0.317588 0.761763 0.347240 0.746157 0.346474
0 0.750325 0.315482 0.823589 0.320525 0.821550 0.350143 0.748286 0.345100
0 0.782654 0.317484 0.837338 0.316893 0.837659 0.346579 0.782974 0.347169
0 0.816520 0.315378 0.867805 0.320719 0.864730 0.350247 0.813445 0.344906
0 0.846998 0.316963 0.901684 0.317413 0.901439 0.347100 0.846754 0.346649
1 0.075935 0.422283 0.096142 0.420214 0.102190 0.479280 0.081983 0.481349
1 0.123139 0.422428 0.138732 0.421440 0.142486 0.480697 0.126893 0.481685
1 0.161945 0.422743 0.183763 0.421162 0.188055 0.480382 0.166237 0.481963
1 0.207765 0.422088 0.229566 0.420299 0.234423 0.479475 0.212621 0.481264
1 0.254009 0.422556 0.278873 0.419954 0.285054 0.479006 0.260189 0.481609
1 0.307213 0.422384 0.327503 0.421431 0.330287 0.480741 0.309997 0.481694
1 0.346862 0.422739 0.366988 0.419993 0.375013 0.478824 0.354887 0.481569
1 0.390495 0.422840 0.410735 0.421123 0.415755 0.480285 0.395515 0.482002
1 0.437127 0.422557 0.455836 0.421322 0.459748 0.480568 0.441039 0.481803
1 0.485623 0.422243 0.504360 0.421547 0.506564 0.480882 0.487827 0.481578
1 0.532299 0.422350 0.552592 0.421457 0.555201 0.480775 0.534908 0.481668
1 0.573204 0.422505 0.588670 0.420285 0.597109 0.479057 0.581642 0.481278
1 0.622901 0.422621 0.641603 0.421281 0.645849 0.480504 0.627147 0.481844
1 0.668375 0.422454 0.683966 0.421425 0.687875 0.480671 0.672284 0.481700
1 0.715215 0.422466 0.730805 0.421418 0.734785 0.480659 0.719195 0.481707
1 0.760563 0.422558 0.779272 0.421321 0.783187 0.480567 0.764478 0.481804
1 0.804632 0.422808 0.824876 0.421142 0.829743 0.480317 0.809499 0.481983
1 0.850877 0.422681 0.869571 0.421244 0.874123 0.480444 0.855429 0.481881
0 0.035879 0.494474 0.138608 0.485442 0.143808 0.544589 0.041079 0.553620
0 0.081059 0.494603 0.180629 0.485340 0.186129 0.544460 0.086559 0.553723
0 0.130568 0.492501 0.231996 0.487266 0.235057 0.546562 0.133629 0.551797
0 0.182326 0.492478 0.265058 0.488830 0.267674 0.548147 0.184942 0.551795
0 0.219782 0.494409 0.317941 0.487009 0.322405 0.546216 0.224246 0.553616
0 0.275943 0.493932 0.358506 0.487497 0.363119 0.546693 0.280557 0.553128
0 0.310801 0.493995 0.419975 0.487364 0.423574 0.546630 0.314400 0.553261
0 0.357378 0.495815 0.455299 0.485746 0.461372 0.544810 0.363451 0.554879
0 0.406032 0.492377 0.505971 0.488908 0.508031 0.548248 0.408091 0.551717
0 0.449921 0.497924 0.548720 0.482477 0.557892 0.541139 0.459092 0.556586
0 0.499858 0.492872 0.598116 0.486924 0.601704 0.546190 0.503446 0.552139
0 0.540287 0.494431 0.649406 0.486958 0.653463 0.546194 0.544344 0.553667
0 0.564929 0.496271 0.712828 0.483632 0.717883 0.542792 0.569985 0.555430
0 0.632250 0.490858 0.736918 0.488841 0.738062 0.548205 0.633394 0.550222
0 0.682177 0.492331 0.780492 0.487430 0.783448 0.546732 0.685133 0.551632
0 0.721234 0.492628 0.830471 0.487135 0.833453 0.546435 0.724216 0.551928
0 0.769695 0.491010 0.879046 0.488691 0.880305 0.548052 0.770954 0.550372
0 0.810690 0.494234 0.919834 0.487141 0.923685 0.546391 0.814541 0.553484
0 0.068965 0.523082 0.118960 0.523796 0.118535 0.553481 0.068540 0.552766
0 0.086615 0.521801 0.141077 0.526759 0.138385 0.556324 0.083923 0.551366
0 0.117141 0.529311 0.166205 0.519682 0.171922 0.548814 0.122858 0.558443
0 0.135808 0.523678 0.190494 0.523198 0.190754 0.552884 0.136069 0.553365
0 0.196172 0.523178 0.211604 0.525626 0.206953 0.554947 0.191521 0.552499
0 0.211732 0.525597 0.261658 0.522884 0.263268 0.552528 0.213342 0.555241
0 0.262526 0.523424 0.278151 0.523451 0.278099 0.553138 0.262474 0.553112
0 0.277846 0.523917 0.327837 0.522963 0.328404 0.552645 0.278413 0.553600
0 0.326356 0.524001 0.341945 0.522942 0.343957 0.552561 0.328368 0.553620
0 0.354095 0.525065 0.394686 0.523397 0.395905 0.553060 0.355314 0.554728
0 0.381046 0.525180 0.429363 0.521768 0.431454 0.551382 0.383137 0.554794
0 0.390203 0.520147 0.463166 0.528482 0.459797 0.557978 0.386834 0.549643
0 0.427051 0.522791 0.467655 0.524100 0.466699 0.553772 0.426095 0.552463
0 0.465915 0.523049 0.506532 0.523831 0.505960 0.553513 0.465343 0.552731
0 0.496034 0.523101 0.544418 0.525369 0.543029 0.555024 0.494644 0.552756
0 0.524680 0.527216 0.564903 0.521515 0.569070 0.550909 0.528847 0.556610
0 0.553798 0.523139 0.603751 0.525327 0.602452 0.554986 0.552499 0.552798
0 0.572455 0.522859 0.645841 0.525599 0.644733 0.555266 0.571347 0.552526
0 0.635601 0.525386 0.651088 0.523314 0.655024 0.552739 0.639537 0.554811
0 0.652692 0.527432 0.692858 0.521341 0.697308 0.550693 0.657142 0.556784
0 0.698578 0.523365 0.714202 0.523512 0.713922 0.553198 0.698298 0.553051
0 0.726339 0.525886 0.741703 0.523046 0.747099 0.552239 0.731734 0.555079
0 0.739167 0.523180 0.812603 0.523695 0.812395 0.553382 0.738959 0.552867
0 0.790166 0.524214 0.838579 0.522676 0.839522 0.552348 0.791109 0.553887
0 0.814235 0.523124 0.868919 0.523753 0.868577 0.553439 0.813893 0.552809
0 0.840994 0.521652 0.890861 0.525303 0.888693 0.554911 0.838827 0.551260
0 0.864776 0.521747 0.919227 0.526818 0.916474 0.556378 0.862023 0.551307
5 0.065315 0.628550 0.087175 0.627741 0.089372 0.687075 0.067512 0.687884
5 0.082563 0.628906 0.105956 0.627458 0.109624 0.686719 0.086231 0.688167
5 0.101379 0.628705 0.135735 0.627577 0.137684 0.686920 0.103327 0.688048
5 0.124277 0.628267 0.158607 0.626499 0.161660 0.685796 0.127330 0.687563
5 0.147536 0.627752 0.181902 0.628512 0.180589 0.687873 0.146223 0.687113
5 0.163807 0.629009 0.198043 0.625919 0.203381 0.685053 0.169145 0.688144
5 0.182715 0.628898 0.216968 0.626001 0.221972 0.685165 0.187719 0.688062
5 0.206079 0.630895 0.240099 0.625968 0.248609 0.684730 0.214589 0.689657
5 0.234354 0.628800 0.257757 0.627536 0.260959 0.686825 0.237555 0.688089
5 0.253058 0.628821 0.276459 0.627520 0.279754 0.686804 0.256353 0.688105
5 0.269704 0.628486 0.304072 0.627777 0.305296 0.687139 0.270928 0.687848
5 0.301102 0.628299 0.322975 0.627959 0.323898 0.687326 0.302025 0.687666
5 0.312487 0.628314 0.346812 0.626460 0.350013 0.685749 0.315688 0.687602
5 0.340020 0.628294 0.363393 0.626557 0.367793 0.685769 0.344420 0.687506
5 0.361996 0.628329 0.385430 0.627930 0.386441 0.687296 0.363007 0.687695
5 0.384056 0.628938 0.407445 0.627434 0.411257 0.686687 0.387867 0.688191
5 0.404524 0.628460 0.427875 0.626447 0.432976 0.685602 0.409625 0.687616
5 0.426213 0.628953 0.449601 0.627424 0.453474 0.686672 0.430087 0.688201
5 0.448108 0.628892 0.469938 0.627482 0.473767 0.686733 0.451937 0.688143
5 0.464991 0.628501 0.499358 0.627763 0.500634 0.687124 0.466267 0.687862
5 0.496951 0.628097 0.518826 0.628153 0.518674 0.687528 0.496799 0.687472
5 0.520287 0.628759 0.542130 0.627577 0.545338 0.686866 0.523495 0.688048
5 0.534854 0.627853 0.569225 0.628405 0.568271 0.687772 0.533900 0.687220
5 0.560879 0.628774 0.582721 0.627567 0.585996 0.686851 0.564154 0.688058
5 0.579762 0.627646 0.614123 0.628628 0.612426 0.687979 0.578065 0.686997
5 0.607233 0.628591 0.628998 0.626396 0.634954 0.685472 0.613190 0.687666
5 0.628300 0.628056 0.651737 0.628195 0.651387 0.687569 0.627950 0.687430
5 0.641867 0.628517 0.676170 0.626295 0.680008 0.685546 0.645705 0.687768
5 0.662360 0.628678 0.696719 0.627602 0.698577 0.686947 0.664219 0.688023
5 0.683601 0.627682 0.717964 0.628588 0.716399 0.687943 0.682036 0.687037
5 0.707653 0.628514 0.731079 0.627767 0.732972 0.687111 0.709546 0.687858
5 0.727423 0.628412 0.750854 0.627855 0.752265 0.687213 0.728834 0.687770
5 0.752700 0.628285 0.774573 0.627971 0.775425 0.687340 0.753552 0.687654
5 0.768099 0.628512 0.802465 0.627753 0.803776 0.687113 0.769410 0.687872
5 0.793766 0.628119 0.815641 0.628131 0.815609 0.687506 0.793734 0.687494
5 0.812906 0.627979 0.834779 0.628277 0.833969 0.687646 0.812096 0.687348
5 0.829475 0.628510 0.851337 0.627773 0.853338 0.687115 0.831475 0.687852
5 0.847752 0.628333 0.871120 0.626531 0.875685 0.685730 0.852317 0.687532
5 0.865024 0.628707 0.899303 0.626146 0.903726 0.685356 0.869447 0.687917
5 0.890546 0.628479 0.913973 0.627796 0.915704 0.687146 0.892277 0.687829
0 0.069009 0.659311 0.118899 0.662630 0.116928 0.692252 0.067038 0.688933
0 0.088614 0.662879 0.162016 0.660573 0.162948 0.690246 0.089547 0.692552
0 0.127859 0.664631 0.201073 0.658897 0.203391 0.688494 0.130177 0.694228
0 0.159538 0.660667 0.209535 0.661210 0.209212 0.690895 0.159215 0.690353
0 0.182161 0.666850 0.235966 0.657066 0.241277 0.686275 0.187472 0.696059
0 0.208860 0.664407 0.263296 0.659167 0.266140 0.688718 0.211704 0.693958
0 0.243231 0.664416 0.297665 0.659159 0.300519 0.688709 0.246085 0.693966
0 0.269946 0.664175 0.343107 0.657811 0.345679 0.687387 0.272518 0.693751
0 0.315558 0.665001 0.366730 0.658662 0.370379 0.688124 0.319208 0.694463
0 0.337669 0.658774 0.410976 0.663154 0.409206 0.692788 0.335899 0.688409
0 0.384978 0.660657 0.439624 0.662803 0.438459 0.692468 0.383814 0.690322
0 0.407315 0.664612 0.480398 0.657406 0.483310 0.686951 0.410227 0.694156
0 0.440573 0.663193 0.513875 0.658737 0.515677 0.688369 0.442375 0.692826
0 0.479962 0.660275 0.553388 0.661604 0.552850 0.691287 0.479425 0.689958
0 0.513963 0.664313 0.554283 0.659347 0.557912 0.688812 0.517592 0.693778
0 0.538378 0.659301 0.586557 0.664294 0.583497 0.693824 0.535318 0.688831
0 0.575121 0.660294 0.625037 0.663193 0.623316 0.692831 0.573400 0.689932
0 0.605698 0.664323 0.657011 0.659258 0.659927 0.688802 0.608614 0.693867
0 0.632601 0.663183 0.673125 0.660328 0.675212 0.689942 0.634687 0.692797
0 0.656767 0.658842 0.729972 0.664689 0.727608 0.694283 0.654403 0.688436
0 0.705002 0.660411 0.720586 0.661542 0.718436 0.691152 0.702852 0.690020
0 0.694499 0.659204 0.767853 0.662704 0.766438 0.692358 0.693084 0.688858
0 0.758645 0.661345 0.774251 0.660567 0.775730 0.690217 0.760124 0.690996
0 0.791387 0.660561 0.806992 0.661352 0.805488 0.691002 0.789883 0.690210
0 0.809843 0.658838 0.864362 0.663129 0.862032 0.692725 0.807513 0.688434
0 0.839031 0.660996 0.893718 0.660879 0.893782 0.690566 0.839094 0.690683
0 0.880038 0.660282 0.920556 0.663233 0.918399 0.692843 0.877882 0.689892
8 0.088162 0.765170 0.108451 0.766149 0.105588 0.825455 0.085299 0.824476
8 0.143537 0.765699 0.163849 0.765553 0.164276 0.824926 0.143964 0.825072
8 0.200642 0.765413 0.220950 0.765851 0.219670 0.825212 0.199363 0.824774
8 0.255173 0.765221 0.275467 0.766082 0.272952 0.825404 0.252658 0.824543
8 0.314547 0.765222 0.334841 0.766081 0.332328 0.825403 0.312034 0.824544
8 0.372040 0.765293 0.393904 0.765986 0.392023 0.825332 0.370159 0.824639
8 0.424758 0.765995 0.445058 0.765291 0.447117 0.824630 0.426817 0.825334
8 0.481517 0.764857 0.501753 0.766617 0.496608 0.825768 0.476372 0.824008
8 0.534568 0.765309 0.554870 0.765972 0.552932 0.825316 0.532630 0.824653
8 0.594551 0.764028 0.613199 0.765982 0.607011 0.825034 0.588363 0.823080
8 0.648469 0.765614 0.668781 0.765636 0.668719 0.825011 0.648406 0.824989
8 0.709857 0.765222 0.730152 0.766081 0.727643 0.825403 0.707348 0.824544
8 0.764690 0.765418 0.784998 0.765845 0.783748 0.825207 0.763440 0.824780
8 0.821976 0.765361 0.840718 0.765915 0.838961 0.825264 0.820219 0.824710
8 0.873621 0.765558 0.895496 0.765693 0.895129 0.825067 0.873254 0.824932
1 0.080663 0.834629 0.105658 0.834133 0.106837 0.893496 0.081842 0.893992
1 0.131313 0.834121 0.150055 0.834652 0.148375 0.894004 0.129632 0.893473
1 0.178464 0.834044 0.197201 0.834748 0.194973 0.894081 0.176236 0.893377
1 0.225673 0.834153 0.245981 0.834612 0.244639 0.893972 0.224332 0.893513
1 0.273870 0.834230 0.294181 0.834526 0.293317 0.893895 0.273007 0.893599
1 0.323806 0.833833 0.342517 0.835040 0.338694 0.894292 0.319983 0.893085
1 0.372514 0.834037 0.388121 0.834780 0.385299 0.894088 0.369691 0.893345
1 0.411878 0.834595 0.432186 0.834168 0.433435 0.893530 0.413127 0.893957
1 0.457711 0.834668 0.476452 0.834108 0.478227 0.893457 0.459485 0.894017
1 0.505987 0.834459 0.524736 0.834293 0.525263 0.893666 0.506514 0.893832
1 0.556746 0.833968 0.577040 0.834836 0.574504 0.894157 0.554210 0.893289
1 0.597092 0.833974 0.622078 0.834809 0.620095 0.894151 0.595109 0.893316
1 0.644146 0.833998 0.664442 0.834798 0.662104 0.894127 0.641808 0.893327
1 0.689201 0.834076 0.709503 0.834702 0.707674 0.894049 0.687372 0.893423
1 0.736730 0.833842 0.758575 0.834990 0.755458 0.894283 0.733613 0.893135
1 0.783100 0.833601 0.803335 0.835375 0.798150 0.894524 0.777915 0.892750
1 0.829770 0.834347 0.850083 0.834403 0.849917 0.893778 0.829605 0.893722
1 0.879404 0.834473 0.899716 0.834279 0.900283 0.893652 0.879972 0.893846
0 0.066761 0.871217 0.116164 0.863512 0.120739 0.892845 0.071336 0.900550
0 0.099872 0.870615 0.151009 0.864005 0.154815 0.893447 0.103678 0.900058
0 0.132683 0.867407 0.182682 0.866969 0.182942 0.896655 0.132943 0.897093
0 0.176514 0.867655 0.192114 0.866768 0.193799 0.896408 0.178199 0.897294
0 0.205123 0.866966 0.220742 0.867421 0.219877 0.897096 0.204258 0.896641
0 0.241625 0.867976 0.257183 0.866527 0.259937 0.896086 0.244380 0.897536
0 0.265703 0.866766 0.281302 0.867657 0.279610 0.897296 0.264010 0.896406
0 0.256878 0.864872 0.330045 0.871175 0.327497 0.900753 0.254330 0.894450
0 0.292802 0.866889 0.347446 0.869072 0.346261 0.898736 0.291617 0.896553
0 0.326040 0.868886 0.376007 0.867071 0.377085 0.896739 0.327118 0.898554
0 0.346456 0.869500 0.397821 0.864989 0.400419 0.894562 0.349054 0.899074
0 0.395443 0.866742 0.411040 0.867687 0.409244 0.897320 0.393648 0.896375
0 0.397251 0.866515 0.451922 0.867869 0.451186 0.897548 0.396516 0.896193
0 0.428120 0.869519 0.482722 0.866464 0.484380 0.896106 0.429778 0.899161
0 0.452396 0.866648 0.502323 0.869332 0.500729 0.898977 0.450802 0.896293
0 0.487141 0.869513 0.541639 0.864964 0.544109 0.894549 0.489611 0.899098
0 0.532197 0.863606 0.579738 0.872881 0.574053 0.902019 0.526512 0.892744
0 0.565053 0.872369 0.614346 0.863989 0.619322 0.893256 0.570029 0.901636
0 0.613772 0.867344 0.629394 0.867036 0.629978 0.896718 0.614356 0.897026
0 0.627746 0.869344 0.677568 0.865136 0.680067 0.894718 0.630244 0.898927
0 0.661512 0.865174 0.709773 0.869310 0.707238 0.898889 0.658977 0.894753
0 0.681702 0.865284 0.731550 0.869181 0.729236 0.898778 0.679388 0.894882
0 0.690776 0.866818 0.764210 0.867558 0.763911 0.897244 0.690477 0.896504
0 0.735269 0.869195 0.786775 0.866775 0.788168 0.896430 0.736662 0.898850
0 0.771010 0.866852 0.820959 0.869116 0.819615 0.898773 0.769666 0.896509
0 0.819249 0.866581 0.834819 0.867900 0.832313 0.897481 0.816744 0.896163
0 0.827816 0.869267 0.879218 0.865200 0.881559 0.894795 0.830157 0.898862
0 0.846801 0.872160 0.919597 0.862474 0.923512 0.891903 0.850716 0.901588
6 0.048172 0.869021 0.073166 0.868485 0.073703 0.893479 0.048709 0.894015
