7 0.469146 0.918550 0.497268 0.918956 0.496479 0.973637 0.468357 0.973232
0 0.471256 0.914910 0.563106 0.922790 0.558431 0.977277 0.466581 0.969397
0 0.461821 0.972246 0.471171 0.971555 0.472554 0.990254 0.463204 0.990945
0 0.493435 0.972039 0.502804 0.971721 0.503440 0.990461 0.494071 0.990779
0 0.500847 0.972545 0.535105 0.969706 0.536653 0.988392 0.502395 0.991231
1 0.440716 0.856219 0.459465 0.856281 0.459284 0.910968 0.440535 0.910906
1 0.477199 0.855569 0.492733 0.857246 0.486864 0.911618 0.471329 0.909941
5 0.499348 0.856633 0.530589 0.855883 0.531902 0.910554 0.500661 0.911305
1 0.537445 0.856859 0.556161 0.855738 0.559430 0.910328 0.540714 0.911449
1 0.394470 0.793071 0.413156 0.794614 0.408655 0.849116 0.389969 0.847573
1 0.424291 0.794437 0.438304 0.793256 0.442896 0.847750 0.428884 0.848931
5 0.448180 0.796192 0.479280 0.793133 0.484632 0.847558 0.453532 0.850617
8 0.486956 0.795699 0.505597 0.793681 0.511481 0.848051 0.492840 0.850069
0 0.496351 0.790434 0.572606 0.797286 0.567712 0.851754 0.491457 0.844902
5 0.555374 0.793485 0.577242 0.794032 0.575876 0.848702 0.554008 0.848156
0 0.532147 0.789015 0.669189 0.800229 0.664728 0.854735 0.527686 0.843521
0 0.380316 0.846586 0.389671 0.847205 0.388434 0.865914 0.379079 0.865295
0 0.380974 0.849369 0.427413 0.842993 0.429964 0.861568 0.383524 0.867945
0 0.420514 0.846547 0.451757 0.847207 0.451361 0.865953 0.420118 0.865293
0 0.445169 0.848624 0.476235 0.845236 0.478268 0.863876 0.447202 0.867264
0 0.475287 0.846390 0.508085 0.847368 0.507526 0.866110 0.474728 0.865132
0 0.505544 0.844572 0.536418 0.849404 0.533519 0.867928 0.502645 0.863096
0 0.520147 0.848772 0.552753 0.845096 0.554853 0.863728 0.522247 0.867404
0 0.550646 0.845045 0.583388 0.847183 0.582167 0.865893 0.549424 0.863755
0 0.566762 0.847663 0.599537 0.846108 0.600426 0.864837 0.567650 0.866392
0 0.594935 0.849283 0.627420 0.844655 0.630065 0.863217 0.597580 0.867845
0 0.304397 0.731745 0.396579 0.730758 0.397165 0.785442 0.304983 0.786430
1 0.378776 0.730484 0.395863 0.732335 0.389974 0.786704 0.372887 0.784853
1 0.405509 0.731820 0.424229 0.730766 0.427304 0.785367 0.408583 0.786421
7 0.437754 0.731171 0.465819 0.733008 0.462246 0.787579 0.434181 0.785742
7 0.455988 0.733037 0.505869 0.729593 0.509637 0.784150 0.459756 0.787595
0 0.466225 0.729608 0.567669 0.734518 0.565025 0.789142 0.463581 0.784232
5 0.534918 0.730573 0.566003 0.733778 0.560395 0.788177 0.529310 0.784972
0 0.546387 0.726165 0.622198 0.736872 0.614550 0.791022 0.538740 0.780316
0 0.567374 0.730938 0.659560 0.731564 0.659188 0.786250 0.567003 0.785624
1 0.634037 0.731757 0.657455 0.730789 0.659713 0.785430 0.636295 0.786398
1 0.291627 0.669248 0.310354 0.668319 0.313061 0.722940 0.294334 0.723868
0 0.287445 0.671018 0.381149 0.668071 0.382868 0.722732 0.289164 0.725679
1 0.360084 0.668284 0.378807 0.669296 0.375853 0.723904 0.357131 0.722891
7 0.374510 0.670779 0.424358 0.666887 0.428615 0.721408 0.378767 0.725301
5 0.423654 0.668671 0.443966 0.668831 0.443534 0.723517 0.423222 0.723356
7 0.440962 0.668457 0.495606 0.670650 0.493413 0.725293 0.438769 0.723100
1 0.491088 0.668570 0.512852 0.670770 0.507350 0.725180 0.485586 0.722980
0 0.487984 0.665510 0.581500 0.672126 0.577641 0.726677 0.484125 0.720061
1 0.559514 0.668368 0.573550 0.669236 0.570174 0.723819 0.556138 0.722951
5 0.593067 0.668205 0.613086 0.671651 0.603808 0.725545 0.583789 0.722099
0 0.582710 0.671106 0.676408 0.667986 0.678228 0.722644 0.584530 0.725764
7 0.637392 0.670372 0.687365 0.668721 0.689171 0.723378 0.639198 0.725029
0 0.654302 0.663322 0.745574 0.676284 0.737885 0.730428 0.646613 0.717466
0 0.206781 0.606140 0.300514 0.607932 0.299469 0.662610 0.205736 0.660818
0 0.237410 0.608583 0.331109 0.605509 0.332903 0.660167 0.239203 0.663241
7 0.291051 0.605830 0.345732 0.606676 0.344886 0.661357 0.290205 0.660511
1 0.342057 0.606291 0.359244 0.606209 0.359505 0.660896 0.342318 0.660978
0 0.333763 0.612104 0.426828 0.600795 0.433425 0.655083 0.340359 0.666392
0 0.369537 0.608383 0.461685 0.605702 0.463276 0.660367 0.371127 0.663048
1 0.440584 0.606264 0.459334 0.606236 0.459416 0.660923 0.440666 0.660952
8 0.473946 0.606081 0.492693 0.606429 0.491679 0.661107 0.472932 0.660759
0 0.469202 0.605502 0.561377 0.607005 0.560486 0.661685 0.468311 0.660183
1 0.539649 0.605780 0.559937 0.606787 0.557226 0.661407 0.536938 0.660400
8 0.571869 0.606252 0.590619 0.606248 0.590631 0.660936 0.571881 0.660939
5 0.596823 0.606743 0.628058 0.605783 0.629739 0.660444 0.598504 0.661405
7 0.617186 0.607909 0.671778 0.604686 0.675002 0.659278 0.620409 0.662502
0 0.643063 0.604068 0.719496 0.608525 0.716312 0.663120 0.639879 0.658663
1 0.701222 0.606922 0.718367 0.605713 0.722215 0.660265 0.705070 0.661474
0 0.695636 0.604291 0.797121 0.608250 0.794989 0.662896 0.693504 0.658937
0 0.221726 0.659629 0.252971 0.659124 0.253274 0.677871 0.222029 0.678376
0 0.236947 0.660116 0.283726 0.657110 0.284928 0.675821 0.238149 0.678827
0 0.273014 0.659417 0.307350 0.657792 0.308236 0.676521 0.273900 0.678146
0 0.303550 0.658701 0.334770 0.660067 0.333950 0.678799 0.302730 0.677433
0 0.328287 0.659110 0.359532 0.659642 0.359213 0.678390 0.327968 0.677858
0 0.358238 0.658667 0.391019 0.660101 0.390199 0.678833 0.357418 0.677399
0 0.378678 0.657686 0.411439 0.659531 0.410384 0.678252 0.377624 0.676406
0 0.406148 0.659546 0.437397 0.659205 0.437602 0.677954 0.406353 0.678295
0 0.435845 0.659531 0.467093 0.659220 0.467280 0.677969 0.436032 0.678280
0 0.459410 0.659316 0.490660 0.659434 0.490590 0.678184 0.459340 0.678066
0 0.474388 0.659699 0.505563 0.657534 0.506862 0.676239 0.475687 0.678404
0 0.485726 0.659923 0.532588 0.658832 0.533024 0.677577 0.486162 0.678668
0 0.512377 0.659542 0.537374 0.659210 0.537623 0.677958 0.512626 0.678290
0 0.535056 0.657285 0.566000 0.661649 0.563382 0.680215 0.532438 0.675851
0 0.563829 0.659495 0.573201 0.659260 0.573671 0.678005 0.564299 0.678240
0 0.590796 0.659291 0.600169 0.659462 0.599829 0.678209 0.590456 0.678038
0 0.588352 0.661395 0.635059 0.657422 0.636648 0.676105 0.589941 0.680078
0 0.610694 0.661456 0.643259 0.657436 0.645556 0.676044 0.612991 0.680064
0 0.640746 0.659176 0.671993 0.659575 0.671754 0.678324 0.640507 0.677925
0 0.671197 0.659830 0.702353 0.657414 0.703803 0.676107 0.672647 0.678524
0 0.693466 0.659766 0.718454 0.658993 0.719034 0.677734 0.694046 0.678507
0 0.706262 0.659355 0.737512 0.659395 0.737488 0.678145 0.706238 0.678105
0 0.735648 0.659992 0.744958 0.658888 0.747165 0.677508 0.737855 0.678612
3 0.011477 0.443667 0.047366 0.445545 0.041648 0.554771 0.005759 0.552892
3 0.932302 0.443067 1.000000 0.438418 1.000000 0.555371 0.939720 0.560019
6 0.010990 0.710886 0.029739 0.710990 0.029635 0.729739 0.010886 0.729635
