0 0.404113 0.939449 0.485186 0.934084 0.488075 0.977738 0.407002 0.983104
7 0.449911 0.937625 0.493625 0.935849 0.495401 0.979563 0.451687 0.981339
5 0.487494 0.937503 0.512494 0.937497 0.512506 0.981247 0.487506 0.981253
7 0.502658 0.939577 0.543091 0.935630 0.547342 0.979173 0.506909 0.983120
0 0.513385 0.932683 0.594210 0.940983 0.589740 0.984504 0.508915 0.976204
0 0.422394 0.981179 0.447333 0.982917 0.446356 0.996946 0.421417 0.995208
0 0.439941 0.980741 0.463225 0.983413 0.461622 0.997384 0.438337 0.994712
0 0.450497 0.980921 0.484799 0.983172 0.483878 0.997204 0.449576 0.994953
0 0.472704 0.983415 0.506818 0.979191 0.508546 0.993147 0.474432 0.997371
0 0.495770 0.980539 0.519162 0.981988 0.518293 0.996023 0.494900 0.994575
0 0.511384 0.980554 0.534779 0.981972 0.533928 0.996008 0.510534 0.994591
0 0.539986 0.982073 0.546094 0.980747 0.549076 0.994490 0.542968 0.995815
1 0.436953 0.882044 0.450948 0.880666 0.455234 0.924206 0.441239 0.925584
1 0.465597 0.881527 0.479650 0.881004 0.481278 0.924723 0.467225 0.925246
1 0.488313 0.882119 0.502140 0.879553 0.510124 0.922568 0.496298 0.925135
1 0.519289 0.880869 0.533326 0.881709 0.530711 0.925381 0.516674 0.924541
5 0.536750 0.881418 0.561686 0.879632 0.564812 0.923270 0.539876 0.925056
1 0.430228 0.824711 0.441146 0.825367 0.438522 0.869039 0.427604 0.868383
1 0.449876 0.826425 0.460617 0.824361 0.468874 0.867325 0.458133 0.869389
0 0.454306 0.826718 0.515150 0.823349 0.517569 0.867032 0.456725 0.870401
1 0.504558 0.825047 0.520183 0.824954 0.520442 0.868703 0.504817 0.868796
5 0.527078 0.824713 0.552071 0.825299 0.551047 0.869037 0.526054 0.868451
7 0.545966 0.821585 0.589352 0.827216 0.583721 0.870602 0.540335 0.864971
5 0.404517 0.770997 0.429204 0.767051 0.436108 0.810253 0.411421 0.814199
5 0.432366 0.769246 0.457255 0.766887 0.461384 0.810441 0.436495 0.812801
0 0.434365 0.769385 0.509313 0.766583 0.510947 0.810303 0.436000 0.813104
8 0.486994 0.770093 0.502272 0.766817 0.511444 0.809595 0.496166 0.812870
1 0.516488 0.768987 0.530543 0.768535 0.531949 0.812263 0.517894 0.812715
1 0.544531 0.768514 0.558585 0.769013 0.557032 0.812736 0.542978 0.812237
7 0.554371 0.770807 0.597943 0.766871 0.601879 0.810443 0.558307 0.814379
5 0.397325 0.710686 0.422224 0.712928 0.418300 0.756502 0.393401 0.754260
0 0.396790 0.713244 0.470165 0.710231 0.471960 0.753944 0.398585 0.756957
1 0.451119 0.712932 0.465159 0.712138 0.467631 0.755818 0.453591 0.756612
1 0.477504 0.712709 0.491561 0.712308 0.492809 0.756041 0.478752 0.756442
1 0.504817 0.712459 0.518879 0.712542 0.518620 0.756291 0.504558 0.756208
5 0.526142 0.712746 0.551137 0.712262 0.551983 0.756004 0.526988 0.756488
0 0.510157 0.714562 0.619456 0.710469 0.621093 0.754188 0.511794 0.758281
0 0.559232 0.713067 0.620112 0.710412 0.622018 0.754121 0.561138 0.756775
5 0.393692 0.656751 0.418674 0.655782 0.420370 0.699499 0.395389 0.700468
8 0.428513 0.655908 0.442555 0.656653 0.440237 0.700342 0.426195 0.699597
7 0.437040 0.656720 0.480780 0.655790 0.481710 0.699530 0.437970 0.700460
8 0.477948 0.656582 0.491997 0.655961 0.493927 0.699668 0.479878 0.700289
0 0.474276 0.656761 0.549232 0.654202 0.550724 0.697927 0.475768 0.700485
1 0.531608 0.656138 0.545668 0.656368 0.544955 0.700112 0.530894 0.699882
1 0.564679 0.654386 0.578233 0.658135 0.566571 0.700302 0.553017 0.696553
5 0.583407 0.655806 0.599002 0.656778 0.596281 0.700444 0.580686 0.699472
0 0.355552 0.601859 0.427241 0.596692 0.430386 0.640328 0.358697 0.645496
1 0.414423 0.599665 0.428467 0.600393 0.426202 0.644085 0.412158 0.643357
7 0.423015 0.600493 0.466694 0.598015 0.469173 0.641694 0.425493 0.644173
5 0.465378 0.600090 0.481002 0.599913 0.481497 0.643660 0.465873 0.643837
7 0.473197 0.602152 0.516598 0.596635 0.522115 0.640036 0.478714 0.645553
1 0.512334 0.601429 0.526017 0.598187 0.536104 0.640758 0.522420 0.644001
0 0.513918 0.600244 0.587354 0.599757 0.587644 0.643506 0.514208 0.643993
5 0.565427 0.600114 0.590426 0.599887 0.590823 0.643636 0.565824 0.643863
7 0.585657 0.602241 0.618208 0.598108 0.623718 0.641509 0.591167 0.645642
8 0.373094 0.544144 0.387138 0.543415 0.389406 0.587106 0.375362 0.587835
7 0.384258 0.543905 0.427970 0.542071 0.429804 0.585782 0.386093 0.587617
1 0.422706 0.545879 0.433279 0.543079 0.444481 0.585371 0.433908 0.588171
0 0.426146 0.537024 0.498507 0.549555 0.491041 0.592663 0.418681 0.580132
0 0.449147 0.541796 0.524109 0.544163 0.522728 0.587891 0.447766 0.585524
1 0.504839 0.543702 0.518901 0.543799 0.518599 0.587548 0.504537 0.587451
5 0.533442 0.542023 0.550478 0.544300 0.544683 0.587664 0.527647 0.585387
7 0.544329 0.541688 0.588000 0.544329 0.585358 0.588000 0.541688 0.585358
7 0.573909 0.543404 0.606714 0.544106 0.605778 0.587846 0.572973 0.587144
7 0.595622 0.543445 0.639368 0.544060 0.638753 0.587805 0.595007 0.587190
7 0.344944 0.487933 0.388630 0.485569 0.390994 0.529255 0.347308 0.531619
5 0.381773 0.487210 0.406765 0.487803 0.405727 0.531540 0.380735 0.530947
1 0.414588 0.485799 0.431634 0.487998 0.426037 0.531388 0.408991 0.529190
0 0.411658 0.484058 0.484753 0.491147 0.480529 0.534692 0.407435 0.527603
5 0.462302 0.488276 0.479432 0.486870 0.483010 0.530474 0.465880 0.531880
5 0.491151 0.487301 0.508333 0.487712 0.507287 0.531449 0.490104 0.531038
1 0.516875 0.487882 0.530920 0.487174 0.533125 0.530868 0.519080 0.531576
0 0.541182 0.486881 0.563017 0.488199 0.560381 0.531869 0.538545 0.530551
8 0.572128 0.487194 0.586175 0.487854 0.584122 0.531556 0.570075 0.530896
1 0.596812 0.487520 0.610874 0.487480 0.611001 0.531230 0.596938 0.531270
7 0.618564 0.487684 0.640366 0.485899 0.643936 0.529503 0.622134 0.531288
0 0.330665 0.431482 0.404075 0.429472 0.405273 0.473205 0.331863 0.475216
1 0.385261 0.432236 0.396089 0.430698 0.402239 0.474014 0.391411 0.475552
5 0.412377 0.431294 0.428002 0.431206 0.428248 0.474956 0.412623 0.475044
5 0.436313 0.429470 0.461220 0.431632 0.457437 0.475218 0.432530 0.473056
0 0.436832 0.427820 0.511637 0.433232 0.508480 0.476868 0.433676 0.471456
1 0.491894 0.431625 0.505939 0.430929 0.508106 0.474625 0.494061 0.475321
0 0.468208 0.434902 0.577346 0.427693 0.580229 0.471348 0.471092 0.478557
1 0.540337 0.431877 0.554218 0.429625 0.561225 0.472810 0.547344 0.475063
1 0.570827 0.431091 0.584885 0.431421 0.583861 0.475159 0.569802 0.474829
0 0.566752 0.426080 0.647496 0.435130 0.642623 0.478608 0.561879 0.469558
5 0.618008 0.431691 0.642994 0.430835 0.644492 0.474559 0.619506 0.475415
1 0.347229 0.374889 0.361290 0.375116 0.360583 0.418861 0.346522 0.418634
1 0.376865 0.373147 0.392217 0.376055 0.384073 0.419041 0.368721 0.416132
5 0.398110 0.375469 0.415275 0.374589 0.417515 0.418281 0.400350 0.419161
0 0.396997 0.372739 0.471937 0.375734 0.470190 0.419449 0.395250 0.416454
7 0.436773 0.375752 0.480498 0.374273 0.481977 0.417998 0.438252 0.419477
8 0.476359 0.375714 0.491931 0.374433 0.495516 0.418036 0.479944 0.419317
1 0.508110 0.373402 0.522008 0.375549 0.515327 0.418786 0.501430 0.416638
7 0.515484 0.376848 0.559089 0.373296 0.562641 0.416902 0.519036 0.420454
1 0.555597 0.375841 0.569585 0.374392 0.574091 0.417909 0.560103 0.419358
1 0.586324 0.373388 0.600213 0.375589 0.593364 0.418800 0.579475 0.416598
0 0.585191 0.377303 0.645963 0.372816 0.649184 0.416447 0.588412 0.420934
0 0.632167 0.375335 0.654032 0.374684 0.655333 0.418415 0.633468 0.419066
1 0.339460 0.318161 0.350260 0.319888 0.343352 0.363089 0.332552 0.361362
7 0.346938 0.317156 0.390656 0.318813 0.389000 0.362531 0.345281 0.360875
7 0.368581 0.320810 0.412003 0.315456 0.417356 0.358878 0.373935 0.364231
1 0.412486 0.318754 0.426549 0.318746 0.426576 0.362496 0.412514 0.362504
1 0.438428 0.318964 0.452485 0.318554 0.453759 0.362286 0.439703 0.362696
7 0.455008 0.316549 0.495361 0.321244 0.490304 0.364701 0.449952 0.360006
1 0.492696 0.318286 0.509855 0.319288 0.507304 0.362964 0.490145 0.361962
1 0.518870 0.318480 0.532921 0.319056 0.531130 0.362770 0.517079 0.362194
1 0.543265 0.319198 0.557303 0.318376 0.559860 0.362052 0.545822 0.362874
7 0.560482 0.315210 0.600662 0.321206 0.594205 0.364477 0.554025 0.358481
0 0.564542 0.317101 0.645773 0.318846 0.644833 0.362586 0.563602 0.360841
7 0.611901 0.315100 0.655213 0.321276 0.649036 0.364588 0.605725 0.358411
7 0.635098 0.318050 0.678825 0.319473 0.677402 0.363200 0.633675 0.361777
1 0.323536 0.261861 0.337513 0.263403 0.332714 0.306889 0.318737 0.305347
5 0.339907 0.263191 0.364761 0.260501 0.369468 0.303997 0.344614 0.306687
1 0.373602 0.262448 0.387664 0.262553 0.387335 0.306302 0.373273 0.306197
0 0.370417 0.262325 0.443854 0.262675 0.443645 0.306425 0.370209 0.306075
5 0.418191 0.263322 0.443143 0.261763 0.445871 0.305428 0.420920 0.306987
1 0.451293 0.263041 0.462192 0.262116 0.465894 0.305709 0.454996 0.306634
5 0.477225 0.262251 0.494404 0.262769 0.493088 0.306499 0.475908 0.305981
5 0.500447 0.262251 0.525441 0.262758 0.524553 0.306499 0.499559 0.305992
1 0.531769 0.262340 0.545828 0.262672 0.544793 0.306410 0.530734 0.306078
0 0.511245 0.261747 0.620609 0.263257 0.620005 0.307003 0.510641 0.305493
7 0.566932 0.262807 0.610630 0.260682 0.612755 0.304380 0.569057 0.306505
1 0.610753 0.262547 0.621690 0.262455 0.622060 0.306203 0.611123 0.306295
0 0.634578 0.260922 0.656384 0.262653 0.652922 0.306266 0.631116 0.304535
1 0.660801 0.263459 0.674770 0.261834 0.679824 0.305291 0.665855 0.306916
0 0.303226 0.306085 0.326661 0.306416 0.326462 0.320477 0.303027 0.320146
0 0.331126 0.306461 0.354560 0.306041 0.354811 0.320102 0.331378 0.320521
0 0.350040 0.306152 0.384415 0.306348 0.384335 0.320410 0.349960 0.320215
0 0.375896 0.308175 0.410064 0.304409 0.411604 0.318387 0.377436 0.322153
0 0.400523 0.304433 0.423646 0.308256 0.421352 0.322130 0.398229 0.318307
0 0.426383 0.306558 0.449813 0.305947 0.450179 0.320004 0.426750 0.320616
0 0.454154 0.307025 0.472843 0.305520 0.473971 0.319538 0.455282 0.321042
0 0.473704 0.304648 0.498481 0.307977 0.496609 0.321915 0.471831 0.318585
0 0.499292 0.308375 0.522585 0.305774 0.524145 0.319750 0.500853 0.322351
0 0.523280 0.306520 0.546711 0.305983 0.547033 0.320042 0.523602 0.320579
0 0.545146 0.308516 0.563684 0.305706 0.565792 0.319609 0.547253 0.322419
0 0.575230 0.305856 0.600217 0.306651 0.599770 0.320706 0.574783 0.319912
0 0.594285 0.306208 0.617662 0.307891 0.616652 0.321917 0.593275 0.320234
0 0.621355 0.307981 0.644719 0.306126 0.645832 0.320144 0.622468 0.321999
0 0.639365 0.305768 0.662782 0.306744 0.662197 0.320794 0.638780 0.319819
0 0.662526 0.306206 0.685964 0.306294 0.685911 0.320356 0.662474 0.320269
1 0.307572 0.206605 0.321619 0.205943 0.323678 0.249645 0.309631 0.250307
5 0.327909 0.206851 0.352882 0.205696 0.354904 0.249399 0.329930 0.250554
1 0.364757 0.204592 0.378615 0.206982 0.371181 0.250095 0.357323 0.247706
1 0.385725 0.206595 0.399773 0.205951 0.401775 0.249655 0.387727 0.250299
1 0.412703 0.206186 0.426765 0.206316 0.426360 0.250064 0.412298 0.249934
1 0.436731 0.206568 0.453908 0.205959 0.455457 0.249682 0.438280 0.250291
0 0.434040 0.208286 0.508933 0.204276 0.511272 0.247964 0.436379 0.251974
1 0.491541 0.206492 0.507159 0.206027 0.508459 0.249758 0.492841 0.250223
0 0.489959 0.212074 0.549641 0.199765 0.558478 0.242613 0.498797 0.254922
7 0.530546 0.203944 0.574181 0.207108 0.571017 0.250744 0.527381 0.247579
5 0.569529 0.204442 0.594165 0.208696 0.586721 0.251808 0.562085 0.247554
0 0.566913 0.206728 0.641907 0.205776 0.642462 0.249522 0.567468 0.250474
0 0.620954 0.205941 0.642820 0.206578 0.641546 0.250309 0.619680 0.249672
7 0.641491 0.204325 0.674216 0.206730 0.671009 0.250363 0.638284 0.247957
7 0.657073 0.213006 0.695986 0.201338 0.708552 0.243244 0.669639 0.254912
0 0.290306 0.250562 0.313717 0.249454 0.314382 0.263500 0.290971 0.264609
0 0.320842 0.248174 0.343963 0.252016 0.341658 0.265888 0.318537 0.262047
0 0.338711 0.250621 0.362117 0.249398 0.362851 0.263441 0.339446 0.264665
0 0.362390 0.250468 0.368587 0.249652 0.370422 0.263595 0.364226 0.264410
0 0.376416 0.250251 0.399848 0.249752 0.400147 0.263812 0.376715 0.264310
0 0.400311 0.249506 0.423727 0.250507 0.423127 0.264556 0.399710 0.263556
0 0.415884 0.249396 0.450238 0.250612 0.449741 0.264666 0.415387 0.263450
0 0.452274 0.249725 0.458493 0.250344 0.457101 0.264337 0.450882 0.263719
0 0.460210 0.252169 0.483493 0.249486 0.485103 0.263456 0.461819 0.266139
0 0.487053 0.250639 0.505762 0.249392 0.506697 0.263424 0.487988 0.264670
0 0.502843 0.250492 0.526261 0.249520 0.526844 0.263570 0.503427 0.264542
0 0.529787 0.249957 0.536036 0.250045 0.535838 0.264106 0.529589 0.264018
0 0.552346 0.247885 0.575349 0.252376 0.572654 0.266178 0.549651 0.261687
0 0.569921 0.251826 0.604234 0.249762 0.605079 0.263799 0.570766 0.265863
0 0.602474 0.252003 0.625791 0.249632 0.627214 0.263622 0.603896 0.265993
0 0.622047 0.249720 0.645478 0.250284 0.645140 0.264342 0.621709 0.263779
0 0.650977 0.251865 0.674319 0.249754 0.675586 0.263760 0.652243 0.265871
0 0.678872 0.249664 0.702196 0.251966 0.700815 0.265961 0.677491 0.263659
6 0.974929 0.048509 1.000000 0.048366 1.000000 0.078054 0.975071 0.078196
6 0.948345 0.281491 0.999658 0.276420 1.000000 0.296634 0.950342 0.301705
6 0.958819 0.681831 0.985357 0.680694 0.986494 0.707232 0.959956 0.708369
6 0.000000 0.413441 0.036559 0.414704 0.035296 0.453746 0.000000 0.452483
