1 0.446820 0.925658 0.463965 0.924456 0.467243 0.971217 0.450097 0.972419
5 0.478465 0.924388 0.495598 0.925763 0.491847 0.972487 0.474715 0.971112
7 0.487031 0.927419 0.533519 0.921406 0.539532 0.967894 0.493044 0.973907
8 0.536609 0.924370 0.552165 0.925837 0.547766 0.972505 0.532210 0.971038
0 0.429365 0.972451 0.455903 0.971314 0.456572 0.986924 0.430034 0.988061
0 0.446520 0.973782 0.468096 0.970181 0.470668 0.985593 0.449091 0.989194
0 0.477703 0.972100 0.485504 0.971673 0.486359 0.987275 0.478558 0.987702
0 0.485859 0.972676 0.510673 0.969628 0.512578 0.985136 0.487765 0.988185
0 0.510283 0.973767 0.549169 0.970053 0.550654 0.985608 0.511769 0.989322
0 0.537362 0.972100 0.562358 0.971653 0.562638 0.987275 0.537642 0.987722
5 0.447674 0.859695 0.466414 0.859080 0.467951 0.905930 0.449211 0.906545
7 0.464290 0.857712 0.511038 0.861165 0.507585 0.907913 0.460837 0.904460
1 0.505784 0.859536 0.521406 0.859224 0.522341 0.906089 0.506719 0.906401
8 0.537858 0.857708 0.553318 0.859975 0.546517 0.906354 0.531057 0.904087
0 0.430426 0.904330 0.456886 0.906668 0.455511 0.922232 0.429052 0.919895
0 0.448273 0.906553 0.476392 0.905950 0.476727 0.921572 0.448608 0.922175
0 0.478134 0.906234 0.506259 0.906266 0.506241 0.921891 0.478116 0.921859
0 0.495038 0.906766 0.523145 0.905745 0.523712 0.921359 0.495605 0.922380
0 0.521451 0.906973 0.546411 0.905553 0.547299 0.921152 0.522339 0.922572
0 0.427389 0.796262 0.452014 0.791943 0.460111 0.838113 0.435486 0.842432
7 0.449028 0.793174 0.495888 0.794340 0.494722 0.841201 0.447862 0.840035
1 0.490820 0.793679 0.508007 0.793822 0.507618 0.840696 0.490431 0.840553
0 0.493592 0.795587 0.559019 0.790492 0.562658 0.837226 0.497231 0.842320
1 0.549232 0.793282 0.564822 0.794321 0.561706 0.841093 0.546115 0.840054
1 0.418640 0.728808 0.435783 0.727565 0.439172 0.774317 0.422030 0.775560
0 0.413402 0.728620 0.500865 0.726087 0.502223 0.772942 0.414760 0.775476
1 0.478851 0.727895 0.494468 0.728377 0.493024 0.775230 0.477407 0.774748
1 0.504225 0.729060 0.516632 0.727539 0.522337 0.774065 0.509930 0.775586
1 0.533685 0.728366 0.549303 0.727904 0.550690 0.774759 0.535072 0.775221
0 0.526348 0.733261 0.606990 0.723340 0.612714 0.769864 0.532072 0.779785
5 0.409983 0.660839 0.427040 0.662956 0.421267 0.709474 0.404210 0.707357
8 0.433946 0.662939 0.449550 0.662125 0.451991 0.708936 0.436387 0.709750
0 0.414572 0.657087 0.531381 0.666502 0.527615 0.713225 0.410807 0.703811
1 0.493921 0.661807 0.509459 0.663455 0.504516 0.710068 0.488978 0.708420
0 0.487352 0.664839 0.565239 0.658741 0.568898 0.705473 0.491011 0.711571
5 0.550551 0.660682 0.567537 0.663304 0.560387 0.709630 0.543400 0.707008
7 0.558741 0.664843 0.603834 0.660385 0.608446 0.707032 0.563353 0.711490
8 0.393794 0.596616 0.409410 0.597163 0.407768 0.644009 0.392153 0.643462
0 0.370512 0.596382 0.487696 0.597370 0.487300 0.644243 0.370117 0.643255
0 0.446086 0.596110 0.471033 0.597740 0.467977 0.644515 0.443030 0.642885
1 0.479741 0.596861 0.492241 0.596889 0.492134 0.643764 0.479634 0.643736
0 0.472768 0.600297 0.550467 0.592147 0.555357 0.638766 0.477658 0.646916
0 0.505357 0.591596 0.584498 0.600913 0.579018 0.647467 0.499877 0.638149
0 0.527347 0.594685 0.614801 0.597527 0.613278 0.644377 0.525824 0.641536
0 0.584344 0.597327 0.609329 0.596452 0.610968 0.643298 0.585984 0.644173
0 0.367808 0.641569 0.406767 0.644410 0.405630 0.659994 0.366671 0.657152
0 0.390734 0.643567 0.417294 0.643934 0.417078 0.659558 0.390518 0.659191
0 0.421874 0.644485 0.448274 0.641549 0.450001 0.657078 0.423601 0.660014
0 0.453729 0.642023 0.480221 0.643956 0.479084 0.659539 0.452592 0.657607
0 0.482649 0.644052 0.510768 0.643452 0.511101 0.659073 0.482982 0.659673
0 0.510582 0.646127 0.536756 0.641601 0.539418 0.656998 0.513244 0.661524
0 0.521643 0.644357 0.560687 0.643151 0.561169 0.658768 0.522126 0.659974
0 0.547034 0.643485 0.573591 0.644018 0.573278 0.659640 0.546721 0.659107
0 0.578085 0.643818 0.604648 0.643683 0.604727 0.659307 0.578165 0.659442
0 0.344591 0.533291 0.425652 0.527755 0.428846 0.574521 0.347785 0.580057
5 0.404611 0.531918 0.421755 0.530700 0.425076 0.577457 0.407932 0.578675
1 0.432784 0.532179 0.448326 0.530570 0.453153 0.577196 0.437611 0.578805
5 0.464304 0.530900 0.481475 0.531644 0.479446 0.578475 0.462275 0.577731
1 0.492602 0.530617 0.509731 0.532045 0.505835 0.578758 0.488707 0.577330
7 0.501478 0.534068 0.546294 0.527383 0.553210 0.573745 0.508393 0.580430
0 0.518305 0.526340 0.599108 0.534855 0.594195 0.581472 0.513392 0.572957
0 0.542099 0.535208 0.621258 0.526041 0.626651 0.572604 0.547492 0.581772
1 0.601483 0.532287 0.618574 0.530474 0.623517 0.577088 0.606426 0.578901
0 0.335856 0.459205 0.416248 0.470977 0.409457 0.517357 0.329064 0.505585
5 0.393933 0.465057 0.411074 0.466320 0.407630 0.513068 0.390489 0.511805
1 0.421286 0.465830 0.436906 0.465435 0.438089 0.512295 0.422469 0.512690
1 0.449522 0.466267 0.461974 0.465166 0.466103 0.511858 0.453651 0.512959
5 0.471663 0.465747 0.498224 0.465505 0.498650 0.512378 0.472088 0.512620
7 0.496183 0.462451 0.539379 0.469392 0.531942 0.515674 0.488746 0.508733
1 0.537838 0.465199 0.550298 0.466202 0.546537 0.512926 0.534077 0.511923
7 0.545208 0.465764 0.592048 0.463958 0.593854 0.510798 0.547014 0.512604
0 0.583854 0.466367 0.608815 0.464957 0.611458 0.511758 0.586498 0.513168
5 0.612249 0.465769 0.638810 0.465484 0.639314 0.512356 0.612753 0.512641
0 0.347215 0.510161 0.372003 0.513409 0.369973 0.528902 0.345185 0.525653
0 0.375045 0.512428 0.400045 0.512572 0.399955 0.528197 0.374955 0.528053
0 0.408013 0.512403 0.415823 0.512602 0.415425 0.528222 0.407615 0.528023
0 0.415964 0.510850 0.442304 0.514281 0.440286 0.529775 0.413946 0.526344
0 0.434040 0.510265 0.455369 0.515125 0.451897 0.530360 0.430569 0.525500
0 0.443493 0.513176 0.482532 0.511833 0.483070 0.527449 0.444030 0.528792
0 0.465246 0.514941 0.491399 0.510300 0.494129 0.525684 0.467976 0.530325
0 0.493543 0.514366 0.518287 0.510794 0.520519 0.526259 0.495776 0.529831
0 0.512610 0.512305 0.540732 0.512696 0.540515 0.528320 0.512393 0.527929
0 0.543855 0.512448 0.551667 0.512553 0.551458 0.528177 0.543646 0.528072
0 0.556996 0.510349 0.583169 0.514880 0.580504 0.530276 0.554331 0.525745
0 0.573986 0.510467 0.612966 0.513003 0.611952 0.528595 0.572972 0.526060
0 0.595154 0.512909 0.634208 0.512095 0.634534 0.527716 0.595479 0.528530
0 0.321175 0.396296 0.400497 0.403919 0.396013 0.450579 0.316691 0.442956
0 0.349002 0.396649 0.429961 0.403519 0.425998 0.450226 0.345039 0.443356
8 0.408145 0.399658 0.423753 0.400394 0.421542 0.447217 0.405935 0.446481
7 0.422916 0.396264 0.469361 0.402604 0.463021 0.449048 0.416577 0.442709
0 0.435186 0.404310 0.500094 0.394639 0.507002 0.441002 0.442093 0.450673
8 0.490438 0.400378 0.507610 0.399662 0.509562 0.446497 0.492390 0.447213
5 0.514598 0.399705 0.541154 0.400308 0.540090 0.447170 0.513534 0.446567
1 0.547705 0.400657 0.558589 0.399574 0.563233 0.446218 0.552349 0.447301
1 0.571495 0.401272 0.588371 0.398015 0.597255 0.444040 0.580379 0.447298
7 0.602211 0.399338 0.625606 0.400746 0.622789 0.447537 0.599394 0.446129
5 0.634918 0.398184 0.651905 0.400800 0.644770 0.447129 0.627782 0.444512
0 0.334864 0.446232 0.356699 0.447546 0.355761 0.463143 0.333926 0.461829
0 0.348161 0.449046 0.374397 0.444896 0.376839 0.460329 0.350603 0.464479
0 0.377841 0.449066 0.404071 0.444879 0.406534 0.460309 0.380304 0.464496
0 0.398287 0.447091 0.420157 0.446662 0.420463 0.462284 0.398593 0.462713
0 0.417783 0.445159 0.444277 0.447068 0.443154 0.462653 0.416660 0.460744
0 0.433862 0.447525 0.472822 0.444703 0.473951 0.460287 0.434991 0.463110
0 0.474628 0.443441 0.500579 0.449106 0.497247 0.464371 0.471296 0.458707
0 0.492152 0.446936 0.518714 0.446814 0.518786 0.462439 0.492224 0.462561
0 0.511072 0.446650 0.537631 0.447102 0.537365 0.462725 0.510806 0.462273
0 0.539058 0.446881 0.560933 0.446869 0.560942 0.462494 0.539067 0.462506
0 0.557742 0.447451 0.579462 0.444848 0.581321 0.460362 0.559601 0.462965
0 0.575400 0.446232 0.601930 0.447537 0.601163 0.463143 0.574632 0.461838
0 0.585781 0.449056 0.624417 0.443302 0.626719 0.458757 0.588083 0.464510
0 0.631063 0.446971 0.638874 0.446783 0.639249 0.462404 0.631439 0.462592
1 0.337747 0.334294 0.353371 0.334459 0.352878 0.381331 0.337254 0.381166
5 0.364561 0.334198 0.381745 0.334562 0.380752 0.381427 0.363568 0.381063
1 0.388753 0.335452 0.404107 0.332551 0.412809 0.378611 0.397456 0.381512
5 0.417668 0.332548 0.444134 0.334809 0.440144 0.381514 0.413678 0.379253
5 0.450110 0.334067 0.467285 0.334716 0.465515 0.381558 0.448340 0.380909
7 0.460456 0.336616 0.507134 0.332331 0.511419 0.379009 0.464741 0.383294
1 0.504168 0.334850 0.519768 0.333974 0.522395 0.380775 0.506794 0.381651
8 0.534710 0.334266 0.550334 0.334489 0.549665 0.381359 0.534041 0.381136
7 0.548891 0.331096 0.595466 0.336391 0.590171 0.382966 0.543596 0.377671
1 0.594517 0.333875 0.606956 0.335101 0.602358 0.381750 0.589919 0.380524
1 0.617355 0.334017 0.636090 0.334771 0.634207 0.381608 0.615472 0.380854
0 0.618057 0.329616 0.697130 0.339496 0.691318 0.386009 0.612245 0.376129
8 0.325477 0.267992 0.340993 0.269836 0.335460 0.316383 0.319944 0.314539
0 0.317779 0.266954 0.400566 0.268998 0.399409 0.315859 0.316622 0.313815
1 0.381936 0.267168 0.397435 0.269146 0.391502 0.315644 0.376002 0.313666
7 0.392653 0.268293 0.439519 0.269216 0.438597 0.316082 0.391731 0.315159
1 0.432823 0.268745 0.453136 0.268755 0.453114 0.315630 0.432802 0.315620
1 0.464463 0.268389 0.480068 0.269170 0.477725 0.315986 0.462119 0.315205
0 0.487667 0.268268 0.512647 0.269269 0.510771 0.316107 0.485791 0.315106
1 0.520467 0.268459 0.536079 0.269078 0.534221 0.315916 0.518608 0.315297
1 0.548782 0.268404 0.564389 0.269149 0.562156 0.315971 0.546548 0.315226
7 0.561304 0.266874 0.608126 0.269117 0.605883 0.315938 0.559062 0.313696
1 0.604377 0.269268 0.615279 0.268385 0.619061 0.315107 0.608159 0.315990
1 0.631591 0.268014 0.651838 0.269635 0.648097 0.316361 0.627849 0.314740
0 0.626457 0.270358 0.707645 0.267178 0.709480 0.314017 0.628292 0.317197
0 0.275995 0.197747 0.362783 0.208884 0.356817 0.255378 0.270029 0.244241
5 0.337913 0.202721 0.355078 0.203589 0.352712 0.250404 0.335547 0.249536
0 0.338917 0.203699 0.404487 0.201027 0.406396 0.247863 0.340825 0.250535
1 0.395415 0.203101 0.406352 0.203149 0.406148 0.250024 0.395210 0.249976
7 0.409985 0.199909 0.456341 0.206860 0.449390 0.253216 0.403034 0.246265
0 0.414231 0.202812 0.501729 0.203439 0.501394 0.250313 0.413896 0.249686
0 0.453622 0.201431 0.519156 0.204884 0.516690 0.251694 0.451156 0.248241
0 0.474057 0.201301 0.555280 0.203402 0.554068 0.250261 0.472845 0.248160
1 0.539884 0.201184 0.555103 0.204721 0.544491 0.250379 0.529272 0.246842
7 0.546724 0.203277 0.593598 0.202974 0.593901 0.249848 0.547027 0.250151
1 0.585905 0.203883 0.606169 0.202479 0.609407 0.249242 0.589143 0.250646
5 0.617046 0.203177 0.634233 0.203074 0.634516 0.249948 0.617329 0.250051
0 0.616166 0.201010 0.695737 0.205308 0.693209 0.252115 0.613638 0.247817
7 0.657771 0.204848 0.704527 0.201521 0.707854 0.248277 0.661098 0.251604
0 0.264622 0.134219 0.344025 0.140949 0.340066 0.187656 0.260663 0.180926
0 0.287901 0.135416 0.375299 0.139638 0.373037 0.186459 0.285639 0.182237
1 0.351807 0.137420 0.367431 0.137583 0.366943 0.184455 0.351319 0.184292
0 0.344719 0.141629 0.424001 0.133609 0.428719 0.180246 0.349436 0.188266
0 0.373418 0.138165 0.454617 0.135301 0.456270 0.182147 0.375070 0.185011
1 0.434257 0.138129 0.449841 0.136995 0.453243 0.183746 0.437659 0.184880
1 0.462312 0.138158 0.477892 0.136976 0.481438 0.183717 0.465858 0.184899
1 0.488412 0.138045 0.505452 0.135796 0.511588 0.182267 0.494548 0.184517
7 0.507553 0.139748 0.543247 0.135570 0.548697 0.182127 0.513003 0.186305
0 0.498587 0.135295 0.615690 0.139739 0.613913 0.186580 0.496810 0.182136
5 0.571922 0.137050 0.598468 0.137979 0.596828 0.184825 0.570282 0.183896
7 0.588516 0.139663 0.632072 0.135545 0.636484 0.182212 0.592928 0.186330
1 0.634580 0.137259 0.647069 0.137782 0.645107 0.184616 0.632618 0.184093
8 0.662672 0.136725 0.679764 0.138535 0.674828 0.185150 0.657736 0.183340
5 0.684136 0.138363 0.702680 0.135590 0.709614 0.181949 0.691070 0.184723
5 0.285117 0.069882 0.301986 0.073174 0.293008 0.119181 0.276139 0.115889
8 0.307234 0.072701 0.322792 0.071251 0.327141 0.117924 0.311583 0.119374
0 0.310265 0.075372 0.375542 0.068626 0.380360 0.115253 0.315083 0.121999
1 0.362226 0.072917 0.377749 0.071138 0.383087 0.117708 0.367563 0.119487
5 0.389454 0.071248 0.415984 0.072559 0.413671 0.119377 0.387141 0.118066
7 0.406113 0.072013 0.452987 0.071738 0.453262 0.118612 0.406388 0.118887
7 0.435931 0.074649 0.471508 0.069571 0.478132 0.115976 0.442555 0.121054
5 0.473580 0.071375 0.500122 0.072411 0.498295 0.119250 0.471753 0.118214
0 0.472770 0.072268 0.552423 0.069940 0.553793 0.116795 0.474139 0.119123
1 0.535295 0.072056 0.547790 0.071712 0.549080 0.118569 0.536585 0.118913
1 0.560273 0.072129 0.577454 0.071640 0.578789 0.118496 0.561609 0.118985
7 0.575524 0.071363 0.622387 0.072399 0.621351 0.119262 0.574488 0.118226
0 0.583190 0.071183 0.670679 0.072573 0.669935 0.119442 0.582446 0.118052
1 0.650522 0.070180 0.665966 0.072551 0.658853 0.118883 0.643409 0.116512
5 0.667043 0.072147 0.693532 0.070171 0.697019 0.116916 0.670530 0.118892
8 0.702462 0.072106 0.718081 0.071662 0.719413 0.118519 0.703794 0.118963
0 0.261741 0.116740 0.288183 0.119268 0.286696 0.134822 0.260254 0.132294
0 0.285643 0.115232 0.311552 0.121090 0.308107 0.136330 0.282198 0.130473
0 0.299412 0.118999 0.324331 0.116989 0.325588 0.132563 0.300669 0.134574
0 0.322929 0.115605 0.347414 0.120654 0.344258 0.135957 0.319774 0.130908
0 0.349508 0.120724 0.375555 0.115517 0.378617 0.130839 0.352570 0.136046
0 0.366317 0.114991 0.404893 0.121141 0.402433 0.136571 0.363857 0.130422
0 0.385813 0.119068 0.424871 0.118434 0.425124 0.134057 0.386067 0.134691
0 0.412631 0.118531 0.439190 0.118971 0.438931 0.134594 0.412372 0.134154
0 0.433599 0.120827 0.454833 0.115569 0.458589 0.130736 0.437355 0.135994
0 0.456097 0.119016 0.482654 0.118487 0.482965 0.134109 0.456408 0.134638
0 0.473672 0.116455 0.500048 0.119592 0.498203 0.135107 0.471827 0.131971
0 0.499974 0.119542 0.526361 0.116499 0.528151 0.132021 0.501764 0.135064
0 0.520336 0.118708 0.548461 0.118792 0.548414 0.134417 0.520289 0.134333
0 0.542202 0.118725 0.568765 0.118775 0.568735 0.134400 0.542173 0.134350
0 0.565328 0.119183 0.587187 0.118329 0.587797 0.133942 0.565938 0.134796
0 0.587398 0.118926 0.613958 0.118576 0.614164 0.134199 0.587604 0.134549
0 0.614845 0.116702 0.642850 0.119302 0.641405 0.134860 0.613400 0.132260
0 0.629532 0.119021 0.656089 0.118482 0.656406 0.134104 0.629849 0.134643
0 0.654365 0.121039 0.680566 0.116673 0.683135 0.132086 0.656934 0.136452
0 0.693128 0.119093 0.700915 0.118458 0.702184 0.134032 0.694398 0.134667
0 0.707712 0.118934 0.735834 0.118567 0.736038 0.134191 0.707916 0.134558
6 0.000000 0.139542 0.040435 0.138586 0.040807 0.160458 0.000000 0.161414
6 0.021266 0.652189 0.064999 0.650954 0.066234 0.694686 0.022501 0.695921
