4 0.020209 0.077355 0.112280 0.072731 0.115729 0.141395 0.023657 0.146019
0 0.044662 0.155720 0.082622 0.146504 0.088151 0.169280 0.050191 0.178496
0 0.049489 0.144740 0.092818 0.150798 0.089573 0.174010 0.046244 0.167952
0 0.075284 0.144683 0.114720 0.154440 0.109091 0.177192 0.069655 0.167435
4 0.119381 0.071458 0.211395 0.077108 0.207182 0.145729 0.115167 0.140079
0 0.149903 0.148607 0.190527 0.148269 0.190722 0.171706 0.150098 0.172044
0 0.151214 0.145092 0.194085 0.153816 0.189411 0.176783 0.146540 0.168059
4 0.207270 0.082667 0.298082 0.066797 0.309917 0.134520 0.219106 0.150391
0 0.230116 0.148214 0.287893 0.150238 0.287072 0.173661 0.229295 0.171637
0 0.253732 0.159162 0.294307 0.161180 0.293143 0.184588 0.252568 0.182570
4 0.311225 0.071728 0.403167 0.078455 0.398150 0.147022 0.306208 0.140295
0 0.316527 0.162704 0.349283 0.160774 0.350661 0.184171 0.317905 0.186101
4 0.402848 0.075685 0.494990 0.072786 0.497152 0.141502 0.405010 0.144401
0 0.412734 0.148010 0.456476 0.148869 0.456016 0.172302 0.412274 0.171443
0 0.432538 0.167344 0.469798 0.155613 0.476837 0.177968 0.439577 0.189700
0 0.430699 0.151279 0.467605 0.164077 0.459926 0.186221 0.423020 0.173423
4 0.502664 0.070027 0.594441 0.078717 0.587961 0.147161 0.496184 0.138471
0 0.512712 0.148050 0.556455 0.148829 0.556038 0.172262 0.512295 0.171484
4 0.594310 0.074262 0.686485 0.075747 0.685378 0.144488 0.593202 0.143003
0 0.658164 0.149819 0.670658 0.150191 0.669961 0.173618 0.657467 0.173246
4 0.685573 0.080259 0.777205 0.070155 0.784740 0.138491 0.693108 0.148595
0 0.721207 0.164570 0.759885 0.159098 0.763168 0.182305 0.724490 0.187777
0 0.727806 0.150803 0.767583 0.159062 0.762819 0.182010 0.723042 0.173751
4 0.784950 0.074242 0.877125 0.075768 0.875987 0.144508 0.783812 0.142982
0 0.816977 0.164598 0.855417 0.157651 0.859585 0.180714 0.821146 0.187662
0 0.787418 0.159517 0.828042 0.159233 0.828207 0.182670 0.787583 0.182954
0 0.827583 0.162674 0.866600 0.160791 0.867730 0.184201 0.828713 0.186084
4 0.074528 0.187128 0.165892 0.199424 0.156722 0.267560 0.065358 0.255263
0 0.091404 0.277742 0.103878 0.278559 0.102346 0.301946 0.089872 0.301129
0 0.092189 0.278122 0.131252 0.278128 0.131248 0.301566 0.092186 0.301559
4 0.163856 0.194029 0.256042 0.193472 0.256457 0.262221 0.164271 0.262778
0 0.186829 0.278593 0.227380 0.276138 0.228796 0.299532 0.188245 0.301987
4 0.258966 0.195407 0.351095 0.192136 0.353534 0.260843 0.261405 0.264114
0 0.259193 0.269210 0.297658 0.262399 0.301744 0.285478 0.263280 0.292288
0 0.298637 0.271101 0.339137 0.274283 0.337301 0.297649 0.296801 0.294467
4 0.354017 0.193887 0.446186 0.192064 0.447546 0.260801 0.355376 0.262623
0 0.374047 0.263923 0.386350 0.266134 0.382203 0.289202 0.369900 0.286991
0 0.388619 0.283341 0.445991 0.276213 0.448881 0.299472 0.391509 0.306600
0 0.372878 0.273685 0.413452 0.271657 0.414622 0.295065 0.374048 0.297093
4 0.450230 0.193444 0.542415 0.194058 0.541958 0.262806 0.449772 0.262192
0 0.445778 0.279381 0.503549 0.281574 0.502660 0.304994 0.444889 0.302801
4 0.543382 0.197723 0.635247 0.190017 0.640993 0.258527 0.549128 0.266233
0 0.574733 0.269133 0.607537 0.268373 0.608080 0.291804 0.575276 0.292564
0 0.547920 0.278621 0.591324 0.273127 0.594267 0.296379 0.550864 0.301873
4 0.640945 0.193325 0.733128 0.194178 0.732493 0.262925 0.640309 0.262072
0 0.662385 0.278573 0.702434 0.271759 0.706365 0.294865 0.666316 0.301678
0 0.646571 0.273981 0.687182 0.272902 0.687804 0.296331 0.647193 0.297410
0 0.668339 0.273756 0.700951 0.270137 0.703536 0.293432 0.670924 0.297050
4 0.734360 0.197163 0.826308 0.190516 0.831265 0.259087 0.739317 0.265734
0 0.772445 0.267999 0.812549 0.274489 0.808805 0.297626 0.768701 0.291136
0 0.787972 0.260287 0.825766 0.270162 0.819841 0.292838 0.782047 0.282963
0 0.760787 0.267475 0.818368 0.262307 0.820463 0.285650 0.762882 0.290818
4 0.834840 0.190274 0.926749 0.197433 0.921410 0.265976 0.829501 0.258817
0 0.879607 0.277093 0.912320 0.274541 0.914143 0.297907 0.881430 0.300459
0 0.835367 0.279968 0.874102 0.274917 0.877133 0.298157 0.838398 0.303208
0 0.877830 0.271381 0.889962 0.268371 0.895607 0.291119 0.883475 0.294129
4 0.021814 0.312582 0.114001 0.312418 0.114123 0.381168 0.021936 0.381332
0 0.058991 0.392044 0.095987 0.379508 0.103509 0.401706 0.066513 0.414242
0 0.045261 0.384465 0.085886 0.384286 0.085989 0.407723 0.045364 0.407902
4 0.118796 0.310637 0.210957 0.312820 0.209329 0.381550 0.117168 0.379368
0 0.163668 0.386622 0.202707 0.385267 0.203520 0.408691 0.164480 0.410045
4 0.210803 0.314901 0.302870 0.310189 0.306385 0.378849 0.214318 0.383561
0 0.260571 0.388660 0.300381 0.380560 0.305054 0.403527 0.265244 0.411627
0 0.221204 0.384208 0.261492 0.389423 0.258484 0.412667 0.218195 0.407452
4 0.308305 0.311849 0.400483 0.313158 0.399508 0.381901 0.307329 0.380592
0 0.328065 0.386049 0.371815 0.385826 0.371935 0.409263 0.328185 0.409487
0 0.318529 0.374687 0.353129 0.395977 0.340846 0.415938 0.306246 0.394648
4 0.407194 0.307702 0.499006 0.316016 0.492806 0.384486 0.400994 0.376171
0 0.428512 0.382190 0.467555 0.383447 0.466800 0.406873 0.427758 0.405615
4 0.500367 0.309272 0.592419 0.314266 0.588695 0.382915 0.496643 0.377921
0 0.511856 0.408286 0.549114 0.392094 0.558456 0.413589 0.521198 0.429781
0 0.505455 0.395087 0.538203 0.397147 0.536732 0.420538 0.503984 0.418478
0 0.508926 0.399226 0.547724 0.394683 0.550449 0.417962 0.511651 0.422504
4 0.597463 0.307233 0.689178 0.316558 0.682224 0.384955 0.590509 0.375630
0 0.634963 0.382629 0.675541 0.384586 0.674412 0.407996 0.633834 0.406039
0 0.628758 0.382599 0.667768 0.384620 0.666555 0.408026 0.627545 0.406005
4 0.687087 0.316545 0.778940 0.308704 0.784788 0.377205 0.692935 0.385046
0 0.731280 0.383698 0.772252 0.399040 0.764033 0.420989 0.723061 0.405648
4 0.780939 0.318253 0.872284 0.305814 0.881561 0.373935 0.790216 0.386374
0 0.797767 0.383769 0.840809 0.391610 0.836608 0.414668 0.793566 0.406827
4 0.067185 0.433455 0.159270 0.429121 0.162503 0.497795 0.070417 0.502129
0 0.087076 0.507083 0.127436 0.502445 0.130111 0.525729 0.089752 0.530367
0 0.106232 0.520802 0.149429 0.513869 0.153143 0.537011 0.109946 0.543943
0 0.109222 0.509185 0.141234 0.516386 0.136091 0.539252 0.104078 0.532051
4 0.167882 0.427513 0.259746 0.435228 0.253993 0.503737 0.162129 0.496022
0 0.191813 0.513620 0.230438 0.519455 0.226937 0.542630 0.188312 0.536795
0 0.168145 0.519176 0.211830 0.516797 0.213105 0.540199 0.169420 0.542578
0 0.188957 0.511212 0.201319 0.509359 0.204793 0.532538 0.192431 0.534391
4 0.261644 0.429340 0.353750 0.433221 0.350856 0.501910 0.258750 0.498029
0 0.262177 0.517237 0.319966 0.515585 0.320636 0.539013 0.262847 0.540665
0 0.273392 0.507533 0.313020 0.516480 0.307858 0.539342 0.268230 0.530395
4 0.353982 0.433339 0.446078 0.429229 0.449143 0.497911 0.357047 0.502021
0 0.377179 0.505670 0.417562 0.510095 0.415009 0.533393 0.374626 0.528968
0 0.404799 0.513908 0.437610 0.514219 0.437388 0.537655 0.404577 0.537344
4 0.450018 0.431225 0.542206 0.431275 0.542169 0.500025 0.449982 0.499975
0 0.490749 0.510327 0.529708 0.513172 0.528001 0.536548 0.489042 0.533703
0 0.469985 0.505210 0.508838 0.501166 0.511265 0.524478 0.472412 0.528522
4 0.549822 0.425913 0.641329 0.437095 0.632990 0.505337 0.541483 0.494155
0 0.572004 0.507592 0.612627 0.508035 0.612371 0.531471 0.571748 0.531028
4 0.640916 0.430863 0.733100 0.431639 0.732522 0.500387 0.640337 0.499611
0 0.649670 0.510331 0.687914 0.518285 0.683142 0.541231 0.644898 0.533278
0 0.647668 0.512003 0.688210 0.514608 0.686707 0.537997 0.646165 0.535392
4 0.735895 0.431602 0.828055 0.429356 0.829730 0.498086 0.737570 0.500332
0 0.754601 0.521002 0.797738 0.513702 0.801649 0.536810 0.758512 0.544111
4 0.833230 0.428917 0.925364 0.432060 0.923020 0.500770 0.830886 0.497627
0 0.885652 0.519810 0.897787 0.516812 0.903410 0.539565 0.891275 0.542563
0 0.860568 0.514677 0.899402 0.510460 0.901932 0.533760 0.863098 0.537978
0 0.872989 0.512400 0.915915 0.520854 0.911386 0.543850 0.868460 0.535396
4 0.022527 0.548361 0.114698 0.550088 0.113411 0.618826 0.021239 0.617099
0 0.056114 0.638340 0.099203 0.630764 0.103261 0.653848 0.060172 0.661423
0 0.058382 0.635402 0.116133 0.638061 0.115055 0.661473 0.057304 0.658814
4 0.123743 0.541845 0.214573 0.557605 0.202820 0.625343 0.111990 0.609583
0 0.136661 0.622796 0.175455 0.627365 0.172714 0.650641 0.133920 0.646073
0 0.123753 0.625992 0.167488 0.627141 0.166872 0.650571 0.123137 0.649421
0 0.158595 0.630783 0.201691 0.638318 0.197655 0.661405 0.154559 0.653870
4 0.214435 0.546766 0.306486 0.551773 0.302753 0.620421 0.210701 0.615415
0 0.233540 0.630764 0.277214 0.633339 0.275835 0.656736 0.232161 0.654161
0 0.264965 0.628036 0.303698 0.633099 0.300660 0.656339 0.261927 0.651276
4 0.307974 0.549784 0.400161 0.550217 0.399838 0.618966 0.307652 0.618533
0 0.360566 0.628478 0.372376 0.624380 0.380059 0.646522 0.368249 0.650620
4 0.402637 0.551771 0.494758 0.548278 0.497363 0.616979 0.405242 0.620472
0 0.413546 0.622814 0.452310 0.617990 0.455204 0.641248 0.416440 0.646072
4 0.497688 0.552155 0.589778 0.547918 0.592937 0.616595 0.500847 0.620832
0 0.516041 0.624765 0.554928 0.628465 0.552709 0.651797 0.513822 0.648097
0 0.513347 0.633316 0.552328 0.630796 0.553840 0.654184 0.514859 0.656704
0 0.536700 0.626195 0.568998 0.631985 0.564862 0.655055 0.532565 0.649265
4 0.593595 0.550511 0.685747 0.547953 0.687655 0.616676 0.595503 0.619235
0 0.643662 0.626610 0.656162 0.626516 0.656338 0.649953 0.643838 0.650047
0 0.632304 0.620034 0.670981 0.625510 0.667696 0.648716 0.629019 0.643240
4 0.693203 0.545122 0.785000 0.553607 0.778672 0.622066 0.686875 0.613580
0 0.701463 0.636767 0.740399 0.633621 0.742287 0.656983 0.703351 0.660129
0 0.737278 0.633194 0.777726 0.629408 0.779910 0.652744 0.739462 0.656529
4 0.784998 0.548399 0.877171 0.550050 0.875940 0.618789 0.783767 0.617138
0 0.803507 0.624304 0.836176 0.627360 0.833993 0.650696 0.801324 0.647640
0 0.811970 0.628393 0.855671 0.626321 0.856780 0.649732 0.813079 0.651804
4 0.071049 0.665084 0.163047 0.670995 0.158638 0.739604 0.066641 0.733692
0 0.101224 0.752885 0.132643 0.743423 0.139401 0.765865 0.107982 0.775327
0 0.116760 0.743321 0.154991 0.735303 0.159802 0.758241 0.121571 0.766259
0 0.094238 0.746627 0.106728 0.747142 0.105762 0.770560 0.093272 0.770045
4 0.166094 0.667134 0.258223 0.670409 0.255781 0.739116 0.163652 0.735841
0 0.210894 0.750563 0.254069 0.743495 0.257856 0.766624 0.214681 0.773693
0 0.201278 0.746047 0.239651 0.738741 0.244035 0.761765 0.205661 0.769071
0 0.219350 0.752962 0.251966 0.756554 0.249400 0.779851 0.216784 0.776259
4 0.268314 0.659241 0.358127 0.680030 0.342623 0.747009 0.252810 0.726220
0 0.294735 0.744583 0.307145 0.743086 0.309952 0.766355 0.297542 0.767852
0 0.270279 0.754117 0.312345 0.742098 0.318784 0.764633 0.276717 0.776652
4 0.352708 0.670796 0.444730 0.665265 0.448854 0.733891 0.356833 0.739422
0 0.364455 0.751361 0.403348 0.754990 0.401170 0.778326 0.362277 0.774697
0 0.416465 0.742602 0.428941 0.741819 0.430410 0.765210 0.417934 0.765994
4 0.446813 0.674058 0.538264 0.662429 0.546937 0.730630 0.455486 0.742259
0 0.494648 0.743667 0.533383 0.748718 0.530352 0.771958 0.491617 0.766907
4 0.548854 0.665330 0.640772 0.672371 0.635521 0.740920 0.543603 0.733879
0 0.551043 0.742703 0.583613 0.738720 0.586457 0.761985 0.553887 0.765967
0 0.580328 0.754034 0.592741 0.755504 0.589984 0.778779 0.577571 0.777308
0 0.599701 0.750165 0.612197 0.749843 0.612799 0.773273 0.600303 0.773594
4 0.637467 0.672669 0.729208 0.663602 0.735970 0.732018 0.644230 0.741086
0 0.675304 0.748397 0.732913 0.753248 0.730946 0.776603 0.673337 0.771752
4 0.730488 0.676857 0.821160 0.660210 0.833575 0.727830 0.742903 0.744477
0 0.768615 0.753247 0.807539 0.749961 0.809510 0.773316 0.770586 0.776601
0 0.761095 0.735476 0.792953 0.743331 0.787342 0.766087 0.755484 0.758232
4 0.835036 0.663404 0.926733 0.672899 0.919652 0.741283 0.827955 0.731789
0 0.870470 0.746443 0.903187 0.748938 0.901405 0.772307 0.868688 0.769812
4 0.019749 0.789771 0.111743 0.783810 0.116189 0.852416 0.024194 0.858378
0 0.046039 0.865374 0.084663 0.877968 0.077398 0.900251 0.038774 0.887657
4 0.119722 0.784340 0.211681 0.790831 0.206840 0.859410 0.114882 0.852919
0 0.123554 0.860662 0.161080 0.871510 0.154571 0.894026 0.117045 0.883178
0 0.138356 0.883829 0.191198 0.860374 0.200706 0.881796 0.147865 0.905251
4 0.216573 0.782697 0.308384 0.791021 0.302177 0.859490 0.210366 0.851166
0 0.277245 0.858705 0.289653 0.860217 0.286818 0.883482 0.274410 0.881970
0 0.224348 0.870213 0.263078 0.875299 0.260027 0.898537 0.221297 0.893451
4 0.310178 0.785472 0.402273 0.789597 0.399197 0.858278 0.307102 0.854153
0 0.348957 0.861923 0.387535 0.868056 0.383855 0.891202 0.345277 0.885069
4 0.407176 0.782722 0.498992 0.790993 0.492824 0.859465 0.401008 0.851195
0 0.429531 0.867426 0.470004 0.863912 0.472031 0.887261 0.431559 0.890776
0 0.418114 0.866668 0.450634 0.871041 0.447511 0.894270 0.414991 0.889896
4 0.494830 0.792961 0.586420 0.782485 0.594233 0.850789 0.502642 0.861265
0 0.507120 0.862452 0.545865 0.867427 0.542880 0.890673 0.504135 0.885698
0 0.514858 0.879257 0.549026 0.857281 0.561704 0.876993 0.527536 0.898969
4 0.593215 0.789340 0.685331 0.785713 0.688035 0.854410 0.595919 0.858037
0 0.589997 0.863623 0.647345 0.870941 0.644378 0.894190 0.587030 0.886872
4 0.691228 0.785718 0.783345 0.789335 0.780647 0.858032 0.688530 0.854415
0 0.719890 0.865135 0.731903 0.868591 0.725422 0.891115 0.713410 0.887659
0 0.740811 0.871177 0.779756 0.874206 0.777939 0.897573 0.738994 0.894544
0 0.710342 0.868045 0.748375 0.859135 0.753721 0.881955 0.715688 0.890865
4 0.781153 0.792871 0.872589 0.781127 0.881347 0.849316 0.789911 0.861061
0 0.820099 0.871032 0.860061 0.863725 0.864276 0.886781 0.824314 0.894087
0 0.802392 0.865123 0.841367 0.867742 0.839795 0.891127 0.800821 0.888508
0 0.797082 0.866461 0.836022 0.869550 0.834168 0.892914 0.795228 0.889825
