1 0.070760 0.072674 0.092583 0.084871 0.063615 0.136701 0.041792 0.124504
1 0.062436 0.080827 0.081321 0.073346 0.103189 0.128548 0.084304 0.136029
0 0.050524 0.112077 0.100464 0.114510 0.099476 0.134798 0.049536 0.132365
1 0.123981 0.073218 0.139807 0.079923 0.116644 0.134594 0.100818 0.127889
1 0.113368 0.082462 0.129776 0.073389 0.158507 0.125350 0.142099 0.134423
0 0.117000 0.109347 0.144257 0.116280 0.139250 0.135965 0.111993 0.129033
1 0.174443 0.073224 0.189415 0.077694 0.172432 0.134588 0.157460 0.130119
1 0.165280 0.084597 0.181131 0.074582 0.212845 0.124778 0.196994 0.134793
0 0.163790 0.112976 0.198152 0.112032 0.198710 0.132337 0.164348 0.133281
1 0.231423 0.073425 0.250544 0.084050 0.221702 0.135950 0.202581 0.125325
1 0.218618 0.083195 0.236243 0.073098 0.265757 0.124618 0.248132 0.134715
1 0.286598 0.074777 0.300425 0.082053 0.272777 0.134598 0.258950 0.127322
1 0.271787 0.083532 0.291135 0.073326 0.318838 0.125843 0.299490 0.136049
0 0.282603 0.112599 0.291976 0.112405 0.292397 0.132713 0.283024 0.132908
1 0.339804 0.074796 0.353612 0.082109 0.325821 0.134579 0.312013 0.127266
1 0.323193 0.082951 0.345550 0.071763 0.372120 0.124862 0.349762 0.136049
0 0.322628 0.110854 0.359788 0.115892 0.357059 0.136021 0.319899 0.130983
1 0.394464 0.074416 0.407875 0.082433 0.377411 0.133397 0.364000 0.125380
1 0.378111 0.082214 0.396149 0.072873 0.423452 0.125599 0.405414 0.134939
0 0.389313 0.112388 0.398685 0.112618 0.398187 0.132925 0.388815 0.132694
1 0.447917 0.074759 0.461015 0.083278 0.428646 0.133053 0.415547 0.124535
1 0.432120 0.082766 0.447199 0.074518 0.475693 0.126609 0.460614 0.134857
1 0.496460 0.073187 0.513186 0.081660 0.486353 0.134626 0.469627 0.126152
1 0.485410 0.081938 0.503560 0.072819 0.530215 0.125875 0.512065 0.134993
1 0.550535 0.074582 0.564576 0.081437 0.538527 0.134793 0.524486 0.127938
1 0.540130 0.080070 0.557452 0.072891 0.580183 0.127743 0.562861 0.134921
0 0.528705 0.111957 0.578633 0.114635 0.577545 0.134918 0.527617 0.132240
1 0.603591 0.072830 0.622335 0.084108 0.591721 0.134983 0.572978 0.123704
1 0.590371 0.082468 0.608303 0.072927 0.636192 0.125345 0.618260 0.134885
1 0.656160 0.072868 0.674208 0.082188 0.646965 0.134944 0.628917 0.125624
1 0.646238 0.081965 0.661615 0.074288 0.688137 0.127410 0.672760 0.135087
0 0.641485 0.114577 0.675767 0.112041 0.677265 0.132298 0.642983 0.134834
1 0.710969 0.074367 0.727101 0.083922 0.696844 0.135008 0.680711 0.125453
1 0.699246 0.081434 0.717904 0.073403 0.741379 0.127941 0.722721 0.135972
0 0.693341 0.113294 0.730808 0.111724 0.731659 0.132018 0.694192 0.133589
1 0.761873 0.073311 0.781259 0.083445 0.753752 0.136064 0.734366 0.125930
1 0.751375 0.081596 0.769664 0.072757 0.795500 0.126217 0.777211 0.135055
0 0.751614 0.112430 0.779738 0.112571 0.779636 0.132883 0.751512 0.132742
1 0.813626 0.072722 0.832000 0.081382 0.806687 0.135091 0.788313 0.126431
1 0.801352 0.084215 0.818532 0.073378 0.850210 0.123597 0.833030 0.134434
0 0.080991 0.138590 0.088607 0.136845 0.092446 0.153598 0.084831 0.155343
0 0.100550 0.137271 0.108347 0.137763 0.107263 0.154917 0.099466 0.154424
0 0.132721 0.137542 0.140533 0.137459 0.140716 0.154645 0.132904 0.154729
0 0.141777 0.138253 0.171427 0.136769 0.172286 0.153935 0.142636 0.155419
0 0.160794 0.137754 0.190477 0.137249 0.190769 0.154434 0.161086 0.154939
0 0.184712 0.135893 0.212638 0.139228 0.210601 0.156294 0.182674 0.152960
0 0.222100 0.137056 0.245398 0.139609 0.243525 0.156694 0.220227 0.154141
0 0.239347 0.137026 0.269019 0.137983 0.268465 0.155162 0.238793 0.154204
0 0.266837 0.138137 0.296497 0.136879 0.297226 0.154051 0.267565 0.155309
0 0.299762 0.137612 0.307571 0.137394 0.308051 0.154575 0.300241 0.154793
0 0.327712 0.138150 0.335444 0.137028 0.337913 0.154037 0.330181 0.155159
0 0.338776 0.139821 0.369705 0.135355 0.372162 0.152366 0.341232 0.156832
0 0.358352 0.137410 0.387987 0.139183 0.386961 0.156340 0.357326 0.154567
0 0.390911 0.137049 0.419021 0.137960 0.418464 0.155138 0.390354 0.154228
0 0.416833 0.139721 0.444636 0.135476 0.447230 0.152467 0.419427 0.156711
0 0.443926 0.136882 0.471902 0.139771 0.470137 0.156868 0.442160 0.153979
0 0.474809 0.137767 0.498241 0.137238 0.498629 0.154421 0.475197 0.154950
0 0.487796 0.135224 0.529726 0.139881 0.527829 0.156963 0.485899 0.152307
0 0.523031 0.143190 0.552499 0.132790 0.558219 0.148998 0.528751 0.159398
0 0.551511 0.135185 0.580450 0.141811 0.576614 0.158565 0.547675 0.151939
0 0.582994 0.136725 0.614080 0.139928 0.612318 0.157025 0.581233 0.153822
0 0.611996 0.139270 0.643185 0.137326 0.644254 0.154480 0.613065 0.156424
0 0.631279 0.137452 0.659404 0.137548 0.659346 0.154735 0.631221 0.154640
0 0.665576 0.137581 0.693700 0.137419 0.693799 0.154607 0.665675 0.154768
0 0.697970 0.139144 0.727609 0.137446 0.728592 0.154606 0.698953 0.156304
0 0.729914 0.137140 0.758029 0.137865 0.757586 0.155047 0.729471 0.154322
0 0.761889 0.139501 0.793048 0.137112 0.794361 0.154249 0.763202 0.156638
0 0.782288 0.140922 0.809964 0.135915 0.813024 0.152828 0.785348 0.157835
0 0.817598 0.136792 0.848815 0.138226 0.848027 0.155396 0.816810 0.153961
0 0.858383 0.137006 0.866105 0.138194 0.863492 0.155182 0.855770 0.153994
0 0.861876 0.139228 0.903926 0.135828 0.905311 0.152960 0.863261 0.156359
0 0.882301 0.142675 0.923636 0.134235 0.927074 0.151075 0.885739 0.159515
1 0.099237 0.159011 0.113217 0.165989 0.086700 0.219114 0.072720 0.212136
1 0.087251 0.166033 0.105515 0.157143 0.131499 0.210530 0.113235 0.219420
1 0.151220 0.157207 0.169343 0.166380 0.142530 0.219356 0.124407 0.210183
1 0.140295 0.166460 0.156854 0.157665 0.184705 0.210102 0.168146 0.218898
0 0.136969 0.198614 0.171292 0.196729 0.172406 0.217011 0.138083 0.218896
1 0.206298 0.158746 0.222426 0.168310 0.192139 0.219379 0.176012 0.209815
1 0.192049 0.166720 0.210033 0.157276 0.237638 0.209843 0.219655 0.219287
1 0.258643 0.159018 0.272616 0.166010 0.246044 0.219107 0.232071 0.212115
1 0.243469 0.167368 0.265807 0.156142 0.292468 0.209195 0.270130 0.220420
0 0.255528 0.197240 0.264879 0.196563 0.266347 0.216822 0.256996 0.217500
1 0.312618 0.157558 0.330103 0.167897 0.299882 0.219005 0.282397 0.208666
1 0.299691 0.167062 0.313009 0.158891 0.344059 0.209500 0.330741 0.217671
1 0.366766 0.158691 0.380272 0.166546 0.350422 0.217872 0.336915 0.210016
1 0.354468 0.166241 0.368361 0.159091 0.395532 0.211884 0.381639 0.219034
0 0.348049 0.199185 0.382135 0.194736 0.384764 0.214878 0.350678 0.219326
1 0.416491 0.157099 0.438153 0.169581 0.408509 0.221026 0.386847 0.208544
1 0.403029 0.169620 0.418605 0.159182 0.451659 0.208505 0.436083 0.218943
0 0.403941 0.196387 0.438218 0.198984 0.436684 0.219238 0.402407 0.216641
1 0.473578 0.158963 0.489422 0.168989 0.457672 0.219162 0.441828 0.209136
1 0.458766 0.166747 0.475211 0.157740 0.503734 0.209815 0.487289 0.218822
0 0.456264 0.196851 0.490639 0.196899 0.490611 0.217211 0.456236 0.217164
1 0.524735 0.157481 0.542347 0.167601 0.512765 0.219082 0.495153 0.208962
1 0.515174 0.165111 0.529451 0.158762 0.553576 0.213014 0.539299 0.219363
0 0.509066 0.197417 0.543424 0.196343 0.544059 0.216645 0.509701 0.217720
1 0.575641 0.157131 0.593932 0.165966 0.568109 0.219431 0.549818 0.210597
1 0.563634 0.167031 0.581487 0.157344 0.609804 0.209532 0.591950 0.219219
0 0.561129 0.195255 0.598482 0.198574 0.596684 0.218807 0.559331 0.215488
1 0.630583 0.157653 0.647160 0.166414 0.619417 0.218909 0.602840 0.210148
1 0.615150 0.169705 0.632182 0.158636 0.664537 0.208420 0.647506 0.219489
0 0.615739 0.196684 0.650112 0.197067 0.649886 0.217379 0.615513 0.216995
1 0.680496 0.157063 0.698957 0.165536 0.674191 0.219499 0.655730 0.211027
1 0.668502 0.169811 0.683995 0.159251 0.717436 0.208314 0.701942 0.218874
1 0.737144 0.158654 0.753397 0.168003 0.723793 0.219471 0.707540 0.210122
1 0.721647 0.168198 0.740520 0.157138 0.770540 0.208365 0.751667 0.219425
0 0.722247 0.195137 0.756435 0.198724 0.754315 0.218925 0.720128 0.215339
1 0.788986 0.157245 0.807030 0.166573 0.779764 0.219317 0.761720 0.209990
1 0.776251 0.166904 0.794158 0.157315 0.822187 0.209658 0.804280 0.219247
1 0.842766 0.158753 0.858021 0.166670 0.830672 0.219372 0.815416 0.211455
1 0.825944 0.170605 0.847097 0.157281 0.878743 0.207520 0.857590 0.220844
1 0.071315 0.241666 0.089269 0.251167 0.061497 0.303647 0.043544 0.294146
1 0.055777 0.254774 0.077034 0.241616 0.108285 0.292101 0.087028 0.305259
0 0.059639 0.280510 0.092301 0.283645 0.090361 0.303865 0.057699 0.300730
1 0.124765 0.241454 0.143757 0.252307 0.114298 0.303859 0.095305 0.293005
1 0.113710 0.250510 0.131933 0.241536 0.158165 0.294802 0.139942 0.303776
1 0.179252 0.241823 0.196920 0.251846 0.167623 0.303489 0.149955 0.293467
1 0.166512 0.250840 0.184600 0.241598 0.211613 0.294473 0.193525 0.303714
0 0.162338 0.283049 0.196535 0.279556 0.198599 0.299763 0.164402 0.303256
1 0.232919 0.241930 0.250407 0.252262 0.220206 0.303382 0.202718 0.293050
1 0.216777 0.253997 0.233846 0.242985 0.266035 0.292878 0.248967 0.303890
1 0.283494 0.241511 0.301773 0.250369 0.275881 0.303801 0.257602 0.294943
1 0.274987 0.249764 0.289171 0.243211 0.314075 0.297111 0.299891 0.303664
0 0.273844 0.280562 0.301802 0.283621 0.299593 0.303813 0.271635 0.300754
1 0.339496 0.243476 0.353378 0.250647 0.326129 0.303399 0.312247 0.296228
1 0.328116 0.249071 0.345347 0.241677 0.368759 0.296242 0.351528 0.303635
0 0.322926 0.282951 0.357253 0.281139 0.358324 0.301424 0.323997 0.303236
1 0.387172 0.240508 0.409561 0.251632 0.383140 0.304805 0.360752 0.293681
1 0.379544 0.251270 0.393206 0.243688 0.422018 0.295605 0.408356 0.303187
1 0.442960 0.241769 0.459992 0.249609 0.435165 0.303544 0.418133 0.295704
1 0.431118 0.252332 0.450445 0.242085 0.478257 0.294543 0.458930 0.304790
0 0.429112 0.283075 0.463426 0.281024 0.464638 0.301300 0.430324 0.303351
1 0.499950 0.243288 0.515857 0.253214 0.484425 0.303587 0.468518 0.293661
1 0.485574 0.250869 0.502120 0.242048 0.530051 0.294444 0.513505 0.303264
0 0.483511 0.280933 0.517813 0.283173 0.516489 0.303442 0.482187 0.301202
1 0.549267 0.241776 0.566285 0.249648 0.541358 0.303537 0.524340 0.295665
1 0.538984 0.251683 0.553999 0.243320 0.582891 0.295192 0.567876 0.303555
0 0.532640 0.283254 0.569936 0.279356 0.572048 0.299558 0.534751 0.303457
1 0.604686 0.243109 0.620829 0.252646 0.590627 0.303766 0.574484 0.294229
1 0.588374 0.252230 0.610486 0.240566 0.638189 0.293082 0.616077 0.304746
0 0.585734 0.283329 0.623015 0.279289 0.625204 0.299483 0.587922 0.303524
1 0.660290 0.243299 0.676922 0.254960 0.642835 0.303576 0.626203 0.291915
1 0.643573 0.251996 0.661176 0.241861 0.690802 0.293316 0.673199 0.303452
0 0.641889 0.281773 0.676249 0.280737 0.676861 0.301040 0.642501 0.302076
1 0.707770 0.242036 0.727219 0.252049 0.700042 0.304839 0.680593 0.294826
1 0.696479 0.251370 0.714348 0.241711 0.742583 0.293942 0.724715 0.303602
1 0.765774 0.243340 0.781615 0.253371 0.749851 0.303535 0.734010 0.293504
1 0.749844 0.251972 0.767457 0.241855 0.797031 0.293341 0.779418 0.303458
0 0.739924 0.283185 0.789778 0.279374 0.791326 0.299628 0.741472 0.303438
1 0.815658 0.242153 0.834826 0.252693 0.806217 0.304722 0.787049 0.294182
1 0.805491 0.251113 0.819209 0.243633 0.847634 0.295762 0.833916 0.303242
0 0.801868 0.280750 0.836228 0.281759 0.835632 0.302063 0.801272 0.301053
1 0.100594 0.326410 0.117916 0.337018 0.086906 0.387653 0.069584 0.377044
1 0.085851 0.336552 0.102185 0.327347 0.131337 0.379073 0.115002 0.388278
1 0.149218 0.325810 0.167687 0.334266 0.142970 0.388252 0.124501 0.379796
1 0.138641 0.337034 0.157825 0.326522 0.186359 0.378591 0.167175 0.389103
0 0.140429 0.365902 0.168549 0.365352 0.168946 0.385661 0.140826 0.386211
1 0.205114 0.327686 0.219180 0.334490 0.193323 0.387939 0.179258 0.381135
1 0.191735 0.336691 0.209200 0.326319 0.239515 0.377372 0.222050 0.387743
0 0.191395 0.363368 0.225447 0.368073 0.222667 0.388194 0.188616 0.383490
1 0.256882 0.325821 0.278634 0.338143 0.249368 0.389804 0.227616 0.377482
1 0.245153 0.336351 0.262764 0.326231 0.292347 0.377711 0.274736 0.387832
1 0.309358 0.326414 0.328799 0.336442 0.301580 0.389211 0.282139 0.379183
1 0.301145 0.335171 0.314975 0.327900 0.342605 0.380454 0.328775 0.387725
0 0.309263 0.365677 0.318638 0.365574 0.318862 0.385885 0.309487 0.385989
1 0.366748 0.328013 0.380461 0.335502 0.352002 0.387612 0.338289 0.380123
1 0.352967 0.335660 0.366624 0.328069 0.395470 0.379965 0.381813 0.387556
0 0.348834 0.364925 0.386307 0.366339 0.385541 0.386637 0.348068 0.385223
1 0.419667 0.327459 0.436594 0.338688 0.403771 0.388166 0.386844 0.376937
1 0.405930 0.335035 0.419531 0.327344 0.448757 0.379028 0.435156 0.386719
0 0.396088 0.363892 0.445965 0.367408 0.444537 0.387670 0.394660 0.384155
1 0.469200 0.325800 0.491022 0.337998 0.462050 0.389825 0.440228 0.377627
1 0.457665 0.336479 0.470735 0.327917 0.503272 0.377583 0.490202 0.386146
0 0.456374 0.365418 0.490747 0.365834 0.490501 0.386145 0.456128 0.385729
1 0.523560 0.326501 0.539125 0.333792 0.513940 0.387561 0.498375 0.380271
1 0.506158 0.340934 0.526495 0.326393 0.561029 0.374691 0.540693 0.389232
0 0.509502 0.365413 0.543875 0.365839 0.543623 0.386150 0.509250 0.385724
1 0.578067 0.327471 0.594228 0.336979 0.564120 0.388154 0.547960 0.378646
1 0.564923 0.334460 0.583315 0.325840 0.608514 0.379602 0.590122 0.388223
1 0.628726 0.326227 0.645600 0.334402 0.619712 0.387836 0.602838 0.379661
1 0.616757 0.337045 0.635936 0.326524 0.664493 0.378580 0.645314 0.389101
0 0.608340 0.365194 0.658280 0.367643 0.657285 0.387931 0.607345 0.385482
1 0.683462 0.326360 0.700109 0.334987 0.672788 0.387703 0.656141 0.379075
1 0.671797 0.336058 0.686812 0.327695 0.715703 0.379567 0.700688 0.387930
0 0.659337 0.371245 0.708165 0.360481 0.712538 0.380317 0.663710 0.391081
1 0.737688 0.327529 0.753771 0.337167 0.723249 0.388096 0.707166 0.378458
1 0.726031 0.334360 0.744763 0.326507 0.767719 0.381265 0.748987 0.389118
0 0.720116 0.367499 0.754299 0.363865 0.756446 0.384063 0.722264 0.387698
1 0.788067 0.325872 0.806379 0.334663 0.780683 0.388190 0.762371 0.379400
1 0.776323 0.335191 0.799076 0.324833 0.823677 0.378871 0.800924 0.389230
1 0.842803 0.327511 0.858049 0.335447 0.830635 0.388114 0.815389 0.380178
1 0.830755 0.335207 0.844294 0.327407 0.873932 0.378856 0.860393 0.386655
0 0.826271 0.367712 0.860408 0.363678 0.862792 0.383850 0.828654 0.387884
1 0.073858 0.412407 0.087551 0.419933 0.058955 0.471968 0.045261 0.464442
1 0.060572 0.419454 0.074157 0.411735 0.103491 0.463358 0.089906 0.471077
0 0.059305 0.452078 0.087318 0.449566 0.089132 0.469797 0.061120 0.472309
1 0.124598 0.410441 0.142503 0.420033 0.114465 0.472371 0.096560 0.462779
1 0.112000 0.421121 0.129441 0.410710 0.159875 0.461691 0.142434 0.472103
0 0.102884 0.450614 0.152869 0.449392 0.153366 0.469698 0.103381 0.470921
1 0.178165 0.410517 0.195931 0.420364 0.167147 0.472295 0.149381 0.462448
1 0.166568 0.419532 0.184680 0.410337 0.211557 0.463281 0.193445 0.472475
0 0.163625 0.450779 0.197966 0.449241 0.198875 0.469533 0.164534 0.471072
1 0.232285 0.411742 0.248591 0.420999 0.219277 0.472633 0.202972 0.463376
1 0.218624 0.420687 0.236253 0.410596 0.265751 0.462125 0.248122 0.472217
1 0.284336 0.410503 0.302127 0.420304 0.273477 0.472310 0.255685 0.462508
1 0.271861 0.420069 0.288227 0.410919 0.317202 0.462744 0.300836 0.471894
0 0.269914 0.450707 0.304261 0.449310 0.305086 0.469606 0.270739 0.471002
1 0.337145 0.410696 0.353854 0.419203 0.326918 0.472116 0.310208 0.463610
1 0.324928 0.420627 0.342582 0.410581 0.371947 0.462186 0.354293 0.472232
0 0.323505 0.449886 0.357880 0.450114 0.357745 0.470426 0.323370 0.470198
1 0.390256 0.410845 0.409558 0.421139 0.381619 0.473530 0.362317 0.463236
1 0.377566 0.421320 0.390460 0.412495 0.423996 0.461492 0.411102 0.470317
0 0.369194 0.449751 0.419151 0.451829 0.418306 0.472124 0.368349 0.470046
1 0.445503 0.410698 0.462963 0.421078 0.432622 0.472115 0.415162 0.461735
1 0.432326 0.418967 0.449127 0.410643 0.475487 0.463846 0.458686 0.472170
0 0.442829 0.449728 0.452186 0.450312 0.450921 0.470585 0.441564 0.470001
1 0.496114 0.410385 0.514129 0.419768 0.486699 0.472428 0.468684 0.463044
1 0.482542 0.422965 0.498023 0.412387 0.531520 0.461410 0.516039 0.471988
1 0.549771 0.410348 0.567861 0.419587 0.540854 0.472465 0.522764 0.463225
1 0.538462 0.420175 0.553576 0.411990 0.581850 0.464200 0.566737 0.472385
0 0.536057 0.449800 0.570430 0.450202 0.570193 0.470513 0.535820 0.470111
1 0.602985 0.410361 0.621048 0.419652 0.593890 0.472452 0.575827 0.463161
1 0.587481 0.422902 0.609047 0.410255 0.639081 0.461473 0.617516 0.474120
0 0.581701 0.448161 0.631413 0.453518 0.629237 0.473714 0.579525 0.468357
1 0.658166 0.410465 0.676662 0.422145 0.644959 0.472348 0.626463 0.460667
1 0.641840 0.422472 0.660183 0.410553 0.692535 0.460340 0.674192 0.472259
0 0.641867 0.450564 0.676223 0.449447 0.676883 0.469749 0.642527 0.470866
1 0.710477 0.411756 0.726762 0.421049 0.697336 0.472619 0.681051 0.463326
1 0.696207 0.421321 0.713561 0.410765 0.744418 0.461492 0.727064 0.472048
1 0.764289 0.410705 0.781737 0.421106 0.751336 0.472107 0.733888 0.461707
1 0.752639 0.419608 0.766447 0.412296 0.794236 0.464767 0.780428 0.472079
0 0.747914 0.447972 0.784952 0.453841 0.781773 0.473903 0.744735 0.468034
1 0.817163 0.411854 0.833313 0.421379 0.803149 0.472521 0.786999 0.462996
1 0.804351 0.418488 0.822880 0.410164 0.847211 0.464325 0.828682 0.472649
0 0.072944 0.476646 0.101018 0.474948 0.102056 0.492104 0.073982 0.493802
0 0.101264 0.477218 0.130645 0.472959 0.133111 0.489969 0.103730 0.494228
0 0.119620 0.478877 0.147136 0.473057 0.150693 0.489873 0.123177 0.495693
0 0.146380 0.473310 0.174012 0.478554 0.170807 0.495440 0.143176 0.490196
0 0.168555 0.477084 0.199544 0.473059 0.201758 0.490104 0.170768 0.494128
0 0.193594 0.475217 0.217027 0.474786 0.217344 0.491970 0.193910 0.492402
0 0.235877 0.475028 0.243690 0.474973 0.243810 0.492160 0.235998 0.492215
0 0.259615 0.474895 0.267425 0.475112 0.266947 0.492293 0.259138 0.492076
0 0.281911 0.474946 0.305285 0.476662 0.304027 0.493804 0.280652 0.492088
0 0.298933 0.474269 0.322153 0.477453 0.319817 0.494481 0.296597 0.491297
0 0.322566 0.474742 0.350610 0.476870 0.349309 0.494008 0.321265 0.491880
0 0.345270 0.486262 0.382886 0.467163 0.390668 0.482488 0.353051 0.501587
0 0.384969 0.474754 0.392763 0.475286 0.391594 0.492433 0.383799 0.491902
0 0.407269 0.473237 0.436466 0.478609 0.433356 0.495513 0.404159 0.490141
0 0.426677 0.474816 0.454799 0.475186 0.454573 0.492372 0.426451 0.492002
0 0.444798 0.476791 0.475985 0.474806 0.477077 0.491959 0.445890 0.493944
0 0.467156 0.475052 0.495280 0.474948 0.495344 0.492135 0.467220 0.492240
0 0.494493 0.474459 0.502191 0.475793 0.499257 0.492728 0.491559 0.491394
0 0.510489 0.477450 0.538225 0.472788 0.541074 0.489738 0.513338 0.494399
0 0.541432 0.472761 0.568794 0.479267 0.564818 0.495989 0.537456 0.489483
0 0.557151 0.478996 0.586212 0.472929 0.589724 0.489754 0.560663 0.495821
0 0.594513 0.473287 0.617305 0.478749 0.613299 0.495463 0.590507 0.490001
0 0.607929 0.474812 0.636051 0.475189 0.635821 0.492375 0.607699 0.491998
0 0.638712 0.473015 0.667813 0.478887 0.664413 0.495735 0.635312 0.489863
0 0.655872 0.475652 0.683968 0.474366 0.684753 0.491536 0.656657 0.492821
0 0.685484 0.477461 0.713217 0.472779 0.716078 0.489727 0.688345 0.494408
0 0.703891 0.472759 0.733204 0.477457 0.730484 0.494428 0.701171 0.489730
0 0.734245 0.476709 0.762176 0.473409 0.764192 0.490478 0.736262 0.493778
0 0.768214 0.477172 0.791293 0.473091 0.794286 0.490016 0.771207 0.494097
0 0.782048 0.471847 0.823730 0.478359 0.821077 0.495340 0.779395 0.488829
0 0.820154 0.475493 0.827917 0.474616 0.829846 0.491695 0.822083 0.492572
0 0.835731 0.479015 0.862859 0.471594 0.867394 0.488173 0.840266 0.495593
0 0.851430 0.476820 0.880908 0.473301 0.882945 0.490368 0.853467 0.493886
0 0.882762 0.477320 0.910729 0.474339 0.912550 0.491430 0.884584 0.494411
1 0.099778 0.495238 0.116226 0.504239 0.087722 0.556325 0.071274 0.547323
1 0.084196 0.506052 0.101393 0.495242 0.132992 0.545510 0.115795 0.556320
1 0.152866 0.494982 0.170476 0.505106 0.140884 0.556581 0.123274 0.546457
1 0.137101 0.507108 0.154176 0.496106 0.186337 0.546017 0.169262 0.557019
0 0.129697 0.534351 0.179697 0.534399 0.179678 0.554711 0.129678 0.554664
1 0.206210 0.495274 0.222604 0.504374 0.193790 0.556288 0.177396 0.547189
1 0.194838 0.502605 0.211918 0.494870 0.236412 0.548957 0.219332 0.556692
0 0.184023 0.531213 0.233353 0.539372 0.230039 0.559412 0.180709 0.551253
1 0.257285 0.494796 0.275229 0.504315 0.247403 0.556766 0.229459 0.547247
1 0.245180 0.504213 0.263166 0.494774 0.290757 0.547349 0.272771 0.556788
0 0.246110 0.536310 0.274145 0.534067 0.275765 0.554315 0.247730 0.556558
1 0.308590 0.495273 0.327265 0.503263 0.303910 0.557852 0.285235 0.549862
1 0.299539 0.504094 0.316045 0.495199 0.344211 0.547469 0.327705 0.556363
0 0.296874 0.534377 0.331249 0.534373 0.331251 0.554685 0.296876 0.554690
1 0.360281 0.493582 0.383040 0.503928 0.358469 0.557980 0.335710 0.547635
1 0.351128 0.504933 0.370680 0.495123 0.397309 0.548192 0.377757 0.558002
0 0.352714 0.534970 0.380814 0.533798 0.381661 0.554093 0.353561 0.555265
1 0.421091 0.496310 0.434485 0.504356 0.403909 0.555253 0.390515 0.547207
1 0.405866 0.503244 0.422704 0.494996 0.448822 0.548319 0.431983 0.556566
1 0.470541 0.496260 0.484820 0.502606 0.460709 0.556865 0.446430 0.550519
1 0.454521 0.507475 0.475989 0.494664 0.506416 0.545650 0.484948 0.558461
0 0.466695 0.535066 0.475991 0.533854 0.478617 0.553996 0.469321 0.555208
1 0.523519 0.494899 0.541272 0.504770 0.512419 0.556663 0.494666 0.546792
1 0.508900 0.507205 0.525932 0.496136 0.558287 0.545920 0.541256 0.556989
0 0.509014 0.536508 0.541569 0.532402 0.544111 0.552555 0.511556 0.556660
1 0.580550 0.496409 0.597202 0.508041 0.563200 0.556716 0.546548 0.545084
1 0.565143 0.503767 0.583312 0.494685 0.609857 0.547796 0.591688 0.556877
0 0.563114 0.534183 0.597432 0.536163 0.596261 0.556442 0.561943 0.554462
1 0.632113 0.496115 0.645693 0.503844 0.616324 0.555447 0.602744 0.547718
1 0.615403 0.507278 0.630911 0.496739 0.664285 0.545847 0.648777 0.556386
0 0.629853 0.533744 0.639101 0.535281 0.635772 0.555319 0.626524 0.553782
1 0.681847 0.494626 0.700150 0.503434 0.674403 0.556936 0.656100 0.548128
1 0.669902 0.505654 0.686093 0.496199 0.716036 0.547471 0.699845 0.556926
0 0.661422 0.532474 0.711120 0.537961 0.708891 0.558151 0.659193 0.552664
1 0.738153 0.496650 0.751982 0.503923 0.724347 0.556475 0.710518 0.549202
1 0.725831 0.504212 0.739558 0.496749 0.767919 0.548913 0.754192 0.556376
1 0.792790 0.496335 0.809541 0.507824 0.775960 0.556790 0.759209 0.545301
1 0.781078 0.502389 0.795428 0.496207 0.818922 0.550736 0.804572 0.556918
0 0.787420 0.534412 0.796795 0.534338 0.796955 0.554650 0.787580 0.554724
1 0.842016 0.494855 0.859849 0.504580 0.831422 0.556708 0.813589 0.546982
1 0.829067 0.504741 0.846833 0.494892 0.875620 0.546822 0.857855 0.556670
0 0.828338 0.534022 0.862706 0.534732 0.862287 0.555040 0.827919 0.554331
0 0.073832 0.558761 0.101929 0.560006 0.101168 0.577177 0.073071 0.575931
0 0.090911 0.558924 0.119021 0.559835 0.118464 0.577013 0.090354 0.576103
0 0.120111 0.557079 0.150670 0.563614 0.147076 0.580421 0.116517 0.573886
0 0.137763 0.558936 0.167437 0.559822 0.166924 0.577002 0.137250 0.576116
0 0.157918 0.559196 0.187603 0.559555 0.187395 0.576742 0.157710 0.576382
0 0.191635 0.557622 0.220837 0.562972 0.217740 0.579878 0.188538 0.574528
0 0.207117 0.557676 0.237931 0.562876 0.235071 0.579824 0.204256 0.574624
0 0.229417 0.559860 0.259089 0.558899 0.259645 0.576078 0.229973 0.577038
0 0.248116 0.559955 0.277782 0.558808 0.278446 0.575982 0.248781 0.577130
0 0.262213 0.560116 0.304375 0.558644 0.304975 0.575821 0.262813 0.577293
0 0.294679 0.561291 0.322716 0.559075 0.324071 0.576209 0.296034 0.578425
0 0.324794 0.561368 0.354232 0.557526 0.356456 0.574569 0.327018 0.578411
0 0.350141 0.559136 0.379824 0.559616 0.379547 0.576801 0.349863 0.576322
0 0.369003 0.557796 0.398510 0.561058 0.396622 0.578141 0.367115 0.574880
0 0.378049 0.562670 0.419950 0.557760 0.421951 0.574830 0.380050 0.579740
0 0.402406 0.558908 0.430414 0.561477 0.428844 0.578592 0.400836 0.576023
0 0.429006 0.557658 0.459813 0.562898 0.456932 0.579842 0.426124 0.574602
0 0.449649 0.557529 0.477211 0.563128 0.473789 0.579971 0.446227 0.574372
0 0.479728 0.559309 0.507853 0.559441 0.507772 0.576629 0.479647 0.576496
0 0.506077 0.559680 0.535759 0.559073 0.536110 0.576257 0.506429 0.576864
0 0.544486 0.558667 0.552045 0.560641 0.547701 0.577271 0.540143 0.575296
0 0.557352 0.555721 0.587597 0.563582 0.583273 0.580217 0.553028 0.572356
0 0.587015 0.561005 0.615091 0.559338 0.616110 0.576495 0.588034 0.578162
0 0.604383 0.559894 0.632490 0.558868 0.633117 0.576044 0.605010 0.577070
0 0.620292 0.561633 0.648270 0.558769 0.650021 0.575867 0.622042 0.578731
0 0.659017 0.559990 0.666756 0.558921 0.669108 0.575947 0.661369 0.577016
0 0.668993 0.559053 0.692422 0.559704 0.691944 0.576885 0.668516 0.576234
0 0.688794 0.563416 0.730504 0.557091 0.733081 0.574084 0.691371 0.580409
0 0.717356 0.558620 0.748445 0.561781 0.746707 0.578880 0.715617 0.575719
0 0.760789 0.559444 0.768600 0.559308 0.768899 0.576493 0.761088 0.576629
0 0.784967 0.555476 0.814462 0.565801 0.808783 0.582024 0.779288 0.571699
0 0.811918 0.561251 0.841528 0.559107 0.842769 0.576249 0.813159 0.578393
0 0.838673 0.560125 0.869888 0.558644 0.870702 0.575813 0.839487 0.577293
0 0.866705 0.557541 0.895872 0.563072 0.892670 0.579959 0.863503 0.574428
0 0.902432 0.559725 0.910218 0.559083 0.911630 0.576212 0.903844 0.576854
1 0.071604 0.579213 0.089468 0.588881 0.061209 0.641099 0.043344 0.631432
1 0.059302 0.588525 0.077315 0.579136 0.104760 0.631787 0.086748 0.641176
1 0.125069 0.579272 0.142826 0.589136 0.113994 0.641040 0.096237 0.631177
1 0.115057 0.587065 0.132105 0.579260 0.156818 0.633248 0.139770 0.641052
0 0.115082 0.613792 0.147656 0.624771 0.141168 0.644020 0.108594 0.633041
1 0.182229 0.580744 0.195568 0.588881 0.164646 0.639569 0.151307 0.631432
1 0.166607 0.587468 0.185046 0.578947 0.209955 0.632844 0.191516 0.641366
1 0.230571 0.579037 0.248793 0.588013 0.222554 0.641276 0.204332 0.632299
1 0.216843 0.592076 0.231823 0.580800 0.267532 0.628236 0.252552 0.639513
0 0.217061 0.618967 0.251433 0.618535 0.251689 0.638846 0.217317 0.639278
1 0.286005 0.580625 0.302126 0.590200 0.271807 0.641250 0.255686 0.631675
1 0.269947 0.590660 0.287040 0.579687 0.319116 0.629652 0.302023 0.640626
0 0.268317 0.623102 0.300119 0.615023 0.305121 0.634710 0.273318 0.642789
1 0.333633 0.577955 0.356419 0.588240 0.331992 0.642358 0.309206 0.632072
1 0.321448 0.592210 0.342737 0.579104 0.373864 0.629665 0.352575 0.642771
0 0.323182 0.619196 0.357546 0.618311 0.358068 0.638617 0.323704 0.639501
1 0.387886 0.579680 0.406460 0.587902 0.382426 0.642195 0.363852 0.633973
1 0.377674 0.590973 0.393472 0.580875 0.425451 0.630902 0.409653 0.641000
0 0.369280 0.618313 0.419219 0.620774 0.418220 0.641062 0.368281 0.638601
1 0.445614 0.580946 0.459528 0.588056 0.432511 0.640929 0.418597 0.633819
1 0.432671 0.588482 0.447950 0.580611 0.475142 0.633393 0.459862 0.641264
0 0.430092 0.618095 0.464441 0.619420 0.463658 0.639718 0.429309 0.638392
1 0.498408 0.579402 0.515942 0.589657 0.485967 0.640910 0.468433 0.630655
1 0.482466 0.591059 0.504318 0.578916 0.533159 0.630816 0.511307 0.642959
1 0.550423 0.578934 0.569458 0.589712 0.540202 0.641379 0.521167 0.630600
1 0.540247 0.587570 0.554328 0.580798 0.580065 0.634305 0.565984 0.641077
1 0.604972 0.580677 0.621024 0.590366 0.590341 0.641198 0.574289 0.631509
1 0.591958 0.587888 0.610230 0.579015 0.636167 0.632425 0.617895 0.641298
0 0.589275 0.618399 0.623643 0.619106 0.623225 0.639414 0.588857 0.638707
1 0.657898 0.579426 0.675393 0.589746 0.645227 0.640887 0.627732 0.630567
1 0.643419 0.589673 0.660946 0.579407 0.690956 0.630639 0.673429 0.640906
0 0.643059 0.618184 0.677323 0.620944 0.675691 0.641191 0.641427 0.638431
1 0.707027 0.578935 0.725496 0.587389 0.700786 0.641377 0.682316 0.632924
1 0.698152 0.587943 0.716402 0.579024 0.742473 0.632370 0.724223 0.641288
0 0.696141 0.618245 0.730415 0.620877 0.728859 0.641130 0.694585 0.638498
1 0.762762 0.579307 0.780457 0.589282 0.751301 0.641005 0.733606 0.631031
1 0.751272 0.587530 0.768145 0.579352 0.794041 0.632782 0.777168 0.640960
0 0.748187 0.619186 0.782551 0.618321 0.783063 0.638627 0.748699 0.639492
1 0.815698 0.579273 0.833453 0.589139 0.804615 0.641040 0.786859 0.631174
1 0.802618 0.588992 0.820435 0.579238 0.848945 0.631321 0.831127 0.641074
0 0.794473 0.617126 0.844364 0.620418 0.843027 0.640687 0.793136 0.637394
1 0.097851 0.663784 0.114624 0.672164 0.088087 0.725279 0.071314 0.716899
1 0.087002 0.672103 0.103799 0.663770 0.130186 0.716960 0.113389 0.725292
0 0.083633 0.705282 0.117903 0.702593 0.119492 0.722843 0.085222 0.725532
1 0.150801 0.663757 0.167622 0.672041 0.141386 0.725306 0.124566 0.717021
1 0.138491 0.674331 0.155895 0.663858 0.186509 0.714732 0.169105 0.725205
0 0.136925 0.704950 0.171239 0.702899 0.172450 0.723175 0.138136 0.725226
1 0.202779 0.663875 0.222324 0.673699 0.195658 0.726750 0.176114 0.716926
1 0.191748 0.673292 0.209597 0.663596 0.237939 0.715770 0.220090 0.725466
1 0.259378 0.663953 0.276634 0.674669 0.245310 0.725109 0.228054 0.714393
1 0.247692 0.671601 0.264680 0.663666 0.289808 0.717461 0.272820 0.725397
0 0.241726 0.704809 0.279184 0.703027 0.280149 0.723316 0.242691 0.725098
1 0.312152 0.663963 0.328637 0.672897 0.300348 0.725099 0.283863 0.716166
1 0.297885 0.674562 0.314011 0.664996 0.344303 0.716063 0.328177 0.725629
1 0.361357 0.663522 0.378665 0.670732 0.355831 0.725541 0.338523 0.718330
1 0.352826 0.673296 0.366434 0.665618 0.395612 0.717329 0.382004 0.725007
0 0.363231 0.702819 0.372582 0.703482 0.371144 0.723744 0.361793 0.723080
1 0.414015 0.662401 0.436305 0.673720 0.409423 0.726661 0.387132 0.715342
1 0.405976 0.672653 0.422557 0.663901 0.450274 0.716409 0.433693 0.725162
0 0.403953 0.702620 0.438227 0.705252 0.436672 0.725505 0.402398 0.722873
1 0.471426 0.663695 0.489098 0.673710 0.459824 0.725367 0.442152 0.715352
1 0.456073 0.674799 0.473271 0.663991 0.504864 0.714263 0.487666 0.725071
0 0.454843 0.702843 0.492339 0.703409 0.492032 0.723719 0.454536 0.723153
1 0.525037 0.663791 0.542549 0.674084 0.512463 0.725272 0.494951 0.714979
1 0.513446 0.672854 0.527212 0.665462 0.555304 0.717771 0.541538 0.725163
0 0.509419 0.703051 0.543793 0.703199 0.543706 0.723511 0.509332 0.723364
1 0.579627 0.665160 0.595537 0.675081 0.564123 0.725465 0.548213 0.715544
1 0.565208 0.671688 0.583707 0.663299 0.608229 0.717374 0.589730 0.725763
0 0.564944 0.704923 0.592999 0.702940 0.594431 0.723202 0.566376 0.725185
1 0.627344 0.663761 0.647254 0.672824 0.622656 0.726864 0.602746 0.717801
1 0.615419 0.673531 0.637796 0.662385 0.664269 0.715531 0.641891 0.726678
1 0.684609 0.663565 0.703150 0.675173 0.671641 0.725498 0.653100 0.713890
1 0.673122 0.671517 0.688606 0.664056 0.714378 0.717546 0.698894 0.725006
0 0.666656 0.704957 0.704098 0.702887 0.705219 0.723168 0.667777 0.725238
1 0.737416 0.664965 0.753585 0.674458 0.723522 0.725660 0.707353 0.716167
1 0.725897 0.672901 0.739646 0.665478 0.767853 0.717724 0.754104 0.725147
0 0.725550 0.702404 0.753636 0.703874 0.752575 0.724158 0.724489 0.722689
1 0.788671 0.663568 0.806573 0.673166 0.778517 0.725494 0.760615 0.715896
1 0.778010 0.672566 0.798024 0.663736 0.821990 0.718059 0.801976 0.726889
0 0.772770 0.705250 0.810177 0.702613 0.811605 0.722875 0.774198 0.725512
1 0.843261 0.663936 0.859787 0.672794 0.831739 0.725126 0.815213 0.716269
1 0.829180 0.673367 0.846997 0.663613 0.875508 0.715696 0.857690 0.725449
1 0.073039 0.749270 0.089305 0.758596 0.059773 0.810105 0.043507 0.800779
1 0.060291 0.756621 0.077033 0.748178 0.103771 0.801191 0.087030 0.809635
0 0.058519 0.787171 0.092819 0.789435 0.091481 0.809704 0.057181 0.807440
1 0.124025 0.747750 0.142331 0.756553 0.116600 0.810063 0.098294 0.801260
1 0.113526 0.756515 0.130308 0.748153 0.156787 0.801297 0.140004 0.809659
0 0.108919 0.789969 0.142965 0.785225 0.145768 0.805343 0.111722 0.810087
1 0.180596 0.748281 0.198568 0.760752 0.164716 0.809532 0.146745 0.797060
1 0.165049 0.759089 0.184153 0.748433 0.213076 0.800286 0.193972 0.810942
1 0.233037 0.748380 0.250215 0.759221 0.218526 0.809433 0.201348 0.798592
1 0.219729 0.756222 0.238166 0.747697 0.263084 0.801591 0.244647 0.810115
0 0.217388 0.786779 0.251624 0.789865 0.249800 0.810096 0.215564 0.807010
1 0.284573 0.749517 0.298689 0.756214 0.273240 0.809858 0.259123 0.803161
1 0.272829 0.757021 0.290946 0.747835 0.317796 0.800792 0.299679 0.809978
0 0.270692 0.786883 0.305045 0.788130 0.304308 0.808429 0.269955 0.807182
1 0.336295 0.748067 0.353233 0.756109 0.327767 0.809745 0.310829 0.801704
1 0.324953 0.757603 0.341305 0.748428 0.370359 0.800209 0.354007 0.809384
1 0.393051 0.749320 0.409997 0.760519 0.377261 0.810055 0.360315 0.798856
1 0.379131 0.757317 0.395598 0.748350 0.423994 0.800495 0.407527 0.809462
0 0.369291 0.787040 0.419228 0.789548 0.418209 0.809835 0.368272 0.807327
1 0.443401 0.748197 0.460109 0.756707 0.433162 0.809615 0.416454 0.801106
1 0.431021 0.758691 0.450300 0.748355 0.478354 0.800684 0.459075 0.811020
0 0.431232 0.789491 0.459259 0.787142 0.460955 0.807384 0.432929 0.809733
1 0.496445 0.748337 0.515767 0.758593 0.487930 0.811038 0.468608 0.800782
1 0.485668 0.757646 0.499001 0.749500 0.529957 0.800166 0.516624 0.808313
0 0.481195 0.789853 0.515433 0.786790 0.517243 0.807022 0.483005 0.810085
1 0.552083 0.748269 0.569430 0.758836 0.538542 0.809544 0.521195 0.798977
1 0.538600 0.756444 0.555410 0.748138 0.581712 0.801369 0.564902 0.809675
0 0.548198 0.787614 0.557570 0.787392 0.558052 0.807698 0.548680 0.807921
1 0.605749 0.749873 0.619478 0.757334 0.591126 0.809502 0.577397 0.802041
1 0.591762 0.757182 0.608283 0.748315 0.636363 0.800630 0.619842 0.809498
1 0.656414 0.748039 0.674140 0.757957 0.645149 0.809773 0.627422 0.799855
1 0.643587 0.758509 0.659889 0.749245 0.689225 0.800866 0.672924 0.810130
0 0.633758 0.789176 0.683648 0.785868 0.684992 0.806136 0.635102 0.809444
1 0.708997 0.748193 0.725713 0.756687 0.698816 0.809620 0.682100 0.801126
1 0.696386 0.758608 0.713833 0.748206 0.744239 0.799204 0.726792 0.809607
0 0.687638 0.787166 0.737634 0.787836 0.737362 0.808147 0.687366 0.807476
1 0.761597 0.747801 0.783030 0.760671 0.752465 0.811574 0.731032 0.798704
1 0.746154 0.761378 0.767233 0.747936 0.799158 0.797997 0.778080 0.811439
0 0.746231 0.791219 0.780146 0.785615 0.783457 0.805656 0.749542 0.811260
1 0.812886 0.748430 0.831460 0.756652 0.807427 0.810945 0.788853 0.802723
1 0.802876 0.757462 0.820810 0.747926 0.848687 0.800350 0.830752 0.809887
0 0.802015 0.786771 0.836358 0.788248 0.835485 0.808542 0.801142 0.807065
0 0.069551 0.816269 0.099987 0.809179 0.103886 0.825918 0.073451 0.833008
0 0.091147 0.812438 0.120784 0.814154 0.119791 0.831312 0.090153 0.829596
0 0.108154 0.811935 0.137820 0.813078 0.137158 0.830253 0.107493 0.829110
0 0.144125 0.810845 0.172039 0.814285 0.169937 0.831343 0.142023 0.827903
0 0.160095 0.812201 0.188133 0.814415 0.186780 0.831549 0.158742 0.829335
0 0.177664 0.813305 0.205744 0.811722 0.206711 0.828883 0.178631 0.830465
0 0.208664 0.814346 0.232010 0.812283 0.233524 0.829404 0.210177 0.831467
0 0.224480 0.816084 0.253686 0.810757 0.256770 0.827666 0.227564 0.832993
0 0.259310 0.814946 0.288822 0.811719 0.290690 0.828804 0.261178 0.832031
0 0.290019 0.816329 0.319141 0.810561 0.322481 0.827421 0.293359 0.833189
0 0.325561 0.810615 0.353409 0.814555 0.351001 0.831573 0.323154 0.827633
0 0.338882 0.816188 0.380688 0.810530 0.382993 0.827562 0.341187 0.833220
0 0.363505 0.810753 0.392709 0.816089 0.389620 0.832997 0.360416 0.827661
0 0.388782 0.810436 0.417846 0.816488 0.414343 0.833314 0.385279 0.827262
0 0.417338 0.812137 0.440655 0.814514 0.438912 0.831613 0.415595 0.829236
0 0.451180 0.813131 0.458916 0.812038 0.461320 0.829057 0.453584 0.830149
0 0.480105 0.812322 0.487909 0.812698 0.487082 0.829865 0.479279 0.829490
0 0.479278 0.814365 0.521411 0.812219 0.522285 0.829385 0.480152 0.831531
0 0.505097 0.811863 0.533192 0.813155 0.532403 0.830324 0.504308 0.829033
0 0.540460 0.813520 0.548096 0.811869 0.551728 0.828668 0.544092 0.830319
0 0.548168 0.812957 0.576279 0.812052 0.576832 0.829230 0.548721 0.830136
0 0.572145 0.811865 0.614313 0.813143 0.613793 0.830322 0.571624 0.829045
0 0.605951 0.815888 0.647624 0.809322 0.650299 0.826300 0.608626 0.832866
0 0.636676 0.812356 0.660036 0.814264 0.658637 0.831394 0.635277 0.829486
0 0.665619 0.812509 0.689056 0.812491 0.689069 0.829679 0.665631 0.829696
0 0.687746 0.811790 0.715702 0.814876 0.713816 0.831960 0.685861 0.828874
0 0.712782 0.812007 0.744016 0.813002 0.743468 0.830181 0.712234 0.829186
0 0.740239 0.815873 0.771092 0.810908 0.773823 0.827877 0.742970 0.832842
0 0.777396 0.811981 0.806963 0.814651 0.805417 0.831769 0.775850 0.829099
0 0.808832 0.813295 0.832218 0.811743 0.833356 0.828892 0.809970 0.830445
0 0.839270 0.812151 0.868949 0.812853 0.868543 0.830036 0.838863 0.829334
0 0.860068 0.812182 0.889670 0.814430 0.888369 0.831568 0.858767 0.829320
0 0.890949 0.812074 0.914371 0.812937 0.913738 0.830113 0.890316 0.829250
1 0.097519 0.832132 0.115809 0.840968 0.089981 0.894431 0.071691 0.885595
1 0.087365 0.841888 0.101030 0.834311 0.129822 0.886237 0.116157 0.893814
0 0.088010 0.870292 0.115940 0.873598 0.113552 0.893770 0.085622 0.890464
1 0.153751 0.833634 0.170784 0.844701 0.138437 0.894491 0.121403 0.883424
1 0.138519 0.843047 0.155938 0.832598 0.186481 0.883515 0.169062 0.893964
0 0.140984 0.871396 0.169092 0.872366 0.168391 0.892666 0.140283 0.891697
1 0.204296 0.832200 0.222434 0.841345 0.195704 0.894362 0.177566 0.885218
1 0.193705 0.841802 0.207400 0.834280 0.235983 0.886323 0.222288 0.893845
0 0.189227 0.870295 0.226588 0.873530 0.224835 0.893767 0.187475 0.890532
1 0.254508 0.831142 0.276845 0.842369 0.250180 0.895420 0.227843 0.884193
1 0.246857 0.841777 0.260561 0.834271 0.289081 0.886348 0.275376 0.893854
1 0.312662 0.832740 0.329862 0.843546 0.298275 0.893822 0.281076 0.883016
1 0.293358 0.847681 0.313429 0.832776 0.348829 0.880444 0.328759 0.895349
0 0.300152 0.871668 0.328274 0.872084 0.327973 0.892395 0.299851 0.891978
1 0.363057 0.832121 0.381371 0.840906 0.355693 0.894441 0.337379 0.885657
1 0.353078 0.840833 0.371422 0.832109 0.396922 0.885729 0.378578 0.894453
0 0.349887 0.872068 0.384260 0.871683 0.384488 0.891994 0.350115 0.892379
1 0.416819 0.832203 0.434950 0.841361 0.408181 0.894359 0.390050 0.885202
1 0.405589 0.842437 0.418768 0.834044 0.450661 0.884126 0.437482 0.892519
0 0.399669 0.874272 0.436881 0.869634 0.439393 0.889791 0.402181 0.894428
1 0.468068 0.832071 0.486510 0.840586 0.461619 0.894492 0.443178 0.885977
1 0.454285 0.845300 0.475591 0.832222 0.506652 0.882825 0.485346 0.895903
1 0.522724 0.832267 0.540724 0.841678 0.513214 0.894296 0.495213 0.884884
1 0.513926 0.841166 0.527845 0.834067 0.554824 0.886959 0.540905 0.894058
0 0.508733 0.873832 0.543030 0.871526 0.544392 0.891793 0.510095 0.894099
1 0.575182 0.831240 0.597105 0.843255 0.568568 0.895323 0.546645 0.883307
1 0.563787 0.842734 0.581342 0.832515 0.611213 0.883829 0.593658 0.894048
0 0.553942 0.873948 0.603776 0.869870 0.605433 0.890115 0.555599 0.894193
1 0.631903 0.833641 0.648927 0.844723 0.616534 0.894484 0.599511 0.883402
1 0.616904 0.841875 0.634823 0.832309 0.662784 0.884688 0.644865 0.894254
0 0.613925 0.873622 0.648131 0.870227 0.650138 0.890440 0.615931 0.893836
1 0.685386 0.834221 0.700083 0.843131 0.669301 0.893904 0.654604 0.884994
1 0.673067 0.840468 0.691854 0.832743 0.714433 0.887657 0.695646 0.895382
0 0.666411 0.875944 0.700215 0.869706 0.703901 0.889681 0.670097 0.895919
1 0.735965 0.832390 0.753735 0.842230 0.724972 0.894173 0.707202 0.884333
1 0.721493 0.844587 0.738578 0.833599 0.770694 0.883538 0.753610 0.894526
1 0.789438 0.832051 0.808490 0.842801 0.779312 0.894512 0.760260 0.883762
1 0.777779 0.841310 0.791371 0.833603 0.820658 0.885252 0.807066 0.892960
0 0.776548 0.873861 0.804575 0.871522 0.806265 0.891764 0.778237 0.894103
1 0.845762 0.833728 0.860151 0.843128 0.827676 0.892835 0.813287 0.883434
1 0.829456 0.842683 0.847032 0.832502 0.876794 0.883879 0.859218 0.894061
0 0.071762 0.898649 0.101250 0.895216 0.103238 0.912288 0.073750 0.915721
0 0.093166 0.898694 0.121218 0.896663 0.122459 0.913806 0.094407 0.915837
0 0.117255 0.896760 0.146941 0.896990 0.146808 0.914177 0.117121 0.913947
0 0.144017 0.896430 0.173691 0.897328 0.173171 0.914507 0.143497 0.913610
0 0.177440 0.898894 0.205461 0.896482 0.206935 0.913606 0.178914 0.916018
0 0.205250 0.896798 0.233320 0.898548 0.232250 0.915702 0.204180 0.913952
0 0.215178 0.900936 0.256634 0.893112 0.259822 0.910001 0.218366 0.917826
0 0.257559 0.897232 0.280986 0.896526 0.281504 0.913705 0.258077 0.914412
0 0.274914 0.898985 0.298212 0.896430 0.300086 0.913515 0.276788 0.916070
0 0.299411 0.903152 0.326877 0.891884 0.333401 0.907785 0.305935 0.919054
0 0.324783 0.897428 0.366956 0.896328 0.367404 0.913510 0.325231 0.914609
0 0.364873 0.896551 0.372652 0.897273 0.371064 0.914387 0.363285 0.913665
0 0.387514 0.896869 0.395327 0.896881 0.395298 0.914069 0.387486 0.914056
0 0.407516 0.897016 0.415324 0.896745 0.415921 0.913922 0.408113 0.914193
0 0.413961 0.899304 0.441905 0.896119 0.443851 0.913196 0.415907 0.916381
0 0.452179 0.896621 0.459972 0.897172 0.458758 0.914317 0.450965 0.913765
0 0.468547 0.898745 0.496441 0.895146 0.498640 0.912192 0.470747 0.915792
0 0.483938 0.899296 0.511683 0.894686 0.514500 0.911642 0.486755 0.916251
0 0.515995 0.895226 0.543911 0.898652 0.541817 0.915711 0.513902 0.912286
0 0.549300 0.896315 0.578859 0.899072 0.577263 0.916185 0.547703 0.913428
0 0.593898 0.896809 0.601709 0.896943 0.601415 0.914128 0.593603 0.913994
0 0.605577 0.894971 0.628658 0.899041 0.625673 0.915967 0.602592 0.911897
0 0.621176 0.893478 0.651570 0.900743 0.647574 0.917459 0.617180 0.910195
0 0.649197 0.896461 0.678783 0.898910 0.677365 0.916039 0.647779 0.913590
0 0.684640 0.896141 0.712590 0.899279 0.710672 0.916359 0.682723 0.913221
0 0.709898 0.896854 0.737975 0.898488 0.736977 0.915646 0.708900 0.914012
0 0.725653 0.894880 0.753465 0.899061 0.750910 0.916058 0.723097 0.911876
0 0.747551 0.894640 0.778451 0.899302 0.775887 0.916297 0.744987 0.911635
0 0.768373 0.897525 0.796469 0.896243 0.797252 0.913413 0.769156 0.914694
0 0.800269 0.896471 0.808026 0.897401 0.805981 0.914466 0.798224 0.913537
0 0.808624 0.896648 0.831968 0.898733 0.830439 0.915852 0.807094 0.913767
0 0.833122 0.893443 0.861319 0.902733 0.855941 0.919057 0.827744 0.909767
0 0.842461 0.896231 0.884629 0.897527 0.884101 0.914706 0.841933 0.913411
0 0.864327 0.896251 0.906496 0.897506 0.905985 0.914686 0.863816 0.913431
0 0.901621 0.896849 0.909434 0.896902 0.909316 0.914089 0.901504 0.914036
6 0.968922 0.815585 1.000000 0.818922 1.000000 0.860977 0.965585 0.857641
