4 0.007703 0.093050 0.128454 0.076536 0.140734 0.166325 0.019983 0.182839
0 0.022999 0.185109 0.079070 0.180620 0.081688 0.213328 0.025618 0.217817
0 0.066845 0.177843 0.122103 0.188361 0.115967 0.220595 0.060710 0.210077
4 0.143449 0.077367 0.264632 0.090335 0.254989 0.180446 0.133806 0.167477
0 0.185624 0.178108 0.202380 0.174279 0.209689 0.206267 0.192933 0.210096
0 0.191979 0.189338 0.246271 0.182774 0.250209 0.215350 0.195917 0.221913
0 0.177757 0.186696 0.233508 0.179220 0.237868 0.211742 0.182117 0.219217
4 0.263764 0.084779 0.385636 0.083973 0.386236 0.174596 0.264364 0.175402
0 0.269468 0.179573 0.350648 0.182956 0.349282 0.215740 0.268102 0.212357
4 0.391544 0.079507 0.513130 0.087895 0.506893 0.178305 0.385307 0.169917
0 0.398127 0.199806 0.452192 0.184281 0.461248 0.215819 0.407183 0.231344
0 0.420826 0.187352 0.437884 0.189458 0.433861 0.222023 0.416804 0.219917
4 0.518709 0.077868 0.639825 0.091446 0.629729 0.181507 0.508612 0.167929
0 0.518307 0.181068 0.599127 0.189418 0.595755 0.222057 0.514935 0.213707
0 0.527787 0.180257 0.582010 0.173147 0.586276 0.205681 0.532053 0.212791
0 0.544241 0.185546 0.598782 0.189542 0.596384 0.222267 0.541843 0.218270
4 0.637184 0.085108 0.759022 0.082107 0.761254 0.172704 0.639416 0.175706
0 0.644932 0.177985 0.725357 0.189536 0.720693 0.222015 0.640268 0.210464
0 0.707264 0.192639 0.752408 0.188733 0.755236 0.221424 0.710092 0.225329
0 0.682323 0.181246 0.727151 0.187855 0.722365 0.220317 0.677537 0.213707
4 0.757217 0.095452 0.877300 0.074630 0.892783 0.163923 0.772700 0.184745
0 0.769131 0.183846 0.823495 0.189786 0.819931 0.222404 0.765567 0.216464
0 0.777714 0.188894 0.832781 0.177421 0.839474 0.209543 0.784407 0.221017
0 0.767925 0.187078 0.824122 0.189515 0.822700 0.222297 0.766503 0.219860
4 0.070277 0.238897 0.190680 0.220011 0.204723 0.309541 0.084320 0.328427
0 0.123891 0.319607 0.179787 0.325912 0.176109 0.358518 0.120213 0.352213
4 0.196505 0.235312 0.317753 0.222967 0.326933 0.313126 0.205684 0.325471
0 0.259932 0.326349 0.320836 0.328356 0.319756 0.361151 0.258851 0.359144
0 0.234728 0.318506 0.290858 0.322189 0.288709 0.354931 0.232580 0.351248
0 0.256171 0.334325 0.297393 0.315512 0.311017 0.345362 0.269795 0.364176
4 0.324830 0.230215 0.446677 0.227618 0.448608 0.318223 0.326761 0.320819
0 0.379163 0.324986 0.395854 0.329087 0.388024 0.360952 0.371333 0.356850
4 0.453925 0.224960 0.575531 0.233053 0.569513 0.323478 0.447907 0.315385
0 0.476954 0.323238 0.494137 0.323646 0.493358 0.356449 0.476175 0.356041
4 0.582712 0.221637 0.703629 0.236888 0.692288 0.326801 0.571371 0.311549
0 0.652930 0.339639 0.669177 0.334031 0.679882 0.365049 0.663635 0.370656
0 0.608344 0.328096 0.664214 0.334625 0.660406 0.367216 0.604536 0.360687
0 0.639970 0.326043 0.695706 0.333631 0.691280 0.366144 0.635544 0.358556
4 0.703899 0.224990 0.825509 0.233019 0.819539 0.323447 0.697928 0.315418
0 0.702634 0.325067 0.757295 0.323386 0.758304 0.356183 0.703642 0.357864
0 0.752466 0.330386 0.808022 0.321581 0.813159 0.353989 0.757603 0.362794
4 0.008599 0.382094 0.129710 0.368474 0.139839 0.458531 0.018727 0.472151
0 0.069884 0.467835 0.124401 0.463517 0.126991 0.496227 0.072474 0.500545
0 0.066670 0.480114 0.124420 0.460665 0.134893 0.491761 0.077142 0.511210
4 0.139518 0.374394 0.261387 0.375611 0.260482 0.466231 0.138613 0.465014
0 0.154000 0.459180 0.233132 0.477613 0.225687 0.509570 0.146556 0.491137
4 0.268259 0.368198 0.389489 0.380719 0.380178 0.470865 0.258948 0.458343
0 0.327919 0.474590 0.372513 0.466555 0.378331 0.498848 0.333737 0.506882
0 0.278458 0.480708 0.333134 0.481799 0.332480 0.514605 0.277803 0.513514
4 0.384120 0.382545 0.505135 0.368095 0.515880 0.458080 0.394865 0.472530
0 0.401075 0.478963 0.457129 0.474276 0.459863 0.506975 0.403808 0.511661
4 0.516552 0.370124 0.638136 0.378529 0.631886 0.468939 0.510301 0.460533
0 0.533565 0.469994 0.589358 0.477147 0.585185 0.509693 0.529392 0.502540
0 0.541596 0.485494 0.600932 0.471618 0.608404 0.503568 0.549068 0.517445
0 0.575741 0.464038 0.631781 0.468897 0.628946 0.501587 0.572906 0.496728
4 0.639720 0.373127 0.761536 0.376917 0.758717 0.467498 0.636901 0.463708
0 0.701269 0.475833 0.761128 0.487248 0.754981 0.519480 0.695122 0.508064
4 0.757145 0.383927 0.877626 0.365547 0.891293 0.455136 0.770812 0.473515
0 0.793989 0.469921 0.848671 0.470707 0.848199 0.503517 0.793517 0.502730
0 0.810277 0.488958 0.888085 0.465557 0.897535 0.496979 0.819728 0.520380
4 0.078521 0.517010 0.200288 0.522132 0.196479 0.612677 0.074712 0.607555
0 0.127281 0.614963 0.181967 0.628137 0.174281 0.660037 0.119596 0.646863
0 0.089233 0.610649 0.145480 0.611228 0.145142 0.644039 0.088895 0.643460
0 0.132939 0.610728 0.187625 0.611148 0.187373 0.643960 0.132687 0.643540
4 0.199699 0.522152 0.321464 0.516992 0.325301 0.607536 0.203536 0.612696
0 0.227765 0.623216 0.244219 0.628184 0.234735 0.659596 0.218281 0.654628
4 0.328386 0.517005 0.450074 0.523759 0.445052 0.614245 0.323364 0.607491
0 0.385872 0.612081 0.438038 0.628495 0.428190 0.659794 0.376024 0.643380
4 0.447896 0.525714 0.569320 0.515246 0.577104 0.605536 0.455680 0.616004
0 0.491269 0.618079 0.508395 0.619540 0.505606 0.652234 0.488480 0.650773
0 0.504343 0.613838 0.520793 0.618820 0.511282 0.650224 0.494832 0.645242
4 0.571203 0.527228 0.692351 0.513937 0.702234 0.604022 0.581086 0.617313
0 0.618223 0.642538 0.666503 0.613674 0.683340 0.641837 0.635060 0.670701
4 0.707939 0.512026 0.828789 0.527799 0.817061 0.617661 0.696211 0.601889
0 0.765137 0.614895 0.820808 0.622943 0.816113 0.655418 0.760442 0.647370
4 0.011753 0.667755 0.133556 0.663549 0.136684 0.754120 0.014882 0.758326
0 0.063754 0.761554 0.119539 0.754342 0.123746 0.786884 0.067961 0.794096
4 0.142591 0.660449 0.264131 0.669488 0.257409 0.759864 0.135869 0.750824
0 0.197124 0.762080 0.253368 0.762923 0.252876 0.795732 0.196632 0.794889
4 0.268064 0.660689 0.389512 0.670878 0.381936 0.761186 0.260488 0.750997
0 0.308263 0.751333 0.361112 0.765395 0.352674 0.797104 0.299826 0.783042
0 0.318039 0.764746 0.372021 0.755990 0.377274 0.788379 0.323292 0.797135
0 0.271107 0.764887 0.316185 0.760283 0.319518 0.792926 0.274440 0.797529
4 0.385761 0.669228 0.507432 0.662174 0.512676 0.752647 0.391006 0.759701
0 0.407339 0.759133 0.461300 0.775015 0.452036 0.806492 0.398075 0.790610
4 0.517986 0.659122 0.639281 0.670996 0.630452 0.761190 0.509156 0.749316
0 0.564904 0.773789 0.646065 0.769997 0.647596 0.802773 0.566435 0.806566
0 0.541140 0.757364 0.595943 0.770043 0.588547 0.802011 0.533745 0.789332
4 0.633921 0.671391 0.755142 0.658783 0.764517 0.748922 0.643296 0.761530
0 0.698312 0.776186 0.752138 0.766519 0.757938 0.798814 0.704112 0.808481
0 0.674812 0.770695 0.735629 0.766870 0.737688 0.799618 0.676871 0.803443
4 0.758685 0.673158 0.879524 0.657300 0.891315 0.747155 0.770476 0.763012
0 0.791721 0.762218 0.852033 0.770931 0.847341 0.803407 0.787030 0.794694
0 0.819079 0.765088 0.875014 0.771033 0.871546 0.803662 0.815611 0.797717
0 0.839966 0.761955 0.856845 0.765195 0.850659 0.797420 0.833780 0.794180
4 0.076928 0.808653 0.198765 0.811687 0.196509 0.902284 0.074672 0.899250
0 0.089047 0.914794 0.169789 0.905723 0.173453 0.938331 0.092711 0.947402
4 0.203892 0.806248 0.325504 0.814261 0.319545 0.904690 0.197934 0.896677
0 0.237636 0.898399 0.292648 0.910135 0.285802 0.942226 0.230790 0.930490
4 0.334475 0.801109 0.454823 0.820338 0.440525 0.909828 0.320177 0.890599
0 0.360189 0.905304 0.416145 0.899555 0.419498 0.932196 0.363543 0.937945
0 0.357707 0.910754 0.412137 0.896558 0.420418 0.928309 0.365988 0.942504
4 0.447707 0.816645 0.569081 0.805602 0.577293 0.895855 0.455919 0.906898
0 0.481774 0.899896 0.526957 0.903323 0.524476 0.936041 0.479293 0.932615
4 0.582718 0.802880 0.703633 0.818146 0.692282 0.908057 0.571367 0.892791
0 0.631112 0.912435 0.685487 0.898033 0.693888 0.929752 0.639513 0.944154
0 0.597801 0.912249 0.652596 0.899537 0.660011 0.931501 0.605216 0.944213
4 0.703331 0.808652 0.825117 0.813289 0.821669 0.903848 0.699883 0.899211
0 0.702481 0.917563 0.758685 0.915276 0.760019 0.948062 0.703815 0.950349
0 0.693184 0.920072 0.771466 0.898314 0.780253 0.929928 0.701971 0.951686
