1 0.042720 0.049590 0.065985 0.058741 0.038530 0.128535 0.015265 0.119384
1 0.043068 0.054200 0.062816 0.049446 0.080370 0.122363 0.060622 0.127117
1 0.109163 0.049489 0.128448 0.055866 0.104900 0.127074 0.085614 0.120696
1 0.099250 0.061375 0.127361 0.047723 0.160125 0.115188 0.132014 0.128840
1 0.175403 0.049552 0.198873 0.058164 0.173034 0.128573 0.149565 0.119961
1 0.169643 0.059688 0.192558 0.049692 0.222544 0.118437 0.199629 0.128433
0 0.164747 0.099692 0.206876 0.101904 0.205566 0.126870 0.163436 0.124658
1 0.244089 0.049580 0.267399 0.058618 0.240286 0.128545 0.216976 0.119507
1 0.238753 0.058065 0.262257 0.049547 0.287809 0.120060 0.264305 0.128578
1 0.309717 0.049550 0.333200 0.058126 0.307471 0.128575 0.283988 0.119999
1 0.307205 0.057765 0.325892 0.049802 0.355295 0.118798 0.336608 0.126761
0 0.299427 0.098096 0.342821 0.103670 0.339635 0.128467 0.296242 0.122892
1 0.383729 0.050878 0.402019 0.059714 0.369396 0.127247 0.351106 0.118411
1 0.377566 0.055258 0.395470 0.049689 0.417747 0.121304 0.399843 0.126873
0 0.363568 0.105406 0.406435 0.096661 0.411432 0.121156 0.368565 0.129902
1 0.444421 0.049561 0.467832 0.058332 0.441516 0.128564 0.418106 0.119793
1 0.439933 0.056921 0.466696 0.048274 0.489755 0.119641 0.462992 0.128288
1 0.513299 0.049605 0.536502 0.058913 0.508576 0.128520 0.485373 0.119212
1 0.510909 0.055674 0.530251 0.049471 0.553154 0.120889 0.533812 0.127091
0 0.498363 0.104089 0.540073 0.097757 0.543825 0.122474 0.502115 0.128805
1 0.584932 0.051012 0.602037 0.058692 0.571318 0.127113 0.554213 0.119433
1 0.571183 0.061197 0.593509 0.049949 0.627255 0.116928 0.604928 0.128176
0 0.583266 0.101346 0.595758 0.101795 0.594859 0.126779 0.582367 0.126330
1 0.649053 0.049694 0.667908 0.057250 0.640009 0.126868 0.621154 0.119312
1 0.641889 0.058056 0.665397 0.049547 0.690923 0.120069 0.667416 0.128578
0 0.637752 0.096176 0.680378 0.106028 0.674748 0.130386 0.632122 0.120534
1 0.708786 0.049709 0.733141 0.055351 0.716214 0.128416 0.691859 0.122774
1 0.711815 0.056108 0.731028 0.049515 0.755372 0.120454 0.736160 0.127047
0 0.701501 0.101667 0.743688 0.101459 0.743811 0.126458 0.701624 0.126666
1 0.782974 0.048366 0.808409 0.060369 0.776401 0.128196 0.750966 0.116193
1 0.774428 0.058047 0.803924 0.047725 0.828697 0.118516 0.799201 0.128838
0 0.768461 0.102082 0.812199 0.101049 0.812789 0.126043 0.769051 0.127076
1 0.845451 0.049560 0.869438 0.056606 0.848299 0.128565 0.824312 0.121519
1 0.843498 0.058652 0.866795 0.049582 0.894002 0.119473 0.870705 0.128543
0 0.840877 0.101223 0.875245 0.101907 0.874748 0.126902 0.840380 0.126218
1 0.075421 0.152756 0.098527 0.162301 0.069892 0.231619 0.046786 0.222074
1 0.070043 0.161791 0.093334 0.152709 0.120582 0.222584 0.097291 0.231666
1 0.142561 0.152706 0.165862 0.161764 0.138689 0.231669 0.115388 0.222611
1 0.137131 0.161873 0.160394 0.152715 0.187869 0.222502 0.164606 0.231660
0 0.134127 0.205036 0.168495 0.204344 0.168998 0.229339 0.134630 0.230031
1 0.210153 0.152783 0.233172 0.162537 0.203909 0.231592 0.180891 0.221838
1 0.204089 0.162068 0.227281 0.152732 0.255286 0.222307 0.232094 0.231643
0 0.198770 0.202975 0.240811 0.206486 0.238730 0.231400 0.196689 0.227889
1 0.279981 0.153081 0.302292 0.164360 0.268456 0.231294 0.246145 0.220015
1 0.273024 0.160665 0.296708 0.152659 0.320726 0.223710 0.297042 0.231716
0 0.279005 0.205053 0.291485 0.204360 0.292870 0.229322 0.280390 0.230015
1 0.340691 0.152665 0.364547 0.160141 0.342121 0.231710 0.318265 0.224234
1 0.338790 0.161161 0.362304 0.152671 0.387773 0.223214 0.364258 0.231704
0 0.331671 0.204003 0.373836 0.205386 0.373016 0.230372 0.330851 0.228989
1 0.411721 0.152729 0.434927 0.162028 0.407029 0.231646 0.383823 0.222347
1 0.405576 0.162132 0.428744 0.152739 0.456924 0.222243 0.433756 0.231636
1 0.478712 0.152718 0.501964 0.161901 0.474413 0.231657 0.451161 0.222474
1 0.476180 0.159031 0.495454 0.152618 0.519132 0.223782 0.499859 0.230195
1 0.544162 0.151273 0.573827 0.165296 0.541776 0.233102 0.512110 0.219079
1 0.541850 0.159177 0.568904 0.151491 0.589400 0.223636 0.562346 0.231322
1 0.609150 0.152672 0.633060 0.159971 0.611163 0.231703 0.587252 0.224404
1 0.609193 0.160492 0.632934 0.152659 0.656432 0.223883 0.632691 0.231716
0 0.599581 0.205451 0.643305 0.203939 0.644169 0.228924 0.600445 0.230436
1 0.681341 0.152761 0.700297 0.160060 0.673347 0.230051 0.654391 0.222752
1 0.672897 0.163414 0.695582 0.152907 0.727103 0.220961 0.704418 0.231468
1 0.748559 0.152765 0.767509 0.160079 0.740503 0.230048 0.721553 0.222734
1 0.741696 0.159381 0.773407 0.150950 0.792679 0.223431 0.760968 0.231863
0 0.734364 0.204706 0.776552 0.204669 0.776573 0.229669 0.734386 0.229706
1 0.818107 0.153084 0.836573 0.161546 0.805330 0.229728 0.786864 0.221267
1 0.812148 0.159500 0.836206 0.152701 0.856602 0.224875 0.832544 0.231674
1 0.043057 0.255915 0.066053 0.265722 0.036631 0.334710 0.013635 0.324903
1 0.032654 0.268607 0.057573 0.255567 0.092346 0.322018 0.067427 0.335058
0 0.035023 0.306185 0.069355 0.307909 0.068102 0.332877 0.033770 0.331154
1 0.108082 0.255785 0.131744 0.263852 0.107543 0.334840 0.083881 0.326773
1 0.101449 0.267652 0.123693 0.256241 0.157926 0.322973 0.135682 0.334384
1 0.176890 0.255874 0.200019 0.265365 0.171547 0.334751 0.148419 0.325260
1 0.165415 0.268216 0.195173 0.254391 0.226773 0.322409 0.197015 0.336234
0 0.163804 0.309762 0.205821 0.305965 0.208071 0.330863 0.166054 0.334660
1 0.244334 0.255842 0.267587 0.265025 0.240041 0.334783 0.216788 0.325600
1 0.234067 0.266302 0.262755 0.253910 0.292496 0.322761 0.263808 0.335153
0 0.230577 0.308244 0.272697 0.305858 0.274111 0.330818 0.231991 0.333204
1 0.313818 0.256133 0.331365 0.262741 0.304932 0.332929 0.287385 0.326321
1 0.307334 0.263840 0.331001 0.255785 0.355166 0.326785 0.331499 0.334840
0 0.300547 0.303907 0.343808 0.310435 0.340078 0.335155 0.296817 0.328627
1 0.381285 0.255968 0.400100 0.263622 0.371840 0.333094 0.353025 0.325440
1 0.371358 0.265024 0.397437 0.254494 0.425517 0.324039 0.399438 0.334569
0 0.356021 0.308402 0.418510 0.307228 0.418979 0.332223 0.356490 0.333397
1 0.444874 0.255893 0.462924 0.260968 0.442626 0.333169 0.424576 0.328094
1 0.443223 0.262790 0.462303 0.255823 0.488027 0.326273 0.468947 0.333240
1 0.512784 0.255827 0.536106 0.264832 0.509091 0.334798 0.485769 0.325793
1 0.507048 0.264680 0.530424 0.255817 0.557014 0.325945 0.533638 0.334808
0 0.501048 0.304176 0.545971 0.310102 0.542702 0.334887 0.497779 0.328961
1 0.578275 0.255795 0.601799 0.264257 0.576413 0.334830 0.552889 0.326368
1 0.575889 0.263989 0.599505 0.255787 0.624111 0.326636 0.600495 0.334838
0 0.570071 0.309992 0.603989 0.304403 0.608054 0.329070 0.574136 0.334660
1 0.644060 0.255787 0.667869 0.263409 0.645003 0.334838 0.621193 0.327216
1 0.642141 0.264732 0.665499 0.255820 0.692234 0.325893 0.668876 0.334805
0 0.632735 0.309515 0.677924 0.306178 0.679765 0.331110 0.634576 0.334447
1 0.711027 0.255811 0.735022 0.262828 0.713973 0.334814 0.689978 0.327797
1 0.710657 0.263174 0.729616 0.255884 0.756531 0.325889 0.737571 0.333178
1 0.781964 0.255850 0.805187 0.265108 0.777411 0.334775 0.754188 0.325517
1 0.774620 0.264206 0.801011 0.254482 0.826942 0.324856 0.800552 0.334581
0 0.768114 0.308172 0.810242 0.305926 0.811573 0.330890 0.769445 0.333137
1 0.846546 0.255785 0.870328 0.263494 0.847204 0.334840 0.823422 0.327131
1 0.841862 0.266337 0.864625 0.256000 0.895638 0.324288 0.872875 0.334625
0 0.837798 0.307341 0.878412 0.308291 0.877827 0.333284 0.837213 0.332334
0 0.044740 0.336202 0.082184 0.334143 0.083385 0.355985 0.045941 0.358044
0 0.081304 0.335911 0.092241 0.335964 0.092134 0.357839 0.081197 0.357786
0 0.085512 0.342568 0.118907 0.329292 0.126988 0.349619 0.093593 0.362896
0 0.101647 0.335782 0.142271 0.336094 0.142103 0.357968 0.101479 0.357656
0 0.146208 0.335249 0.157025 0.336866 0.153792 0.358501 0.142975 0.356884
0 0.153850 0.332743 0.208144 0.339290 0.205525 0.361007 0.151231 0.354460
0 0.182869 0.335841 0.220369 0.336034 0.220256 0.357909 0.182756 0.357716
0 0.203459 0.335384 0.240942 0.336501 0.240291 0.358366 0.202808 0.357249
0 0.236776 0.336330 0.247689 0.335594 0.249161 0.357420 0.238249 0.358156
0 0.230919 0.336024 0.285579 0.334299 0.286269 0.356163 0.231609 0.357888
0 0.269903 0.336619 0.280771 0.335394 0.283222 0.357131 0.272354 0.358356
0 0.274036 0.327362 0.325524 0.345793 0.318151 0.366388 0.266664 0.347957
0 0.302191 0.334185 0.338074 0.336160 0.336872 0.358002 0.300989 0.356027
0 0.330955 0.332228 0.367947 0.338381 0.364358 0.359959 0.327366 0.353807
0 0.349674 0.338009 0.385388 0.334003 0.387826 0.355741 0.352112 0.359747
0 0.378342 0.335574 0.415835 0.336306 0.415408 0.358176 0.377915 0.357444
0 0.391712 0.337909 0.431988 0.332592 0.434851 0.354279 0.394575 0.359596
0 0.434679 0.335189 0.445469 0.336982 0.441883 0.358561 0.431094 0.356768
0 0.452814 0.332121 0.481753 0.338743 0.476874 0.360067 0.447934 0.353445
0 0.469248 0.333839 0.509642 0.338161 0.507315 0.359911 0.466920 0.355589
0 0.496617 0.342477 0.530542 0.330622 0.537758 0.351273 0.503833 0.363128
0 0.525822 0.333658 0.561444 0.338409 0.558553 0.360092 0.522931 0.355341
0 0.554509 0.337698 0.590283 0.334277 0.592366 0.356052 0.556592 0.359473
0 0.573247 0.339745 0.610048 0.332538 0.614253 0.354005 0.577452 0.361212
0 0.599011 0.333973 0.634717 0.338043 0.632239 0.359777 0.596533 0.355707
0 0.615677 0.330647 0.655141 0.340290 0.649948 0.361540 0.610484 0.351897
0 0.636155 0.333663 0.671961 0.336729 0.670095 0.358524 0.634289 0.355459
0 0.659006 0.338204 0.696249 0.333821 0.698806 0.355546 0.661563 0.359929
0 0.695654 0.335372 0.733137 0.336513 0.732471 0.358378 0.694988 0.357237
0 0.717452 0.330756 0.753725 0.340273 0.748173 0.361432 0.711900 0.351914
0 0.727767 0.342190 0.761399 0.329526 0.769108 0.349998 0.735476 0.362662
0 0.755841 0.332366 0.792882 0.338214 0.789471 0.359821 0.752430 0.353974
0 0.788842 0.336665 0.818387 0.333753 0.820533 0.355522 0.790988 0.358435
0 0.808979 0.338267 0.846208 0.333766 0.848834 0.355483 0.811605 0.359984
0 0.835458 0.336098 0.876040 0.334237 0.877042 0.356089 0.836460 0.357950
0 0.851057 0.330874 0.904720 0.341411 0.900505 0.362876 0.846842 0.352339
0 0.877801 0.342561 0.912836 0.329189 0.920636 0.349626 0.885601 0.362998
0 0.914540 0.334312 0.955129 0.336020 0.954210 0.357875 0.913621 0.356168
1 0.066575 0.358852 0.094104 0.364614 0.078737 0.438023 0.051209 0.432261
1 0.070292 0.367213 0.093874 0.358914 0.118771 0.429662 0.095189 0.437961
1 0.142998 0.359035 0.166009 0.368808 0.136690 0.437840 0.113679 0.428067
1 0.135294 0.369039 0.158218 0.359064 0.188143 0.427836 0.165219 0.437811
1 0.207756 0.358916 0.231324 0.367255 0.206307 0.437959 0.182739 0.429620
1 0.205846 0.366909 0.229531 0.358909 0.253529 0.429966 0.229844 0.437966
0 0.201816 0.410596 0.236184 0.411284 0.235684 0.436279 0.201316 0.435591
1 0.271067 0.357627 0.302052 0.368425 0.277370 0.439248 0.246386 0.428450
1 0.269821 0.367350 0.299344 0.357106 0.323929 0.427963 0.294406 0.438206
0 0.265781 0.408695 0.307863 0.411681 0.306094 0.436618 0.264012 0.433632
1 0.341040 0.358911 0.364829 0.366596 0.341773 0.437964 0.317983 0.430279
1 0.340289 0.366857 0.363992 0.358909 0.387836 0.430018 0.364133 0.437966
0 0.331234 0.410964 0.373422 0.410911 0.373453 0.435911 0.331266 0.435964
1 0.409811 0.358911 0.433439 0.367078 0.408939 0.437964 0.385311 0.429797
1 0.410893 0.364097 0.430504 0.358805 0.450044 0.431215 0.430433 0.436507
1 0.476218 0.357034 0.504933 0.369362 0.475345 0.438279 0.446629 0.425950
1 0.473014 0.368170 0.496259 0.358969 0.523861 0.428705 0.500616 0.437906
0 0.457028 0.409145 0.519423 0.412772 0.517972 0.437730 0.455577 0.434103
1 0.550125 0.358645 0.572256 0.370272 0.537375 0.436667 0.515244 0.425040
1 0.538631 0.369561 0.561356 0.359140 0.592619 0.427314 0.569894 0.437735
0 0.533007 0.409313 0.578198 0.412629 0.576368 0.437562 0.531177 0.434246
1 0.615724 0.359303 0.638091 0.370470 0.604589 0.437572 0.582222 0.426405
1 0.605999 0.369394 0.628787 0.359114 0.659626 0.427481 0.636838 0.437761
1 0.680987 0.359077 0.703875 0.369135 0.673700 0.437798 0.650813 0.427740
1 0.677677 0.365859 0.696774 0.358939 0.722323 0.429454 0.703226 0.436373
0 0.682267 0.411225 0.694755 0.410674 0.695858 0.435650 0.683370 0.436201
1 0.748401 0.357725 0.773895 0.369602 0.742224 0.437587 0.716730 0.425711
1 0.739048 0.367991 0.770199 0.357682 0.793764 0.428884 0.762613 0.439193
0 0.736103 0.408681 0.778183 0.411695 0.776397 0.436631 0.734317 0.433617
1 0.814698 0.359021 0.837752 0.368692 0.808739 0.437854 0.785685 0.428183
1 0.808672 0.366942 0.835205 0.357615 0.860078 0.428370 0.833545 0.437698
0 0.792794 0.408735 0.855228 0.411604 0.854081 0.436577 0.791647 0.433709
1 0.043734 0.462126 0.062710 0.469372 0.035954 0.539437 0.016978 0.532191
1 0.037127 0.470615 0.060614 0.462049 0.086310 0.532510 0.062824 0.541076
1 0.111883 0.462244 0.134660 0.472550 0.103742 0.540881 0.080965 0.530575
1 0.104591 0.471905 0.122988 0.463293 0.154784 0.531220 0.136387 0.539832
0 0.094704 0.514454 0.139957 0.512141 0.141234 0.537108 0.095980 0.539421
1 0.173428 0.462042 0.197298 0.469471 0.175010 0.541083 0.151139 0.533654
1 0.171465 0.471283 0.194715 0.462093 0.222285 0.531842 0.199035 0.541032
0 0.152900 0.516173 0.215141 0.510493 0.217413 0.535390 0.155171 0.541069
1 0.237345 0.461719 0.264545 0.468873 0.245468 0.541406 0.218268 0.534252
1 0.240573 0.469208 0.264528 0.462054 0.285990 0.533917 0.262035 0.541071
0 0.235990 0.513991 0.270364 0.514134 0.270260 0.539134 0.235886 0.538991
1 0.312397 0.462117 0.331389 0.469320 0.304791 0.539446 0.285799 0.532242
1 0.307746 0.469218 0.331697 0.462053 0.353192 0.533907 0.329240 0.541072
0 0.302595 0.514825 0.336938 0.513324 0.338030 0.538300 0.303687 0.539801
1 0.381267 0.462216 0.400086 0.469861 0.371858 0.539346 0.353039 0.531701
1 0.371763 0.471696 0.394861 0.462133 0.423550 0.531429 0.400451 0.540992
1 0.446220 0.462111 0.469396 0.471483 0.441280 0.541014 0.418104 0.531642
1 0.436824 0.472477 0.467439 0.460671 0.494426 0.530648 0.463811 0.542454
0 0.435308 0.510585 0.476852 0.517921 0.472505 0.542540 0.430960 0.535204
1 0.512892 0.462082 0.536189 0.471151 0.508983 0.541043 0.485686 0.531974
1 0.505506 0.472981 0.528116 0.462314 0.560119 0.530144 0.537509 0.540811
0 0.498569 0.513826 0.543880 0.514300 0.543618 0.539299 0.498308 0.538825
1 0.582315 0.462257 0.605060 0.472632 0.573935 0.540868 0.551190 0.530493
1 0.572810 0.472150 0.595739 0.462187 0.625627 0.530975 0.602698 0.540938
0 0.572431 0.512406 0.606633 0.515845 0.604132 0.540719 0.569929 0.537280
1 0.647424 0.462140 0.670499 0.471760 0.641638 0.540985 0.618563 0.531365
1 0.640236 0.471938 0.663245 0.462161 0.692576 0.531187 0.669568 0.540964
1 0.712472 0.462041 0.736034 0.470397 0.710966 0.541084 0.687404 0.532728
1 0.708810 0.470769 0.732243 0.462057 0.758377 0.532356 0.734944 0.541068
0 0.701845 0.513597 0.744022 0.514534 0.743467 0.539528 0.701290 0.538591
1 0.778465 0.462036 0.802269 0.469677 0.779348 0.541089 0.755544 0.533448
1 0.777352 0.470316 0.800942 0.462039 0.825773 0.532809 0.802183 0.541086
0 0.768389 0.514692 0.810559 0.513444 0.811298 0.538433 0.769129 0.539681
1 0.846628 0.460157 0.875547 0.472001 0.847122 0.541405 0.818203 0.529562
1 0.842155 0.470448 0.873551 0.460913 0.895345 0.532677 0.863949 0.542212
0 0.840976 0.513593 0.875338 0.514541 0.874649 0.539532 0.840287 0.538584
1 0.076275 0.565356 0.094082 0.571227 0.070600 0.642456 0.052793 0.636585
1 0.068086 0.574124 0.099280 0.563948 0.122539 0.635251 0.091345 0.645427
0 0.075882 0.618032 0.088291 0.616525 0.091305 0.641343 0.078896 0.642850
1 0.140542 0.565159 0.164275 0.573015 0.140708 0.644216 0.116975 0.636360
1 0.140114 0.572153 0.159198 0.565196 0.184886 0.635659 0.165802 0.642617
0 0.129392 0.617700 0.171567 0.616682 0.172171 0.641675 0.129995 0.642693
1 0.208183 0.565161 0.231825 0.573289 0.207442 0.644214 0.183800 0.636086
1 0.204637 0.574110 0.227993 0.565195 0.254738 0.635265 0.231382 0.644180
0 0.196902 0.617142 0.239090 0.617233 0.239035 0.642233 0.196848 0.642142
1 0.276817 0.565201 0.300146 0.574189 0.273183 0.644174 0.249854 0.635186
1 0.272814 0.573403 0.291496 0.565429 0.320936 0.634410 0.302254 0.642383
0 0.264268 0.616847 0.306450 0.617531 0.306045 0.642528 0.263863 0.641844
1 0.342649 0.565162 0.366272 0.573344 0.341726 0.644213 0.318103 0.636031
1 0.340313 0.572516 0.364210 0.565170 0.386249 0.636859 0.362353 0.644205
0 0.333554 0.614917 0.375479 0.619613 0.372696 0.644458 0.330771 0.639762
1 0.409475 0.565169 0.433010 0.573601 0.407713 0.644206 0.384178 0.635774
1 0.407259 0.572750 0.426155 0.565296 0.453678 0.635063 0.434783 0.642517
0 0.389504 0.615354 0.451968 0.617473 0.451121 0.642459 0.388657 0.640340
1 0.477009 0.565162 0.500635 0.573334 0.476116 0.644213 0.452490 0.636041
1 0.471633 0.574934 0.494689 0.565271 0.523680 0.634441 0.500623 0.644104
0 0.454143 0.621222 0.516146 0.613352 0.519294 0.638153 0.457292 0.646023
1 0.546445 0.565409 0.564153 0.571574 0.539492 0.642404 0.521785 0.636239
1 0.540613 0.573538 0.559250 0.565460 0.589075 0.634275 0.570437 0.642352
0 0.534520 0.616955 0.575142 0.617421 0.574855 0.642420 0.534233 0.641954
1 0.612592 0.565194 0.635957 0.574085 0.609283 0.644181 0.585918 0.635290
1 0.609260 0.572377 0.633201 0.565176 0.654802 0.636998 0.630862 0.644199
0 0.599654 0.617790 0.641825 0.616595 0.642533 0.641585 0.600363 0.642780
1 0.681150 0.565242 0.700142 0.572447 0.673538 0.642570 0.654546 0.635365
1 0.670298 0.575376 0.699113 0.563281 0.728139 0.632437 0.699325 0.644531
0 0.666428 0.619478 0.708202 0.613580 0.711697 0.638335 0.669923 0.644232
1 0.741966 0.565242 0.766146 0.571592 0.747097 0.644133 0.722916 0.637783
1 0.740439 0.575584 0.763250 0.565356 0.793936 0.633791 0.771125 0.644019
0 0.731092 0.621007 0.775811 0.613696 0.779845 0.638368 0.735126 0.645679
1 0.810436 0.563301 0.839648 0.574404 0.813001 0.644511 0.783790 0.633408
1 0.809176 0.574232 0.832489 0.565204 0.859574 0.635143 0.836261 0.644171
0 0.801554 0.617202 0.843741 0.617173 0.843759 0.642173 0.801571 0.642202
1 0.044659 0.668490 0.067446 0.678776 0.036591 0.747135 0.013804 0.736849
1 0.040177 0.674936 0.057815 0.668575 0.083261 0.739126 0.065623 0.745488
0 0.029518 0.722078 0.071564 0.718631 0.073607 0.743547 0.031561 0.746994
1 0.110341 0.668423 0.133313 0.678287 0.103721 0.747202 0.080750 0.737338
1 0.105819 0.675727 0.129688 0.668292 0.151993 0.739898 0.128124 0.747333
0 0.097496 0.718538 0.139635 0.720553 0.138441 0.745525 0.096302 0.743509
1 0.175788 0.668315 0.199173 0.677156 0.172649 0.747310 0.149265 0.738469
1 0.171520 0.676939 0.190065 0.668651 0.220667 0.737124 0.202122 0.745412
0 0.179039 0.720658 0.191522 0.720001 0.192836 0.744967 0.180353 0.745624
1 0.244735 0.668366 0.267893 0.677784 0.239640 0.747259 0.216482 0.737841
1 0.238290 0.675736 0.265030 0.667019 0.288273 0.738327 0.261533 0.747043
1 0.312105 0.668440 0.335026 0.678421 0.305083 0.747185 0.282161 0.737204
1 0.307457 0.675673 0.331343 0.668294 0.353481 0.739952 0.329595 0.747331
1 0.381468 0.668491 0.400247 0.676235 0.371657 0.745571 0.352878 0.737828
1 0.372735 0.677130 0.396129 0.668314 0.422578 0.738495 0.399184 0.747311
0 0.370360 0.720247 0.404735 0.720378 0.404640 0.745378 0.370265 0.745247
1 0.445885 0.668392 0.468954 0.678026 0.440053 0.747233 0.416983 0.737599
1 0.440055 0.677023 0.463486 0.668307 0.489633 0.738602 0.466201 0.747318
0 0.432743 0.720430 0.474930 0.720196 0.475069 0.745195 0.432882 0.745429
1 0.509737 0.668286 0.533536 0.675940 0.510576 0.747339 0.486776 0.739685
1 0.502886 0.679887 0.533011 0.666881 0.562739 0.735738 0.532614 0.748744
0 0.501073 0.720364 0.541665 0.718719 0.542677 0.743699 0.502085 0.745343
1 0.579528 0.668206 0.598930 0.674220 0.576722 0.745857 0.557320 0.739842
1 0.574961 0.677226 0.598321 0.668320 0.625039 0.738399 0.601679 0.747305
0 0.582742 0.720348 0.595242 0.720278 0.595383 0.745277 0.582883 0.745347
1 0.652225 0.668112 0.674194 0.680043 0.638400 0.745951 0.616431 0.734019
1 0.641535 0.677184 0.659997 0.668713 0.691277 0.736878 0.672816 0.745350
0 0.639284 0.718258 0.673559 0.720878 0.671654 0.745805 0.637379 0.743185
1 0.713141 0.666986 0.739314 0.677282 0.711859 0.747076 0.685686 0.736781
1 0.710167 0.676038 0.729010 0.668452 0.757020 0.738025 0.738177 0.745611
0 0.692871 0.717140 0.755034 0.723620 0.752442 0.748485 0.690279 0.742005
1 0.778220 0.668290 0.802071 0.675783 0.779593 0.747335 0.755742 0.739842
1 0.775944 0.677157 0.794415 0.668705 0.825619 0.736906 0.807148 0.745357
1 0.847004 0.668295 0.870533 0.676744 0.845184 0.747330 0.821655 0.738881
1 0.840507 0.679381 0.863058 0.668590 0.895430 0.736244 0.872879 0.747035
1 0.074647 0.771356 0.093955 0.777664 0.070666 0.848956 0.051357 0.842649
1 0.071102 0.779691 0.094692 0.771414 0.119523 0.842184 0.095933 0.850461
1 0.139279 0.771413 0.163107 0.778979 0.140408 0.850462 0.116581 0.842896
1 0.137197 0.780569 0.160479 0.771461 0.187803 0.841306 0.164521 0.850414
0 0.130920 0.819553 0.175770 0.826015 0.172205 0.850759 0.127355 0.844298
1 0.213081 0.771664 0.231786 0.779584 0.202544 0.848648 0.183839 0.840728
1 0.205924 0.780451 0.223066 0.772855 0.253451 0.841424 0.236309 0.849020
0 0.188200 0.820234 0.250356 0.826779 0.247738 0.851641 0.185582 0.845096
1 0.276980 0.771459 0.300271 0.780542 0.273020 0.850416 0.249729 0.841333
1 0.270269 0.781011 0.293390 0.771502 0.321918 0.840864 0.298797 0.850373
1 0.342731 0.771413 0.366337 0.779644 0.341644 0.850462 0.318038 0.842231
1 0.333738 0.782607 0.364037 0.770013 0.392825 0.839268 0.362526 0.851862
0 0.329663 0.824243 0.374868 0.821129 0.376587 0.846069 0.331382 0.849184
1 0.412681 0.771446 0.431765 0.778406 0.406069 0.848866 0.386985 0.841907
1 0.405652 0.780817 0.428844 0.771482 0.456848 0.841058 0.433656 0.850393
0 0.414424 0.822929 0.426874 0.824047 0.424638 0.848946 0.412188 0.847828
1 0.478979 0.771539 0.501979 0.781337 0.472583 0.850336 0.449583 0.840538
1 0.469809 0.782884 0.492211 0.771786 0.525504 0.838991 0.503102 0.850089
0 0.464054 0.824210 0.509263 0.821159 0.510946 0.846102 0.465737 0.849153
1 0.542333 0.771434 0.566318 0.778485 0.545167 0.850441 0.521182 0.843390
1 0.540373 0.779894 0.563893 0.771420 0.589314 0.841981 0.565794 0.850455
0 0.532533 0.825431 0.574542 0.821550 0.576842 0.846444 0.534833 0.850325
1 0.606485 0.770249 0.637798 0.780052 0.615390 0.851626 0.584077 0.841823
1 0.605874 0.779828 0.632265 0.770107 0.658189 0.840484 0.631797 0.850206
0 0.599645 0.824081 0.643376 0.822804 0.644105 0.847794 0.600374 0.849071
1 0.680588 0.771486 0.703767 0.780854 0.675662 0.850389 0.652483 0.841021
1 0.679510 0.777148 0.698968 0.771319 0.720490 0.843164 0.701032 0.848994
0 0.669063 0.821752 0.711109 0.825207 0.709062 0.850123 0.667016 0.846668
1 0.747591 0.771528 0.770625 0.781246 0.741471 0.850347 0.718437 0.840629
1 0.741992 0.780480 0.765305 0.771454 0.792383 0.841395 0.769070 0.850421
0 0.734699 0.822906 0.776873 0.823978 0.776238 0.848969 0.734064 0.847897
1 0.810880 0.771442 0.834901 0.778369 0.814120 0.850433 0.790099 0.843506
1 0.810305 0.779659 0.828985 0.771681 0.858445 0.840653 0.839765 0.848632
0 0.801232 0.824035 0.844966 0.822849 0.845643 0.847840 0.801909 0.849026
6 0.968063 0.313225 0.994588 0.311813 0.996000 0.338338 0.969475 0.339750
6 0.962788 0.551279 1.000000 0.551850 1.000000 0.592471 0.962216 0.591900
