1 0.456696 0.926500 0.475706 0.933655 0.454242 0.990687 0.435231 0.983532
1 0.450815 0.931951 0.470387 0.926519 0.486685 0.985236 0.467113 0.990669
1 0.489413 0.926559 0.513259 0.934066 0.494962 0.992191 0.471116 0.984684
1 0.482488 0.935049 0.505969 0.926467 0.526887 0.983701 0.503406 0.992283
1 0.531288 0.927758 0.547573 0.933254 0.528087 0.990992 0.511802 0.985496
1 0.519948 0.934355 0.540263 0.926242 0.562864 0.982833 0.542549 0.990946
0 0.425835 0.988065 0.460109 0.985432 0.461665 1.000000 0.427391 1.000000
0 0.443521 0.987884 0.477689 0.984114 0.479916 1.000000 0.445749 1.000000
0 0.459275 0.989239 0.509030 0.984298 0.511038 1.000000 0.461282 1.000000
0 0.492882 0.985626 0.527184 0.987854 0.525868 1.000000 0.491566 1.000000
0 0.510883 0.986029 0.545258 0.985846 0.545367 1.000000 0.510992 1.000000
0 0.529679 0.987913 0.557708 0.985594 0.559383 1.000000 0.531354 1.000000
8 0.417887 0.847775 0.438145 0.849265 0.433675 0.910038 0.413418 0.908548
1 0.455870 0.846792 0.475215 0.852986 0.456630 0.911021 0.437285 0.904826
1 0.447793 0.853590 0.468500 0.846538 0.488144 0.904223 0.467437 0.911274
1 0.496068 0.846873 0.514824 0.854671 0.491432 0.910939 0.472676 0.903142
1 0.486997 0.853447 0.501527 0.847700 0.523940 0.904366 0.509411 0.910113
1 0.529739 0.846800 0.548836 0.853721 0.528074 0.911012 0.508976 0.904092
1 0.524236 0.852275 0.543805 0.846830 0.560139 0.905537 0.540570 0.910982
1 0.562728 0.846576 0.587910 0.855028 0.568522 0.912799 0.543340 0.904347
1 0.560665 0.853019 0.575556 0.848284 0.594022 0.906356 0.579132 0.911091
0 0.327005 0.760462 0.426728 0.779705 0.415182 0.839538 0.315459 0.820295
0 0.356827 0.768589 0.458372 0.770484 0.457235 0.831411 0.355690 0.829516
1 0.435620 0.767121 0.455098 0.772881 0.437818 0.831317 0.418339 0.825557
1 0.427865 0.774928 0.451625 0.767155 0.470573 0.825072 0.446812 0.832845
1 0.477234 0.768025 0.495816 0.776229 0.471203 0.831975 0.452621 0.823771
1 0.469563 0.772578 0.489135 0.767144 0.505437 0.825860 0.485865 0.831294
8 0.513775 0.767991 0.533506 0.772814 0.519038 0.832009 0.499306 0.827186
1 0.548159 0.767106 0.567326 0.773830 0.547153 0.831332 0.527986 0.824607
1 0.540199 0.774055 0.559288 0.767114 0.580114 0.824382 0.561024 0.831324
1 0.585505 0.768566 0.600491 0.772988 0.583245 0.831434 0.568259 0.827012
1 0.575889 0.774253 0.594910 0.767124 0.616298 0.824184 0.597278 0.831314
1 0.618008 0.767185 0.637689 0.772209 0.622617 0.831253 0.602936 0.826229
1 0.613675 0.773426 0.632978 0.767102 0.651950 0.825011 0.632647 0.831335
1 0.312354 0.687446 0.331322 0.694713 0.309521 0.751617 0.290553 0.744350
1 0.302508 0.694193 0.323223 0.687164 0.342804 0.744870 0.322089 0.751899
1 0.345573 0.687405 0.369059 0.695972 0.348177 0.753220 0.324691 0.744653
1 0.340033 0.693320 0.359472 0.687426 0.377154 0.745742 0.357715 0.751636
1 0.382967 0.687428 0.402042 0.694410 0.381095 0.751634 0.362021 0.744652
1 0.374997 0.693225 0.400757 0.686743 0.415628 0.745838 0.389868 0.752320
1 0.423561 0.689026 0.438215 0.694450 0.417064 0.751599 0.402410 0.746175
1 0.415258 0.693968 0.431611 0.688678 0.450367 0.746657 0.434014 0.751947
1 0.453192 0.688793 0.473496 0.689356 0.471808 0.750270 0.451504 0.749707
0 0.448019 0.689782 0.551134 0.688349 0.551981 0.749281 0.448866 0.750713
1 0.530839 0.688918 0.545707 0.693721 0.526974 0.751707 0.512105 0.746904
1 0.521309 0.694479 0.540360 0.687431 0.561503 0.744583 0.542453 0.751631
1 0.567043 0.687446 0.586011 0.694714 0.564207 0.751617 0.545239 0.744349
1 0.557565 0.695594 0.573397 0.688902 0.597122 0.745031 0.581291 0.751723
8 0.600618 0.688631 0.620910 0.689557 0.618132 0.750431 0.597840 0.749505
1 0.639500 0.687437 0.658512 0.694587 0.637063 0.751625 0.618050 0.744475
1 0.628963 0.695644 0.652575 0.687428 0.672600 0.744981 0.648988 0.753197
1 0.676085 0.687418 0.695448 0.693554 0.677040 0.751645 0.657677 0.745508
1 0.668684 0.694708 0.687653 0.687445 0.709441 0.744355 0.690472 0.751617
0 0.202680 0.611299 0.355788 0.609020 0.356695 0.669951 0.203587 0.672230
1 0.307947 0.608861 0.328228 0.609982 0.324866 0.670827 0.304584 0.669706
1 0.346645 0.607728 0.365960 0.614013 0.347105 0.671960 0.327790 0.665675
1 0.339985 0.614241 0.359224 0.607727 0.378765 0.665447 0.359526 0.671960
1 0.374960 0.611770 0.395094 0.609080 0.403165 0.669480 0.383031 0.672170
1 0.416948 0.607083 0.440926 0.614159 0.423677 0.672605 0.399699 0.665528
1 0.414024 0.613250 0.433582 0.607764 0.450039 0.666438 0.430481 0.671923
1 0.457956 0.607516 0.478126 0.615982 0.454544 0.672171 0.434374 0.663706
1 0.443324 0.619219 0.467126 0.607427 0.494176 0.662031 0.470374 0.673823
1 0.493795 0.609261 0.508592 0.614281 0.489017 0.671989 0.474220 0.666969
1 0.485795 0.614660 0.502032 0.609023 0.522017 0.666590 0.505780 0.672227
1 0.528035 0.607739 0.547472 0.613637 0.529777 0.671949 0.510340 0.666050
1 0.519933 0.616742 0.538558 0.608635 0.562879 0.664508 0.544255 0.672615
1 0.565558 0.607727 0.584842 0.614110 0.565692 0.671961 0.546408 0.665577
1 0.557714 0.614424 0.576892 0.607730 0.596973 0.665264 0.577795 0.671957
1 0.602808 0.607730 0.621984 0.614432 0.601879 0.671957 0.582704 0.665256
1 0.596407 0.613546 0.615873 0.607743 0.633281 0.666141 0.613815 0.671944
5 0.627347 0.609827 0.661711 0.608943 0.663278 0.669860 0.628914 0.670744
1 0.669899 0.609800 0.690196 0.608998 0.692601 0.669888 0.672304 0.670690
1 0.711976 0.607731 0.731349 0.613839 0.713024 0.671956 0.693651 0.665848
1 0.704203 0.615370 0.723047 0.607786 0.745797 0.664318 0.726953 0.671901
0 0.243776 0.667144 0.278151 0.667231 0.278099 0.687543 0.243724 0.687457
0 0.266120 0.665286 0.300269 0.669223 0.297943 0.689402 0.263794 0.685465
0 0.284851 0.666423 0.319191 0.667973 0.318274 0.688265 0.283934 0.686715
0 0.310691 0.667617 0.345056 0.666765 0.345559 0.687071 0.311194 0.687923
0 0.324732 0.669221 0.358881 0.665288 0.361205 0.685467 0.327056 0.689400
0 0.356086 0.668903 0.388730 0.665577 0.390789 0.685785 0.358145 0.689111
0 0.381252 0.667183 0.418752 0.667192 0.418748 0.687505 0.381248 0.687495
0 0.398299 0.669108 0.435612 0.665368 0.437638 0.685579 0.400325 0.689320
0 0.408986 0.668985 0.458945 0.666969 0.459764 0.687265 0.409805 0.689281
0 0.446310 0.669090 0.483745 0.666883 0.484940 0.687160 0.447505 0.689367
0 0.476908 0.666624 0.511264 0.667762 0.510592 0.688063 0.476236 0.686926
0 0.496603 0.667575 0.524718 0.666808 0.525272 0.687113 0.497157 0.687880
0 0.516892 0.667610 0.545004 0.666774 0.545608 0.687078 0.517496 0.687913
0 0.543340 0.667915 0.577685 0.666478 0.578535 0.686772 0.544190 0.688210
0 0.573375 0.667275 0.601499 0.667100 0.601625 0.687412 0.573501 0.687587
0 0.607773 0.667608 0.617116 0.666836 0.618789 0.687079 0.609446 0.687852
0 0.616912 0.667669 0.651274 0.666714 0.651838 0.687019 0.617476 0.687973
0 0.629298 0.668987 0.679257 0.666967 0.680077 0.687263 0.630118 0.689283
0 0.675691 0.666896 0.685045 0.667524 0.683684 0.687791 0.674330 0.687163
0 0.683237 0.666502 0.717584 0.667890 0.716763 0.688186 0.682416 0.686798
0 0.709563 0.666876 0.743932 0.667503 0.743562 0.687812 0.709193 0.687185
1 0.212331 0.530644 0.232572 0.528945 0.237669 0.589669 0.217428 0.591368
1 0.252829 0.528057 0.272304 0.533831 0.254983 0.592255 0.235508 0.586481
1 0.248150 0.534290 0.267477 0.528041 0.286225 0.586022 0.266898 0.592272
1 0.290547 0.527825 0.311484 0.534164 0.293828 0.592487 0.272891 0.586149
1 0.285231 0.534027 0.304644 0.528048 0.322581 0.586285 0.303169 0.592265
1 0.329271 0.529504 0.344255 0.533934 0.326979 0.592371 0.311995 0.587941
1 0.321349 0.533899 0.340802 0.528054 0.358339 0.586413 0.338886 0.592259
1 0.367506 0.528094 0.386367 0.535635 0.363744 0.592218 0.344883 0.584677
1 0.358666 0.534605 0.377888 0.528040 0.397584 0.585707 0.378362 0.592272
1 0.398576 0.527834 0.423781 0.536217 0.404549 0.594041 0.379344 0.585658
1 0.393433 0.535541 0.412329 0.528086 0.434692 0.584772 0.415796 0.592226
1 0.438941 0.528072 0.457903 0.535353 0.436059 0.592241 0.417097 0.584960
1 0.431078 0.533653 0.450608 0.528069 0.467359 0.586659 0.447829 0.592243
1 0.475242 0.527785 0.495775 0.535329 0.474758 0.592528 0.454225 0.584983
1 0.468363 0.534364 0.487666 0.528040 0.506637 0.585949 0.487334 0.592273
1 0.506250 0.529688 0.526562 0.529687 0.526563 0.590625 0.506250 0.590625
1 0.547190 0.527787 0.567883 0.534881 0.548122 0.592525 0.527429 0.585432
1 0.543526 0.534498 0.559907 0.529297 0.578349 0.587377 0.561968 0.592578
1 0.582960 0.528967 0.603206 0.530606 0.598290 0.591345 0.578044 0.589706
7 0.594661 0.530353 0.655584 0.529036 0.656902 0.589959 0.595978 0.591277
1 0.660857 0.529427 0.676874 0.535662 0.654768 0.592448 0.638751 0.586213
1 0.650964 0.533951 0.670400 0.528051 0.688099 0.586362 0.668662 0.592261
1 0.698266 0.529151 0.712532 0.535526 0.687671 0.591161 0.673406 0.584787
1 0.689056 0.534599 0.703851 0.529575 0.723444 0.587276 0.708649 0.592300
1 0.730961 0.528043 0.750130 0.534761 0.729976 0.592269 0.710807 0.585551
1 0.726406 0.534454 0.742800 0.529294 0.761094 0.587421 0.744700 0.592581
1 0.767454 0.528056 0.786504 0.535105 0.765359 0.592256 0.746308 0.585208
1 0.760242 0.534595 0.779468 0.528040 0.799133 0.585718 0.779907 0.592272
1 0.164223 0.448097 0.184775 0.455590 0.163902 0.512841 0.143350 0.505348
1 0.154654 0.457061 0.173393 0.449222 0.196909 0.505439 0.178170 0.513278
5 0.188829 0.450133 0.223203 0.449869 0.223671 0.510804 0.189297 0.511069
5 0.226501 0.450035 0.260876 0.449965 0.260999 0.510903 0.226624 0.510972
1 0.274357 0.449842 0.289260 0.454535 0.270956 0.512658 0.256052 0.507965
1 0.267153 0.454418 0.286541 0.448358 0.304722 0.506520 0.285334 0.512580
5 0.296580 0.452201 0.330722 0.448211 0.337795 0.508737 0.303653 0.512726
1 0.338723 0.452164 0.358899 0.449809 0.365964 0.510336 0.345789 0.512691
1 0.382404 0.448354 0.401754 0.454532 0.383221 0.512583 0.363871 0.506405
1 0.373374 0.456688 0.396946 0.448357 0.417251 0.505812 0.393679 0.514143
1 0.418528 0.448368 0.437989 0.454186 0.420534 0.512570 0.401073 0.506752
1 0.411813 0.455515 0.430829 0.448374 0.452250 0.505423 0.433234 0.512563
1 0.457650 0.449871 0.472480 0.454792 0.453288 0.512629 0.438458 0.507708
1 0.449243 0.454376 0.468644 0.448359 0.486694 0.506562 0.467293 0.512579
1 0.495792 0.448417 0.514615 0.456052 0.491708 0.512521 0.472885 0.504885
1 0.486876 0.454854 0.506120 0.448352 0.525624 0.506084 0.506380 0.512585
1 0.526464 0.448407 0.550234 0.456155 0.531348 0.514093 0.507579 0.506345
1 0.521159 0.455209 0.541847 0.448099 0.561653 0.505728 0.540966 0.512838
1 0.568383 0.449917 0.583120 0.455110 0.562867 0.512583 0.548130 0.507390
1 0.556183 0.457090 0.574911 0.449225 0.598505 0.505410 0.579777 0.513275
7 0.574913 0.455383 0.635242 0.446788 0.643837 0.507117 0.583508 0.515712
1 0.632620 0.450688 0.654458 0.449415 0.658005 0.510249 0.636167 0.511522
1 0.673890 0.449814 0.694068 0.452154 0.687047 0.512686 0.666870 0.510346
1 0.712422 0.448104 0.732845 0.455940 0.711016 0.512834 0.690592 0.504997
1 0.702839 0.457284 0.721495 0.449249 0.745599 0.505216 0.726943 0.513251
1 0.751922 0.449323 0.770382 0.457799 0.744953 0.513177 0.726493 0.504701
1 0.741831 0.454904 0.756393 0.449240 0.778482 0.506033 0.763919 0.511697
1 0.785862 0.448360 0.804986 0.455205 0.784451 0.512578 0.765326 0.505733
1 0.781225 0.454923 0.796016 0.449889 0.815650 0.507577 0.800859 0.512611
5 0.817546 0.449329 0.840938 0.450789 0.837141 0.511609 0.813749 0.510148
1 0.129516 0.370183 0.144347 0.375100 0.125172 0.432942 0.110340 0.428025
1 0.118378 0.376186 0.143824 0.368564 0.161309 0.426939 0.135864 0.434561
1 0.163938 0.368665 0.183233 0.375013 0.164187 0.432898 0.144892 0.426550
1 0.153957 0.377196 0.179027 0.368416 0.199168 0.425929 0.174098 0.434709
8 0.193279 0.372181 0.213502 0.370275 0.219221 0.430944 0.198998 0.432850
1 0.238016 0.368691 0.257011 0.375887 0.235421 0.432872 0.216426 0.425675
1 0.231210 0.375556 0.245666 0.369627 0.268790 0.426006 0.254334 0.431936
1 0.273153 0.368668 0.292321 0.375389 0.272160 0.432894 0.252991 0.426174
1 0.263327 0.376903 0.286935 0.368677 0.306985 0.426222 0.283377 0.434448
1 0.312451 0.368700 0.331397 0.376024 0.309424 0.432862 0.290478 0.425538
1 0.304332 0.374965 0.323643 0.368665 0.342543 0.426597 0.323232 0.432897
1 0.347035 0.368678 0.366109 0.375664 0.345152 0.432884 0.326079 0.425899
1 0.337367 0.376655 0.362642 0.368486 0.381383 0.426470 0.356108 0.434639
5 0.369544 0.372532 0.403814 0.369843 0.408581 0.430593 0.374311 0.433282
1 0.419719 0.368670 0.439105 0.374736 0.420906 0.432893 0.401520 0.426826
1 0.412235 0.376122 0.431146 0.368708 0.453390 0.425440 0.434479 0.432855
1 0.457189 0.369952 0.473453 0.375510 0.453748 0.433173 0.437484 0.427615
1 0.449219 0.375285 0.468423 0.368666 0.488281 0.426277 0.469077 0.432896
1 0.493961 0.368665 0.513189 0.375215 0.493539 0.432897 0.474311 0.426347
1 0.486895 0.375152 0.506143 0.368665 0.525605 0.426411 0.506357 0.432898
8 0.521745 0.372752 0.541870 0.369998 0.550130 0.430373 0.530005 0.433127
5 0.551298 0.372491 0.585445 0.368538 0.592452 0.429072 0.558305 0.433024
1 0.606604 0.369617 0.621075 0.375512 0.598083 0.431946 0.583613 0.426050
1 0.596233 0.375179 0.615473 0.368665 0.635017 0.426383 0.615777 0.432898
1 0.638876 0.368670 0.658024 0.375449 0.637687 0.432893 0.618539 0.426114
1 0.629169 0.377001 0.654314 0.368439 0.673956 0.426124 0.648811 0.434686
5 0.669849 0.370495 0.693284 0.370137 0.694213 0.431068 0.670778 0.431425
1 0.715069 0.370287 0.729705 0.375758 0.708368 0.432838 0.693732 0.427367
1 0.703101 0.376965 0.726686 0.368672 0.746899 0.426160 0.723314 0.434453
0 0.739087 0.370300 0.770337 0.370325 0.770288 0.431263 0.739038 0.431237
1 0.773316 0.372898 0.799520 0.368549 0.809497 0.428664 0.783293 0.433013
1 0.820181 0.368677 0.839626 0.374550 0.822007 0.432885 0.802562 0.427012
1 0.815560 0.375791 0.830186 0.370293 0.851628 0.427334 0.837002 0.432832
1 0.859261 0.368665 0.878554 0.375019 0.859489 0.432898 0.840196 0.426543
1 0.851531 0.375310 0.870726 0.368666 0.890657 0.426252 0.871461 0.432896
1 0.075048 0.289889 0.089575 0.295642 0.067140 0.352299 0.052612 0.346546
1 0.065324 0.295237 0.084648 0.288978 0.103426 0.346950 0.084102 0.353209
1 0.099890 0.291410 0.126411 0.289934 0.129798 0.350777 0.103276 0.352254
1 0.148618 0.290595 0.163262 0.296045 0.142007 0.353155 0.127363 0.347705
1 0.138585 0.294802 0.158049 0.288993 0.175477 0.347385 0.156013 0.353194
8 0.175958 0.291435 0.196217 0.289973 0.200605 0.350752 0.180345 0.352215
1 0.218235 0.290219 0.234737 0.295023 0.217703 0.353531 0.201201 0.348727
1 0.211741 0.295581 0.230950 0.288978 0.250759 0.346606 0.231550 0.353209
1 0.256555 0.289031 0.275419 0.296564 0.252820 0.353156 0.233956 0.345623
1 0.249220 0.295811 0.265487 0.290263 0.285155 0.347939 0.268888 0.353487
1 0.292323 0.288990 0.311402 0.295961 0.290490 0.353198 0.271411 0.346227
1 0.283896 0.295972 0.302971 0.288990 0.323917 0.346215 0.304842 0.353197
1 0.328074 0.288977 0.347354 0.295370 0.328176 0.353211 0.308896 0.346818
1 0.321612 0.295209 0.340946 0.288978 0.359638 0.346978 0.340304 0.353209
1 0.367155 0.289013 0.386097 0.296347 0.364095 0.353174 0.345153 0.345840
1 0.357720 0.295669 0.376899 0.288980 0.396968 0.346518 0.377788 0.353208
1 0.401273 0.288978 0.420600 0.295227 0.401852 0.353209 0.382525 0.346960
1 0.396281 0.295929 0.410960 0.290574 0.431844 0.347821 0.417165 0.353176
1 0.437624 0.288977 0.456869 0.295475 0.437376 0.353210 0.418131 0.346713
1 0.430964 0.296011 0.447169 0.290284 0.467474 0.347739 0.451268 0.353466
1 0.472327 0.288996 0.495963 0.297141 0.476111 0.354754 0.452475 0.346609
1 0.465550 0.296916 0.490845 0.288806 0.509450 0.346834 0.484155 0.354944
7 0.499438 0.292593 0.530609 0.290373 0.534937 0.351157 0.503766 0.353377
1 0.544303 0.290179 0.566157 0.291129 0.563510 0.352009 0.541655 0.351059
1 0.583209 0.290451 0.603390 0.292755 0.596478 0.353299 0.576297 0.350995
1 0.622065 0.289025 0.640956 0.296490 0.618560 0.353163 0.599669 0.345698
1 0.616896 0.294745 0.631914 0.290433 0.648729 0.349005 0.633711 0.353317
1 0.651430 0.291243 0.671711 0.290103 0.675132 0.350944 0.654852 0.352085
1 0.695486 0.289857 0.714193 0.297771 0.690452 0.353893 0.671744 0.345979
1 0.687232 0.295213 0.706565 0.288978 0.725268 0.346975 0.705935 0.353209
1 0.731809 0.288947 0.754774 0.298826 0.730691 0.354803 0.707726 0.344924
1 0.723126 0.295840 0.742247 0.288985 0.762811 0.346348 0.743690 0.353203
1 0.767024 0.288722 0.787649 0.296008 0.767351 0.353466 0.746726 0.346179
1 0.760638 0.295236 0.779963 0.288978 0.798737 0.346951 0.779412 0.353209
1 0.803429 0.288978 0.822638 0.295584 0.802821 0.353209 0.783612 0.346603
1 0.796585 0.295481 0.811163 0.289855 0.833102 0.346707 0.818525 0.352332
0 0.795925 0.290407 0.897468 0.292417 0.896262 0.353343 0.794720 0.351333
7 0.851728 0.290460 0.912665 0.290790 0.912335 0.351727 0.851398 0.351397
7 0.894471 0.288665 0.950573 0.292745 0.946154 0.353522 0.890052 0.349442
1 0.018918 0.209303 0.037990 0.216293 0.017020 0.273509 0.000000 0.266519
1 0.009127 0.216102 0.028266 0.209296 0.048685 0.266710 0.029547 0.273517
1 0.054369 0.209291 0.073702 0.215523 0.055006 0.273522 0.035673 0.267290
1 0.047796 0.216578 0.063921 0.210628 0.085016 0.267797 0.068891 0.273747
1 0.093105 0.210831 0.107888 0.215893 0.088145 0.273544 0.073362 0.268482
1 0.084098 0.215532 0.103427 0.209291 0.122152 0.267280 0.102823 0.273522
0 0.083402 0.208696 0.187991 0.213236 0.185348 0.274116 0.080759 0.269577
0 0.120144 0.205973 0.225728 0.217846 0.218919 0.278402 0.113334 0.266529
0 0.189025 0.211371 0.220264 0.210526 0.221912 0.271441 0.190674 0.272286
1 0.237501 0.209289 0.256771 0.215713 0.237499 0.273523 0.218229 0.267099
1 0.230744 0.216480 0.246900 0.210615 0.267693 0.267895 0.251538 0.273760
1 0.273288 0.209296 0.292428 0.216097 0.272024 0.273517 0.252884 0.266716
1 0.267064 0.216209 0.283305 0.210584 0.303249 0.268166 0.287008 0.273791
1 0.307465 0.209146 0.328596 0.214799 0.312848 0.273667 0.291716 0.268013
1 0.303013 0.215997 0.322187 0.209293 0.342299 0.266816 0.323125 0.273520
1 0.346802 0.209034 0.367407 0.216378 0.346948 0.273779 0.326343 0.266434
1 0.341455 0.216090 0.357732 0.210573 0.377295 0.268285 0.361018 0.273802
1 0.385693 0.210865 0.400409 0.216116 0.379932 0.273510 0.365216 0.268259
1 0.375819 0.215561 0.396707 0.209064 0.414806 0.267252 0.393918 0.273749
1 0.420636 0.209291 0.439840 0.215908 0.419989 0.273522 0.400785 0.266905
1 0.411824 0.216759 0.432292 0.209038 0.453801 0.266053 0.433333 0.273774
7 0.435825 0.214509 0.482410 0.209305 0.489175 0.269866 0.442590 0.275070
0 0.423127 0.212512 0.576243 0.210929 0.576873 0.271863 0.423757 0.273446
1 0.534111 0.210264 0.548550 0.216235 0.525264 0.272548 0.510825 0.266577
1 0.524278 0.214747 0.543855 0.209333 0.560097 0.268066 0.540520 0.273480
1 0.562393 0.209346 0.586165 0.217087 0.567294 0.275029 0.543523 0.267288
1 0.558797 0.215756 0.578053 0.209289 0.597453 0.267056 0.578197 0.273523
1 0.605262 0.209361 0.624062 0.217052 0.600988 0.273452 0.582188 0.265761
1 0.593462 0.217100 0.613803 0.209051 0.636225 0.265713 0.615885 0.273762
1 0.638949 0.210537 0.655389 0.215551 0.637613 0.273838 0.621173 0.268824
1 0.633981 0.216106 0.648700 0.210864 0.669144 0.268269 0.654425 0.273511
1 0.677991 0.210811 0.692816 0.215745 0.673572 0.273564 0.658746 0.268630
1 0.668572 0.216048 0.687728 0.209294 0.707991 0.266764 0.688834 0.273518
5 0.707914 0.210349 0.731317 0.211615 0.728024 0.272464 0.704620 0.271197
1 0.749343 0.210778 0.764249 0.215465 0.745969 0.273597 0.731064 0.268910
1 0.738905 0.217709 0.762445 0.209289 0.782970 0.266666 0.759430 0.275086
1 0.785829 0.210537 0.802268 0.215553 0.784483 0.273838 0.768044 0.268822
1 0.779185 0.215700 0.798459 0.209289 0.817690 0.267113 0.798416 0.273523
1 0.822042 0.209303 0.841114 0.216293 0.820145 0.273509 0.801073 0.266519
1 0.817037 0.215443 0.831949 0.210776 0.850150 0.268932 0.835239 0.273599
0 0.815184 0.205566 0.920855 0.216641 0.914504 0.277246 0.808832 0.266172
1 0.895109 0.209295 0.914260 0.216064 0.893954 0.273518 0.874802 0.266749
1 0.886733 0.216884 0.910578 0.209371 0.928892 0.267491 0.905047 0.275004
8 0.928239 0.210429 0.948521 0.211537 0.945199 0.272383 0.924916 0.271276
1 0.967270 0.209288 0.990802 0.217727 0.970230 0.275087 0.946698 0.266648
1 0.961967 0.215722 0.981234 0.209289 1.000000 0.267090 0.981266 0.273523
0 0.000000 0.270374 0.022926 0.268712 0.023908 0.289001 0.000000 0.290663
0 0.026102 0.268976 0.035467 0.268546 0.036398 0.288837 0.027033 0.289267
0 0.051941 0.268584 0.061310 0.268930 0.060559 0.289229 0.051190 0.288882
0 0.049317 0.266808 0.099161 0.270755 0.097558 0.291005 0.047714 0.287057
0 0.093566 0.269254 0.102897 0.268343 0.104871 0.288559 0.095540 0.289470
0 0.099393 0.270637 0.133699 0.268466 0.134982 0.288738 0.100676 0.290909
0 0.129166 0.272160 0.163169 0.267122 0.166147 0.287215 0.132143 0.292253
0 0.158737 0.270698 0.193036 0.268409 0.194388 0.288677 0.160089 0.290966
0 0.196302 0.269492 0.205588 0.268201 0.208385 0.288320 0.199100 0.289611
0 0.218840 0.265428 0.252043 0.274327 0.246785 0.293947 0.213582 0.285048
0 0.236599 0.268487 0.270908 0.270615 0.269651 0.290888 0.235342 0.288760
0 0.262528 0.268703 0.296903 0.268797 0.296847 0.289110 0.262472 0.289015
0 0.293000 0.268492 0.321043 0.270629 0.319500 0.290883 0.291457 0.288746
0 0.318786 0.268690 0.353161 0.268811 0.353089 0.289123 0.318714 0.289002
0 0.348895 0.268145 0.376993 0.269375 0.376105 0.289668 0.348007 0.288438
0 0.363450 0.270412 0.413342 0.267132 0.414675 0.287400 0.364783 0.290681
0 0.394617 0.270814 0.428900 0.268303 0.430383 0.288561 0.396100 0.291072
0 0.422996 0.271184 0.457051 0.266505 0.459816 0.286629 0.425761 0.291307
0 0.468134 0.269058 0.477491 0.268481 0.478741 0.288755 0.469384 0.289332
0 0.475573 0.268221 0.525503 0.270870 0.524427 0.291154 0.474497 0.288505
0 0.508071 0.268325 0.542435 0.269181 0.541929 0.289487 0.507565 0.288631
0 0.547708 0.269120 0.557058 0.268435 0.558542 0.288693 0.549192 0.289378
0 0.560138 0.268234 0.597545 0.270879 0.596112 0.291141 0.558705 0.288496
0 0.589712 0.267018 0.617601 0.270653 0.614976 0.290795 0.587087 0.287160
0 0.603426 0.268257 0.637787 0.269252 0.637199 0.289556 0.602838 0.288561
0 0.614037 0.268812 0.664037 0.268688 0.664088 0.289000 0.614088 0.289125
0 0.649694 0.269336 0.687176 0.268174 0.687806 0.288477 0.650324 0.289639
0 0.693185 0.269031 0.702545 0.268502 0.703690 0.288782 0.694330 0.289311
0 0.713581 0.266893 0.747506 0.272435 0.744232 0.292482 0.710306 0.286940
0 0.754906 0.268346 0.764238 0.269249 0.762281 0.289467 0.752950 0.288564
0 0.770526 0.268398 0.804893 0.269107 0.804474 0.289415 0.770107 0.288706
0 0.786690 0.268355 0.820980 0.270758 0.819560 0.291020 0.785270 0.288617
0 0.811504 0.266755 0.845629 0.270893 0.843184 0.291058 0.809059 0.286919
0 0.826279 0.269292 0.863763 0.268216 0.864346 0.288520 0.826862 0.289597
0 0.855787 0.270746 0.883653 0.266941 0.886401 0.287067 0.858534 0.290871
0 0.886318 0.268132 0.920670 0.269381 0.919932 0.289681 0.885580 0.288431
0 0.915696 0.268631 0.950070 0.268870 0.949929 0.289182 0.915555 0.288943
0 0.931217 0.268831 0.981217 0.268669 0.981283 0.288981 0.931283 0.289143
0 0.955329 0.268428 0.992761 0.270671 0.991546 0.290947 0.954114 0.288704
3 0.006898 0.451141 0.036572 0.452027 0.033727 0.547297 0.004053 0.546411
3 0.951539 0.428686 0.993565 0.424996 1.000000 0.569752 0.964248 0.573441
6 0.962991 0.724531 0.983281 0.725491 0.982321 0.745781 0.962031 0.744821
