1 0.047966 0.049816 0.070397 0.060855 0.037972 0.126746 0.015541 0.115708
1 0.037348 0.059779 0.055860 0.051418 0.086089 0.118346 0.067577 0.126707
0 0.029591 0.102582 0.071285 0.096148 0.075097 0.120856 0.033403 0.127289
1 0.106934 0.051178 0.123776 0.059418 0.091504 0.125384 0.074661 0.117145
1 0.090180 0.060851 0.114158 0.049421 0.145757 0.115712 0.121780 0.127142
1 0.158482 0.049557 0.181646 0.058963 0.154018 0.127005 0.130854 0.117600
1 0.148149 0.060673 0.169415 0.050820 0.200288 0.117452 0.179023 0.127305
0 0.144153 0.099344 0.186320 0.100668 0.185535 0.125656 0.143368 0.124332
1 0.220140 0.051126 0.238036 0.060735 0.203298 0.125436 0.185401 0.115828
1 0.202511 0.061847 0.226071 0.049579 0.259989 0.114715 0.236429 0.126983
0 0.199783 0.100387 0.243527 0.099617 0.243967 0.124613 0.200223 0.125383
1 0.272631 0.050802 0.293933 0.060577 0.263306 0.127323 0.242004 0.117548
1 0.260919 0.060250 0.278991 0.050976 0.312519 0.116313 0.294447 0.125587
0 0.255917 0.102108 0.297905 0.098010 0.300333 0.122892 0.258345 0.126990
1 0.325418 0.049495 0.348996 0.057807 0.324582 0.127067 0.301004 0.118756
1 0.311883 0.064041 0.339445 0.049313 0.374055 0.114084 0.346493 0.128812
0 0.310359 0.101976 0.353784 0.096648 0.356828 0.121462 0.313404 0.126790
1 0.389596 0.051315 0.406295 0.059840 0.372904 0.125248 0.356205 0.116722
1 0.378946 0.057044 0.396776 0.051245 0.419492 0.121081 0.401661 0.126880
0 0.357424 0.103457 0.419557 0.096690 0.422263 0.121543 0.360131 0.128310
1 0.437781 0.049508 0.461217 0.058209 0.435657 0.127055 0.412220 0.118353
1 0.426373 0.060971 0.454973 0.048379 0.484565 0.115591 0.455964 0.128183
1 0.497492 0.049920 0.519023 0.059180 0.490008 0.126643 0.468477 0.117383
1 0.485178 0.060749 0.507651 0.049797 0.539822 0.115813 0.517349 0.126765
0 0.499238 0.098295 0.511532 0.100555 0.507012 0.125143 0.494718 0.122883
1 0.555296 0.050875 0.572485 0.058367 0.543141 0.125687 0.525953 0.118195
1 0.543504 0.058182 0.566950 0.049507 0.592434 0.118381 0.568987 0.127056
0 0.537956 0.099260 0.580117 0.100755 0.579231 0.125740 0.537070 0.124245
1 0.611643 0.051469 0.630084 0.059985 0.599294 0.126656 0.580853 0.118140
1 0.596762 0.060086 0.625738 0.048383 0.653238 0.116477 0.624262 0.128179
0 0.598542 0.099857 0.632916 0.100144 0.632708 0.125143 0.598334 0.124856
1 0.660754 0.048388 0.689796 0.059925 0.662684 0.128175 0.633641 0.116637
1 0.658648 0.058644 0.675997 0.051532 0.703852 0.119481 0.686503 0.126593
0 0.649676 0.100564 0.691849 0.099445 0.692512 0.124436 0.650339 0.125555
1 0.715890 0.049260 0.745448 0.059404 0.721610 0.128865 0.692052 0.118721
1 0.712381 0.058726 0.735631 0.049538 0.762619 0.117837 0.739369 0.127024
0 0.707109 0.097871 0.749207 0.100620 0.747578 0.125567 0.705480 0.122818
1 0.783787 0.051211 0.801588 0.060996 0.766213 0.125351 0.748412 0.115567
1 0.768429 0.058558 0.793302 0.049237 0.819071 0.118005 0.794198 0.127326
0 0.762470 0.100703 0.804557 0.097794 0.806280 0.122735 0.764193 0.125643
1 0.838646 0.051146 0.860082 0.064011 0.822292 0.126979 0.800856 0.114114
1 0.824251 0.058260 0.849233 0.049234 0.874187 0.118302 0.849205 0.127328
0 0.823370 0.100094 0.857744 0.099907 0.857880 0.124906 0.823506 0.125093
0 0.043101 0.132510 0.082189 0.121442 0.088149 0.142490 0.049061 0.153558
0 0.089776 0.125935 0.100617 0.127382 0.097724 0.149065 0.086883 0.147618
0 0.114559 0.124231 0.144070 0.127461 0.141691 0.149206 0.112180 0.145977
0 0.149846 0.127083 0.160742 0.126126 0.162654 0.147917 0.151758 0.148874
0 0.158726 0.129008 0.198875 0.122811 0.202212 0.144430 0.162062 0.150627
0 0.182092 0.130784 0.235919 0.121123 0.239783 0.142654 0.185956 0.152315
0 0.226324 0.126982 0.263815 0.126148 0.264301 0.148018 0.226810 0.148852
0 0.264639 0.126293 0.275562 0.126862 0.274423 0.148707 0.263501 0.148138
0 0.270491 0.121496 0.306306 0.132612 0.299821 0.153504 0.264007 0.142388
0 0.298503 0.126456 0.334439 0.126669 0.334310 0.148544 0.298373 0.148331
0 0.338438 0.126898 0.349357 0.126264 0.350625 0.148102 0.339705 0.148736
0 0.353388 0.124942 0.390740 0.128270 0.388799 0.150058 0.351447 0.146730
0 0.368363 0.128766 0.404048 0.124513 0.406637 0.146234 0.370952 0.150487
0 0.387436 0.126682 0.428061 0.126444 0.428189 0.148318 0.387564 0.148556
0 0.429245 0.122860 0.458246 0.129209 0.453567 0.150578 0.424567 0.144229
0 0.460946 0.126558 0.471884 0.126567 0.471866 0.148442 0.460929 0.148433
0 0.480767 0.131024 0.515726 0.122696 0.520796 0.143976 0.485836 0.152304
0 0.498048 0.121795 0.552115 0.130016 0.548827 0.151642 0.494760 0.143422
0 0.526161 0.122824 0.555143 0.129259 0.550401 0.150614 0.521420 0.144179
0 0.540423 0.120258 0.593880 0.131796 0.589264 0.153179 0.535808 0.141641
0 0.577623 0.127278 0.607278 0.125871 0.608314 0.147722 0.578660 0.149129
0 0.609012 0.126752 0.619944 0.126386 0.620675 0.148248 0.609744 0.148614
0 0.617736 0.122778 0.654700 0.129097 0.651014 0.150660 0.614050 0.144340
0 0.664210 0.125864 0.675022 0.127511 0.671728 0.149136 0.660915 0.147489
0 0.685068 0.124444 0.720735 0.128845 0.718057 0.150556 0.682390 0.146155
0 0.719815 0.124422 0.749154 0.128960 0.745810 0.150578 0.716471 0.146040
0 0.728089 0.128998 0.763502 0.122883 0.767224 0.144439 0.731810 0.150554
0 0.758749 0.123362 0.794329 0.128419 0.791251 0.150076 0.755671 0.145019
0 0.781537 0.124975 0.817326 0.128240 0.815338 0.150025 0.779549 0.146760
0 0.802958 0.128298 0.838737 0.124923 0.840792 0.146702 0.805013 0.150077
0 0.826357 0.130414 0.863143 0.123128 0.867393 0.144586 0.830607 0.151872
0 0.844905 0.128811 0.880580 0.124474 0.883220 0.146189 0.847545 0.150526
0 0.868471 0.128534 0.904205 0.124715 0.906529 0.146466 0.870795 0.150285
0 0.885141 0.123293 0.939416 0.129997 0.936734 0.151707 0.882459 0.145003
0 0.913554 0.122904 0.953735 0.128897 0.950508 0.150533 0.910328 0.144540
1 0.078608 0.148257 0.101655 0.161464 0.065142 0.225181 0.042095 0.211974
1 0.063400 0.157989 0.087898 0.147720 0.116287 0.215449 0.091790 0.225717
1 0.130143 0.148032 0.153166 0.157775 0.124545 0.225406 0.101521 0.215662
1 0.118744 0.160014 0.140881 0.148397 0.175006 0.213424 0.152869 0.225041
0 0.115434 0.200246 0.157474 0.196717 0.159566 0.221629 0.117526 0.225158
1 0.186557 0.148237 0.208446 0.156616 0.182193 0.225200 0.160304 0.216822
1 0.179064 0.157440 0.196045 0.149489 0.227186 0.215997 0.210205 0.223948
1 0.240943 0.147687 0.265657 0.157422 0.238745 0.225750 0.214030 0.216016
1 0.230707 0.160893 0.251276 0.149658 0.286480 0.214107 0.265911 0.225342
0 0.227995 0.199274 0.268497 0.196114 0.270442 0.221038 0.229940 0.224198
1 0.299564 0.148024 0.322614 0.157702 0.294186 0.225414 0.271136 0.215736
1 0.288770 0.159852 0.309751 0.149407 0.342480 0.215148 0.321499 0.225593
0 0.291857 0.195301 0.325560 0.202062 0.320643 0.226574 0.286940 0.219813
1 0.352043 0.147909 0.379860 0.158280 0.354207 0.227091 0.326390 0.216720
1 0.347947 0.157331 0.364964 0.149458 0.395803 0.216106 0.378786 0.223980
0 0.356318 0.198404 0.368818 0.198472 0.368682 0.223471 0.356182 0.223403
1 0.411034 0.147970 0.437820 0.160771 0.406154 0.227030 0.379368 0.214229
1 0.404386 0.157178 0.421453 0.149414 0.451864 0.216259 0.434797 0.224023
0 0.396291 0.200318 0.438164 0.195180 0.441209 0.219994 0.399336 0.225132
1 0.467557 0.147979 0.490792 0.157204 0.463693 0.225459 0.440458 0.216233
1 0.454039 0.161200 0.477202 0.148199 0.513148 0.212237 0.489985 0.225239
0 0.454239 0.194711 0.499137 0.200831 0.495761 0.225602 0.450863 0.219482
1 0.528715 0.149468 0.550337 0.162018 0.513473 0.225532 0.491851 0.212982
1 0.516592 0.156273 0.540160 0.147933 0.564658 0.217164 0.541090 0.225504
1 0.582944 0.148231 0.605426 0.159165 0.573306 0.225206 0.550824 0.214272
1 0.569998 0.158022 0.592927 0.148060 0.622190 0.215416 0.599260 0.225377
0 0.554337 0.201761 0.616497 0.195250 0.619101 0.220114 0.556941 0.226625
1 0.636571 0.148045 0.659549 0.157895 0.630616 0.225392 0.607638 0.215543
1 0.629242 0.157295 0.646271 0.149447 0.677008 0.216142 0.659979 0.223990
0 0.639187 0.197728 0.651580 0.199362 0.648313 0.224147 0.635920 0.222513
1 0.688921 0.147683 0.714106 0.156125 0.690767 0.225755 0.665581 0.217313
1 0.682739 0.158737 0.700793 0.149428 0.734448 0.214700 0.716394 0.224009
0 0.676137 0.202074 0.719078 0.193701 0.723863 0.218238 0.680922 0.226612
1 0.745198 0.148212 0.767815 0.154360 0.748552 0.225226 0.725935 0.219078
1 0.735537 0.162091 0.757127 0.149487 0.794151 0.212909 0.772560 0.225513
0 0.735296 0.194974 0.780267 0.200527 0.777204 0.225339 0.732233 0.219785
1 0.810097 0.149469 0.827101 0.157371 0.796153 0.223968 0.779149 0.216067
1 0.793281 0.159313 0.817248 0.147862 0.848907 0.214125 0.824939 0.225576
0 0.790281 0.199037 0.832452 0.197848 0.833156 0.222838 0.790986 0.224027
1 0.862160 0.148095 0.884985 0.158293 0.855027 0.225343 0.832202 0.215144
1 0.854098 0.156268 0.877668 0.147933 0.902152 0.217169 0.878582 0.225504
0 0.849031 0.196365 0.891001 0.200639 0.888469 0.225510 0.846499 0.221236
1 0.050576 0.247879 0.067611 0.255714 0.036924 0.322433 0.019889 0.314598
1 0.033773 0.259875 0.055642 0.247761 0.091227 0.312000 0.069358 0.324114
0 0.046309 0.297175 0.058796 0.296602 0.059941 0.321575 0.047454 0.322148
1 0.103811 0.246556 0.126571 0.256899 0.096189 0.323757 0.073429 0.313414
1 0.093719 0.255526 0.116997 0.246408 0.143781 0.314787 0.120503 0.323905
1 0.157876 0.246647 0.179884 0.254709 0.154624 0.323665 0.132616 0.315604
1 0.147789 0.256766 0.170601 0.246537 0.200648 0.313546 0.177837 0.323775
0 0.141642 0.298878 0.186633 0.293487 0.189608 0.318309 0.144617 0.323700
1 0.220937 0.248078 0.242284 0.261090 0.204063 0.323797 0.182716 0.310785
1 0.201164 0.258070 0.229668 0.245259 0.259773 0.312242 0.231270 0.325053
0 0.201795 0.294579 0.242302 0.297682 0.240392 0.322609 0.199886 0.319506
1 0.272129 0.248068 0.290998 0.255588 0.263809 0.323807 0.244940 0.316287
1 0.262309 0.256576 0.280576 0.247693 0.312691 0.313736 0.294424 0.322619
1 0.327184 0.246727 0.348898 0.255550 0.321253 0.323585 0.299540 0.314763
1 0.318216 0.255958 0.341334 0.246443 0.369284 0.314354 0.346166 0.323869
1 0.384066 0.246535 0.406883 0.256752 0.376872 0.323777 0.354055 0.313561
1 0.376170 0.254551 0.399793 0.246369 0.423830 0.315761 0.400207 0.323944
0 0.366546 0.299003 0.409935 0.293391 0.413141 0.318185 0.369753 0.323796
1 0.441365 0.246561 0.464111 0.256936 0.433635 0.323751 0.410889 0.313377
1 0.426067 0.261576 0.447200 0.248220 0.486433 0.310299 0.465300 0.323655
0 0.427454 0.299166 0.461549 0.294788 0.464733 0.319584 0.430638 0.323962
1 0.496933 0.248047 0.515841 0.255470 0.489005 0.323828 0.470097 0.316405
1 0.486873 0.255689 0.508537 0.246744 0.536564 0.314623 0.514901 0.323568
0 0.485412 0.297632 0.519755 0.296142 0.520838 0.321118 0.486495 0.322608
1 0.554066 0.246582 0.576757 0.257075 0.545934 0.323731 0.523243 0.313237
1 0.542161 0.258033 0.563242 0.247790 0.595339 0.313842 0.574258 0.324085
0 0.527579 0.297557 0.590012 0.294658 0.591171 0.319631 0.528738 0.322530
1 0.606983 0.246398 0.630317 0.255372 0.603954 0.323915 0.580621 0.314940
1 0.599871 0.255931 0.621447 0.246777 0.650129 0.314382 0.628553 0.323536
0 0.593951 0.296542 0.636133 0.297211 0.635737 0.322208 0.593554 0.321539
1 0.662912 0.246370 0.686491 0.254678 0.662088 0.323942 0.638509 0.315635
1 0.654330 0.256498 0.677245 0.246502 0.706607 0.313815 0.683692 0.323810
0 0.651716 0.294637 0.693798 0.297613 0.692034 0.322551 0.649952 0.319574
1 0.720479 0.246695 0.742295 0.255260 0.715459 0.323618 0.693642 0.315053
1 0.713350 0.255322 0.730512 0.247771 0.760088 0.314990 0.742925 0.322541
0 0.710953 0.296854 0.745328 0.296896 0.745297 0.321896 0.710922 0.321854
1 0.773744 0.246371 0.797507 0.254138 0.774693 0.323941 0.750930 0.316175
1 0.768504 0.255709 0.791715 0.246422 0.818996 0.314604 0.795785 0.323891
1 0.834219 0.246550 0.856995 0.256857 0.826719 0.323763 0.803942 0.313456
1 0.822953 0.257729 0.844150 0.247729 0.875485 0.314146 0.854288 0.324146
1 0.074338 0.344942 0.097247 0.354949 0.067850 0.422246 0.044940 0.412238
1 0.065421 0.353460 0.088880 0.344818 0.114266 0.413728 0.090808 0.422370
1 0.129869 0.345133 0.151682 0.353706 0.124819 0.422054 0.103006 0.413481
1 0.116451 0.356878 0.144791 0.343710 0.175736 0.410309 0.147396 0.423477
0 0.115109 0.395446 0.157258 0.393639 0.158329 0.418616 0.116180 0.420423
1 0.184692 0.344562 0.209407 0.354296 0.182496 0.422625 0.157781 0.412891
1 0.177498 0.355494 0.195870 0.346832 0.227190 0.413256 0.208817 0.421918
0 0.171932 0.395217 0.214119 0.395408 0.214006 0.420408 0.171819 0.420217
1 0.244137 0.345211 0.265723 0.354342 0.237113 0.421977 0.215527 0.412846
1 0.230934 0.358000 0.252934 0.346125 0.287816 0.410750 0.265816 0.422625
1 0.299868 0.344990 0.322638 0.355311 0.292319 0.422198 0.269549 0.411876
1 0.288935 0.354381 0.313618 0.344566 0.340753 0.412807 0.316070 0.422621
0 0.297748 0.396163 0.310156 0.394646 0.313190 0.419462 0.300782 0.420979
1 0.355740 0.344695 0.379838 0.355868 0.348948 0.422493 0.324849 0.411319
1 0.344622 0.356360 0.365745 0.346204 0.397565 0.412390 0.376442 0.422546
0 0.330661 0.396117 0.393083 0.392977 0.394339 0.417945 0.331917 0.421085
1 0.413683 0.344785 0.437513 0.356521 0.405067 0.422402 0.381237 0.410667
1 0.396359 0.359228 0.423980 0.344612 0.458328 0.409522 0.430707 0.424138
1 0.469541 0.345250 0.491029 0.354607 0.461709 0.421938 0.440221 0.412580
1 0.455890 0.356446 0.478208 0.345181 0.511298 0.410742 0.488979 0.422006
0 0.453751 0.393530 0.495890 0.395562 0.494686 0.420533 0.452547 0.418501
1 0.520313 0.344814 0.544137 0.352392 0.521874 0.422374 0.498051 0.414795
1 0.513986 0.355400 0.536722 0.345003 0.567264 0.411788 0.544528 0.422185
1 0.584356 0.345309 0.606420 0.357063 0.571894 0.421878 0.549830 0.410125
1 0.569973 0.356032 0.591221 0.346141 0.622214 0.412718 0.600966 0.422609
0 0.565106 0.397045 0.607013 0.392184 0.609894 0.417017 0.567987 0.421879
1 0.639102 0.345095 0.661610 0.355975 0.629648 0.422093 0.607140 0.411212
1 0.627842 0.354178 0.651041 0.344862 0.678408 0.413009 0.655209 0.422326
1 0.694953 0.345294 0.716339 0.354882 0.686297 0.421893 0.664911 0.412305
1 0.684065 0.354524 0.705584 0.345237 0.734685 0.412663 0.713166 0.421950
0 0.694514 0.394653 0.706924 0.396153 0.703923 0.420972 0.691514 0.419472
1 0.750135 0.344904 0.776649 0.358258 0.743615 0.423846 0.717101 0.410492
1 0.741418 0.353804 0.758566 0.346221 0.788269 0.413383 0.771121 0.420967
0 0.750039 0.395293 0.762539 0.395332 0.762461 0.420332 0.749961 0.420293
1 0.809869 0.346302 0.826921 0.354099 0.796381 0.420886 0.779329 0.413088
1 0.793208 0.358246 0.815105 0.346182 0.850542 0.410504 0.828645 0.422568
0 0.792462 0.393682 0.834517 0.397021 0.832538 0.421943 0.790483 0.418604
1 0.864638 0.346643 0.883280 0.354711 0.854112 0.422107 0.835470 0.414039
1 0.854277 0.354054 0.873137 0.346511 0.900410 0.414696 0.881551 0.422239
1 0.050323 0.444585 0.072282 0.456536 0.037177 0.521040 0.015218 0.509089
1 0.035799 0.455016 0.056838 0.444687 0.089201 0.510609 0.068162 0.520938
0 0.034075 0.494609 0.068304 0.491435 0.070612 0.516328 0.036384 0.519502
1 0.106686 0.444605 0.128610 0.456621 0.093314 0.521020 0.071390 0.509004
1 0.090476 0.455100 0.114246 0.443245 0.147024 0.508962 0.123254 0.520818
0 0.085686 0.495838 0.130815 0.491763 0.133064 0.516662 0.087935 0.520737
1 0.158443 0.443305 0.181616 0.452687 0.154057 0.520757 0.130884 0.511376
1 0.147891 0.454289 0.170448 0.443511 0.202109 0.509773 0.179552 0.520551
1 0.213118 0.443248 0.236653 0.451681 0.211882 0.520814 0.188347 0.512382
1 0.204182 0.453158 0.228735 0.443023 0.256756 0.510904 0.232203 0.521040
0 0.191500 0.491753 0.253869 0.495799 0.252250 0.520747 0.189881 0.516701
1 0.272529 0.444540 0.293857 0.454258 0.263408 0.521085 0.242080 0.511367
1 0.260307 0.454372 0.282832 0.443525 0.314693 0.509691 0.292168 0.520537
1 0.325917 0.443280 0.349208 0.452366 0.322520 0.520782 0.299229 0.511697
1 0.316724 0.455332 0.337640 0.444756 0.370776 0.510293 0.349860 0.520869
0 0.310275 0.495930 0.353651 0.490222 0.356913 0.515008 0.313537 0.520716
1 0.388036 0.444623 0.409927 0.456695 0.374464 0.521002 0.352573 0.508930
1 0.368142 0.458782 0.395227 0.443194 0.431858 0.506843 0.404773 0.522431
1 0.436999 0.442129 0.465905 0.454003 0.438001 0.521933 0.409095 0.510059
1 0.430654 0.453905 0.449036 0.445262 0.480283 0.511720 0.461901 0.520363
0 0.427043 0.491832 0.469045 0.495778 0.466707 0.520668 0.424705 0.516722
1 0.498289 0.443510 0.520850 0.454280 0.489211 0.520553 0.466650 0.509782
1 0.485277 0.454039 0.509483 0.443101 0.539723 0.510023 0.515517 0.520961
0 0.481529 0.493291 0.523706 0.494215 0.523159 0.519209 0.480981 0.518285
1 0.551614 0.443522 0.573624 0.451576 0.548386 0.520541 0.526376 0.512486
1 0.543672 0.453468 0.562204 0.445154 0.592266 0.512157 0.573733 0.520471
1 0.608140 0.443289 0.631386 0.452490 0.604360 0.520773 0.581114 0.511573
1 0.598394 0.452391 0.628234 0.443110 0.650044 0.513234 0.620203 0.522515
0 0.601106 0.489949 0.634863 0.496438 0.630144 0.520989 0.596387 0.514499
1 0.667052 0.443251 0.690807 0.455136 0.657948 0.520812 0.634193 0.508926
1 0.654661 0.453075 0.677689 0.443343 0.706276 0.510988 0.683248 0.520720
1 0.721717 0.443097 0.745937 0.454004 0.715783 0.520965 0.691563 0.510058
1 0.711904 0.452887 0.735003 0.443324 0.763096 0.511175 0.739997 0.520739
0 0.705531 0.495945 0.747329 0.490224 0.750719 0.514993 0.708921 0.520714
1 0.777047 0.443297 0.800255 0.452592 0.772953 0.520765 0.749745 0.511471
1 0.768423 0.453158 0.785268 0.444925 0.817515 0.510904 0.800669 0.519137
0 0.762945 0.493028 0.805107 0.494487 0.804243 0.519472 0.762080 0.518013
1 0.832052 0.443275 0.855370 0.452291 0.828885 0.520787 0.805568 0.511771
1 0.823174 0.453288 0.846121 0.443367 0.875263 0.510775 0.852316 0.520695
0 0.818834 0.493610 0.861020 0.493891 0.860854 0.518890 0.818667 0.518609
0 0.044999 0.522453 0.082269 0.518306 0.084688 0.540047 0.047418 0.544194
0 0.064300 0.519915 0.101792 0.520715 0.101325 0.542585 0.063833 0.541785
0 0.080030 0.519746 0.117512 0.520889 0.116845 0.542754 0.079363 0.541611
0 0.093686 0.520473 0.148373 0.520153 0.148501 0.542027 0.093814 0.542347
0 0.123072 0.522808 0.152129 0.516719 0.156615 0.538129 0.127559 0.544218
0 0.138874 0.520641 0.176369 0.519987 0.176751 0.541859 0.139256 0.542513
0 0.156933 0.517166 0.197263 0.522056 0.194630 0.543772 0.154300 0.538882
0 0.177990 0.521983 0.213781 0.518732 0.215760 0.540517 0.179969 0.543768
0 0.197201 0.518603 0.234536 0.522118 0.232486 0.543897 0.195151 0.540382
0 0.229546 0.520579 0.270168 0.520048 0.270454 0.541921 0.229832 0.542452
0 0.266467 0.521203 0.277293 0.519645 0.280408 0.541297 0.269582 0.542855
0 0.287096 0.524535 0.322153 0.516627 0.326966 0.537965 0.291910 0.545873
0 0.303919 0.522780 0.340903 0.516583 0.344518 0.538157 0.307534 0.544354
0 0.332648 0.523861 0.367954 0.517149 0.372039 0.538639 0.336734 0.545351
0 0.355087 0.519601 0.395686 0.521037 0.394913 0.542899 0.354314 0.541463
0 0.388509 0.522109 0.424104 0.517162 0.427116 0.538828 0.391521 0.543776
0 0.418011 0.520849 0.453856 0.518270 0.455426 0.540088 0.419581 0.542668
0 0.443371 0.522095 0.472861 0.518676 0.475379 0.540405 0.445889 0.543824
0 0.460345 0.516969 0.497462 0.522317 0.494343 0.543968 0.457226 0.538621
0 0.479228 0.522236 0.508687 0.518558 0.511397 0.540264 0.481938 0.543942
0 0.521815 0.521288 0.532621 0.519599 0.535998 0.541212 0.525191 0.542901
0 0.542148 0.520377 0.578086 0.520248 0.578164 0.542123 0.542227 0.542252
0 0.569353 0.518226 0.606603 0.522544 0.604085 0.544274 0.566834 0.539956
0 0.586915 0.524091 0.615777 0.517142 0.620898 0.538409 0.592035 0.545358
0 0.609111 0.522251 0.644852 0.518494 0.647139 0.540249 0.611398 0.544006
0 0.643975 0.519589 0.654776 0.521308 0.651338 0.542911 0.640536 0.541192
0 0.658202 0.519670 0.695680 0.520968 0.694923 0.542830 0.657445 0.541532
0 0.677908 0.521034 0.707454 0.518133 0.709592 0.539903 0.680046 0.542804
0 0.699834 0.520589 0.735768 0.520038 0.736103 0.541911 0.700170 0.542462
0 0.735914 0.513567 0.769203 0.527108 0.760961 0.547371 0.727672 0.533829
0 0.752551 0.522286 0.789675 0.516995 0.792762 0.538651 0.755637 0.543942
0 0.763116 0.518103 0.817727 0.520990 0.816572 0.542835 0.761961 0.539947
0 0.793634 0.522173 0.834097 0.518540 0.836053 0.540327 0.795591 0.543960
0 0.814033 0.520368 0.854658 0.520257 0.854717 0.542132 0.814092 0.542243
0 0.835541 0.527531 0.888089 0.512387 0.894147 0.533407 0.841598 0.548551
0 0.886153 0.520208 0.897088 0.520422 0.896660 0.542292 0.885725 0.542078
0 0.908231 0.518550 0.943984 0.522188 0.941769 0.543950 0.906016 0.540312
1 0.076832 0.543587 0.095370 0.551889 0.065356 0.618913 0.046817 0.610611
1 0.065425 0.550982 0.088650 0.541731 0.115825 0.609956 0.092600 0.619207
0 0.063897 0.592419 0.098269 0.591959 0.098603 0.616956 0.064231 0.617416
1 0.132931 0.541980 0.155417 0.552906 0.123319 0.618958 0.100833 0.608031
1 0.118001 0.553723 0.140154 0.542138 0.174187 0.607214 0.152033 0.618799
0 0.115261 0.596068 0.155216 0.588719 0.159739 0.613307 0.119784 0.620656
1 0.186160 0.541722 0.209431 0.550859 0.182590 0.619216 0.159319 0.610078
1 0.176030 0.552713 0.198593 0.541946 0.230220 0.608225 0.207657 0.618991
1 0.243691 0.543347 0.262621 0.550711 0.235997 0.619153 0.217066 0.611789
1 0.232282 0.551618 0.256826 0.541462 0.284905 0.609319 0.260361 0.619476
1 0.303368 0.543132 0.320472 0.550815 0.290382 0.617805 0.273278 0.610123
1 0.290282 0.550814 0.318553 0.541753 0.340968 0.611686 0.312697 0.620747
1 0.355123 0.541780 0.378151 0.551512 0.349565 0.619157 0.326537 0.609426
1 0.347789 0.551732 0.366381 0.543551 0.395961 0.610768 0.377369 0.618949
1 0.414502 0.543499 0.433173 0.551500 0.404248 0.619001 0.385577 0.611000
1 0.401077 0.552667 0.423658 0.541939 0.455173 0.608271 0.432592 0.618999
0 0.396340 0.592356 0.438486 0.590481 0.439597 0.615456 0.397451 0.617331
1 0.468971 0.543300 0.487997 0.550413 0.462279 0.619200 0.443253 0.612087
1 0.457679 0.551608 0.480671 0.541791 0.509508 0.609330 0.486517 0.619147
0 0.443865 0.591904 0.506362 0.592472 0.506135 0.617471 0.443638 0.616903
1 0.524935 0.543276 0.544014 0.550246 0.518815 0.619224 0.499736 0.612254
1 0.513842 0.552055 0.538216 0.541496 0.567408 0.608882 0.543034 0.619441
0 0.511049 0.590010 0.553140 0.592860 0.551451 0.617803 0.509360 0.614952
1 0.587015 0.543629 0.603587 0.552400 0.569235 0.617308 0.552663 0.608537
1 0.568112 0.553607 0.590314 0.542114 0.624075 0.607331 0.601874 0.618824
1 0.635402 0.541435 0.660135 0.551124 0.633348 0.619502 0.608615 0.609813
1 0.623326 0.553928 0.651588 0.540593 0.682924 0.607010 0.654662 0.620344
1 0.693370 0.541841 0.716206 0.552016 0.686317 0.619096 0.663482 0.608921
1 0.682295 0.551606 0.706844 0.541461 0.734892 0.609331 0.710344 0.619476
0 0.669087 0.588911 0.731380 0.593984 0.729351 0.618902 0.667057 0.613828
1 0.751759 0.542097 0.773995 0.553524 0.740428 0.618841 0.718193 0.607414
1 0.740241 0.550482 0.763647 0.541699 0.789447 0.610456 0.766040 0.619238
1 0.805173 0.541735 0.828381 0.551030 0.801077 0.619203 0.777869 0.609908
1 0.794869 0.552834 0.812798 0.543286 0.847318 0.608104 0.829390 0.617652
0 0.808737 0.590447 0.821010 0.592821 0.816263 0.617366 0.803990 0.614992
1 0.864381 0.542115 0.886581 0.553613 0.852806 0.618823 0.830607 0.607325
1 0.851312 0.551402 0.879368 0.541696 0.903376 0.611098 0.875320 0.620804
1 0.046343 0.640205 0.069418 0.649826 0.041157 0.717608 0.018082 0.707987
1 0.034242 0.651529 0.056653 0.640450 0.089196 0.706284 0.066784 0.717362
0 0.030920 0.692727 0.072909 0.688641 0.075330 0.713523 0.033341 0.717609
1 0.107166 0.641852 0.123956 0.650197 0.091272 0.715960 0.074481 0.707615
1 0.091446 0.650603 0.114225 0.640299 0.144491 0.707210 0.121713 0.717513
0 0.102510 0.690952 0.114995 0.690329 0.116240 0.715298 0.103755 0.715921
1 0.160465 0.640348 0.183116 0.650929 0.152035 0.717465 0.129384 0.706884
1 0.148248 0.649748 0.172910 0.639881 0.200189 0.708064 0.175527 0.717931
0 0.145010 0.691131 0.185622 0.690127 0.186240 0.715119 0.145628 0.716123
1 0.214429 0.640166 0.237665 0.649390 0.210571 0.717646 0.187335 0.708423
1 0.205865 0.649579 0.229032 0.640182 0.256635 0.708234 0.233468 0.717631
0 0.201487 0.690749 0.242111 0.690502 0.242263 0.715501 0.201639 0.715748
1 0.275280 0.641595 0.297004 0.653968 0.260657 0.717780 0.238934 0.705407
1 0.257356 0.653168 0.280615 0.640339 0.316082 0.704645 0.292822 0.717473
0 0.254510 0.690952 0.299818 0.690301 0.300177 0.715298 0.254869 0.715949
1 0.330466 0.642106 0.348890 0.650658 0.317972 0.717269 0.299547 0.708717
1 0.317153 0.650285 0.338506 0.640622 0.368784 0.707527 0.347432 0.717190
0 0.312794 0.688849 0.357960 0.692481 0.355956 0.717401 0.310790 0.713769
1 0.381783 0.640140 0.405162 0.648994 0.379155 0.717672 0.355775 0.708818
1 0.374393 0.649773 0.397487 0.640200 0.425607 0.708040 0.402513 0.717613
1 0.441228 0.641409 0.462569 0.651098 0.432210 0.717966 0.410869 0.708277
1 0.429305 0.650271 0.452212 0.640255 0.481632 0.707542 0.458726 0.717557
1 0.491314 0.639857 0.520762 0.650315 0.496186 0.719518 0.466738 0.709060
1 0.485181 0.650618 0.507953 0.640301 0.538257 0.707195 0.515485 0.717511
1 0.556121 0.641767 0.576812 0.652776 0.542317 0.717608 0.521626 0.706599
1 0.538494 0.652005 0.566916 0.639015 0.597443 0.705807 0.569021 0.718797
1 0.610561 0.640358 0.633185 0.650995 0.601939 0.717454 0.579315 0.706817
1 0.596281 0.653134 0.616829 0.641859 0.652156 0.706241 0.631609 0.717516
0 0.595629 0.688934 0.637674 0.692400 0.635621 0.717316 0.593576 0.713850
1 0.665061 0.640262 0.687945 0.650328 0.658377 0.717550 0.635493 0.707484
1 0.652727 0.653401 0.674690 0.641458 0.709773 0.705974 0.687810 0.717917
1 0.720548 0.641677 0.739714 0.648406 0.715389 0.717698 0.696223 0.710969
1 0.715497 0.648586 0.734607 0.641700 0.759503 0.710789 0.740393 0.717675
0 0.707124 0.691039 0.747681 0.688690 0.749126 0.713648 0.708569 0.715997
1 0.777582 0.641879 0.795391 0.647744 0.772418 0.717496 0.754609 0.711631
1 0.768026 0.650805 0.786123 0.641580 0.819474 0.707008 0.801377 0.716232
0 0.762427 0.690749 0.804614 0.690502 0.804760 0.715501 0.762573 0.715748
1 0.833287 0.640221 0.856305 0.649975 0.827651 0.717592 0.804633 0.707837
1 0.824472 0.649357 0.846165 0.640484 0.873966 0.708456 0.852273 0.717328
0 0.818959 0.690278 0.861141 0.690975 0.860728 0.715972 0.818546 0.715275
0 0.047585 0.715271 0.085014 0.717583 0.083665 0.739417 0.046236 0.737104
0 0.081401 0.716933 0.118897 0.717444 0.118599 0.739317 0.081103 0.738806
0 0.110567 0.713451 0.147209 0.721424 0.142558 0.742799 0.105916 0.734826
0 0.129500 0.723409 0.163605 0.712081 0.170500 0.732841 0.136395 0.744169
0 0.159153 0.717578 0.196645 0.716802 0.197097 0.738672 0.159605 0.739448
0 0.183920 0.713459 0.224077 0.719605 0.220768 0.741228 0.180610 0.735082
0 0.222164 0.717048 0.233098 0.717335 0.232524 0.739202 0.221590 0.738915
0 0.228985 0.719483 0.266021 0.713600 0.269452 0.735205 0.232417 0.741087
0 0.246831 0.717297 0.301518 0.717078 0.301606 0.738953 0.246919 0.739172
0 0.276532 0.719770 0.313481 0.713364 0.317218 0.734917 0.280269 0.741324
0 0.310069 0.715296 0.347500 0.717557 0.346181 0.739392 0.308750 0.737131
0 0.343545 0.717548 0.381038 0.716831 0.381455 0.738702 0.343962 0.739419
0 0.362147 0.719318 0.397848 0.715201 0.400353 0.736932 0.364652 0.741049
0 0.378291 0.712295 0.432025 0.722461 0.427959 0.743955 0.374225 0.733789
0 0.404411 0.719554 0.458751 0.713397 0.461214 0.735133 0.406874 0.741290
0 0.437455 0.718885 0.477944 0.715564 0.479732 0.737365 0.439243 0.740686
0 0.472767 0.717646 0.510188 0.715212 0.511608 0.737041 0.474187 0.739475
0 0.486827 0.719407 0.523885 0.713663 0.527235 0.735280 0.490178 0.741024
0 0.521611 0.717634 0.557537 0.716748 0.558077 0.738616 0.522150 0.739502
0 0.556036 0.717905 0.585582 0.715011 0.587714 0.736782 0.558168 0.739676
0 0.578268 0.716926 0.618890 0.717451 0.618607 0.739324 0.577985 0.738799
0 0.614393 0.716661 0.650315 0.717723 0.649669 0.739589 0.613747 0.738527
0 0.651444 0.717747 0.681018 0.715150 0.682931 0.736941 0.653357 0.739538
0 0.660547 0.718939 0.700875 0.714034 0.703516 0.735749 0.663188 0.740654
0 0.688733 0.713555 0.723817 0.721339 0.719080 0.742695 0.683995 0.734911
0 0.701294 0.717661 0.738782 0.716721 0.739331 0.738589 0.701843 0.739529
0 0.727936 0.720992 0.764738 0.713790 0.768939 0.735258 0.732137 0.742460
0 0.741181 0.715109 0.795805 0.717729 0.794757 0.739579 0.740132 0.736958
0 0.766120 0.716413 0.802023 0.717983 0.801068 0.739837 0.765164 0.738267
0 0.787974 0.710659 0.826606 0.723227 0.819839 0.744029 0.781207 0.731461
0 0.808573 0.715244 0.844433 0.717616 0.842989 0.739443 0.807130 0.737072
0 0.834054 0.723792 0.869101 0.710451 0.876883 0.730895 0.841836 0.744236
0 0.868367 0.721575 0.904951 0.713335 0.909758 0.734675 0.873174 0.742915
0 0.883992 0.721575 0.920576 0.713335 0.925383 0.734675 0.888799 0.742915
0 0.919971 0.717365 0.930903 0.717021 0.931592 0.738885 0.920659 0.739229
1 0.074040 0.738668 0.097026 0.748498 0.068148 0.816020 0.045162 0.806189
1 0.065431 0.747852 0.088658 0.738606 0.115819 0.806836 0.092592 0.816082
0 0.063365 0.789302 0.097681 0.787303 0.099135 0.812261 0.064819 0.814260
1 0.129088 0.740040 0.148523 0.745948 0.127162 0.816210 0.107727 0.810302
1 0.116490 0.751815 0.143090 0.738633 0.175698 0.804435 0.149097 0.817617
0 0.115917 0.788565 0.159656 0.789567 0.159083 0.814560 0.115344 0.813558
1 0.187812 0.738954 0.209415 0.748042 0.180938 0.815734 0.159335 0.806645
1 0.179130 0.746575 0.201245 0.738816 0.225558 0.808112 0.203442 0.815872
0 0.177546 0.786940 0.211631 0.791396 0.208391 0.816185 0.174306 0.811729
1 0.243693 0.740222 0.262623 0.747588 0.235995 0.816028 0.217065 0.808662
1 0.235198 0.747531 0.252353 0.739965 0.281990 0.807156 0.264835 0.814723
0 0.226418 0.790911 0.271586 0.787293 0.273582 0.812214 0.228414 0.815832
1 0.298926 0.737492 0.327014 0.751189 0.294824 0.817196 0.266736 0.803498
1 0.288466 0.750775 0.309331 0.740099 0.342784 0.805475 0.321919 0.816151
1 0.356820 0.738773 0.382910 0.752939 0.347867 0.817477 0.321778 0.803311
1 0.346833 0.747723 0.370107 0.738596 0.396917 0.806965 0.373643 0.816092
0 0.345180 0.789246 0.379553 0.788880 0.379820 0.813879 0.345447 0.814245
1 0.412150 0.738719 0.434978 0.748911 0.405038 0.815968 0.382210 0.805776
1 0.404491 0.746896 0.426499 0.738835 0.451759 0.807791 0.429751 0.815853
0 0.396790 0.789875 0.438862 0.786756 0.440710 0.811687 0.398638 0.814807
1 0.472095 0.740003 0.489204 0.747676 0.459155 0.814684 0.442046 0.807012
1 0.457344 0.749526 0.479931 0.738811 0.511406 0.805161 0.488819 0.815876
0 0.449807 0.792982 0.494495 0.785487 0.498631 0.810143 0.453942 0.817638
1 0.525774 0.738752 0.548511 0.749147 0.517976 0.815935 0.495239 0.805540
1 0.515420 0.748367 0.532300 0.740205 0.564268 0.806320 0.547387 0.814482
1 0.584872 0.740324 0.605378 0.751674 0.569815 0.815926 0.549309 0.804576
1 0.571624 0.747564 0.593399 0.738895 0.620564 0.807123 0.598789 0.815793
0 0.568094 0.791327 0.602195 0.786997 0.605344 0.811798 0.571242 0.816128
1 0.643163 0.740480 0.659760 0.749205 0.625587 0.814207 0.608990 0.805482
1 0.629342 0.746703 0.652977 0.738556 0.676908 0.807985 0.653273 0.816132
1 0.692740 0.738613 0.715932 0.747949 0.688510 0.816074 0.665318 0.806739
1 0.677817 0.752724 0.705557 0.738336 0.739371 0.803526 0.711630 0.817914
0 0.678407 0.788598 0.720585 0.789533 0.720030 0.814527 0.677853 0.813592
1 0.754174 0.740113 0.772158 0.749557 0.738013 0.814574 0.720030 0.805130
1 0.740263 0.747338 0.763676 0.738573 0.789424 0.807349 0.766011 0.816114
0 0.736136 0.786759 0.778208 0.789871 0.776364 0.814803 0.734292 0.811691
1 0.806390 0.738654 0.832903 0.752012 0.799860 0.817596 0.773347 0.804238
1 0.798180 0.747689 0.817077 0.740240 0.844008 0.808561 0.825110 0.816010
1 0.865730 0.739999 0.887510 0.752272 0.851458 0.816251 0.829678 0.803978
1 0.850957 0.749659 0.873492 0.738833 0.905293 0.805028 0.882758 0.815854
0 0.862305 0.789162 0.874804 0.788966 0.875195 0.813963 0.862696 0.814159
1 0.051783 0.839040 0.071890 0.851083 0.034155 0.914085 0.014048 0.902042
1 0.035776 0.847669 0.058479 0.837202 0.089224 0.903894 0.066521 0.914360
0 0.022137 0.884373 0.084456 0.889137 0.082550 0.914064 0.020232 0.909301
1 0.104945 0.838320 0.122203 0.845650 0.093493 0.913243 0.076235 0.905913
1 0.094672 0.845372 0.118227 0.836997 0.142828 0.906191 0.119273 0.914566
0 0.103402 0.887365 0.115899 0.887641 0.115348 0.912635 0.102851 0.912359
1 0.158220 0.837091 0.181255 0.846806 0.152718 0.914472 0.129682 0.904757
1 0.152638 0.844088 0.176620 0.837027 0.197362 0.907474 0.173380 0.914536
1 0.209886 0.835918 0.239173 0.846821 0.213551 0.915644 0.184265 0.904741
1 0.207130 0.845405 0.230674 0.836997 0.255370 0.906158 0.231826 0.914565
0 0.205253 0.886757 0.239595 0.888267 0.238497 0.913243 0.204155 0.911733
1 0.275905 0.838725 0.292698 0.847065 0.260032 0.912838 0.243239 0.904497
1 0.260472 0.847205 0.289914 0.836731 0.314528 0.905920 0.285086 0.916394
0 0.254493 0.891110 0.296114 0.884225 0.300195 0.908890 0.258573 0.915775
1 0.325581 0.837017 0.348950 0.845900 0.322857 0.914545 0.299488 0.905663
1 0.321486 0.845343 0.339082 0.838866 0.364451 0.907782 0.346856 0.914259
0 0.312248 0.887951 0.355989 0.887054 0.356502 0.912049 0.312761 0.912946
1 0.385128 0.837433 0.406626 0.846770 0.377372 0.914129 0.355874 0.904793
1 0.372874 0.847312 0.395716 0.837152 0.425563 0.904250 0.402721 0.914411
0 0.369039 0.887024 0.411216 0.887982 0.410648 0.912976 0.368472 0.912018
1 0.438630 0.838513 0.457911 0.844903 0.434808 0.914612 0.415527 0.908222
1 0.430599 0.846685 0.453680 0.837078 0.481901 0.904877 0.458820 0.914484
0 0.425616 0.885733 0.467756 0.887733 0.466571 0.912705 0.424431 0.910704
1 0.495822 0.837344 0.517561 0.846103 0.490115 0.914219 0.468376 0.905459
1 0.484078 0.850167 0.506086 0.838308 0.540922 0.902958 0.518914 0.914817
0 0.485300 0.887646 0.519627 0.885827 0.520950 0.910792 0.486623 0.912611
1 0.552350 0.837064 0.575485 0.846540 0.547650 0.914498 0.524515 0.905023
1 0.543298 0.847433 0.561483 0.838383 0.594202 0.904129 0.576017 0.913179
1 0.611918 0.837271 0.635061 0.850307 0.599020 0.914292 0.575876 0.901256
1 0.598080 0.847856 0.620710 0.837231 0.651920 0.903707 0.629290 0.914331
0 0.592223 0.887436 0.637535 0.887564 0.637465 0.912564 0.592152 0.912436
1 0.668006 0.838865 0.686596 0.847053 0.656994 0.914260 0.638404 0.906072
1 0.655912 0.846413 0.679094 0.837053 0.706588 0.905150 0.683406 0.914509
0 0.665930 0.887352 0.678426 0.887655 0.677820 0.912648 0.665324 0.912345
1 0.723783 0.837431 0.745974 0.848945 0.712154 0.914131 0.689963 0.902618
1 0.713289 0.845477 0.736808 0.836999 0.761711 0.906086 0.738192 0.914563
1 0.780619 0.839007 0.799009 0.847634 0.767818 0.914118 0.749429 0.905491
1 0.768544 0.846805 0.785425 0.838643 0.817393 0.904757 0.800513 0.912919
0 0.766577 0.887605 0.800908 0.885865 0.802173 0.910833 0.767842 0.912573
1 0.835576 0.837235 0.858196 0.847881 0.826924 0.914327 0.804304 0.903681
1 0.822662 0.847510 0.845428 0.837179 0.875775 0.904053 0.853010 0.914384
0 0.834063 0.887661 0.846559 0.887347 0.847187 0.912339 0.834691 0.912653
6 0.000000 0.418844 0.038710 0.417108 0.039378 0.432719 0.000000 0.434455
6 0.967722 0.844797 0.995828 0.845847 0.994778 0.873953 0.966672 0.872903
6 0.951985 0.815424 0.990997 0.817409 0.990203 0.833014 0.951191 0.831029
